  11
 0.120   7.750   1.013  7.44084E+09  9.28971E+08  8.82777E+07  1.02785E+08  6.42360E+09  2.53196E+07  3.50343E+07  4.00696E+07  3.55832E+08  1.18992E+09  9.03516E+07  1.05246E+08  7.96922E+09  4.34146E+07  4.18316E+07  4.79580E+07  5.10303E+08
 0.130  11.250   1.496  1.77291E+10  1.84350E+09  2.54720E+08  2.94494E+08  1.56309E+10  1.72649E+08  1.02190E+08  1.18076E+08  1.07697E+09  1.68979E+09  2.54032E+08  2.93649E+08  1.45583E+10  3.18330E+08  1.43784E+08  1.65677E+08  1.83320E+09
 0.140  14.250   1.447  2.88767E+10  2.58563E+09  5.33536E+08  6.32511E+08  2.57576E+10  1.48232E+08  2.76875E+08  3.23530E+08  1.60399E+09  1.73988E+09  5.24532E+08  6.21402E+08  2.12664E+10  1.51090E+08  2.81597E+08  3.29160E+08  1.64506E+09
 0.150  16.500   1.074  3.61528E+10  3.06830E+09  9.85225E+08  1.15156E+09  3.20993E+10  5.76453E+08  6.60682E+08  7.57693E+08  2.17515E+09  2.04575E+09  9.78777E+08  1.14354E+09  2.49373E+10  4.57314E+08  5.94049E+08  6.79167E+08  1.20825E+09
 0.160  18.500   1.580  4.23029E+10  3.13207E+09  1.49577E+09  1.78272E+09  3.76751E+10  5.78220E+08  1.17855E+09  1.39158E+09  3.08867E+09  1.95673E+09  1.47152E+09  1.75236E+09  2.23485E+10  5.19804E+08  1.13646E+09  1.34058E+09  2.47977E+09
 0.170  20.250   1.096  4.64218E+10  3.40847E+09  2.02236E+09  2.43848E+09  4.09910E+10  4.90082E+08  1.70897E+09  2.04880E+09  3.87208E+09  1.60477E+09  1.98750E+09  2.39444E+09  2.24590E+10  3.93955E+08  1.54516E+09  1.84678E+09  1.71448E+09
 0.180  24.250   1.208  6.57417E+10  4.85753E+09  2.63852E+09  3.21952E+09  5.82457E+10  5.52633E+08  2.27900E+09  2.77030E+09  4.89942E+09  1.57817E+09  2.48249E+09  3.02618E+09  2.16487E+10  4.14548E+08  2.06531E+09  2.50435E+09  2.06923E+09
 0.190  29.000   2.638  9.38846E+10  6.45032E+09  3.85021E+09  4.76802E+09  8.35841E+10  8.95001E+08  2.60734E+09  3.22816E+09  6.47240E+09  2.25050E+09  2.81753E+09  3.49296E+09  2.55304E+10  8.27058E+08  2.58222E+09  3.19650E+09  5.77620E+09
 0.200  31.750   3.192  1.08871E+11  7.12747E+09  4.53033E+09  5.64181E+09  9.72135E+10  1.18674E+09  3.21355E+09  3.98970E+09  8.39140E+09  3.37858E+09  4.42774E+09  5.50969E+09  3.71691E+10  1.19311E+09  3.21565E+09  3.99232E+09  8.45259E+09
 0.210  35.000   3.145  1.23946E+11  8.24623E+09  5.31219E+09  6.66289E+09  1.10388E+11  6.88282E+08  3.77553E+09  4.72554E+09  8.85921E+09  2.54368E+09  4.89954E+09  6.14598E+09  3.23381E+10  6.16207E+08  3.72968E+09  4.66869E+09  7.81043E+09
 0.220  37.500   4.721  1.33224E+11  8.72540E+09  5.82130E+09  7.35489E+09  1.18677E+11  1.02045E+09  4.94989E+09  6.26822E+09  1.30125E+10  3.81154E+09  5.62370E+09  7.10206E+09  3.68067E+10  1.41026E+09  5.17126E+09  6.54491E+09  1.69995E+10
