  11
 0.120       201057 -0.11447E-01 -0.12265E-02 -0.65412E-02 -0.42861E+02  0.15805E+02  0.76722E+01 -0.96880E+00  0.13263E+00  0.20937E+00   1.013   0.500
 0.130         8953  0.55389E-02 -0.53174E-02  0.22156E-03  0.12557E+02  0.30118E+01 -0.15146E+02 -0.15059E+00 -0.35963E+00  0.92087E+00   1.496   1.062
 0.140       394430 -0.78726E-02  0.10735E-02  0.45327E-02 -0.38233E+01 -0.14394E+02  0.92031E+01  0.72074E+00 -0.45505E+00  0.52294E+00   1.447   0.633
 0.150       360256  0.00000E+00  0.89474E-03  0.51128E-03 -0.33843E+02 -0.68192E+01  0.53586E+02 -0.46641E+00 -0.73447E+00 -0.49297E+00   1.074   0.500
 0.160       484074  0.10911E-02 -0.32732E-02 -0.27277E-03 -0.14137E+02 -0.87972E+02 -0.27451E+02 -0.67920E+00 -0.57347E+00  0.45806E+00   1.580   0.536
 0.170       640989  0.00000E+00  0.13032E-02 -0.23168E-02 -0.24827E+01  0.14116E+03  0.37111E+02 -0.25011E+00 -0.79045E+00  0.55914E+00   1.096   0.500
 0.180       312005  0.91964E-03  0.15327E-03  0.21458E-02  0.95712E+01  0.84501E+02 -0.19460E+03 -0.13126E+00 -0.87689E+00 -0.46241E+00   1.208   0.500
 0.190      1071106 -0.12959E-02  0.21059E-02  0.16199E-02 -0.12481E+03 -0.43383E+03  0.11484E+03 -0.56675E+00 -0.78443E+00 -0.25192E+00   2.638   0.749
 0.200       320883  0.00000E+00  0.17035E-02 -0.10221E-02  0.86803E+02  0.10396E+03  0.52421E+02 -0.80978E+00 -0.58231E+00  0.71916E-01   3.192   1.160
 0.210       360035  0.00000E+00  0.34016E-02  0.10742E-02  0.13182E+03  0.33108E+02  0.16032E+03 -0.84048E+00 -0.54157E+00  0.17359E-01   3.145   0.778
 0.220      3144996  0.37497E-03  0.93744E-03  0.00000E+00  0.99090E+02 -0.37994E+02 -0.37304E+01 -0.95364E+00 -0.30093E+00  0.40080E-02   4.721   1.191
