  11
 0.120 -4.24743E-02  7.83615E-03 -1.65261E-01 -1.02049E+01 -5.97511E+00  6.61742E+00 -9.68801E-01  1.32626E-01  2.09367E-01  9.77009E+00   1.013   0.500  4.43842E+07  4.58638E+07  4.19769E+06  0.00000E+00  4.58092E+07  4.19010E-02  8.99767E+01   7.983   7.672
 0.130  3.33206E-01 -4.35466E-01  3.42482E-02  1.30457E+00  7.86108E+01  4.46731E+00 -1.50588E-01 -3.59626E-01  9.20865E-01  5.39930E+01   1.496   1.062  3.37838E+08  3.33417E+08  1.57023E+07  4.55101E+06  2.29545E+08  1.38043E-01  1.23447E+02   7.763   7.627
 0.140 -2.62536E-02  2.47832E-01  1.43533E-01 -1.39263E+01  1.63536E+01  1.57653E+01  7.20735E-01 -4.55052E-01  5.22942E-01  2.17919E+01   1.447   0.633  1.40078E+08  1.62064E+08  3.33091E+07  2.69237E+06  9.95165E+07  2.54346E-01  8.21342E+01   8.317   8.175
 0.150  3.83314E-04  8.39522E-03 -1.30271E-02  1.84197E+00  4.92003E+00  2.65131E+00 -4.66412E-01 -7.34469E-01 -4.92966E-01  1.21599E+01   1.074   0.500  4.27208E+08  5.84947E+08  1.75853E+08  2.60109E+06  6.13560E+07  2.97954E+00  3.17208E+01   8.364   8.257
 0.160  2.03077E-02 -6.29037E-02 -2.78364E-02  6.53474E+00  3.91703E+00 -1.00167E+00 -6.79205E-01 -5.73468E-01  4.58056E-01  2.21410E+01   1.580   0.536  4.22966E+08  6.12539E+08  3.14886E+08  8.02751E+06  1.60207E+08  2.07633E+00  9.01746E+01   8.549   8.506
 0.170 -9.72972E-03 -2.49051E-04  7.99276E-03 -8.81715E-01  4.76527E+00 -5.70003E-01 -2.50111E-01 -7.90448E-01  5.59140E-01  1.34949E+01   1.096   0.500  3.88642E+08  7.15894E+08  7.17324E+08  7.94973E+06  1.15728E+08  4.09005E+00  1.27664E+02   8.653   8.612
 0.180  8.29020E-02  2.56796E-02 -4.68785E-02 -1.24655E-01 -3.14930E+00 -1.20103E-01 -1.31262E-01 -8.76895E-01 -4.62413E-01  3.67660E+01   1.208   0.500  4.02809E+08  5.59310E+08  4.39858E+08  7.78756E+06  1.08994E+08  2.02112E+00  1.78033E+02   8.635   8.609
 0.190 -4.34288E-02  1.08456E-01 -8.14794E-02 -1.55167E+01 -3.86090E+00  5.24561E+01 -5.66746E-01 -7.84434E-01 -2.51918E-01  7.58475E+01   2.638   0.749  7.02351E+08  7.97359E+08  5.23678E+08  2.83990E+07  3.41532E+08  1.13451E+00  2.47145E+02   8.336   8.612
 0.200  1.55373E-02 -1.13181E-01  2.45657E-01  1.27215E+01 -2.44537E+00  1.67665E+01 -8.09779E-01 -5.82312E-01  7.19157E-02  1.25785E+02   3.192   1.160  1.01414E+09  1.16327E+09  5.10421E+08  4.20501E+07  7.21890E+08  2.09591E+00  2.61781E+02   8.346   8.444
 0.210 -2.09267E-02  2.21992E-02 -2.37772E-01  1.27604E+01 -1.29245E+01  1.59047E+01 -8.40479E-01 -5.41566E-01  1.73588E-02  1.25975E+02   3.145   0.778  5.00706E+08  7.22625E+08  1.01450E+09  3.93935E+07  5.49544E+08  2.76965E+00  3.05137E+02   8.557   8.574
 0.220  7.91260E-02 -3.35088E-01  3.84033E-01  7.59134E+00 -3.78110E-01  3.20250E+01 -9.53639E-01 -3.00927E-01  4.00797E-03  3.31906E+02   4.721   1.191  1.18695E+09  1.37828E+09  1.86081E+09  6.98594E+08  2.85239E+09  3.57944E+00  4.50826E+02   8.327   8.486
