  11
 0.120   1.013  4.18316E+07  4.79580E+07  4.15824E+07  1.04081E+02  0.00000E+00  0.00000E+00  0.00000E+00  4.18316E+07  4.79580E+07  4.15824E+07
 0.130   1.496  1.43784E+08  1.65677E+08  1.42749E+08  1.35181E+02  3.38085E+07  4.14232E+07  3.32309E+07  1.09975E+08  1.24254E+08  1.09518E+08
 0.140   1.447  2.81597E+08  3.29160E+08  2.80008E+08  1.29754E+02  4.78332E+07  5.85275E+07  4.70593E+07  2.33764E+08  2.70633E+08  2.32948E+08
 0.150   1.074  5.94049E+08  6.79167E+08  5.91593E+08  1.08147E+02  4.36020E+07  5.40535E+07  4.27977E+07  5.50447E+08  6.25113E+08  5.48795E+08
 0.160   1.580  1.13646E+09  1.34058E+09  1.13023E+09  1.55756E+02  1.14978E+08  1.42489E+08  1.13172E+08  1.02148E+09  1.19809E+09  1.01705E+09
 0.170   1.096  1.54516E+09  1.84678E+09  1.53543E+09  1.90708E+02  8.90923E+07  1.12053E+08  8.73209E+07  1.45607E+09  1.73472E+09  1.44811E+09
 0.180   1.208  2.06531E+09  2.50435E+09  2.04921E+09  2.43998E+02  1.21182E+08  1.53541E+08  1.18583E+08  1.94413E+09  2.35081E+09  1.93062E+09
 0.190   2.638  2.58222E+09  3.19650E+09  2.55443E+09  3.38537E+02  2.89398E+08  3.68405E+08  2.83134E+08  2.29282E+09  2.82810E+09  2.27129E+09
 0.200   3.192  3.21565E+09  3.99232E+09  3.17739E+09  3.85702E+02  3.50992E+08  4.51448E+08  3.42174E+08  2.86465E+09  3.54087E+09  2.83521E+09
 0.210   3.145  3.72968E+09  4.66869E+09  3.68133E+09  4.40637E+02  3.54190E+08  4.58783E+08  3.44346E+08  3.37549E+09  4.20991E+09  3.33699E+09
 0.220   4.721  5.17126E+09  6.54491E+09  5.09101E+09  5.37086E+02  1.36285E+09  1.75997E+09  1.33114E+09  3.80840E+09  4.78494E+09  3.75987E+09
