  33
 0.100   0.750   0.500  5.69054E-02  7.17907E-02  4.00551E-02
 0.110   0.900   0.500  8.70667E-02  1.09811E-01  7.19617E-02
 0.120   1.000   0.500  9.77945E-02  1.25966E-01  6.18415E-02
 0.130   1.000   0.500  1.24622E-01  1.57671E-01  8.87341E-02
 0.140   1.275   0.861  1.30114E-02  1.28771E-02  1.69836E-02
 0.150   1.246   0.524  6.16149E-02  5.91696E-02  4.76089E-02
 0.160   1.749   0.947  4.81093E-01  5.23040E-01  3.28115E-01
 0.170   1.920   0.693  1.62529E-01  1.89382E-01  1.41581E-01
 0.180   2.592   0.990  5.26819E-01  5.73714E-01  5.00093E-01
 0.190   2.221   0.746  1.88058E+00  2.09954E+00  1.31505E+00
 0.200   2.708   1.114  4.33742E-01  3.85050E-01  7.11044E-01
 0.210   2.706   1.285  9.82177E-01  1.05834E+00  8.32415E-01
 0.220   3.367   1.094  1.48112E+00  1.60220E+00  1.16518E+00
 0.230   3.496   1.073  1.05715E+00  1.05091E+00  1.21223E+00
 0.240   3.034   1.312  2.00957E+00  2.24690E+00  1.79421E+00
 0.250   3.428   1.962  1.41749E+00  1.27242E+00  2.08654E+00
 0.260   2.418   0.682  5.14602E+00  4.98060E+00  4.74979E+00
 0.270   2.380   0.729  5.85315E+00  5.36688E+00  6.07514E+00
 0.280   2.283   0.500  1.97580E+00  1.89552E+00  1.99722E+00
 0.290   2.501   0.528  1.51682E+00  1.58376E+00  1.74815E+00
 0.300   2.599   0.734  1.38102E+00  1.32566E+00  1.58223E+00
 0.310   2.484   0.794  1.67647E+00  1.65071E+00  1.85156E+00
 0.320   2.805   0.807  1.60058E+00  1.59602E+00  1.75021E+00
 0.330   4.548   1.296  3.07822E+00  2.92337E+00  3.12185E+00
 0.340   4.311   1.104  2.09943E+00  2.08898E+00  2.01126E+00
 0.350   3.390   1.042  1.94740E+00  2.18001E+00  1.72028E+00
 0.360   4.925   2.083  4.22979E+00  4.09770E+00  4.50401E+00
 0.370   7.111   4.332  2.59215E-01  2.80528E-01  2.45796E-01
 0.380   6.021   2.886  1.18823E+00  1.16952E+00  1.24833E+00
 0.390   7.752   2.661  4.61420E+00  4.58610E+00  4.96934E+00
 0.400  10.260   2.363  9.13368E+00  1.06690E+01  7.49599E+00
 0.410   8.864   2.040  1.29829E+01  1.32045E+01  1.13456E+01
 0.420   8.245   2.592  5.68717E+00  5.78466E+00  5.82187E+00
