  33
 0.100        40793  0.74986E-02  0.17724E-01 -0.78395E-02 -0.32876E+02 -0.20511E+01  0.63063E+01  0.28524E+00 -0.59441E+00  0.75188E+00   0.750   0.500
 0.110        47764 -0.11989E-01 -0.10865E-01  0.56199E-02  0.24208E+02  0.20271E+01 -0.10426E+02  0.56828E+00 -0.33315E+00  0.75237E+00   0.900   0.500
 0.120        57455  0.85853E-02  0.81765E-03 -0.11856E-01 -0.31110E+02 -0.30803E+02  0.34770E+02  0.31977E+00 -0.94148E+00 -0.10662E+00   1.000   0.500
 0.130        42708 -0.88658E-03 -0.26597E-02  0.00000E+00 -0.27372E+02 -0.12114E-01 -0.24900E+02  0.83041E+00 -0.55703E+00 -0.11743E-01   1.000   0.500
 0.140        39566 -0.23846E-02  0.14308E-02 -0.38154E-02  0.15742E+00  0.23734E+02 -0.68748E+00  0.94502E+00 -0.62127E-01 -0.32105E+00   1.275   0.861
 0.150        95751  0.35858E-02  0.25613E-02  0.20490E-02  0.25348E+02 -0.14890E+02 -0.38987E+01  0.70486E+00  0.34385E+00  0.62044E+00   1.246   0.524
 0.160        94389  0.16375E-02  0.21833E-02  0.54582E-03  0.11136E+02 -0.12032E+02 -0.41665E+02  0.30473E-01 -0.91379E+00  0.40505E+00   1.749   0.947
 0.170       113315  0.00000E+00  0.57958E-03  0.11592E-02  0.13481E+02  0.41899E+02  0.15000E+03  0.15498E+00 -0.95968E+00  0.23449E+00   1.920   0.693
 0.180       186057  0.61318E-03 -0.12264E-02  0.24527E-02 -0.10125E+03 -0.17923E+03 -0.41666E+02  0.67620E-01 -0.99483E+00  0.75742E-01   2.592   0.990
 0.190       102810  0.12950E-02 -0.12950E-02  0.12950E-02  0.90893E+02 -0.49095E+02  0.10022E+03  0.30447E+00 -0.94133E+00  0.14557E+00   2.221   0.746
 0.200       154845  0.68249E-03 -0.68249E-03  0.13650E-02  0.13210E+03 -0.22000E+02  0.15097E+02  0.30804E+00 -0.94478E+00  0.11180E+00   2.708   1.114
 0.210        40798 -0.14345E-02 -0.71726E-03 -0.71726E-03 -0.51518E+02 -0.13308E+03  0.17321E+02  0.23716E+00 -0.93713E+00  0.25603E+00   2.706   1.285
 0.220       116136  0.15012E-02 -0.15012E-02 -0.75061E-03  0.32949E+02 -0.94274E+02 -0.13811E+03 -0.13110E+00 -0.97442E+00  0.18255E+00   3.367   1.094
 0.230       170419  0.00000E+00  0.23553E-02 -0.78509E-03 -0.49629E+02 -0.47461E+01 -0.31202E+02  0.32455E-01 -0.92282E+00  0.38386E+00   3.496   1.073
 0.240       208387  0.00000E+00  0.00000E+00  0.16349E-02  0.31828E+02  0.45084E+02  0.12768E+03 -0.10975E+00 -0.99070E+00  0.80394E-01   3.034   1.312
 0.250       189271 -0.85299E-03 -0.85299E-03  0.00000E+00  0.14466E+03  0.10952E+03  0.87342E+02 -0.50496E+00 -0.81144E+00  0.29425E+00   3.428   1.962
 0.260       700129  0.88566E-03  0.00000E+00  0.00000E+00 -0.47952E+02 -0.70127E+02  0.46449E+02 -0.61911E+00 -0.78336E+00  0.55280E-01   2.418   0.682
 0.270       354385  0.00000E+00 -0.27608E-02 -0.92028E-03  0.48601E+02 -0.82714E+02  0.51940E+02 -0.39378E+00 -0.89962E+00  0.18875E+00   2.380   0.729
 0.280       356793  0.00000E+00 -0.28622E-02 -0.95406E-03 -0.14774E+03  0.15525E+03 -0.93974E+02 -0.61975E-01 -0.97114E+00  0.23031E+00   2.283   0.500
 0.290        19288  0.00000E+00 -0.98945E-03 -0.19789E-02 -0.85732E+01  0.22413E+03  0.53353E+02 -0.30746E-01 -0.95737E+00  0.28723E+00   2.501   0.528
 0.300         4934 -0.30679E-02 -0.10226E-02 -0.10226E-02  0.12838E+03 -0.11219E+03 -0.30560E+02  0.50422E-01 -0.99799E+00  0.38363E-01   2.599   0.734
 0.310       298266 -0.21135E-02  0.10568E-02 -0.21135E-02 -0.19001E+03  0.20093E+02  0.37865E+02 -0.92056E-01 -0.91862E+00  0.38428E+00   2.484   0.794
 0.320      1152537  0.00000E+00 -0.10903E-02  0.21806E-02  0.59918E+02  0.33859E+02 -0.32597E+02  0.27789E+00 -0.90773E+00  0.31433E+00   2.805   0.807
 0.330       361663  0.00000E+00 -0.11243E-02 -0.11243E-02 -0.23465E+02 -0.59225E+02  0.84216E+01  0.60166E-01 -0.89462E+00  0.44277E+00   4.548   1.296
 0.340       401992  0.00000E+00 -0.23174E-02 -0.11587E-02  0.70603E+02 -0.49791E+02 -0.78512E+02  0.23072E+00 -0.87366E+00  0.42836E+00   4.311   1.104
 0.350       868207  0.00000E+00 -0.23863E-02  0.00000E+00 -0.18210E+02  0.98982E+02 -0.31256E+03  0.27524E+00 -0.95630E+00  0.98618E-01   3.390   1.042
 0.360       226578  0.12275E-02  0.12275E-02  0.00000E+00 -0.75219E+02  0.43378E+02  0.11295E+03  0.38101E+00 -0.74411E+00  0.54876E+00   4.925   2.083
 0.370      2139464  0.12606E-02  0.00000E+00  0.00000E+00 -0.27139E+03 -0.27164E+03  0.36740E+02  0.75868E+00 -0.33350E+00 -0.55963E+00   7.111   4.332
 0.380      2584210  0.00000E+00  0.12945E-02 -0.12945E-02  0.75536E+02 -0.26998E+02  0.13916E+02  0.35880E+00  0.27749E+00 -0.89121E+00   6.021   2.886
 0.390       162903  0.00000E+00  0.00000E+00 -0.13295E-02 -0.71395E+02  0.75707E+01 -0.20915E+03  0.35841E+00 -0.11886E+00 -0.92596E+00   7.752   2.661
 0.400       939496  0.00000E+00  0.13642E-02  0.00000E+00 -0.18036E+03  0.31551E+03 -0.40998E+03 -0.13713E+00 -0.25344E+00 -0.95758E+00  10.260   2.363
 0.410       835008  0.00000E+00  0.00000E+00  0.00000E+00  0.31554E+02 -0.47185E+01 -0.21973E+03 -0.39378E+00 -0.18791E+00 -0.89979E+00   8.864   2.040
 0.420       790301  0.00000E+00  0.14326E-02  0.14326E-02  0.63797E+02  0.40990E+03 -0.30588E+03 -0.46131E+00 -0.36515E+00 -0.80861E+00   8.245   2.592
