  33
 0.100  7.67880E+07  3.15873E+07  3.52452E+07  7.37223E+07  2.45274E+07  5.39318E+08  3.87242E-01
 0.110  5.03403E+07  5.76601E+07  6.69644E+07  4.82628E+07  3.27680E+07  6.36091E+08  3.28160E-01
 0.120  1.09911E+08  7.77652E+07  9.17099E+07  1.05672E+08  2.20008E+07  6.08738E+08  3.25621E-01
 0.130  9.43456E+07  1.24324E+08  1.47449E+08  9.14009E+07  4.73158E+07  7.30785E+08  4.22121E-01
 0.140  3.61355E+07  1.44914E+08  1.75649E+08  3.43792E+07  3.22652E+07  6.92874E+08  1.81224E-01
 0.150  7.81294E+07  2.21403E+08  2.66628E+08  7.57463E+07  7.04153E+07  7.63292E+08  8.92441E-01
 0.160  7.37235E+07  3.16883E+08  3.82663E+08  7.02939E+07  9.20596E+07  9.45282E+08  1.10379E+00
 0.170  1.41576E+08  3.60152E+08  4.42474E+08  1.39430E+08  4.58878E+07  8.78273E+08  5.18708E-01
 0.180  3.86728E+07  4.17940E+08  5.17719E+08  3.68530E+07  5.91296E+07  8.89247E+08  4.83111E-01
 0.190  1.50642E+08  4.97014E+08  6.19108E+08  1.45753E+08  5.94336E+07  1.01728E+09  8.67715E-01
 0.200  4.14130E+07  5.79088E+08  7.26417E+08  3.92579E+07  6.89614E+07  1.00223E+09  4.80062E-01
 0.210  1.36390E+08  6.95292E+08  8.72392E+08  1.31959E+08  9.28532E+07  1.07340E+09  1.23681E+00
 0.220  6.15465E+07  7.35747E+08  9.35749E+08  5.92653E+07  3.56014E+07  1.09751E+09  3.19584E-01
 0.230  1.26580E+08  8.23569E+08  1.05098E+09  1.22714E+08  7.17696E+07  1.13858E+09  7.03956E-01
 0.240  2.05682E+08  9.58324E+08  1.22210E+09  2.00871E+08  9.33803E+07  1.16394E+09  1.06147E+00
 0.250  2.52579E+08  1.17985E+09  1.49981E+09  2.47989E+08  1.29289E+08  1.24932E+09  1.10743E+00
 0.260  3.39398E+08  1.70443E+09  2.13405E+09  3.31120E+08  3.68000E+08  1.41293E+09  4.20810E+00
 0.270  2.09993E+08  2.18447E+09  2.74095E+09  2.03365E+08  3.81274E+08  1.47072E+09  4.09799E+00
 0.280  1.47790E+08  2.31585E+09  2.95968E+09  1.43836E+08  1.29848E+08  1.49034E+09  1.18218E+00
 0.290  1.31174E+08  2.49820E+09  3.22830E+09  1.27619E+08  9.78268E+07  1.54255E+09  9.99526E-01
 0.300  1.25687E+08  2.63666E+09  3.43557E+09  1.21967E+08  1.02289E+08  1.55760E+09  1.03849E+00
 0.310  1.42054E+08  2.81048E+09  3.68686E+09  1.38504E+08  9.80919E+07  1.62161E+09  1.07399E+00
 0.320  1.03066E+08  2.88435E+09  3.80991E+09  9.98036E+07  6.95094E+07  1.63782E+09  6.49280E-01
 0.330  1.08922E+08  2.99163E+09  3.96855E+09  1.04955E+08  9.61252E+07  1.63026E+09  1.11673E+00
 0.340  8.09283E+07  2.92698E+09  3.90860E+09  7.87514E+07  4.79173E+07  1.57505E+09  4.90022E-01
 0.350  7.79671E+07  3.00518E+09  4.03324E+09  7.55171E+07  4.09235E+07  1.57414E+09  4.50555E-01
 0.360  2.10782E+08  3.61621E+09  4.79921E+09  2.03398E+08  3.24851E+08  1.72080E+09  3.70159E+00
 0.370  2.31141E+08  4.04947E+09  5.35205E+09  2.26044E+08  3.55394E+08  1.78598E+09  3.60932E+00
 0.380  2.37130E+08  4.62470E+09  6.11421E+09  2.32901E+08  3.20631E+08  1.91143E+09  3.48462E+00
 0.390  2.86179E+08  5.26039E+09  6.98026E+09  2.81233E+08  2.63321E+08  2.06233E+09  3.05740E+00
 0.400  2.12623E+08  6.02393E+09  7.99489E+09  2.05856E+08  2.33673E+08  2.00122E+09  2.66618E+00
 0.410  1.07686E+08  6.22566E+09  8.32500E+09  1.04503E+08  1.26340E+08  2.00438E+09  1.23699E+00
 0.420  8.94390E+07  6.53333E+09  8.80583E+09  8.68263E+07  8.94060E+07  1.98775E+09  1.02545E+00
