  33
 0.100   0.750  3.46426E-01  4.17071E-01  2.33232E-01
 0.110   0.900  3.20729E-01  3.49813E-01  3.40746E-01
 0.120   1.000  3.25621E-01  3.98192E-01  2.51766E-01
 0.130   1.000  4.22121E-01  4.43590E-01  5.20872E-01
 0.140   1.275  2.12171E-01  1.65561E-01  3.75079E-01
 0.150   1.246  9.07416E-01  8.47601E-01  8.08696E-01
 0.160   1.749  1.25144E+00  1.25635E+00  1.13047E+00
 0.170   1.920  7.45982E-01  7.85701E-01  7.20925E-01
 0.180   2.592  9.28972E-01  9.44258E-01  1.02055E+00
 0.190   2.221  2.39669E+00  2.64701E+00  1.78790E+00
 0.200   2.708  8.69251E-01  8.16827E-01  1.22944E+00
 0.210   2.706  1.88168E+00  1.97082E+00  1.73561E+00
 0.220   3.367  2.12246E+00  2.23975E+00  1.85597E+00
 0.230   3.496  1.73067E+00  1.67000E+00  1.98786E+00
 0.240   3.034  2.85623E+00  3.13585E+00  2.69263E+00
 0.250   3.428  2.44099E+00  2.29890E+00  3.28069E+00
 0.260   2.418  6.47730E+00  6.09441E+00  6.68087E+00
 0.270   2.380  6.51921E+00  6.02037E+00  6.95790E+00
 0.280   2.283  2.51535E+00  2.35270E+00  2.68377E+00
 0.290   2.501  1.82152E+00  1.87934E+00  2.11403E+00
 0.300   2.599  1.73011E+00  1.63040E+00  2.08002E+00
 0.310   2.484  1.93315E+00  1.92530E+00  2.10232E+00
 0.320   2.805  1.79038E+00  1.78470E+00  1.99206E+00
 0.330   4.548  3.18970E+00  3.02529E+00  3.26921E+00
 0.340   4.311  2.25561E+00  2.24861E+00  2.15758E+00
 0.350   3.390  2.13550E+00  2.37048E+00  1.94910E+00
 0.360   4.925  4.87005E+00  4.62965E+00  5.43603E+00
 0.370   7.111  4.20615E+00  3.85659E+00  4.72633E+00
 0.380   6.021  5.86477E+00  5.60682E+00  6.17875E+00
 0.390   7.752  8.07895E+00  7.90584E+00  8.61811E+00
 0.400  10.260  1.33505E+01  1.49908E+01  1.16737E+01
 0.410   8.864  1.51192E+01  1.52725E+01  1.36613E+01
 0.420   8.245  6.34065E+00  6.37590E+00  6.65083E+00
