  21
 0.100   0.900   0.500  5.67363E-02  6.47888E-02  4.21635E-02
 0.110   1.000   0.604  2.80626E-02  2.66792E-02  3.36425E-02
 0.120   1.000   0.500  1.48919E-01  1.85260E-01  9.96060E-02
 0.130   1.439   0.511  5.02176E-01  4.10399E-01  5.41177E-01
 0.140   2.117   0.889  1.02840E+00  1.13688E+00  7.47785E-01
 0.150   2.741   1.036  2.66752E+00  2.88617E+00  2.35520E+00
 0.160   2.848   0.888  3.50194E+00  3.55242E+00  3.42952E+00
 0.170   2.987   0.836  7.04085E+00  7.28059E+00  6.25577E+00
 0.180   2.785   0.725  1.51075E+01  1.63317E+01  1.32851E+01
 0.190   2.008   0.500  2.04717E+01  2.05496E+01  1.92248E+01
 0.200   2.151   0.854  9.87400E+00  9.71638E+00  1.11980E+01
 0.210   3.551   0.968  4.65752E+00  4.63842E+00  4.22000E+00
 0.220   2.599   0.865  5.74077E+00  6.05977E+00  4.84116E+00
 0.230   3.608   0.806  7.85864E+00  7.60633E+00  8.23757E+00
 0.240   4.203   1.024  6.41696E+00  6.56746E+00  6.52355E+00
 0.250   3.881   0.616  7.43095E+00  7.25585E+00  7.77894E+00
 0.260   3.811   0.624  8.77140E+00  8.62063E+00  8.65111E+00
 0.270   3.802   0.500  7.14966E+00  7.47982E+00  6.65394E+00
 0.280   5.768   0.812  4.89684E+00  4.56139E+00  5.59460E+00
 0.290   6.467   0.692  3.75465E+00  3.64278E+00  3.91126E+00
 0.300   7.615   0.916  3.41738E+00  3.37243E+00  3.67834E+00
