  21
 0.100 -4.68801E-03 -4.36356E-02 -3.51350E-02 -2.58274E+01  3.00768E+01  2.67765E+01 -9.61397E-01 -2.42832E-01 -1.29417E-01  7.60630E+00   0.900   0.500  9.21956E+07  9.39961E+07  4.50562E+06  0.00000E+00  3.89919E+07  5.67363E-02  5.78898E+01   7.849   7.674
 0.110  2.37607E-02  1.64674E-03 -9.55733E-02  3.27105E+00  1.17181E-01  5.68365E+00  5.64397E-01 -7.87568E-01  2.47371E-01  8.08766E+00   1.000   0.604  3.11410E+07  3.22938E+07  5.39484E+06  1.18761E+06  4.74720E+07  2.80626E-02  1.21631E+02   8.369   7.805
 0.120 -3.83995E-02  9.81774E-02  4.56064E-02  2.15947E+00  1.62118E+01  1.09598E+00 -5.35116E-01 -5.19236E-01  6.66367E-01  1.26169E+01   1.000   0.500  1.81071E+08  1.85215E+08  1.54680E+07  2.01297E+06  6.96699E+07  1.48919E-01  1.02308E+02   8.095   7.978
 0.130  8.08516E-02 -2.31666E-02 -1.11481E-03 -1.38180E+01  1.80872E+01  2.29843E-01 -1.94696E-01  1.23398E-01  9.73071E-01  1.85228E+01   1.439   0.511  1.02444E+08  1.47357E+08  6.59211E+07  4.80730E+06  9.07039E+07  5.02176E-01  9.65529E+01   8.385   8.385
 0.140  3.01727E-03  1.80998E-01 -2.09577E-01  1.29846E+01  1.77045E+01  1.54210E+00 -7.15560E-01  4.50373E-01  5.33983E-01  3.14123E+01   2.117   0.889  4.12138E+08  4.57951E+08  1.10910E+08  6.48857E+06  2.85746E+08  1.02840E+00  1.10603E+02   8.187   8.383
 0.150 -1.73875E-01 -2.68696E-03  1.40511E-01 -2.70049E+01  5.79621E+00  6.71762E+01 -9.52645E-01  2.38364E-01 -1.88814E-01  1.16748E+02   2.741   1.036  1.30901E+09  1.46855E+09  3.63293E+08  9.59347E+07  7.24550E+08  2.66752E+00  1.10584E+02   8.304   8.323
 0.160  1.79095E-02  1.67084E-01  5.87246E-02 -2.23293E+00 -4.09072E+00 -1.85438E+01 -9.86779E-01 -1.26663E-02  1.61579E-01  8.81394E+01   2.848   0.888  7.90274E+08  1.06781E+09  6.14633E+08  1.34099E+08  7.35441E+08  3.50194E+00  1.60046E+02   8.635   8.492
 0.170 -1.75401E-01  1.51264E-01  3.71887E-01 -2.62592E-01  6.90986E+00 -1.21113E+01 -9.67638E-01 -2.29996E-01  1.03821E-01  2.04284E+02   2.987   0.836  1.46696E+09  1.97363E+09  1.30346E+09  1.88398E+08  1.01928E+09  7.04085E+00  1.72077E+02   8.430   8.590
 0.180  3.51830E-02 -1.28374E-01  1.21684E-01 -1.05268E+01  4.15063E+01 -6.71317E+00 -9.07497E-01 -3.91163E-01 -1.53101E-01  1.54097E+02   2.785   0.725  1.87477E+09  3.01474E+09  2.38769E+09  2.08763E+08  9.35804E+08  1.51075E+01  1.61203E+02   8.485   8.568
 0.190  1.83392E-02  9.66581E-03 -1.11374E-02  6.13985E+00 -1.29418E+00 -1.14229E+01 -7.83244E-01 -6.19654E-01 -5.05685E-02  1.09366E+02   2.008   0.500  1.44599E+09  3.13258E+09  3.65313E+09  1.94443E+08  7.03932E+08  2.04717E+01  1.72154E+02   8.729   8.606
 0.200 -1.97393E-02  6.55472E-03 -8.85359E-02 -3.87371E+00 -2.14142E+00 -2.51793E+00 -8.25149E-01 -4.34426E-01  3.61114E-01  9.86480E+01   2.151   0.854  9.42037E+08  1.90395E+09  4.19467E+09  2.79502E+08  8.54828E+08  9.87400E+00  2.32452E+02   8.805   8.690
 0.210  3.39028E-01  2.64711E-01  8.77464E-02  2.89083E+00  2.06708E+01 -2.44961E+01 -7.43341E-01  2.23496E-01  6.30471E-01  2.63656E+02   3.551   0.968  1.28197E+09  1.60674E+09  1.20559E+09  2.81358E+08  1.16427E+09  4.65752E+00  3.14516E+02   8.653   8.499
 0.220 -5.77110E-02  1.16818E-01 -1.70609E-01  9.19873E+00 -1.04275E+01 -1.62698E+01 -8.95630E-01 -1.67845E-01  4.11916E-01  2.41459E+02   2.599   0.865  1.18427E+09  1.58266E+09  3.30315E+09  3.17098E+08  9.67813E+08  5.74077E+00  3.96336E+02   8.624   8.693
 0.230 -9.18945E-03 -9.68846E-02 -8.54863E-03  5.83977E+00 -1.13014E+00  6.58372E+00 -9.37411E-01 -1.77134E-01  2.99808E-01  3.56151E+02   3.608   0.806  1.33934E+09  2.03654E+09  5.40755E+09  4.86679E+08  1.38741E+09  7.85864E+00  4.63239E+02   8.627   8.711
 0.240 -2.80306E-03  2.18179E-01 -1.68141E-01  7.47904E+00  4.59349E+00 -1.23825E+01 -9.57836E-01 -1.98705E-01  2.07526E-01  4.59057E+02   4.203   1.024  1.60604E+09  2.11580E+09  6.57189E+09  7.47001E+08  1.86463E+09  6.41696E+00  5.47720E+02   8.547   8.707
 0.250 -6.13106E-02 -6.52469E-02 -3.20548E-01  6.57974E+00 -1.35376E+01 -1.20709E+01 -9.47592E-01 -3.06923E-01  8.87028E-02  4.81152E+02   3.881   0.616  1.44990E+09  2.08290E+09  6.66989E+09  5.65716E+08  1.39040E+09  7.43095E+00  6.11845E+02   8.612   8.717
 0.260 -9.16023E-02  3.01196E-01  1.55915E-02 -6.27316E+00  1.92502E+01 -1.29575E+01 -9.67650E-01 -2.52243E-01 -5.17877E-03  4.94733E+02   3.811   0.624  1.18342E+09  1.90020E+09  7.38306E+09  6.05098E+08  1.37610E+09  8.77140E+00  6.60552E+02   8.685   8.708
 0.270 -2.12482E-02  1.24566E-02  3.67825E-01 -1.66647E+01  3.64698E+01  1.91652E+01 -9.56850E-01 -2.88727E-01 -3.27727E-02  4.98155E+02   3.802   0.500  1.42035E+09  1.95941E+09  7.59276E+09  5.89386E+08  1.21698E+09  7.14966E+00  7.27000E+02   8.650   8.712
 0.280 -1.09113E-01  1.59829E-01  3.48725E-01 -1.51693E+01  3.18443E+01  1.50395E+00 -9.52385E-01 -2.90316E-01 -9.31605E-02  6.60703E+02   5.768   0.812  1.46090E+09  1.88794E+09  9.09350E+09  9.87539E+08  2.02117E+09  4.89684E+00  7.90159E+02   8.638   8.687
 0.290  5.27110E-03  1.49354E-01 -4.09800E-01 -3.07890E+00 -6.10378E+00  3.16374E+00 -9.75224E-01 -2.01708E-01 -9.08357E-02  7.81784E+02   6.467   0.692  1.58242E+09  1.84942E+09  9.11006E+09  9.39855E+08  1.97886E+09  3.75465E+00  8.84766E+02   8.608   8.692
 0.300 -5.03588E-02 -2.67653E-01  3.86178E-01 -4.51972E+00  2.49885E+01  1.72073E+01 -9.91508E-01 -1.01179E-01 -8.16956E-02  9.26373E+02   7.615   0.916  1.75284E+09  1.97893E+09  9.67669E+09  1.10446E+09  2.51942E+09  3.41738E+00  9.79341E+02   8.568   8.680
