  21
 0.100        64010 -0.42606E-03 -0.27268E-02 -0.49423E-02  0.97321E+01 -0.23703E+02  0.38079E+01 -0.96140E+00 -0.24283E+00 -0.12942E+00   0.900   0.500
 0.110        84276  0.16862E-02 -0.93679E-03 -0.28104E-02  0.11692E+02  0.24019E+01 -0.95177E+01  0.56440E+00 -0.78757E+00  0.24737E+00   1.000   0.604
 0.120       113869  0.32712E-02  0.14311E-02  0.38845E-02  0.45209E+02 -0.16355E+02  0.65250E+01 -0.53512E+00 -0.51924E+00  0.66637E+00   1.000   0.500
 0.130        93626 -0.12178E-02  0.00000E+00  0.15499E-02 -0.24013E+02  0.21860E+02  0.25696E+02 -0.19470E+00  0.12340E+00  0.97307E+00   1.439   0.511
 0.140       103270  0.35771E-03  0.34579E-02  0.00000E+00 -0.41668E+02 -0.32693E+02 -0.53132E+02 -0.71556E+00  0.45037E+00  0.53398E+00   2.117   0.889
 0.150        86629  0.25553E-03  0.89436E-03  0.10221E-02  0.27821E+02  0.95849E+01  0.50204E+01 -0.95264E+00  0.23836E+00 -0.18881E+00   2.741   1.036
 0.160       228898  0.27251E-03  0.54502E-03  0.00000E+00 -0.68857E+02  0.15274E+03 -0.64541E+02 -0.98678E+00 -0.12666E-01  0.16158E+00   2.848   0.888
 0.170        85298  0.00000E+00  0.30422E-02  0.28973E-03 -0.13063E+03  0.34279E+02 -0.12178E+03 -0.96764E+00 -0.23000E+00  0.10382E+00   2.987   0.836
 0.180       144105 -0.91972E-03  0.12263E-02 -0.61315E-03 -0.16798E+03 -0.15115E+03 -0.25822E+03 -0.90750E+00 -0.39116E+00 -0.15310E+00   2.785   0.725
 0.190        35502 -0.64734E-03 -0.12947E-02 -0.19420E-02 -0.27981E+03 -0.95290E+02  0.45594E+02 -0.78324E+00 -0.61965E+00 -0.50569E-01   2.008   0.500
 0.200       208181  0.34109E-03  0.00000E+00  0.10233E-02  0.35779E+02  0.54207E+02  0.43835E+03 -0.82515E+00 -0.43443E+00  0.36111E+00   2.151   0.854
 0.210      1156836 -0.14320E-02  0.17900E-02  0.71600E-03  0.20285E+01  0.52926E+02 -0.32479E+03 -0.74334E+00  0.22350E+00  0.63047E+00   3.551   0.968
 0.220      1786572 -0.74939E-03 -0.74939E-03  0.00000E+00 -0.21037E+03  0.12913E+03 -0.16966E+03 -0.89563E+00 -0.16785E+00  0.41192E+00   2.599   0.865
 0.230       433679  0.15682E-02 -0.15682E-02 -0.78411E-03 -0.61003E+03  0.22048E+03 -0.19940E+03 -0.93741E+00 -0.17713E+00  0.29981E+00   3.608   0.806
 0.240      1148216 -0.81795E-03 -0.61346E-03 -0.40897E-03  0.18743E+03 -0.21463E+03  0.93647E+02 -0.95784E+00 -0.19870E+00  0.20753E+00   4.203   1.024
 0.250        92333  0.00000E+00  0.21288E-03  0.17031E-02  0.31369E+02  0.72003E+02 -0.10211E+03 -0.94759E+00 -0.30692E+00  0.88703E-01   3.881   0.616
 0.260      1873893 -0.15509E-02 -0.22156E-03 -0.88625E-03  0.75025E+02  0.27643E+03 -0.14944E+03 -0.96765E+00 -0.25224E+00 -0.51788E-02   3.811   0.624
 0.270       931988 -0.68993E-03 -0.18398E-02 -0.91990E-03 -0.65159E+02 -0.25450E+02  0.35950E+03 -0.95685E+00 -0.28873E+00 -0.32773E-01   3.802   0.500
 0.280       573027  0.47708E-03 -0.71563E-03  0.28625E-02 -0.30620E+03  0.18444E+03  0.29396E+02 -0.95239E+00 -0.29032E+00 -0.93161E-01   5.768   0.812
 0.290       725282  0.00000E+00 -0.74090E-03 -0.98787E-03  0.29413E+03  0.12788E+03  0.36768E+03 -0.97522E+00 -0.20171E+00 -0.90836E-01   6.467   0.692
 0.300      5046707  0.00000E+00  0.12773E-02 -0.10219E-02  0.13584E+02 -0.22755E+03  0.74749E+02 -0.99151E+00 -0.10118E+00 -0.81696E-01   7.615   0.916
