  21
 0.100  1.04391E+08  3.64964E+07  4.12394E+07  1.01477E+08  2.60182E+07  5.23023E+08  3.92885E-01
 0.110  3.16199E+07  7.69232E+07  8.94802E+07  2.95674E+07  4.70007E+07  5.27263E+08  4.21439E-01
 0.120  1.86272E+08  1.49933E+08  1.74141E+08  1.80250E+08  6.72093E+07  8.48094E+08  1.09541E+00
 0.130  7.49988E+07  2.36324E+08  2.79614E+08  7.29008E+07  9.85860E+07  7.75846E+08  8.31526E-01
 0.140  2.38826E+08  3.96837E+08  4.70399E+08  2.32018E+08  1.41848E+08  1.16834E+09  1.92978E+00
 0.150  3.12481E+08  6.87315E+08  8.11339E+08  3.04448E+08  2.90599E+08  1.30236E+09  3.53745E+00
 0.160  4.29571E+08  1.91836E+09  2.28295E+09  4.23789E+08  7.18535E+08  1.90935E+09  7.23874E+00
 0.170  2.78815E+08  2.23786E+09  2.73324E+09  2.72937E+08  3.06239E+08  2.11745E+09  2.91133E+00
 0.180  9.72042E+08  3.30172E+09  4.00571E+09  9.61136E+08  8.63363E+08  2.57479E+09  1.15229E+01
 0.190  1.14678E+09  5.14256E+09  6.22610E+09  1.13418E+09  1.56113E+09  3.11419E+09  1.87482E+01
 0.200  6.82362E+08  6.44605E+09  7.92796E+09  6.73506E+08  1.11538E+09  3.23666E+09  1.08787E+01
 0.210  3.73128E+08  7.03192E+09  8.79249E+09  3.67307E+08  6.28362E+08  3.27964E+09  6.15433E+00
 0.220  3.17821E+08  7.43510E+09  9.42377E+09  3.13244E+08  4.04758E+08  3.40335E+09  4.54913E+00
 0.230  2.58795E+08  7.60567E+09  9.75292E+09  2.54505E+08  2.95004E+08  3.35787E+09  3.02437E+00
 0.240  1.58243E+08  7.71842E+09  9.99645E+09  1.55148E+08  1.87919E+08  3.41191E+09  1.87152E+00
 0.250  1.26878E+08  7.67841E+09  1.00412E+10  1.24393E+08  1.06799E+08  3.27606E+09  1.08454E+00
 0.260  9.16366E+07  7.83263E+09  1.03173E+10  8.93541E+07  7.67498E+07  3.30383E+09  8.40364E-01
 0.270  9.84764E+07  7.80273E+09  1.03458E+10  9.63284E+07  6.27280E+07  3.32162E+09  6.99586E-01
 0.280  7.77668E+07  7.77638E+09  1.03680E+10  7.60838E+07  5.66429E+07  3.22693E+09  6.09634E-01
 0.290  6.16792E+07  7.88568E+09  1.05646E+10  6.02628E+07  4.29002E+07  3.31921E+09  4.31220E-01
 0.300  5.17366E+07  7.68673E+09  1.03459E+10  5.03140E+07  3.09824E+07  3.23682E+09  3.40651E-01
