  21
 0.100  9.00000E-01  9.47148E+07  3.27319E+07  3.68669E+07  9.24248E+07  2.42182E+07  4.10287E+08  3.72591E-01
 0.110  1.08750E+00  3.76921E+07  8.07222E+07  9.39675E+07  3.52644E+07  4.84397E+07  6.10318E+08  4.32453E-01
 0.120  1.35000E+00  2.35318E+08  1.71616E+08  1.99658E+08  2.25299E+08  7.51355E+07  1.30311E+09  1.21239E+00
 0.130  1.95000E+00  1.74686E+08  2.89406E+08  3.43946E+08  1.69213E+08  1.04497E+08  1.94552E+09  8.80427E-01
 0.140  2.66250E+00  6.14913E+08  5.21465E+08  6.18602E+08  5.73547E+08  1.90833E+08  4.60362E+09  2.61488E+00
 0.150  3.15000E+00  1.85276E+09  1.78819E+09  2.08425E+09  1.76194E+09  8.86402E+08  7.76245E+09  1.09989E+01
 0.160  3.71250E+00  1.35222E+09  3.21197E+09  3.83305E+09  1.27368E+09  1.10606E+09  1.08823E+10  1.05213E+01
 0.170  4.27500E+00  2.44969E+09  4.20989E+09  5.11397E+09  2.29141E+09  7.98140E+08  1.61060E+10  9.90572E+00
 0.180  4.76250E+00  3.36229E+09  6.26982E+09  7.58255E+09  3.16610E+09  1.77146E+09  1.82179E+10  2.05437E+01
 0.190  5.28750E+00  3.35229E+09  9.08436E+09  1.10335E+10  3.10470E+09  2.44206E+09  2.45103E+10  2.77366E+01
 0.200  5.70000E+00  2.43193E+09  1.09859E+10  1.35773E+10  2.20512E+09  1.55167E+09  2.64755E+10  1.54827E+01
 0.210  6.11250E+00  2.65493E+09  1.23004E+10  1.54036E+10  2.37280E+09  1.18618E+09  3.14497E+10  1.31157E+01
 0.220  6.52500E+00  2.74340E+09  1.31527E+10  1.66606E+10  2.43823E+09  8.60115E+08  3.21893E+10  9.94792E+00
 0.230  6.93750E+00  2.56140E+09  1.52404E+10  1.94811E+10  2.23375E+09  1.00376E+09  3.76106E+10  9.95874E+00
 0.240  7.35000E+00  2.99677E+09  1.60921E+10  2.07349E+10  2.60479E+09  7.49401E+08  3.93293E+10  8.35153E+00
 0.250  7.91250E+00  2.85533E+09  1.71667E+10  2.22424E+10  2.44774E+09  8.59832E+08  4.41049E+10  9.04956E+00
 0.260  8.36250E+00  2.57375E+09  1.82424E+10  2.37439E+10  2.08144E+09  8.75920E+08  4.85831E+10  9.97701E+00
 0.270  8.70000E+00  2.83983E+09  1.89689E+10  2.48363E+10  2.40140E+09  6.78696E+08  4.94209E+10  8.27923E+00
 0.280  9.07500E+00  2.77572E+09  1.96999E+10  2.59408E+10  2.37750E+09  5.60683E+08  5.11158E+10  5.67238E+00
 0.290  9.48750E+00  2.76020E+09  2.00942E+10  2.66260E+10  2.37142E+09  3.82099E+08  5.32288E+10  4.07587E+00
 0.300  9.86250E+00  3.06124E+09  2.04895E+10  2.72853E+10  2.66459E+09  3.68742E+08  5.52304E+10  3.91804E+00
