  21
 0.100  6.00000E+00  5.79005E+09  6.44169E+01
 0.110  7.25000E+00  8.14071E+09  6.94858E+01
 0.120  9.00000E+00  1.17302E+10  7.48627E+01
 0.130  1.30000E+01  2.81481E+10  9.64911E+01
 0.140  1.77500E+01  5.75067E+10  1.18031E+02
 0.150  2.10000E+01  7.64011E+10  1.25076E+02
 0.160  2.47500E+01  1.03669E+11  1.34206E+02
 0.170  2.85000E+01  1.29267E+11  1.39655E+02
 0.180  3.17500E+01  1.51287E+11  1.43141E+02
 0.190  3.52500E+01  1.77520E+11  1.47156E+02
 0.200  3.80000E+01  1.89677E+11  1.46504E+02
 0.210  4.07500E+01  2.00722E+11  1.45535E+02
 0.220  4.35000E+01  2.12914E+11  1.45075E+02
 0.230  4.62500E+01  2.24579E+11  1.44498E+02
 0.240  4.90000E+01  2.37133E+11  1.44255E+02
 0.250  5.27500E+01  2.59403E+11  1.45415E+02
 0.260  5.57500E+01  2.72851E+11  1.45069E+02
 0.270  5.80000E+01  2.75080E+11  1.42807E+02
 0.280  6.05000E+01  2.80322E+11  1.41151E+02
 0.290  6.32500E+01  2.90204E+11  1.40461E+02
 0.300  6.57500E+01  2.95325E+11  1.38975E+02
