  21
 0.100   0.900  3.72591E-01  4.17681E-01  2.67591E-01
 0.110   1.000  4.21439E-01  3.25573E-01  5.28102E-01
 0.120   1.000  1.09541E+00  1.26542E+00  7.52268E-01
 0.130   1.439  8.56382E-01  6.82540E-01  1.19344E+00
 0.140   2.117  2.38674E+00  2.57815E+00  1.91014E+00
 0.150   2.741  9.63962E+00  1.03233E+01  8.80948E+00
 0.160   2.848  9.62780E+00  9.01659E+00  1.15232E+01
 0.170   2.987  8.11223E+00  8.30719E+00  7.62476E+00
 0.180   2.785  1.88397E+01  1.97869E+01  1.80308E+01
 0.190   2.008  2.43644E+01  2.39814E+01  2.38007E+01
 0.200   2.151  1.27498E+01  1.21458E+01  1.49078E+01
 0.210   3.551  1.13545E+01  1.09697E+01  1.20265E+01
 0.220   2.599  8.34074E+00  8.48787E+00  7.79394E+00
 0.230   3.608  9.10670E+00  8.65091E+00  1.01541E+01
 0.240   4.203  6.93380E+00  7.05975E+00  7.20608E+00
 0.250   3.881  8.22757E+00  7.94211E+00  8.80854E+00
 0.260   3.811  9.12567E+00  8.96385E+00  9.05343E+00
 0.270   3.802  7.73342E+00  8.09053E+00  7.20689E+00
 0.280   5.768  5.12630E+00  4.78606E+00  5.82823E+00
 0.290   6.467  3.98783E+00  3.85437E+00  4.23911E+00
 0.300   7.615  3.54303E+00  3.47516E+00  3.84644E+00
