  21
 0.100   0.900  3.27319E+07  3.68669E+07  3.25532E+07  8.00341E+01  0.00000E+00  0.00000E+00  0.00000E+00  3.27319E+07  3.68669E+07  3.25532E+07
 0.110   1.000  7.69232E+07  8.94802E+07  7.64232E+07  1.11422E+02  1.10282E+07  1.33270E+07  1.08688E+07  6.58950E+07  7.61532E+07  6.55544E+07
 0.120   1.000  1.49933E+08  1.74141E+08  1.48841E+08  1.31524E+02  1.97931E+07  2.42354E+07  1.94390E+07  1.30140E+08  1.49906E+08  1.29402E+08
 0.130   1.439  2.64811E+08  3.14059E+08  2.62638E+08  1.64270E+02  3.91074E+07  4.80116E+07  3.84441E+07  2.25704E+08  2.66048E+08  2.24194E+08
 0.140   2.117  4.88838E+08  5.80310E+08  4.84274E+08  1.94900E+02  9.36567E+07  1.16423E+08  9.17991E+07  3.95182E+08  4.63888E+08  3.92475E+08
 0.150   2.741  1.60082E+09  1.86865E+09  1.59121E+09  1.47958E+02  4.10704E+08  4.99796E+08  4.06163E+08  1.19011E+09  1.36885E+09  1.18505E+09
 0.160   2.848  2.91534E+09  3.47898E+09  2.89243E+09  1.99858E+02  8.56095E+08  1.05972E+09  8.42984E+08  2.05925E+09  2.41926E+09  2.04945E+09
 0.170   2.987  3.71456E+09  4.51747E+09  3.67807E+09  2.64234E+02  1.04620E+09  1.31388E+09  1.02717E+09  2.66835E+09  3.20359E+09  2.65090E+09
 0.180   2.785  5.38428E+09  6.50503E+09  5.33422E+09  2.67395E+02  1.13979E+09  1.44097E+09  1.11677E+09  4.24449E+09  5.06406E+09  4.21745E+09
 0.190   2.008  7.12596E+09  8.62862E+09  7.06162E+09  2.79544E+02  1.03232E+09  1.31879E+09  1.00814E+09  6.09363E+09  7.30983E+09  6.05348E+09
 0.200   2.151  8.78685E+09  1.08348E+10  8.69547E+09  3.41490E+02  1.22812E+09  1.57469E+09  1.19811E+09  7.55873E+09  9.26016E+09  7.49736E+09
 0.210   3.551  1.10686E+10  1.38528E+10  1.09310E+10  4.24109E+02  2.09942E+09  2.69535E+09  2.05163E+09  8.96915E+09  1.11575E+10  8.87941E+09
 0.220   2.599  1.08976E+10  1.38013E+10  1.07408E+10  5.09502E+02  1.65203E+09  2.14407E+09  1.60686E+09  9.24559E+09  1.16572E+10  9.13390E+09
 0.230   3.608  1.29170E+10  1.64854E+10  1.27083E+10  5.91649E+02  2.43766E+09  3.17342E+09  2.37214E+09  1.04793E+10  1.33120E+10  1.03362E+10
 0.240   4.203  1.47485E+10  1.90041E+10  1.44761E+10  6.95660E+02  3.54726E+09  4.64753E+09  3.44783E+09  1.12012E+10  1.43565E+10  1.10282E+10
 0.250   3.881  1.52580E+10  1.97669E+10  1.49518E+10  7.79768E+02  3.40543E+09  4.48828E+09  3.30013E+09  1.18525E+10  1.52787E+10  1.16517E+10
 0.260   3.811  1.60588E+10  2.08978E+10  1.57139E+10  8.63142E+02  3.37874E+09  4.47727E+09  3.26506E+09  1.26801E+10  1.64206E+10  1.24489E+10
 0.270   3.802  1.67822E+10  2.19628E+10  1.63963E+10  9.54164E+02  3.44753E+09  4.58726E+09  3.32340E+09  1.33347E+10  1.73755E+10  1.30729E+10
 0.280   5.768  1.88709E+10  2.48424E+10  1.84044E+10  1.05454E+03  4.50300E+09  6.00749E+09  4.33705E+09  1.43679E+10  1.88349E+10  1.40673E+10
 0.290   6.467  1.94948E+10  2.58263E+10  1.89745E+10  1.16865E+03  4.72097E+09  6.32545E+09  4.53493E+09  1.47738E+10  1.95009E+10  1.44396E+10
 0.300   7.615  2.01052E+10  2.67758E+10  1.95273E+10  1.28753E+03  4.96478E+09  6.67786E+09  4.75594E+09  1.51404E+10  2.00980E+10  1.47714E+10
