  43
 0.140       459627         6473       212624
 0.150       591988         8844       271334
 0.160       801712        11960       374798
 0.170      1053327        17120       498766
 0.180      1308070        19697       625226
 0.190      1633317        21815       778098
 0.200      2013841        26059       972746
 0.210      2518617        31869      1209050
 0.220      3059914        36070      1446570
 0.230      3949437        43931      1896569
 0.240      4878078        53633      2389566
 0.250      5981322        61193      2948061
 0.260      6863737        72908      3364635
 0.270      7885845        86913      3828482
 0.280      8787960       104740      4302625
 0.290      9342733       113267      4587418
 0.300      9965841       125596      4896243
 0.310     10924186       148987      5286889
 0.320     11721081       183137      5775000
 0.330     12468202       213527      6175680
 0.340     13424955       256638      6681094
 0.350     14832674       296246      7349752
 0.360     16154867       336264      8112209
 0.370     18069725       382058      9103018
 0.380     19364658       420469      9570269
 0.390     19995274       456571      9996108
 0.400     20866409       500200     10410345
 0.410     21758557       530648     10793625
 0.420     22775576       561343     11193847
 0.430     23104048       607507     11440143
 0.440     23286980       689426     11628613
 0.450     23718461       788526     11752430
 0.460     24051768       971976     11887430
 0.470     24144585      1048152     11985514
 0.480     24478875      1142868     12086014
 0.490     24287663      1225733     12162477
 0.500     24471245      1311698     12237156
 0.510     24729978      1374434     12307350
 0.520     24941567      1413748     12376484
 0.530     25086170      1443825     12434588
 0.540     25358624      1465733     12486729
 0.550     25558122      1485162     12541860
 0.560     25608171      1500571     12597578
