  28
 0.100   0.765   0.387  1.65864E-02  1.95686E-02  1.15778E-02
 0.110   0.964   0.476  6.17795E-03  6.89660E-03  5.96938E-03
 0.120   1.220   0.678  3.55494E-02  4.37363E-02  2.27222E-02
 0.130   1.641   1.188  1.73438E-02  1.88821E-02  1.69360E-02
 0.140   2.282   1.613  1.07677E-01  1.38582E-01  6.53281E-02
 0.150   1.980   1.229  1.13388E+00  1.42354E+00  7.27308E-01
 0.160   2.253   1.417  1.35522E+00  1.72751E+00  9.59589E-01
 0.170   1.285   0.372  6.79396E+00  7.68115E+00  4.52053E+00
 0.180   2.530   1.447  1.75951E+00  1.96774E+00  1.57038E+00
 0.190   4.867   2.368  6.84114E+00  6.75988E+00  5.95280E+00
 0.200   4.120   2.762  5.75835E+00  7.06770E+00  3.54036E+00
 0.210   3.083   1.172  7.64109E+00  8.35457E+00  6.65074E+00
 0.220   4.665   1.349  1.38329E+01  1.57423E+01  1.06025E+01
 0.230   3.948   0.989  2.17309E+01  2.03611E+01  2.41016E+01
 0.240   5.397   1.531  1.54281E+01  1.63890E+01  1.41097E+01
 0.250   4.622   1.400  2.01025E+01  2.05227E+01  2.02050E+01
 0.260   5.338   2.521  1.49829E+01  1.49449E+01  1.51860E+01
 0.270   4.729   1.252  1.39681E+01  1.45247E+01  1.29547E+01
 0.280   4.713   1.033  1.60292E+01  1.75509E+01  1.40091E+01
 0.290   2.837   0.547  2.44631E+01  2.55848E+01  2.12343E+01
 0.300   2.381   0.376  9.44275E+00  9.14385E+00  1.10919E+01
 0.310   3.861   1.496  8.49511E+00  8.44923E+00  8.51775E+00
 0.320   3.602   0.677  8.42151E+00  8.47938E+00  8.09732E+00
 0.330   7.353   3.522  2.54451E+00  2.96488E+00  1.76452E+00
 0.340   5.598   1.287  8.25984E+00  7.78499E+00  7.95395E+00
 0.350   3.522   1.020  6.54089E+00  7.48917E+00  5.31735E+00
 0.360  12.113   2.973  6.82064E+00  7.36066E+00  5.29861E+00
 0.370   9.086   2.638  1.12578E+01  1.17936E+01  9.91858E+00
