  28
 0.100  6.00000E+00  5.88085E+09  6.49200E+01
 0.110  7.25000E+00  7.78092E+09  6.79330E+01
 0.120  9.00000E+00  1.18659E+10  7.52946E+01
 0.130  1.37500E+01  3.27599E+10  1.01217E+02
 0.140  1.82500E+01  6.17287E+10  1.20600E+02
 0.150  2.22500E+01  9.00100E+10  1.31891E+02
 0.160  2.55000E+01  1.11617E+11  1.37192E+02
 0.170  2.82500E+01  1.27489E+11  1.39303E+02
 0.180  3.10000E+01  1.43271E+11  1.40972E+02
 0.190  3.97500E+01  2.58244E+11  1.67140E+02
 0.200  4.55000E+01  3.30714E+11  1.76789E+02
 0.210  5.00000E+01  3.77618E+11  1.80209E+02
 0.220  5.40000E+01  4.10716E+11  1.80846E+02
 0.230  5.77500E+01  4.39098E+11  1.80817E+02
 0.240  6.07500E+01  4.50212E+11  1.78513E+02
 0.250  6.32500E+01  4.53151E+11  1.75520E+02
 0.260  6.65000E+01  4.67105E+11  1.73792E+02
 0.270  6.92500E+01  4.73059E+11  1.71389E+02
 0.280  7.22500E+01  4.82013E+11  1.69373E+02
 0.290  7.65000E+01  5.21451E+11  1.71203E+02
 0.300  8.10000E+01  5.60844E+11  1.72549E+02
 0.310  8.77500E+01  6.50210E+11  1.78500E+02
 0.320  9.75000E+01  8.12494E+11  1.89296E+02
 0.330  1.05250E+02  9.30474E+11  1.94973E+02
 0.340  1.11250E+02  1.01236E+12  1.97812E+02
 0.350  1.17250E+02  1.09325E+12  2.00234E+02
 0.360  1.22500E+02  1.14845E+12  2.00781E+02
 0.370  1.28000E+02  1.20330E+12  2.01056E+02
