  28
 0.100  5.41087E-02 -1.84082E-03 -1.10279E-01  1.34970E+00  6.29198E+00 -1.18549E+00  6.28638E-01  6.68651E-01  3.97139E-01  1.03667E+01   0.765   0.387  4.02820E+07  3.96628E+07  1.34400E+06  0.00000E+00  3.18420E+07  1.65864E-02  6.10203E+01   7.523   7.321
 0.110 -1.82222E-01  1.79281E-01 -1.12090E-01  3.28969E+01 -1.79234E+01  1.43991E+01  2.45601E-01  1.51143E-01 -9.57515E-01  1.45573E+01   0.964   0.476  2.60669E+07  2.46684E+07  1.49023E+06  4.80831E+05  4.11534E+07  6.17795E-03  1.41085E+02   7.488   7.346
 0.120 -1.16018E-01 -2.20225E-01 -2.23162E-01 -7.56736E+01  2.58385E+00  2.80347E+01 -7.80900E-02  6.07671E-01 -7.90340E-01  3.73469E+01   1.220   0.678  5.46024E+07  5.32450E+07  4.49304E+06  8.99067E+05  9.20341E+07  3.55494E-02  1.47479E+02   7.152   7.283
 0.130  1.11836E-01 -6.17970E-02 -1.77247E-01 -2.40605E+01  1.15813E+00  9.64218E+00  5.73485E-01  7.52127E-01 -3.24683E-01  2.16623E+01   1.641   1.188  1.04740E+08  9.77133E+07  5.99211E+06  1.92379E+06  1.30361E+08  1.73438E-02  2.49605E+02   7.599   7.376
 0.140 -4.38909E-01 -6.14956E-01  3.62141E-01  6.55237E+00 -2.95777E+01 -2.00205E+01  9.62558E-01 -2.12292E-01  1.68563E-01  3.38075E+01   2.282   1.613  3.42534E+08  3.24420E+08  8.57765E+06  1.00415E+06  2.09176E+08  1.07677E-01  9.84896E+01   7.628   7.500
 0.150  1.81596E-01 -3.54300E-02  2.04124E-01  3.43122E-01 -1.86381E+01 -1.47509E+01  6.62067E-01  3.03481E-01 -6.85249E-01  4.56688E+01   1.980   1.229  8.83308E+08  9.10571E+08  7.80631E+07  7.07342E+06  3.05284E+08  1.13388E+00  5.23406E+01   8.040   7.915
 0.160  1.95351E-01  1.14685E-01 -5.48518E-02 -2.43082E+01  4.75060E+00 -1.30819E+01  8.47108E-02  9.77337E-01  1.94000E-01  3.42101E+01   2.253   1.417  1.00312E+09  1.03809E+09  1.36296E+08  7.97281E+06  3.52839E+08  1.35522E+00  8.66108E+01   8.142   8.067
 0.170  2.08288E-03  2.00613E-02 -7.16835E-03  3.40841E+00  6.71786E-02  4.27995E+00  9.45069E-01 -1.32897E-01 -2.98637E-01  1.96094E+01   1.285   0.372  7.64913E+08  1.16461E+09  4.70917E+08  5.50407E+06  1.24541E+08  6.79396E+00  5.73133E+01   8.636   8.457
 0.180 -1.62736E-01  1.90482E-01 -8.23614E-02  1.69884E-01  1.03441E+01  8.98033E+00  4.27165E-01  1.95066E-01 -8.82881E-01  1.05401E+02   2.530   1.447  8.92968E+08  9.86385E+08  3.61918E+08  5.95014E+07  4.65990E+08  1.75951E+00  1.50681E+02   8.462   8.335
 0.190  2.47544E-01 -4.67018E-01  2.43103E-02 -3.67717E+00  1.26874E+01 -1.78613E+01  4.60684E-01  8.23530E-02 -8.83736E-01  3.35866E+02   4.867   2.368  2.15470E+09  2.47976E+09  1.02107E+09  9.87668E+07  1.25514E+09  6.84114E+00  1.53569E+02   8.224   8.369
 0.200 -4.99850E-01  7.13690E-01 -3.62534E-01 -1.43822E+02  2.96248E+01 -9.48326E+01 -8.80152E-01 -1.55029E-02  4.74438E-01  2.35495E+02   4.120   2.762  6.09391E+09  6.09043E+09  5.20568E+08  9.19893E+07  2.34408E+09  5.75835E+00  2.21762E+02   8.039   7.952
 0.210 -2.94602E-03 -1.30862E-01 -3.94264E-02  1.44012E+01 -6.54043E+00  2.10730E+01 -6.67254E-01  4.73205E-01 -5.75195E-01  1.21107E+02   3.083   1.172  2.22504E+09  2.73937E+09  1.10977E+09  5.63374E+07  6.61282E+08  7.64109E+00  2.06864E+02   8.520   8.440
 0.220  2.44476E-01  9.26011E-02  1.18347E+00  7.53361E+00  5.41014E+01 -3.06369E+01 -9.21306E-01  3.85050E-01  5.41454E-02  3.39662E+02   4.665   1.349  4.95204E+09  5.70285E+09  1.90489E+09  1.95164E+08  1.59351E+09  1.38329E+01  2.00173E+02   8.369   8.410
 0.230  1.39832E-01  1.80953E-01 -1.72889E-01 -1.58773E+01 -1.65265E+01  1.53172E+01 -7.97877E-01  5.99477E-01  6.33924E-02  2.81756E+02   3.948   0.989  2.64385E+09  4.66657E+09  4.68167E+09  3.22614E+08  1.23951E+09  2.17309E+01  1.84852E+02   8.637   8.506
 0.240 -1.31974E-01 -1.47750E-01  5.35432E-01  3.22495E+00 -1.23765E+01  8.52598E+00 -9.13248E-01  4.07358E-01  6.06868E-03  5.45215E+02   5.397   1.531  5.32557E+09  6.39094E+09  5.28402E+09  6.98844E+08  2.10805E+09  1.54281E+01  2.56815E+02   8.457   8.514
 0.250  2.32428E-01  3.04337E-01  1.17736E-01  1.59291E+01  6.22642E+00 -1.76079E+01 -7.82140E-01  6.12875E-01 -1.12437E-01  5.64804E+02   4.622   1.400  3.51803E+09  5.13830E+09  7.89992E+09  6.95252E+08  1.82256E+09  2.01025E+01  3.03300E+02   8.555   8.547
 0.260 -1.69240E-01 -1.80303E-01 -1.63226E-02 -2.99523E+01 -4.14134E+01 -4.53072E+00 -8.00691E-01  5.61339E-01 -2.09267E-01  5.95900E+02   5.338   2.521  4.06404E+09  5.19083E+09  9.41756E+09  1.35400E+09  2.85247E+09  1.49829E+01  3.82756E+02   8.542   8.540
 0.270  1.32344E-02  1.60877E-02  6.89155E-02 -7.75310E+00 -7.80827E+00  6.21682E+00 -6.98752E-01  6.30966E-01 -3.37087E-01  5.67022E+02   4.729   1.252  3.25065E+09  4.26942E+09  9.27363E+09  9.13049E+08  1.85814E+09  1.39681E+01  4.65513E+02   8.579   8.570
 0.280 -1.02050E-01 -2.17776E-01 -2.74449E-01 -1.92373E+01 -3.45017E+01 -2.09923E+01 -6.66758E-01  6.41327E-01 -3.79650E-01  5.67263E+02   4.713   1.033  3.57258E+09  4.68135E+09  1.04086E+10  9.71799E+08  1.72828E+09  1.60292E+01  5.29832E+02   8.565   8.582
 0.290  3.28191E-01  2.04291E-01  6.78080E-02  1.84268E+01 -6.03284E+00 -4.30190E+01 -4.63163E-01  8.33165E-01 -3.02187E-01  3.33613E+02   2.837   0.547  2.17210E+09  4.00076E+09  8.30299E+09  3.52923E+08  8.16667E+08  2.44631E+01  5.36950E+02   8.664   8.627
 0.300 -8.81488E-02 -4.83135E-02 -3.08755E-02 -7.88626E+00 -2.30165E+00  1.32114E+01 -4.53680E-01  8.34892E-01 -3.11656E-01  2.13285E+02   2.381   0.376  1.01086E+09  1.95698E+09  7.22203E+09  3.40837E+08  5.40482E+08  9.44275E+00  5.64911E+02   8.768   8.664
 0.310  7.42829E-03 -9.18110E-03  1.74078E-02  4.28130E+00 -1.42530E+01  1.70373E+00 -6.37071E-01  7.18687E-01 -2.78620E-01  1.29409E+02   3.861   1.496  1.39885E+09  2.05376E+09  1.25234E+10  1.78183E+09  1.88982E+09  8.49511E+00  7.07672E+02   8.677   8.612
 0.320 -7.14239E-02 -8.22091E-02 -1.17217E-01 -1.06787E+01  2.62429E+00  1.30096E+01 -3.03656E-01  8.06262E-01 -5.07675E-01  1.13428E+02   3.602   0.677  9.15640E+08  1.60578E+09  1.00025E+10  1.01502E+09  1.10732E+09  8.42151E+00  7.73681E+02   8.762   8.651
 0.330  4.09480E-01  8.74929E-01 -6.98050E-01  2.45517E+01  2.74524E-01 -4.64214E+01 -9.52502E-01 -2.91143E-02 -3.03137E-01  7.28577E+02   7.353   3.522  3.33649E+09  3.13515E+09  1.79819E+09  6.32054E+08  4.59962E+09  2.54451E+00  1.30078E+03   8.326   8.445
 0.340 -5.23154E-02 -2.88816E-01  1.76738E-01  7.74664E+00  3.09729E+01  7.15949E+01 -9.63210E-01  1.56015E-01 -2.18827E-01  5.50067E+02   5.598   1.287  2.48492E+09  3.04141E+09  2.06258E+09  3.12695E+08  2.09716E+09  8.25984E+00  9.41702E+02   8.420   8.440
 0.350 -1.26623E-01  1.44287E-01  1.18554E-01  2.14551E+01  1.78459E+01  1.28513E+01 -8.54221E-01  3.72277E-01 -3.62927E-01  3.53512E+02   3.522   1.020  2.22081E+09  2.61378E+09  2.22255E+09  2.46044E+08  1.19885E+09  6.54089E+00  9.42176E+02   8.524   8.518
 0.360 -5.43958E-01 -7.79936E-01  2.35858E-01 -1.58648E+01 -3.42401E+01  6.15324E+01 -9.12759E-01  4.06834E-01  3.68366E-02  9.65460E+02  12.113   2.973  6.75381E+09  6.60390E+09  2.83354E+09  6.75660E+08  6.37804E+09  6.82064E+00  1.14755E+03   8.363   8.463
 0.370 -3.41959E-01 -4.81588E-01  2.88286E-01  8.59998E+00 -4.84704E+01 -1.18975E+01 -9.81800E-01  1.77552E-01 -6.74058E-02  1.05384E+03   9.086   2.638  7.23829E+09  7.61728E+09  2.95252E+09  4.96623E+08  4.71976E+09  1.12578E+01  8.49026E+02   8.370   8.403
