  28
 0.100         5027  0.20267E-01 -0.10389E-01  0.22141E-01 -0.58122E+00  0.24583E+02 -0.10321E+02  0.62864E+00  0.66865E+00  0.39714E+00   0.765   0.387
 0.110        49840 -0.46865E-03  0.16871E-02  0.20246E-01 -0.31134E+02  0.12720E+02 -0.87481E+01  0.24560E+00  0.15114E+00 -0.95752E+00   0.964   0.476
 0.120        24575 -0.15128E-01 -0.35367E-01 -0.18603E-01 -0.20617E+02  0.37185E+01  0.48337E+02 -0.78090E-01  0.60767E+00 -0.79034E+00   1.220   0.678
 0.130       109357 -0.16607E-02  0.12178E-01  0.15278E-01 -0.91180E+01  0.17696E+02 -0.12375E+02  0.57349E+00  0.75213E+00 -0.32468E+00   1.641   1.188
 0.140        96612  0.12404E-01 -0.33395E-02  0.25523E-01  0.45220E+02  0.88696E+01 -0.28839E+02  0.96256E+00 -0.21229E+00  0.16856E+00   2.282   1.613
 0.150       165440 -0.10221E-01  0.28109E-02 -0.48552E-02 -0.15376E+03 -0.24618E+02 -0.59139E+01  0.66207E+00  0.30348E+00 -0.68525E+00   1.980   1.229
 0.160        37495 -0.28622E-02 -0.35437E-02 -0.10904E-01 -0.56849E+02  0.59239E+02  0.14412E+03  0.84711E-01  0.97734E+00  0.19400E+00   2.253   1.417
 0.170       182935 -0.72415E-03 -0.28966E-02 -0.43449E-02 -0.17053E+02 -0.17857E+03 -0.49356E+02  0.94507E+00 -0.13290E+00 -0.29864E+00   1.285   0.372
 0.180       367298 -0.44462E-02  0.21464E-02  0.15332E-02 -0.13412E+02 -0.16631E+02  0.39284E+01  0.42716E+00  0.19507E+00 -0.88288E+00   2.530   1.447
 0.190       353352 -0.12944E-02  0.64718E-03  0.16179E-02 -0.18873E+02 -0.77614E+02  0.29646E+02  0.46068E+00  0.82353E-01 -0.88374E+00   4.867   2.368
 0.200       351066  0.17035E-03  0.34070E-02 -0.47699E-02  0.13702E+03  0.78816E+02  0.16916E+02 -0.88015E+00 -0.15503E-01  0.47444E+00   4.120   2.762
 0.210       958040 -0.71553E-03 -0.28621E-02  0.10733E-02  0.56851E+01  0.71333E+02 -0.31509E+03 -0.66725E+00  0.47320E+00 -0.57519E+00   3.083   1.172
 0.220      1301766  0.20608E-02 -0.74939E-03  0.22482E-02  0.11582E+03 -0.12316E+03 -0.43809E+01 -0.92131E+00  0.38505E+00  0.54145E-01   4.665   1.349
 0.230       171443 -0.97951E-03  0.00000E+00 -0.78361E-03  0.53152E+02 -0.34649E+03 -0.13172E+03 -0.79788E+00  0.59948E+00  0.63392E-01   3.948   0.989
 0.240      1864977  0.51093E-02  0.36787E-02 -0.40874E-03 -0.20758E+02 -0.30329E+02  0.89745E+02 -0.91325E+00  0.40736E+00  0.60687E-02   5.397   1.531
 0.250       918771 -0.63892E-03  0.00000E+00 -0.17038E-02 -0.96195E+02  0.82242E+02  0.16430E+03 -0.78214E+00  0.61287E+00 -0.11244E+00   4.622   1.400
 0.260      1030513  0.22146E-03 -0.44291E-03 -0.35433E-02  0.11968E+03 -0.64969E+02 -0.84471E+02 -0.80069E+00  0.56134E+00 -0.20927E+00   5.338   2.521
 0.270      1060664  0.27596E-02 -0.22997E-02  0.32195E-02 -0.65786E+02 -0.15702E+01 -0.18810E+01 -0.69875E+00  0.63097E+00 -0.33709E+00   4.729   1.252
 0.280       264561  0.23848E-03 -0.38156E-02 -0.47696E-03  0.38954E+02 -0.14825E+02  0.65722E+02 -0.66676E+00  0.64133E+00 -0.37965E+00   4.713   1.033
 0.290      2619687 -0.22231E-02  0.49401E-03  0.00000E+00  0.45358E+02  0.94422E+02  0.17218E+03 -0.46316E+00  0.83316E+00 -0.30219E+00   2.837   0.547
 0.300      1537588  0.25549E-02  0.51099E-03  0.15330E-02  0.25162E+01  0.11133E+03  0.51269E+02 -0.45368E+00  0.83489E+00 -0.31166E+00   2.381   0.376
 0.310      3522217 -0.26404E-02  0.10562E-02  0.52809E-03  0.18734E+02 -0.75168E+02  0.42007E+02 -0.63707E+00  0.71869E+00 -0.27862E+00   3.861   1.496
 0.320      3485370 -0.16350E-02 -0.27250E-02  0.54501E-03  0.88169E+01 -0.16805E+03 -0.21016E+03 -0.30366E+00  0.80626E+00 -0.50768E+00   3.602   0.677
 0.330      1838174  0.56211E-03 -0.16863E-02 -0.28106E-02  0.11393E+03  0.12115E+03  0.15194E+03 -0.95250E+00 -0.29114E-01 -0.30314E+00   7.353   3.522
 0.340      4636474  0.14480E-02  0.57919E-03  0.00000E+00  0.22951E+03  0.21260E+03 -0.16311E+03 -0.96321E+00  0.15601E+00 -0.21883E+00   5.598   1.287
 0.350      2257901  0.11921E-02 -0.59605E-03 -0.17881E-02  0.25622E+03 -0.93772E+02 -0.10491E+03 -0.85422E+00  0.37228E+00 -0.36293E+00   3.522   1.020
 0.360      1968959 -0.18393E-02  0.61309E-03 -0.18393E-02  0.20928E+03 -0.11340E+00 -0.13920E+03 -0.91276E+00  0.40683E+00  0.36837E-01  12.113   2.973
 0.370      4934624 -0.18906E-02  0.00000E+00 -0.63019E-03  0.10363E+03 -0.93377E+02 -0.15452E+03 -0.98180E+00  0.17755E+00 -0.67406E-01   9.086   2.638
