  28
 0.100  9.00000E-01  5.11928E+07  1.65481E+07  1.88526E+07  4.84690E+07  1.00424E+07  5.61266E+08  1.32102E-01
 0.110  1.08750E+00  3.28487E+07  2.56772E+07  3.00343E+07  2.96961E+07  1.22064E+07  6.71757E+08  1.25973E-01
 0.120  1.35000E+00  6.47274E+07  4.09339E+07  4.89273E+07  6.00478E+07  8.99670E+06  1.09011E+09  9.15341E-02
 0.130  2.06250E+00  1.41014E+08  7.19552E+07  8.60719E+07  1.28982E+08  2.11777E+07  1.94153E+09  2.44287E-01
 0.140  2.73750E+00  4.40656E+08  1.47478E+08  1.74371E+08  4.06616E+08  6.35048E+07  3.79277E+09  8.00546E-01
 0.150  3.33750E+00  1.73558E+09  8.15455E+08  9.29019E+08  1.62692E+09  5.58833E+08  9.49555E+09  7.95531E+00
 0.160  3.82500E+00  1.82537E+09  1.45424E+09  1.70302E+09  1.67980E+09  6.38691E+08  1.03934E+10  7.37136E+00
 0.170  4.23750E+00  1.72438E+09  2.91345E+09  3.44134E+09  1.60746E+09  1.32167E+09  1.37528E+10  1.61645E+01
 0.180  4.65000E+00  1.92300E+09  3.59381E+09  4.36570E+09  1.77038E+09  5.87127E+08  1.63738E+10  5.73546E+00
 0.190  5.96250E+00  3.41206E+09  4.60792E+09  5.64846E+09  3.04382E+09  9.06265E+08  2.51932E+10  1.07409E+01
 0.200  6.82500E+00  9.77124E+09  6.85561E+09  8.32125E+09  9.03940E+09  1.91063E+09  5.14291E+10  2.85649E+01
 0.210  7.50000E+00  5.42808E+09  9.56333E+09  1.16382E+10  4.87334E+09  2.89222E+09  3.56269E+10  2.79772E+01
 0.220  8.10000E+00  9.04967E+09  1.43227E+10  1.75168E+10  8.27696E+09  3.10252E+09  5.81837E+10  4.07905E+01
 0.230  8.66250E+00  7.11762E+09  1.84939E+10  2.28337E+10  6.35749E+09  3.52695E+09  5.81279E+10  3.41323E+01
 0.240  9.11250E+00  9.30793E+09  2.09932E+10  2.63017E+10  8.46244E+09  2.27295E+09  6.59618E+10  2.60562E+01
 0.250  9.48750E+00  7.10213E+09  2.42473E+10  3.06112E+10  6.34064E+09  2.55042E+09  7.10725E+10  2.56862E+01
 0.260  9.97500E+00  8.63757E+09  2.63489E+10  3.36129E+10  7.74187E+09  1.92883E+09  7.70449E+10  2.22015E+01
 0.270  1.03875E+01  6.69809E+09  2.82410E+10  3.63309E+10  5.92841E+09  1.70513E+09  7.82565E+10  1.86934E+01
 0.280  1.08375E+01  7.18578E+09  3.01639E+10  3.90594E+10  6.30646E+09  1.58489E+09  8.39761E+10  1.96728E+01
 0.290  1.14750E+01  4.94689E+09  3.36826E+10  4.35983E+10  4.16722E+09  2.87576E+09  9.15376E+10  3.37460E+01
 0.300  1.21500E+01  2.91949E+09  3.52507E+10  4.60375E+10  2.27521E+09  1.26927E+09  9.67643E+10  1.24474E+01
 0.310  1.31625E+01  4.44481E+09  3.64545E+10  4.79584E+10  3.53017E+09  1.04106E+09  1.07269E+11  1.18552E+01
 0.320  1.46250E+01  4.32004E+09  3.79664E+10  5.01744E+10  3.26420E+09  1.18335E+09  1.22689E+11  1.23867E+01
 0.330  1.57875E+01  9.79551E+09  3.90429E+10  5.18823E+10  7.99442E+09  8.25060E+08  1.53143E+11  9.68176E+00
 0.340  1.66875E+01  7.40193E+09  4.05767E+10  5.40137E+10  5.76796E+09  1.45201E+09  1.54363E+11  1.43664E+01
 0.350  1.75875E+01  8.28513E+09  4.21873E+10  5.62974E+10  6.53882E+09  1.03683E+09  1.53515E+11  1.25888E+01
 0.360  1.83750E+01  1.24403E+10  4.51375E+10  6.01766E+10  1.05811E+10  1.96048E+09  1.77902E+11  2.25306E+01
 0.370  1.92000E+01  1.73113E+10  4.82251E+10  6.43746E+10  1.47420E+10  1.88307E+09  1.91742E+11  2.28031E+01
