  28
 0.100   0.765  1.38930E+07  1.57992E+07  1.38161E+07  8.64185E+01  0.00000E+00  0.00000E+00  0.00000E+00  1.38930E+07  1.57992E+07  1.38161E+07
 0.110   0.964  2.28494E+07  2.67084E+07  2.26763E+07  1.26861E+02  5.04779E+06  6.08101E+06  4.98887E+06  1.78017E+07  2.06273E+07  1.76875E+07
 0.120   1.220  3.78750E+07  4.53023E+07  3.74603E+07  1.89436E+02  1.20016E+07  1.45960E+07  1.18375E+07  2.58734E+07  3.07063E+07  2.56228E+07
 0.130   1.641  6.15216E+07  7.37879E+07  6.07920E+07  2.17476E+02  2.12751E+07  2.60685E+07  2.09458E+07  4.02465E+07  4.77194E+07  3.98462E+07
 0.140   2.282  1.29637E+08  1.53859E+08  1.28372E+08  1.98973E+02  3.83320E+07  4.72395E+07  3.77167E+07  9.13049E+07  1.06619E+08  9.06549E+07
 0.150   1.980  6.34081E+08  7.19497E+08  6.31693E+08  9.80510E+01  8.54581E+07  1.04717E+08  8.43736E+07  5.48623E+08  6.14780E+08  5.47319E+08
 0.160   2.253  1.15406E+09  1.34853E+09  1.14865E+09  1.36373E+02  1.35691E+08  1.67695E+08  1.33818E+08  1.01837E+09  1.18084E+09  1.01483E+09
 0.170   1.285  2.07255E+09  2.42110E+09  2.06358E+09  1.37533E+02  1.13003E+08  1.41841E+08  1.10866E+08  1.95954E+09  2.27926E+09  1.95271E+09
 0.180   2.530  3.15934E+09  3.82569E+09  3.13721E+09  2.24983E+02  4.51742E+08  5.65011E+08  4.44892E+08  2.70760E+09  3.26067E+09  2.69231E+09
 0.190   4.867  4.42959E+09  5.43464E+09  4.38799E+09  3.01060E+02  8.36467E+08  1.06317E+09  8.20333E+08  3.59312E+09  4.37147E+09  3.56766E+09
 0.200   4.120  5.88438E+09  7.17497E+09  5.82745E+09  3.23644E+02  9.30434E+08  1.19168E+09  9.10220E+08  4.95395E+09  5.98330E+09  4.91723E+09
 0.210   3.083  7.10826E+09  8.68769E+09  7.04386E+09  3.28476E+02  6.55374E+08  8.45127E+08  6.39744E+08  6.45289E+09  7.84257E+09  6.40412E+09
 0.220   4.665  1.18488E+10  1.45139E+10  1.17434E+10  3.40642E+02  2.19146E+09  2.76789E+09  2.15834E+09  9.65737E+09  1.17460E+10  9.58507E+09
 0.230   3.948  1.48562E+10  1.83150E+10  1.47201E+10  3.63376E+02  1.93392E+09  2.47132E+09  1.89945E+09  1.29223E+10  1.58437E+10  1.28206E+10
 0.240   5.397  1.89359E+10  2.37127E+10  1.87349E+10  4.36046E+02  3.36146E+09  4.31266E+09  3.30500E+09  1.55744E+10  1.94000E+10  1.54299E+10
 0.250   4.622  2.01921E+10  2.54993E+10  1.99493E+10  5.05005E+02  2.76566E+09  3.59061E+09  2.70859E+09  1.74264E+10  2.19086E+10  1.72407E+10
 0.260   5.338  2.30769E+10  2.94650E+10  2.27635E+10  5.89319E+02  3.91333E+09  5.08533E+09  3.83518E+09  1.91636E+10  2.43797E+10  1.89283E+10
 0.270   4.729  2.34612E+10  3.02032E+10  2.31033E+10  6.78718E+02  3.34364E+09  4.38383E+09  3.26584E+09  2.01175E+10  2.58194E+10  1.98375E+10
 0.280   4.713  2.52496E+10  3.26837E+10  2.48258E+10  7.62966E+02  3.58527E+09  4.72915E+09  3.49468E+09  2.16644E+10  2.79546E+10  2.13311E+10
 0.290   2.837  2.08806E+10  2.69537E+10  2.04816E+10  8.32259E+02  1.59873E+09  2.12849E+09  1.54265E+09  1.92819E+10  2.48253E+10  1.89390E+10
 0.300   2.381  1.97458E+10  2.56463E+10  1.93237E+10  9.12203E+02  1.35752E+09  1.80205E+09  1.30714E+09  1.83882E+10  2.38443E+10  1.80165E+10
 0.310   3.861  2.89541E+10  3.79502E+10  2.83144E+10  9.93320E+02  3.55721E+09  4.71786E+09  3.45336E+09  2.53969E+10  3.32323E+10  2.48611E+10
 0.320   3.602  2.77360E+10  3.64574E+10  2.70599E+10  1.08068E+03  2.96696E+09  3.96380E+09  2.86823E+09  2.47691E+10  3.24936E+10  2.41917E+10
 0.330   7.353  3.68377E+10  4.89169E+10  3.58662E+10  1.22603E+03  6.97449E+09  9.39593E+09  6.75505E+09  2.98632E+10  3.95210E+10  2.91112E+10
 0.340   5.598  3.56789E+10  4.74644E+10  3.46672E+10  1.31425E+03  5.46917E+09  7.39655E+09  5.27813E+09  3.02098E+10  4.00678E+10  2.93891E+10
 0.350   3.522  2.97098E+10  3.95132E+10  2.87960E+10  1.38934E+03  3.02024E+09  4.08298E+09  2.89670E+09  2.66896E+10  3.54303E+10  2.58993E+10
 0.360  12.113  4.39068E+10  5.85599E+10  4.25367E+10  1.49199E+03  9.08179E+09  1.23237E+10  8.74953E+09  3.48250E+10  4.62362E+10  3.37872E+10
 0.370   9.086  4.48251E+10  5.98696E+10  4.33597E+10  1.56912E+03  8.26281E+09  1.12630E+10  7.93613E+09  3.65623E+10  4.86066E+10  3.54236E+10
