  39
 0.120  1.01250E+00  2.20479E+07  1.01977E+07  1.19201E+07  2.00800E+07  4.29388E+06  3.72127E+08  5.98938E-02
 0.130  1.27500E+00  2.50482E+07  1.51369E+07  1.79470E+07  2.26331E+07  5.89607E+06  5.27512E+08  7.66862E-02
 0.140  1.53750E+00  8.94272E+07  3.32288E+07  4.00440E+07  8.63288E+07  6.74613E+06  8.78106E+08  5.19607E-02
 0.150  1.83750E+00  2.48771E+08  9.04174E+07  1.05892E+08  2.35543E+08  4.50020E+07  1.48260E+09  6.48557E-01
 0.160  2.13750E+00  1.77451E+08  1.13672E+08  1.37003E+08  1.65156E+08  2.48501E+07  1.91393E+09  2.18694E-01
 0.170  2.43750E+00  3.81057E+08  1.67298E+08  2.00591E+08  3.57473E+08  5.28752E+07  2.08153E+09  8.13464E-01
 0.180  2.66250E+00  3.42378E+08  2.34664E+08  2.85780E+08  3.12611E+08  4.61644E+07  2.66890E+09  4.71930E-01
 0.190  2.92500E+00  2.96718E+08  2.99162E+08  3.65947E+08  2.58962E+08  6.66374E+07  2.76086E+09  8.80596E-01
 0.200  3.26250E+00  5.15378E+08  3.40119E+08  4.23455E+08  4.73040E+08  3.05095E+07  3.45215E+09  4.64824E-01
 0.210  3.60000E+00  4.63461E+08  4.48177E+08  5.57476E+08  4.10027E+08  8.44788E+07  4.47974E+09  6.09811E-01
 0.220  3.90000E+00  6.70525E+08  5.10096E+08  6.36007E+08  6.06414E+08  8.80639E+07  4.83541E+09  1.21467E+00
 0.230  4.23750E+00  3.02680E+08  6.05197E+08  7.63201E+08  2.58363E+08  5.26493E+07  5.06079E+09  4.32369E-01
 0.240  4.46250E+00  4.72079E+08  6.53725E+08  8.35461E+08  4.03607E+08  3.15373E+07  5.88070E+09  4.72632E-01
 0.250  4.68750E+00  6.91389E+08  7.03005E+08  9.03500E+08  5.98027E+08  4.85270E+07  6.20403E+09  5.66370E-01
 0.260  4.98750E+00  6.67535E+08  7.86107E+08  1.01212E+09  5.66334E+08  6.62647E+07  7.00340E+09  7.67962E-01
 0.270  5.32500E+00  6.76750E+08  8.92203E+08  1.15570E+09  5.57662E+08  4.81250E+07  8.14580E+09  3.89904E-01
 0.280  5.73750E+00  7.84167E+08  9.92000E+08  1.28409E+09  6.50539E+08  8.81385E+07  8.56183E+09  9.28286E-01
 0.290  6.37500E+00  1.20762E+09  1.15740E+09  1.49742E+09  1.03687E+09  1.08285E+08  1.04106E+10  1.43257E+00
 0.300  6.78750E+00  1.26932E+09  1.24793E+09  1.62259E+09  1.07916E+09  8.81164E+07  1.11182E+10  1.08609E+00
 0.310  7.57500E+00  2.05241E+09  1.55945E+09  2.01063E+09  1.75473E+09  2.11847E+08  1.40899E+10  2.25360E+00
 0.320  8.10000E+00  2.13943E+09  1.75329E+09  2.27034E+09  1.80155E+09  1.67173E+08  1.56203E+10  2.27567E+00
 0.330  8.73750E+00  2.01602E+09  2.16843E+09  2.78920E+09  1.73432E+09  2.62988E+08  1.67938E+10  2.64840E+00
 0.340  9.75000E+00  2.48823E+09  2.55577E+09  3.29198E+09  2.07655E+09  3.11906E+08  1.98285E+10  3.29284E+00
 0.350  1.12125E+01  3.26136E+09  2.83817E+09  3.68998E+09  2.80084E+09  1.85867E+08  2.36010E+10  1.88369E+00
 0.360  1.23750E+01  4.18779E+09  3.26412E+09  4.23082E+09  3.51944E+09  3.68058E+08  2.81934E+10  4.38615E+00
 0.370  1.31625E+01  5.34291E+09  4.32286E+09  5.60401E+09  4.56970E+09  5.23972E+08  4.24946E+10  7.31598E+00
 0.380  1.36875E+01  5.50469E+09  9.93190E+09  1.29614E+10  4.74564E+09  1.03839E+09  7.06353E+10  1.29816E+01
 0.390  1.41375E+01  3.82965E+09  6.50843E+09  8.39642E+09  3.21259E+09  6.39404E+08  4.37547E+10  5.99067E+00
 0.400  1.46625E+01  3.30802E+09  7.09854E+09  9.34361E+09  2.84669E+09  1.59534E+08  4.94819E+10  1.67807E+00
 0.410  1.51500E+01  5.65084E+09  1.23215E+10  1.64001E+10  4.77853E+09  7.54312E+08  7.11748E+10  9.52025E+00
 0.420  1.54875E+01  5.91056E+09  1.30586E+10  1.74422E+10  5.05738E+09  5.58593E+08  6.86893E+10  5.68652E+00
 0.430  1.57500E+01  5.39824E+09  1.33513E+10  1.79737E+10  4.69611E+09  3.20672E+08  6.90384E+10  3.40184E+00
 0.440  1.59750E+01  5.83555E+09  1.35384E+10  1.83727E+10  5.31875E+09  1.31120E+08  7.02093E+10  1.49171E+00
 0.450  1.63875E+01  7.42589E+09  1.40527E+10  1.91086E+10  6.48990E+09  4.12243E+08  7.44924E+10  4.62254E+00
 0.460  1.69125E+01  6.28125E+09  1.43683E+10  1.96512E+10  5.55800E+09  1.70515E+08  7.82133E+10  1.72171E+00
 0.470  1.73625E+01  7.72982E+09  1.47275E+10  2.01837E+10  6.89081E+09  3.48615E+08  7.98110E+10  4.28539E+00
 0.480  1.78125E+01  7.10951E+09  1.51990E+10  2.08682E+10  6.15862E+09  3.59561E+08  8.28304E+10  3.64739E+00
 0.490  1.81500E+01  7.78678E+09  1.56957E+10  2.15982E+10  6.85487E+09  3.72742E+08  8.61208E+10  4.55646E+00
 0.500  1.85625E+01  8.05541E+09  1.63732E+10  2.25421E+10  6.97831E+09  4.54156E+08  8.81467E+10  4.87355E+00
