  39
 0.120   1.000  5.79736E-02  6.61026E-02  4.77052E-02
 0.130   1.054  5.91206E-02  5.26282E-02  5.29925E-02
 0.140   1.307  3.95900E-02  4.05491E-02  4.60728E-02
 0.150   1.546  5.71825E-01  5.88485E-01  4.52393E-01
 0.160   1.953  1.84117E-01  1.84749E-01  2.57117E-01
 0.170   1.750  7.16433E-01  8.18447E-01  4.97281E-01
 0.180   2.214  4.30279E-01  4.60814E-01  4.92423E-01
 0.190   2.473  8.51440E-01  8.62592E-01  7.23632E-01
 0.200   2.383  4.28322E-01  5.13410E-01  3.04136E-01
 0.210   2.783  4.78231E-01  4.13356E-01  7.94959E-01
 0.220   2.114  9.93093E-01  1.16694E+00  7.62589E-01
 0.230   3.485  3.82478E-01  3.54528E-01  5.63932E-01
 0.240   3.170  3.87999E-01  4.53736E-01  2.64275E-01
 0.250   3.737  5.13847E-01  4.93757E-01  5.02575E-01
 0.260   3.264  5.94382E-01  6.59538E-01  5.06413E-01
 0.270   3.667  3.16383E-01  2.94596E-01  4.46936E-01
 0.280   3.910  8.37385E-01  8.26596E-01  8.99638E-01
 0.290   5.222  1.19995E+00  1.20249E+00  1.02992E+00
 0.300   5.128  1.06566E+00  1.10785E+00  9.59589E-01
 0.310   5.784  2.23194E+00  2.12787E+00  2.36851E+00
 0.320   4.611  2.18398E+00  2.32776E+00  1.71411E+00
 0.330   5.151  2.62052E+00  2.58245E+00  2.92792E+00
 0.340   5.868  3.26544E+00  3.18519E+00  3.36276E+00
 0.350   6.853  1.80742E+00  1.65709E+00  2.08008E+00
 0.360   5.744  4.12536E+00  3.99902E+00  3.85711E+00
 0.370   5.910  7.14405E+00  7.90134E+00  5.61787E+00
 0.380   9.279  1.18414E+01  1.24411E+01  1.12840E+01
 0.390  10.470  5.45238E+00  5.01379E+00  6.34558E+00
 0.400  11.666  1.67100E+00  1.65192E+00  1.78126E+00
 0.410   7.865  9.26451E+00  9.19247E+00  7.84405E+00
 0.420   9.677  4.36474E+00  4.03752E+00  5.05807E+00
 0.430  11.070  2.66275E+00  2.75395E+00  2.45739E+00
 0.440  10.632  1.34799E+00  1.35829E+00  1.32655E+00
 0.450  11.444  4.55056E+00  4.36830E+00  4.48435E+00
 0.460   9.489  1.56457E+00  1.54889E+00  1.66589E+00
 0.470   9.882  3.94682E+00  3.99099E+00  3.67361E+00
 0.480  11.469  3.47618E+00  3.24933E+00  3.83725E+00
 0.490   9.046  3.99512E+00  4.09872E+00  3.69198E+00
 0.500   9.260  4.41940E+00  4.32991E+00  4.44061E+00
