  35
 0.100   0.562   0.500  1.41087E+06  1.63423E+06  1.40096E+06  1.05267E+02  0.00000E+00  0.00000E+00  0.00000E+00  1.41087E+06  1.63423E+06  1.40096E+06
 0.110   0.675   0.500  2.56293E+06  2.96266E+06  2.54178E+06  1.28535E+02  4.89604E+04  5.99204E+04  4.79370E+04  2.51397E+06  2.90274E+06  2.49384E+06
 0.120   0.825   0.500  2.49716E+06  2.90542E+06  2.47740E+06  1.37104E+02  3.95409E+04  4.86595E+04  3.88131E+04  2.45762E+06  2.85676E+06  2.43858E+06
 0.130   1.000   0.807  3.72295E+06  4.47501E+06  3.67769E+06  2.18987E+02  4.14599E+05  5.07977E+05  4.07437E+05  3.30835E+06  3.96704E+06  3.27025E+06
 0.140   1.510   0.631  1.65328E+07  1.91695E+07  1.63963E+07  1.68429E+02  5.90634E+06  7.28977E+06  5.81420E+06  1.06264E+07  1.18797E+07  1.05821E+07
 0.150   1.893   1.656  3.52888E+06  4.35559E+06  3.47236E+06  3.31618E+02  6.62498E+05  8.31894E+05  6.47611E+05  2.86638E+06  3.52369E+06  2.82475E+06
 0.160   1.985   1.424  1.39606E+07  1.63372E+07  1.38545E+07  1.82284E+02  6.68829E+05  8.40184E+05  6.54364E+05  1.32917E+07  1.54970E+07  1.32001E+07
 0.170   2.241   1.315  5.74009E+07  6.59742E+07  5.71185E+07  1.40786E+02  4.45241E+06  5.53790E+06  4.40137E+06  5.29485E+07  6.04363E+07  5.27171E+07
 0.180   2.734   0.846  2.90095E+08  3.48570E+08  2.87594E+08  2.59896E+02  1.62075E+08  2.03889E+08  1.59932E+08  1.28019E+08  1.44681E+08  1.27662E+08
 0.190   3.339   1.288  3.78874E+08  4.40665E+08  3.77188E+08  1.55988E+02  9.13014E+07  1.14716E+08  9.01283E+07  2.87573E+08  3.25948E+08  2.87059E+08
 0.200   1.512   0.500  4.21197E+08  4.79374E+08  4.19841E+08  1.24162E+02  5.32552E+07  6.73903E+07  5.25098E+07  3.67942E+08  4.11984E+08  3.67332E+08
 0.210   1.641   0.636  3.63614E+08  4.38482E+08  3.61172E+08  2.57375E+02  6.59663E+07  8.43192E+07  6.48838E+07  2.97647E+08  3.54163E+08  2.96288E+08
 0.220   2.765   0.500  5.68309E+08  6.76702E+08  5.65120E+08  2.27102E+02  9.88664E+07  1.25459E+08  9.73541E+07  4.69443E+08  5.51243E+08  4.67766E+08
 0.230   3.307   0.749  9.66961E+08  1.16202E+09  9.61610E+08  2.42094E+02  1.57042E+08  2.00332E+08  1.54615E+08  8.09919E+08  9.61690E+08  8.06994E+08
 0.240   2.268   0.500  1.27381E+09  1.54325E+09  1.26648E+09  2.68469E+02  1.19126E+08  1.54482E+08  1.16739E+08  1.15469E+09  1.38877E+09  1.14974E+09
 0.250   2.141   0.500  1.62847E+09  2.01046E+09  1.61652E+09  3.51715E+02  1.32407E+08  1.72494E+08  1.29601E+08  1.49607E+09  1.83797E+09  1.48692E+09
 0.260   1.264   0.500  1.65348E+09  2.06196E+09  1.63894E+09  4.28544E+02  1.05867E+08  1.39098E+08  1.03196E+08  1.54762E+09  1.92287E+09  1.53574E+09
 0.270   1.000   0.500  3.03616E+09  3.80782E+09  3.00826E+09  4.68832E+02  1.07265E+08  1.41441E+08  1.04346E+08  2.92890E+09  3.66638E+09  2.90392E+09
 0.280   1.658   0.500  3.72366E+09  4.69813E+09  3.68744E+09  5.11560E+02  6.18747E+08  7.97389E+08  6.10454E+08  3.10491E+09  3.90075E+09  3.07699E+09
 0.290   4.333   0.589  3.57880E+09  4.57864E+09  3.53583E+09  6.32800E+02  7.33109E+08  9.59075E+08  7.20835E+08  2.84569E+09  3.61957E+09  2.81499E+09
 0.300   5.465   0.654  3.45818E+09  4.47809E+09  3.41062E+09  7.42864E+02  7.24744E+08  9.57179E+08  7.10757E+08  2.73344E+09  3.52091E+09  2.69986E+09
 0.310   6.505   0.630  3.37180E+09  4.40876E+09  3.31938E+09  8.59238E+02  7.17844E+08  9.54784E+08  7.02708E+08  2.65395E+09  3.45398E+09  2.61667E+09
 0.320   6.791   0.706  3.36348E+09  4.42763E+09  3.30594E+09  9.65359E+02  7.45755E+08  9.97884E+08  7.28344E+08  2.61772E+09  3.42974E+09  2.57759E+09
 0.330   6.913   0.774  3.40000E+09  4.51614E+09  3.33500E+09  1.09182E+03  7.63914E+08  1.02724E+09  7.44778E+08  2.63609E+09  3.48890E+09  2.59022E+09
 0.340   7.564   0.977  3.71766E+09  4.97965E+09  3.63775E+09  1.24613E+03  8.39343E+08  1.13536E+09  8.16540E+08  2.87831E+09  3.84429E+09  2.82121E+09
 0.350   6.998   0.868  3.69047E+09  4.96734E+09  3.60421E+09  1.36551E+03  8.28962E+08  1.12571E+09  8.04735E+08  2.86151E+09  3.84163E+09  2.79948E+09
 0.360   6.936   0.853  3.77170E+09  5.09979E+09  3.67577E+09  1.49273E+03  8.25463E+08  1.12406E+09  7.99815E+08  2.94624E+09  3.97572E+09  2.87596E+09
 0.370   7.450   0.716  3.66285E+09  4.97186E+09  3.56429E+09  1.60945E+03  7.84080E+08  1.07028E+09  7.58461E+08  2.87877E+09  3.90158E+09  2.80583E+09
 0.380   7.457   1.014  3.74691E+09  5.10128E+09  3.63973E+09  1.73229E+03  8.53916E+08  1.16979E+09  8.24202E+08  2.89300E+09  3.93149E+09  2.81552E+09
 0.390   8.166   1.025  3.60686E+09  4.92646E+09  3.49854E+09  1.84710E+03  8.43183E+08  1.15781E+09  8.12952E+08  2.76368E+09  3.76865E+09  2.68559E+09
 0.400   7.784   0.783  3.08335E+09  4.21750E+09  2.98270E+09  1.99067E+03  6.89304E+08  9.49087E+08  6.62564E+08  2.39405E+09  3.26842E+09  2.32014E+09
 0.410   7.944   0.862  2.94722E+09  4.03232E+09  2.84517E+09  2.09531E+03  6.89385E+08  9.51044E+08  6.60988E+08  2.25783E+09  3.08127E+09  2.18418E+09
 0.420   8.286   0.825  3.00918E+09  4.11910E+09  2.90108E+09  2.18563E+03  6.92589E+08  9.56900E+08  6.62980E+08  2.31659E+09  3.16220E+09  2.23810E+09
 0.430   7.404   0.850  3.13050E+09  4.30256E+09  3.01106E+09  2.32861E+03  6.99181E+08  9.68946E+08  6.67631E+08  2.43132E+09  3.33362E+09  2.34343E+09
 0.440   7.771   0.837  3.24527E+09  4.47394E+09  3.11586E+09  2.46165E+03  7.45320E+08  1.03307E+09  7.10743E+08  2.49995E+09  3.44087E+09  2.40512E+09
