  35
 0.100   0.562   0.500  1.01504E-02  7.42219E-03  1.03153E-02
 0.110   0.675   0.500  1.65476E-02  2.07602E-02  1.25869E-02
 0.120   0.825   0.500  1.59502E-02  1.46857E-02  1.72727E-02
 0.130   1.000   0.807  1.03180E-02  9.67935E-03  8.82516E-03
 0.140   1.510   0.631  1.41125E-01  1.82878E-01  8.89199E-02
 0.150   1.893   1.656  8.02184E-05  5.55428E-05  2.00619E-03
 0.160   1.985   1.424  1.18371E-01  1.16970E-01  9.25967E-02
 0.170   2.241   1.315  5.35393E-01  6.56154E-01  3.66940E-01
 0.180   2.734   0.846  1.47097E+00  1.75316E+00  1.03232E+00
 0.190   3.339   1.288  3.34154E+00  3.69843E+00  2.45681E+00
 0.200   1.512   0.500  4.68605E+00  5.86453E+00  2.99065E+00
 0.210   1.641   0.636  1.26924E+00  1.48232E+00  1.11611E+00
 0.220   2.765   0.500  3.22962E+00  3.07918E+00  2.87418E+00
 0.230   3.307   0.749  3.54364E+00  3.47740E+00  3.81967E+00
 0.240   2.268   0.500  4.52274E+00  4.18078E+00  4.55205E+00
 0.250   2.141   0.500  3.52658E+00  3.67302E+00  3.21326E+00
 0.260   1.264   0.500  3.46417E+00  3.64254E+00  3.02351E+00
 0.270   1.000   0.500  6.10662E+00  5.84855E+00  5.69511E+00
 0.280   1.658   0.500  5.52757E+00  5.38253E+00  5.56944E+00
 0.290   4.333   0.589  3.39510E+00  3.27076E+00  3.72090E+00
 0.300   5.465   0.654  1.71316E+00  1.69971E+00  1.89247E+00
 0.310   6.505   0.630  1.81594E+00  1.82183E+00  1.69513E+00
 0.320   6.791   0.706  1.66027E+00  1.66634E+00  1.54600E+00
 0.330   6.913   0.774  8.23477E-01  7.71944E-01  8.69500E-01
 0.340   7.564   0.977  6.53486E-01  6.84416E-01  7.11454E-01
 0.350   6.998   0.868  7.16434E-01  7.53303E-01  6.54944E-01
 0.360   6.936   0.853  5.33790E-01  5.39357E-01  5.26535E-01
 0.370   7.450   0.716  4.90041E-01  4.57992E-01  4.91735E-01
 0.380   7.457   1.014  6.52521E-01  6.33050E-01  6.47310E-01
 0.390   8.166   1.025  4.86307E-01  4.56929E-01  4.89021E-01
 0.400   7.784   0.783  7.43008E-01  7.54309E-01  6.64774E-01
 0.410   7.944   0.862  6.23934E-01  5.54555E-01  7.11590E-01
 0.420   8.286   0.825  6.73004E-01  6.27887E-01  7.50346E-01
 0.430   7.404   0.850  4.02527E-01  3.82253E-01  4.11225E-01
 0.440   7.771   0.837  3.20027E-01  3.01065E-01  3.52653E-01
