  35
 0.100  5.99742E-02  1.01509E-01 -7.06452E-02  6.62843E+00 -4.63016E+00 -3.29636E+00   0.562  6.62531E+06  1.38292E+07  1.26204E+07  0.00000E+00  1.31275E+08  1.05358E-01  1.04833E+02   7.601   7.609
 0.110 -2.17552E-02  5.31069E-02  4.46565E-02  9.79031E+00  1.91087E+01  1.67678E+01   0.675  3.74958E+07  4.11501E+07  1.65233E+07  7.73504E+05  1.61205E+08  7.24057E-02  1.48961E+02   7.589   7.586
 0.120  1.35018E-01  7.78818E-02  1.17946E-02  1.02708E+01 -1.87116E+01  6.74866E+00   0.825  1.78527E+07  3.28596E+07  3.09468E+07  1.86352E+06  2.56398E+08  1.43862E-01  1.61708E+02   7.932   7.760
 0.130 -5.50878E-02  4.18901E-02 -7.29439E-02  1.25723E+01  1.67840E+01  2.12550E+00   1.000  1.08088E+07  1.17932E+07  3.32466E+07  2.78076E+06  2.92813E+08  2.97412E-02  2.40740E+02   7.834   7.765
 0.140 -2.24876E-01 -1.56343E-01  1.17946E-01 -4.00154E+01 -4.37023E+00  1.13466E+01   1.510  1.86443E+08  2.06378E+08  7.40854E+07  1.49843E+07  1.20891E+09  4.90161E-01  2.12181E+02   7.815   7.716
 0.150 -1.80791E-01  1.07651E-01 -2.50039E-01  3.49543E+01  6.38272E+00  3.82153E+00   1.893  7.48028E+07  8.19047E+07  7.42353E+07  7.19474E+06  9.02799E+08  2.30323E-02  2.72484E+02   7.852   7.833
 0.160  1.32660E-01 -2.11263E-01  1.00714E-01 -2.83366E+01  2.79954E+01  1.08251E+01   1.985  2.94749E+08  3.60973E+08  1.77490E+08  2.77880E+07  1.35341E+09  1.08633E+00  2.02060E+02   8.062   7.919
 0.170 -4.86217E-01  1.25068E-02 -3.91381E-01 -8.62799E+00 -2.15901E+01 -2.51068E+01   2.241  3.81023E+08  5.56780E+08  4.45973E+08  9.85314E+07  2.55725E+09  2.49707E+00  1.98747E+02   8.232   8.043
 0.180  2.30537E-01 -7.64622E-02  3.91578E-01 -8.85882E+00 -4.82319E+01  4.68267E+01   2.734  7.46193E+08  1.03409E+09  1.08421E+09  3.89790E+08  3.57353E+09  4.19376E+00  2.26205E+02   8.310   8.283
 0.190 -1.93917E-01 -2.70722E-01 -8.16617E-01 -3.75604E+00 -2.16192E+01  2.09688E+01   3.339  1.17251E+09  1.87361E+09  2.24163E+09  8.33982E+08  7.41834E+09  1.09212E+01  2.46135E+02   8.446   8.329
 0.200 -9.63967E-04  3.83436E-02 -2.46238E-02 -6.81165E+00  1.20770E+01  1.75567E+01   1.512  1.19168E+09  1.95859E+09  2.84654E+09  8.40211E+08  2.61977E+09  1.07683E+01  2.47293E+02   8.505   8.494
 0.210  8.38767E-02  6.23086E-03 -7.28744E-02 -2.65060E+00 -4.86386E+00 -8.85603E+00   1.641  7.20598E+08  1.35546E+09  3.85532E+09  9.50885E+08  3.14487E+09  6.53457E+00  3.03411E+02   8.653   8.570
 0.220  1.69840E-02 -1.26943E-01 -8.55221E-02  7.62034E+00  1.42967E+00  1.68895E+00   2.765  8.94776E+08  1.52537E+09  5.17907E+09  1.37040E+09  6.78799E+09  8.03805E+00  3.79060E+02   8.571   8.569
 0.230  1.63290E-01 -3.18498E-01 -3.64082E-01  7.48078E-01  1.26694E+01  4.59173E+00   3.307  1.10402E+09  1.67312E+09  6.16070E+09  1.55051E+09  9.18570E+09  6.72353E+00  4.59557E+02   8.500   8.577
 0.240  3.86940E-02 -6.70366E-02 -1.06657E-01 -1.86076E+01 -1.74204E+00 -1.52981E+01   2.268  8.30778E+08  1.51189E+09  6.46652E+09  1.29591E+09  5.93641E+09  8.20691E+00  5.11608E+02   8.571   8.607
 0.250  2.05937E-02 -6.63610E-02 -5.66421E-02  4.92695E+00  1.50046E+01  1.20602E+00   2.141  8.48077E+08  1.54084E+09  7.26671E+09  1.31228E+09  5.96110E+09  8.37773E+00  5.72114E+02   8.605   8.621
 0.260 -2.55199E-02  2.04911E-03  2.31397E-04 -6.34103E+00  1.32944E+00 -4.01719E+00   1.264  7.27123E+08  1.27714E+09  7.06522E+09  9.74236E+08  3.28937E+09  7.12627E+00  6.38524E+02   8.623   8.666
 0.270  6.81536E-05 -1.30868E-02 -1.51528E-02  5.74649E+00 -3.07670E+00 -4.30542E+00   1.000  3.43674E+08  1.09748E+09  7.48449E+09  8.71133E+08  2.40037E+09  7.54623E+00  6.81587E+02   8.891   8.689
 0.280 -1.30224E-01  3.39411E-01  2.00972E-01 -2.89568E+01 -3.22466E+01 -1.65192E+01   1.658  5.91615E+08  1.32317E+09  1.00077E+10  2.21322E+09  5.02180E+09  8.31681E+00  7.35354E+02   8.786   8.678
 0.290  2.04737E-01  2.27012E-01 -8.47226E-03 -1.08121E+01  3.33495E+00 -1.23704E+01   4.333  1.00903E+09  1.40184E+09  1.26619E+10  3.57607E+09  1.60209E+10  4.47611E+00  8.48080E+02   8.576   8.645
 0.300  2.80748E-01 -6.83604E-02 -5.55583E-02 -1.37806E+01  1.29877E+01 -8.49577E-01   5.465  9.96212E+08  1.13150E+09  1.32855E+10  3.88455E+09  2.08093E+10  2.12537E+00  9.75257E+02   8.515   8.644
 0.310 -1.21005E-01 -6.94622E-01 -6.84304E-02 -8.75762E+00 -1.49988E+01  5.27387E+00   6.505  1.14181E+09  1.23086E+09  1.36803E+10  4.10766E+09  2.56525E+10  2.24544E+00  1.10321E+03   8.450   8.641
 0.320  4.46425E-01 -5.87206E-01 -2.14603E-01 -2.12674E+01  3.91356E+00  6.12791E+00   6.791  1.21847E+09  1.28014E+09  1.39301E+10  4.23135E+09  2.74457E+10  1.93582E+00  1.23464E+03   8.422   8.640
 0.330  8.52417E-01 -9.00802E-01 -5.29664E-01 -7.47081E+00 -6.94741E+00  1.16329E+00   6.913  9.76791E+08  9.89436E+08  1.38849E+10  4.16300E+09  2.72225E+10  1.03020E+00  1.36764E+03   8.456   8.645
 0.340  5.12470E-01 -6.52378E-01 -4.64435E-01 -3.62706E+01 -3.34522E+01  1.29398E+01   7.564  9.34777E+08  9.38000E+08  1.39890E+10  4.21007E+09  2.89059E+10  9.11475E-01  1.51793E+03   8.445   8.645
 0.350  4.26760E-01 -1.04721E+00 -4.17567E-01 -2.09161E+01 -1.39862E+01  1.65875E+01   6.998  9.20158E+08  9.36932E+08  1.39118E+10  4.12737E+09  2.64781E+10  9.39486E-01  1.64930E+03   8.461   8.649
 0.360  3.53522E-01 -7.31897E-01 -3.52932E-01 -2.05242E+01 -2.53843E+01  1.52389E+01   6.936  7.84751E+08  7.93064E+08  1.39992E+10  4.13230E+09  2.64563E+10  6.74474E-01  1.78645E+03   8.497   8.649
 0.370  2.51775E-01 -1.26245E+00 -1.90320E-01 -1.03427E+01 -3.27089E+01  5.30049E+00   7.450  7.97596E+08  7.92532E+08  1.40843E+10  4.19210E+09  2.79370E+10  5.69351E-01  1.94022E+03   8.507   8.648
 0.380  2.99809E-02  5.50187E-01  9.46761E-02 -4.35400E+01 -1.97345E+01  6.86220E+01   7.457  1.03120E+09  1.02329E+09  1.41900E+10  4.25751E+09  2.92872E+10  7.44474E-01  2.08345E+03   8.396   8.647
 0.390  1.57137E-01 -5.15555E-01 -1.98096E-01 -1.61647E+01 -2.10171E+01  3.34644E+01   8.166  1.01640E+09  9.77436E+08  1.43420E+10  4.32871E+09  3.13638E+10  5.79138E-01  2.22140E+03   8.389   8.644
 0.400  1.42047E+00 -8.35253E-01 -1.83386E+00  3.20054E+00  1.44634E+01  5.03834E+00   7.784  1.09348E+09  1.07552E+09  1.43973E+10  4.30567E+09  3.00760E+10  8.99468E-01  2.35804E+03   8.379   8.645
 0.410  4.11049E-01 -1.55380E+00 -1.74262E-01  1.89261E+00 -2.35180E+01 -4.60970E+00   7.944  1.19831E+09  1.18948E+09  1.45380E+10  4.36560E+09  3.10360E+10  7.68311E-01  2.50559E+03   8.387   8.643
 0.420  3.80751E-01 -5.70052E-01 -4.10624E-01 -4.00419E+00 -2.49888E+01  6.70581E+00   8.286  1.02525E+09  1.01169E+09  1.46382E+10  4.38225E+09  3.23943E+10  7.94212E-01  2.64164E+03   8.433   8.642
 0.430  3.53097E-01 -4.60950E-01 -3.05370E-01 -1.36893E+01 -2.35296E+01  2.16283E+01   7.404  8.86399E+08  8.77440E+08  1.44649E+10  4.21468E+09  2.86481E+10  5.06942E-01  2.79012E+03   8.465   8.647
 0.440  7.43929E-01 -6.10117E-01 -8.28545E-01 -4.42700E+00 -4.75795E+00  1.76442E+01   7.771  8.46178E+08  8.38460E+08  1.46100E+10  4.29846E+09  3.00359E+10  4.18371E-01  2.94242E+03   8.485   8.645
