  35
 0.100  5.99742E-02  1.01509E-01 -7.06452E-02  6.62843E+00 -4.63016E+00 -3.29636E+00 -6.05534E-01 -9.31244E-02 -7.90352E-01  3.57072E+00   0.562   0.500  8.07871E+06  8.61936E+06  1.41087E+06  0.00000E+00  1.23876E+07  1.01504E-02  1.05267E+02   7.608   7.614
 0.110 -2.17552E-02  5.31069E-02  4.46565E-02  9.79031E+00  1.91087E+01  1.67678E+01  5.03820E-01 -4.74253E-01 -7.21976E-01  6.45240E+00   0.675   0.500  3.79915E+07  3.82585E+07  2.56293E+06  4.89604E+04  1.54637E+07  1.65476E-02  1.28535E+02   7.584   7.560
 0.120  1.35018E-01  7.78818E-02  1.17946E-02  1.02708E+01 -1.87116E+01  6.74866E+00  4.99816E-01 -7.93810E-02 -8.62486E-01  1.26646E+01   0.825   0.500  1.75573E+07  1.86684E+07  2.49716E+06  3.95409E+04  2.26136E+07  1.59502E-02  1.37104E+02   7.899   7.757
 0.130 -5.50878E-02  4.18901E-02 -7.29439E-02  1.25723E+01  1.67840E+01  2.12550E+00  8.56996E-01 -1.14682E-01 -5.02399E-01  1.37915E+01   1.000   0.807  1.21492E+07  1.13689E+07  3.72295E+06  4.14599E+05  3.43361E+07  1.03180E-02  2.18987E+02   7.839   7.756
 0.140 -2.24876E-01 -1.56343E-01  1.17946E-01 -4.00154E+01 -4.37023E+00  1.13466E+01 -3.83094E-03  2.34530E-01 -9.72101E-01  4.34678E+01   1.510   0.631  1.76775E+08  1.77991E+08  1.65328E+07  5.90634E+06  1.68355E+08  1.41125E-01  1.68429E+02   7.823   7.587
 0.150 -1.80791E-01  1.07651E-01 -2.50039E-01  3.49543E+01  6.38272E+00  3.82153E+00  8.17513E-01 -5.49200E-01 -1.73355E-01  3.21554E+01   1.893   1.656  9.48416E+07  8.89596E+07  3.52888E+06  6.62498E+05  8.28057E+07  8.02184E-05  3.31618E+02   7.828   7.802
 0.160  1.32660E-01 -2.11263E-01  1.00714E-01 -2.83366E+01  2.79954E+01  1.08251E+01  7.79159E-01 -3.42065E-01 -5.25264E-01  3.01670E+01   1.985   1.424  3.01052E+08  2.90757E+08  1.39606E+07  6.68829E+05  9.96828E+07  1.18371E-01  1.82284E+02   8.055   7.876
 0.170 -4.86217E-01  1.25068E-02 -3.91381E-01 -8.62799E+00 -2.15901E+01 -2.51068E+01 -7.35854E-01 -5.65166E-01  3.72970E-01  3.37170E+01   2.241   1.315  4.10759E+08  4.25858E+08  5.74009E+07  4.45241E+06  2.20815E+08  5.35393E-01  1.40786E+02   8.247   8.186
 0.180  2.30537E-01 -7.64622E-02  3.91578E-01 -8.85882E+00 -4.82319E+01  4.68267E+01  9.04985E-01 -3.18255E-01 -2.82341E-01  1.09893E+02   2.734   0.846  6.72761E+08  7.35536E+08  2.90095E+08  1.62075E+08  4.77214E+08  1.47097E+00  2.59896E+02   8.300   8.360
 0.190 -1.93917E-01 -2.70722E-01 -8.16617E-01 -3.75604E+00 -2.16192E+01  2.09688E+01  8.09320E-01  5.73013E-01 -1.29059E-01  6.37387E+01   3.339   1.288  1.03861E+09  1.20687E+09  3.78874E+08  9.13014E+07  6.17967E+08  3.34154E+00  1.55988E+02   8.499   8.398
 0.200 -9.63967E-04  3.83436E-02 -2.46238E-02 -6.81165E+00  1.20770E+01  1.75567E+01  8.96677E-01  4.37625E-01  6.67410E-02  5.79691E+01   1.512   0.500  1.11916E+09  1.37490E+09  4.21197E+08  5.32552E+07  1.64946E+08  4.68605E+00  1.24162E+02   8.516   8.391
 0.210  8.38767E-02  6.23086E-03 -7.28744E-02 -2.65060E+00 -4.86386E+00 -8.85603E+00  4.32510E-01 -9.19283E-02  8.96931E-01  5.00288E+01   1.641   0.636  6.16998E+08  7.02707E+08  3.63614E+08  6.59663E+07  2.05850E+08  1.26924E+00  2.57375E+02   8.694   8.522
 0.220  1.69840E-02 -1.26943E-01 -8.55221E-02  7.62034E+00  1.42967E+00  1.68895E+00  1.71583E-01 -5.79270E-01  7.96873E-01  1.05983E+02   2.765   0.500  7.06850E+08  9.34774E+08  5.68309E+08  9.88664E+07  3.40202E+08  3.22962E+00  2.27102E+02   8.638   8.418
 0.230  1.63290E-01 -3.18498E-01 -3.64082E-01  7.48078E-01  1.26694E+01  4.59173E+00  5.74956E-02 -7.60259E-01  6.47070E-01  1.46334E+02   3.307   0.749  8.92408E+08  1.19442E+09  9.66961E+08  1.57042E+08  5.59271E+08  3.54364E+00  2.42094E+02   8.550   8.386
 0.240  3.86940E-02 -6.70366E-02 -1.06657E-01 -1.86076E+01 -1.74204E+00 -1.52981E+01 -1.55994E-02 -7.62189E-01  6.47167E-01  9.30568E+01   2.268   0.500  7.25917E+08  1.10390E+09  1.27381E+09  1.19126E+08  3.51592E+08  4.52274E+00  2.68469E+02   8.606   8.444
 0.250  2.05937E-02 -6.63610E-02 -5.66421E-02  4.92695E+00  1.50046E+01  1.20602E+00 -3.61425E-01 -5.81686E-01  7.28706E-01  1.01579E+02   2.141   0.500  7.03628E+08  9.70059E+08  1.62847E+09  1.32407E+08  3.60155E+08  3.52658E+00  3.51715E+02   8.657   8.534
 0.260 -2.55199E-02  2.04911E-03  2.31397E-04 -6.34103E+00  1.32944E+00 -4.01719E+00 -1.22971E-01 -7.82573E-01  6.10293E-01  7.45476E+01   1.264   0.500  7.00428E+08  9.54017E+08  1.65348E+09  1.05867E+08  2.46006E+08  3.46417E+00  4.28544E+02   8.632   8.646
 0.270  6.81536E-05 -1.30868E-02 -1.51528E-02  5.74649E+00 -3.07670E+00 -4.30542E+00 -1.06830E-02 -7.61874E-01  6.47638E-01  5.17600E+01   1.000   0.500  3.41070E+08  8.49632E+08  3.03616E+09  1.07265E+08  1.96622E+08  6.10662E+00  4.68832E+02   8.893   8.730
 0.280 -1.30224E-01  3.39411E-01  2.00972E-01 -2.89568E+01 -3.22466E+01 -1.65192E+01 -1.86671E-01 -5.46765E-01  8.16212E-01  9.52343E+01   1.658   0.500  5.27624E+08  1.01074E+09  3.72366E+09  6.18747E+08  4.29326E+08  5.52757E+00  5.11560E+02   8.822   8.728
 0.290  2.04737E-01  2.27012E-01 -8.47226E-03 -1.08121E+01  3.33495E+00 -1.23704E+01 -2.90677E-01 -5.36810E-02  9.55314E-01  3.16106E+02   4.333   0.589  8.15438E+08  1.10898E+09  3.57880E+09  7.33109E+08  9.01385E+08  3.39510E+00  6.32800E+02   8.622   8.727
 0.300  2.80748E-01 -6.83604E-02 -5.55583E-02 -1.37806E+01  1.29877E+01 -8.49577E-01 -4.37819E-02  1.48915E-03  9.99040E-01  4.91188E+02   5.465   0.654  8.06467E+08  9.37890E+08  3.45818E+09  7.24744E+08  1.08446E+09  1.71316E+00  7.42864E+02   8.558   8.725
 0.310 -1.21005E-01 -6.94622E-01 -6.84304E-02 -8.75762E+00 -1.49988E+01  5.27387E+00  1.01183E-01 -1.65374E-02  9.94730E-01  6.13056E+02   6.505   0.630  9.23398E+08  1.02969E+09  3.37180E+09  7.17844E+08  1.17965E+09  1.81594E+00  8.59238E+02   8.479   8.725
 0.320  4.46425E-01 -5.87206E-01 -2.14603E-01 -2.12674E+01  3.91356E+00  6.12791E+00  2.56476E-01 -9.10914E-02  9.62249E-01  6.84774E+02   6.791   0.706  9.82005E+08  1.07261E+09  3.36348E+09  7.45755E+08  1.39506E+09  1.66027E+00  9.65359E+02   8.449   8.708
 0.330  8.52417E-01 -9.00802E-01 -5.29664E-01 -7.47081E+00 -6.94741E+00  1.16329E+00  3.58009E-01 -1.07555E-01  9.27503E-01  6.22128E+02   6.913   0.774  7.89285E+08  8.28477E+08  3.40000E+09  7.63914E+08  1.41518E+09  8.23477E-01  1.09182E+03   8.476   8.716
 0.340  5.12470E-01 -6.52378E-01 -4.64435E-01 -3.62706E+01 -3.34522E+01  1.29398E+01  4.11653E-01 -7.98867E-02  9.07832E-01  5.59288E+02   7.564   0.977  7.69125E+08  7.89491E+08  3.71766E+09  8.39343E+08  1.66418E+09  6.53486E-01  1.24613E+03   8.463   8.713
 0.350  4.26760E-01 -1.04721E+00 -4.17567E-01 -2.09161E+01 -1.39862E+01  1.65875E+01  4.76802E-01 -5.37018E-02  8.77369E-01  5.78132E+02   6.998   0.868  7.68513E+08  7.91125E+08  3.69047E+09  8.28962E+08  1.52717E+09  7.16434E-01  1.36551E+03   8.480   8.713
 0.360  3.53522E-01 -7.31897E-01 -3.52932E-01 -2.05242E+01 -2.53843E+01  1.52389E+01  5.15697E-01  4.49416E-02  8.55591E-01  5.89894E+02   6.936   0.853  6.58660E+08  6.72856E+08  3.77170E+09  8.25463E+08  1.50522E+09  5.33790E-01  1.49273E+03   8.512   8.713
 0.370  2.51775E-01 -1.26245E+00 -1.90320E-01 -1.03427E+01 -3.27089E+01  5.30049E+00  5.84407E-01  4.21017E-02  8.10368E-01  6.20631E+02   7.450   0.716  6.59358E+08  6.74866E+08  3.66285E+09  7.84080E+08  1.33129E+09  4.90041E-01  1.60945E+03   8.530   8.715
 0.380  2.99809E-02  5.50187E-01  9.46761E-02 -4.35400E+01 -1.97345E+01  6.86220E+01  7.19291E-01  1.26028E-01  6.83182E-01  7.19576E+02   7.457   1.014  8.66636E+08  8.79556E+08  3.74691E+09  8.53916E+08  1.76602E+09  6.52521E-01  1.73229E+03   8.419   8.694
 0.390  1.57137E-01 -5.15555E-01 -1.98096E-01 -1.61647E+01 -2.10171E+01  3.34644E+01  7.80475E-01  1.36835E-01  6.10029E-01  7.34438E+02   8.166   1.025  8.42080E+08  8.36883E+08  3.60686E+09  8.43183E+08  1.80676E+09  4.86307E-01  1.84710E+03   8.421   8.687
 0.400  1.42047E+00 -8.35253E-01 -1.83386E+00  3.20054E+00  1.44634E+01  5.03834E+00  8.13856E-01  9.96834E-02  5.72453E-01  7.92515E+02   7.784   0.783  8.88311E+08  9.12626E+08  3.08335E+09  6.89304E+08  1.45392E+09  7.43008E-01  1.99067E+03   8.392   8.700
 0.410  4.11049E-01 -1.55380E+00 -1.74262E-01  1.89261E+00 -2.35180E+01 -4.60970E+00  8.08375E-01  1.20904E-01  5.76118E-01  7.53849E+02   7.944   0.862  9.84899E+08  1.01176E+09  2.94722E+09  6.89385E+08  1.56466E+09  6.23934E-01  2.09531E+03   8.405   8.679
 0.420  3.80751E-01 -5.70052E-01 -4.10624E-01 -4.00419E+00 -2.49888E+01  6.70581E+00  7.87124E-01  2.22157E-01  5.75397E-01  7.02497E+02   8.286   0.825  8.31553E+08  8.59184E+08  3.00918E+09  6.92589E+08  1.56724E+09  6.73004E-01  2.18563E+03   8.445   8.666
 0.430  3.53097E-01 -4.60950E-01 -3.05370E-01 -1.36893E+01 -2.35296E+01  2.16283E+01  7.62769E-01  3.19041E-01  5.62491E-01  6.68528E+02   7.404   0.850  7.41272E+08  7.47533E+08  3.13050E+09  6.99181E+08  1.48194E+09  4.02527E-01  2.32861E+03   8.480   8.667
 0.440  7.43929E-01 -6.10117E-01 -8.28545E-01 -4.42700E+00 -4.75795E+00  1.76442E+01  7.62203E-01  3.84659E-01  5.20657E-01  7.10951E+02   7.771   0.837  7.06414E+08  7.12135E+08  3.24527E+09  7.45320E+08  1.50530E+09  3.20027E-01  2.46165E+03   8.492   8.666
