  35
 0.100   0.562  1.05358E-01  9.30917E-02  8.77421E-02
 0.110   0.675  7.24057E-02  9.18254E-02  5.13122E-02
 0.120   0.825  1.43862E-01  9.33735E-02  1.70601E-01
 0.130   1.000  2.97412E-02  2.60709E-02  2.84470E-02
 0.140   1.510  4.90161E-01  5.82536E-01  3.16947E-01
 0.150   1.893  2.30323E-02  1.50801E-02  1.36048E-01
 0.160   1.985  1.08633E+00  1.05218E+00  9.57397E-01
 0.170   2.241  2.49707E+00  2.39974E+00  2.17812E+00
 0.180   2.734  4.19376E+00  4.51957E+00  3.84705E+00
 0.190   3.339  1.09212E+01  1.13561E+01  8.72446E+00
 0.200   1.512  1.07683E+01  1.21307E+01  8.86111E+00
 0.210   1.641  6.53457E+00  6.62247E+00  7.71798E+00
 0.220   2.765  8.03805E+00  7.53671E+00  7.79579E+00
 0.230   3.307  6.72353E+00  6.46657E+00  7.23840E+00
 0.240   2.268  8.20691E+00  8.04559E+00  8.13921E+00
 0.250   2.141  8.37773E+00  8.32635E+00  8.21636E+00
 0.260   1.264  7.12627E+00  7.34621E+00  6.54856E+00
 0.270   1.000  7.54623E+00  6.89584E+00  8.42837E+00
 0.280   1.658  8.31681E+00  8.08142E+00  8.44293E+00
 0.290   4.333  4.47611E+00  4.20061E+00  5.35082E+00
 0.300   5.465  2.12537E+00  2.09010E+00  2.42224E+00
 0.310   6.505  2.24544E+00  2.22657E+00  2.16662E+00
 0.320   6.791  1.93582E+00  1.92094E+00  1.87165E+00
 0.330   6.913  1.03020E+00  9.66631E-01  1.10290E+00
 0.340   7.564  9.11475E-01  9.15770E-01  9.72965E-01
 0.350   6.998  9.39486E-01  9.60697E-01  8.72896E-01
 0.360   6.936  6.74474E-01  6.56600E-01  6.94851E-01
 0.370   7.450  5.69351E-01  5.28249E-01  5.81196E-01
 0.380   7.457  7.44474E-01  7.20800E-01  7.40678E-01
 0.390   8.166  5.79138E-01  5.44221E-01  6.04490E-01
 0.400   7.784  8.99468E-01  9.16097E-01  8.05549E-01
 0.410   7.944  7.68311E-01  6.83844E-01  8.60283E-01
 0.420   8.286  7.94212E-01  7.41962E-01  8.90932E-01
 0.430   7.404  5.06942E-01  4.85662E-01  5.35034E-01
 0.440   7.771  4.18371E-01  3.92819E-01  4.58287E-01
