  12
 0.120   0.908   0.619  1.47638E+06  1.68914E+06  1.46575E+06  1.24928E+02  0.00000E+00  0.00000E+00  0.00000E+00  1.47638E+06  1.68914E+06  1.46575E+06
 0.130   1.062   0.673  2.43510E+06  2.89321E+06  2.41123E+06  1.85110E+02  3.50011E+05  4.29647E+05  3.44231E+05  2.08509E+06  2.46356E+06  2.06700E+06
 0.140   2.005   1.730  3.24895E+06  3.78245E+06  3.22051E+06  1.79578E+02  7.77453E+05  9.56951E+05  7.65624E+05  2.47149E+06  2.82550E+06  2.45489E+06
 0.150   1.921   1.452  4.85938E+06  5.53308E+06  4.83813E+06  1.07449E+02  1.15943E+06  1.43179E+06  1.14139E+06  3.69996E+06  4.10129E+06  3.69675E+06
 0.160   1.838   1.196  1.79669E+07  2.10165E+07  1.78765E+07  1.40611E+02  3.47603E+06  4.31472E+06  3.42009E+06  1.44909E+07  1.67017E+07  1.44564E+07
 0.170   2.308   1.619  3.67752E+07  4.49344E+07  3.64539E+07  2.51278E+02  1.17407E+07  1.46317E+07  1.15791E+07  2.50345E+07  3.03027E+07  2.48748E+07
 0.180   2.830   1.942  4.72827E+07  5.64787E+07  4.69555E+07  2.14430E+02  9.83502E+06  1.23880E+07  9.67316E+06  3.74477E+07  4.40908E+07  3.72824E+07
 0.190   3.044   1.769  6.53842E+07  8.02339E+07  6.46482E+07  3.38429E+02  1.68655E+07  2.15662E+07  1.64940E+07  4.85187E+07  5.86678E+07  4.81543E+07
 0.200   2.433   1.873  4.02571E+07  4.92642E+07  3.97625E+07  3.88302E+02  9.93761E+06  1.28242E+07  9.70455E+06  3.03195E+07  3.64401E+07  3.00579E+07
 0.210   3.478   1.387  1.09742E+08  1.34128E+08  1.08494E+08  3.75399E+02  2.61007E+07  3.35613E+07  2.54722E+07  8.36417E+07  1.00567E+08  8.30220E+07
 0.220   3.582   1.675  2.08999E+08  2.61348E+08  2.05804E+08  5.09478E+02  7.16826E+07  9.24428E+07  6.98893E+07  1.37316E+08  1.68905E+08  1.35915E+08
 0.230   5.131   1.670  3.94567E+08  4.92514E+08  3.88479E+08  5.34283E+02  1.73784E+08  2.24516E+08  1.69662E+08  2.20783E+08  2.67998E+08  2.18817E+08
