  12
 0.120   7.250   0.908  6.09437E+09  5.99674E+08  3.38430E+07  3.95777E+07  5.46085E+09  4.08561E+07  1.20242E+07  1.39277E+07  2.75021E+08  8.52133E+08  3.50078E+07  4.09401E+07  6.53492E+09  5.76057E+07  1.53946E+07  1.78768E+07  3.96486E+08
 0.130   8.500   1.062  7.53872E+09  7.50642E+08  4.79770E+07  5.73907E+07  6.74010E+09  1.01561E+07  1.75666E+07  2.10189E+07  3.72376E+08  9.24999E+08  4.88122E+07  5.84264E+07  7.82306E+09  1.20089E+07  2.19899E+07  2.63199E+07  5.25850E+08
 0.140  14.250   2.005  2.89683E+10  2.80341E+09  1.91381E+08  2.27870E+08  2.59735E+10  4.72600E+07  2.68609E+07  3.29227E+07  8.22238E+08  2.01575E+09  1.85076E+08  2.20064E+08  2.05124E+10  1.09566E+08  3.25271E+07  3.97949E+07  1.35806E+09
 0.150  16.500   1.921  3.60511E+10  3.36039E+09  5.10174E+08  5.92913E+08  3.21806E+10  3.43546E+08  1.81220E+08  2.05178E+08  1.56450E+09  2.30210E+09  5.05096E+08  5.86639E+08  2.57371E+10  4.37911E+08  2.06301E+08  2.33978E+08  2.09650E+09
 0.160  18.500   1.838  4.15718E+10  2.96986E+09  6.37058E+08  7.67093E+08  3.79649E+10  2.27103E+08  3.05995E+08  3.64168E+08  2.28880E+09  1.52613E+09  6.17695E+08  7.42925E+08  2.20429E+10  2.25483E+08  3.04285E+08  3.62114E+08  2.26560E+09
 0.170  20.250   2.308  4.64728E+10  3.16322E+09  7.01035E+08  8.61339E+08  4.26085E+10  1.79771E+08  3.99647E+08  4.88266E+08  3.11245E+09  1.38799E+09  6.80099E+08  8.35029E+08  2.26098E+10  2.39777E+08  4.38923E+08  5.36156E+08  3.81438E+09
 0.180  25.250   2.830  7.34484E+10  5.04893E+09  1.07149E+09  1.32707E+09  6.73280E+10  2.97300E+08  5.28464E+08  6.51436E+08  4.08982E+09  1.61497E+09  7.59812E+08  9.42073E+08  2.30557E+10  3.52660E+08  5.58459E+08  6.88883E+08  4.82485E+09
 0.190  28.750   3.044  9.17915E+10  6.55390E+09  1.20820E+09  1.51202E+09  8.40294E+10  4.16533E+08  6.45953E+08  8.04824E+08  5.48272E+09  2.00236E+09  8.76097E+08  1.09414E+09  2.71160E+10  4.48249E+08  6.63057E+08  8.26392E+08  5.98005E+09
 0.200  31.000   2.433  1.02150E+11  7.30123E+09  1.49058E+09  1.85285E+09  9.33579E+10  9.16885E+08  8.20524E+08  1.01903E+09  5.89558E+09  2.76656E+09  1.08020E+09  1.34069E+09  2.65971E+10  6.78304E+08  7.27057E+08  9.03172E+08  4.04218E+09
 0.210  34.500   3.478  1.17217E+11  7.81221E+09  1.89058E+09  2.35867E+09  1.07514E+11  5.44607E+08  1.12457E+09  1.39492E+09  6.84369E+09  1.82858E+09  1.36016E+09  1.69340E+09  2.54268E+10  5.51606E+08  1.12736E+09  1.39844E+09  6.92026E+09
 0.220  37.000   3.582  1.28944E+11  9.22678E+09  2.04150E+09  2.57534E+09  1.17676E+11  9.55833E+08  1.27641E+09  1.60912E+09  8.79262E+09  2.67524E+09  1.94952E+09  2.45702E+09  3.35414E+10  9.21017E+08  1.25709E+09  1.58458E+09  8.34160E+09
 0.230  41.750   5.131  1.58355E+11  1.18258E+10  2.66371E+09  3.35283E+09  1.43865E+11  1.11672E+09  1.81616E+09  2.28941E+09  1.07264E+10  3.51574E+09  2.31804E+09  2.91041E+09  3.35519E+10  1.71429E+09  1.94535E+09  2.44815E+09  1.41955E+10
