  12
 0.120 -8.23197E-02  1.20986E-01 -3.07600E-03  7.61088E+00  2.92826E+00  6.39285E-01   0.908  5.76057E+07  6.15871E+07  1.53946E+07  0.00000E+00  3.96486E+08  1.16847E-01  1.42445E+02   7.430   7.221
 0.130 -1.01122E-01 -3.04347E-01  8.21522E-02  4.25427E+00 -3.76780E+01 -1.62974E+01   1.062  1.20089E+07  1.70813E+07  2.19899E+07  2.82092E+06  5.25850E+08  3.20036E-02  1.94326E+02   7.555   7.307
 0.140 -3.05876E-01  1.48901E-02  4.51235E-01  1.67083E+01  2.81156E+01  1.89754E+01   2.005  1.09566E+08  1.07658E+08  3.25271E+07  1.11914E+07  1.35806E+09  2.65557E-02  2.83491E+02   7.165   7.268
 0.150  3.62580E-02  1.21713E-01  1.36865E-01 -3.66698E+00 -1.73585E+01  3.68055E+00   1.921  4.37911E+08  5.76731E+08  2.06301E+08  3.73589E+07  2.09650E+09  2.60473E+00  9.78353E+01   7.930   7.710
 0.160 -1.28247E-01 -1.15640E-01  3.86717E-02 -9.91428E+00 -5.97300E+01  3.47949E+01   1.838  2.25483E+08  2.91336E+08  3.04285E+08  7.21158E+07  2.26560E+09  6.95457E-01  1.72695E+02   7.821   7.770
 0.170 -7.69623E-02 -1.18595E-01  1.75259E-01  5.95691E+00 -1.69315E+01  1.99248E+01   2.308  2.39777E+08  2.75168E+08  4.38923E+08  1.42548E+08  3.81438E+09  6.19271E-01  2.60936E+02   7.921   7.764
 0.180  1.73208E-01  1.50627E-01 -5.86885E-02  7.02033E+00 -1.74440E+01  1.57114E+01   2.830  3.52660E+08  4.05012E+08  5.58459E+08  1.75437E+08  4.82485E+09  9.53240E-01  3.26580E+02   7.936   7.778
 0.190 -4.60651E-01 -5.06874E-01  2.83989E-01  2.40997E+01 -5.98377E+01 -1.66679E+01   3.044  4.48249E+08  4.97576E+08  6.63057E+08  2.00189E+08  5.98005E+09  7.74908E-01  3.94783E+02   7.933   7.816
 0.200 -4.68739E-02 -3.38196E-01  1.95135E-01  9.22023E+00  2.09177E+01  3.29598E+01   2.433  6.78304E+08  7.60935E+08  7.27057E+08  1.57922E+08  4.04218E+09  1.62325E+00  4.17609E+02   7.916   7.869
 0.210 -1.10215E-01  1.26562E-01 -4.02344E-01  2.56625E+01 -2.60761E+01 -2.50675E+00   3.478  5.51606E+08  7.35088E+08  1.12736E+09  2.65367E+08  6.92026E+09  2.03906E+00  4.22102E+02   8.091   7.925
 0.220 -1.67269E-01  1.67203E-01  1.31655E-01  2.65636E+01 -3.39009E+01 -3.14831E+01   3.582  9.21017E+08  9.39006E+08  1.25709E+09  3.13271E+08  8.34160E+09  1.04530E+00  5.12804E+02   7.946   7.931
 0.230  2.56935E-01  1.64551E-01 -4.27204E-01  5.98567E+00  2.12871E+01 -3.73274E+01   5.131  1.71429E+09  1.85275E+09  1.94535E+09  6.69430E+08  1.41955E+10  3.07907E+00  5.45846E+02   7.958   7.942
