  12
 0.120  6.54517E+07  1.64717E+07  1.91425E+07  6.25219E+07  6.69349E+06  4.57510E+08  1.23372E-01
 0.130  1.14928E+07  2.08568E+07  2.49506E+07  1.02912E+07  6.22869E+06  4.81287E+08  3.03799E-02
 0.140  1.60288E+07  2.06170E+07  2.53117E+07  1.54572E+07  5.04581E+05  4.87190E+08  5.75879E-03
 0.150  1.44110E+08  1.02457E+08  1.15626E+08  1.37193E+08  8.74759E+07  5.79141E+08  1.40474E+00
 0.160  8.86502E+07  1.59338E+08  1.89316E+08  8.41934E+07  4.30310E+07  7.69777E+08  3.69582E-01
 0.170  4.98646E+07  1.77915E+08  2.17716E+08  4.67699E+07  1.57863E+07  8.76361E+08  2.01722E-01
 0.180  7.81431E+07  1.95390E+08  2.41916E+08  7.48012E+07  2.07518E+07  8.55327E+08  2.70519E-01
 0.190  8.28544E+07  2.76227E+08  3.41364E+08  7.97651E+07  5.35271E+07  9.61827E+08  5.19131E-01
 0.200  1.34422E+08  3.24541E+08  4.01635E+08  1.27535E+08  5.65978E+07  8.91991E+08  7.88867E-01
 0.210  9.06506E+07  4.68763E+08  5.75549E+08  8.66578E+07  1.45878E+08  9.28073E+08  1.20211E+00
 0.220  1.30758E+08  5.32889E+08  6.67822E+08  1.25158E+08  3.68010E+07  9.79868E+08  4.08345E-01
 0.230  4.52381E+07  6.66045E+08  8.35879E+08  4.12888E+07  1.12539E+08  1.05203E+09  7.62967E-01
