  12
 0.120 -8.23197E-02  1.20986E-01 -3.07600E-03  7.61088E+00  2.92826E+00  6.39285E-01  5.31378E-01  7.21688E-01 -4.43625E-01  1.35371E+01   0.908   0.619  5.46417E+07  5.29833E+07  1.47638E+06  0.00000E+00  2.76850E+07  1.36496E-02  1.24928E+02   7.414   7.188
 0.130 -1.01122E-01 -3.04347E-01  8.21522E-02  4.25427E+00 -3.76780E+01 -1.62974E+01  8.24181E-01  1.93866E-02  5.65994E-01  1.39239E+01   1.062   0.673  1.14585E+07  1.10627E+07  2.43510E+06  3.50011E+05  4.80539E+07  7.50984E-03  1.85110E+02   7.563   7.355
 0.140 -3.05876E-01  1.48901E-02  4.51235E-01  1.67083E+01  2.81156E+01  1.89754E+01 -5.86649E-01  5.19205E-01 -6.21505E-01  4.26100E+01   2.005   1.730  1.37435E+08  1.34424E+08  3.24895E+06  7.77453E+05  1.26703E+08  2.06481E-02  1.79578E+02   7.152   7.278
 0.150  3.62580E-02  1.21713E-01  1.36865E-01 -3.66698E+00 -1.73585E+01  3.68055E+00 -2.73201E-01 -8.60223E-01 -4.30555E-01  9.15001E+00   1.921   1.452  4.23253E+08  3.99714E+08  4.85938E+06  1.15943E+06  9.36968E+07  4.56851E-02  1.07449E+02   7.945   7.671
 0.160 -1.28247E-01 -1.15640E-01  3.86717E-02 -9.91428E+00 -5.97300E+01  3.47949E+01  2.31686E-01  4.24193E-01  8.75432E-01  2.73639E+01   1.838   1.196  2.14943E+08  2.09210E+08  1.79669E+07  3.47603E+06  1.48901E+08  8.52649E-02  1.40611E+02   7.797   7.770
 0.170 -7.69623E-02 -1.18595E-01  1.75259E-01  5.95691E+00 -1.69315E+01  1.99248E+01  7.87526E-01 -5.57794E-01  2.62047E-01  3.06182E+01   2.308   1.619  2.57422E+08  2.38590E+08  3.67752E+07  1.17407E+07  2.82587E+08  3.77947E-02  2.51278E+02   7.916   7.752
 0.180  1.73208E-01  1.50627E-01 -5.86885E-02  7.02033E+00 -1.74440E+01  1.57114E+01  6.19000E-01 -6.82481E-01 -3.88664E-01  2.15905E+01   2.830   1.942  3.62364E+08  3.52347E+08  4.72827E+07  9.83502E+06  2.62717E+08  2.64710E-01  2.14430E+02   7.933   7.851
 0.190 -4.60651E-01 -5.06874E-01  2.83989E-01  2.40997E+01 -5.98377E+01 -1.66679E+01  3.02682E-01 -1.31916E-01  9.43918E-01  1.10386E+02   3.044   1.769  4.45709E+08  4.29244E+08  6.53842E+07  1.68655E+07  4.98081E+08  1.70691E-01  3.38429E+02   7.922   7.828
 0.200 -4.68739E-02 -3.38196E-01  1.95135E-01  9.22023E+00  2.09177E+01  3.29598E+01 -3.55691E-01 -9.16326E-01  1.83932E-01  5.86510E+01   2.433   1.873  6.64214E+08  6.32702E+08  4.02571E+07  9.93761E+06  2.69701E+08  1.68785E-01  3.88302E+02   7.921   7.840
 0.210 -1.10215E-01  1.26562E-01 -4.02344E-01  2.56625E+01 -2.60761E+01 -2.50675E+00 -6.48188E-01 -7.59858E-01  4.96940E-02  6.98771E+01   3.478   1.387  4.85420E+08  4.73791E+08  1.09742E+08  2.61007E+07  6.24036E+08  3.42641E-01  3.75399E+02   8.075   7.893
 0.220 -1.67269E-01  1.67203E-01  1.31655E-01  2.65636E+01 -3.39009E+01 -3.14831E+01 -9.11140E-01 -4.10483E-01 -3.64314E-02  1.57622E+02   3.582   1.675  8.34995E+08  8.07973E+08  2.08999E+08  7.16826E+07  1.47055E+09  3.76489E-01  5.09478E+02   7.959   7.891
 0.230  2.56935E-01  1.64551E-01 -4.27204E-01  5.98567E+00  2.12871E+01 -3.73274E+01 -9.33202E-01 -2.94590E-01 -2.05793E-01  2.89473E+02   5.131   1.670  1.55761E+09  1.51692E+09  3.94567E+08  1.73784E+08  2.23958E+09  1.11149E+00  5.34283E+02   7.941   7.898
