  12
 0.120         1129  0.14719E-01  0.16763E-01  0.79726E-02 -0.11637E+02 -0.47392E+01 -0.14755E+02  0.53138E+00  0.72169E+00 -0.44363E+00   0.908   0.619
 0.130        22114  0.66446E-02  0.67554E-02  0.34331E-01 -0.18648E+02 -0.12004E+01 -0.31776E-01  0.82418E+00  0.19387E-01  0.56599E+00   1.062   0.673
 0.140        12904 -0.33380E-02 -0.14306E-01 -0.16452E-01 -0.13580E+02  0.19973E+02  0.14343E+02 -0.58665E+00  0.51920E+00 -0.62151E+00   2.005   1.730
 0.150       254516  0.10220E-01 -0.91976E-02  0.91976E-02  0.55268E+01  0.25000E+01  0.37829E+02 -0.27320E+00 -0.86022E+00 -0.43056E+00   1.921   1.452
 0.160       290188 -0.16358E-01 -0.44983E-02  0.16903E-01  0.19150E+01 -0.21415E+01  0.40830E+02  0.23169E+00  0.42419E+00  0.87543E+00   1.838   1.196
 0.170       246021  0.23163E-01 -0.12885E-01 -0.43431E-02 -0.60265E+02 -0.31866E+02  0.48307E+02  0.78753E+00 -0.55779E+00  0.26205E+00   2.308   1.619
 0.180        16523 -0.27602E-02  0.11041E-01 -0.64405E-02  0.28498E+02 -0.90127E+01 -0.55419E+01  0.61900E+00 -0.68248E+00 -0.38866E+00   2.830   1.942
 0.190       903388  0.20064E-01 -0.80902E-02 -0.64721E-02 -0.67442E+01 -0.16540E+02 -0.20615E+02  0.30268E+00 -0.13192E+00  0.94392E+00   3.044   1.769
 0.200        62550 -0.91968E-02 -0.23844E-02  0.16350E-01 -0.40723E+02  0.70371E+02  0.41596E+02 -0.35569E+00 -0.91633E+00  0.18393E+00   2.433   1.873
 0.210      1429379  0.50072E-02  0.76896E-02 -0.32189E-02 -0.12602E+02 -0.13228E+02  0.18639E+02 -0.64819E+00 -0.75986E+00  0.49694E-01   3.478   1.387
 0.220      1350417 -0.74946E-03 -0.12553E-01 -0.74946E-02  0.66858E+01 -0.58931E+02 -0.59170E+02 -0.91114E+00 -0.41048E+00 -0.36431E-01   3.582   1.675
 0.230      1342354 -0.39176E-03  0.64641E-02  0.58764E-02  0.15342E+03  0.56130E+02  0.49258E+01 -0.93320E+00 -0.29459E+00 -0.20579E+00   5.131   1.670
