  12
 0.120   0.908  1.16847E-01  1.45197E-01  7.01946E-02
 0.130   1.062  3.20036E-02  3.02513E-02  7.58298E-02
 0.140   2.005  2.65557E-02  3.43131E-02  1.89738E-02
 0.150   1.921  2.60473E+00  2.72467E+00  1.85765E+00
 0.160   1.838  6.95457E-01  6.62218E-01  9.36240E-01
 0.170   2.308  6.19271E-01  6.27377E-01  6.33711E-01
 0.180   2.830  9.53240E-01  9.19281E-01  9.13713E-01
 0.190   3.044  7.74908E-01  7.55491E-01  8.89712E-01
 0.200   2.433  1.62325E+00  1.74617E+00  1.35766E+00
 0.210   3.478  2.03906E+00  1.68639E+00  2.69526E+00
 0.220   3.582  1.04530E+00  1.16149E+00  9.63201E-01
 0.230   5.131  3.07907E+00  2.93781E+00  3.42487E+00
