  41
 0.160   1.911   1.288  4.76806E-02  5.67716E-02  3.00769E-02
 0.170   2.169   1.396  1.23729E-01  1.56882E-01  8.52248E-02
 0.180   2.982   1.449  7.76714E-01  6.56066E-01  1.11463E+00
 0.190   2.673   0.803  4.11827E+00  5.09007E+00  2.59262E+00
 0.200   3.056   1.021  2.30066E+00  2.58497E+00  1.93267E+00
 0.210   2.293   0.583  6.75515E+00  7.51779E+00  5.19833E+00
 0.220   3.769   1.134  1.23998E+00  1.36771E+00  1.01215E+00
 0.230   1.954   0.531  1.17558E+00  1.36329E+00  8.32134E-01
 0.240   1.000   0.500  4.28457E+00  3.98354E+00  4.87007E+00
 0.250   4.257   0.811  1.89023E+00  1.99784E+00  1.64280E+00
 0.260   2.563   0.918  2.46163E+00  2.88036E+00  1.77631E+00
 0.270   3.441   0.667  2.08715E+00  2.25448E+00  1.98252E+00
 0.280   4.699   1.264  2.49117E+00  2.59550E+00  2.42194E+00
 0.290   6.631   1.916  2.83272E+00  2.90969E+00  2.57809E+00
 0.300   6.173   1.374  1.56897E+00  1.51095E+00  1.59015E+00
 0.310   6.789   1.523  3.83313E+00  3.69524E+00  3.85824E+00
 0.320   6.173   1.690  2.97776E+00  3.01531E+00  3.05426E+00
 0.330   7.282   1.838  1.77001E+00  1.74071E+00  1.74834E+00
 0.340   7.483   1.213  3.45395E+00  3.69342E+00  2.84485E+00
 0.350   6.738   1.765  2.13065E+00  2.08922E+00  2.16284E+00
 0.360   7.925   1.848  3.34662E+00  3.25471E+00  3.13548E+00
 0.370   5.998   1.633  2.53640E+00  2.62551E+00  2.16850E+00
 0.380   6.806   1.475  3.05493E+00  3.02490E+00  3.14755E+00
 0.390   6.537   1.135  3.09059E+00  2.96242E+00  3.25706E+00
 0.400   6.784   1.859  3.37172E+00  3.40283E+00  3.17125E+00
 0.410   6.256   1.097  3.89849E+00  4.10713E+00  3.70542E+00
 0.420   6.672   1.405  3.35392E+00  3.40873E+00  3.04365E+00
 0.430   7.245   1.352  3.99141E+00  3.92997E+00  4.09034E+00
 0.440   7.911   1.142  5.09357E+00  5.03139E+00  5.17665E+00
 0.450   7.641   2.570  5.64223E+00  5.39197E+00  5.75791E+00
 0.460   6.244   1.713  6.19646E+00  6.22616E+00  5.93493E+00
 0.470   6.276   1.407  7.09536E+00  7.66204E+00  5.88604E+00
 0.480   6.607   0.941  6.42921E+00  6.62036E+00  5.80414E+00
 0.490   7.838   1.498  4.07630E+00  3.87754E+00  4.34896E+00
 0.500   6.949   0.961  3.23258E+00  3.23444E+00  3.08773E+00
 0.510   7.530   0.968  1.99706E+00  1.97478E+00  2.05118E+00
 0.520   7.667   0.952  1.87479E+00  1.78959E+00  2.01860E+00
 0.530   7.290   0.733  1.43213E+00  1.38648E+00  1.47432E+00
 0.540   7.929   0.986  1.15891E+00  1.13474E+00  1.19909E+00
 0.550   7.905   0.733  1.04189E+00  1.01704E+00  1.06787E+00
 0.560   8.176   0.609  9.33187E-01  9.24755E-01  9.04629E-01
