  41
 0.160  1.67500E+01  3.11324E+10  8.93991E+01
 0.170  1.92500E+01  3.94695E+10  9.38965E+01
 0.180  2.37500E+01  6.25761E+10  1.06440E+02
 0.190  2.67500E+01  7.64331E+10  1.10844E+02
 0.200  2.92500E+01  8.58194E+10  1.12322E+02
 0.210  3.12500E+01  9.20260E+10  1.12529E+02
 0.220  3.35000E+01  9.92165E+10  1.12851E+02
 0.230  3.55000E+01  1.03068E+11  1.11733E+02
 0.240  3.90000E+01  1.20791E+11  1.15404E+02
 0.250  4.40000E+01  1.54755E+11  1.22979E+02
 0.260  4.70000E+01  1.67626E+11  1.23839E+02
 0.270  4.92500E+01  1.71254E+11  1.22279E+02
 0.280  5.12500E+01  1.73906E+11  1.20794E+02
 0.290  5.32500E+01  1.75766E+11  1.19136E+02
 0.300  5.57500E+01  1.82556E+11  1.18662E+02
 0.310  5.75000E+01  1.82200E+11  1.16728E+02
 0.320  5.97500E+01  1.85732E+11  1.15613E+02
 0.330  6.22500E+01  1.93020E+11  1.15469E+02
 0.340  6.52500E+01  2.03028E+11  1.15670E+02
 0.350  6.77500E+01  2.11819E+11  1.15948E+02
 0.360  7.02500E+01  2.17545E+11  1.15395E+02
 0.370  7.22500E+01  2.19281E+11  1.14239E+02
 0.380  7.47500E+01  2.24174E+11  1.13559E+02
 0.390  7.65000E+01  2.24352E+11  1.12297E+02
 0.400  7.85000E+01  2.26979E+11  1.11504E+02
 0.410  8.17500E+01  2.38909E+11  1.12100E+02
 0.420  8.45000E+01  2.47305E+11  1.12182E+02
 0.430  8.70000E+01  2.52935E+11  1.11810E+02
 0.440  8.95000E+01  2.58317E+11  1.11404E+02
 0.450  9.22500E+01  2.65411E+11  1.11227E+02
 0.460  9.45000E+01  2.68959E+11  1.10627E+02
 0.470  9.65000E+01  2.68372E+11  1.09355E+02
 0.480  9.82500E+01  2.66543E+11  1.08007E+02
 0.490  1.00000E+02  2.65791E+11  1.06907E+02
 0.500  1.01750E+02  2.65829E+11  1.05991E+02
 0.510  1.02750E+02  2.60022E+11  1.04315E+02
 0.520  1.04000E+02  2.55955E+11  1.02872E+02
 0.530  1.05500E+02  2.53496E+11  1.01647E+02
 0.540  1.07000E+02  2.52361E+11  1.00706E+02
 0.550  1.08250E+02  2.48868E+11  9.94271E+01
 0.560  1.09500E+02  2.43975E+11  9.78814E+01
