  41
 0.160  1.03103E+08  2.21681E+07  2.59417E+07  1.00765E+08  1.08583E+07  3.09690E+08  1.79564E-01
 0.170  7.23314E+07  4.42105E+07  5.31410E+07  6.79940E+07  1.19250E+07  4.96751E+08  1.30470E-01
 0.180  2.18646E+08  1.48968E+08  1.71483E+08  2.11173E+08  1.10892E+08  4.24837E+08  1.26234E+00
 0.190  4.21056E+08  4.39277E+08  4.88138E+08  4.12983E+08  3.93310E+08  3.45772E+08  6.85518E+00
 0.200  2.96776E+08  9.00787E+08  1.06901E+09  2.88791E+08  2.43578E+08  6.84561E+08  2.93309E+00
 0.210  5.05098E+08  1.77873E+09  2.11806E+09  4.93839E+08  6.74435E+08  1.01537E+09  8.94098E+00
 0.220  3.00510E+08  2.27118E+09  2.77079E+09  2.94980E+08  4.29913E+08  1.11555E+09  4.23030E+00
 0.230  5.69553E+08  2.98298E+09  3.67392E+09  5.61098E+08  5.41210E+08  1.36771E+09  6.82574E+00
 0.240  3.56477E+08  3.75598E+09  4.67875E+09  3.51738E+08  5.61320E+08  1.55535E+09  5.25096E+00
 0.250  2.53148E+08  4.15809E+09  5.25256E+09  2.47629E+08  3.44805E+08  1.61247E+09  4.03966E+00
 0.260  8.41613E+08  4.87238E+09  6.18381E+09  8.27539E+08  4.98447E+08  2.36894E+09  7.65604E+00
 0.270  4.12060E+08  5.93891E+09  7.53712E+09  4.05097E+08  7.60904E+08  2.18487E+09  6.71270E+00
 0.280  1.58250E+08  6.15320E+09  7.93022E+09  1.54990E+08  2.35239E+08  2.15129E+09  2.29127E+00
 0.290  8.91577E+07  6.20648E+09  8.10696E+09  8.63990E+07  1.07724E+08  2.16026E+09  1.04632E+00
 0.300  1.05885E+08  6.12596E+09  8.08586E+09  1.03745E+08  6.64871E+07  2.06291E+09  6.79712E-01
 0.310  7.67265E+07  6.18484E+09  8.23360E+09  7.38862E+07  5.44082E+07  2.15012E+09  6.18472E-01
 0.320  8.51221E+07  6.16693E+09  8.26460E+09  8.26666E+07  5.66318E+07  2.11595E+09  6.39584E-01
 0.330  7.52669E+07  6.00826E+09  8.09865E+09  7.29391E+07  5.57975E+07  1.97985E+09  5.90016E-01
 0.340  1.19109E+08  6.15679E+09  8.32446E+09  1.15384E+08  1.12609E+08  2.07538E+09  1.50081E+00
 0.350  1.24967E+08  6.19345E+09  8.40438E+09  1.21670E+08  9.78443E+07  1.94128E+09  1.10901E+00
 0.360  8.83677E+07  6.36689E+09  8.66873E+09  8.57075E+07  7.52196E+07  2.12892E+09  8.63587E-01
 0.370  8.48969E+07  6.11180E+09  8.35640E+09  8.24882E+07  5.51776E+07  1.82671E+09  6.13142E-01
 0.380  9.65848E+07  6.28271E+09  8.61399E+09  9.37215E+07  5.97301E+07  2.07372E+09  6.71621E-01
 0.390  8.45850E+07  6.31873E+09  8.68605E+09  8.21819E+07  6.39680E+07  2.02674E+09  6.42651E-01
 0.400  8.21746E+07  6.28808E+09  8.66687E+09  7.97536E+07  5.48588E+07  2.00155E+09  6.31232E-01
 0.410  5.87796E+07  6.46917E+09  8.94097E+09  5.71241E+07  4.16739E+07  2.13009E+09  4.64018E-01
 0.420  4.49283E+07  6.18621E+09  8.57490E+09  4.37362E+07  2.24945E+07  1.91983E+09  2.47789E-01
 0.430  3.95575E+07  6.34935E+09  8.82455E+09  3.84572E+07  1.73331E+07  2.06798E+09  1.92147E-01
 0.440  4.36238E+07  6.39205E+09  8.90498E+09  4.20180E+07  2.30024E+07  2.08078E+09  2.56204E-01
 0.450  6.36583E+07  6.47830E+09  9.03273E+09  6.13561E+07  6.56926E+07  2.10041E+09  6.23458E-01
 0.460  6.39113E+07  6.24461E+09  8.72526E+09  6.17970E+07  2.92902E+07  1.93962E+09  3.25730E-01
 0.470  5.55318E+07  6.40518E+09  8.95904E+09  5.38108E+07  3.13371E+07  2.00687E+09  3.44077E-01
 0.480  4.81568E+07  6.51004E+09  9.11530E+09  4.66977E+07  2.73111E+07  2.11204E+09  3.05640E-01
 0.490  4.82085E+07  6.53618E+09  9.16491E+09  4.68399E+07  2.27455E+07  2.11429E+09  2.51101E-01
 0.500  4.03020E+07  6.55763E+09  9.20767E+09  3.91800E+07  1.88565E+07  2.11737E+09  1.92893E-01
 0.510  3.33922E+07  6.55102E+09  9.21205E+09  3.24432E+07  1.26936E+07  2.13316E+09  1.29365E-01
 0.520  4.81342E+07  6.56666E+09  9.24345E+09  4.64222E+07  1.24280E+07  2.13125E+09  1.54974E-01
 0.530  4.95858E+07  6.62854E+09  9.33541E+09  4.81003E+07  1.66554E+07  2.19876E+09  1.79144E-01
 0.540  5.02330E+07  6.58507E+09  9.27807E+09  4.88579E+07  1.86424E+07  2.13524E+09  1.98569E-01
 0.550  4.41438E+07  6.50299E+09  9.16745E+09  4.29836E+07  1.75071E+07  2.03689E+09  1.90413E-01
 0.560  6.55157E+07  6.55790E+09  9.24890E+09  6.39328E+07  1.75918E+07  2.05185E+09  1.92983E-01
