  41
 0.160   1.911  3.40347E-01  3.85587E-01  2.33700E-01
 0.170   2.169  1.27327E+00  1.53941E+00  9.40914E-01
 0.180   2.982  2.71336E+00  2.57141E+00  3.30083E+00
 0.190   2.673  9.10513E+00  1.00511E+01  6.82602E+00
 0.200   3.056  5.06567E+00  5.36071E+00  4.65492E+00
 0.210   2.293  1.04996E+01  1.11639E+01  9.17885E+00
 0.220   3.769  6.62909E+00  6.57841E+00  7.05467E+00
 0.230   1.954  7.82977E+00  7.96011E+00  7.22532E+00
 0.240   1.000  5.25096E+00  4.87698E+00  6.15406E+00
 0.250   4.257  5.00018E+00  5.00862E+00  4.99518E+00
 0.260   2.563  1.08067E+01  1.24339E+01  8.01504E+00
 0.270   3.441  8.62576E+00  7.88022E+00  1.07786E+01
 0.280   4.699  4.70622E+00  4.76711E+00  4.95047E+00
 0.290   6.631  3.61112E+00  3.60917E+00  3.50929E+00
 0.300   6.173  2.17061E+00  2.09910E+00  2.24920E+00
 0.310   6.789  4.22167E+00  4.08471E+00  4.24550E+00
 0.320   6.173  3.24544E+00  3.27025E+00  3.36454E+00
 0.330   7.282  2.34404E+00  2.26126E+00  2.41422E+00
 0.340   7.483  5.11193E+00  5.30306E+00  4.49073E+00
 0.350   6.738  3.43282E+00  3.31615E+00  3.64383E+00
 0.360   7.925  4.30242E+00  4.18170E+00  4.18871E+00
 0.370   5.998  3.25995E+00  3.33625E+00  2.95516E+00
 0.380   6.806  3.61796E+00  3.58229E+00  3.77339E+00
 0.390   6.537  3.40593E+00  3.24071E+00  3.68187E+00
 0.400   6.784  3.60186E+00  3.63291E+00  3.38586E+00
 0.410   6.256  4.15042E+00  4.35542E+00  3.98096E+00
 0.420   6.672  3.53007E+00  3.58570E+00  3.21247E+00
 0.430   7.245  4.17876E+00  4.12146E+00  4.27441E+00
 0.440   7.911  5.32312E+00  5.23127E+00  5.44119E+00
 0.450   7.641  6.12447E+00  5.85197E+00  6.29788E+00
 0.460   6.244  6.52249E+00  6.50435E+00  6.45955E+00
 0.470   6.276  7.38579E+00  7.96720E+00  6.14417E+00
 0.480   6.607  6.87685E+00  7.06349E+00  6.31786E+00
 0.490   7.838  4.32496E+00  4.10201E+00  4.57022E+00
 0.500   6.949  3.44097E+00  3.43563E+00  3.30690E+00
 0.510   7.530  2.06210E+00  2.02739E+00  2.14740E+00
 0.520   7.667  2.02296E+00  1.93456E+00  2.16658E+00
 0.530   7.290  1.54488E+00  1.49106E+00  1.60359E+00
 0.540   7.929  1.21505E+00  1.19332E+00  1.25574E+00
 0.550   7.905  1.07865E+00  1.05186E+00  1.11257E+00
 0.560   8.176  1.04423E+00  1.03271E+00  1.00256E+00
