  40
 0.110   0.975   0.564  2.56508E+06  2.80514E+06  2.55953E+06  4.20482E+01  0.00000E+00  0.00000E+00  0.00000E+00  2.56508E+06  2.80514E+06  2.55953E+06
 0.120   1.000   0.614  9.63986E+06  1.09480E+07  9.60968E+06  7.21185E+01  5.29238E+05  6.41473E+05  5.22768E+05  9.11062E+06  1.03065E+07  9.08691E+06
 0.130   1.264   0.740  1.20655E+07  1.41967E+07  1.19948E+07  1.31137E+02  1.76413E+06  2.12169E+06  1.74831E+06  1.03014E+07  1.20750E+07  1.02465E+07
 0.140   1.329   0.559  1.57852E+07  1.83435E+07  1.56914E+07  1.36426E+02  7.99130E+05  9.86258E+05  7.86175E+05  1.49861E+07  1.73572E+07  1.49052E+07
 0.150   1.663   0.979  2.20957E+07  2.61462E+07  2.19114E+07  1.96744E+02  2.03975E+06  2.51655E+06  2.01229E+06  2.00560E+07  2.36297E+07  1.98991E+07
 0.160   2.176   1.498  4.86815E+07  5.62814E+07  4.83835E+07  1.57438E+02  3.51158E+06  4.40720E+06  3.44743E+06  4.51699E+07  5.18742E+07  4.49360E+07
 0.170   1.717   0.915  8.72159E+07  9.94735E+07  8.68555E+07  1.19217E+02  2.69331E+06  3.40211E+06  2.63583E+06  8.45225E+07  9.60713E+07  8.42196E+07
 0.180   2.960   0.847  2.67406E+08  3.06777E+08  2.66413E+08  1.21260E+02  1.98917E+07  2.48081E+07  1.95747E+07  2.47514E+08  2.81969E+08  2.46838E+08
 0.190   2.799   1.229  3.55820E+08  4.18918E+08  3.54218E+08  1.61872E+02  1.86506E+07  2.35357E+07  1.83144E+07  3.37170E+08  3.95383E+08  3.35904E+08
 0.200   3.875   1.568  5.87560E+08  7.09638E+08  5.84080E+08  2.24374E+02  4.21032E+07  5.33616E+07  4.13813E+07  5.45457E+08  6.56276E+08  5.42699E+08
 0.210   3.415   1.564  5.93092E+08  7.28772E+08  5.88465E+08  3.01936E+02  3.23156E+07  4.14721E+07  3.16532E+07  5.60776E+08  6.87300E+08  5.56812E+08
 0.220   3.312   0.973  6.61003E+08  8.02252E+08  6.55921E+08  3.05519E+02  2.64307E+07  3.41067E+07  2.58198E+07  6.34573E+08  7.68145E+08  6.30101E+08
 0.230   3.382   1.207  7.10521E+08  8.77225E+08  7.04166E+08  3.67170E+02  3.74896E+07  4.80532E+07  3.67266E+07  6.73031E+08  8.29172E+08  6.67439E+08
 0.240   4.090   1.404  1.02710E+09  1.26559E+09  1.01834E+09  3.68848E+02  5.27486E+07  6.77523E+07  5.17364E+07  9.74355E+08  1.19784E+09  9.66599E+08
 0.250   3.280   1.560  1.29138E+09  1.58278E+09  1.28003E+09  3.91346E+02  6.31296E+07  8.22269E+07  6.17257E+07  1.22825E+09  1.50055E+09  1.21830E+09
 0.260   1.000   0.500  2.13324E+09  2.55417E+09  2.12151E+09  2.71898E+02  1.61225E+07  2.12720E+07  1.55955E+07  2.11712E+09  2.53290E+09  2.10592E+09
 0.270   1.000   0.500  1.81403E+09  2.20732E+09  1.80322E+09  3.11385E+02  2.70751E+07  3.51318E+07  2.63963E+07  1.78695E+09  2.17219E+09  1.77683E+09
 0.280   4.334   1.478  5.41313E+08  6.73319E+08  5.35102E+08  5.43463E+02  1.32363E+08  1.70260E+08  1.30277E+08  4.08951E+08  5.03059E+08  4.04825E+08
 0.290   2.441   0.500  9.66334E+08  1.15988E+09  9.59680E+08  3.55967E+02  6.20714E+07  8.15425E+07  6.06649E+07  9.04263E+08  1.07834E+09  8.99015E+08
 0.300   6.430   1.710  1.62400E+09  2.02854E+09  1.60912E+09  5.06575E+02  1.86446E+08  2.42715E+08  1.83047E+08  1.43755E+09  1.78583E+09  1.42607E+09
 0.310   4.464   1.295  1.88595E+09  2.32410E+09  1.87078E+09  4.64734E+02  1.77578E+08  2.33733E+08  1.74062E+08  1.70837E+09  2.09036E+09  1.69672E+09
 0.320   4.717   1.222  4.04563E+09  4.99264E+09  4.01957E+09  4.10264E+02  3.12425E+08  4.05855E+08  3.07716E+08  3.73321E+09  4.58679E+09  3.71185E+09
 0.330   5.417   1.305  5.70526E+09  7.23238E+09  5.65636E+09  5.65730E+02  3.20945E+08  4.18318E+08  3.15934E+08  5.38431E+09  6.81406E+09  5.34042E+09
 0.340   7.567   1.321  6.54453E+09  8.39404E+09  6.48383E+09  6.37268E+02  3.84012E+08  5.04307E+08  3.77859E+08  6.16052E+09  7.88973E+09  6.10597E+09
 0.350   6.848   1.684  7.03384E+09  9.09892E+09  6.96278E+09  7.11806E+02  4.13266E+08  5.47377E+08  4.06055E+08  6.62057E+09  8.55154E+09  6.55673E+09
 0.360  10.091   1.823  6.94214E+09  9.06688E+09  6.86388E+09  8.04229E+02  4.96562E+08  6.59019E+08  4.88080E+08  6.44558E+09  8.40786E+09  6.37580E+09
 0.370   7.637   1.327  6.73047E+09  8.87165E+09  6.64515E+09  9.19144E+02  4.16312E+08  5.58945E+08  4.07998E+08  6.31416E+09  8.31270E+09  6.23716E+09
 0.380   9.159   2.336  7.28598E+09  9.64607E+09  7.18782E+09  1.00084E+03  5.41552E+08  7.28669E+08  5.30692E+08  6.74443E+09  8.91740E+09  6.65713E+09
 0.390   8.458   1.876  7.40085E+09  9.82776E+09  7.29328E+09  1.08362E+03  4.94667E+08  6.70104E+08  4.83795E+08  6.90619E+09  9.15766E+09  6.80948E+09
 0.400   7.733   1.507  7.74324E+09  1.03004E+10  7.62351E+09  1.16014E+03  4.54739E+08  6.19812E+08  4.43744E+08  7.28850E+09  9.68062E+09  7.17976E+09
 0.410  10.639   2.361  8.28671E+09  1.10737E+10  8.15147E+09  1.23773E+03  5.99754E+08  8.17004E+08  5.85458E+08  7.68695E+09  1.02567E+10  7.56601E+09
 0.420   9.735   1.854  8.39058E+09  1.12822E+10  8.24190E+09  1.35218E+03  5.77207E+08  7.89924E+08  5.62425E+08  7.81337E+09  1.04922E+10  7.67948E+09
 0.430  10.691   2.110  8.69780E+09  1.17410E+10  8.53552E+09  1.44540E+03  6.46321E+08  8.87421E+08  6.28670E+08  8.05148E+09  1.08536E+10  7.90685E+09
 0.440  12.000   2.096  9.38524E+09  1.26984E+10  9.19658E+09  1.55907E+03  9.13367E+08  1.25370E+09  8.84577E+08  8.47187E+09  1.14447E+10  8.31200E+09
 0.450  11.996   2.046  9.47800E+09  1.28762E+10  9.28152E+09  1.64836E+03  7.06842E+08  9.76537E+08  6.85109E+08  8.77116E+09  1.18996E+10  8.59641E+09
 0.460  10.194   1.107  8.77357E+09  1.19562E+10  8.57826E+09  1.77615E+03  5.85895E+08  8.10727E+08  5.65741E+08  8.18768E+09  1.11455E+10  8.01252E+09
 0.470  15.142   2.407  1.01252E+10  1.38623E+10  9.89187E+09  1.86727E+03  1.01316E+09  1.39706E+09  9.79695E+08  9.11208E+09  1.24652E+10  8.91218E+09
 0.480  13.681   1.917  9.99077E+09  1.37406E+10  9.74727E+09  2.00026E+03  9.51341E+08  1.32075E+09  9.17179E+08  9.03943E+09  1.24199E+10  8.83009E+09
 0.490  15.504   1.811  9.86096E+09  1.36230E+10  9.60816E+09  2.12977E+03  9.42407E+08  1.31063E+09  9.08410E+08  8.91856E+09  1.23124E+10  8.69975E+09
 0.500  14.685   2.041  1.01160E+10  1.40149E+10  9.84546E+09  2.24972E+03  9.92674E+08  1.38397E+09  9.56180E+08  9.12337E+09  1.26310E+10  8.88928E+09
