  40
 0.110          378  0.59018E-02  0.26043E-01  0.43092E-02  0.76021E+01  0.10488E+02 -0.25804E+02  0.88617E+00 -0.29046E+00  0.36102E+00   0.975   0.564
 0.120        37316  0.10219E-02  0.14307E-02  0.29635E-02 -0.42122E+02 -0.19114E+02 -0.13550E+02  0.60225E+00  0.71763E+00 -0.34971E+00   1.000   0.614
 0.130        46381 -0.63127E-02 -0.22150E-02 -0.18827E-02  0.11955E+02 -0.25429E+02  0.53923E+02  0.85038E+00  0.38684E+00 -0.35666E+00   1.264   0.740
 0.140        67967  0.21487E-02 -0.38199E-02 -0.33424E-02 -0.66998E+01 -0.10957E+02 -0.12222E+02  0.35145E+00  0.89323E+00  0.28038E+00   1.329   0.559
 0.150        47012  0.25560E-02  0.23004E-02 -0.34506E-02 -0.43326E+01 -0.14550E+02 -0.42961E+02  0.21823E+00  0.77662E+00  0.59097E+00   1.663   0.979
 0.160        82379  0.54536E-03 -0.43629E-02 -0.16361E-02 -0.10650E+02  0.26986E+02  0.12140E+02  0.24638E+00  0.46617E+00  0.84970E+00   2.176   1.498
 0.170        46324  0.57903E-03 -0.46323E-02 -0.72379E-03 -0.85305E+02 -0.73465E+01 -0.30932E+02 -0.26579E+00  0.24089E-01  0.96373E+00   1.717   0.915
 0.180        78135 -0.21466E-02  0.61332E-03 -0.13800E-02 -0.11342E+02 -0.10436E+03  0.30865E+02 -0.94918E+00  0.21159E+00  0.23298E+00   2.960   0.847
 0.190        65365 -0.97143E-03  0.32381E-03  0.16190E-03 -0.55752E+02 -0.23178E+03  0.12082E+03 -0.62647E+00  0.65726E+00  0.41898E+00   2.799   1.229
 0.200       135618  0.17047E-03 -0.23866E-02 -0.51142E-03  0.18724E+02  0.14507E+03  0.14242E+03 -0.86777E+00  0.31923E+00  0.38088E+00   3.875   1.568
 0.210       285737  0.35787E-03  0.71574E-03  0.37576E-02  0.42638E+01  0.36319E+02  0.13281E+02 -0.86526E+00  0.19621E+00  0.46133E+00   3.415   1.564
 0.220       226312 -0.93698E-03 -0.14992E-02 -0.37479E-03  0.66850E+02 -0.80362E+02 -0.11763E+03 -0.84198E+00 -0.23016E+00  0.48795E+00   3.312   0.973
 0.230       203365 -0.78361E-03  0.11754E-02  0.25467E-02  0.14679E+02  0.26206E+02  0.24254E+02 -0.51290E+00 -0.40474E+00  0.75704E+00   3.382   1.207
 0.240       156447  0.16371E-02 -0.40928E-03 -0.81855E-03  0.75003E+02 -0.10588E+03 -0.32247E+02 -0.53073E+00 -0.51526E+00  0.67292E+00   4.090   1.404
 0.250       129422  0.21308E-03  0.12785E-02  0.21308E-03  0.14745E+03  0.22238E+03  0.35788E+02 -0.32768E+00 -0.62618E+00  0.70748E+00   3.280   1.560
 0.260       184204  0.88618E-03  0.00000E+00 -0.19939E-02  0.19457E+03  0.13476E+03  0.16016E+03 -0.16926E-01 -0.48957E+00  0.87180E+00   1.000   0.500
 0.270       444627 -0.23004E-02 -0.46008E-03  0.92016E-03  0.30656E+03  0.48273E+02  0.15794E+03 -0.38001E+00 -0.90241E-01  0.92057E+00   1.000   0.500
 0.280       281874  0.11927E-02 -0.47709E-03 -0.95419E-03 -0.47053E+03 -0.74725E+02  0.87075E+02 -0.97806E+00 -0.16825E+00  0.12284E+00   4.334   1.478
 0.290       116245 -0.12357E-02  0.14828E-02  0.14828E-02  0.49069E+03  0.70012E+02 -0.30354E+02 -0.89520E+00 -0.44195E+00  0.57375E-01   2.441   0.500
 0.300       336153  0.17894E-02 -0.20450E-02  0.51126E-03  0.49551E+03  0.10848E+03  0.29738E+03 -0.60633E+00 -0.70286E+00  0.37196E+00   6.430   1.710
 0.310       116837  0.52804E-03 -0.10561E-02 -0.10561E-02 -0.11770E+03  0.21464E+03  0.29251E+03 -0.67350E+00 -0.62070E+00  0.40141E+00   4.464   1.295
 0.320       495230  0.16350E-02  0.00000E+00  0.81752E-03  0.45831E+03 -0.17926E+03 -0.34797E+03 -0.64639E+00 -0.51527E+00  0.56273E+00   4.717   1.222
 0.330       467284 -0.84309E-03  0.11241E-02 -0.11241E-02  0.23676E+03 -0.23007E+03  0.68786E+02 -0.58577E+00 -0.67516E+00  0.44837E+00   5.417   1.305
 0.340      1260346  0.57950E-03  0.17385E-02 -0.11590E-02  0.43350E+03  0.31301E+03 -0.40814E+03 -0.58453E+00 -0.61825E+00  0.52545E+00   7.567   1.321
 0.350       398041  0.00000E+00  0.11928E-02  0.11928E-02  0.30301E+03 -0.31827E+03  0.37996E+03 -0.61787E+00 -0.63499E+00  0.46371E+00   6.848   1.684
 0.360       462655 -0.12266E-02  0.30666E-02 -0.12266E-02  0.65394E+02 -0.57623E+02 -0.60796E+03 -0.68008E+00 -0.60015E+00  0.42109E+00  10.091   1.823
 0.370       204793 -0.31542E-02 -0.63084E-03 -0.63084E-03 -0.48417E+03 -0.19708E+03 -0.18690E+03 -0.71495E+00 -0.60928E+00  0.34297E+00   7.637   1.327
 0.380       909192 -0.12957E-02  0.00000E+00  0.64785E-03  0.12260E+03  0.34090E+03  0.70829E+01 -0.75623E+00 -0.59240E+00  0.27782E+00   9.159   2.336
 0.390      1729277 -0.66459E-03  0.00000E+00 -0.19938E-02  0.22399E+03  0.13580E+03 -0.20090E+03 -0.79877E+00 -0.55786E+00  0.22529E+00   8.458   1.876
 0.400      1832464 -0.68170E-03 -0.68170E-03 -0.27268E-02 -0.64592E+01  0.10575E+03 -0.20906E+03 -0.79672E+00 -0.56007E+00  0.22706E+00   7.733   1.507
 0.410        43393  0.13965E-02  0.27931E-02 -0.69827E-03 -0.17463E+03 -0.51600E+02  0.41672E+03 -0.81369E+00 -0.51714E+00  0.26548E+00  10.639   2.361
 0.420       807800  0.00000E+00  0.00000E+00  0.50075E-02  0.23205E+02  0.10587E+03 -0.41772E+02 -0.84438E+00 -0.48527E+00  0.22702E+00   9.735   1.854
 0.430      1852231  0.36630E-02 -0.73260E-03  0.73260E-03 -0.22406E+03 -0.23237E+03  0.21521E+03 -0.90434E+00 -0.37797E+00  0.19828E+00  10.691   2.110
 0.440       235278  0.22495E-02 -0.37491E-02  0.00000E+00 -0.17845E+03  0.11125E+03  0.52607E+03 -0.91162E+00 -0.38430E+00  0.14581E+00  12.000   2.096
 0.450      1870874 -0.76701E-03  0.15340E-02  0.00000E+00 -0.32237E+03  0.17381E+03 -0.18618E+03 -0.94805E+00 -0.30978E+00  0.72329E-01  11.996   2.046
 0.460       347162  0.31364E-02  0.00000E+00  0.78409E-03 -0.42819E+03  0.79792E+02  0.64856E+02 -0.95784E+00 -0.28255E+00  0.52011E-01  10.194   1.107
 0.470       265319 -0.80075E-03  0.16015E-02  0.80075E-03 -0.37701E+02 -0.45101E+02  0.53443E+03 -0.96883E+00 -0.23573E+00  0.76149E-01  15.142   2.407
 0.480       395850 -0.81824E-03  0.16365E-02 -0.81824E-03 -0.36879E+02  0.63868E+02 -0.53822E+03 -0.97597E+00 -0.21125E+00  0.53489E-01  13.681   1.917
 0.490      2160684  0.83478E-03  0.83478E-03  0.16696E-02 -0.27110E+03 -0.13334E+03  0.32446E+03 -0.97353E+00 -0.22294E+00  0.50387E-01  15.504   1.811
 0.500      2167661 -0.25569E-02 -0.17046E-02  0.00000E+00  0.28892E+03  0.18702E+03  0.26337E+02 -0.97425E+00 -0.21962E+00  0.50985E-01  14.685   2.041
