  40
 0.110  6.50000E+00  5.80033E+09  6.19447E+01
 0.120  8.00000E+00  8.38759E+09  6.71441E+01
 0.130  9.75000E+00  1.12934E+10  7.05739E+01
 0.140  1.20000E+01  1.69525E+10  7.79400E+01
 0.150  1.50000E+01  2.71576E+10  8.82337E+01
 0.160  1.92500E+01  4.74334E+10  1.02934E+02
 0.170  2.20000E+01  5.79444E+10  1.06421E+02
 0.180  2.45000E+01  6.71563E+10  1.08566E+02
 0.190  2.70000E+01  7.71748E+10  1.10864E+02
 0.200  2.90000E+01  8.33144E+10  1.11146E+02
 0.210  3.10000E+01  8.83594E+10  1.10708E+02
 0.220  3.35000E+01  9.76067E+10  1.11931E+02
 0.230  3.70000E+01  1.13899E+11  1.15052E+02
 0.240  4.12500E+01  1.35330E+11  1.18774E+02
 0.250  4.37500E+01  1.48427E+11  1.20782E+02
 0.260  4.75000E+01  1.69047E+11  1.23706E+02
 0.270  5.42500E+01  2.25698E+11  1.33751E+02
 0.280  5.82500E+01  2.51919E+11  1.36369E+02
 0.290  6.25000E+01  2.78964E+11  1.38538E+02
 0.300  6.60000E+01  2.99091E+11  1.39593E+02
 0.310  6.95000E+01  3.16577E+11  1.39953E+02
 0.320  7.35000E+01  3.40825E+11  1.41207E+02
 0.330  7.67500E+01  3.56601E+11  1.41347E+02
 0.340  7.92500E+01  3.60423E+11  1.39843E+02
 0.350  8.17500E+01  3.64362E+11  1.38438E+02
 0.360  8.42500E+01  3.67270E+11  1.36912E+02
 0.370  8.65000E+01  3.70054E+11  1.35631E+02
 0.380  8.92500E+01  3.74804E+11  1.34379E+02
 0.390  9.17500E+01  3.78686E+11  1.33220E+02
 0.400  9.42500E+01  3.82505E+11  1.32103E+02
 0.410  9.67500E+01  3.85577E+11  1.30907E+02
 0.420  9.95000E+01  3.91030E+11  1.29995E+02
 0.430  1.02750E+02  4.00970E+11  1.29539E+02
 0.440  1.05500E+02  4.05559E+11  1.28569E+02
 0.450  1.08000E+02  4.09823E+11  1.27738E+02
 0.460  1.10500E+02  4.12554E+11  1.26705E+02
 0.470  1.13000E+02  4.16139E+11  1.25839E+02
 0.480  1.15500E+02  4.18413E+11  1.24809E+02
 0.490  1.17750E+02  4.20226E+11  1.23878E+02
 0.500  1.20000E+02  4.20710E+11  1.22782E+02
