  46
 0.110   1.000   0.500  7.15713E-03  5.47713E-03  7.30175E-03
 0.120   1.263   0.949  3.57897E-03  4.23120E-03  2.44037E-03
 0.130   1.455   0.981  5.46240E-02  5.79929E-02  3.60932E-02
 0.140   1.686   1.063  2.03724E-01  2.24890E-01  1.63425E-01
 0.150   1.310   0.872  7.31752E-02  6.92937E-02  8.55893E-02
 0.160   1.628   1.290  1.09272E-01  1.07045E-01  9.58894E-02
 0.170   2.014   1.371  7.56265E-02  8.35815E-02  5.74252E-02
 0.180   2.443   1.226  1.39859E-01  1.52416E-01  1.05534E-01
 0.190   3.081   1.537  2.51321E-01  2.71224E-01  2.16494E-01
 0.200   4.025   2.314  2.98390E-01  2.97171E-01  2.80260E-01
 0.210   3.790   2.291  8.77474E-01  9.35386E-01  7.64507E-01
 0.220   4.778   3.274  1.58901E+00  1.77249E+00  1.14984E+00
 0.230   4.509   1.570  2.09463E+00  2.26018E+00  1.50779E+00
 0.240   4.587   2.569  6.77067E-01  7.11175E-01  7.36163E-01
 0.250   4.960   1.975  1.56106E+00  1.71059E+00  1.30305E+00
 0.260   5.829   1.778  7.07163E-01  6.85080E-01  7.48395E-01
 0.270   5.553   1.529  8.36917E-01  9.56339E-01  6.71578E-01
 0.280   6.472   3.051  1.20072E+00  1.02301E+00  1.62707E+00
 0.290   6.416   1.491  2.30806E+00  2.50678E+00  2.05371E+00
 0.300   6.815   1.896  1.20506E+00  1.22261E+00  1.25590E+00
 0.310   7.903   1.885  2.30494E+00  2.49036E+00  1.82798E+00
 0.320   8.291   3.769  2.54346E+00  2.37515E+00  2.42800E+00
 0.330   8.336   5.079  5.45033E+00  5.34426E+00  5.10606E+00
 0.340   8.689   3.523  4.61756E+00  4.41577E+00  4.52806E+00
 0.350   8.184   4.219  5.34762E+00  5.20298E+00  5.47565E+00
 0.360   8.550   4.606  5.44898E+00  5.22328E+00  5.55602E+00
 0.370   7.462   2.458  5.15015E+00  5.02338E+00  5.45181E+00
 0.380   8.943   2.693  4.15139E+00  4.05159E+00  4.62188E+00
 0.390   7.874   1.927  2.62419E+00  2.67670E+00  2.66883E+00
 0.400   9.381   2.416  3.62613E+00  3.76125E+00  3.60847E+00
 0.410   8.914   1.832  2.93259E+00  2.88665E+00  2.85733E+00
 0.420  10.118   2.283  1.74837E+00  1.66691E+00  2.00780E+00
 0.430  11.941   1.869  2.01537E+00  2.01359E+00  2.11746E+00
 0.440  12.266   1.848  2.45264E+00  2.45540E+00  2.51777E+00
 0.450  12.810   2.227  2.09688E+00  2.06206E+00  2.06117E+00
 0.460  12.660   2.238  1.74000E+00  1.85347E+00  1.52459E+00
 0.470  14.531   2.528  2.04452E+00  2.12114E+00  1.83821E+00
 0.480  13.675   2.067  2.15198E+00  2.48683E+00  1.61006E+00
 0.490  15.068   2.035  1.95141E+00  2.01019E+00  1.71518E+00
 0.500  15.330   2.134  1.59237E+00  1.64775E+00  1.59272E+00
 0.510  15.555   2.500  2.43072E+00  2.61959E+00  2.01542E+00
 0.520  15.924   2.030  1.42099E+00  1.42841E+00  1.16315E+00
 0.530  15.827   2.143  1.81730E+00  1.86015E+00  1.68119E+00
 0.540  16.924   2.051  1.64434E+00  1.73924E+00  1.68148E+00
 0.550  16.948   1.481  2.63869E+00  2.77921E+00  2.33312E+00
 0.561  17.151   2.282  1.46507E+00  1.43432E+00  1.97330E+00
