  46
 0.110   1.000   0.500  1.48692E+06  1.74719E+06  1.46836E+06  1.69941E+02  0.00000E+00  0.00000E+00  0.00000E+00  1.48692E+06  1.74719E+06  1.46836E+06
 0.120   1.263   0.949  1.00530E+06  1.20362E+06  9.85305E+05  2.70788E+02  3.69088E+05  4.48090E+05  3.63834E+05  6.36208E+05  7.55532E+05  6.21471E+05
 0.130   1.455   0.981  5.42637E+06  6.27395E+06  5.38080E+06  1.49254E+02  1.36089E+06  1.67085E+06  1.34022E+06  4.06548E+06  4.60309E+06  4.04059E+06
 0.140   1.686   1.063  2.01819E+07  2.29601E+07  2.00839E+07  1.07480E+02  3.40463E+06  4.18446E+06  3.35690E+06  1.67773E+07  1.87756E+07  1.67270E+07
 0.150   1.310   0.872  1.53082E+07  1.79793E+07  1.52067E+07  1.56036E+02  2.43388E+06  2.99475E+06  2.39966E+06  1.28743E+07  1.49845E+07  1.28071E+07
 0.160   1.628   1.290  2.06929E+07  2.44628E+07  2.05548E+07  1.76135E+02  3.96690E+06  4.89345E+06  3.91344E+06  1.67260E+07  1.95694E+07  1.66414E+07
 0.170   2.014   1.371  1.90084E+07  2.30174E+07  1.87950E+07  2.84132E+02  4.50966E+06  5.67777E+06  4.42486E+06  1.44987E+07  1.73396E+07  1.43701E+07
 0.180   2.443   1.226  3.67569E+07  4.49506E+07  3.62790E+07  3.50067E+02  9.32914E+06  1.19039E+07  9.12116E+06  2.74278E+07  3.30467E+07  2.71579E+07
 0.190   3.081   1.537  4.76441E+07  5.73194E+07  4.71370E+07  3.09684E+02  9.42868E+06  1.21103E+07  9.20778E+06  3.82154E+07  4.52090E+07  3.79293E+07
 0.200   4.025   2.314  8.09737E+07  9.79590E+07  8.02261E+07  2.96165E+02  1.76921E+07  2.22350E+07  1.73843E+07  6.32815E+07  7.57240E+07  6.28418E+07
 0.210   3.790   2.291  1.54990E+08  1.85171E+08  1.53731E+08  2.76506E+02  3.71035E+07  4.68890E+07  3.64979E+07  1.17886E+08  1.38282E+08  1.17233E+08
 0.220   4.778   3.274  1.54560E+08  1.78344E+08  1.53768E+08  1.86510E+02  4.46148E+07  5.65897E+07  4.38714E+07  1.09945E+08  1.21754E+08  1.09896E+08
 0.230   4.509   1.570  2.86314E+08  3.40447E+08  2.84290E+08  2.71154E+02  5.85109E+07  7.49733E+07  5.74354E+07  2.27803E+08  2.65474E+08  2.26854E+08
 0.240   4.587   2.569  3.34836E+08  4.13060E+08  3.31757E+08  3.78271E+02  1.00800E+08  1.29140E+08  9.91814E+07  2.34035E+08  2.83920E+08  2.32576E+08
 0.250   4.960   1.975  4.53300E+08  5.58747E+08  4.49015E+08  4.09113E+02  1.29212E+08  1.67414E+08  1.26855E+08  3.24088E+08  3.91333E+08  3.22160E+08
 0.260   5.829   1.778  5.12492E+08  6.43556E+08  5.07010E+08  4.83574E+02  1.34505E+08  1.74634E+08  1.31906E+08  3.77987E+08  4.68922E+08  3.75104E+08
 0.270   5.553   1.529  6.05148E+08  7.62858E+08  5.98632E+08  5.13040E+02  1.47426E+08  1.91115E+08  1.44667E+08  4.57722E+08  5.71743E+08  4.53965E+08
 0.280   6.472   3.051  9.49591E+08  1.19815E+09  9.39574E+08  5.28204E+02  2.32359E+08  3.02604E+08  2.28089E+08  7.17232E+08  8.95546E+08  7.11485E+08
 0.290   6.416   1.491  1.10726E+09  1.39374E+09  1.09565E+09  5.47731E+02  2.09352E+08  2.73238E+08  2.05198E+08  8.97911E+08  1.12050E+09  8.90451E+08
 0.300   6.815   1.896  1.37150E+09  1.75462E+09  1.35528E+09  6.41233E+02  3.19808E+08  4.16798E+08  3.14059E+08  1.05169E+09  1.33782E+09  1.04122E+09
 0.310   7.903   1.885  1.49122E+09  1.90665E+09  1.47328E+09  6.72824E+02  3.92672E+08  5.11870E+08  3.86082E+08  1.09855E+09  1.39478E+09  1.08720E+09
 0.320   8.291   3.769  1.99498E+09  2.56708E+09  1.96998E+09  7.29605E+02  4.94308E+08  6.52802E+08  4.84927E+08  1.50067E+09  1.91428E+09  1.48506E+09
 0.330   8.336   5.079  2.10108E+09  2.65813E+09  2.07746E+09  6.71197E+02  4.72114E+08  6.22655E+08  4.63106E+08  1.62897E+09  2.03547E+09  1.61436E+09
 0.340   8.689   3.523  2.46904E+09  3.14635E+09  2.43945E+09  7.34587E+02  3.69738E+08  4.95374E+08  3.60362E+08  2.09930E+09  2.65097E+09  2.07909E+09
 0.350   8.184   4.219  2.65608E+09  3.38221E+09  2.62452E+09  7.51149E+02  3.91915E+08  5.26917E+08  3.81448E+08  2.26416E+09  2.85529E+09  2.24307E+09
 0.360   8.550   4.606  3.87113E+09  4.92113E+09  3.83150E+09  6.86921E+02  4.82474E+08  6.40138E+08  4.71176E+08  3.38866E+09  4.28099E+09  3.36033E+09
 0.370   7.462   2.458  4.20442E+09  5.37959E+09  4.15980E+09  7.36609E+02  4.20835E+08  5.63340E+08  4.09704E+08  3.78358E+09  4.81625E+09  3.75009E+09
 0.380   8.943   2.693  5.23491E+09  6.76937E+09  5.17690E+09  8.04103E+02  6.47178E+08  8.64244E+08  6.32238E+08  4.58773E+09  5.90513E+09  4.54466E+09
 0.390   7.874   1.927  5.06885E+09  6.62357E+09  5.00802E+09  8.98237E+02  4.95188E+08  6.68400E+08  4.81875E+08  4.57366E+09  5.95517E+09  4.52615E+09
 0.400   9.381   2.416  6.06814E+09  7.98029E+09  5.99072E+09  9.82053E+02  7.46948E+08  1.00735E+09  7.29111E+08  5.32119E+09  6.97294E+09  5.26161E+09
 0.410   8.914   1.832  5.90265E+09  7.81456E+09  5.82202E+09  1.07474E+03  6.29323E+08  8.48372E+08  6.13347E+08  5.27333E+09  6.96619E+09  5.20867E+09
 0.420  10.118   2.283  6.58667E+09  8.79981E+09  6.48861E+09  1.19697E+03  8.39921E+08  1.13951E+09  8.19062E+08  5.74675E+09  7.66029E+09  5.66955E+09
 0.430  11.941   1.869  6.59652E+09  8.85680E+09  6.49218E+09  1.29624E+03  8.51783E+08  1.15727E+09  8.30601E+08  5.74474E+09  7.69953E+09  5.66158E+09
 0.440  12.266   1.848  6.72679E+09  9.06447E+09  6.61429E+09  1.39326E+03  8.46218E+08  1.15397E+09  8.24199E+08  5.88058E+09  7.91050E+09  5.79009E+09
 0.450  12.810   2.227  7.12038E+09  9.64554E+09  6.99394E+09  1.50474E+03  9.87925E+08  1.34907E+09  9.62448E+08  6.13245E+09  8.29647E+09  6.03149E+09
 0.460  12.660   2.238  7.18949E+09  9.79556E+09  7.05302E+09  1.63130E+03  1.05859E+09  1.44582E+09  1.03157E+09  6.13090E+09  8.34974E+09  6.02145E+09
 0.470  14.531   2.528  7.39444E+09  1.01023E+10  7.24769E+09  1.72801E+03  1.25036E+09  1.70563E+09  1.21938E+09  6.14408E+09  8.39662E+09  6.02831E+09
 0.480  13.675   2.067  7.08548E+09  9.72060E+09  6.93592E+09  1.86291E+03  1.06458E+09  1.46038E+09  1.03568E+09  6.02090E+09  8.26022E+09  5.90024E+09
 0.490  15.068   2.035  7.60826E+09  1.04817E+10  7.43967E+09  1.98687E+03  1.25646E+09  1.72438E+09  1.22333E+09  6.35180E+09  8.75730E+09  6.21634E+09
 0.500  15.330   2.134  8.13257E+09  1.12236E+10  7.94863E+09  2.06381E+03  1.46757E+09  2.01257E+09  1.43080E+09  6.66500E+09  9.21098E+09  6.51784E+09
 0.510  15.555   2.500  8.72698E+09  1.20634E+10  8.52387E+09  2.15462E+03  1.69664E+09  2.32988E+09  1.65468E+09  7.03034E+09  9.73354E+09  6.86919E+09
 0.520  15.924   2.030  8.48117E+09  1.17815E+10  8.27459E+09  2.28744E+03  1.61285E+09  2.22284E+09  1.57177E+09  6.86832E+09  9.55867E+09  6.70281E+09
 0.530  15.827   2.143  8.79835E+09  1.22357E+10  8.57833E+09  2.37967E+03  1.74363E+09  2.40335E+09  1.69917E+09  7.05472E+09  9.83235E+09  6.87916E+09
 0.540  16.924   2.051  8.92577E+09  1.24267E+10  8.69725E+09  2.46656E+03  1.74725E+09  2.41645E+09  1.70134E+09  7.17852E+09  1.00102E+10  6.99591E+09
 0.550  16.948   1.481  8.09567E+09  1.12905E+10  7.88088E+09  2.58678E+03  1.44820E+09  2.01169E+09  1.40852E+09  6.64747E+09  9.27882E+09  6.47236E+09
 0.561  17.151   2.282  1.00570E+10  1.39739E+10  9.80008E+09  2.53981E+03  2.31080E+09  3.17386E+09  2.25664E+09  7.74624E+09  1.08001E+10  7.54344E+09
