  46
 0.110        19365 -0.15925E-01  0.10492E-01  0.18735E-01  0.36985E+02 -0.16671E+02  0.32123E+02  0.24558E+00  0.96825E+00 -0.46791E-01   1.000   0.500
 0.120        23274  0.12078E-01 -0.13716E-01  0.57319E-02 -0.53747E+02 -0.81681E+01  0.28772E+02  0.56492E+00 -0.82460E+00 -0.29984E-01   1.263   0.949
 0.130        17357  0.15721E-01 -0.26571E-02  0.75286E-02  0.34089E+02 -0.29421E+02 -0.46717E+02  0.19668E+00 -0.98043E+00 -0.88943E-02   1.455   0.981
 0.140          610  0.88387E-02  0.12422E-01  0.20544E-01 -0.40445E+01  0.85551E-01  0.21618E+02 -0.48174E+00 -0.85217E+00 -0.20428E+00   1.686   1.063
 0.150        53221 -0.48647E-02 -0.48647E-02  0.25604E-02 -0.49089E+01  0.29986E+02  0.14073E+02 -0.74729E+00 -0.65353E+00  0.12020E+00   1.310   0.872
 0.160        89657  0.54535E-03 -0.65442E-02  0.11998E-01 -0.43384E+02  0.73977E+02 -0.59077E+02  0.38288E+00 -0.88636E+00  0.26032E+00   1.628   1.290
 0.170        60551  0.31853E-02 -0.12452E-01 -0.12162E-01 -0.20189E+01 -0.10738E+02 -0.21939E+02  0.49530E+00 -0.75870E+00  0.42315E+00   2.014   1.371
 0.180        79688 -0.39920E-02  0.30708E-03 -0.92124E-02 -0.12385E+02 -0.44442E+02 -0.54403E+02  0.48084E+00 -0.87095E+00 -0.10114E+00   2.443   1.226
 0.190       110572 -0.29186E-02  0.32429E-02 -0.45400E-02 -0.67652E+02  0.27252E+02 -0.44338E+02 -0.20209E+00  0.97689E+00 -0.69559E-01   3.081   1.537
 0.200       129251  0.13646E-02 -0.14328E-01  0.61405E-02  0.56795E+02 -0.27713E+02  0.44051E+02 -0.29078E+00  0.94101E+00 -0.17305E+00   4.025   2.314
 0.210        94587 -0.21473E-02 -0.78735E-02  0.78735E-02 -0.82558E+01  0.16892E+02  0.53353E+02  0.23844E+00  0.87606E+00  0.41913E+00   3.790   2.291
 0.220       108410  0.11240E-02  0.11240E-02  0.29974E-02 -0.90905E+02  0.70517E+02  0.19381E+01  0.59719E+00 -0.64928E+00  0.47095E+00   4.778   3.274
 0.230       298864  0.11758E-02  0.15678E-02  0.15678E-02  0.50548E+02 -0.65825E+01 -0.63913E+02  0.22902E+00 -0.20574E+00  0.95143E+00   4.509   1.570
 0.240       324799 -0.36797E-02  0.16354E-02  0.16354E-02 -0.14433E+02  0.12764E+02 -0.10925E+02  0.14798E+00 -0.49981E+00  0.85340E+00   4.587   2.569
 0.250       324797 -0.12776E-02  0.17035E-02 -0.17035E-02  0.54074E+00 -0.20201E+02  0.11695E+03  0.11035E+00 -0.40914E+00  0.90577E+00   4.960   1.975
 0.260       320098 -0.22153E-02 -0.88611E-03 -0.17722E-02  0.11085E+03  0.11538E+03 -0.90739E+02  0.27493E+00 -0.48773E+00  0.82857E+00   5.829   1.778
 0.270       275263 -0.22998E-02  0.91994E-03  0.91994E-03  0.91681E+01 -0.50027E+02  0.26670E+02  0.25657E+00 -0.57961E+00  0.77345E+00   5.553   1.529
 0.280       438114 -0.47741E-03 -0.19096E-02 -0.28645E-02  0.18331E+03 -0.84447E+02  0.26717E+03  0.16201E+00 -0.62999E+00  0.75952E+00   6.472   3.051
 0.290       288587 -0.14843E-02  0.00000E+00  0.00000E+00  0.40943E+02  0.12219E+03 -0.15057E+03  0.13844E+00 -0.59612E+00  0.79087E+00   6.416   1.491
 0.300         7213  0.10242E-02 -0.10242E-02 -0.10242E-02  0.71707E+02  0.19623E+03  0.13638E+02  0.68121E-01 -0.57154E+00  0.81774E+00   6.815   1.896
 0.310       454598 -0.15848E-02 -0.31697E-02  0.00000E+00  0.13296E+03  0.16731E+03  0.38117E+02  0.72637E-01 -0.63495E+00  0.76913E+00   7.903   1.885
 0.320       434059 -0.21824E-02  0.00000E+00  0.10912E-02 -0.12516E+02 -0.78947E+02 -0.15457E+03 -0.52213E-01 -0.50128E+00  0.86371E+00   8.291   3.769
 0.330       329622  0.56242E-03  0.00000E+00 -0.11248E-02 -0.51161E+02 -0.44274E+02  0.25571E+02 -0.25946E+00 -0.44846E+00  0.85532E+00   8.336   5.079
 0.340        10700  0.00000E+00  0.11598E-02  0.00000E+00  0.17708E+03  0.15192E+03  0.80248E+02 -0.34039E+00 -0.15744E+00  0.92701E+00   8.689   3.523
 0.350       852580  0.17911E-02 -0.11941E-02  0.00000E+00 -0.12664E+02 -0.63275E+02 -0.49070E+01 -0.29168E+00 -0.41422E+00  0.86217E+00   8.184   4.219
 0.360       488446 -0.24534E-02 -0.12267E-02  0.24534E-02 -0.23974E+03 -0.51163E+02 -0.26656E+03 -0.52044E+00 -0.14883E+00  0.84083E+00   8.550   4.606
 0.370       426007 -0.25211E-02  0.00000E+00  0.12606E-02 -0.40241E+02  0.26466E+03  0.50067E+02 -0.47558E+00 -0.77331E-01  0.87627E+00   7.462   2.458
 0.380       321577  0.00000E+00 -0.25924E-02  0.12962E-02  0.25220E+03 -0.47893E+02 -0.22858E+02 -0.46332E+00 -0.17625E+00  0.86849E+00   8.943   2.693
 0.390       237129 -0.13300E-02  0.13300E-02 -0.13300E-02  0.12554E+03 -0.11813E+02 -0.31583E+02 -0.38783E+00 -0.20151E+00  0.89944E+00   7.874   1.927
 0.400       258216  0.13625E-02 -0.27249E-02  0.00000E+00 -0.10235E+03 -0.13154E+03  0.53887E+02 -0.26498E+00 -0.23707E+00  0.93466E+00   9.381   2.416
 0.410       203040 -0.20971E-02  0.27961E-02  0.13981E-02  0.15466E+03 -0.78510E+02  0.28525E+03 -0.15055E+00 -0.29420E+00  0.94381E+00   8.914   1.832
 0.420       495816  0.14324E-02 -0.28647E-02 -0.14324E-02  0.89662E+02 -0.10391E+03 -0.15624E+02 -0.13677E+00 -0.25781E+00  0.95647E+00  10.118   2.283
 0.430       237470 -0.73305E-03 -0.14661E-02 -0.43983E-02 -0.19224E+03  0.77888E+02  0.24835E+02 -0.10075E+00 -0.27998E+00  0.95471E+00  11.941   1.869
 0.440       338786 -0.74996E-03  0.29998E-02  0.00000E+00 -0.84919E+02  0.20440E+03 -0.16140E+03 -0.63007E-02 -0.32163E+00  0.94684E+00  12.266   1.848
 0.450       134735 -0.23020E-02 -0.15346E-02  0.15346E-02 -0.20176E+03  0.26166E+03  0.10004E+03  0.23073E-01 -0.35917E+00  0.93299E+00  12.810   2.227
 0.460      1354543 -0.31376E-02 -0.31376E-02 -0.15688E-02  0.20679E+02 -0.19031E+02  0.19451E+02  0.59170E-01 -0.37608E+00  0.92470E+00  12.660   2.238
 0.470       375162 -0.80088E-03 -0.32035E-02  0.16018E-02 -0.94927E+01 -0.24407E+03  0.18122E+03  0.13999E+00 -0.49095E+00  0.85987E+00  14.531   2.528
 0.480       497003  0.16356E-02  0.00000E+00 -0.49069E-02  0.19426E+03 -0.12054E+02 -0.14067E+03  0.17130E+00 -0.49022E+00  0.85460E+00  13.675   2.067
 0.490       101334 -0.41792E-02  0.00000E+00  0.16717E-02 -0.16838E+03 -0.22279E+03  0.85080E+02  0.25665E+00 -0.48473E+00  0.83616E+00  15.068   2.035
 0.500      1194934  0.85260E-03 -0.17052E-02 -0.51156E-02 -0.86461E+02  0.77915E+02  0.67450E+02  0.25789E+00 -0.45487E+00  0.85240E+00  15.330   2.134
 0.510      1241300  0.00000E+00  0.00000E+00 -0.34763E-02  0.22721E+03 -0.48923E+02  0.43719E+02  0.28762E+00 -0.44530E+00  0.84793E+00  15.555   2.500
 0.520       339662  0.17728E-02 -0.53183E-02  0.00000E+00 -0.22588E+03 -0.11425E+03 -0.14711E+03  0.33371E+00 -0.43360E+00  0.83703E+00  15.924   2.030
 0.530       565913  0.18054E-02  0.00000E+00  0.18054E-02 -0.68450E+02  0.81086E+02 -0.13121E+03  0.35038E+00 -0.46410E+00  0.81354E+00  15.827   2.143
 0.540      1518111  0.18403E-02  0.18403E-02  0.00000E+00 -0.14388E+03  0.39762E+02 -0.76380E+02  0.33181E+00 -0.50090E+00  0.79937E+00  16.924   2.051
 0.550      1275486 -0.37496E-02  0.18748E-02 -0.37496E-02 -0.15387E+03  0.61160E+02 -0.91043E+02  0.31906E+00 -0.48919E+00  0.81172E+00  16.948   1.481
 0.561      1448875 -0.19112E-02 -0.19112E-02 -0.19112E-02 -0.76934E+02 -0.23001E+03  0.10527E+02  0.33903E+00 -0.45832E+00  0.82158E+00  17.151   2.282
