  46
 0.110   1.000  3.60372E-02  2.80325E-02  4.69320E-02
 0.120   1.263  1.84961E-02  2.29114E-02  1.61490E-02
 0.130   1.455  1.50612E-01  1.66172E-01  1.29971E-01
 0.140   1.686  6.29956E-01  5.03626E-01  8.05504E-01
 0.150   1.310  2.91796E-01  3.00001E-01  2.85296E-01
 0.160   1.628  5.59572E-01  5.11564E-01  5.99622E-01
 0.170   2.014  2.99796E-01  2.88467E-01  3.38013E-01
 0.180   2.443  4.67013E-01  5.37615E-01  3.74644E-01
 0.190   3.081  1.54019E+00  1.54256E+00  1.41596E+00
 0.200   4.025  8.99946E-01  9.72386E-01  8.29714E-01
 0.210   3.790  3.55584E+00  3.79766E+00  3.22782E+00
 0.220   4.778  1.01368E+01  9.53376E+00  9.63904E+00
 0.230   4.509  8.49245E+00  8.16347E+00  8.50116E+00
 0.240   4.587  3.34239E+00  3.33533E+00  4.07602E+00
 0.250   4.960  4.47510E+00  4.64621E+00  4.34820E+00
 0.260   5.829  2.88398E+00  2.68708E+00  3.66018E+00
 0.270   5.553  2.09689E+00  2.13899E+00  2.14476E+00
 0.280   6.472  2.87212E+00  2.50891E+00  3.31021E+00
 0.290   6.416  3.16035E+00  3.30786E+00  3.03855E+00
 0.300   6.815  1.71021E+00  1.66779E+00  1.85651E+00
 0.310   7.903  2.67278E+00  2.82274E+00  2.29754E+00
 0.320   8.291  2.64039E+00  2.46592E+00  2.54305E+00
 0.330   8.336  1.15741E+01  1.12938E+01  1.07756E+01
 0.340   8.689  7.95940E+00  7.49926E+00  7.82807E+00
 0.350   8.184  8.47588E+00  8.16289E+00  8.72702E+00
 0.360   8.550  6.39960E+00  6.03410E+00  6.88010E+00
 0.370   7.462  5.61012E+00  5.48797E+00  5.92976E+00
 0.380   8.943  4.73620E+00  4.71658E+00  5.07039E+00
 0.390   7.874  2.86236E+00  2.91948E+00  2.90212E+00
 0.400   9.381  3.74554E+00  3.84443E+00  3.78939E+00
 0.410   8.914  3.02893E+00  2.97728E+00  2.97776E+00
 0.420  10.118  1.78925E+00  1.69739E+00  2.08164E+00
 0.430  11.941  2.13601E+00  2.12791E+00  2.28794E+00
 0.440  12.266  2.82342E+00  2.81017E+00  2.91334E+00
 0.450  12.810  2.13648E+00  2.09823E+00  2.10275E+00
 0.460  12.660  1.78854E+00  1.89874E+00  1.57292E+00
 0.470  14.531  2.13734E+00  2.19500E+00  1.95760E+00
 0.480  13.675  2.15885E+00  2.48392E+00  1.61756E+00
 0.490  15.068  2.10983E+00  2.18105E+00  1.85136E+00
 0.500  15.330  1.63781E+00  1.68692E+00  1.65115E+00
 0.510  15.555  2.45630E+00  2.64327E+00  2.04937E+00
 0.520  15.924  1.69294E+00  1.68752E+00  1.39361E+00
 0.530  15.827  1.91412E+00  1.93386E+00  1.80311E+00
 0.540  16.924  1.68999E+00  1.78768E+00  1.72262E+00
 0.550  16.948  2.74414E+00  2.87845E+00  2.46241E+00
 0.561  17.151  1.52607E+00  1.49322E+00  2.05223E+00
