  36
 0.100   0.830   0.389  7.18048E-02  9.48602E-02  4.45777E-02
 0.110   1.051   0.834  8.72278E-02  7.07568E-02  8.38275E-02
 0.120   1.169   0.755  1.36478E-02  1.39995E-02  1.16513E-02
 0.130   1.459   0.754  9.45325E-02  4.83023E-02  1.31393E-01
 0.140   2.071   1.298  5.94171E-02  7.34786E-02  3.87679E-02
 0.150   2.176   1.381  1.82203E-01  2.14396E-01  1.18490E-01
 0.160   2.161   1.112  3.23032E-01  3.83407E-01  2.47991E-01
 0.170   2.576   1.219  1.38256E+00  1.55301E+00  1.15240E+00
 0.180   0.982   0.292  7.60049E+00  8.36625E+00  5.91351E+00
 0.190   0.880   0.091  6.47621E+00  6.52596E+00  6.16178E+00
 0.200   3.931   1.617  2.21099E+00  2.63237E+00  1.47640E+00
 0.210   0.902   0.210  1.35593E+01  1.44409E+01  1.05026E+01
 0.220   2.031   0.454  7.11844E+00  6.93062E+00  8.17326E+00
 0.230   3.152   0.571  2.30019E+01  2.67301E+01  1.71818E+01
 0.240   1.225   0.085  3.22105E+01  3.32925E+01  2.72803E+01
 0.250   2.453   0.620  1.10977E+01  1.10524E+01  1.12067E+01
 0.260   3.384   0.916  3.94093E+00  4.00405E+00  3.79584E+00
 0.270   4.780   0.811  1.42131E+01  1.38793E+01  1.34697E+01
 0.280   4.073   0.756  1.19006E+01  1.32062E+01  1.01027E+01
 0.290   4.731   0.935  1.42557E+01  1.53054E+01  1.29851E+01
 0.300   5.187   0.834  1.16529E+01  1.20949E+01  1.13458E+01
 0.310   4.623   0.689  1.46135E+01  1.49281E+01  1.27382E+01
 0.320   5.336   0.927  1.57138E+01  1.61047E+01  1.50310E+01
 0.330   4.812   0.647  2.15667E+01  2.06500E+01  2.35203E+01
 0.340   7.199   1.102  1.17929E+01  1.16733E+01  1.17282E+01
 0.350   7.431   1.498  1.37199E+01  1.39681E+01  1.34220E+01
 0.360  11.129   1.799  1.18865E+01  1.17740E+01  1.19232E+01
 0.370   9.399   1.445  1.10073E+01  1.13650E+01  1.08547E+01
 0.380   8.162   1.253  1.51415E+01  1.54250E+01  1.50399E+01
 0.390  11.269   1.389  1.05581E+01  1.03003E+01  1.12708E+01
 0.400  12.118   2.084  7.43810E+00  7.07912E+00  7.89798E+00
 0.410  12.094   1.656  7.30271E+00  7.60724E+00  6.79061E+00
 0.420  13.631   2.743  8.26529E+00  8.50569E+00  7.57647E+00
 0.430  12.407   2.016  9.61324E+00  9.88924E+00  8.83875E+00
 0.440  12.673   2.493  1.25917E+01  1.23987E+01  1.27842E+01
 0.450  12.653   2.329  9.72510E+00  9.67857E+00  9.94280E+00
