  36
 0.100   7.000   0.830  8.97196E+09  7.61485E+08  6.47543E+07  7.44459E+07  8.14572E+09  8.76355E+07  2.36618E+07  2.71148E+07  3.36876E+08  1.09169E+09  6.50415E+07  7.47859E+07  9.63722E+09  1.08463E+08  2.79340E+07  3.19506E+07  4.48947E+08
 0.110   8.750   1.051  1.35395E+10  9.55054E+08  1.50243E+08  1.73932E+08  1.24342E+10  4.11742E+07  6.73709E+07  7.80833E+07  5.31669E+08  1.13491E+09  1.50308E+08  1.74011E+08  1.30801E+10  6.81065E+07  8.04114E+07  9.30498E+07  7.30287E+08
 0.120  10.750   1.169  1.79390E+10  1.30210E+09  1.86843E+08  2.21647E+08  1.64501E+10  1.64132E+08  1.10307E+08  1.30828E+08  9.99156E+08  1.21981E+09  1.86506E+08  2.21245E+08  1.57472E+10  1.75811E+08  1.15911E+08  1.37466E+08  1.13675E+09
 0.130  12.750   1.459  2.54508E+10  1.91748E+09  3.23649E+08  3.84631E+08  2.32096E+10  7.26280E+07  2.09560E+08  2.49028E+08  1.23610E+09  1.40223E+09  3.21332E+08  3.81822E+08  1.77834E+10  9.59709E+07  2.19393E+08  2.60808E+08  1.52916E+09
 0.140  15.750   2.071  3.74644E+10  2.81991E+09  4.46769E+08  5.36671E+08  3.41978E+10  1.21685E+08  2.71397E+08  3.28151E+08  1.92457E+09  1.68782E+09  4.25832E+08  5.11237E+08  2.16440E+10  2.14561E+08  2.98702E+08  3.60787E+08  2.88698E+09
 0.150  20.000   2.176  6.39802E+10  5.08281E+09  7.62662E+08  9.19109E+08  5.81347E+10  3.66342E+08  3.95513E+08  4.76031E+08  2.61004E+09  2.04045E+09  5.88379E+08  7.08285E+08  2.58046E+10  4.14664E+08  4.11129E+08  4.94548E+08  2.97128E+09
 0.160  25.000   2.161  1.02713E+11  9.55630E+09  1.46499E+09  1.72789E+09  9.16916E+10  1.35789E+09  8.34865E+08  9.80409E+08  6.42634E+09  4.44428E+09  1.32053E+09  1.55048E+09  4.48076E+10  1.14647E+09  7.82623E+08  9.21052E+08  5.14800E+09
 0.170  28.250   2.576  1.23289E+11  1.09082E+10  2.48117E+09  2.95839E+09  1.09899E+11  1.57029E+09  1.91791E+09  2.27376E+09  9.43204E+09  5.25250E+09  2.34592E+09  2.79090E+09  4.64163E+10  1.43017E+09  1.86953E+09  2.21604E+09  8.33677E+09
 0.180  31.250   0.982  1.40407E+11  1.06242E+10  4.36879E+09  5.19461E+09  1.25414E+11  1.49305E+09  3.63008E+09  4.28477E+09  9.36386E+09  4.28325E+09  4.15935E+09  4.93154E+09  4.14803E+10  9.97836E+08  2.48932E+09  2.91173E+09  1.91476E+09
 0.190  37.250   0.880  2.07517E+11  1.72357E+10  6.32754E+09  7.67497E+09  1.83954E+11  8.51290E+08  4.75260E+09  5.75166E+09  1.17183E+10  3.08943E+09  5.18886E+09  6.29556E+09  3.87286E+10  4.63947E+08  3.09320E+09  3.69937E+09  1.50813E+09
 0.200  43.000   3.931  2.74491E+11  2.41617E+10  8.02240E+09  9.85201E+09  2.42307E+11  2.19176E+09  5.41378E+09  6.68136E+09  1.63216E+10  4.85112E+09  5.92986E+09  7.33269E+09  5.19540E+10  1.95658E+09  5.33615E+09  6.58415E+09  1.44341E+10
 0.210  46.750   0.902  3.04143E+11  2.41886E+10  1.18417E+10  1.44224E+10  2.68113E+11  2.64434E+09  8.19747E+09  9.97646E+09  2.01103E+10  4.97374E+09  8.82590E+09  1.07479E+10  5.51933E+10  1.68133E+09  4.92829E+09  5.93486E+09  2.04038E+09
 0.220  51.500   2.031  3.55484E+11  2.49488E+10  1.46151E+10  1.80773E+10  3.15920E+11  2.02928E+09  9.67352E+09  1.19920E+10  2.12588E+10  5.77639E+09  1.24417E+10  1.53725E+10  5.75013E+10  1.11340E+09  7.51952E+09  9.27487E+09  5.79748E+09
 0.230  55.500   3.152  3.89789E+11  2.52942E+10  1.84601E+10  2.28369E+10  3.46035E+11  5.85120E+09  1.51722E+10  1.86863E+10  3.38339E+10  9.35414E+09  1.68021E+10  2.07297E+10  7.25734E+10  4.05040E+09  1.31684E+10  1.61751E+10  1.58686E+10
 0.240  58.500   1.225  4.01621E+11  2.14256E+10  2.36557E+10  2.93787E+10  3.56540E+11  3.86544E+09  2.05031E+10  2.53481E+10  3.68237E+10  5.15378E+09  2.19408E+10  2.71822E+10  6.91536E+10  2.64634E+09  1.29577E+10  1.58094E+10  4.54459E+09
 0.250  61.500   2.453  4.14045E+11  2.05366E+10  2.62257E+10  3.30939E+10  3.67283E+11  2.72672E+09  2.30689E+10  2.90009E+10  3.80848E+10  4.12263E+09  2.44113E+10  3.07356E+10  6.60291E+10  1.48013E+09  1.87193E+10  2.33957E+10  1.14974E+10
 0.260  63.250   3.384  4.03222E+11  1.93939E+10  2.71070E+10  3.47308E+10  3.56721E+11  2.44206E+09  2.40083E+10  3.06716E+10  4.32952E+10  3.76662E+09  2.53952E+10  3.24841E+10  7.29154E+10  1.54464E+09  2.08788E+10  2.65958E+10  1.92872E+10
 0.270  66.000   4.780  4.09218E+11  1.88116E+10  2.86051E+10  3.69291E+10  3.61801E+11  2.86538E+09  2.54499E+10  3.27720E+10  4.28002E+10  4.56258E+09  2.68395E+10  3.45996E+10  7.04775E+10  2.07621E+09  2.37446E+10  3.05330E+10  2.80100E+10
 0.280  70.000   4.073  4.34325E+11  1.86911E+10  2.97690E+10  3.87368E+10  3.85864E+11  4.40029E+09  2.68354E+10  3.48449E+10  4.63388E+10  5.38004E+09  2.79706E+10  3.63481E+10  7.01165E+10  3.02127E+09  2.36078E+10  3.05934E+10  2.26000E+10
 0.290  74.750   4.731  4.78783E+11  2.00125E+10  3.16563E+10  4.13742E+10  4.27114E+11  4.70401E+09  2.88332E+10  3.76105E+10  5.37492E+10  5.59002E+09  2.97494E+10  3.88280E+10  7.45000E+10  3.39051E+09  2.63452E+10  3.43268E+10  2.99087E+10
 0.300  80.250   5.187  5.41251E+11  2.37424E+10  3.35695E+10  4.41153E+10  4.83940E+11  4.08621E+09  3.03334E+10  3.97985E+10  5.92671E+10  4.68567E+09  3.10986E+10  4.08187E+10  7.63953E+10  2.96273E+09  2.77138E+10  3.63227E+10  3.33345E+10
 0.310  89.000   4.623  6.71251E+11  3.39670E+10  3.96560E+10  5.22499E+10  5.97628E+11  4.48206E+09  3.21489E+10  4.23467E+10  6.84166E+10  4.81641E+09  3.25225E+10  4.28482E+10  7.80976E+10  2.80124E+09  2.81554E+10  3.70234E+10  2.90350E+10
 0.320  94.500   5.336  7.35686E+11  3.59300E+10  4.17479E+10  5.51547E+10  6.58008E+11  5.93285E+09  3.43237E+10  4.53100E+10  8.27168E+10  6.15377E+09  3.45201E+10  4.55739E+10  8.86324E+10  4.19698E+09  3.12964E+10  4.12485E+10  3.92573E+10
 0.330 101.000   4.812  8.20489E+11  3.51649E+10  4.84831E+10  6.35416E+10  7.36841E+11  4.61355E+09  4.01321E+10  5.24377E+10  8.44229E+10  4.58125E+09  4.00936E+10  5.23862E+10  8.34030E+10  2.52278E+09  3.49030E+10  4.54654E+10  3.20995E+10
 0.340 105.500   7.199  8.57345E+11  3.36476E+10  5.00644E+10  6.61772E+10  7.73633E+11  5.44747E+09  4.26900E+10  5.63018E+10  9.02424E+10  5.24552E+09  4.24093E+10  5.59256E+10  8.50044E+10  4.11051E+09  4.03781E+10  5.31951E+10  5.78071E+10
 0.350 110.000   7.431  8.90736E+11  3.35090E+10  5.16732E+10  6.86461E+10  8.05554E+11  6.40919E+09  4.44929E+10  5.89584E+10  9.37243E+10  5.98728E+09  4.39459E+10  5.82201E+10  8.41532E+10  4.65056E+09  4.20363E+10  5.56523E+10  5.92985E+10
 0.360 116.000  11.129  9.64711E+11  3.80148E+10  5.33740E+10  7.12435E+10  8.73323E+11  7.64336E+09  4.62195E+10  6.15669E+10  1.04966E+11  6.65536E+09  4.53051E+10  6.03327E+10  8.87422E+10  7.38982E+09  4.59723E+10  6.12325E+10  1.00240E+11
 0.370 120.000   9.399  9.88489E+11  3.89913E+10  5.46800E+10  7.32607E+10  8.94818E+11  8.10762E+09  4.76748E+10  6.37393E+10  1.09799E+11  7.20561E+09  4.64557E+10  6.20881E+10  8.89692E+10  6.88501E+09  4.60005E+10  6.14744E+10  8.26256E+10
 0.380 123.500   8.162  9.99396E+11  3.84045E+10  5.66279E+10  7.59875E+10  9.04363E+11  8.89515E+09  4.95883E+10  6.63783E+10  1.12496E+11  7.82275E+09  4.81829E+10  6.44706E+10  8.79728E+10  6.52496E+09  4.64699E+10  6.21705E+10  6.88061E+10
 0.390 127.500  11.269  1.01200E+12  3.98059E+10  5.81472E+10  7.82927E+10  9.14045E+11  7.35258E+09  5.12451E+10  6.88338E+10  1.16798E+11  5.69309E+09  4.96309E+10  6.66381E+10  8.82978E+10  6.55573E+09  5.04573E+10  6.77596E+10  1.01439E+11
 0.400 133.500  12.118  1.06499E+12  4.33168E+10  5.94250E+10  8.03042E+10  9.62246E+11  7.70705E+09  5.24110E+10  7.06924E+10  1.22363E+11  4.59385E+09  5.01634E+10  6.76622E+10  8.77940E+10  6.74743E+09  5.17355E+10  6.97757E+10  1.09754E+11
 0.410 137.250  12.094  1.07765E+12  4.45026E+10  6.01154E+10  8.15243E+10  9.73028E+11  8.45061E+09  5.33002E+10  7.21456E+10  1.25025E+11  5.30610E+09  5.07149E+10  6.86527E+10  8.73530E+10  7.34391E+09  5.23629E+10  7.08723E+10  1.08766E+11
 0.420 140.000  13.631  1.06419E+12  4.43165E+10  6.09152E+10  8.28135E+10  9.58957E+11  9.85142E+09  5.40210E+10  7.33071E+10  1.26121E+11  5.17498E+09  5.08825E+10  6.91017E+10  8.58162E+10  9.52023E+09  5.38290E+10  7.30458E+10  1.22479E+11
 0.430 144.250  12.407  1.08691E+12  4.48178E+10  6.20592E+10  8.44766E+10  9.80032E+11  1.06102E+10  5.53395E+10  7.52213E+10  1.33730E+11  6.37491E+09  5.17717E+10  7.04446E+10  8.80820E+10  8.94133E+09  5.41404E+10  7.35981E+10  1.13114E+11
 0.440 148.250  12.673  1.10628E+12  4.57249E+10  6.32725E+10  8.61691E+10  9.97281E+11  1.05524E+10  5.70104E+10  7.75059E+10  1.39332E+11  6.49136E+09  5.28957E+10  7.19774E+10  8.85487E+10  9.06152E+09  5.57591E+10  7.58016E+10  1.16796E+11
 0.450 152.250  12.653  1.12407E+12  4.51801E+10  6.45315E+10  8.80168E+10  1.01436E+12  1.00267E+10  5.84862E+10  7.96287E+10  1.44838E+11  5.67714E+09  5.38863E+10  7.34159E+10  8.94443E+10  8.47498E+09  5.69386E+10  7.75143E+10  1.17781E+11
