  36
 0.100  1.28361E+08  3.32281E+07  3.79989E+07  1.24085E+08  1.57566E+07  6.27860E+08  2.12460E-01
 0.110  5.87164E+07  7.72428E+07  8.94084E+07  5.55178E+07  5.09213E+07  6.71092E+08  5.76107E-01
 0.120  1.54478E+08  1.04274E+08  1.23695E+08  1.49281E+08  2.29142E+07  8.89496E+08  2.70691E-01
 0.130  4.84047E+07  1.88097E+08  2.23076E+08  4.53305E+07  9.68690E+07  8.46763E+08  7.07454E-01
 0.140  5.31648E+07  2.18841E+08  2.64854E+08  5.01512E+07  3.08479E+07  9.62159E+08  4.49515E-01
 0.150  1.47959E+08  2.67474E+08  3.23712E+08  1.42563E+08  5.60206E+07  8.68462E+08  8.54456E-01
 0.160  3.69726E+08  5.05524E+08  5.98547E+08  3.58285E+08  2.03011E+08  1.46581E+09  2.90405E+00
 0.170  5.41943E+08  1.17116E+09  1.38486E+09  5.30684E+08  5.45168E+08  1.85215E+09  5.64491E+00
 0.180  1.00210E+09  2.50602E+09  2.93181E+09  9.90929E+08  1.32343E+09  1.96622E+09  1.60066E+01
 0.190  4.73621E+08  3.27033E+09  3.91740E+09  4.65543E+08  9.42927E+08  1.85191E+09  1.03645E+01
 0.200  5.82381E+08  3.18457E+09  3.89957E+09  5.69560E+08  4.55201E+08  1.79920E+09  5.41659E+00
 0.210  1.74638E+09  5.15557E+09  6.21490E+09  1.73027E+09  1.96348E+09  2.37085E+09  2.35418E+01
 0.220  8.94634E+08  5.35822E+09  6.55542E+09  8.84822E+08  1.10616E+09  1.90378E+09  1.02527E+01
 0.230  2.11851E+09  8.10212E+09  9.84908E+09  2.09471E+09  2.28602E+09  2.89330E+09  3.02228E+01
 0.240  2.56362E+09  1.16686E+10  1.42030E+10  2.54811E+09  3.31718E+09  3.27922E+09  4.17724E+01
 0.250  7.85907E+08  1.25010E+10  1.55046E+10  7.78329E+08  1.65025E+09  2.91741E+09  1.55714E+01
 0.260  3.77647E+08  1.13368E+10  1.43453E+10  3.71083E+08  6.45133E+08  2.72394E+09  6.42181E+00
 0.270  4.64124E+08  9.72799E+09  1.24429E+10  4.56421E+08  6.20097E+08  2.13491E+09  6.70368E+00
 0.280  3.96857E+08  9.27968E+09  1.20133E+10  3.90161E+08  2.93600E+08  2.08203E+09  3.40181E+00
 0.290  2.15467E+08  8.04946E+09  1.05287E+10  2.09940E+08  2.00944E+08  1.97553E+09  2.26550E+00
 0.300  1.99668E+08  7.63041E+09  1.00420E+10  1.93628E+08  2.23187E+08  1.81042E+09  2.49212E+00
 0.310  1.49640E+08  6.89916E+09  9.14393E+09  1.45233E+08  1.09400E+08  1.67773E+09  1.32223E+00
 0.320  2.65257E+08  6.71958E+09  8.92991E+09  2.56814E+08  1.39460E+08  1.68397E+09  1.53105E+00
 0.330  1.25871E+09  9.63451E+09  1.22853E+10  1.24161E+09  2.47334E+09  1.96730E+09  2.71035E+01
 0.340  2.78394E+08  8.66500E+09  1.12097E+10  2.71710E+08  4.79706E+08  1.72113E+09  4.10427E+00
 0.350  1.88817E+08  8.06100E+09  1.05490E+10  1.82936E+08  2.33907E+08  1.66193E+09  2.51807E+00
 0.360  6.18140E+07  5.80441E+09  7.69363E+09  5.93529E+07  3.76309E+07  1.37328E+09  3.86660E-01
 0.370  8.15389E+07  4.72464E+09  6.30083E+09  7.76993E+07  5.73317E+07  1.16660E+09  5.36821E-01
 0.380  6.28903E+07  4.89268E+09  6.54968E+09  5.93739E+07  5.98971E+07  1.21132E+09  5.31250E-01
 0.390  7.65072E+07  5.24771E+09  7.05081E+09  7.26359E+07  6.33471E+07  1.21714E+09  6.86758E-01
 0.400  4.91831E+07  4.69352E+09  6.33173E+09  4.66926E+07  2.73690E+07  1.11563E+09  2.76039E-01
 0.410  3.02079E+07  4.17939E+09  5.65747E+09  2.84184E+07  1.34164E+07  1.02135E+09  1.45482E-01
 0.420  2.34056E+07  4.59097E+09  6.23059E+09  2.17524E+07  9.91027E+06  1.09161E+09  1.02549E-01
 0.430  1.83586E+07  4.77808E+09  6.50029E+09  1.68111E+07  6.88899E+06  1.17915E+09  7.64270E-02
 0.440  1.78731E+07  3.70617E+09  5.04882E+09  1.64173E+07  5.32505E+06  9.87018E+08  5.75598E-02
 0.450  1.29160E+07  3.63398E+09  4.95834E+09  1.15517E+07  3.85775E+06  9.91341E+08  4.27612E-02
