  36
 0.100 -8.68157E-03 -6.99672E-02  1.87918E-01 -2.47605E+01 -1.39753E+01 -4.64620E+01  6.59598E-01 -7.51022E-01 -2.99231E-02  1.81645E+01   0.830   0.389  1.00202E+08  1.02358E+08  5.50097E+06  0.00000E+00  4.21511E+07  7.18048E-02  5.24113E+01   7.381   7.243
 0.110 -2.10541E-01 -1.04109E-01  2.42847E-02  5.83679E+00 -3.18893E+00 -1.24395E+01  9.60532E-01 -2.58723E-01 -1.02175E-01  1.00380E+01   1.051   0.834  7.09471E+07  7.43837E+07  9.64326E+06  7.87284E+05  7.42425E+07  8.72278E-02  9.09585E+01   7.753   7.611
 0.120 -4.45770E-03  9.86083E-03  3.82183E-02 -8.71604E+00 -1.27498E+01 -4.08192E+01 -4.25437E-01 -5.40884E-01 -7.25567E-01  2.88446E+00   1.169   0.755  1.71717E+08  1.66297E+08  5.95187E+06  1.20450E+06  8.08935E+07  1.36478E-02  1.84414E+02   7.680   7.617
 0.130  4.48636E-02  1.57101E-02  2.46113E-02 -2.74720E+00 -4.99573E+00 -2.26833E+01 -4.34980E-01  4.48022E-02 -8.99325E-01  5.32215E+00   1.459   0.754  8.86778E+07  9.49649E+07  1.78089E+07  1.63012E+06  9.58584E+07  9.45325E-02  1.35686E+02   7.969   7.952
 0.140 -1.71257E-01  2.27652E-01 -1.58133E-01  1.67159E+01 -8.51160E+00 -1.63785E+01 -6.65682E-01 -6.67174E-01 -3.34286E-01  7.37955E+01   2.071   1.298  2.26458E+08  2.13077E+08  1.92202E+07  5.25924E+06  2.48833E+08  5.94171E-02  2.37552E+02   7.839   7.757
 0.150 -2.52214E-01 -1.27137E-04  1.41599E-01  2.49867E+01 -4.19880E+00 -1.24175E+01 -8.25786E-01  5.55141E-01  9.94801E-02  2.02971E+01   2.176   1.381  3.99572E+08  3.87578E+08  3.57124E+07  4.89546E+06  2.31208E+08  1.82203E-01  2.29025E+02   7.931   7.877
 0.160 -4.51323E-01 -4.79571E-01  4.64816E-01 -3.56693E+01 -2.10594E+01  3.82130E+01 -6.80142E-01 -4.98244E-01 -5.37736E-01  2.03965E+01   2.161   1.112  1.10921E+09  1.09607E+09  5.58368E+07  1.00567E+07  3.27482E+08  3.23032E-01  2.11688E+02   7.912   7.936
 0.170  1.51706E-01  1.55430E-01 -1.53202E-01 -7.05815E+00 -1.71126E+01 -2.75811E+01 -8.07713E-01  2.52032E-01 -5.32991E-01  3.21207E+01   2.576   1.219  1.27360E+09  1.32406E+09  1.80287E+08  2.49978E+07  5.71742E+08  1.38256E+00  1.58983E+02   8.222   8.070
 0.180  1.51312E-02  4.52257E-03  6.39154E-03 -3.53879E-01  1.42327E+00  2.68905E+00  7.64309E-02 -3.80424E-01 -9.21649E-01  2.10514E+01   0.982   0.292  8.75368E+08  1.40232E+09  6.56123E+08  4.59175E+06  1.05253E+08  7.60049E+00  7.22139E+01   8.612   8.512
 0.190  5.32156E-03  8.95752E-04 -2.42551E-03  4.59076E+00 -8.82418E-01  2.04928E+00 -2.43460E-01 -1.62776E-01 -9.56154E-01  1.97277E+01   0.880   0.091  3.84178E+08  9.22899E+08  9.64851E+08  6.41755E+06  4.24005E+07  6.47621E+00  1.03671E+02   8.889   8.697
 0.200  2.23717E-02  2.71545E-01  1.37852E-01  9.09944E+00 -2.19990E+01 -1.90755E+01 -6.56331E-01 -2.45943E-01  7.13261E-01  8.67141E+01   3.931   1.617  1.73915E+09  1.77194E+09  2.72463E+08  6.15527E+07  9.83110E+08  2.21099E+00  2.12537E+02   8.313   8.252
 0.210  3.07362E-03  1.08719E-03  1.40527E-03 -5.05736E+00 -1.60955E+00  3.14683E+00  2.17946E-01  1.96067E-01  9.56064E-01  2.99102E+01   0.902   0.210  1.46665E+09  2.40719E+09  1.21968E+09  1.82625E+07  1.00680E+08  1.35593E+01  1.02698E+02   8.594   8.579
 0.220  3.60007E-02 -1.67230E-02  5.03313E-03 -6.24458E+00  5.85605E+00  3.89852E+00 -1.32215E-02 -4.12752E-01  9.10748E-01  2.50072E+01   2.031   0.454  8.83602E+08  1.60008E+09  1.63034E+09  1.12511E+08  2.81839E+08  7.11844E+00  1.63882E+02   8.732   8.715
 0.230  8.33539E-02  1.43248E-02  7.30736E-02 -1.39392E+01  7.53657E+00 -1.58441E+01  1.60614E-01  9.76222E-01 -1.45578E-01  1.20769E+02   3.152   0.571  3.33806E+09  4.81111E+09  3.17598E+09  4.52210E+08  1.35116E+09  2.30019E+01  2.12448E+02   8.534   8.578
 0.240  7.11193E-03  1.39876E-03 -5.17047E-03 -5.15395E+00  1.14209E+01 -7.66358E+00 -1.76622E-01  9.82968E-01  5.07777E-02  6.00836E+01   1.225   0.085  2.38213E+09  4.77449E+09  4.18487E+09  1.00191E+08  1.42083E+08  3.22105E+01  1.39423E+02   8.759   8.687
 0.250  7.14945E-02  2.17214E-02 -1.43053E-02 -5.77371E-01 -1.80322E+00 -1.14903E+01 -4.48010E-01  7.63985E-01 -4.64342E-01  1.02389E+02   2.453   0.620  1.15564E+09  2.11581E+09  4.21716E+09  7.83627E+08  8.85423E+08  1.10977E+01  2.66388E+02   8.887   8.711
 0.260  1.56004E-01  1.62786E-01 -4.52687E-02  1.32951E+01 -8.81077E+00 -1.23401E-01 -5.97862E-01  3.59484E-01 -7.16472E-01  2.44860E+02   3.384   0.916  1.29868E+09  1.58194E+09  1.97415E+09  4.14446E+08  1.10674E+09  3.94093E+00  4.31286E+02   8.679   8.637
 0.270  1.41116E-01  1.60601E-01  1.66100E-01  1.64806E+01  5.41745E+00 -1.06401E+01 -3.89800E-01  8.78043E-01 -2.77663E-01  3.02631E+02   4.780   0.811  1.66123E+09  2.78153E+09  5.42433E+09  1.22286E+09  2.13300E+09  1.42131E+01  4.39686E+02   8.593   8.649
 0.280  8.41039E-02  1.72891E-02 -1.93816E-01 -2.17559E+01 -8.66050E+00 -2.21837E+01 -3.63876E-01  9.26657E-01 -9.43455E-02  4.36236E+02   4.073   0.756  2.55930E+09  3.34990E+09  5.74569E+09  1.13967E+09  1.86537E+09  1.19006E+01  4.81558E+02   8.461   8.630
 0.290 -3.64594E-01 -2.98372E-01 -2.82179E-01 -1.88066E+01  7.66217E+00  3.46996E+01 -4.98365E-01  8.59938E-01 -1.10179E-01  5.35403E+02   4.731   0.935  2.79175E+09  3.80279E+09  6.84574E+09  1.26276E+09  2.59849E+09  1.42557E+01  5.02266E+02   8.478   8.586
 0.300  6.16107E-01  1.67584E-01 -2.46887E-01 -2.80467E+00 -1.93273E+00 -2.95612E+01 -4.10402E-01  9.08086E-01 -8.33663E-02  5.43040E+02   5.187   0.834  2.40606E+09  3.30264E+09  7.56635E+09  1.22193E+09  2.56066E+09  1.16529E+01  5.43808E+02   8.514   8.581
 0.310 -1.24556E-01  6.40450E-02  4.02013E-01  2.42115E+01  1.52162E+01 -1.78893E+01 -4.29852E-01  8.96237E-01 -1.09481E-01  5.50187E+02   4.623   0.689  2.27826E+09  3.32584E+09  8.05409E+09  1.05705E+09  2.03306E+09  1.46135E+01  5.74838E+02   8.544   8.579
 0.320  1.41336E-02  6.71616E-02  1.84355E-01 -5.90378E+01 -5.76192E+00 -8.27343E+00 -3.59164E-01  9.18940E-01 -1.62942E-01  4.83273E+02   5.336   0.927  3.41419E+09  4.58310E+09  9.84151E+09  1.38509E+09  3.27839E+09  1.57138E+01  6.20003E+02   8.479   8.558
 0.330 -7.76610E-02  1.01055E-03 -1.08514E-01 -3.15856E+01 -1.58166E+01  2.05236E+01 -4.21074E-01  8.53689E-01  3.06449E-01  1.40052E+02   4.812   0.647  1.87412E+09  3.87849E+09  9.84277E+09  9.40410E+08  2.03198E+09  2.15667E+01  6.21373E+02   8.763   8.597
 0.340  3.39129E-01  1.31041E-01  8.93424E-02  3.64773E+01  2.03738E+01  2.31167E+00 -5.62711E-01  7.20920E-01  4.04513E-01  7.10634E+02   7.199   1.102  3.29537E+09  4.17964E+09  1.08983E+10  1.46806E+09  4.26125E+09  1.17929E+01  7.52218E+02   8.510   8.603
 0.350 -6.17522E-01 -1.48713E-01 -4.19492E-01 -1.30625E+01 -2.58733E+00 -8.79508E+00 -4.13100E-01  8.55194E-01  3.13037E-01  9.62633E+02   7.431   1.498  3.89020E+09  4.79049E+09  1.27879E+10  1.81755E+09  5.41313E+09  1.37199E+01  8.27334E+02   8.467   8.575
 0.360  7.66354E-01  5.93705E-01 -4.21325E-01 -3.57710E+01 -1.02263E+01 -2.51938E+01 -3.81218E-01  8.69811E-01  3.13212E-01  1.53282E+03  11.129   1.799  6.05952E+09  6.70797E+09  1.36260E+10  2.10747E+09  8.36097E+09  1.18865E+01  9.01169E+02   8.378   8.551
 0.370 -2.01940E-01  7.77961E-02 -2.04342E-01 -3.25709E+01 -1.73701E+01  3.96565E+01 -3.45735E-01  8.96818E-01  2.76017E-01  1.27532E+03   9.399   1.445  5.59466E+09  6.23232E+09  1.28243E+10  1.77781E+09  6.23870E+09  1.10073E+01  9.47389E+02   8.392   8.539
 0.380  1.77858E-02  2.60329E-01 -3.97348E-01 -4.25056E+01 -1.43446E+01 -8.18078E-01 -4.02720E-01  8.50160E-01  3.39183E-01  1.27848E+03   8.162   1.253  5.30748E+09  6.34063E+09  1.40770E+10  1.62306E+09  5.14094E+09  1.51415E+01  9.58304E+02   8.436   8.536
 0.390 -4.82856E-01 -1.48674E-01 -2.39147E-01 -2.38727E+01 -2.98959E+01  1.48871E+01 -4.19511E-01  8.49369E-01  3.20286E-01  1.52774E+03  11.269   1.389  5.29388E+09  5.97462E+09  1.58907E+10  1.93394E+09  6.81011E+09  1.05581E+01  1.01088E+03   8.459   8.527
 0.400 -9.93520E-01 -1.98491E-01 -6.20833E-01 -2.55277E+01 -4.72976E+01  5.65257E+01 -3.81879E-01  8.11097E-01  4.43047E-01  1.88225E+03  12.118   2.084  5.68899E+09  5.95491E+09  1.73878E+10  2.34654E+09  9.36785E+09  7.43810E+00  1.12260E+03   8.411   8.516
 0.410 -6.97414E-01  1.22742E-01 -8.78934E-01 -5.32256E+01 -3.85035E+01  1.63692E+01 -3.56818E-01  8.06438E-01  4.71527E-01  2.05117E+03  12.094   1.656  6.03383E+09  6.22592E+09  1.74569E+10  2.20116E+09  7.94253E+09  7.30271E+00  1.21735E+03   8.376   8.518
 0.420  7.29961E-02  4.52023E-01 -2.69209E-01 -6.27316E+01 -2.25840E+01 -1.83581E+00 -3.48740E-01  8.00116E-01  4.88052E-01  2.22305E+03  13.631   2.743  8.01785E+09  8.09870E+09  1.91208E+10  2.72098E+09  1.14352E+10  8.26529E+00  1.33132E+03   8.324   8.504
 0.430  7.36181E-01  7.35889E-01 -3.80571E-01 -5.25882E+01  4.72958E+00 -4.36004E+01 -3.49028E-01  7.64122E-01  5.42491E-01  2.11135E+03  12.407   2.016  7.43068E+09  7.71047E+09  1.92114E+10  2.45757E+09  9.37617E+09  9.61324E+00  1.40963E+03   8.349   8.499
 0.440  8.42447E-01  1.74355E-01  5.96854E-01 -4.55107E+01 -4.82476E+00 -1.03065E+01 -4.29322E-01  7.10355E-01  5.57744E-01  1.98068E+03  12.673   2.493  7.52445E+09  8.11363E+09  2.04934E+10  2.63753E+09  1.06262E+10  1.25917E+01  1.45769E+03   8.364   8.488
 0.450  3.64178E-01  6.02113E-01 -6.66840E-01 -5.45896E+01 -4.99522E+00 -3.91938E+01 -4.32003E-01  6.96393E-01  5.73070E-01  1.96515E+03  12.653   2.329  7.05526E+09  7.40831E+09  2.12722E+10  2.58590E+09  1.01986E+10  9.72510E+00  1.51581E+03   8.397   8.482
