  36
 0.100  7.00000E+00  8.97196E+09  7.42385E+01
 0.110  8.75000E+00  1.35395E+10  8.15703E+01
 0.120  1.07500E+01  1.79390E+10  8.47089E+01
 0.130  1.27500E+01  2.54508E+10  9.26466E+01
 0.140  1.57500E+01  3.74644E+10  1.01135E+02
 0.150  2.00000E+01  6.39802E+10  1.17285E+02
 0.160  2.50000E+01  1.02713E+11  1.32916E+02
 0.170  2.82500E+01  1.23289E+11  1.36989E+02
 0.180  3.12500E+01  1.40407E+11  1.38996E+02
 0.190  3.72500E+01  2.07517E+11  1.54774E+02
 0.200  4.30000E+01  2.74491E+11  1.65678E+02
 0.210  4.67500E+01  3.04143E+11  1.67256E+02
 0.220  5.15000E+01  3.55484E+11  1.72282E+02
 0.230  5.55000E+01  3.89789E+11  1.73781E+02
 0.240  5.85000E+01  4.01621E+11  1.71816E+02
 0.250  6.15000E+01  4.14045E+11  1.70146E+02
 0.260  6.32500E+01  4.03222E+11  1.65568E+02
 0.270  6.60000E+01  4.09218E+11  1.63282E+02
 0.280  7.00000E+01  4.34325E+11  1.63340E+02
 0.290  7.47500E+01  4.78783E+11  1.65958E+02
 0.300  8.02500E+01  5.41251E+11  1.70299E+02
 0.310  8.90000E+01  6.71251E+11  1.80087E+02
 0.320  9.45000E+01  7.35686E+11  1.82964E+02
 0.330  1.01000E+02  8.20489E+11  1.86900E+02
 0.340  1.05500E+02  8.57345E+11  1.86933E+02
 0.350  1.10000E+02  8.90736E+11  1.86600E+02
 0.360  1.16000E+02  9.64711E+11  1.89105E+02
 0.370  1.20000E+02  9.88489E+11  1.88204E+02
 0.380  1.23500E+02  9.99396E+11  1.86539E+02
 0.390  1.27500E+02  1.01200E+12  1.84743E+02
 0.400  1.33500E+02  1.06499E+12  1.85211E+02
 0.410  1.37250E+02  1.07765E+12  1.83745E+02
 0.420  1.40000E+02  1.06419E+12  1.80792E+02
 0.430  1.44250E+02  1.08691E+12  1.80000E+02
 0.440  1.48250E+02  1.10628E+12  1.79130E+02
 0.450  1.52250E+02  1.12407E+12  1.78177E+02
