  36
 0.100  1.05000E+00  1.33189E+08  3.45328E+07  3.95076E+07  1.28457E+08  1.64550E+07  6.85974E+08  2.19686E-01
 0.110  1.31250E+00  1.07263E+08  9.54198E+07  1.10302E+08  1.01572E+08  6.40813E+07  1.06766E+09  7.17107E-01
 0.120  1.61250E+00  2.36854E+08  1.38153E+08  1.63899E+08  2.25755E+08  3.10740E+07  1.81441E+09  3.49381E-01
 0.130  1.91250E+00  1.52372E+08  2.39488E+08  2.84986E+08  1.42318E+08  1.08772E+08  2.29412E+09  8.04178E-01
 0.140  2.36250E+00  2.86383E+08  3.10652E+08  3.75091E+08  2.64157E+08  5.79069E+07  3.53421E+09  8.14378E-01
 0.150  3.00000E+00  6.22220E+08  4.70579E+08  5.65452E+08  5.81176E+08  1.38014E+08  4.80972E+09  1.80696E+00
 0.160  3.75000E+00  2.15855E+09  1.05519E+09  1.23107E+09  2.05323E+09  4.94005E+08  1.23668E+10  7.64507E+00
 0.170  4.23750E+00  2.47630E+09  2.07460E+09  2.46119E+09  2.32370E+09  9.15131E+08  1.56915E+10  8.97310E+00
 0.180  4.68750E+00  2.04047E+09  3.87277E+09  4.58000E+09  1.88756E+09  1.72905E+09  1.54364E+10  1.91991E+01
 0.190  5.58750E+00  1.53205E+09  4.99368E+09  6.05108E+09  1.37152E+09  1.03197E+09  1.95005E+10  1.11411E+01
 0.200  6.45000E+00  3.18320E+09  5.67018E+09  7.00484E+09  2.87522E+09  6.46609E+08  2.85377E+10  8.21894E+00
 0.210  7.01250E+00  3.42002E+09  8.56205E+09  1.04256E+10  3.11679E+09  2.76229E+09  3.44768E+10  3.33536E+01
 0.220  7.72500E+00  3.53823E+09  1.04997E+10  1.30128E+10  3.04702E+09  1.39514E+09  3.75965E+10  1.36743E+01
 0.230  8.32500E+00  8.17996E+09  1.62620E+10  2.00513E+10  7.37195E+09  3.52724E+09  5.74092E+10  4.74744E+01
 0.240  8.77500E+00  4.72397E+09  2.16177E+10  2.67701E+10  4.16248E+09  4.30197E+09  5.95170E+10  4.83678E+01
 0.250  9.22500E+00  3.88438E+09  2.42568E+10  3.05355E+10  3.21596E+09  2.10825E+09  6.04473E+10  2.12347E+01
 0.260  9.48750E+00  3.54857E+09  2.52822E+10  3.23361E+10  3.02463E+09  1.04967E+09  6.88806E+10  1.04857E+01
 0.270  9.90000E+00  4.52348E+09  2.68135E+10  3.45654E+10  3.83411E+09  1.53367E+09  6.96603E+10  1.67324E+01
 0.280  1.05000E+01  5.55799E+09  2.80899E+10  3.65062E+10  4.76921E+09  1.17953E+09  7.39575E+10  1.52777E+01
 0.290  1.12125E+01  5.95042E+09  3.00219E+10  3.91910E+10  5.05173E+09  1.40240E+09  8.42130E+10  1.74086E+01
 0.300  1.20375E+01  5.19008E+09  3.15622E+10  4.14395E+10  4.28460E+09  1.21126E+09  9.35804E+10  1.36054E+01
 0.310  1.33500E+01  5.68605E+09  3.32387E+10  4.38126E+10  4.74149E+09  1.34975E+09  1.06697E+11  1.67457E+01
 0.320  1.41750E+01  8.30059E+09  3.58585E+10  4.73546E+10  7.03574E+09  1.59025E+09  1.36095E+11  1.89211E+01
 0.330  1.51500E+01  6.73522E+09  4.16401E+10  5.44494E+10  5.44423E+09  4.20980E+09  1.39172E+11  3.72399E+01
 0.340  1.58250E+01  7.11866E+09  4.54886E+10  6.00545E+10  5.96553E+09  1.39720E+09  1.40492E+11  1.41156E+01
 0.350  1.65000E+01  8.11621E+09  4.67526E+10  6.20090E+10  6.87149E+09  1.35558E+09  1.45689E+11  1.56387E+01
 0.360  1.74000E+01  1.04275E+10  4.85290E+10  6.46991E+10  8.91733E+09  1.17249E+09  1.62260E+11  1.26972E+01
 0.370  1.80000E+01  1.04388E+10  4.99959E+10  6.68975E+10  9.07367E+09  1.14965E+09  1.70994E+11  1.26267E+01
 0.380  1.85250E+01  1.10979E+10  5.19592E+10  6.96135E+10  9.34862E+09  1.50093E+09  1.76997E+11  1.71133E+01
 0.390  1.91250E+01  9.43232E+09  5.35720E+10  7.20224E+10  8.07126E+09  1.07638E+09  1.82345E+11  1.11256E+01
 0.400  2.00250E+01  1.02587E+10  5.47424E+10  7.38820E+10  8.76119E+09  8.28843E+08  1.88722E+11  8.25127E+00
 0.410  2.05875E+01  1.14551E+10  5.55015E+10  7.51750E+10  1.00402E+10  6.74284E+08  1.91637E+11  7.81033E+00
 0.420  2.10000E+01  1.39386E+10  5.62942E+10  7.64360E+10  1.21222E+10  7.52504E+08  1.94160E+11  9.00164E+00
 0.430  2.16375E+01  1.36331E+10  5.75967E+10  7.83348E+10  1.18069E+10  8.42762E+08  2.06934E+11  1.01783E+01
 0.440  2.22375E+01  1.38515E+10  5.92014E+10  8.05406E+10  1.18538E+10  1.20767E+09  2.15237E+11  1.30669E+01
 0.450  2.28375E+01  1.31192E+10  6.06462E+10  8.26327E+10  1.11437E+10  9.48565E+08  2.23588E+11  1.02807E+01
