  36
 0.100        23350 -0.13370E-01 -0.17032E-03 -0.18735E-02 -0.21231E+02 -0.26061E+02 -0.11596E+01  0.65960E+00 -0.75102E+00 -0.29923E-01   0.830   0.389
 0.110        51058  0.10310E-01 -0.27180E-02  0.10591E-01 -0.29487E+02 -0.27700E+02  0.34629E+01  0.96053E+00 -0.25872E+00 -0.10218E+00   1.051   0.834
 0.120         3948 -0.51104E-03  0.10221E-03 -0.44971E-02  0.17416E+02 -0.19089E+02 -0.33443E+02 -0.42544E+00 -0.54088E+00 -0.72557E+00   1.169   0.755
 0.130       109970 -0.77499E-03  0.22143E-03  0.81928E-02  0.29273E+02 -0.58023E+02  0.35318E+02 -0.43498E+00  0.44802E-01 -0.89932E+00   1.459   0.754
 0.140        24227 -0.11929E-02 -0.27437E-02  0.71574E-03  0.25154E+02 -0.10210E+03 -0.25817E+02 -0.66568E+00 -0.66717E+00 -0.33429E+00   2.071   1.298
 0.150       110046 -0.12780E-03 -0.28115E-02 -0.37061E-02  0.28071E+02 -0.45071E+01 -0.17128E+02 -0.82579E+00  0.55514E+00  0.99480E-01   2.176   1.381
 0.160       222819  0.68153E-03 -0.14994E-02 -0.17720E-02 -0.82713E+02  0.36784E+02  0.18041E+03 -0.68014E+00 -0.49824E+00 -0.53774E+00   2.161   1.112
 0.170       208325 -0.23164E-02 -0.20269E-02  0.20269E-02 -0.14211E+03  0.14927E+02  0.12477E+03 -0.80771E+00  0.25203E+00 -0.53299E+00   2.576   1.219
 0.180       320497 -0.10729E-02 -0.61311E-03  0.61311E-03 -0.55480E+02 -0.81013E+02 -0.51262E+02  0.76431E-01 -0.38042E+00 -0.92165E+00   0.982   0.292
 0.190       246640  0.35602E-02 -0.48548E-03  0.38838E-02  0.20050E+03  0.11656E+03 -0.39441E+03 -0.24346E+00 -0.16278E+00 -0.95615E+00   0.880   0.091
 0.200       358003  0.00000E+00  0.37471E-02  0.51097E-03 -0.82119E+01 -0.68064E+01 -0.14687E+03 -0.65633E+00 -0.24594E+00  0.71326E+00   3.931   1.617
 0.210       274057  0.17883E-03  0.71531E-03 -0.19671E-02 -0.20074E+03 -0.21707E+03  0.13101E+03  0.21795E+00  0.19607E+00  0.95606E+00   0.902   0.210
 0.220       829557  0.22488E-02  0.28109E-02 -0.37479E-03  0.16745E+03  0.65070E+02 -0.15309E+03 -0.13222E-01 -0.41275E+00  0.91075E+00   2.031   0.454
 0.230       577946  0.58761E-03  0.27422E-02  0.29381E-02 -0.47309E+03 -0.50463E+02 -0.13580E+02  0.16061E+00  0.97622E+00 -0.14558E+00   3.152   0.571
 0.240       968093 -0.16350E-02  0.12263E-02 -0.61313E-03  0.20135E+03 -0.15602E+03  0.13251E+03 -0.17662E+00  0.98297E+00  0.50778E-01   1.225   0.085
 0.250       967310 -0.14904E-02  0.51099E-02 -0.12775E-02 -0.55048E+03 -0.32090E+03 -0.24335E+03 -0.44801E+00  0.76399E+00 -0.46434E+00   2.453   0.620
 0.260       915686 -0.44283E-03 -0.11071E-02  0.19927E-02 -0.19868E+03  0.58923E+02 -0.38464E+03 -0.59786E+00  0.35948E+00 -0.71647E+00   3.384   0.916
 0.270      1363882  0.41383E-02 -0.29888E-02  0.48280E-02  0.97166E+02 -0.36952E+02  0.10255E+03 -0.38980E+00  0.87804E+00 -0.27766E+00   4.780   0.811
 0.280       559271  0.23843E-03  0.71530E-03 -0.52455E-02 -0.53169E+02  0.23346E+03  0.14487E+03 -0.36388E+00  0.92666E+00 -0.94346E-01   4.073   0.756
 0.290        32171 -0.44464E-02 -0.61756E-02 -0.74107E-03  0.28841E+03 -0.40130E+01  0.53933E+03 -0.49836E+00  0.85994E+00 -0.11018E+00   4.731   0.935
 0.300      1065259  0.63886E-02 -0.76663E-03 -0.25554E-02  0.16386E+03  0.55835E+02  0.70583E+02 -0.41040E+00  0.90809E+00 -0.83366E-01   5.187   0.834
 0.310      2813371  0.23758E-02  0.00000E+00  0.21118E-02 -0.16070E+03 -0.63249E+02  0.69418E+02 -0.42985E+00  0.89624E+00 -0.10948E+00   4.623   0.689
 0.320      1096326  0.43608E-02  0.32706E-02 -0.57236E-02  0.84090E+02 -0.12153E+03  0.14712E+01 -0.35916E+00  0.91894E+00 -0.16294E+00   5.336   0.927
 0.330      3634014 -0.28105E-03  0.28105E-03  0.30915E-02 -0.36044E+03 -0.65353E+02 -0.47869E+02 -0.42107E+00  0.85369E+00  0.30645E+00   4.812   0.647
 0.340      1363794 -0.28960E-03  0.00000E+00  0.57920E-03 -0.88190E+01  0.11841E+03 -0.12782E+03 -0.56271E+00  0.72092E+00  0.40451E+00   7.199   1.102
 0.350      3708949 -0.23846E-02  0.29808E-03  0.11923E-02 -0.19374E+03 -0.27847E+03  0.17056E+02 -0.41310E+00  0.85519E+00  0.31304E+00   7.431   1.498
 0.360       998695 -0.61311E-03  0.33721E-02 -0.12262E-02  0.87368E+02 -0.15130E+02 -0.38236E+02 -0.38122E+00  0.86981E+00  0.31321E+00  11.129   1.799
 0.370      4743881  0.31513E-02  0.63025E-03 -0.63025E-03 -0.86735E+02  0.91200E+02  0.10446E+03 -0.34573E+00  0.89682E+00  0.27602E+00   9.399   1.445
 0.380      4908576  0.38829E-02  0.55008E-02 -0.71187E-02 -0.12115E+03 -0.84173E+02 -0.32746E+02 -0.40272E+00  0.85016E+00  0.33918E+00   8.162   1.253
 0.390      2643869  0.26574E-02 -0.13287E-02 -0.26574E-02  0.31392E+03 -0.13290E+03 -0.19717E+03 -0.41951E+00  0.84937E+00  0.32029E+00  11.269   1.389
 0.400      4172844 -0.20439E-02 -0.27252E-02 -0.61317E-02 -0.12011E+03  0.14610E+03  0.16028E+02 -0.38188E+00  0.81110E+00  0.44305E+00  12.118   2.084
 0.410      4470839 -0.17459E-02  0.69837E-03  0.62853E-02  0.71353E+02 -0.32455E+01 -0.22365E+03 -0.35682E+00  0.80644E+00  0.47153E+00  12.094   1.656
 0.420      4832359 -0.35773E-02  0.28619E-02  0.21464E-02 -0.18537E+00 -0.20429E+03  0.13186E+03 -0.34874E+00  0.80012E+00  0.48805E+00  13.631   2.743
 0.430      5690430 -0.14647E-02 -0.43942E-02 -0.36618E-02 -0.23180E+02  0.39214E+02  0.76917E+02 -0.34903E+00  0.76412E+00  0.54249E+00  12.407   2.016
 0.440      3553923 -0.11989E-01  0.82428E-02  0.89921E-02 -0.55251E+02 -0.24285E+03  0.11733E+02 -0.42932E+00  0.71035E+00  0.55774E+00  12.673   2.493
 0.450      1431422  0.45991E-02  0.45991E-02  0.76651E-02 -0.58136E+02  0.88628E+02 -0.95077E+02 -0.43200E+00  0.69639E+00  0.57307E+00  12.653   2.329
