  36
 0.100 -8.68157E-03 -6.99672E-02  1.87918E-01 -2.47605E+01 -1.39753E+01 -4.64620E+01   0.830  1.08463E+08  1.18253E+08  2.79340E+07  0.00000E+00  4.48947E+08  1.73381E-01  1.06223E+02   7.405   7.364
 0.110 -2.10541E-01 -1.04109E-01  2.42847E-02  5.83679E+00 -3.18893E+00 -1.24395E+01   1.051  6.81065E+07  1.17661E+08  8.04114E+07  9.17131E+06  7.30287E+08  6.02502E-01  1.09349E+02   7.751   7.581
 0.120 -4.45770E-03  9.86083E-03  3.82183E-02 -8.71604E+00 -1.27498E+01 -4.08192E+01   1.169  1.75811E+08  1.95290E+08  1.15911E+08  2.76774E+07  1.13675E+09  3.00534E-01  1.66913E+02   7.685   7.598
 0.130  4.48636E-02  1.57101E-02  2.46113E-02 -2.74720E+00 -4.99573E+00 -2.26833E+01   1.459  9.59709E+07  1.92910E+08  2.19393E+08  3.69113E+07  1.52916E+09  7.67297E-01  1.73366E+02   7.967   7.829
 0.140 -1.71257E-01  2.27652E-01 -1.58133E-01  1.67159E+01 -8.51160E+00 -1.63785E+01   2.071  2.14561E+08  2.51604E+08  2.98702E+08  6.46224E+07  2.88698E+09  7.60159E-01  2.34177E+02   7.853   7.814
 0.150 -2.52214E-01 -1.27137E-04  1.41599E-01  2.49867E+01 -4.19880E+00 -1.24175E+01   2.176  4.14664E+08  5.06666E+08  4.11129E+08  7.44599E+07  2.97128E+09  1.60679E+00  2.51982E+02   7.923   7.833
 0.160 -4.51323E-01 -4.79571E-01  4.64816E-01 -3.56693E+01 -2.10594E+01  3.82130E+01   2.161  1.14647E+09  1.43633E+09  7.82623E+08  1.20293E+08  5.14800E+09  4.82637E+00  2.18163E+02   7.902   7.924
 0.170  1.51706E-01  1.55430E-01 -1.53202E-01 -7.05815E+00 -1.71126E+01 -2.75811E+01   2.576  1.43017E+09  2.19817E+09  1.86953E+09  3.73586E+08  8.33677E+09  7.98685E+00  1.95423E+02   8.205   8.072
 0.180  1.51312E-02  4.52257E-03  6.39154E-03 -3.53879E-01  1.42327E+00  2.68905E+00   0.982  9.97836E+08  2.30519E+09  2.48932E+09  9.81928E+07  1.91476E+09  1.59611E+01  1.59833E+02   8.580   8.369
 0.190  5.32156E-03  8.95752E-04 -2.42551E-03  4.59076E+00 -8.82418E-01  2.04928E+00   0.880  4.63947E+08  1.38605E+09  3.09320E+09  1.38120E+08  1.50813E+09  1.02808E+01  1.98237E+02   8.848   8.546
 0.200  2.23717E-02  2.71545E-01  1.37852E-01  9.09944E+00 -2.19990E+01 -1.90755E+01   3.931  1.95658E+09  2.44758E+09  5.33615E+09  1.02072E+09  1.44341E+10  7.87445E+00  3.21404E+02   8.281   8.486
 0.210  3.07362E-03  1.08719E-03  1.40527E-03 -5.05736E+00 -1.60955E+00  3.14683E+00   0.902  1.68133E+09  3.57682E+09  4.92829E+09  2.40917E+08  2.04038E+09  2.29961E+01  2.60796E+02   8.566   8.557
 0.220  3.60007E-02 -1.67230E-02  5.03313E-03 -6.24458E+00  5.85605E+00  3.89852E+00   2.031  1.11340E+09  2.24873E+09  7.51952E+09  9.83324E+08  5.79748E+09  1.09183E+01  3.41665E+02   8.664   8.570
 0.230  8.33539E-02  1.43248E-02  7.30736E-02 -1.39392E+01  7.53657E+00 -1.58441E+01   3.152  4.05040E+09  7.00855E+09  1.31684E+10  2.76390E+09  1.58686E+10  4.25315E+01  3.64622E+02   8.491   8.530
 0.240  7.11193E-03  1.39876E-03 -5.17047E-03 -5.15395E+00  1.14209E+01 -7.66358E+00   1.225  2.64634E+09  6.19114E+09  1.29577E+10  1.29270E+09  4.54459E+09  4.33220E+01  3.21298E+02   8.735   8.626
 0.250  7.14945E-02  2.17214E-02 -1.43053E-02 -5.77371E-01 -1.80322E+00 -1.14903E+01   2.453  1.48013E+09  3.42310E+09  1.87193E+10  3.01499E+09  1.14974E+10  1.99243E+01  4.23595E+02   8.809   8.642
 0.260  1.56004E-01  1.62786E-01 -4.52687E-02  1.32951E+01 -8.81077E+00 -1.23401E-01   3.384  1.54464E+09  2.45873E+09  2.08788E+10  3.77284E+09  1.92872E+10  9.98153E+00  5.44341E+02   8.629   8.647
 0.270  1.41116E-01  1.60601E-01  1.66100E-01  1.64806E+01  5.41745E+00 -1.06401E+01   4.780  2.07621E+09  3.39398E+09  2.37446E+10  4.65774E+09  2.80100E+10  1.61268E+01  6.48646E+02   8.544   8.630
 0.280  8.41039E-02  1.72891E-02 -1.93816E-01 -2.17559E+01 -8.66050E+00 -2.21837E+01   4.073  3.02127E+09  3.91158E+09  2.36078E+10  4.13461E+09  2.26000E+10  1.38004E+01  7.37731E+02   8.428   8.638
 0.290 -3.64594E-01 -2.98372E-01 -2.82179E-01 -1.88066E+01  7.66217E+00  3.46996E+01   4.731  3.39051E+09  4.43076E+09  2.63452E+10  4.77271E+09  2.99087E+10  1.57383E+01  8.34514E+02   8.438   8.624
 0.300  6.16107E-01  1.67584E-01 -2.46887E-01 -2.80467E+00 -1.93273E+00 -2.95612E+01   5.187  2.96273E+09  3.88292E+09  2.77138E+10  4.92700E+09  3.33345E+10  1.30732E+01  9.29783E+02   8.481   8.621
 0.310 -1.24556E-01  6.40450E-02  4.02013E-01  2.42115E+01  1.52162E+01 -1.78893E+01   4.623  2.80124E+09  3.85735E+09  2.81554E+10  4.55488E+09  2.90350E+10  1.58941E+01  1.00989E+03   8.523   8.623
 0.320  1.41336E-02  6.71616E-02  1.84355E-01 -5.90378E+01 -5.76192E+00 -8.27343E+00   5.336  4.19698E+09  5.38864E+09  3.12964E+10  5.32142E+09  3.92573E+10  1.74738E+01  1.09895E+03   8.440   8.609
 0.330 -7.76610E-02  1.01055E-03 -1.08514E-01 -3.15856E+01 -1.58166E+01  2.05236E+01   4.812  2.52278E+09  6.36270E+09  3.49030E+10  4.84746E+09  3.20995E+10  3.59776E+01  1.05699E+03   8.709   8.609
 0.340  3.39129E-01  1.31041E-01  8.93424E-02  3.64773E+01  2.03738E+01  2.31167E+00   7.199  4.11051E+09  5.09884E+09  4.03781E+10  7.11085E+09  5.78071E+10  1.34758E+01  1.18706E+03   8.468   8.601
 0.350 -6.17522E-01 -1.48713E-01 -4.19492E-01 -1.30625E+01 -2.58733E+00 -8.79508E+00   7.431  4.65056E+09  5.52725E+09  4.20363E+10  7.22399E+09  5.92985E+10  1.47114E+01  1.28480E+03   8.443   8.601
 0.360  7.66354E-01  5.93705E-01 -4.21325E-01 -3.57710E+01 -1.02263E+01 -2.51938E+01  11.129  7.38982E+09  7.76249E+09  4.59723E+10  9.25058E+09  1.00240E+11  1.25092E+01  1.41338E+03   8.356   8.583
 0.370 -2.01940E-01  7.77961E-02 -2.04342E-01 -3.25709E+01 -1.73701E+01  3.96565E+01   9.399  6.88501E+09  7.32740E+09  4.60005E+10  8.45454E+09  8.26256E+10  1.22153E+01  1.51496E+03   8.366   8.586
 0.380  1.77858E-02  2.60329E-01 -3.97348E-01 -4.25056E+01 -1.43446E+01 -8.18078E-01   8.162  6.52496E+09  7.35654E+09  4.64699E+10  7.69920E+09  6.88061E+10  1.62282E+01  1.59739E+03   8.410   8.588
 0.390 -4.82856E-01 -1.48674E-01 -2.39147E-01 -2.38727E+01 -2.98959E+01  1.48871E+01  11.269  6.55573E+09  6.95318E+09  5.04573E+10  9.34545E+09  1.01439E+11  1.09486E+01  1.71115E+03   8.438   8.575
 0.400 -9.93520E-01 -1.98491E-01 -6.20833E-01 -2.55277E+01 -4.72976E+01  5.65257E+01  12.118  6.74743E+09  6.77067E+09  5.17355E+10  9.74069E+09  1.09754E+11  7.55534E+00  1.83779E+03   8.393   8.572
 0.410 -6.97414E-01  1.22742E-01 -8.78934E-01 -5.32256E+01 -3.85035E+01  1.63692E+01  12.094  7.34391E+09  7.22027E+09  5.23629E+10  9.81773E+09  1.08766E+11  7.49057E+00  1.96794E+03   8.352   8.570
 0.420  7.29961E-02  4.52023E-01 -2.69209E-01 -6.27316E+01 -2.25840E+01 -1.83581E+00  13.631  9.52023E+09  9.25849E+09  5.38290E+10  1.03848E+10  1.22479E+11  8.53233E+00  2.09342E+03   8.293   8.564
 0.430  7.36181E-01  7.35889E-01 -3.80571E-01 -5.25882E+01  4.72958E+00 -4.36004E+01  12.407  8.94133E+09  8.88856E+09  5.41404E+10  1.00271E+10  1.13114E+11  9.74736E+00  2.21318E+03   8.336   8.564
 0.440  8.42447E-01  1.74355E-01  5.96854E-01 -4.55107E+01 -4.82476E+00 -1.03065E+01  12.673  9.06152E+09  9.30312E+09  5.57591E+10  1.02062E+10  1.16796E+11  1.28690E+01  2.30798E+03   8.352   8.559
 0.450  3.64178E-01  6.02113E-01 -6.66840E-01 -5.45896E+01 -4.99522E+00 -3.91938E+01  12.653  8.47498E+09  8.47567E+09  5.69386E+10  1.02466E+10  1.17781E+11  1.00046E+01  2.41662E+03   8.382   8.556
