  36
 0.100   0.830  2.79340E+07  3.19506E+07  2.77279E+07  1.06223E+02  0.00000E+00  0.00000E+00  0.00000E+00  2.79340E+07  3.19506E+07  2.77279E+07
 0.110   1.051  8.04114E+07  9.30498E+07  7.98949E+07  1.09349E+02  9.17131E+06  1.10846E+07  9.05499E+06  7.12401E+07  8.19652E+07  7.08399E+07
 0.120   1.169  1.15911E+08  1.37466E+08  1.14825E+08  1.66913E+02  2.76774E+07  3.35076E+07  2.73433E+07  8.82340E+07  1.03958E+08  8.74821E+07
 0.130   1.459  2.19393E+08  2.60808E+08  2.17464E+08  1.73366E+02  3.69113E+07  4.53977E+07  3.63329E+07  1.82481E+08  2.15411E+08  1.81131E+08
 0.140   2.071  2.98702E+08  3.60787E+08  2.95307E+08  2.34177E+02  6.46224E+07  8.01644E+07  6.34667E+07  2.34080E+08  2.80623E+08  2.31840E+08
 0.150   2.176  4.11129E+08  4.94548E+08  4.06391E+08  2.51982E+02  7.44599E+07  9.30354E+07  7.29644E+07  3.36669E+08  4.01512E+08  3.33427E+08
 0.160   2.161  7.82623E+08  9.21052E+08  7.75438E+08  2.18163E+02  1.20293E+08  1.50659E+08  1.17883E+08  6.62330E+08  7.70393E+08  6.57555E+08
 0.170   2.576  1.86953E+09  2.21604E+09  1.85608E+09  1.95423E+02  3.73586E+08  4.61765E+08  3.68042E+08  1.49595E+09  1.75428E+09  1.48804E+09
 0.180   0.982  2.48932E+09  2.91173E+09  2.47637E+09  1.59833E+02  9.81928E+07  1.24325E+08  9.59454E+07  2.39112E+09  2.78740E+09  2.38043E+09
 0.190   0.880  3.09320E+09  3.69937E+09  3.07508E+09  1.98237E+02  1.38120E+08  1.72927E+08  1.35775E+08  2.95508E+09  3.52644E+09  2.93930E+09
 0.200   3.931  5.33615E+09  6.58415E+09  5.28553E+09  3.21404E+02  1.02072E+09  1.28899E+09  1.00535E+09  4.31543E+09  5.29516E+09  4.28018E+09
 0.210   0.902  4.92829E+09  5.93486E+09  4.89393E+09  2.60796E+02  2.40917E+08  3.08495E+08  2.36112E+08  4.68737E+09  5.62636E+09  4.65782E+09
 0.220   2.031  7.51952E+09  9.27487E+09  7.45357E+09  3.41665E+02  9.83324E+08  1.24032E+09  9.69386E+08  6.53620E+09  8.03454E+09  6.48419E+09
 0.230   3.152  1.31684E+10  1.61751E+10  1.30492E+10  3.64622E+02  2.76390E+09  3.51381E+09  2.72421E+09  1.04045E+10  1.26613E+10  1.03249E+10
 0.240   1.225  1.29577E+10  1.58094E+10  1.28629E+10  3.21298E+02  1.29270E+09  1.66393E+09  1.27088E+09  1.16650E+10  1.41454E+10  1.15920E+10
 0.250   2.453  1.87193E+10  2.33957E+10  1.85420E+10  4.23595E+02  3.01499E+09  3.87426E+09  2.96668E+09  1.57043E+10  1.95214E+10  1.55754E+10
 0.260   3.384  2.08788E+10  2.65958E+10  2.06285E+10  5.44341E+02  3.77284E+09  4.91166E+09  3.70095E+09  1.71060E+10  2.16841E+10  1.69275E+10
 0.270   4.780  2.37446E+10  3.05330E+10  2.34108E+10  6.48646E+02  4.65774E+09  6.12289E+09  4.55684E+09  1.90868E+10  2.44101E+10  1.88539E+10
 0.280   4.073  2.36078E+10  3.05934E+10  2.32417E+10  7.37731E+02  4.13461E+09  5.47736E+09  4.03303E+09  1.94732E+10  2.51160E+10  1.92087E+10
 0.290   4.731  2.63452E+10  3.43268E+10  2.58886E+10  8.34514E+02  4.77271E+09  6.35738E+09  4.64241E+09  2.15725E+10  2.79694E+10  2.12462E+10
 0.300   5.187  2.77138E+10  3.63227E+10  2.71846E+10  9.29783E+02  4.92700E+09  6.59630E+09  4.77852E+09  2.27868E+10  2.97264E+10  2.24061E+10
 0.310   4.623  2.81554E+10  3.70234E+10  2.75728E+10  1.00989E+03  4.55488E+09  6.12327E+09  4.40319E+09  2.36005E+10  3.09001E+10  2.31696E+10
 0.320   5.336  3.12964E+10  4.12485E+10  3.05806E+10  1.09895E+03  5.32142E+09  7.16957E+09  5.13171E+09  2.59750E+10  3.40789E+10  2.54489E+10
 0.330   4.812  3.49030E+10  4.54654E+10  3.41157E+10  1.05699E+03  4.84746E+09  6.54367E+09  4.65674E+09  3.00555E+10  3.89217E+10  2.94589E+10
 0.340   7.199  4.03781E+10  5.31951E+10  3.93611E+10  1.18706E+03  7.11085E+09  9.59761E+09  6.83669E+09  3.32673E+10  4.35974E+10  3.25244E+10
 0.350   7.431  4.20363E+10  5.56523E+10  4.08947E+10  1.28480E+03  7.22399E+09  9.78466E+09  6.92506E+09  3.48123E+10  4.58677E+10  3.39696E+10
 0.360  11.129  4.59723E+10  6.12325E+10  4.46169E+10  1.41338E+03  9.25058E+09  1.25627E+10  8.86510E+09  3.67217E+10  4.86699E+10  3.57519E+10
 0.370   9.399  4.60005E+10  6.14744E+10  4.45497E+10  1.51496E+03  8.45454E+09  1.15168E+10  8.06888E+09  3.75460E+10  4.99576E+10  3.64808E+10
 0.380   8.162  4.64699E+10  6.21705E+10  4.49348E+10  1.59739E+03  7.69920E+09  1.05104E+10  7.31629E+09  3.87707E+10  5.16601E+10  3.76185E+10
 0.390  11.269  5.04573E+10  6.77596E+10  4.87038E+10  1.71115E+03  9.34545E+09  1.27754E+10  8.88128E+09  4.11118E+10  5.49842E+10  3.98226E+10
 0.400  12.118  5.17355E+10  6.97757E+10  4.98215E+10  1.83779E+03  9.74069E+09  1.33475E+10  9.23535E+09  4.19948E+10  5.64282E+10  4.05861E+10
 0.410  12.094  5.23629E+10  7.08723E+10  5.03055E+10  1.96794E+03  9.81773E+09  1.34718E+10  9.28523E+09  4.25452E+10  5.74005E+10  4.10203E+10
 0.420  13.631  5.38290E+10  7.30458E+10  5.16074E+10  2.09342E+03  1.03848E+10  1.42698E+10  9.80670E+09  4.34441E+10  5.87760E+10  4.18007E+10
 0.430  12.407  5.41404E+10  7.35981E+10  5.17868E+10  2.21318E+03  1.00271E+10  1.37989E+10  9.43670E+09  4.41133E+10  5.97991E+10  4.23501E+10
 0.440  12.673  5.57591E+10  7.58016E+10  5.32495E+10  2.30798E+03  1.02062E+10  1.40553E+10  9.58629E+09  4.55529E+10  6.17463E+10  4.36632E+10
 0.450  12.653  5.69386E+10  7.75143E+10  5.42780E+10  2.41662E+03  1.02466E+10  1.41310E+10  9.60033E+09  4.66919E+10  6.33833E+10  4.46777E+10
