  35
 0.160       839677        13918       401494
 0.170       883665        15317       435138
 0.180       962162        17289       482862
 0.190      1113528        18673       543720
 0.200      1265543        19764       605685
 0.210      1565948        27275       782335
 0.220      1971455        37563       989392
 0.230      2508119        43962      1246949
 0.240      3130947        51995      1546821
 0.250      3605065        57393      1774831
 0.260      3934026        60834      1964464
 0.270      4438872        69771      2216324
 0.280      4782092        83980      2380784
 0.290      5071993        92963      2505449
 0.300      5311976        96608      2625262
 0.310      5450865       103021      2721899
 0.320      5640850       112309      2790932
 0.330      5729754       120339      2851775
 0.340      5846898       124007      2911623
 0.350      6159853       136406      2975271
 0.360      6122158       147972      3054611
 0.370      6049752       151268      3102176
 0.380      6236579       158876      3139648
 0.390      6370873       167114      3184035
 0.400      6475337       177925      3231757
 0.410      6579403       187839      3293529
 0.420      6658375       198693      3346924
 0.430      6729922       211611      3385068
 0.440      6788167       223987      3415882
 0.450      6848985       240267      3440131
 0.460      6994923       260636      3464382
 0.470      6947886       271211      3484376
 0.480      6962514       280345      3502038
 0.490      7034789       293097      3532286
 0.500      7099044       299585      3558410
