  37
 0.200  2.10000E+01  3.19086E+10  8.08311E+01
 0.210  2.52500E+01  4.77599E+10  9.01852E+01
 0.220  2.80000E+01  5.78357E+10  9.42439E+01
 0.230  3.07500E+01  6.57934E+10  9.59186E+01
 0.240  3.45000E+01  8.29143E+10  1.01657E+02
 0.250  3.85000E+01  1.02507E+11  1.06999E+02
 0.260  4.12500E+01  1.11900E+11  1.08003E+02
 0.270  4.32500E+01  1.15751E+11  1.07276E+02
 0.280  4.52500E+01  1.19382E+11  1.06511E+02
 0.290  4.67500E+01  1.19606E+11  1.04886E+02
 0.300  4.77500E+01  1.14809E+11  1.01680E+02
 0.310  4.90000E+01  1.13349E+11  9.97346E+01
 0.320  5.07500E+01  1.13895E+11  9.82355E+01
 0.330  5.27500E+01  1.16524E+11  9.74608E+01
 0.340  5.52500E+01  1.21691E+11  9.73191E+01
 0.350  5.90000E+01  1.38037E+11  1.00301E+02
 0.360  6.37500E+01  1.58851E+11  1.03512E+02
 0.370  6.62500E+01  1.67760E+11  1.04348E+02
 0.380  6.90000E+01  1.75719E+11  1.04645E+02
 0.390  7.20000E+01  1.84815E+11  1.05060E+02
 0.400  7.50000E+01  1.96073E+11  1.06026E+02
 0.410  7.87500E+01  2.11873E+11  1.07559E+02
 0.420  8.10000E+01  2.16570E+11  1.07224E+02
 0.430  8.35000E+01  2.23041E+11  1.07172E+02
 0.440  8.75000E+01  2.39159E+11  1.08411E+02
 0.450  9.15000E+01  2.56952E+11  1.09888E+02
 0.460  9.57500E+01  2.76504E+11  1.11433E+02
 0.470  1.00250E+02  2.98935E+11  1.13235E+02
 0.480  1.03250E+02  3.09017E+11  1.13444E+02
 0.490  1.06500E+02  3.20145E+11  1.13693E+02
 0.500  1.10250E+02  3.34097E+11  1.14151E+02
 0.510  1.13250E+02  3.48056E+11  1.14958E+02
 0.520  1.16250E+02  3.55749E+11  1.14712E+02
 0.530  1.18500E+02  3.59590E+11  1.14230E+02
 0.540  1.21000E+02  3.61154E+11  1.13289E+02
 0.550  1.22500E+02  3.58477E+11  1.12175E+02
 0.560  1.24500E+02  3.57574E+11  1.11130E+02
