  37
 0.200         4913  0.14311E-01  0.37141E-01 -0.36801E-01 -0.10608E+02 -0.97756E+01 -0.10655E+02  0.74126E-01 -0.37695E+00  0.92326E+00   2.882   2.660
 0.210        11753 -0.16100E-01  0.17889E-02  0.65116E-01 -0.20816E+02  0.20314E+02 -0.10923E+02 -0.16428E+00  0.64444E+00  0.74680E+00   3.106   2.068
 0.220        23754 -0.97421E-02 -0.24730E-01  0.20983E-01  0.37623E+01 -0.58186E+01  0.93248E+01  0.61857E+00  0.56429E+00 -0.54676E+00   3.010   1.836
 0.230        27741  0.43106E-02 -0.29782E-01 -0.13324E-01 -0.71764E-01  0.30594E+02 -0.45285E+02  0.29951E+00  0.48490E+00 -0.82169E+00   3.503   1.742
 0.240        58433  0.94088E-02  0.44998E-02  0.98178E-02  0.33595E+02 -0.24763E+02  0.28299E+01  0.61087E+00 -0.23961E+00 -0.75460E+00   4.270   2.195
 0.250        61985 -0.37075E-01  0.42615E-03  0.10228E-01  0.46355E+02 -0.22150E+02  0.12459E+02  0.80535E+00 -0.47860E+00 -0.34980E+00   4.499   2.077
 0.260        80061 -0.21707E-01 -0.88602E-03 -0.13290E-01 -0.15347E+02 -0.27160E+02  0.58011E+02  0.74287E+00 -0.52781E+00 -0.41177E+00   4.746   2.311
 0.270        63644 -0.31744E-01 -0.69009E-02 -0.34965E-01 -0.12035E+02 -0.12542E+02  0.65533E+01  0.57597E+00 -0.20367E+00 -0.79169E+00   5.786   3.877
 0.280        51268  0.42952E-02 -0.30067E-01  0.28635E-02 -0.40021E+02  0.34447E+02 -0.59102E+02 -0.80233E+00  0.58288E+00  0.12851E+00   5.318   2.154
 0.290        62308  0.33588E-01  0.20745E-01 -0.59272E-02 -0.20866E+02 -0.22959E-01 -0.27625E+02  0.73750E-01  0.79979E+00  0.59574E+00   3.871   2.073
 0.300        62380  0.15337E-01  0.20449E-02  0.30674E-02  0.56271E+02  0.24405E+02 -0.63653E+01 -0.26314E+00  0.96008E+00  0.94907E-01   5.918   2.430
 0.310       100953 -0.12676E-01  0.12676E-01 -0.10564E-02 -0.34782E+02 -0.35346E+02  0.13033E+02 -0.37372E-01  0.97369E+00  0.22478E+00   5.888   2.308
 0.320       132843  0.11991E-01  0.81754E-02  0.10901E-02  0.53059E+02  0.51631E+01  0.20486E+02 -0.24091E+00  0.92634E+00  0.28957E+00   6.264   2.134
 0.330        94843 -0.14623E-01  0.95610E-02 -0.67489E-02 -0.61251E+02  0.42185E+02 -0.54876E+02 -0.61843E+00  0.76582E+00  0.17624E+00   7.176   1.886
 0.340       117749  0.20864E-01 -0.63751E-02 -0.46364E-02 -0.61559E+02 -0.64893E+02  0.10893E+02 -0.85919E+00  0.51084E+00 -0.28864E-01   6.912   1.833
 0.350       159705 -0.29811E-01  0.00000E+00 -0.23849E-02 -0.75735E+01  0.48659E+01 -0.16497E+02 -0.75600E+00  0.65275E+00  0.48828E-01   7.850   2.403
 0.360       157872  0.00000E+00  0.85887E-02  0.36809E-02  0.65084E+02  0.21637E+01  0.37787E+02 -0.70836E+00  0.69936E+00  0.95473E-01   7.156   1.944
 0.370       166631  0.12602E-02  0.37807E-02 -0.12602E-02 -0.19599E+02  0.13200E+01  0.52871E+01 -0.59881E+00  0.79799E+00 -0.68122E-01   7.941   2.537
 0.380       159298 -0.10357E-01  0.28481E-01  0.25892E-02 -0.40895E+01  0.44642E+01  0.10076E+01 -0.79178E+00  0.60572E+00  0.78717E-01   8.205   3.618
 0.390       147592  0.14613E-01 -0.10628E-01 -0.26569E-02 -0.47811E+02 -0.57445E+02  0.24669E+02 -0.73548E+00  0.55527E+00  0.38827E+00   9.119   3.135
 0.400       157994  0.40898E-02  0.74980E-02 -0.40898E-02  0.33638E+01  0.30339E+02  0.39928E+02 -0.71128E+00  0.59804E+00  0.36937E+00   9.784   3.449
 0.410       191660 -0.19556E-01  0.11175E-01  0.11175E-01 -0.78992E+02 -0.25917E+02  0.32915E+01 -0.74503E+00  0.61993E+00  0.24621E+00   9.234   2.555
 0.420       177406 -0.14312E-02 -0.18605E-01  0.71559E-02  0.19712E+00  0.15448E+02  0.90699E+01 -0.64175E+00  0.62046E+00  0.45077E+00  10.970   2.767
 0.430       226644  0.17582E-01  0.43955E-02  0.29304E-02  0.54942E+01  0.89956E+01  0.65835E+01 -0.64018E+00  0.55363E+00  0.53260E+00   9.117   1.888
 0.440       225083  0.14989E-02 -0.44966E-02  0.10492E-01  0.16550E+02 -0.42204E+01  0.10658E+02 -0.84839E+00  0.41957E+00  0.32280E+00   9.825   2.255
 0.450       191005  0.91964E-02  0.00000E+00  0.13795E-01 -0.45452E+02  0.55741E+01  0.55793E+02 -0.63986E+00  0.57090E+00  0.51444E+00   9.495   3.554
 0.460       241501  0.15676E-02 -0.62705E-02  0.31353E-02 -0.77182E+02 -0.51059E+02 -0.69391E+01 -0.84439E+00  0.46440E+00  0.26709E+00  11.704   2.493
 0.470       223414 -0.32027E-02 -0.16014E-01 -0.16014E-02  0.12975E+01 -0.57693E+02 -0.41845E+01 -0.86337E+00  0.45909E+00  0.20935E+00  11.242   2.338
 0.480       258821 -0.81767E-02  0.32707E-02  0.32707E-02 -0.92827E+01  0.70688E+00 -0.94926E+01 -0.91062E+00  0.28822E+00  0.29614E+00  11.808   4.122
 0.490       261551 -0.83489E-02 -0.33396E-02 -0.66791E-02 -0.29090E+02  0.25048E+02  0.10689E+02 -0.93012E+00  0.17475E+00  0.32303E+00  12.368   3.604
 0.500       215191  0.34073E-02  0.00000E+00  0.68146E-02  0.39511E+02  0.12668E+03  0.43268E+02 -0.92253E+00  0.33519E+00  0.19128E+00  11.608   2.698
 0.510       245172  0.34745E-02  0.17372E-02 -0.34745E-02 -0.19699E+02 -0.73211E+02  0.34842E+02 -0.99948E+00  0.19155E-01  0.25823E-01  10.784   4.068
 0.520       326361 -0.35434E-02  0.35434E-02 -0.17717E-02  0.16803E+02  0.43708E+01  0.11790E+02 -0.22220E+00 -0.85097E+00 -0.47589E+00   6.499   3.124
 0.530       345998 -0.72208E-02 -0.18052E-02  0.00000E+00 -0.45188E+02  0.61801E+02 -0.41901E+02 -0.70241E+00 -0.69862E+00 -0.13616E+00   9.817   7.212
 0.540       350048  0.00000E+00  0.36804E-02  0.00000E+00  0.59992E+01 -0.60316E+02 -0.78552E+02 -0.83982E+00 -0.53349E+00 -0.10048E+00  10.636   4.596
 0.550       378196  0.00000E+00  0.37467E-02  0.18734E-02 -0.39406E+02 -0.47173E+02  0.11297E+02 -0.94178E+00 -0.33479E+00 -0.31235E-01  12.545   6.099
 0.560       266167  0.57251E-02  0.19084E-02  0.11450E-01 -0.27885E+02  0.35770E+02  0.16512E+02 -0.86280E+00 -0.49027E+00 -0.12331E+00  12.101   5.194
