  37
 0.200   2.882  2.58697E+07  3.17204E+07  2.55612E+07  3.68069E+02  0.00000E+00  0.00000E+00  0.00000E+00  2.58697E+07  3.17204E+07  2.55612E+07
 0.210   3.106  1.11694E+08  1.37971E+08  1.10593E+08  3.36960E+02  8.96115E+07  1.11124E+08  8.87310E+07  2.20824E+07  2.68473E+07  2.18625E+07
 0.220   3.010  2.42466E+08  2.90593E+08  2.40454E+08  2.99458E+02  1.40911E+08  1.78622E+08  1.38983E+08  1.01555E+08  1.11971E+08  1.01471E+08
 0.230   3.503  4.69748E+08  5.62423E+08  4.67184E+08  2.32198E+02  1.39232E+08  1.77015E+08  1.37395E+08  3.30516E+08  3.85408E+08  3.29789E+08
 0.240   4.270  5.65948E+08  7.00722E+08  5.61740E+08  3.33047E+02  1.91054E+08  2.44418E+08  1.88364E+08  3.74894E+08  4.56304E+08  3.73376E+08
 0.250   4.499  7.44547E+08  9.30195E+08  7.38122E+08  4.00107E+02  2.36587E+08  3.05761E+08  2.32887E+08  5.07959E+08  6.24434E+08  5.05235E+08
 0.260   4.746  8.94618E+08  1.11771E+09  8.86065E+08  4.50010E+02  2.46789E+08  3.22211E+08  2.42039E+08  6.47829E+08  7.95502E+08  6.44026E+08
 0.270   5.786  1.02562E+09  1.29947E+09  1.01507E+09  5.10674E+02  2.50965E+08  3.29621E+08  2.45929E+08  7.74656E+08  9.69847E+08  7.69136E+08
 0.280   5.318  1.02596E+09  1.31907E+09  1.01316E+09  6.30869E+02  2.57078E+08  3.39493E+08  2.51403E+08  7.68879E+08  9.79582E+08  7.61755E+08
 0.290   3.871  1.21409E+09  1.54601E+09  1.19904E+09  6.41275E+02  2.71763E+08  3.59858E+08  2.65353E+08  9.42324E+08  1.18615E+09  9.33690E+08
 0.300   5.918  1.60550E+09  2.07630E+09  1.58223E+09  7.55377E+02  4.73954E+08  6.28510E+08  4.61977E+08  1.13155E+09  1.44779E+09  1.12025E+09
 0.310   5.888  1.73785E+09  2.25824E+09  1.71095E+09  8.32404E+02  4.88349E+08  6.51828E+08  4.75209E+08  1.24950E+09  1.60642E+09  1.23575E+09
 0.320   6.264  1.87882E+09  2.45476E+09  1.84787E+09  9.12114E+02  4.93459E+08  6.63396E+08  4.78938E+08  1.38536E+09  1.79137E+09  1.36893E+09
 0.330   7.176  2.04690E+09  2.69795E+09  2.00983E+09  1.02686E+03  5.60392E+08  7.57074E+08  5.42780E+08  1.48651E+09  1.94087E+09  1.46705E+09
 0.340   6.912  2.11064E+09  2.79798E+09  2.07008E+09  1.12160E+03  5.46386E+08  7.40907E+08  5.28079E+08  1.56425E+09  2.05708E+09  1.54200E+09
 0.350   7.850  2.23939E+09  2.98291E+09  2.19365E+09  1.21844E+03  5.74214E+08  7.81721E+08  5.53846E+08  1.66518E+09  2.20119E+09  1.63981E+09
 0.360   7.156  2.29031E+09  3.06091E+09  2.24111E+09  1.31360E+03  5.51158E+08  7.52489E+08  5.30418E+08  1.73915E+09  2.30842E+09  1.71069E+09
 0.370   7.941  2.54517E+09  3.40904E+09  2.48774E+09  1.39985E+03  6.57320E+08  8.99534E+08  6.31840E+08  1.88785E+09  2.50951E+09  1.85590E+09
 0.380   8.205  2.56843E+09  3.45213E+09  2.50868E+09  1.47887E+03  5.90815E+08  8.11553E+08  5.66135E+08  1.97761E+09  2.64057E+09  1.94255E+09
 0.390   9.119  2.68617E+09  3.63129E+09  2.61976E+09  1.59843E+03  6.60245E+08  9.04693E+08  6.32901E+08  2.02592E+09  2.72659E+09  1.98685E+09
 0.400   9.784  2.91195E+09  3.92844E+09  2.83883E+09  1.65202E+03  6.86564E+08  9.45276E+08  6.56511E+08  2.22538E+09  2.98316E+09  2.18232E+09
 0.410   9.234  2.98049E+09  4.03505E+09  2.90266E+09  1.74473E+03  6.73131E+08  9.28853E+08  6.42146E+08  2.30736E+09  3.10620E+09  2.26052E+09
 0.420  10.970  3.13459E+09  4.26087E+09  3.04926E+09  1.84326E+03  7.12737E+08  9.85910E+08  6.78839E+08  2.42185E+09  3.27496E+09  2.37042E+09
 0.430   9.117  3.10448E+09  4.23343E+09  3.01588E+09  1.95670E+03  6.53771E+08  9.06458E+08  6.20557E+08  2.45071E+09  3.32698E+09  2.39533E+09
 0.440   9.825  3.19623E+09  4.37852E+09  3.10065E+09  2.07918E+03  6.84962E+08  9.51142E+08  6.49316E+08  2.51126E+09  3.42738E+09  2.45133E+09
 0.450   9.495  3.23899E+09  4.45029E+09  3.13717E+09  2.20278E+03  6.81174E+08  9.47849E+08  6.43974E+08  2.55782E+09  3.50244E+09  2.49319E+09
 0.460  11.704  3.46854E+09  4.75662E+09  3.35674E+09  2.27333E+03  7.53873E+08  1.04928E+09  7.12561E+08  2.71467E+09  3.70734E+09  2.64418E+09
 0.470  11.242  3.57892E+09  4.91541E+09  3.46103E+09  2.34345E+03  7.35179E+08  1.02541E+09  6.92903E+08  2.84374E+09  3.89000E+09  2.76813E+09
 0.480  11.808  3.73902E+09  5.14388E+09  3.61153E+09  2.43887E+03  7.84003E+08  1.09444E+09  7.38266E+08  2.95502E+09  4.04944E+09  2.87327E+09
 0.490  12.368  3.82224E+09  5.26339E+09  3.68714E+09  2.53801E+03  7.80184E+08  1.08969E+09  7.32881E+08  3.04206E+09  4.17371E+09  2.95425E+09
 0.500  11.608  3.87746E+09  5.35264E+09  3.73618E+09  2.63324E+03  7.57564E+08  1.05952E+09  7.09950E+08  3.11990E+09  4.29312E+09  3.02623E+09
 0.510  10.784  4.17476E+09  5.71650E+09  4.02622E+09  2.58923E+03  7.54912E+08  1.05703E+09  7.05819E+08  3.41985E+09  4.65947E+09  3.32040E+09
 0.520   6.499  4.04369E+09  5.51202E+09  3.90173E+09  2.55493E+03  5.66217E+08  7.91627E+08  5.25558E+08  3.47747E+09  4.72040E+09  3.37617E+09
 0.530   9.817  4.75874E+09  6.48320E+09  4.59618E+09  2.52814E+03  7.37956E+08  1.03218E+09  6.87716E+08  4.02078E+09  5.45102E+09  3.90846E+09
 0.540  10.636  4.94773E+09  6.76486E+09  4.77401E+09  2.61827E+03  7.59383E+08  1.06291E+09  7.06394E+08  4.18834E+09  5.70194E+09  4.06762E+09
 0.550  12.545  5.24941E+09  7.19536E+09  5.06179E+09  2.68704E+03  8.38706E+08  1.17522E+09  7.80822E+08  4.41071E+09  6.02014E+09  4.28096E+09
 0.560  12.101  5.24138E+09  7.22376E+09  5.04688E+09  2.81976E+03  7.98152E+08  1.12009E+09  7.40577E+08  4.44323E+09  6.10367E+09  4.30630E+09
