  47
 0.110   6.000   0.900  4.51889E+09  2.77953E+08  4.81885E+07  5.64829E+07  4.19275E+09  1.62434E+07  1.36851E+07  1.61117E+07  2.57895E+08  5.36192E+08  4.84528E+07  5.67972E+07  5.60610E+09  3.77308E+07  2.31062E+07  2.70574E+07  5.05980E+08
 0.120   7.250   1.000  5.91124E+09  3.36143E+08  5.43799E+07  6.54291E+07  5.52071E+09  1.86885E+07  1.84361E+07  2.22291E+07  3.15759E+08  4.65363E+08  5.46048E+07  6.57015E+07  6.63643E+09  3.47606E+07  2.66259E+07  3.20227E+07  5.24353E+08
 0.130   8.250   1.137  7.09654E+09  4.36666E+08  6.37658E+07  7.75349E+07  6.59611E+09  1.27136E+07  2.28877E+07  2.80141E+07  4.23922E+08  5.18239E+08  6.39983E+07  7.78206E+07  7.96539E+09  3.86568E+07  3.45249E+07  4.21267E+07  6.98445E+08
 0.140   9.500   1.318  8.66097E+09  5.52215E+08  8.09244E+07  9.82424E+07  8.02783E+09  2.78154E+07  3.12613E+07  3.85771E+07  5.60435E+08  5.84789E+08  8.09376E+07  9.82589E+07  8.41825E+09  4.79098E+07  4.47381E+07  5.49800E+07  9.02050E+08
 0.150  12.250   1.454  1.49061E+10  1.01228E+09  1.07478E+08  1.31363E+08  1.37863E+10  7.65872E+07  4.82795E+07  5.91676E+07  7.58221E+08  7.23826E+08  1.03942E+08  1.27063E+08  1.09709E+10  9.62497E+07  5.69637E+07  6.97613E+07  9.71304E+08
 0.160  14.500   1.790  2.03488E+10  1.62513E+09  1.59291E+08  1.92166E+08  1.85644E+10  1.54379E+08  8.72977E+07  1.06599E+08  1.32389E+09  1.17227E+09  1.56109E+08  1.88225E+08  1.41742E+10  2.19256E+08  1.04158E+08  1.26514E+08  1.76320E+09
 0.170  16.500   1.934  2.51273E+10  2.12138E+09  2.19256E+08  2.66356E+08  2.27867E+10  2.43036E+08  1.22407E+08  1.48891E+08  1.38001E+09  1.41213E+09  2.11933E+08  2.57667E+08  1.61509E+10  3.06122E+08  1.35714E+08  1.65026E+08  1.71281E+09
 0.180  18.250   1.709  2.81077E+10  2.40829E+09  3.24893E+08  3.93611E+08  2.53745E+10  2.48417E+08  2.33663E+08  2.81591E+08  1.88092E+09  1.56991E+09  3.17283E+08  3.84166E+08  1.52607E+10  2.28594E+08  2.24262E+08  2.70190E+08  1.71148E+09
 0.190  19.750   2.271  3.09249E+10  2.69889E+09  4.10674E+08  5.02872E+08  2.78153E+10  2.13297E+08  2.68778E+08  3.30363E+08  1.86512E+09  1.43609E+09  3.98736E+08  4.87763E+08  1.38208E+10  2.77906E+08  2.91386E+08  3.57372E+08  2.26893E+09
 0.200  21.250   2.764  3.35067E+10  3.03389E+09  4.57814E+08  5.69998E+08  3.00150E+10  1.87687E+08  3.07188E+08  3.82773E+08  2.06848E+09  1.61017E+09  4.44039E+08  5.52374E+08  1.41343E+10  3.59043E+08  3.57504E+08  4.44585E+08  2.96720E+09
 0.210  24.250   3.118  4.27057E+10  3.75567E+09  6.53322E+08  8.03961E+08  3.82967E+10  3.42220E+08  5.02420E+08  6.14124E+08  2.78206E+09  1.89884E+09  6.23403E+08  7.65418E+08  1.56559E+10  5.19257E+08  5.52664E+08  6.76470E+08  3.85196E+09
 0.220  26.750   2.633  4.98820E+10  3.84870E+09  8.79289E+08  1.08639E+09  4.51540E+10  2.58800E+08  7.01182E+08  8.62356E+08  3.59789E+09  1.58303E+09  8.52955E+08  1.05252E+09  1.94736E+10  2.54498E+08  6.96508E+08  8.56618E+08  3.52423E+09
 0.230  30.250   3.282  6.31002E+10  4.46997E+09  1.02547E+09  1.28293E+09  5.76048E+10  4.58227E+08  8.35190E+08  1.04140E+09  4.01267E+09  1.86410E+09  9.39815E+08  1.17281E+09  1.68319E+10  5.18234E+08  8.55354E+08  1.06659E+09  4.45205E+09
 0.240  32.750   4.113  7.17283E+10  4.87634E+09  1.19495E+09  1.50410E+09  6.56570E+10  4.94836E+08  9.85774E+08  1.23889E+09  4.41764E+09  2.07820E+09  1.14183E+09  1.43560E+09  1.96677E+10  6.79403E+08  1.03375E+09  1.29945E+09  5.99976E+09
 0.250  35.250   3.799  7.79851E+10  5.50005E+09  1.32998E+09  1.68969E+09  7.11551E+10  4.48489E+08  1.11533E+09  1.41485E+09  5.30530E+09  2.12837E+09  1.22280E+09  1.55168E+09  2.06611E+10  5.02989E+08  1.13236E+09  1.43658E+09  5.86083E+09
 0.260  37.250   3.965  8.23143E+10  5.92809E+09  1.53271E+09  1.95020E+09  7.48535E+10  6.89063E+08  1.31300E+09  1.66727E+09  5.59537E+09  2.10166E+09  1.42005E+09  1.80362E+09  1.97022E+10  7.90552E+08  1.32827E+09  1.68651E+09  6.06677E+09
 0.270  39.000   3.243  8.52704E+10  6.20372E+09  1.72256E+09  2.19945E+09  7.73441E+10  8.17520E+08  1.52878E+09  1.94667E+09  6.08090E+09  2.18458E+09  1.62804E+09  2.07531E+09  1.90026E+10  6.69844E+08  1.47969E+09  1.88410E+09  4.84704E+09
 0.280  40.500   3.816  8.51777E+10  6.16993E+09  2.07976E+09  2.64346E+09  7.69280E+10  8.50257E+08  1.91871E+09  2.43348E+09  7.05619E+09  2.10824E+09  2.01911E+09  2.56306E+09  1.91849E+10  7.95104E+08  1.90484E+09  2.41577E+09  6.59702E+09
 0.290  42.250   3.164  8.82841E+10  6.21987E+09  2.37558E+09  3.03644E+09  7.96887E+10  9.49707E+08  2.15237E+09  2.74303E+09  6.70469E+09  1.87117E+09  2.26472E+09  2.89011E+09  1.91461E+10  7.75481E+08  2.07832E+09  2.64761E+09  4.77430E+09
 0.300  46.500   4.632  1.07035E+11  8.48236E+09  2.72076E+09  3.50186E+09  9.58314E+10  8.15064E+08  2.48101E+09  3.18798E+09  7.64415E+09  1.55804E+09  2.58293E+09  3.32213E+09  1.90742E+10  8.11514E+08  2.48015E+09  3.18686E+09  7.60773E+09
 0.310  55.250   4.997  1.64214E+11  1.52278E+10  3.33593E+09  4.31889E+09  1.45651E+11  1.16708E+09  2.61320E+09  3.39635E+09  9.46696E+09  1.89252E+09  2.69570E+09  3.50544E+09  1.91847E+10  1.02242E+09  2.59288E+09  3.36997E+09  8.38716E+09
 0.320  61.500   5.853  2.05753E+11  1.82891E+10  4.41361E+09  5.63886E+09  1.83051E+11  1.47852E+09  2.89128E+09  3.76402E+09  1.10975E+10  2.15195E+09  2.95175E+09  3.84480E+09  2.04217E+10  1.39014E+09  2.88314E+09  3.75338E+09  1.04370E+10
 0.330  70.500   4.032  2.82545E+11  2.69669E+10  6.18572E+09  7.91574E+09  2.49392E+11  1.50067E+09  3.46021E+09  4.46992E+09  1.50663E+10  2.00678E+09  3.51367E+09  4.54047E+09  2.37450E+10  1.08189E+09  3.33768E+09  4.30983E+09  7.33329E+09
 0.340  75.750   8.314  3.22239E+11  3.05995E+10  6.89912E+09  8.91101E+09  2.84741E+11  7.92414E+08  3.89750E+09  5.06722E+09  1.56189E+10  1.17163E+09  3.93869E+09  5.12241E+09  2.23733E+10  8.91048E+08  3.91163E+09  5.08617E+09  1.76414E+10
 0.350  79.250   6.451  3.44120E+11  3.31664E+10  7.52368E+09  9.77712E+09  3.03430E+11  1.72595E+09  4.23236E+09  5.52871E+09  1.68732E+10  2.23950E+09  4.25885E+09  5.56393E+09  2.27517E+10  1.33718E+09  4.20240E+09  5.48875E+09  1.28744E+10
 0.360  82.750   6.022  3.60810E+11  3.42902E+10  8.49952E+09  1.10480E+10  3.18021E+11  2.92830E+09  5.88565E+09  7.66564E+09  2.65156E+10  3.84805E+09  6.08952E+09  7.92941E+09  3.30406E+10  2.13632E+09  5.57778E+09  7.26797E+09  1.75771E+10
 0.370  86.750   7.742  3.82375E+11  3.65473E+10  9.61079E+09  1.25236E+10  3.36217E+11  4.00118E+09  6.40508E+09  8.34222E+09  2.51074E+10  5.09947E+09  6.64970E+09  8.64718E+09  3.05248E+10  3.28440E+09  6.22167E+09  8.11185E+09  2.14192E+10
 0.380  92.000   9.860  4.20258E+11  3.95628E+10  1.10914E+10  1.44879E+10  3.69604E+11  6.37559E+09  8.31995E+09  1.08606E+10  3.19121E+10  7.23359E+09  8.63156E+09  1.12633E+10  3.57104E+10  7.07247E+09  8.58158E+09  1.11988E+10  3.50523E+10
 0.390  96.750  10.026  4.55551E+11  4.21678E+10  1.31843E+10  1.71230E+10  4.00199E+11  8.80282E+09  9.95868E+09  1.28333E+10  3.38793E+10  9.11687E+09  1.00636E+10  1.29692E+10  3.53725E+10  9.14401E+09  1.00696E+10  1.29771E+10  3.54899E+10
 0.400 103.750   9.155  5.23073E+11  4.63939E+10  1.77543E+10  2.31705E+10  4.58925E+11  1.05231E+10  1.24204E+10  1.60325E+10  3.81146E+10  1.00411E+10  1.22837E+10  1.58552E+10  3.63857E+10  8.88851E+09  1.19399E+10  1.54108E+10  3.25155E+10
 0.410 107.750  10.021  5.49193E+11  4.61142E+10  2.05512E+10  2.68482E+10  4.82528E+11  8.79816E+09  1.50005E+10  1.94192E+10  4.25777E+10  7.94097E+09  1.45820E+10  1.88877E+10  3.86891E+10  7.96382E+09  1.45919E+10  1.89003E+10  3.87976E+10
 0.420 111.250   9.928  5.66754E+11  4.65306E+10  2.21440E+10  2.91236E+10  4.98079E+11  1.19790E+10  1.69240E+10  2.20783E+10  5.01456E+10  1.02866E+10  1.61140E+10  2.10251E+10  4.28072E+10  1.01645E+10  1.60561E+10  2.09506E+10  4.23561E+10
 0.430 116.000   9.761  5.98024E+11  4.48002E+10  2.68584E+10  3.50271E+10  5.26365E+11  1.25282E+10  2.10289E+10  2.72121E+10  5.06082E+10  1.02917E+10  1.99174E+10  2.58016E+10  4.16588E+10  9.94634E+09  1.97256E+10  2.55579E+10  4.03535E+10
 0.440 120.500  10.872  6.31266E+11  4.60538E+10  2.86588E+10  3.77539E+10  5.56553E+11  1.12842E+10  2.28512E+10  2.98861E+10  4.97726E+10  9.07731E+09  2.14462E+10  2.80552E+10  3.90617E+10  1.01164E+10  2.21831E+10  2.90133E+10  4.35925E+10
 0.450 126.750   9.189  6.86900E+11  4.75093E+10  3.39578E+10  4.47800E+10  6.05433E+11  1.06886E+10  2.71084E+10  3.54533E+10  5.64632E+10  8.87384E+09  2.52566E+10  3.30195E+10  4.21101E+10  8.10418E+09  2.42675E+10  3.17385E+10  3.77447E+10
 0.460 131.500   9.081  7.20989E+11  4.79877E+10  3.63776E+10  4.82552E+10  6.36624E+11  8.30643E+09  2.92796E+10  3.85510E+10  5.71263E+10  6.81570E+09  2.73072E+10  3.59172E+10  4.09241E+10  6.11193E+09  2.62269E+10  3.44982E+10  3.62677E+10
 0.470 137.250  10.499  7.78258E+11  4.97017E+10  3.75700E+10  5.03406E+10  6.90986E+11  7.60809E+09  3.03596E+10  4.04365E+10  6.15540E+10  5.36169E+09  2.81540E+10  3.74659E+10  4.10124E+10  5.61754E+09  2.86060E+10  3.80703E+10  4.36831E+10
 0.480 153.250   8.847  1.02588E+12  6.12133E+10  5.50315E+10  7.44336E+10  9.09640E+11  8.71395E+09  3.23911E+10  4.34214E+10  7.29932E+10  6.35235E+09  3.01788E+10  4.04130E+10  4.34846E+10  5.83388E+09  2.85872E+10  3.82826E+10  3.72488E+10
 0.490 161.750   7.559  1.14077E+12  6.46689E+10  5.81291E+10  7.87206E+10  1.01797E+12  8.25338E+09  3.47487E+10  4.66173E+10  7.81904E+10  6.92755E+09  3.19605E+10  4.28219E+10  4.46161E+10  5.31451E+09  2.83322E+10  3.79507E+10  3.15645E+10
 0.500 167.250   8.599  1.19569E+12  6.68149E+10  6.03799E+10  8.20913E+10  1.06850E+12  5.96048E+09  3.66245E+10  4.93818E+10  8.42994E+10  3.87194E+09  3.36644E+10  4.53107E+10  4.56891E+10  3.31015E+09  3.20407E+10  4.30969E+10  3.77221E+10
 0.510 172.000   6.671  1.23710E+12  6.80302E+10  6.20594E+10  8.47527E+10  1.10701E+12  8.09815E+09  3.77594E+10  5.11976E+10  9.22023E+10  6.19549E+09  3.53235E+10  4.78187E+10  4.80835E+10  4.54166E+09  3.02209E+10  4.08405E+10  2.87518E+10
 0.520 177.500   5.095  1.28332E+12  6.92118E+10  6.50553E+10  8.89859E+10  1.14905E+12  1.05148E+10  4.18939E+10  5.69256E+10  1.27091E+11  6.90961E+09  3.80382E+10  5.15727E+10  5.75155E+10  3.98521E+09  2.76470E+10  3.73622E+10  2.18917E+10
 0.530 181.750   3.239  1.30847E+12  6.79557E+10  6.85907E+10  9.38322E+10  1.17192E+12  7.48358E+09  4.36824E+10  5.92747E+10  1.10860E+11  4.42425E+09  4.01005E+10  5.42691E+10  4.99942E+10  2.50952E+09  2.29999E+10  3.09177E+10  1.17663E+10
 0.540 186.000   1.829  1.33916E+12  6.74642E+10  7.27068E+10  9.93758E+10  1.19899E+12  7.51607E+09  4.65255E+10  6.29649E+10  1.00052E+11  4.52997E+09  4.27889E+10  5.77443E+10  4.78236E+10  1.90296E+09  1.90748E+10  2.53219E+10  6.01248E+09
 0.550 190.750   4.160  1.37185E+12  6.81245E+10  7.68479E+10  1.05178E+11  1.22687E+12  9.57444E+09  6.80820E+10  9.28366E+10  1.36716E+11  4.67271E+09  4.81431E+10  6.52125E+10  5.51412E+10  2.37379E+09  3.49391E+10  4.68804E+10  1.84715E+10
 0.560 194.000   3.036  1.37986E+12  6.49860E+10  8.20342E+10  1.12127E+11  1.23284E+12  7.57706E+09  7.10885E+10  9.67224E+10  1.45926E+11  5.10216E+09  6.40630E+10  8.68475E+10  6.67012E+10  2.97885E+09  3.98017E+10  5.32182E+10  1.56675E+10
 0.570 196.500   9.576  1.36795E+12  6.33346E+10  8.45161E+10  1.16213E+11  1.22010E+12  9.41211E+09  7.50344E+10  1.02800E+11  1.44817E+11  5.69157E+09  6.75798E+10  9.22962E+10  6.87058E+10  5.42446E+09  6.68520E+10  9.12728E+10  6.53034E+10
