  47
 0.110 -5.31054E-02 -1.21271E-01  2.37245E-01 -2.66277E+01 -3.10829E+01  1.41727E+01   0.900  3.77308E+07  4.53335E+07  2.31062E+07  0.00000E+00  5.05980E+08  1.10467E-01  1.36995E+02   7.625   7.496
 0.120  2.70641E-02 -2.32461E-01  2.03910E-01 -2.72150E+00 -2.36120E+01 -2.29453E+01   1.000  3.47606E+07  3.77102E+07  2.66259E+07  5.83137E+06  5.24353E+08  4.07235E-02  2.08844E+02   7.619   7.505
 0.130  1.69780E-01 -1.45252E-01  5.83830E-01  7.92794E+00 -5.05149E+01 -1.61430E+01   1.137  3.86568E+07  4.11208E+07  3.45249E+07  9.48635E+06  6.98445E+08  3.92963E-02  2.77140E+02   7.544   7.523
 0.140  2.92564E-03  1.97062E-02  1.27175E-01 -5.85378E+00 -4.46007E+01 -1.24882E+01   1.318  4.79098E+07  5.10259E+07  4.47381E+07  1.38205E+07  9.02050E+08  6.65656E-02  3.30988E+02   7.440   7.511
 0.150  1.26668E-01 -2.60254E-01  1.39244E-01 -1.14225E+01 -2.61397E+01 -9.50745E+00   1.454  9.62497E+07  1.00978E+08  5.69637E+07  1.71206E+07  9.71304E+08  1.35479E-01  3.55035E+02   7.540   7.535
 0.160 -3.26510E-01  1.44819E-01 -2.09877E-01 -2.66781E+00 -1.01167E+01 -3.10354E+01   1.790  2.19256E+08  2.33865E+08  1.04158E+08  3.56260E+07  1.76320E+09  3.62595E-01  3.38025E+02   7.616   7.529
 0.170 -2.23645E-01 -9.07837E-02  5.04295E-02 -2.00536E+01 -1.75902E+01 -1.91090E+01   1.934  3.06122E+08  3.25694E+08  1.35714E+08  3.65994E+07  1.71281E+09  3.97281E-01  3.35714E+02   7.673   7.585
 0.180  1.23518E-01  1.25915E-01  2.02865E-01 -4.78369E-01  2.00601E+00  3.53591E+01   1.709  2.28594E+08  2.91756E+08  2.24262E+08  4.17828E+07  1.71148E+09  8.27851E-01  2.94195E+02   7.883   7.699
 0.190 -3.93943E-01 -5.12034E-02 -5.52261E-01 -3.33481E+01 -6.35152E+00 -2.79037E+01   2.271  2.77906E+08  3.03263E+08  2.91386E+08  5.93273E+07  2.26893E+09  5.19601E-01  3.49031E+02   7.743   7.724
 0.200  3.88736E-03  1.95184E-01  8.31821E-02 -2.15713E+01 -9.75762E-01 -2.36260E+01   2.764  3.59043E+08  3.67997E+08  3.57504E+08  8.51775E+07  2.96720E+09  3.62331E-01  4.07019E+02   7.739   7.726
 0.210  3.28632E-01  1.86383E-01 -8.67661E-02 -1.20612E+00 -1.07345E-01  3.67019E+00   3.118  5.19257E+08  6.37391E+08  5.52664E+08  1.12090E+08  3.85196E+09  2.16429E+00  3.79019E+02   7.964   7.765
 0.220  2.58244E-01  9.57962E-02  1.57227E-02 -7.64728E+00 -3.10576E+00  9.53064E+00   2.633  2.54498E+08  3.95235E+08  6.96508E+08  1.00127E+08  3.52423E+09  1.67620E+00  3.82290E+02   8.116   7.906
 0.230 -4.92206E-01  2.80837E-01 -4.90076E-01 -4.73226E+00  2.29326E+00 -1.50605E+00   3.282  5.18234E+08  5.80962E+08  8.55354E+08  1.40816E+08  4.45205E+09  1.60063E+00  4.50143E+02   8.034   7.921
 0.240  2.07075E-01  3.17675E-01  1.87600E-01 -1.36227E-01  1.06911E+01  1.90134E+01   4.113  6.79403E+08  7.18928E+08  1.03375E+09  1.74951E+08  5.99976E+09  1.33160E+00  5.04459E+02   8.025   7.945
 0.250 -1.47086E-01  1.17059E-01  8.50405E-02 -8.57843E+00  2.68282E+00 -1.32575E+01   3.799  5.02989E+08  5.53164E+08  1.13236E+09  1.65434E+08  5.86083E+09  1.18903E+00  5.72314E+02   8.121   7.995
 0.260 -5.63051E-02 -1.58642E-01 -2.33273E-01 -8.58236E+00  1.66199E+01  2.49618E+00   3.965  7.90552E+08  8.86721E+08  1.32827E+09  1.74466E+08  6.06677E+09  1.91278E+00  6.11896E+02   8.107   8.076
 0.270 -1.19501E-01  2.16580E-01 -1.75533E-01 -7.06036E-01  2.06812E+01 -1.08869E+01   3.243  6.69844E+08  7.84388E+08  1.47969E+09  1.65882E+08  4.84704E+09  2.35969E+00  6.52833E+02   8.168   8.129
 0.280 -7.48581E-02  1.55643E-01 -1.13374E-01 -6.52978E+00  3.66342E+00  2.36881E+01   3.816  7.95104E+08  1.04323E+09  1.90484E+09  2.34467E+08  6.59702E+09  3.90894E+00  6.57060E+02   8.253   8.186
 0.290 -8.34899E-02 -9.75814E-02 -2.69262E-02  4.69492E+00  7.85064E+00 -2.54024E+01   3.164  7.75481E+08  9.48934E+08  2.07832E+09  1.64959E+08  4.77430E+09  2.87562E+00  6.82608E+02   8.244   8.293
 0.300 -4.04954E-01  7.91268E-01 -1.63578E-01 -1.95791E+01  1.81996E+00 -7.90762E+00   4.632  8.11514E+08  9.43728E+08  2.48015E+09  2.37576E+08  7.60773E+09  1.70153E+00  7.42231E+02   8.254   8.331
 0.310 -4.79863E-02 -3.85521E-01  2.35270E-01  5.25579E+00  1.78666E+01 -2.78678E+00   4.997  1.02242E+09  1.04112E+09  2.59288E+09  2.43210E+08  8.38716E+09  1.21885E+00  8.42829E+02   8.177   8.359
 0.320  1.44566E-02 -3.62619E-01  1.30842E-01  1.35040E+01  5.82285E+00  2.14391E+01   5.853  1.39014E+09  1.47759E+09  2.88314E+09  2.73594E+08  1.04370E+10  2.55253E+00  9.03101E+02   8.181   8.355
 0.330  4.47157E-02  7.02812E-02 -8.54558E-02  1.16938E+00  1.83817E+00  1.60079E+01   4.032  1.08189E+09  1.47751E+09  3.33768E+09  2.31046E+08  7.33329E+09  5.64354E+00  8.85156E+02   8.384   8.368
 0.340  5.63000E-01  9.19572E-01  1.00742E-01 -1.49236E+01 -4.20211E+01 -7.79525E+00   8.314  8.91048E+08  9.79132E+08  3.91163E+09  3.23107E+08  1.76414E+10  2.49638E+00  9.36210E+02   8.362   8.419
 0.350 -3.53850E-01  9.56320E-02  8.64374E-03 -2.71878E+01  2.27215E+01 -1.85837E+01   6.451  1.33718E+09  1.47690E+09  4.20240E+09  2.97999E+08  1.28744E+10  3.04992E+00  9.88353E+02   8.179   8.459
 0.360 -2.13858E-01 -8.19811E-01  9.70143E-01 -3.50300E+01 -6.06929E+01 -3.97349E+01   6.022  2.13632E+09  2.53106E+09  5.57778E+09  9.77068E+08  1.75771E+10  5.33446E+00  9.77412E+02   8.227   8.437
 0.370 -1.41094E+00 -1.48861E+00  5.93262E-02 -7.39041E+01 -1.29440E+01  2.40972E+01   7.742  3.28440E+09  3.55293E+09  6.22167E+09  8.87119E+08  2.14192E+10  5.38289E+00  9.93601E+02   8.182   8.469
 0.380 -2.12820E+00 -1.04165E+00 -4.77211E-01  8.55065E+00  2.53360E+01  4.55788E+01   9.860  7.07247E+09  7.16986E+09  8.58158E+09  2.28377E+09  3.50523E+10  7.09878E+00  9.87678E+02   8.158   8.409
 0.390  1.96331E-01  1.01468E-01  3.46344E-01 -2.93119E+01  5.18913E+00 -5.47509E+00  10.026  9.14401E+09  9.94515E+09  1.00696E+10  1.82688E+09  3.54899E+10  1.75548E+01  9.21007E+02   8.234   8.422
 0.400 -1.30708E+00 -2.07024E+00  2.03516E-02 -8.36981E+01 -7.46965E+00 -1.13763E+01   9.155  8.88851E+09  9.73025E+09  1.19399E+10  1.89367E+09  3.25155E+10  1.63067E+01  9.13409E+02   8.309   8.431
 0.410 -4.38120E-01 -3.84807E-01 -1.97836E-01  1.02116E+01 -2.95873E+01 -1.15725E+01  10.021  7.96382E+09  8.81688E+09  1.45919E+10  2.31042E+09  3.87976E+10  1.36005E+01  9.21718E+02   8.395   8.435
 0.420 -5.85255E-01  5.56117E-01  1.16839E-01  1.09858E+01 -1.37760E+01  1.82441E+01   9.928  1.01645E+10  1.07575E+10  1.60561E+10  2.61363E+09  4.23561E+10  1.30517E+01  9.81452E+02   8.400   8.445
 0.430  2.63821E-01 -1.32934E-01  2.96625E-02  2.28164E+00 -2.96325E+01 -9.42683E-01   9.761  9.94634E+09  1.18291E+10  1.97256E+10  2.58189E+09  4.03535E+10  2.75088E+01  9.40271E+02   8.471   8.461
 0.440 -1.15868E+00  7.14470E-01  6.60100E-02  4.45359E+00 -1.70613E+01 -3.32499E+00  10.872  1.01164E+10  1.07261E+10  2.21831E+10  3.38524E+09  4.35925E+10  1.40045E+01  9.91892E+02   8.492   8.470
 0.450 -9.67175E-01  1.48445E-01  2.14592E-01  2.67786E+01 -1.69249E+01 -1.18209E+01   9.189  8.10418E+09  9.77726E+09  2.42675E+10  2.81862E+09  3.77447E+10  2.50635E+01  1.02896E+03   8.588   8.499
 0.460 -2.99306E-01  8.11486E-01  2.62950E-01  2.79411E+01 -1.35871E+01 -1.61953E+01   9.081  6.11193E+09  7.37329E+09  2.62269E+10  3.04276E+09  3.62677E+10  1.86634E+01  1.07881E+03   8.653   8.524
 0.470 -8.11323E-01  5.67009E-01  3.82026E-01  4.56398E+01  3.39205E+01 -2.39742E+00  10.499  5.61754E+09  5.99641E+09  2.86060E+10  3.57381E+09  4.36831E+10  9.77885E+00  1.19332E+03   8.647   8.529
 0.480 -1.21674E+00  8.94193E-01  5.25941E-01  1.72948E+01  6.17733E+01  3.60277E+01   8.847  5.83388E+09  6.46199E+09  2.85872E+10  3.09169E+09  3.72488E+10  1.22181E+01  1.30088E+03   8.619   8.551
 0.490 -1.94250E+00  6.74582E-01  6.69667E-01  1.11116E+01  4.28061E+01  4.46114E+01   7.559  5.31451E+09  6.70726E+09  2.83322E+10  2.45641E+09  3.15645E+10  2.01884E+01  1.37468E+03   8.645   8.578
 0.500 -4.14847E-01  1.33807E-01  4.30394E-02 -1.90305E+01 -1.22631E+00 -4.92938E+00   8.599  3.31015E+09  4.28143E+09  3.20407E+10  3.15170E+09  3.77221E+10  1.22408E+01  1.43264E+03   8.743   8.585
 0.510 -4.51190E-01 -2.40342E-01 -2.11156E-01 -1.70024E+01 -3.39615E+01 -2.83999E+01   6.671  4.54166E+09  5.35608E+09  3.02209E+10  2.37444E+09  2.87518E+10  1.50497E+01  1.54299E+03   8.639   8.611
 0.520 -6.75789E-01  1.70583E-01 -2.99974E-01 -9.49131E+00  8.03905E+00  6.93949E+00   5.095  3.98521E+09  5.17021E+09  2.76470E+10  1.57953E+09  2.18917E+10  1.68667E+01  1.62879E+03   8.681   8.641
 0.530 -3.01141E-02 -1.09357E-01 -6.99543E-02  1.89088E+01 -8.69221E+00  3.48462E+00   3.239  2.50952E+09  4.19505E+09  2.29999E+10  7.66361E+08  1.17663E+10  1.96732E+01  1.67386E+03   8.785   8.689
 0.540 -2.73384E-02  1.02088E-02 -7.07227E-03 -3.85605E+00  3.71029E+00 -3.04977E-01   1.829  1.90296E+09  4.55813E+09  1.90748E+10  3.61693E+08  6.01248E+09  2.73700E+01  1.64931E+03   8.848   8.751
 0.550 -4.37907E-01 -7.55966E-01  1.68536E+00 -1.18606E+01  3.22788E+01 -5.73240E+01   4.160  2.37379E+09  4.35252E+09  3.49391E+10  2.09514E+09  1.84715E+10  2.00617E+01  1.60986E+03   8.742   8.707
 0.560  7.39723E-03  6.05353E-03  5.69155E-02 -2.50947E+00  1.48682E+01  2.09810E+00   3.036  2.97885E+09  6.47155E+09  3.98017E+10  7.35773E+09  1.56675E+10  3.57363E+01  1.70679E+03   8.793   8.735
 0.570 -9.89573E-01 -5.03127E-01 -6.51164E-01 -2.05946E+01 -1.26337E+01 -5.63820E+00   9.576  5.42446E+09  6.54341E+09  6.68520E+10  1.91259E+10  6.53034E+10  1.37444E+01  1.96340E+03   8.517   8.673
