  21
 0.100   0.750   0.500  1.71543E+06  2.00147E+06  1.70188E+06  1.18879E+02  0.00000E+00  0.00000E+00  0.00000E+00  1.71543E+06  2.00147E+06  1.70188E+06
 0.110   1.000   0.603  4.67281E+06  5.36651E+06  4.63960E+06  1.15678E+02  5.58501E+05  6.64266E+05  5.54231E+05  4.11431E+06  4.70225E+06  4.08537E+06
 0.120   1.127   0.500  2.38592E+07  2.68963E+07  2.37674E+07  7.77145E+01  3.07286E+06  3.71446E+06  3.03405E+06  2.07864E+07  2.31818E+07  2.07334E+07
 0.130   1.018   0.500  1.69162E+08  1.89798E+08  1.68735E+08  6.45673E+01  2.71224E+06  3.31092E+06  2.67363E+06  1.66450E+08  1.86487E+08  1.66062E+08
 0.140   1.000   0.500  5.49243E+08  6.30337E+08  5.47565E+08  8.74196E+01  1.43083E+07  1.75185E+07  1.41249E+07  5.34935E+08  6.12818E+08  5.33440E+08
 0.150   1.000   0.500  8.23829E+08  9.68765E+08  8.19974E+08  1.33691E+02  1.91368E+07  2.37666E+07  1.88286E+07  8.04692E+08  9.44998E+08  8.01145E+08
 0.160   1.614   0.500  1.01735E+09  1.21563E+09  1.01092E+09  1.82034E+02  2.89710E+07  3.61567E+07  2.84762E+07  9.88376E+08  1.17947E+09  9.82446E+08
 0.170   1.002   0.500  4.09560E+08  4.64167E+08  4.08095E+08  1.09555E+02  7.35114E+06  9.18980E+06  7.22081E+06  4.02209E+08  4.54977E+08  4.00874E+08
 0.180   2.241   0.783  1.43711E+09  1.70300E+09  1.42952E+09  1.75469E+02  5.12158E+07  6.27599E+07  5.07436E+07  1.38589E+09  1.64024E+09  1.37877E+09
 0.190   1.646   0.500  1.97319E+09  2.35085E+09  1.96199E+09  1.98446E+02  3.76952E+07  4.72161E+07  3.71581E+07  1.93549E+09  2.30364E+09  1.92483E+09
 0.200   1.614   0.500  3.26073E+09  3.94301E+09  3.23898E+09  2.45213E+02  8.82565E+07  1.09486E+08  8.73752E+07  3.17248E+09  3.83352E+09  3.15160E+09
 0.210   1.724   0.500  4.03610E+09  4.96427E+09  4.00411E+09  3.04767E+02  2.18494E+08  2.72439E+08  2.16638E+08  3.81760E+09  4.69183E+09  3.78747E+09
 0.220   1.700   0.500  4.37476E+09  5.45921E+09  4.33233E+09  3.84600E+02  2.28096E+08  2.89730E+08  2.25496E+08  4.14666E+09  5.16948E+09  4.10683E+09
 0.230   1.582   0.500  4.69234E+09  5.89874E+09  4.64111E+09  4.45841E+02  2.23171E+08  2.86492E+08  2.20062E+08  4.46917E+09  5.61225E+09  4.42105E+09
 0.240   1.739   0.637  4.98225E+09  6.30266E+09  4.92274E+09  5.03341E+02  2.64879E+08  3.42550E+08  2.60731E+08  4.71738E+09  5.96011E+09  4.66201E+09
 0.250   2.130   0.726  4.78833E+09  6.11824E+09  4.72388E+09  5.85561E+02  3.07193E+08  4.00020E+08  3.01828E+08  4.48113E+09  5.71822E+09  4.42205E+09
 0.260   4.562   0.673  4.03665E+09  5.20516E+09  3.97433E+09  6.83568E+02  3.35877E+08  4.38065E+08  3.29665E+08  3.70077E+09  4.76710E+09  3.64466E+09
 0.270   6.404   0.989  3.60502E+09  4.69575E+09  3.54122E+09  8.00848E+02  3.67701E+08  4.83053E+08  3.60203E+08  3.23732E+09  4.21270E+09  3.18102E+09
 0.280   6.180   1.802  3.97531E+09  5.19505E+09  3.89954E+09  8.86871E+02  4.40409E+08  5.84215E+08  4.30110E+08  3.53490E+09  4.61083E+09  3.46943E+09
 0.290   4.618   1.412  4.81942E+09  6.26889E+09  4.72565E+09  9.31984E+02  3.95523E+08  5.28977E+08  3.84998E+08  4.42389E+09  5.73991E+09  4.34065E+09
 0.300   3.684   0.934  3.87879E+09  5.02319E+09  3.80521E+09  9.34609E+02  4.06920E+08  5.38049E+08  3.97520E+08  3.47187E+09  4.48514E+09  3.40769E+09
