  21
 0.100   5.000   0.750  3.45996E+09  3.71245E+08  4.75962E+07  5.51325E+07  3.04111E+09  1.57491E+07  2.81966E+07  3.28018E+07  1.60041E+08  1.03944E+09  6.26049E+07  7.26873E+07  6.75690E+09  2.16623E+07  3.08981E+07  3.59626E+07  2.78264E+08
 0.110   7.500   1.000  8.79053E+09  1.03707E+09  1.10146E+08  1.28466E+08  7.64332E+09  7.92981E+07  4.49359E+07  5.29174E+07  3.89503E+08  1.39790E+09  1.21577E+08  1.41640E+08  9.17672E+09  1.11570E+08  4.85941E+07  5.71214E+07  6.01672E+08
 0.120   9.500   1.127  1.37507E+10  1.38475E+09  3.26498E+08  3.76171E+08  1.20395E+10  1.27128E+08  1.91946E+08  2.19233E+08  6.43158E+08  1.45210E+09  3.27269E+08  3.77106E+08  1.23568E+10  1.64813E+08  2.04606E+08  2.33652E+08  8.26228E+08
 0.130  11.750   1.018  1.96138E+10  1.81414E+09  6.35935E+08  7.39652E+08  1.71637E+10  4.87816E+08  4.94303E+08  5.70840E+08  1.58628E+09  1.60094E+09  6.33918E+08  7.37193E+08  1.56027E+10  4.59079E+08  4.78436E+08  5.52372E+08  1.31309E+09
 0.140  13.750   1.000  2.52876E+10  2.03636E+09  1.19175E+09  1.39889E+09  2.20595E+10  4.90975E+08  1.04657E+09  1.22242E+09  2.13133E+09  1.49696E+09  1.18135E+09  1.38607E+09  1.69456E+10  4.53664E+08  1.00548E+09  1.17344E+09  1.46556E+09
 0.150  16.500   1.000  3.60335E+10  3.07773E+09  1.67019E+09  1.99467E+09  3.12856E+10  4.40231E+08  1.47239E+09  1.75476E+09  2.76501E+09  1.91068E+09  1.64838E+09  1.96805E+09  1.86645E+10  3.69023E+08  1.39611E+09  1.66271E+09  1.60598E+09
 0.160  20.750   1.614  5.77016E+10  5.36772E+09  2.37069E+09  2.86538E+09  4.99632E+10  5.17019E+08  1.93275E+09  2.33312E+09  3.83600E+09  2.62772E+09  2.14590E+09  2.59217E+09  2.35385E+10  4.29506E+08  1.90072E+09  2.29385E+09  2.96870E+09
 0.170  24.250   1.002  7.86301E+10  6.62892E+09  3.63773E+09  4.37547E+09  6.83634E+10  1.47784E+09  2.89430E+09  3.47464E+09  6.00267E+09  3.75253E+09  3.48287E+09  4.18606E+09  3.34791E+10  1.14961E+09  2.68446E+09  3.22459E+09  2.38033E+09
 0.180  27.250   2.241  9.34568E+10  6.86355E+09  4.99351E+09  6.07090E+09  8.15997E+10  1.27730E+09  4.13231E+09  5.01658E+09  7.22513E+09  3.96496E+09  4.73148E+09  5.74776E+09  3.68477E+10  1.04406E+09  4.05849E+09  4.92834E+09  5.85959E+09
 0.190  29.500   1.646  1.02965E+11  6.13337E+09  6.56031E+09  8.01903E+09  9.02715E+10  1.41608E+09  5.52296E+09  6.74335E+09  8.11762E+09  3.08377E+09  6.20494E+09  7.57243E+09  3.34264E+10  1.07901E+09  5.07996E+09  6.21329E+09  4.57177E+09
 0.200  31.500   1.614  1.05952E+11  5.45760E+09  7.64589E+09  9.46147E+09  9.28488E+10  1.44254E+09  6.76754E+09  8.35359E+09  9.40626E+09  2.42641E+09  7.37953E+09  9.12204E+09  3.26604E+10  1.11863E+09  6.05674E+09  7.48484E+09  4.72816E+09
 0.210  33.000   1.724  1.06566E+11  5.06905E+09  8.45282E+09  1.06017E+10  9.30437E+10  9.08027E+08  7.59704E+09  9.50629E+09  9.73632E+09  1.78539E+09  8.20121E+09  1.02769E+10  3.32484E+10  6.61345E+08  6.99065E+09  8.74858E+09  5.07252E+09
 0.220  34.750   1.700  1.08342E+11  5.22793E+09  9.02196E+09  1.14491E+10  9.40922E+10  1.00111E+09  8.22519E+09  1.04178E+10  1.07103E+10  2.30592E+09  8.83317E+09  1.12033E+10  3.60527E+10  7.04936E+08  7.47334E+09  9.46823E+09  5.14626E+09
 0.230  36.750   1.582  1.12356E+11  5.23752E+09  9.70987E+09  1.24095E+10  9.74090E+10  9.86123E+08  8.96253E+09  1.14338E+10  1.17523E+10  2.00932E+09  9.46932E+09  1.20940E+10  3.61287E+10  6.44638E+08  7.99213E+09  1.01963E+10  4.92328E+09
 0.240  38.500   1.739  1.14871E+11  5.35516E+09  1.03406E+10  1.32982E+10  9.91755E+10  1.12740E+09  9.63906E+09  1.23766E+10  1.25060E+10  1.80320E+09  1.01020E+10  1.29839E+10  3.55998E+10  6.10604E+08  8.77422E+09  1.12626E+10  5.49644E+09
 0.250  40.500   2.130  1.18206E+11  5.56202E+09  1.08123E+10  1.40174E+10  1.01832E+11  9.08024E+08  1.01440E+10  1.31339E+10  1.32247E+10  1.66175E+09  1.05644E+10  1.36891E+10  3.50508E+10  5.27713E+08  9.51959E+09  1.23262E+10  6.76047E+09
 0.260  43.500   4.562  1.30088E+11  6.69272E+09  1.10965E+10  1.44982E+10  1.12299E+11  8.08628E+08  1.04835E+10  1.36837E+10  1.43912E+10  1.93686E+09  1.08589E+10  1.41824E+10  3.51369E+10  8.65321E+08  1.05146E+10  1.37249E+10  1.51403E+10
 0.270  53.750   6.404  2.23407E+11  1.40729E+10  1.50087E+10  1.95695E+10  1.94325E+11  9.71422E+08  1.07442E+10  1.41421E+10  1.84632E+10  2.51991E+09  1.10203E+10  1.45060E+10  3.63543E+10  1.51005E+09  1.08440E+10  1.42727E+10  2.24525E+10
 0.280  60.750   6.180  2.86835E+11  2.02654E+10  1.64617E+10  2.14679E+10  2.50108E+11  2.14011E+09  1.10815E+10  1.46521E+10  2.33996E+10  3.45137E+09  1.13376E+10  1.49882E+10  4.40574E+10  2.19167E+09  1.10939E+10  1.46681E+10  2.39007E+10
 0.290  64.750   4.618  3.15514E+11  2.12662E+10  1.85288E+10  2.40925E+10  2.75719E+11  3.10073E+09  1.20279E+10  1.58281E+10  2.50126E+10  4.35004E+09  1.25630E+10  1.65112E+10  4.62176E+10  2.34016E+09  1.16604E+10  1.53650E+10  1.62844E+10
 0.300  69.750   3.684  3.56008E+11  2.19437E+10  2.01709E+10  2.63299E+10  3.13893E+11  2.66841E+09  1.79801E+10  2.34827E+10  3.31162E+10  3.76166E+09  1.86349E+10  2.43383E+10  4.71960E+10  1.69435E+09  1.63230E+10  2.13393E+10  1.58619E+10
