  21
 0.100  2.11502E-02 -1.23341E-02  1.83363E-02 -1.82345E+00  3.17778E+00 -7.37990E-01 -8.42550E-01  4.38224E-01  3.13161E-01  1.66615E+00   0.750   0.500  2.14984E+07  2.11335E+07  1.71543E+06  0.00000E+00  2.85164E+07  6.41341E-03  1.18879E+02   8.149   7.846
 0.110 -2.21957E-01  1.52519E-02 -9.40904E-02  1.82911E+01  3.73271E+01  8.10377E+00  3.64569E-01  2.62774E-01 -8.93330E-01  1.43856E+01   1.000   0.603  1.07516E+08  1.07377E+08  4.67281E+06  5.58501E+05  3.50844E+07  3.44783E-02  1.15678E+02   7.677   7.868
 0.120  9.62246E-02  1.35975E-01  2.21191E-02 -1.68443E+00  3.08224E+00 -4.37825E+00 -8.51104E-01  2.95819E-01  4.33720E-01  1.19722E+01   1.127   0.500  1.57964E+08  1.72146E+08  2.38592E+07  3.07286E+06  1.04089E+08  2.49110E-01  7.77145E+01   8.369   7.742
 0.130  2.71902E-02  2.78516E-02  2.39756E-02 -1.28875E+01  4.83325E+00  4.61459E+00 -8.72525E-01 -3.97760E-01  2.83701E-01  1.74016E+01   1.018   0.500  4.47985E+08  5.71631E+08  1.69162E+08  2.71224E+06  1.25040E+08  2.14091E+00  6.45673E+01   8.323   8.377
 0.140  1.87915E-02  2.34659E-02  1.69523E-02 -1.51978E+00  4.45372E+00 -4.03013E+00 -9.52927E-01  1.24588E-01  2.76421E-01  2.84898E+01   1.000   0.500  4.52011E+08  8.22703E+08  5.49243E+08  1.43083E+07  1.88474E+08  4.08192E+00  8.74196E+01   8.536   8.471
 0.150  2.31685E-02  4.55517E-02  2.84184E-03 -3.24005E+00  2.23887E+00 -8.56701E+00 -8.86713E-01  4.05782E-01  2.21543E-01  3.62788E+01   1.000   0.500  3.62472E+08  7.01790E+08  8.23829E+08  1.91368E+07  2.11088E+08  3.51791E+00  1.33691E+02   8.618   8.540
 0.160  3.70461E-03 -2.84511E-02  2.47360E-02 -5.52995E+00 -7.53719E+00 -6.35994E+00 -9.95197E-01  3.80981E-02 -9.01768E-02  9.48331E+00   1.614   0.500  3.91810E+08  6.88572E+08  1.01735E+09  2.89710E+07  3.02457E+08  3.44742E+00  1.82034E+02   8.626   8.575
 0.170 -7.95986E-03  6.36208E-03  1.29038E-02 -1.21460E+01 -3.06387E+00 -1.57061E+00  3.22853E-01 -6.97642E-01  6.39579E-01  4.21906E+01   1.002   0.500  1.12608E+09  1.41049E+09  4.09560E+08  7.35114E+06  1.53556E+08  4.87382E+00  1.09555E+02   8.405   8.349
 0.180  9.04668E-03  2.72085E-02 -1.03552E-02  1.64455E+00  2.74250E-01 -4.77599E+00  4.57104E-01 -8.06009E-01  3.76039E-01  8.53995E+01   2.241   0.783  8.83589E+08  1.48617E+09  1.43711E+09  5.12158E+07  4.27164E+08  6.59111E+00  1.75469E+02   8.654   8.579
 0.190  4.38349E-02 -5.45764E-03  3.30071E-02  9.57158E+00  8.70926E+00 -9.83990E+00  2.90533E-01 -9.43052E-01  1.61999E-01  1.00259E+02   1.646   0.500  9.67547E+08  1.73993E+09  1.97319E+09  3.76952E+07  3.31472E+08  8.85655E+00  1.98446E+02   8.643   8.593
 0.200  2.08108E-02  2.46934E-02  1.42997E-01  5.86051E+00  4.74118E+00  1.57313E+01  4.46526E-01 -8.90465E-01  8.76791E-02  1.36260E+02   1.614   0.500  1.09089E+09  1.92639E+09  3.26073E+09  8.82565E+07  3.31057E+08  9.98310E+00  2.45213E+02   8.611   8.642
 0.210  2.15181E-02  3.56132E-02 -4.38515E-03  9.56949E+00  6.33594E+00  1.40862E+01  4.13089E-01 -8.91663E-01  1.85189E-01  1.32639E+02   1.724   0.500  6.34617E+08  1.26972E+09  4.03610E+09  2.18494E+08  3.48017E+08  6.53558E+00  3.04767E+02   8.717   8.656
 0.220 -1.03689E-02  2.69601E-02  1.63659E-01 -2.10129E+01 -6.31782E+00  1.23708E+01  4.50582E-01 -8.80144E-01  1.49408E-01  1.59889E+02   1.700   0.500  6.44279E+08  1.09657E+09  4.37476E+09  2.28096E+08  3.61901E+08  5.20578E+00  3.84600E+02   8.647   8.667
 0.230  2.10002E-02  1.15333E-02  7.26643E-02 -8.74993E+00  4.25320E+00 -1.06245E+01  5.42078E-01 -8.36250E-01 -8.26885E-02  1.39626E+02   1.582   0.500  6.13720E+08  1.12395E+09  4.69234E+09  2.23171E+08  3.52257E+08  5.30627E+00  4.45841E+02   8.643   8.672
 0.240 -2.70112E-02 -8.48799E-02  4.81456E-02 -5.11591E+00 -3.80781E+00 -1.69839E+01  8.62884E-01 -4.92492E-01 -1.13498E-01  1.45742E+02   1.739   0.637  5.28638E+08  9.90171E+08  4.98225E+09  2.64879E+08  3.93660E+08  5.43922E+00  5.03341E+02   8.664   8.670
 0.250 -1.68296E-02 -4.77119E-02  3.12854E-03 -1.35994E+00 -1.16872E+00 -9.19315E+00  9.48413E-01 -2.80662E-01 -1.47449E-01  1.82009E+02   2.130   0.726  4.90599E+08  7.91430E+08  4.78833E+09  3.07193E+08  4.59339E+08  3.29706E+00  5.85561E+02   8.658   8.667
 0.260 -4.33663E-02  6.19128E-02 -6.58155E-02 -8.18531E+00  4.29173E+00 -5.37974E+00  9.94316E-01 -8.31919E-02 -6.64450E-02  3.32850E+02   4.562   0.673  6.96633E+08  8.83521E+08  4.03665E+09  3.35877E+08  6.34012E+08  2.09986E+00  6.83568E+02   8.515   8.668
 0.270  1.84407E-01 -4.08845E-01  7.78643E-01 -4.12808E-01 -3.28389E+01 -7.46930E+00  9.77606E-01  2.43330E-02 -2.09032E-01  5.80893E+02   6.404   0.989  1.24856E+09  1.29588E+09  3.60502E+09  3.67701E+08  8.48759E+08  1.10559E+00  8.00848E+02   8.262   8.652
 0.280 -1.25744E-01  6.27245E-01 -3.85332E-01 -3.68735E+00  2.78400E+01  3.03879E+01  9.84686E-01  6.42789E-02 -1.62057E-01  6.51142E+02   6.180   1.802  1.87389E+09  1.94994E+09  3.97531E+09  4.40409E+08  1.30918E+09  2.83408E+00  8.86871E+02   8.178   8.632
 0.290 -9.04669E-02  1.76635E-01 -6.78359E-02 -1.17897E+00  1.21180E+01 -9.53052E+00  9.01752E-01 -3.56263E-02 -4.30783E-01  3.19386E+02   4.618   1.412  2.01587E+09  2.50286E+09  4.81942E+09  3.95523E+08  1.03299E+09  7.47451E+00  9.31984E+02   8.359   8.628
 0.300 -6.74155E-02 -1.08178E-01 -7.99427E-02 -4.15802E+00  8.02189E-01 -8.60524E+00  8.47313E-01 -7.19931E-02 -5.26191E-01  2.71919E+02   3.684   0.934  1.43469E+09  1.85294E+09  3.87879E+09  4.06920E+08  7.68613E+08  6.04149E+00  9.34609E+02   8.606   8.618
