  21
 0.100  5.00000E+00  3.45996E+09  5.45487E+01
 0.110  7.50000E+00  8.79053E+09  7.09923E+01
 0.120  9.50000E+00  1.37507E+10  7.88925E+01
 0.130  1.17500E+01  1.96138E+10  8.47220E+01
 0.140  1.37500E+01  2.52876E+10  8.89276E+01
 0.150  1.65000E+01  3.60335E+10  9.69049E+01
 0.160  2.07500E+01  5.77016E+10  1.09350E+02
 0.170  2.42500E+01  7.86301E+10  1.18079E+02
 0.180  2.72500E+01  9.34568E+10  1.21438E+02
 0.190  2.95000E+01  1.02965E+11  1.22509E+02
 0.200  3.15000E+01  1.05952E+11  1.20264E+02
 0.210  3.30000E+01  1.06566E+11  1.17838E+02
 0.220  3.47500E+01  1.08342E+11  1.15786E+02
 0.230  3.67500E+01  1.12356E+11  1.14658E+02
 0.240  3.85000E+01  1.14871E+11  1.13269E+02
 0.250  4.05000E+01  1.18206E+11  1.12028E+02
 0.260  4.35000E+01  1.30088E+11  1.13399E+02
 0.270  5.37500E+01  2.23407E+11  1.33688E+02
 0.280  6.07500E+01  2.86835E+11  1.42488E+02
 0.290  6.47500E+01  3.15514E+11  1.44752E+02
 0.300  6.97500E+01  3.56008E+11  1.48147E+02
