  21
 0.100  2.11502E-02 -1.23341E-02  1.83363E-02 -1.82345E+00  3.17778E+00 -7.37990E-01   0.750  2.16623E+07  3.53756E+07  3.08981E+07  0.00000E+00  2.78264E+08  1.40303E-01  1.17947E+02   8.146   7.958
 0.110 -2.21957E-01  1.52519E-02 -9.40904E-02  1.82911E+01  3.73271E+01  8.10377E+00   1.000  1.11570E+08  1.26553E+08  4.85941E+07  3.67635E+06  6.01672E+08  2.12214E-01  1.52775E+02   7.685   7.997
 0.120  9.62246E-02  1.35975E-01  2.21191E-02 -1.68443E+00  3.08224E+00 -4.37825E+00   1.127  1.64813E+08  3.12868E+08  2.04606E+08  1.20652E+07  8.26228E+08  2.05555E+00  9.39078E+01   8.357   8.108
 0.130  2.71902E-02  2.78516E-02  2.39756E-02 -1.28875E+01  4.83325E+00  4.61459E+00   1.018  4.59079E+08  7.16691E+08  4.78436E+08  4.09434E+07  1.31309E+09  3.78610E+00  1.11850E+02   8.317   8.269
 0.140  1.87915E-02  2.34659E-02  1.69523E-02 -1.51978E+00  4.45372E+00 -4.03013E+00   1.000  4.53664E+08  9.64464E+08  1.00548E+09  5.83857E+07  1.46556E+09  5.54702E+00  1.28164E+02   8.534   8.427
 0.150  2.31685E-02  4.55517E-02  2.84184E-03 -3.24005E+00  2.23887E+00 -8.56701E+00   1.000  3.69023E+08  7.92390E+08  1.39611E+09  6.67490E+07  1.60598E+09  4.49704E+00  1.75943E+02   8.611   8.523
 0.160  3.70461E-03 -2.84511E-02  2.47360E-02 -5.52995E+00 -7.53719E+00 -6.35994E+00   1.614  4.29506E+08  8.74867E+08  1.90072E+09  1.34439E+08  2.96870E+09  5.35214E+00  2.27242E+02   8.592   8.548
 0.170 -7.95986E-03  6.36208E-03  1.29038E-02 -1.21460E+01 -3.06387E+00 -1.57061E+00   1.002  1.14961E+09  1.94292E+09  2.68446E+09  1.11428E+08  2.38033E+09  1.15557E+01  2.42354E+02   8.398   8.544
 0.180  9.04668E-03  2.72085E-02 -1.03552E-02  1.64455E+00  2.74250E-01 -4.77599E+00   2.241  1.04406E+09  2.04283E+09  4.05849E+09  3.27709E+08  5.85959E+09  1.03976E+01  2.71181E+02   8.596   8.556
 0.190  4.38349E-02 -5.45764E-03  3.30071E-02  9.57158E+00  8.70926E+00 -9.83990E+00   1.646  1.07901E+09  2.18346E+09  5.07996E+09  2.81114E+08  4.57177E+09  1.23073E+01  3.08133E+02   8.615   8.591
 0.200  2.08108E-02  2.46934E-02  1.42997E-01  5.86051E+00  4.74118E+00  1.57313E+01   1.614  1.11863E+09  2.02125E+09  6.05674E+09  3.57997E+08  4.72816E+09  1.07359E+01  3.59834E+02   8.604   8.612
 0.210  2.15181E-02  3.56132E-02 -4.38515E-03  9.56949E+00  6.33594E+00  1.40862E+01   1.724  6.61345E+08  1.34709E+09  6.99065E+09  5.09484E+08  5.07252E+09  7.10812E+00  4.26049E+02   8.708   8.628
 0.220 -1.03689E-02  2.69601E-02  1.63659E-01 -2.10129E+01 -6.31782E+00  1.23708E+01   1.700  7.04936E+08  1.17735E+09  7.47334E+09  5.27667E+08  5.14626E+09  5.48818E+00  5.16339E+02   8.622   8.643
 0.230  2.10002E-02  1.15333E-02  7.26643E-02 -8.74993E+00  4.25320E+00 -1.06245E+01   1.582  6.44638E+08  1.19830E+09  7.99213E+09  5.15245E+08  4.92328E+09  5.89582E+00  5.92495E+02   8.630   8.652
 0.240 -2.70112E-02 -8.48799E-02  4.81456E-02 -5.11591E+00 -3.80781E+00 -1.69839E+01   1.739  6.10604E+08  1.11901E+09  8.77422E+09  6.24293E+08  5.49644E+09  6.04239E+00  6.64396E+02   8.624   8.653
 0.250 -1.68296E-02 -4.77119E-02  3.12854E-03 -1.35994E+00 -1.16872E+00 -9.19315E+00   2.130  5.27713E+08  8.91773E+08  9.51959E+09  8.22670E+08  6.76047E+09  3.86523E+00  7.60035E+02   8.639   8.649
 0.260 -4.33663E-02  6.19128E-02 -6.58155E-02 -8.18531E+00  4.29173E+00 -5.37974E+00   4.562  8.65321E+08  1.07911E+09  1.05146E+10  1.43816E+09  1.51403E+10  2.78265E+00  8.65973E+02   8.468   8.630
 0.270  1.84407E-01 -4.08845E-01  7.78643E-01 -4.12808E-01 -3.28389E+01 -7.46930E+00   6.404  1.51005E+09  1.51163E+09  1.08440E+10  1.62016E+09  2.24525E+10  1.65787E+00  9.89238E+02   8.214   8.628
 0.280 -1.25744E-01  6.27245E-01 -3.85332E-01 -3.68735E+00  2.78400E+01  3.03879E+01   6.180  2.19167E+09  2.23818E+09  1.10939E+10  1.60124E+09  2.39007E+10  3.39895E+00  1.09532E+03   8.136   8.627
 0.290 -9.04669E-02  1.76635E-01 -6.78359E-02 -1.17897E+00  1.21180E+01 -9.53052E+00   4.618  2.34016E+09  3.06472E+09  1.16604E+10  1.40061E+09  1.62844E+10  1.13959E+01  1.14742E+03   8.339   8.623
 0.300 -6.74155E-02 -1.08178E-01 -7.99427E-02 -4.15802E+00  8.02189E-01 -8.60524E+00   3.684  1.69435E+09  2.61037E+09  1.63230E+10  4.88639E+09  1.58619E+10  1.10054E+01  1.04569E+03   8.570   8.637
