  36
 0.150   1.329   0.787  2.23965E-02  2.92990E-02  1.38911E-02
 0.160   1.671   1.143  1.25343E-01  1.36361E-01  9.23274E-02
 0.170   1.954   1.670  8.43075E-04  1.09953E-03  2.08147E-03
 0.180   2.310   1.603  5.95687E-02  6.53664E-02  4.87880E-02
 0.190   2.184   1.347  3.68078E-03  3.43316E-03  3.48965E-03
 0.200   1.767   1.494  2.46939E-02  1.77740E-02  4.22455E-02
 0.210   2.590   1.815  6.92585E-02  7.92186E-02  6.07922E-02
 0.220   2.671   1.417  7.26139E-02  8.40852E-02  4.74449E-02
 0.230   2.606   1.510  2.61815E-02  2.15595E-02  6.80950E-02
 0.240   2.925   2.124  1.07825E-02  9.72040E-03  1.46360E-02
 0.250   3.831   2.886  1.78652E-01  2.00070E-01  1.29892E-01
 0.260   4.544   3.264  1.49164E-01  1.28774E-01  1.38542E-01
 0.270   4.268   2.229  5.03564E-02  6.06944E-02  3.24969E-02
 0.280   5.178   3.142  4.89627E-02  5.57715E-02  5.11611E-02
 0.290   4.949   2.283  3.20658E-01  3.82496E-01  2.14966E-01
 0.300   3.729   2.042  1.67600E-01  1.92759E-01  1.18980E-01
 0.310   4.644   2.756  7.22527E-02  8.33826E-02  6.26458E-02
 0.320   4.931   1.808  1.97538E-01  2.24236E-01  1.36439E-01
 0.330   5.360   1.977  3.24487E-01  3.07417E-01  2.93938E-01
 0.340   6.015   2.707  1.91485E-01  2.13095E-01  1.62500E-01
 0.350   6.400   2.952  3.28745E-02  3.19375E-02  3.28596E-02
 0.360   6.278   2.567  1.84798E-01  2.18362E-01  1.24718E-01
 0.370   7.619   1.937  2.60014E-01  2.57087E-01  2.20180E-01
 0.380   8.628   4.079  1.78014E-01  1.74238E-01  1.67583E-01
 0.390   7.652   5.526  5.79443E-02  7.35876E-02  3.83066E-02
 0.400   9.104   5.119  5.22086E-01  3.67751E-01  9.50840E-01
 0.410   6.891   5.958  0.00000E+00  0.00000E+00  0.00000E+00
 0.420   6.926   3.943  1.74663E-01  2.04415E-01  1.12823E-01
 0.430   6.647   3.627  7.12061E-01  7.54712E-01  5.98743E-01
 0.440   7.118   3.904  1.92111E-01  2.12861E-01  1.47641E-01
 0.450   6.030   3.109  2.98173E-01  2.54668E-01  3.27905E-01
 0.460   5.754   2.305  2.45093E-01  2.58784E-01  1.76607E-01
 0.470   5.509   2.679  3.52740E-01  3.38006E-01  3.66749E-01
 0.480   4.826   2.140  3.88980E-01  4.40355E-01  2.77321E-01
 0.490   5.896   2.298  4.15903E-01  4.11104E-01  3.59648E-01
 0.500   5.640   2.345  5.02075E-02  5.31077E-02  4.57197E-02
