  36
 0.150   1.329   0.787  1.90156E+06  2.15018E+06  1.89010E+06  1.33334E+02  0.00000E+00  0.00000E+00  0.00000E+00  1.90156E+06  2.15018E+06  1.89010E+06
 0.160   1.671   1.143  9.54081E+06  1.06411E+07  9.52379E+06  6.07520E+01  6.66761E+05  8.09354E+05  6.60177E+05  8.87405E+06  9.83176E+06  8.86361E+06
 0.170   1.954   1.670  7.43501E+06  9.01037E+06  7.39115E+06  1.91175E+02  8.40341E+05  1.03811E+06  8.30877E+05  6.59467E+06  7.97226E+06  6.56028E+06
 0.180   2.310   1.603  1.28415E+07  1.53309E+07  1.27552E+07  2.10691E+02  1.96809E+06  2.44573E+06  1.94552E+06  1.08734E+07  1.28852E+07  1.08096E+07
 0.190   2.184   1.347  3.63396E+06  4.50551E+06  3.59260E+06  3.48425E+02  1.20084E+06  1.49538E+06  1.18848E+06  2.43312E+06  3.01013E+06  2.40412E+06
 0.200   1.767   1.494  1.23996E+07  1.49727E+07  1.23235E+07  2.27224E+02  4.01798E+06  4.97703E+06  3.98502E+06  8.38162E+06  9.99569E+06  8.33849E+06
 0.210   2.590   1.815  2.55979E+07  3.16860E+07  2.52770E+07  4.21568E+02  7.30025E+06  9.34088E+06  7.16677E+06  1.82977E+07  2.23451E+07  1.81102E+07
 0.220   2.671   1.417  1.85050E+07  2.26944E+07  1.83182E+07  3.74010E+02  5.80328E+06  7.44286E+06  5.71578E+06  1.27018E+07  1.52516E+07  1.26024E+07
 0.230   2.606   1.510  1.82615E+07  2.23547E+07  1.80810E+07  3.71624E+02  3.56769E+06  4.65400E+06  3.47870E+06  1.46938E+07  1.77007E+07  1.46023E+07
 0.240   2.925   2.124  2.05985E+07  2.61993E+07  2.02957E+07  5.70301E+02  4.72182E+06  6.16844E+06  4.60931E+06  1.58766E+07  2.00308E+07  1.56864E+07
 0.250   3.831   2.886  5.27950E+07  6.65938E+07  5.18294E+07  6.81422E+02  2.32646E+07  3.06104E+07  2.26072E+07  2.95304E+07  3.59835E+07  2.92221E+07
 0.260   4.544   3.264  6.36851E+07  8.08193E+07  6.26274E+07  6.77208E+02  1.87545E+07  2.47913E+07  1.82280E+07  4.49306E+07  5.60280E+07  4.43994E+07
 0.270   4.268   2.229  6.21377E+07  8.04408E+07  6.09601E+07  8.07541E+02  2.25873E+07  2.98535E+07  2.19722E+07  3.95503E+07  5.05873E+07  3.89879E+07
 0.280   5.178   3.142  7.76987E+07  1.00607E+08  7.62325E+07  8.33340E+02  2.75376E+07  3.61703E+07  2.68477E+07  5.01610E+07  6.44367E+07  4.93848E+07
 0.290   4.949   2.283  8.04654E+07  1.01628E+08  7.90940E+07  7.76075E+02  2.45209E+07  3.25495E+07  2.38294E+07  5.59445E+07  6.90783E+07  5.52646E+07
 0.300   3.729   2.042  5.71828E+07  7.30860E+07  5.61392E+07  8.64462E+02  1.29729E+07  1.72833E+07  1.25647E+07  4.42100E+07  5.58027E+07  4.35745E+07
 0.310   4.644   2.756  7.93812E+07  1.03504E+08  7.76975E+07  1.02274E+03  3.09138E+07  4.04736E+07  3.01598E+07  4.84674E+07  6.30300E+07  4.75377E+07
 0.320   4.931   1.808  8.25184E+07  1.06556E+08  8.06389E+07  1.08057E+03  3.28653E+07  4.33875E+07  3.18145E+07  4.96531E+07  6.31683E+07  4.88244E+07
 0.330   5.360   1.977  1.07952E+08  1.37441E+08  1.06025E+08  9.19628E+02  2.45600E+07  3.29587E+07  2.37254E+07  8.33922E+07  1.04483E+08  8.22994E+07
 0.340   6.015   2.707  1.23348E+08  1.59648E+08  1.20942E+08  1.04066E+03  3.64100E+07  4.87555E+07  3.52643E+07  8.69377E+07  1.10892E+08  8.56775E+07
 0.350   6.400   2.952  1.27497E+08  1.68594E+08  1.24696E+08  1.21331E+03  4.75872E+07  6.33384E+07  4.62481E+07  7.99096E+07  1.05256E+08  7.84479E+07
 0.360   6.278   2.567  1.40894E+08  1.86075E+08  1.37656E+08  1.30561E+03  4.92990E+07  6.61909E+07  4.77946E+07  9.15947E+07  1.19884E+08  8.98610E+07
 0.370   7.619   1.937  1.67509E+08  2.20705E+08  1.63766E+08  1.31374E+03  6.09350E+07  8.21002E+07  5.91256E+07  1.06574E+08  1.38605E+08  1.04640E+08
 0.380   8.628   4.079  1.96401E+08  2.60445E+08  1.91878E+08  1.39627E+03  7.69627E+07  1.04229E+08  7.46030E+07  1.19438E+08  1.56216E+08  1.17275E+08
 0.390   7.652   5.526  1.08466E+08  1.46781E+08  1.05085E+08  1.85084E+03  4.17537E+07  5.73040E+07  4.00588E+07  6.67128E+07  8.94771E+07  6.50264E+07
 0.400   9.104   5.119  2.81089E+08  3.61337E+08  2.75771E+08  1.19475E+03  7.44251E+07  1.02493E+08  7.15015E+07  2.06664E+08  2.58844E+08  2.04269E+08
 0.410   6.891   5.958  6.75507E+07  9.17530E+07  6.53438E+07  2.01283E+03  1.97770E+07  2.71240E+07  1.88841E+07  4.77737E+07  6.46290E+07  4.64597E+07
 0.420   6.926   3.943  1.06131E+08  1.41292E+08  1.03278E+08  1.72794E+03  2.50497E+07  3.45394E+07  2.38876E+07  8.10816E+07  1.06753E+08  7.93904E+07
 0.430   6.647   3.627  1.58648E+08  2.02956E+08  1.55214E+08  1.41960E+03  2.97112E+07  4.10978E+07  2.82755E+07  1.28937E+08  1.61858E+08  1.26939E+08
 0.440   7.118   3.904  1.10720E+08  1.46930E+08  1.07746E+08  1.80568E+03  2.40660E+07  3.33607E+07  2.28965E+07  8.66541E+07  1.13570E+08  8.48491E+07
 0.450   6.030   3.109  1.68869E+08  2.21316E+08  1.65210E+08  1.53542E+03  3.32296E+07  4.59934E+07  3.18257E+07  1.35639E+08  1.75323E+08  1.33384E+08
 0.460   5.754   2.305  1.53698E+08  2.03571E+08  1.50151E+08  1.67359E+03  2.78590E+07  3.87209E+07  2.66059E+07  1.25839E+08  1.64850E+08  1.23546E+08
 0.470   5.509   2.679  2.25850E+08  2.96731E+08  2.21155E+08  1.55751E+03  4.06137E+07  5.65978E+07  3.88029E+07  1.85236E+08  2.40133E+08  1.82353E+08
 0.480   4.826   2.140  1.80161E+08  2.38258E+08  1.76029E+08  1.73689E+03  3.13261E+07  4.37475E+07  2.97914E+07  1.48834E+08  1.94511E+08  1.46238E+08
 0.490   5.896   2.298  1.99077E+08  2.61563E+08  1.94936E+08  1.61883E+03  2.87913E+07  4.01105E+07  2.73375E+07  1.70286E+08  2.21452E+08  1.67599E+08
 0.500   5.640   2.345  1.17065E+08  1.58452E+08  1.14096E+08  1.97916E+03  1.43447E+07  2.00660E+07  1.34728E+07  1.02721E+08  1.38386E+08  1.00624E+08
