  36
 0.150 -1.99560E-01  2.53196E-02 -2.92140E-01 -4.38873E+00 -2.80323E+01  3.63427E+01   1.329  6.10862E+07  6.30748E+07  1.07804E+07  0.00000E+00  4.27081E+08  5.33262E-02  2.21138E+02   7.187   7.145
 0.160  1.04204E-01 -2.68009E-02  1.15706E-01 -1.05173E+00  6.41141E+00  1.11083E+01   1.671  1.92778E+08  2.24696E+08  5.79961E+07  1.48658E+06  9.27574E+08  6.76998E-01  8.76833E+01   7.700   7.476
 0.170  1.86507E-01  1.04257E-01  1.85753E-01 -1.31897E+01 -2.48190E+01  2.93036E+01   1.954  6.44768E+07  6.49620E+07  6.34001E+07  1.59027E+07  9.51102E+08  1.15853E-02  2.23125E+02   7.387   7.463
 0.180 -9.45903E-01  2.84562E-01  8.48143E-02  1.97183E+01 -1.05519E+00 -3.58866E+00   2.310  1.27749E+08  1.29241E+08  9.71611E+07  3.27835E+07  1.89264E+09  2.13436E-01  2.90313E+02   7.639   7.464
 0.190  2.84109E-01  4.36154E-02  1.70146E-01 -5.48871E+00 -3.64131E+01  4.12089E+01   2.184  1.63484E+08  1.62813E+08  8.90888E+07  2.40029E+07  1.27917E+09  1.18514E-01  3.55898E+02   7.590   7.516
 0.200  9.59204E-02 -2.07835E-01 -2.98067E-01 -6.44879E+00 -5.24039E+00  3.38623E+01   1.767  1.01946E+08  1.20814E+08  1.08539E+08  2.81934E+07  1.01080E+09  2.86409E-01  3.65870E+02   7.661   7.558
 0.210  2.63332E-01 -3.54190E-01  7.31317E-03 -8.26675E+00  1.16177E+01  3.30652E+01   2.590  2.54849E+08  2.59528E+08  1.83762E+08  5.89802E+07  1.95259E+09  3.72560E-01  4.18651E+02   7.665   7.564
 0.220  3.51235E-01  1.96578E-01  1.32464E-01 -3.01909E+00 -9.92563E+00  3.65273E+01   2.671  3.11250E+08  3.22547E+08  2.35452E+08  6.86250E+07  2.07463E+09  5.17355E-01  4.48749E+02   7.679   7.599
 0.230 -5.73835E-02  8.11284E-02  4.61075E-02  1.42522E+01  1.48942E+01 -4.81477E-01   2.606  1.59346E+08  1.70720E+08  2.68208E+08  7.77447E+07  2.09750E+09  2.74801E-01  5.00032E+02   7.798   7.625
 0.240 -1.39423E-01  5.78536E-02  6.46470E-01  2.58992E+01  5.86831E+00  3.36553E+00   2.925  1.85180E+08  1.66983E+08  2.94823E+08  9.22627E+07  2.39563E+09  1.10175E-01  6.12097E+02   7.764   7.627
 0.250  2.89470E-01  3.70117E-01  1.16773E-01  3.05355E+01 -4.39359E+01  3.39174E+01   3.831  8.69522E+08  8.50876E+08  4.51254E+08  1.73981E+08  5.54191E+09  6.22544E-01  6.72537E+02   7.642   7.623
 0.260 -9.80939E-02  3.85478E-01 -1.31474E+00 -1.77372E+00  4.08255E+01  1.24589E+01   4.544  2.96051E+08  3.01182E+08  4.81272E+08  1.41942E+08  5.08224E+09  3.09519E-01  6.82925E+02   7.891   7.691
 0.270 -2.45258E-01 -7.59551E-02  6.53425E-01 -1.61988E-01 -1.81911E+01 -5.46060E-01   4.268  4.59205E+08  4.11962E+08  5.33469E+08  1.97310E+08  5.64592E+09  9.68935E-02  8.29664E+02   7.777   7.669
 0.280  1.10946E+00 -2.04835E-01  2.35860E-01 -1.57938E+01 -2.86351E+01 -4.89040E+00   5.178  4.39587E+08  3.90284E+08  5.49854E+08  1.82638E+08  5.76348E+09  1.32359E-01  8.85975E+02   7.810   7.695
 0.290 -7.09750E-01 -4.96907E-01 -6.16856E-01 -1.68136E+01  7.38275E+00  2.01232E+01   4.949  7.80588E+08  7.12910E+08  5.99476E+08  2.05035E+08  6.21500E+09  5.34974E-01  9.85565E+02   7.783   7.691
 0.300 -5.37471E-01  1.70720E-02 -1.67934E-01 -2.45528E+01  1.29946E+01  2.23261E+01   3.729  4.43278E+08  4.23111E+08  5.34944E+08  1.52540E+08  4.53020E+09  3.57386E-01  1.07633E+03   7.840   7.715
 0.310  1.88021E-01  3.35717E-01  1.41752E-01 -7.74939E+00 -1.70453E+01 -4.44024E+00   4.644  4.68946E+08  4.29259E+08  6.62795E+08  2.18421E+08  5.80555E+09  2.50312E-01  1.10011E+03   7.952   7.726
 0.320 -4.62626E-02  8.85233E-01  6.30257E-02  1.92874E+01 -3.35611E+00  3.06604E+01   4.931  6.45986E+08  6.23231E+08  7.50186E+08  2.45759E+08  6.71084E+09  6.16454E-01  1.17181E+03   7.947   7.751
 0.330  1.62881E-01  6.05146E-01  3.18042E-01  6.87047E+00 -1.53517E+01  1.91189E+01   5.360  7.76638E+08  7.28940E+08  8.10317E+08  2.55490E+08  7.20460E+09  5.19908E-01  1.22078E+03   7.933   7.768
 0.340  2.71231E-01  7.57183E-01  1.04532E+00  4.71114E+01 -2.84981E+01  1.67602E+01   6.015  6.63542E+08  6.05456E+08  8.99904E+08  2.97581E+08  8.35797E+09  2.85470E-01  1.31280E+03   7.940   7.770
 0.350  9.94834E-01  9.52410E-02  9.95112E-01  1.97536E+01 -8.87267E+00  1.08353E+01   6.400  6.57912E+08  5.93013E+08  9.74656E+08  3.53232E+08  8.92922E+09  2.95431E-01  1.39384E+03   7.955   7.778
 0.360  7.67662E-01  2.63745E-01  1.02942E+00  5.89209E+00 -1.00692E+01 -7.05440E-01   6.278  8.24768E+08  7.61913E+08  9.87694E+08  3.28383E+08  9.06257E+09  4.48106E-01  1.49484E+03   7.922   7.791
 0.370  5.17200E-03 -2.20006E-01  1.45528E-01  1.72477E+01 -2.04551E+01  2.44332E+00   7.619  1.18792E+09  1.07937E+09  1.12146E+09  4.08744E+08  1.13406E+10  3.91932E-01  1.56882E+03   7.897   7.788
 0.380  1.68636E+00  9.22668E-01  1.34476E+00  2.67554E+01 -1.87137E+01  9.95121E+00   8.628  1.08901E+09  9.39579E+08  1.22970E+09  4.53804E+08  1.33739E+10  3.21495E-01  1.63643E+03   7.958   7.798
 0.390 -6.08888E-01  2.44486E+00 -8.59659E-01  2.41187E+01 -5.10467E+01  9.63506E+01   7.652  1.75015E+09  1.65399E+09  1.31315E+09  5.21418E+08  1.62434E+10  3.82972E-01  1.76010E+03   7.815   7.789
 0.400  2.34688E-01 -9.17524E-01 -2.40028E-01 -4.78022E+01  6.40279E+01 -1.79799E+01   9.104  1.04379E+09  1.12999E+09  1.69424E+09  5.22225E+08  1.78146E+10  1.63173E+00  1.49843E+03   8.101   7.854
 0.410 -3.98466E-01  1.30721E-01  1.03276E+00  1.68600E+00  4.34407E+01  9.86905E+00   6.891  2.07683E+08  1.70265E+08  1.29016E+09  2.87679E+08  8.76602E+09  3.89282E-03  1.67046E+03   7.971   7.880
 0.420 -9.94145E-02  1.11009E+00  4.61645E-01 -1.03040E+01  5.37481E+01 -1.65613E+01   6.926  9.70718E+08  8.92525E+08  1.64856E+09  5.87651E+08  1.25285E+10  2.58158E-01  1.83985E+03   7.912   7.841
 0.430 -2.28998E-01  2.59407E-02 -6.10146E-02  9.07854E+00 -1.17930E+01 -1.88727E+01   6.647  1.42723E+09  1.46887E+09  1.79287E+09  5.68953E+08  1.21356E+10  1.90547E+00  1.73038E+03   8.074   7.877
 0.440 -4.22281E-01  6.06297E-01 -1.15059E-01  2.98622E+00 -1.09929E+00  2.84290E+00   7.118  1.46408E+09  1.43151E+09  2.06241E+09  6.13540E+08  1.33960E+10  1.35541E+00  1.75715E+03   8.111   7.905
 0.450 -1.59918E-01  5.75874E-02 -3.11978E-02  4.11060E+00  9.48801E+00 -5.15609E-01   6.030  8.16662E+08  8.65545E+08  2.14080E+09  5.20500E+08  1.08852E+10  1.38939E+00  1.69389E+03   8.231   7.971
 0.460 -2.53575E-01 -2.31650E-01 -2.70231E-01  8.12855E+00  1.55409E+01  1.19989E+00   5.754  8.07100E+08  7.96420E+08  2.17357E+09  5.04194E+08  1.02389E+10  6.68764E-01  1.78641E+03   8.201   7.995
 0.470  2.52155E-01 -9.02214E-01 -2.85544E-01 -1.98420E+01  2.02384E+01 -2.57393E+01   5.509  7.47739E+08  7.37629E+08  2.22497E+09  4.85488E+08  9.91648E+09  7.16509E-01  1.88293E+03   8.224   8.010
 0.480  2.81388E-02  6.88773E-01  2.00887E-01 -2.91829E+00 -1.58155E+01  9.69061E+00   4.826  5.99460E+08  5.76912E+08  2.08639E+09  4.13775E+08  8.12693E+09  5.17482E-01  1.97984E+03   8.239   8.029
 0.490 -9.51108E-02  4.06000E-02  1.40603E-01 -4.22175E+00  9.32233E+00 -7.05803E+00   5.896  7.54715E+08  7.27386E+08  2.36241E+09  5.20359E+08  1.08053E+10  6.43403E-01  2.12003E+03   8.241   8.024
 0.500 -1.24251E-01  9.87004E-02 -3.00380E-01  2.13077E+00 -1.14436E+01 -6.66588E+00   5.640  5.28963E+08  5.09065E+08  2.36848E+09  4.86499E+08  9.96570E+09  4.58090E-01  2.21062E+03   8.276   8.042
