  22
 0.100   1.059   0.799  1.85727E+07  2.09785E+07  1.84797E+07  7.84970E+01  0.00000E+00  0.00000E+00  0.00000E+00  1.85727E+07  2.09785E+07  1.84797E+07
 0.110   1.245   0.690  2.13634E+07  2.50071E+07  2.12015E+07  1.27429E+02  5.06341E+06  6.09009E+06  5.00614E+06  1.63000E+07  1.89171E+07  1.61953E+07
 0.120   1.420   0.816  1.77764E+07  2.11664E+07  1.75885E+07  1.84852E+02  3.41412E+06  4.16443E+06  3.36342E+06  1.43623E+07  1.70020E+07  1.42250E+07
 0.130   1.329   0.525  1.33564E+08  1.47428E+08  1.33191E+08  6.26948E+01  6.84580E+06  8.42611E+06  6.73184E+06  1.26718E+08  1.39002E+08  1.26459E+08
 0.140   1.917   0.549  2.34340E+08  2.66110E+08  2.33662E+08  7.96934E+01  6.66472E+06  8.22490E+06  6.55351E+06  2.27675E+08  2.57885E+08  2.27108E+08
 0.150   1.111   0.500  1.27125E+09  1.44763E+09  1.26823E+09  7.76751E+01  1.41441E+07  1.74674E+07  1.39169E+07  1.25710E+09  1.43017E+09  1.25431E+09
 0.160   2.235   0.785  2.01023E+09  2.34740E+09  2.00286E+09  1.19281E+02  4.23933E+07  5.23591E+07  4.18324E+07  1.96783E+09  2.29504E+09  1.96103E+09
 0.170   2.448   0.897  2.88103E+09  3.41998E+09  2.86677E+09  1.61971E+02  5.97392E+07  7.47551E+07  5.87851E+07  2.82129E+09  3.34523E+09  2.80799E+09
 0.180   2.236   0.500  3.73990E+09  4.49800E+09  3.71638E+09  2.09499E+02  6.54149E+07  8.23138E+07  6.42906E+07  3.67449E+09  4.41569E+09  3.65209E+09
 0.190   2.777   0.548  4.66856E+09  5.65929E+09  4.63433E+09  2.50969E+02  1.16869E+08  1.47312E+08  1.14962E+08  4.55169E+09  5.51198E+09  4.51937E+09
 0.200   4.148   1.145  6.03059E+09  7.36212E+09  5.98341E+09  2.80671E+02  2.36962E+08  2.99021E+08  2.33273E+08  5.79362E+09  7.06310E+09  5.75013E+09
 0.210   3.977   1.181  6.92752E+09  8.54464E+09  6.86553E+09  3.33471E+02  2.85964E+08  3.63864E+08  2.81168E+08  6.64155E+09  8.18078E+09  6.58436E+09
 0.220   3.779   0.744  8.11687E+09  1.00128E+10  8.03993E+09  3.67081E+02  5.25686E+08  6.72500E+08  5.17305E+08  7.59118E+09  9.34031E+09  7.52263E+09
 0.230   1.913   0.500  8.26083E+09  1.01644E+10  8.17963E+09  3.93734E+02  3.50150E+08  4.54065E+08  3.43177E+08  7.91068E+09  9.71031E+09  7.83645E+09
 0.240   1.385   0.500  7.37005E+09  8.90339E+09  7.30795E+09  3.51788E+02  2.38016E+08  3.11474E+08  2.32240E+08  7.13203E+09  8.59192E+09  7.07571E+09
 0.250   1.364   0.500  1.14134E+10  1.40090E+10  1.13177E+10  3.77277E+02  7.96006E+08  1.01919E+09  7.82928E+08  1.06174E+10  1.29899E+10  1.05347E+10
 0.260   1.219   0.500  1.47454E+10  1.82980E+10  1.46136E+10  4.23747E+02  7.41347E+08  9.61233E+08  7.27681E+08  1.40040E+10  1.73368E+10  1.38860E+10
 0.270   1.000   0.500  1.66756E+10  2.08893E+10  1.65198E+10  4.65484E+02  6.98794E+08  9.10542E+08  6.85174E+08  1.59768E+10  1.99788E+10  1.58346E+10
 0.280   8.980   1.840  2.75915E+09  3.54192E+09  2.71085E+09  7.88156E+02  1.10783E+09  1.45207E+09  1.08465E+09  1.65132E+09  2.08985E+09  1.62620E+09
 0.290  11.377   3.806  4.67415E+09  5.88529E+09  4.60980E+09  6.59035E+02  1.65774E+09  2.18126E+09  1.62369E+09  3.01641E+09  3.70403E+09  2.98611E+09
 0.300   9.924   1.602  5.50038E+09  6.91764E+09  5.42891E+09  6.48860E+02  1.59780E+09  2.10206E+09  1.56484E+09  3.90258E+09  4.81558E+09  3.86408E+09
 0.310   7.704   1.103  6.37268E+09  7.98658E+09  6.29331E+09  6.51166E+02  1.45782E+09  1.92424E+09  1.42742E+09  4.91486E+09  6.06234E+09  4.86588E+09
