  22
 0.100   1.059   0.799  1.87405E-01  1.94575E-01  1.46953E-01
 0.110   1.245   0.690  1.16487E-01  1.23838E-01  9.70292E-02
 0.120   1.420   0.816  4.21658E-02  5.46011E-02  3.12037E-02
 0.130   1.329   0.525  1.93702E+00  2.37127E+00  1.23994E+00
 0.140   1.917   0.549  2.23332E+00  2.47718E+00  1.90656E+00
 0.150   1.111   0.500  1.23558E+01  1.23455E+01  1.07215E+01
 0.160   2.235   0.785  1.08204E+01  1.02304E+01  1.10566E+01
 0.170   2.448   0.897  1.18329E+01  1.10009E+01  1.25314E+01
 0.180   2.236   0.500  1.19320E+01  1.16822E+01  1.20301E+01
 0.190   2.777   0.548  1.41244E+01  1.48956E+01  1.33313E+01
 0.200   4.148   1.145  1.25291E+01  1.14250E+01  1.60470E+01
 0.210   3.977   1.181  1.25470E+01  1.14598E+01  1.39841E+01
 0.220   3.779   0.744  2.11631E+01  2.23945E+01  1.94057E+01
 0.230   1.913   0.500  2.81755E+01  3.01861E+01  2.45060E+01
 0.240   1.385   0.500  3.82893E+01  4.12871E+01  3.20961E+01
 0.250   1.364   0.500  3.02078E+01  2.97963E+01  3.07604E+01
 0.260   1.219   0.500  3.37662E+01  3.45577E+01  3.03381E+01
 0.270   1.000   0.500  2.24384E+01  2.09322E+01  2.65650E+01
 0.280   8.980   1.840  5.27759E+00  6.28562E+00  3.67188E+00
 0.290  11.377   3.806  1.16001E+01  1.23173E+01  1.15772E+01
 0.300   9.924   1.602  1.34711E+01  1.36410E+01  1.26417E+01
 0.310   7.704   1.103  2.22462E+01  2.30760E+01  1.91585E+01
