  22
 0.100  7.61217E-02 -1.81489E-01  2.48167E-01  5.92377E+01  3.13998E+01  3.51524E-01   1.059  1.35829E+08  1.88652E+08  7.41534E+07  0.00000E+00  9.93918E+08  7.05147E-01  7.45453E+01   7.804   7.591
 0.110 -8.03075E-02 -1.40659E-02 -2.19019E-02 -8.48998E+00 -2.15580E+01 -3.31878E+00   1.245  5.19384E+07  1.32100E+08  1.52487E+08  2.76102E+07  1.30386E+09  8.38486E-01  1.11144E+02   8.215   7.824
 0.120  2.29396E-01  2.64027E-01 -2.36434E-01  7.16919E+00  2.21696E+01 -1.00105E+01   1.420  2.66803E+08  2.97233E+08  2.08470E+08  4.27977E+07  1.82580E+09  6.43366E-01  1.73977E+02   7.816   7.821
 0.130  8.43776E-02 -2.44282E-02  2.35320E-02  4.22463E+00 -3.77387E+00  5.10141E+00   1.329  4.46855E+08  7.62342E+08  5.26348E+08  5.57801E+07  1.86122E+09  4.44654E+00  1.27814E+02   8.245   8.057
 0.140 -3.89413E-02 -1.28044E-01  3.93033E-02  3.91974E+00 -4.33114E+00 -6.09010E+00   1.917  1.08978E+09  1.64910E+09  1.12652E+09  1.14813E+08  3.57287E+09  7.28589E+00  1.38427E+02   8.271   8.278
 0.150  6.87702E-03 -4.02851E-03  1.25682E-02 -1.93827E+00 -8.33234E+00 -1.84525E+00   1.111  1.08702E+09  2.62903E+09  2.80654E+09  2.68777E+08  2.98816E+09  1.71115E+01  1.29111E+02   8.653   8.437
 0.160  8.40449E-03 -2.56557E-02 -9.71440E-02  1.44274E+01 -6.49625E+00 -1.98463E-01   2.235  1.48163E+09  2.86111E+09  4.61282E+09  6.81911E+08  8.01636E+09  1.55486E+01  1.81691E+02   8.547   8.513
 0.170 -8.10186E-02 -7.02847E-02  9.48467E-02 -6.10944E+00 -6.73827E+00 -7.70090E+00   2.448  1.37512E+09  2.90340E+09  6.23036E+09  8.25052E+08  9.71637E+09  1.60659E+01  2.30839E+02   8.612   8.540
 0.180  5.90820E-03  5.99577E-02  4.46702E-02  9.04576E+00  2.90784E+00 -2.23980E+00   2.236  9.89325E+08  2.16969E+09  7.36866E+09  8.59445E+08  8.63707E+09  1.31149E+01  2.89985E+02   8.705   8.586
 0.190  9.54347E-02 -8.99158E-02 -8.82628E-02  2.83370E+00  3.57961E+01  8.87317E+00   2.777  2.35972E+09  3.69504E+09  9.13587E+09  1.18708E+09  1.22754E+10  1.67350E+01  3.47894E+02   8.450   8.587
 0.200  9.74778E-02  2.38318E-01  9.17336E-02 -3.63223E+00  6.74666E+00  1.03044E+01   4.148  2.19149E+09  3.75022E+09  1.16190E+10  1.70099E+09  2.12053E+10  1.43707E+01  3.98037E+02   8.539   8.578
 0.210  5.71318E-02 -1.72064E-01  1.01449E-01  2.43757E+00 -4.30046E+00  1.71351E+00   3.977  2.58761E+09  3.83563E+09  1.34918E+10  2.25087E+09  2.10868E+10  1.39567E+01  4.64660E+02   8.506   8.592
 0.220 -2.31715E-01 -3.14120E-01 -2.24521E-01  1.57656E+01  1.63297E+01  1.42341E+01   3.779  3.50236E+09  5.35625E+09  1.54873E+10  2.33571E+09  2.05978E+10  2.48402E+01  5.10732E+02   8.495   8.586
 0.230 -4.76464E-02  5.17750E-02  2.83386E-03  1.04880E+00  4.84767E-01 -1.84068E-01   1.913  2.81941E+09  5.19567E+09  1.50676E+10  1.42861E+09  9.79834E+09  3.06138E+01  5.62258E+02   8.635   8.638
 0.240 -1.57598E-02 -1.08919E-03  1.11265E-02  1.04370E+01 -5.83250E+00 -3.95313E+01   1.385  5.69843E+09  1.08227E+10  2.05645E+10  1.46925E+09  8.95565E+09  6.97891E+01  5.09288E+02   8.568   8.637
 0.250 -1.20264E-03  7.86424E-02 -4.37408E-02  3.33618E+01  2.97729E+01  2.52027E+01   1.364  2.59030E+09  7.36007E+09  2.85812E+10  3.11776E+09  9.83742E+09  4.73195E+01  5.00411E+02   8.929   8.678
 0.260  4.89288E-04  1.26043E-02 -8.65383E-03  4.52501E+00 -1.44072E+01  1.56628E+01   1.219  3.11434E+09  6.21716E+09  3.07661E+10  3.01589E+09  8.99357E+09  3.69276E+01  5.62111E+02   8.784   8.721
 0.270 -7.58190E-03 -6.47087E-03  3.62186E-03  3.67341E+00 -2.24795E+00  5.36788E+00   1.000  1.52266E+09  4.03341E+09  3.17599E+10  2.60714E+09  7.34942E+09  2.40030E+01  6.25483E+02   8.964   8.756
 0.280 -1.51542E+00  2.28013E-01  1.87524E+00 -4.78317E+01  2.78268E+00  9.33926E+01   8.980  7.52257E+09  9.49191E+09  5.54897E+10  1.77797E+10  1.05388E+11  2.77608E+01  7.53997E+02   8.402   8.647
 0.290 -1.22887E+00  6.64030E-01  1.75865E+00 -5.22351E+01 -2.93035E+01  3.23875E+01  11.377  9.33234E+09  1.06747E+10  6.02455E+10  1.95518E+10  1.44640E+11  2.56666E+01  8.50876E+02   8.378   8.641
 0.300  6.21712E-01 -1.29377E+00 -2.79918E-01 -2.94882E+01  1.30487E+01  2.56031E+01   9.924  6.35247E+09  7.43423E+09  5.92507E+10  1.73484E+10  1.01967E+11  1.95363E+01  9.52298E+02   8.489   8.661
 0.310 -1.39352E-01 -2.69537E-01  3.50095E-01 -1.49075E+01  6.03420E+00  2.26807E+01   7.704  8.64449E+09  1.35175E+10  8.05735E+10  3.24822E+10  9.72867E+10  5.68186E+01  8.90404E+02   8.655   8.670
