  22
 0.100        54238 -0.59651E-02  0.21474E-01  0.11334E-01  0.34528E+02 -0.19294E+02 -0.88609E+01 -0.58425E+00  0.68747E+00  0.43132E+00   1.059   0.799
 0.110        58638  0.28124E-02 -0.69373E-02  0.19687E-02 -0.20016E+02 -0.96753E+02 -0.73988E+01 -0.32378E+00  0.69401E+00  0.64305E+00   1.245   0.690
 0.120       171572  0.20467E-03  0.81870E-03 -0.11052E-01  0.31114E+02  0.13008E+02 -0.19524E+01 -0.58923E+00 -0.19888E+00 -0.78311E+00   1.420   0.816
 0.130       174967  0.19943E-02 -0.44319E-02 -0.21051E-02  0.78244E+02 -0.82469E+02 -0.36252E+02  0.11297E+00 -0.41039E+00 -0.90489E+00   1.329   0.525
 0.140       359924  0.28626E-02 -0.23855E-02 -0.11927E-03  0.62231E+02 -0.93976E+02  0.80163E+02  0.95953E+00 -0.12620E+00  0.25174E+00   1.917   0.549
 0.150       164154 -0.23019E-02 -0.17904E-02  0.21740E-02  0.19049E+03 -0.32618E+03  0.39440E+02  0.93384E+00  0.19848E+00 -0.29758E+00   1.111   0.500
 0.160       182074 -0.19078E-02 -0.81763E-03  0.29980E-02 -0.23486E+03  0.59608E+01  0.18337E+03  0.87667E+00 -0.16723E+00  0.45110E+00   2.235   0.785
 0.170       320418 -0.17371E-02 -0.57903E-03  0.13028E-02 -0.52404E+02 -0.34915E+03 -0.47315E+02  0.77419E+00 -0.37583E+00  0.50930E+00   2.448   0.897
 0.180       310874  0.18395E-02 -0.15329E-02  0.76647E-03 -0.20608E+03 -0.46438E+03  0.53859E+02  0.65441E+00 -0.46091E+00  0.59942E+00   2.236   0.500
 0.190       437379  0.00000E+00  0.12944E-02  0.14561E-02 -0.52296E+03 -0.48510E+02  0.58386E+02  0.52342E+00 -0.36808E+00  0.76847E+00   2.777   0.548
 0.200       499122  0.34077E-03 -0.34077E-03  0.17038E-03 -0.97634E+02 -0.25468E+02  0.13652E+02  0.24990E+00 -0.39609E+00  0.88355E+00   4.148   1.145
 0.210      1341237 -0.35800E-03 -0.10740E-02  0.21480E-02 -0.22220E+03  0.42303E+03 -0.41511E+02  0.52056E-01 -0.47037E+00  0.88093E+00   3.977   1.181
 0.220       171415  0.29981E-02  0.37476E-03  0.11243E-02  0.34845E+03 -0.32786E+03 -0.34597E+03 -0.30435E+00 -0.47724E+00  0.82439E+00   3.779   0.744
 0.230      1295215  0.39181E-03  0.00000E+00 -0.19590E-03 -0.32968E+03 -0.17347E+03 -0.55204E+02 -0.51840E+00 -0.53534E+00  0.66684E+00   1.913   0.500
 0.240      2986309  0.20454E-02  0.20454E-02  0.40907E-03  0.10391E+03  0.99638E+02  0.42220E+03 -0.20453E+00 -0.96947E+00 -0.13523E+00   1.385   0.500
 0.250      1849255  0.00000E+00 -0.25558E-02  0.63894E-03 -0.44394E+03 -0.29138E+03  0.30230E+02  0.67363E-01 -0.81082E+00 -0.58141E+00   1.364   0.500
 0.260      2368926 -0.22153E-02  0.00000E+00 -0.22153E-03  0.51692E+03 -0.42964E+02  0.98167E+03  0.26184E+00 -0.87868E+00 -0.39921E+00   1.219   0.500
 0.270      1057052 -0.46008E-03  0.46008E-03  0.18403E-02 -0.70513E+03 -0.74696E+03 -0.36377E+03  0.62972E+00 -0.73784E+00 -0.24300E+00   1.000   0.500
 0.280      2311912  0.14317E-02 -0.47723E-03  0.26248E-02  0.28971E+03  0.14286E+03  0.12000E+03  0.72801E+00  0.46315E+00  0.50547E+00   8.980   1.840
 0.290      1676264  0.00000E+00  0.49430E-03  0.74145E-03  0.20095E+03  0.20046E+02 -0.94097E+03  0.66354E+00  0.34763E+00  0.66247E+00  11.377   3.806
 0.300      1477535 -0.51092E-03 -0.10218E-02 -0.22991E-02 -0.12133E+03 -0.25523E+03 -0.49826E+03  0.73403E+00  0.40787E+00  0.54299E+00   9.924   1.602
 0.310       560353  0.00000E+00  0.52795E-03 -0.26398E-03  0.27907E+03 -0.10182E+03 -0.15702E+01  0.84620E+00  0.42033E+00  0.32751E+00   7.704   1.103
