  22
 0.100  7.61217E-02 -1.81489E-01  2.48167E-01  5.92377E+01  3.13998E+01  3.51524E-01 -5.84251E-01  6.87467E-01  4.31324E-01  4.45207E+01   1.059   0.799  1.44707E+08  1.51428E+08  1.85727E+07  0.00000E+00  2.14580E+08  1.87405E-01  7.84970E+01   7.808   7.516
 0.110 -8.03075E-02 -1.40659E-02 -2.19019E-02 -8.48998E+00 -2.15580E+01 -3.31878E+00 -3.23783E-01  6.94013E-01  6.43048E-01  1.08853E+01   1.245   0.690  4.95027E+07  5.41609E+07  2.13634E+07  5.06341E+06  1.80493E+08  1.16487E-01  1.27429E+02   8.193   7.791
 0.120  2.29396E-01  2.64027E-01 -2.36434E-01  7.16919E+00  2.21696E+01 -1.00105E+01 -5.89228E-01 -1.98878E-01 -7.83108E-01  1.79352E+01   1.420   0.816  2.56501E+08  2.49633E+08  1.77764E+07  3.41412E+06  1.67690E+08  4.21658E-02  1.84852E+02   7.820   7.796
 0.130  8.43776E-02 -2.44282E-02  2.35320E-02  4.22463E+00 -3.77387E+00  5.10141E+00  1.12972E-01 -4.10389E-01 -9.04886E-01  1.63930E+01   1.329   0.525  3.91730E+08  4.95377E+08  1.33564E+08  6.84580E+06  1.73593E+08  1.93702E+00  6.26948E+01   8.281   8.228
 0.140 -3.89413E-02 -1.28044E-01  3.93033E-02  3.91974E+00 -4.33114E+00 -6.09010E+00  9.59530E-01 -1.26201E-01  2.51744E-01  2.03286E+01   1.917   0.549  9.25191E+08  1.08041E+09  2.34340E+08  6.66472E+06  2.27549E+08  2.23332E+00  7.96934E+01   8.317   8.424
 0.150  6.87702E-03 -4.02851E-03  1.25682E-02 -1.93827E+00 -8.33234E+00 -1.84525E+00  9.33838E-01  1.98475E-01 -2.97580E-01  2.62858E+01   1.111   0.500  1.01558E+09  1.96844E+09  1.27125E+09  1.41441E+07  2.30376E+08  1.23558E+01  7.76751E+01   8.675   8.546
 0.160  8.40449E-03 -2.56557E-02 -9.71440E-02  1.44274E+01 -6.49625E+00 -1.98463E-01  8.76668E-01 -1.67227E-01  4.51097E-01  8.82155E+01   2.235   0.785  1.24319E+09  2.18461E+09  2.01023E+09  4.23933E+07  5.06561E+08  1.08204E+01  1.19281E+02   8.600   8.635
 0.170 -8.10186E-02 -7.02847E-02  9.48467E-02 -6.10944E+00 -6.73827E+00 -7.70090E+00  7.74187E-01 -3.75832E-01  5.09299E-01  1.09310E+02   2.448   0.897  1.18247E+09  2.27085E+09  2.88103E+09  5.97392E+07  6.56294E+08  1.18329E+01  1.61971E+02   8.655   8.639
 0.180  5.90820E-03  5.99577E-02  4.46702E-02  9.04576E+00  2.90784E+00 -2.23980E+00  6.54413E-01 -4.60915E-01  5.99418E-01  1.01978E+02   2.236   0.500  8.29507E+08  1.87436E+09  3.73990E+09  6.54149E+07  5.45387E+08  1.19320E+01  2.09499E+02   8.756   8.673
 0.190  9.54347E-02 -8.99158E-02 -8.82628E-02  2.83370E+00  3.57961E+01  8.87317E+00  5.23417E-01 -3.68078E-01  7.68475E-01  1.66459E+02   2.777   0.548  1.93967E+09  3.08452E+09  4.66856E+09  1.16869E+08  7.56891E+08  1.41244E+01  2.50969E+02   8.504   8.669
 0.200  9.74778E-02  2.38318E-01  9.17336E-02 -3.63223E+00  6.74666E+00  1.03044E+01  2.49896E-01 -3.96089E-01  8.83553E-01  3.18426E+02   4.148   1.145  1.91921E+09  3.30531E+09  6.03059E+09  2.36962E+08  1.56333E+09  1.25291E+01  2.80671E+02   8.570   8.632
 0.210  5.71318E-02 -1.72064E-01  1.01449E-01  2.43757E+00 -4.30046E+00  1.71351E+00  5.20558E-02 -4.70371E-01  8.80932E-01  4.09558E+02   3.977   1.181  2.20435E+09  3.34223E+09  6.92752E+09  2.85964E+08  1.61787E+09  1.25470E+01  3.33471E+02   8.535   8.629
 0.220 -2.31715E-01 -3.14120E-01 -2.24521E-01  1.57656E+01  1.63297E+01  1.42341E+01 -3.04354E-01 -4.77240E-01  8.24385E-01  3.60692E+02   3.779   0.744  2.90247E+09  4.55213E+09  8.11687E+09  5.25686E+08  1.39065E+09  2.11631E+01  3.67081E+02   8.518   8.618
 0.230 -4.76464E-02  5.17750E-02  2.83386E-03  1.04880E+00  4.84767E-01 -1.84068E-01 -5.18401E-01 -5.35337E-01  6.66840E-01  1.70979E+02   1.913   0.500  2.70973E+09  4.87921E+09  8.26083E+09  3.50150E+08  7.70609E+08  2.81755E+01  3.93734E+02   8.643   8.658
 0.240 -1.57598E-02 -1.08919E-03  1.11265E-02  1.04370E+01 -5.83250E+00 -3.95313E+01 -2.04532E-01 -9.69474E-01 -1.35231E-01  5.22773E+01   1.385   0.500  4.90335E+09  7.76859E+09  7.37005E+09  2.38016E+08  6.96782E+08  3.82893E+01  3.51788E+02   8.607   8.670
 0.250 -1.20264E-03  7.86424E-02 -4.37408E-02  3.33618E+01  2.97729E+01  2.52027E+01  6.73629E-02 -8.10816E-01 -5.81411E-01  1.03344E+02   1.364   0.500  2.50500E+09  5.22931E+09  1.14134E+10  7.96006E+08  9.16683E+08  3.02078E+01  3.77277E+02   8.937   8.732
 0.260  4.89288E-04  1.26043E-02 -8.65383E-03  4.52501E+00 -1.44072E+01  1.56628E+01  2.61836E-01 -8.78677E-01 -3.99210E-01  1.83046E+02   1.219   0.500  3.10958E+09  5.79585E+09  1.47454E+10  7.41347E+08  8.88665E+08  3.37662E+01  4.23747E+02   8.787   8.771
 0.270 -7.58190E-03 -6.47087E-03  3.62186E-03  3.67341E+00 -2.24795E+00  5.36788E+00  6.29721E-01 -7.37836E-01 -2.43002E-01  2.03987E+02   1.000   0.500  1.52369E+09  3.81791E+09  1.66756E+10  6.98794E+08  7.50988E+08  2.24384E+01  4.65484E+02   8.964   8.795
 0.280 -1.51542E+00  2.28013E-01  1.87524E+00 -4.78317E+01  2.78268E+00  9.33926E+01  7.28007E-01  4.63145E-01  5.05472E-01  1.04100E+03   8.980   1.840  6.16056E+09  6.15840E+09  2.75915E+09  1.10783E+09  6.33738E+09  5.27759E+00  7.88156E+02   8.450   8.564
 0.290 -1.22887E+00  6.64030E-01  1.75865E+00 -5.22351E+01 -2.93035E+01  3.23875E+01  6.63541E-01  3.47632E-01  6.62469E-01  1.60720E+03  11.377   3.806  8.56028E+09  8.78269E+09  4.67415E+09  1.65774E+09  1.08806E+10  1.16001E+01  6.59035E+02   8.366   8.444
 0.300  6.21712E-01 -1.29377E+00 -2.79918E-01 -2.94882E+01  1.30487E+01  2.56031E+01  7.34031E-01  4.07870E-01  5.42993E-01  1.09697E+03   9.924   1.602  5.16128E+09  5.98887E+09  5.50038E+09  1.59780E+09  5.36816E+09  1.34711E+01  6.48860E+02   8.531   8.566
 0.310 -1.39352E-01 -2.69537E-01  3.50095E-01 -1.49075E+01  6.03420E+00  2.26807E+01  8.46205E-01  4.20325E-01  3.27512E-01  7.38010E+02   7.704   1.103  7.09240E+09  8.54019E+09  6.37268E+09  1.45782E+09  4.57593E+09  2.22462E+01  6.51166E+02   8.698   8.618
