  22
 0.100  1.08598E+08  6.71098E+07  7.61696E+07  1.03365E+08  5.32719E+07  8.82014E+08  6.31603E-01
 0.110  3.23939E+07  1.23563E+08  1.43605E+08  2.98705E+07  7.09259E+07  9.30816E+08  7.62889E-01
 0.120  1.60149E+08  1.60391E+08  1.90311E+08  1.54238E+08  2.98178E+07  1.06891E+09  4.59432E-01
 0.130  3.44578E+08  4.71587E+08  5.42810E+08  3.37141E+08  3.02056E+08  1.29596E+09  4.08895E+00
 0.140  7.64255E+08  9.86750E+08  1.14779E+09  7.53745E+08  5.36778E+08  1.60000E+09  6.43126E+00
 0.150  1.05126E+09  2.74695E+09  3.20123E+09  1.04108E+09  1.53138E+09  2.63540E+09  1.69019E+01
 0.160  6.82385E+08  3.91217E+09  4.66357E+09  6.74112E+08  1.21728E+09  2.95199E+09  1.25730E+01
 0.170  7.97851E+08  5.05244E+09  6.11802E+09  7.86621E+08  1.16657E+09  3.24256E+09  1.22368E+01
 0.180  6.78271E+08  6.16796E+09  7.55701E+09  6.69153E+08  1.06018E+09  3.39986E+09  1.18429E+01
 0.190  1.16286E+09  7.39593E+09  9.13979E+09  1.15460E+09  1.14968E+09  3.72426E+09  1.32450E+01
 0.200  3.64640E+08  7.88861E+09  9.88235E+09  3.58653E+08  7.64301E+08  3.56672E+09  6.40747E+00
 0.210  2.56955E+08  8.11826E+09  1.03131E+10  2.52279E+08  3.56744E+08  3.71836E+09  3.52627E+00
 0.220  6.93217E+08  8.60946E+09  1.10310E+10  6.83206E+08  3.54790E+08  3.78828E+09  4.76597E+00
 0.230  1.79365E+09  1.08675E+10  1.37680E+10  1.77688E+09  1.64338E+09  4.38604E+09  2.08903E+01
 0.240  4.92033E+09  1.83751E+10  2.27710E+10  4.89899E+09  4.91466E+09  6.25566E+09  6.56373E+01
 0.250  2.44792E+09  2.58579E+10  3.22166E+10  2.43636E+09  4.49639E+09  6.90946E+09  4.48295E+01
 0.260  2.91391E+09  2.86827E+10  3.62178E+10  2.90057E+09  2.83658E+09  7.20510E+09  3.32693E+01
 0.270  1.52266E+09  3.17599E+10  4.04820E+10  1.51430E+09  2.51911E+09  7.34942E+09  2.40030E+01
 0.280  9.69824E+08  3.06385E+10  3.95349E+10  9.62663E+08  1.34973E+09  6.61382E+09  1.35046E+01
 0.290  5.00675E+08  3.16870E+10  4.13665E+10  4.94664E+08  6.87151E+08  6.75989E+09  6.96341E+00
 0.300  4.52429E+08  3.16636E+10  4.17132E+10  4.46447E+08  4.76376E+08  6.83654E+09  5.24062E+00
 0.310  1.59007E+09  3.64818E+10  4.75711E+10  1.58164E+09  2.98090E+09  6.77560E+09  3.15306E+01
