  22
 0.100  1.16250E+00  1.79248E+08  8.62826E+07  9.77969E+07  1.71449E+08  6.79406E+07  1.20941E+09  8.17375E-01
 0.110  1.46250E+00  7.63492E+07  1.70642E+08  1.98956E+08  6.88483E+07  9.21613E+07  1.63708E+09  8.81374E-01
 0.120  1.80000E+00  3.47130E+08  2.32634E+08  2.75896E+08  3.31957E+08  4.78231E+07  2.55550E+09  7.49155E-01
 0.130  2.40000E+00  6.87023E+08  6.30852E+08  7.30256E+08  6.47489E+08  3.74706E+08  3.89677E+09  5.00810E+00
 0.140  3.03750E+00  1.54874E+09  1.27678E+09  1.48766E+09  1.46681E+09  6.63571E+08  7.11273E+09  8.35408E+00
 0.150  3.56250E+00  1.94277E+09  3.47397E+09  4.06400E+09  1.84598E+09  1.77580E+09  1.25821E+10  1.96211E+01
 0.160  4.38750E+00  2.81176E+09  5.15267E+09  6.14432E+09  2.65110E+09  1.58572E+09  1.96595E+10  1.78142E+01
 0.170  5.06250E+00  2.77310E+09  7.06941E+09  8.53811E+09  2.57026E+09  1.88828E+09  2.54372E+10  2.00203E+01
 0.180  5.62500E+00  2.04673E+09  8.54251E+09  1.04740E+10  1.86959E+09  1.32828E+09  2.79593E+10  1.39959E+01
 0.190  6.03750E+00  3.91907E+09  1.01670E+10  1.25649E+10  3.63716E+09  1.55080E+09  3.22911E+10  1.90242E+01
 0.200  6.56250E+00  4.43202E+09  1.23456E+10  1.53654E+10  4.05614E+09  1.82377E+09  3.78663E+10  1.61977E+01
 0.210  6.97500E+00  4.67420E+09  1.47632E+10  1.85336E+10  4.27056E+09  1.65569E+09  4.19443E+10  1.68982E+01
 0.220  7.95000E+00  5.66748E+09  1.75824E+10  2.20863E+10  5.12628E+09  2.47241E+09  4.87449E+10  3.03893E+01
 0.230  8.85000E+00  4.97841E+09  2.11352E+10  2.65962E+10  4.48909E+09  2.97631E+09  5.97722E+10  3.58910E+01
 0.240  9.63750E+00  1.34307E+10  3.29895E+10  4.08684E+10  1.25431E+10  8.27576E+09  8.54815E+10  1.09301E+02
 0.250  1.05750E+01  7.36478E+09  4.23429E+10  5.28885E+10  6.63826E+09  6.71718E+09  8.96072E+10  6.59253E+01
 0.260  1.14375E+01  5.84104E+09  4.72846E+10  5.98682E+10  5.28688E+09  4.28917E+09  1.01247E+11  4.86810E+01
 0.270  1.29375E+01  3.80512E+09  5.17359E+10  6.63111E+10  3.21266E+09  2.86423E+09  1.18383E+11  2.80572E+01
 0.280  1.38750E+01  1.11607E+10  5.93590E+10  7.68029E+10  9.79832E+09  2.78489E+09  1.71102E+11  3.14085E+01
 0.290  1.45500E+01  1.41324E+10  6.25236E+10  8.14481E+10  1.23561E+10  2.65408E+09  1.91642E+11  2.99356E+01
 0.300  1.52625E+01  1.00525E+10  6.36637E+10  8.35358E+10  8.58028E+09  1.93062E+09  1.68106E+11  2.14147E+01
 0.310  1.58625E+01  1.54923E+10  8.96735E+10  1.16701E+11  1.37369E+10  6.00058E+09  2.02898E+11  6.48215E+01
