  20
 0.100   0.825   0.550  1.57404E-02  1.85731E-02  1.22391E-02
 0.110   1.000   0.755  4.62685E-03  5.46099E-03  3.29847E-03
 0.120   1.032   0.500  1.73560E-01  2.10586E-01  1.16278E-01
 0.130   1.000   0.771  2.63693E-02  3.34302E-02  1.89672E-02
 0.140   1.455   0.949  1.94702E-01  2.01699E-01  2.01338E-01
 0.150   1.583   0.692  4.33241E-01  4.87011E-01  3.54442E-01
 0.160   1.670   0.973  2.66440E-01  2.67661E-01  2.55420E-01
 0.170   1.148   0.500  1.57862E+00  1.81158E+00  1.03646E+00
 0.180   2.069   0.500  1.37844E+00  1.38242E+00  1.39465E+00
 0.190   2.873   1.367  4.66074E-01  4.43118E-01  5.06698E-01
 0.200   1.681   0.735  1.32102E+00  1.49299E+00  9.50669E-01
 0.210   2.934   1.221  1.63382E+00  1.65321E+00  1.44923E+00
 0.220   3.311   0.860  3.35248E+00  3.71615E+00  2.66506E+00
 0.230   4.621   1.428  3.40603E+00  3.51135E+00  3.45771E+00
 0.240   4.887   1.497  2.79124E+00  2.81813E+00  3.25384E+00
 0.250   5.706   1.386  3.87049E+00  3.83082E+00  3.70123E+00
 0.260   6.541   2.678  4.59641E+00  4.74073E+00  4.24175E+00
 0.270   5.738   2.648  6.29217E+00  6.20094E+00  5.91428E+00
 0.280   6.821   1.383  6.99988E+00  6.86011E+00  6.68380E+00
 0.290   7.534   1.376  7.57006E+00  8.02454E+00  6.36979E+00
