  20
 0.100   0.825   0.550  1.84237E+06  2.10238E+06  1.83129E+06  9.08848E+01  0.00000E+00  0.00000E+00  0.00000E+00  1.84237E+06  2.10238E+06  1.83129E+06
 0.110   1.000   0.755  1.36254E+06  1.61800E+06  1.34562E+06  1.82601E+02  9.29897E+05  1.12893E+06  9.14877E+05  4.32648E+05  4.89065E+05  4.30739E+05
 0.120   1.032   0.500  1.92082E+07  2.20494E+07  1.90402E+07  1.41308E+02  4.79809E+06  5.92362E+06  4.68733E+06  1.44101E+07  1.61258E+07  1.43529E+07
 0.130   1.000   0.771  2.61398E+06  2.96598E+06  2.59179E+06  1.40463E+02  6.80186E+05  8.47284E+05  6.60820E+05  1.93380E+06  2.11869E+06  1.93097E+06
 0.140   1.455   0.949  2.54569E+07  2.92560E+07  2.53217E+07  1.18026E+02  2.97251E+06  3.67674E+06  2.90907E+06  2.24844E+07  2.55792E+07  2.24127E+07
 0.150   1.583   0.692  5.53496E+07  6.39387E+07  5.50458E+07  1.32073E+02  7.70320E+06  9.53672E+06  7.55350E+06  4.76464E+07  5.44020E+07  4.74924E+07
 0.160   1.670   0.973  5.66438E+07  6.71409E+07  5.62285E+07  1.88713E+02  8.18455E+06  1.02040E+07  8.03025E+06  4.84592E+07  5.69369E+07  4.81982E+07
 0.170   1.148   0.500  1.16182E+08  1.30597E+08  1.15813E+08  9.48564E+01  3.50287E+06  4.46236E+06  3.39608E+06  1.12679E+08  1.26135E+08  1.12417E+08
 0.180   2.069   0.500  2.39543E+08  2.79223E+08  2.38687E+08  1.27426E+02  9.29304E+06  1.15674E+07  9.13418E+06  2.30250E+08  2.67656E+08  2.29553E+08
 0.190   2.873   1.367  1.49311E+08  1.79439E+08  1.48345E+08  2.18337E+02  1.63638E+07  2.04971E+07  1.60932E+07  1.32947E+08  1.58942E+08  1.32252E+08
 0.200   1.681   0.735  2.26725E+08  2.70435E+08  2.25238E+08  2.32457E+02  8.44167E+06  1.08448E+07  8.22175E+06  2.18283E+08  2.59590E+08  2.17017E+08
 0.210   2.934   1.221  2.93468E+08  3.49679E+08  2.91664E+08  2.29558E+02  2.67317E+07  3.35678E+07  2.62877E+07  2.66737E+08  3.16112E+08  2.65376E+08
 0.220   3.311   0.860  4.97646E+08  5.85884E+08  4.95301E+08  1.93886E+02  5.63023E+07  7.04861E+07  5.55998E+07  4.41344E+08  5.15398E+08  4.39701E+08
 0.230   4.621   1.428  9.69356E+08  1.16197E+09  9.64947E+08  2.11585E+02  2.02299E+08  2.53312E+08  2.00544E+08  7.67057E+08  9.08659E+08  7.64403E+08
 0.240   4.887   1.497  1.34030E+09  1.63275E+09  1.33314E+09  2.60601E+02  2.33459E+08  2.96727E+08  2.30896E+08  1.10684E+09  1.33603E+09  1.10224E+09
 0.250   5.706   1.386  1.65849E+09  2.04083E+09  1.64807E+09  3.15060E+02  2.75580E+08  3.53267E+08  2.72224E+08  1.38291E+09  1.68756E+09  1.37585E+09
 0.260   6.541   2.678  2.08658E+09  2.59528E+09  2.06928E+09  4.05677E+02  3.87525E+08  5.02587E+08  3.81135E+08  1.69906E+09  2.09269E+09  1.68814E+09
 0.270   5.738   2.648  2.81934E+09  3.54259E+09  2.78951E+09  5.14854E+02  5.11025E+08  6.66095E+08  5.02154E+08  2.30832E+09  2.87649E+09  2.28736E+09
 0.280   6.821   1.383  2.91005E+09  3.64009E+09  2.88222E+09  4.95326E+02  2.01713E+08  2.66162E+08  1.97343E+08  2.70834E+09  3.37393E+09  2.68487E+09
 0.290   7.534   1.376  2.64489E+09  3.31015E+09  2.61555E+09  5.58455E+02  5.13918E+08  6.72579E+08  5.02646E+08  2.13098E+09  2.63757E+09  2.11290E+09
