  20
 0.100  3.69144E+07  1.50407E+07  1.71181E+07  3.49147E+07  1.05895E+07  3.20831E+08  1.30651E-01
 0.110  2.93033E+07  2.20225E+07  2.63403E+07  2.82663E+07  4.70711E+06  5.14460E+08  3.17396E-02
 0.120  8.07923E+07  4.14082E+07  4.84318E+07  7.77191E+07  1.81659E+07  6.08655E+08  2.87506E-01
 0.130  1.06099E+08  6.52540E+07  7.68801E+07  1.02396E+08  2.70812E+07  5.65590E+08  3.24225E-01
 0.140  7.30182E+07  1.36935E+08  1.61790E+08  6.95550E+07  6.52800E+07  7.35774E+08  6.00023E-01
 0.150  8.11704E+07  1.84527E+08  2.21163E+08  7.76242E+07  4.95393E+07  7.51653E+08  5.54270E-01
 0.160  7.37966E+07  2.33480E+08  2.83628E+08  7.12155E+07  4.62181E+07  7.53981E+08  5.00289E-01
 0.170  2.74030E+08  4.52523E+08  5.38607E+08  2.67803E+08  1.87512E+08  9.72552E+08  2.71086E+00
 0.180  1.62171E+08  6.69658E+08  8.08118E+08  1.58358E+08  1.84141E+08  1.07656E+09  1.91107E+00
 0.190  1.19620E+08  8.40197E+08  1.02828E+09  1.16138E+08  1.59545E+08  1.11754E+09  1.67733E+00
 0.200  5.19879E+08  1.26965E+09  1.54154E+09  5.12038E+08  3.63946E+08  1.65545E+09  5.34254E+00
 0.210  2.70818E+08  1.75968E+09  2.16024E+09  2.65992E+08  3.75725E+08  1.64522E+09  3.43229E+00
 0.220  2.56981E+08  2.07343E+09  2.57815E+09  2.51319E+08  2.73252E+08  1.69743E+09  3.08786E+00
 0.230  1.89878E+08  2.33647E+09  2.94737E+09  1.86084E+08  1.72222E+08  1.71822E+09  1.68253E+00
 0.240  1.28897E+08  2.47187E+09  3.15548E+09  1.25378E+08  1.23449E+08  1.76037E+09  1.20725E+00
 0.250  1.10696E+08  2.52764E+09  3.26144E+09  1.07236E+08  8.51505E+07  1.77392E+09  9.55269E-01
 0.260  3.74143E+08  2.80325E+09  3.61762E+09  3.67203E+08  2.07115E+08  1.82630E+09  3.15043E+00
 0.270  3.98423E+08  3.49563E+09  4.48197E+09  3.91130E+08  4.61965E+08  2.01053E+09  5.12995E+00
 0.280  3.32450E+08  4.15896E+09  5.32803E+09  3.26378E+08  4.73252E+08  2.03423E+09  5.21315E+00
 0.290  4.86797E+08  5.61885E+09  7.24386E+09  4.79589E+08  5.30081E+08  2.52017E+09  6.83216E+00
