  20
 0.100  2.08316E-01 -8.32381E-02 -2.36628E-01 -5.01747E+00  9.73861E-01 -2.34910E+00   0.825  2.59374E+07  3.38328E+07  1.23028E+07  0.00000E+00  2.16658E+08  1.17493E-01  7.72987E+01   7.770   7.449
 0.110  2.57107E-01 -1.51878E-01 -2.48695E-01  2.09063E+01 -5.99605E+00 -1.99483E+01   1.000  2.93033E+07  3.29734E+07  2.20225E+07  1.11778E+07  5.14460E+08  3.17396E-02  1.92240E+02   7.673   7.510
 0.120 -5.21457E-02 -1.38095E-01  2.06460E-01 -3.58689E+01  9.93160E+00 -9.19754E+00   1.032  8.40641E+07  9.93930E+07  4.25107E+07  1.63154E+07  6.35925E+08  2.93748E-01  1.80745E+02   7.773   7.635
 0.130 -1.05801E-01 -2.53290E-01  6.45231E-02  2.06011E+01  1.40191E+01  9.93137E-01   1.000  1.06099E+08  1.29477E+08  6.52540E+07  1.88680E+07  5.65590E+08  3.24225E-01  1.83712E+02   7.920   7.736
 0.140 -6.78808E-02 -5.50718E-02  7.26190E-02  7.01202E-01  6.37188E+00  9.87678E-01   1.455  1.47669E+08  2.15495E+08  1.68342E+08  4.41233E+07  1.26403E+09  7.29331E-01  1.81528E+02   8.122   7.970
 0.150 -5.30882E-02  2.26699E-02  7.82984E-02  9.03605E+00  9.98879E+00 -7.85894E+00   1.583  1.74854E+08  2.36723E+08  2.50142E+08  5.84275E+07  1.41111E+09  8.50679E-01  2.15644E+02   8.161   8.108
 0.160 -5.65701E-04  5.83833E-02 -6.66488E-02  2.04409E+01 -6.10466E+00  3.57580E+00   1.670  1.42308E+08  1.99739E+08  3.17265E+08  6.93871E+07  1.50314E+09  7.01595E-01  2.65992E+02   8.202   8.178
 0.170 -1.93687E-02  2.78608E-02 -5.09622E-02 -1.40908E+00  8.37394E+00 -1.48734E+01   1.148  2.86068E+08  4.72079E+08  4.78532E+08  6.19591E+07  1.14207E+09  2.79088E+00  2.38980E+02   8.328   8.246
 0.180  8.47078E-02 -1.42023E-02  2.49042E-02 -6.77533E+00  3.44846E+00 -9.76098E+00   2.069  2.60992E+08  4.47553E+08  8.01758E+08  1.33378E+08  2.40926E+09  2.07769E+00  2.76931E+02   8.449   8.352
 0.190  9.76465E-02  7.10538E-03 -1.15343E-01 -2.88745E+00 -2.71341E+00 -6.86904E+00   2.873  3.15315E+08  4.65345E+08  1.02116E+09  1.66933E+08  3.54518E+09  1.89673E+00  3.31344E+02   8.383   8.430
 0.200  2.68302E-02 -2.79484E-03  1.05584E-01 -1.50784E+00 -3.45286E+00  1.02819E+01   1.681  7.25885E+08  1.12012E+09  1.42954E+09  1.63745E+08  3.09865E+09  6.08151E+00  3.22785E+02   8.343   8.438
 0.210  4.68880E-03  1.75372E-01 -8.58281E-02 -2.82438E+01  5.38917E+00  1.01254E+01   2.934  7.61046E+08  1.23914E+09  2.44962E+09  5.52543E+08  5.80879E+09  4.83432E+00  3.47145E+02   8.513   8.473
 0.220 -2.01020E-01 -2.58572E-01  2.41502E-01  1.46925E+00 -4.97286E-01 -6.87646E+00   3.311  1.08594E+09  1.49033E+09  3.06731E+09  6.40085E+08  7.07656E+09  5.62145E+00  3.88420E+02   8.445   8.505
 0.230  2.28770E-01  6.70738E-02 -1.21467E-01 -2.78050E+00  3.23787E+01 -8.82962E-01   4.621  1.81040E+09  2.12286E+09  3.92647E+09  9.60406E+08  1.13514E+10  4.94898E+00  4.50427E+02   8.346   8.500
 0.240  3.61487E-01  2.13919E-01 -2.35805E-01 -6.52309E+00  4.56086E+00 -2.42586E+00   4.887  1.41956E+09  1.66518E+09  4.36172E+09  9.45017E+08  1.21351E+10  3.68719E+00  5.16071E+02   8.442   8.517
 0.250 -1.52783E-01 -6.85821E-01  5.95696E-01  4.54698E+01 -1.66107E+01  1.27986E+01   5.706  2.56493E+09  2.75267E+09  5.04636E+09  1.19161E+09  1.62318E+10  5.06395E+00  5.89953E+02   8.321   8.507
 0.260  1.33227E-01  8.30439E-01 -4.87068E-02 -4.08423E+01 -5.07428E+01  2.25630E+01   6.541  3.03413E+09  3.36903E+09  5.99351E+09  1.44718E+09  2.38002E+10  8.11768E+00  6.50500E+02   8.321   8.497
 0.270 -3.22170E-01  1.13410E-01 -1.22147E-01 -4.21738E+01 -1.05178E+01 -2.06457E+01   5.738  2.41471E+09  3.15463E+09  7.63217E+09  2.19861E+09  1.91687E+10  9.78838E+00  6.53808E+02   8.467   8.517
 0.280 -2.62668E-01  1.10434E-01  2.26803E-01 -5.48310E+00  9.16107E+00  4.31147E-01   6.821  1.93402E+09  2.44588E+09  7.98937E+09  1.79202E+09  1.94372E+10  7.95210E+00  7.11899E+02   8.543   8.556
 0.290 -4.27125E-01 -5.10796E-01  1.34210E-01  1.03675E+01 -2.14845E+01 -1.06721E-01   7.534  2.32184E+09  3.05539E+09  1.17292E+10  4.34071E+09  3.06436E+10  1.18478E+01  8.19832E+02   8.562   8.578
