  42
 0.150   1.741   1.270  3.58826E+06  4.38359E+06  3.54590E+06  2.60740E+02  0.00000E+00  0.00000E+00  0.00000E+00  3.58826E+06  4.38359E+06  3.54590E+06
 0.160   2.045   1.559  6.23483E+06  7.26019E+06  6.18120E+06  1.94848E+02  9.04980E+05  1.11974E+06  8.95142E+05  5.32985E+06  6.14044E+06  5.28606E+06
 0.170   1.888   1.317  6.05679E+06  7.17042E+06  5.99447E+06  2.53769E+02  9.04030E+05  1.13836E+06  8.88043E+05  5.15276E+06  6.03205E+06  5.10642E+06
 0.180   2.441   1.820  1.26828E+07  1.54094E+07  1.25349E+07  3.16064E+02  3.14958E+06  3.98284E+06  3.09665E+06  9.53317E+06  1.14266E+07  9.43827E+06
 0.190   3.450   2.907  1.28958E+07  1.61282E+07  1.27170E+07  4.04808E+02  3.61104E+06  4.60712E+06  3.54433E+06  9.28472E+06  1.15210E+07  9.17270E+06
 0.200   4.241   2.433  3.17768E+07  3.91267E+07  3.13950E+07  3.72540E+02  8.09250E+06  1.03186E+07  7.93695E+06  2.36843E+07  2.88081E+07  2.34580E+07
 0.210   3.907   2.109  7.59029E+07  8.73070E+07  7.54433E+07  2.05975E+02  1.30246E+07  1.66167E+07  1.27878E+07  6.28783E+07  7.06903E+07  6.26556E+07
 0.220   3.462   2.642  3.35577E+07  3.99539E+07  3.32330E+07  3.30337E+02  3.44672E+06  4.50139E+06  3.35267E+06  3.01109E+07  3.54525E+07  2.98803E+07
 0.230   5.129   4.529  3.49680E+07  4.42446E+07  3.43956E+07  5.76919E+02  1.06700E+07  1.37551E+07  1.04325E+07  2.42980E+07  3.04895E+07  2.39631E+07
 0.240   5.447   3.910  7.11881E+07  8.69244E+07  7.03765E+07  4.32831E+02  2.81302E+07  3.62862E+07  2.76070E+07  4.30579E+07  5.06382E+07  4.27694E+07
 0.250   4.838   2.438  9.77866E+07  1.23058E+08  9.63659E+07  5.76164E+02  4.03452E+07  5.26022E+07  3.94829E+07  5.74413E+07  7.04561E+07  5.68830E+07
 0.260   5.819   2.541  9.59722E+07  1.20938E+08  9.47048E+07  5.62134E+02  3.55849E+07  4.60247E+07  3.49333E+07  6.03874E+07  7.49133E+07  5.97714E+07
 0.270   5.777   3.150  1.39011E+08  1.73523E+08  1.37196E+08  5.73393E+02  4.45139E+07  5.84030E+07  4.35204E+07  9.44969E+07  1.15120E+08  9.36755E+07
 0.280   6.239   3.719  1.33466E+08  1.71853E+08  1.31091E+08  7.92132E+02  5.18191E+07  6.85862E+07  5.04880E+07  8.16473E+07  1.03267E+08  8.06029E+07
 0.290   6.633   3.323  2.14107E+08  2.69233E+08  2.10987E+08  6.83730E+02  6.83570E+07  9.07872E+07  6.65627E+07  1.45750E+08  1.78446E+08  1.44425E+08
 0.300   7.420   4.338  3.06995E+08  3.89743E+08  3.02591E+08  7.05470E+02  9.41137E+07  1.24922E+08  9.15950E+07  2.12881E+08  2.64821E+08  2.10997E+08
 0.310   5.965   3.474  3.02672E+08  3.91863E+08  2.97635E+08  8.46219E+02  9.11900E+07  1.21152E+08  8.86536E+07  2.11482E+08  2.70710E+08  2.08982E+08
 0.320   7.967   3.431  3.02848E+08  3.87244E+08  2.97851E+08  8.54117E+02  8.30293E+07  1.11826E+08  8.03901E+07  2.19819E+08  2.75417E+08  2.17461E+08
 0.330   7.001   3.077  9.42437E+08  1.21824E+09  9.26364E+08  9.23682E+02  6.44858E+08  8.51635E+08  6.31656E+08  2.97580E+08  3.66601E+08  2.94708E+08
 0.340   9.411   5.746  2.80006E+08  3.64604E+08  2.74535E+08  1.06007E+03  7.34868E+07  9.95297E+07  7.08668E+07  2.06519E+08  2.65074E+08  2.03668E+08
 0.350   7.372   5.896  2.09697E+08  2.73943E+08  2.05330E+08  1.15478E+03  5.26046E+07  7.09362E+07  5.07339E+07  1.57093E+08  2.03007E+08  1.54596E+08
 0.360  10.082   5.154  4.16592E+08  5.42523E+08  4.08477E+08  1.11266E+03  1.04421E+08  1.41786E+08  1.00537E+08  3.12171E+08  4.00736E+08  3.07940E+08
 0.370   8.283   2.766  3.35190E+08  4.38787E+08  3.27772E+08  1.27136E+03  7.64647E+07  1.04204E+08  7.32991E+07  2.58725E+08  3.34582E+08  2.54473E+08
 0.380   6.958   2.784  3.34935E+08  4.41932E+08  3.27043E+08  1.38349E+03  7.47818E+07  1.02361E+08  7.14272E+07  2.60153E+08  3.39570E+08  2.55616E+08
 0.390   9.261   3.565  3.74144E+08  5.01280E+08  3.64878E+08  1.50659E+03  1.00384E+08  1.37297E+08  9.63198E+07  2.73760E+08  3.63982E+08  2.68559E+08
 0.400   8.799   3.163  4.23663E+08  5.65633E+08  4.13460E+08  1.50449E+03  1.10493E+08  1.51559E+08  1.05973E+08  3.13170E+08  4.14074E+08  3.07486E+08
 0.410  10.999   2.887  4.07003E+08  5.46464E+08  3.96417E+08  1.65223E+03  1.04404E+08  1.43977E+08  9.98698E+07  3.02600E+08  4.02487E+08  2.96547E+08
 0.420  10.794   2.753  4.16782E+08  5.65007E+08  4.05095E+08  1.80328E+03  1.04017E+08  1.43890E+08  9.91351E+07  3.12765E+08  4.21117E+08  3.05960E+08
 0.430  12.785   2.621  4.27583E+08  5.83517E+08  4.14714E+08  1.96053E+03  1.11365E+08  1.54149E+08  1.06096E+08  3.16218E+08  4.29368E+08  3.08618E+08
 0.440  13.068   2.721  4.62081E+08  6.30375E+08  4.47910E+08  2.02342E+03  1.15194E+08  1.59684E+08  1.09537E+08  3.46888E+08  4.70691E+08  3.38373E+08
 0.450  12.394   2.367  4.46847E+08  6.12758E+08  4.32055E+08  2.19246E+03  1.12588E+08  1.56451E+08  1.06789E+08  3.34259E+08  4.56306E+08  3.25266E+08
 0.460  13.232   2.513  4.63185E+08  6.37918E+08  4.46831E+08  2.36080E+03  1.14836E+08  1.59846E+08  1.08565E+08  3.48349E+08  4.78073E+08  3.38266E+08
 0.470  13.343   2.783  5.02044E+08  6.92563E+08  4.84125E+08  2.43903E+03  1.31956E+08  1.82924E+08  1.25133E+08  3.70088E+08  5.09640E+08  3.58993E+08
 0.480  15.249   3.462  5.50898E+08  7.57649E+08  5.30917E+08  2.50616E+03  1.43716E+08  1.99846E+08  1.35967E+08  4.07182E+08  5.57803E+08  3.94950E+08
 0.490  14.244   3.056  5.71103E+08  7.82754E+08  5.50374E+08  2.51577E+03  1.34896E+08  1.87582E+08  1.27207E+08  4.36206E+08  5.95172E+08  4.23167E+08
 0.500  14.999   3.124  5.74796E+08  7.89632E+08  5.53786E+08  2.57792E+03  1.43498E+08  1.98982E+08  1.35720E+08  4.31297E+08  5.90650E+08  4.18066E+08
 0.510  15.254   3.292  6.45702E+08  8.81586E+08  6.22917E+08  2.53702E+03  1.51490E+08  2.10254E+08  1.43259E+08  4.94212E+08  6.71333E+08  4.79659E+08
 0.520  17.778   4.392  8.66480E+08  1.16249E+09  8.40116E+08  2.22839E+03  2.12795E+08  2.93514E+08  2.02706E+08  6.53684E+08  8.68976E+08  6.37410E+08
 0.530  20.187   4.874  9.54443E+08  1.28049E+09  9.26679E+08  2.17216E+03  2.44880E+08  3.36888E+08  2.34101E+08  7.09563E+08  9.43601E+08  6.92579E+08
 0.540  19.479   4.371  9.66375E+08  1.31127E+09  9.36779E+08  2.32306E+03  2.43261E+08  3.35352E+08  2.32185E+08  7.23113E+08  9.75921E+08  7.04595E+08
 0.550  19.205   6.102  1.12093E+09  1.51235E+09  1.08715E+09  2.31198E+03  2.81037E+08  3.87348E+08  2.68158E+08  8.39896E+08  1.12500E+09  8.18993E+08
 0.560  20.878   7.612  1.28342E+09  1.73459E+09  1.24247E+09  2.48220E+03  3.67739E+08  5.13632E+08  3.50010E+08  9.15679E+08  1.22096E+09  8.92458E+08
