  42
 0.150  2.85311E-01 -2.57451E-01 -2.88075E-01  6.33637E+01 -5.05965E+00  6.18012E+01   1.741  5.81011E+07  5.66254E+07  3.56130E+07  0.00000E+00  1.34534E+09  2.46435E-02  2.86689E+02   7.050   7.218
 0.160 -8.58061E-02  6.69856E-01  8.92802E-02  2.45936E+01  4.26549E+00  2.57806E+01   2.045  1.69810E+08  1.72736E+08  5.83328E+07  1.15353E+07  1.84958E+09  2.26122E-01  2.89097E+02   7.377   7.231
 0.170  2.34061E-01  6.72552E-02 -2.13239E-01  2.68387E+01 -9.90548E+00  2.64510E+01   1.888  1.87876E+08  1.93501E+08  7.99084E+07  1.85304E+07  1.67590E+09  2.28520E-01  2.96318E+02   7.422   7.310
 0.180 -3.64269E-01  5.41930E-01  7.09528E-02  1.64619E+01  3.16452E+00  2.36687E+01   2.441  1.88694E+08  2.28344E+08  1.69412E+08  4.06466E+07  2.46463E+09  6.62218E-01  2.71476E+02   7.642   7.417
 0.190 -1.26235E-01  5.99052E-01  3.06727E-01  2.24030E+01  1.15771E+01  1.89895E+01   3.450  1.99892E+08  1.74044E+08  2.01327E+08  6.78615E+07  3.87192E+09  3.30629E-02  3.98528E+02   7.406   7.393
 0.200  9.13357E-01 -1.68998E-02  3.07287E-01 -2.54219E+01  3.32036E+00 -5.40847E+00   4.241  4.54353E+08  4.76728E+08  3.43706E+08  1.08256E+08  5.97856E+09  1.20605E+00  3.59904E+02   7.689   7.420
 0.210  1.07119E+00 -3.47838E-01 -4.51210E-02  7.77805E+00  4.50003E+01 -9.30871E+01   3.907  1.52918E+09  1.51243E+09  4.02175E+08  1.01911E+08  6.81983E+09  1.38005E+00  4.00177E+02   7.526   7.438
 0.220 -4.71331E-01 -1.28790E-01 -1.20232E+00  7.19392E+01 -5.24456E+01  5.57595E+01   3.462  3.83578E+08  4.29299E+08  3.95920E+08  6.15628E+07  4.08724E+09  8.09402E-01  4.15967E+02   7.725   7.537
 0.230  1.15925E-01 -1.16170E+00  1.44395E+00 -2.64981E+01  4.82180E+00  3.73387E+00   5.129  9.61257E+08  9.09941E+08  8.28636E+08  3.47501E+08  9.50137E+09  1.12843E+00  4.49216E+02   7.813   7.563
 0.240  9.14454E-02 -4.14243E-02 -5.36194E-02 -1.36395E+01  2.11777E+01  1.66575E+00   5.447  1.42609E+09  1.35891E+09  1.05162E+09  4.86233E+08  1.18804E+10  1.68289E+00  5.33398E+02   7.813   7.603
 0.250  1.26355E-01  4.79647E-02  2.04344E-01 -2.89266E+01 -1.80272E+01  1.81092E+01   4.838  1.10092E+09  1.11770E+09  1.16697E+09  4.92434E+08  9.74115E+09  1.65834E+00  5.65964E+02   7.933   7.674
 0.260  3.76448E-01  5.64578E-01  2.08702E-01 -2.10677E+00 -1.48308E+01  5.37159E+01   5.819  1.16198E+09  1.06703E+09  1.35490E+09  5.50889E+08  1.34678E+10  4.08495E-01  6.57034E+02   7.910   7.707
 0.270  1.16488E+00 -6.58348E-02 -4.91117E-01  3.56454E+01  4.54799E+01  2.37189E+01   5.777  1.13178E+09  1.08669E+09  1.50532E+09  5.65246E+08  1.27871E+10  1.02786E+00  7.21298E+02   7.938   7.743
 0.280  2.22224E+00  1.01793E+00 -9.49435E-02 -3.65940E+00 -2.85935E+00  1.31675E+01   6.239  1.62944E+09  1.53357E+09  1.65523E+09  5.87641E+08  1.46130E+10  1.54499E+00  8.01669E+02   7.906   7.757
 0.290  8.07245E-01  8.05987E-01 -4.01233E-01 -1.85361E-01  9.35273E+00  3.14370E+01   6.633  2.15532E+09  2.04478E+09  1.94628E+09  6.73742E+08  1.66634E+10  1.70346E+00  8.51956E+02   7.855   7.770
 0.300 -1.03847E-01 -2.66705E-01  1.20557E+00 -1.51949E+01 -3.54399E+01  9.49543E+00   7.420  1.53488E+09  1.34982E+09  2.11950E+09  7.29649E+08  1.91388E+10  7.30449E-01  9.45784E+02   7.910   7.771
 0.310 -1.10218E-01 -1.45372E-01 -2.81291E-01  3.97580E+01  4.67320E+01  1.82517E+01   5.965  1.66229E+09  1.57110E+09  2.00384E+09  6.29406E+08  1.41097E+10  1.07798E+00  1.03121E+03   7.975   7.799
 0.320  6.33941E-01  4.28500E-01  1.18136E-01  1.89607E+01  2.07679E+01  2.65358E+01   7.967  2.14182E+09  2.19751E+09  2.77357E+09  8.42232E+08  2.23664E+10  3.67268E+00  1.00436E+03   8.048   7.835
 0.330 -4.74972E-02 -6.13697E-01 -2.12091E-01  9.99238E+01  8.18969E+01 -2.67833E+01   7.001  3.99772E+09  4.01440E+09  3.77034E+09  1.44695E+09  2.87121E+10  5.71963E+00  9.93688E+02   7.945   7.816
 0.340  3.42813E-01 -1.00505E+00  2.96322E-01  4.81627E+01  1.65349E+01 -3.78275E+01   9.411  2.98761E+09  2.69401E+09  3.32412E+09  8.95405E+08  2.95238E+10  1.10365E+00  1.08821E+03   7.982   7.870
 0.350  1.68278E+00  1.38691E-01 -1.78365E+00  6.80171E+01  3.18849E+01  1.02397E+01   7.372  2.05574E+09  1.89705E+09  3.25246E+09  8.77873E+08  2.01526E+10  9.16749E-01  1.20198E+03   8.004   7.891
 0.360  2.15784E+00  1.67834E-01 -2.44641E-01  4.37233E+00 -5.61206E+00 -1.19995E+01  10.082  3.54207E+09  3.37805E+09  4.47238E+09  1.44182E+09  3.64483E+10  3.14836E+00  1.21471E+03   8.040   7.887
 0.370 -3.31322E-01  4.93889E-02 -4.92863E-01 -3.64493E+01 -3.02605E+01 -3.29893E+01   8.283  1.76103E+09  1.67568E+09  4.45354E+09  1.33862E+09  2.52827E+10  2.30994E+00  1.27957E+03   8.136   7.917
 0.380 -4.36604E-01 -7.08322E-01  1.33243E-01  1.97808E+01  2.04216E+01 -6.06398E-01   6.958  1.60670E+09  1.59621E+09  4.23214E+09  1.15247E+09  2.06596E+10  2.05132E+00  1.36071E+03   8.190   7.957
 0.390 -5.13221E-01 -5.45981E-01 -3.35498E-01  1.53099E+01 -7.68582E-01 -9.83314E+00   9.261  1.99227E+09  1.84199E+09  5.14514E+09  1.58262E+09  3.24768E+10  1.67122E+00  1.47289E+03   8.195   7.958
 0.400  5.33634E-01 -6.32818E-01 -1.38457E+00  4.85873E+01  1.83472E+01 -1.47944E+01   8.799  2.46055E+09  2.42578E+09  5.37967E+09  1.50440E+09  3.05189E+10  2.99858E+00  1.53188E+03   8.146   7.991
 0.410 -8.85487E-01 -1.64396E+00 -7.86741E-01  1.37040E+01 -1.29092E+01 -3.02377E+01  10.999  2.11732E+09  1.92250E+09  5.88761E+09  1.76705E+09  4.08338E+10  1.55439E+00  1.66312E+03   8.163   7.998
 0.420 -1.11285E+00 -1.00985E+00 -3.06387E-01  1.63689E+01 -3.80894E+01 -3.97037E+01  10.794  1.71698E+09  1.52224E+09  5.97363E+09  1.78081E+09  4.05171E+10  9.19503E-01  1.79522E+03   8.170   8.006
 0.430 -7.30609E-01 -6.10855E-01 -1.06755E-01  4.65065E+00  1.33499E+00 -1.77034E+01  12.785  1.81367E+09  1.60366E+09  6.38227E+09  1.93938E+09  4.94225E+10  1.57514E+00  1.90776E+03   8.197   8.019
 0.440 -1.96031E+00 -4.84440E-01  8.05818E-01  8.91281E+00 -5.75729E+01 -4.44434E+01  13.068  1.63110E+09  1.48695E+09  6.55080E+09  1.96036E+09  4.95869E+10  9.45786E-01  2.01971E+03   8.154   8.040
 0.450 -2.06461E+00 -1.56357E+00 -9.13655E-02  2.31145E+01 -8.41659E+01 -5.48946E+01  12.394  1.46077E+09  1.31051E+09  6.56562E+09  1.92689E+09  4.69912E+10  4.20485E-01  2.15327E+03   8.122   8.057
 0.460 -1.33672E+00 -2.89561E+00 -7.31393E-01  1.67892E+01 -4.97544E+01 -4.93219E+01  13.232  1.42553E+09  1.20633E+09  6.62098E+09  1.96166E+09  5.05334E+10  2.81368E-01  2.31830E+03   8.052   8.058
 0.470 -3.12267E-01 -3.24168E-01  6.10585E-02 -2.17459E+01 -4.32082E+01 -3.13156E+01  13.343  2.14068E+09  1.91112E+09  6.62720E+09  1.97453E+09  5.07581E+10  1.28830E-01  2.46570E+03   7.940   8.059
 0.480 -2.46709E+00  2.50653E+00  2.95178E+00 -4.05711E+01 -4.88970E+01 -3.06637E+00  15.249  3.15892E+09  2.81745E+09  6.81293E+09  2.11882E+09  5.99546E+10  3.27141E-01  2.63749E+03   7.875   8.050
 0.490 -1.68201E+00 -1.15446E+00  6.93224E-01  3.73302E+00 -3.49275E+01 -3.21223E+01  14.244  3.12867E+09  2.79278E+09  6.72295E+09  2.03506E+09  5.55887E+10  3.30492E-01  2.77973E+03   7.859   8.052
 0.500 -1.97861E+00 -1.38256E+00 -3.09736E-01 -1.36962E+00 -4.19475E+01 -3.05527E+01  14.999  3.98599E+09  3.69217E+09  6.83893E+09  2.14565E+09  5.98430E+10  2.28495E-01  2.94988E+03   7.810   8.046
 0.510 -1.30696E+00 -1.20877E+00  4.51366E-03 -1.62511E+01 -4.11147E+01 -2.01005E+01  15.254  5.27956E+09  4.94160E+09  6.84160E+09  2.10449E+09  6.01943E+10  6.13941E-01  3.09252E+03   7.791   8.045
 0.520 -2.60102E+00 -1.29092E+00  9.92686E-01  4.09073E+00 -3.62828E+01 -2.29734E+01  17.778  6.32516E+09  5.82560E+09  7.18686E+09  2.29392E+09  7.28221E+10  7.08165E-01  3.19505E+03   7.781   8.033
 0.530 -1.60637E+00 -7.35782E-01  9.80560E-01  1.91075E-01 -3.29623E+01 -2.02135E+01  20.187  7.79114E+09  7.06241E+09  7.39329E+09  2.42846E+09  8.47045E+10  7.81288E-01  3.32310E+03   7.779   8.026
 0.540 -1.44065E+00  2.83358E-01  3.61083E-01 -8.94905E+00 -2.39465E+01 -2.53182E+00  19.479  6.98754E+09  6.57434E+09  7.33877E+09  2.38417E+09  8.15331E+10  2.24524E-01  3.47747E+03   7.774   8.027
 0.550 -8.51764E-01 -6.94754E-02  7.70763E-01  4.04865E+00 -1.54571E+01 -7.07123E+00  19.205  8.02290E+09  7.48747E+09  7.48228E+09  2.41631E+09  8.58294E+10  1.30087E+00  3.57575E+03   7.797   8.023
 0.560 -1.89923E+00  1.12617E+00  1.06529E+00 -3.09084E+01 -3.46811E+01 -5.20818E+01  20.878  1.09778E+10  1.02189E+10  7.91061E+09  2.63877E+09  1.13505E+11  1.48824E+00  3.65046E+03   7.811   8.010
