  41
 0.100   5.500   0.825  4.43428E+09  3.08611E+08  4.58264E+07  5.38212E+07  4.07984E+09  7.35305E+06  9.26123E+06  1.08692E+07  9.45282E+07  9.69003E+08  6.82212E+07  7.96565E+07  7.91144E+09  1.65839E+07  1.51886E+07  1.77786E+07  2.34201E+08
 0.110   7.750   1.041  9.93118E+09  9.32243E+08  9.28326E+07  1.11054E+08  8.90610E+09  1.85769E+07  1.86870E+07  2.25646E+07  3.25902E+08  1.38004E+09  9.90363E+07  1.18333E+08  1.16371E+10  2.88256E+07  2.64502E+07  3.18880E+07  5.19032E+08
 0.120  11.250   1.199  2.31293E+10  2.45885E+09  3.64533E+08  4.18542E+08  2.03059E+10  2.52993E+08  1.20307E+08  1.35731E+08  1.11148E+09  2.07448E+09  3.53140E+08  4.05753E+08  1.81805E+10  2.73858E+08  1.26242E+08  1.42452E+08  1.21532E+09
 0.130  14.000   1.544  3.39455E+10  3.71315E+09  5.99907E+08  7.04899E+08  2.96325E+10  2.56804E+08  3.04429E+08  3.52657E+08  1.73884E+09  2.51515E+09  5.89258E+08  6.92182E+08  2.25597E+10  2.86364E+08  3.18169E+08  3.68838E+08  2.02375E+09
 0.140  17.250   1.416  5.15048E+10  5.41396E+09  1.03179E+09  1.22119E+09  4.50590E+10  6.96874E+08  6.21257E+08  7.25162E+08  2.96878E+09  3.19388E+09  9.52307E+08  1.12334E+09  2.53607E+10  6.33723E+08  5.83181E+08  6.80091E+08  2.28655E+09
 0.150  19.250   1.503  5.80522E+10  6.19608E+09  1.73815E+09  2.06343E+09  5.01180E+10  1.14682E+09  1.27279E+09  1.49597E+09  4.14818E+09  3.31046E+09  1.67294E+09  1.98303E+09  2.65456E+10  1.01834E+09  1.18150E+09  1.38820E+09  3.07404E+09
 0.160  20.500   1.616  5.81391E+10  5.77389E+09  2.86149E+09  3.40942E+09  4.95037E+10  7.19688E+08  2.28915E+09  2.71099E+09  4.48606E+09  2.69914E+09  2.73800E+09  3.25983E+09  2.49883E+10  6.07872E+08  2.20011E+09  2.60316E+09  3.46421E+09
 0.170  22.750   1.178  6.71755E+10  6.22515E+09  3.81913E+09  4.61231E+09  5.71312E+10  7.83024E+08  3.15680E+09  3.79644E+09  5.70644E+09  2.56985E+09  3.61347E+09  4.36136E+09  2.51280E+10  5.75160E+08  2.85777E+09  3.43009E+09  2.82313E+09
 0.180  32.000   1.000  1.58786E+11  1.28978E+10  7.93645E+09  9.68182E+09  1.37951E+11  8.61440E+08  4.01690E+09  4.91052E+09  8.82654E+09  2.59390E+09  4.49119E+09  5.50123E+09  3.37874E+10  5.41112E+08  3.46458E+09  4.22271E+09  2.59209E+09
 0.190  35.500   2.262  1.83493E+11  1.20840E+10  1.05777E+10  1.29077E+10  1.60832E+11  3.02119E+09  8.42236E+09  1.02239E+10  1.58846E+10  5.00453E+09  9.95612E+09  1.21302E+10  6.13047E+10  2.38632E+09  7.49709E+09  9.09233E+09  8.81548E+09
 0.200  41.500   2.947  2.52051E+11  1.53456E+10  1.57039E+10  1.93902E+10  2.21002E+11  2.56667E+09  1.06844E+10  1.31712E+10  2.09427E+10  4.19527E+09  1.20338E+10  1.48692E+10  5.77884E+10  2.05387E+09  9.89613E+09  1.21951E+10  1.34608E+10
 0.210  47.000   3.431  3.13250E+11  1.88914E+10  1.86773E+10  2.32368E+10  2.75682E+11  3.32136E+09  1.30270E+10  1.61855E+10  2.84464E+10  5.27021E+09  1.43259E+10  1.78305E+10  6.95302E+10  2.61449E+09  1.22899E+10  1.52591E+10  1.86549E+10
 0.220  52.750   2.848  3.84769E+11  1.94420E+10  2.42031E+10  3.01960E+10  3.41124E+11  4.93310E+09  1.97018E+10  2.44780E+10  3.55498E+10  6.41716E+09  2.09413E+10  2.60426E+10  7.18301E+10  3.32097E+09  1.74753E+10  2.17224E+10  1.79213E+10
 0.230  56.750   3.207  4.17375E+11  1.89976E+10  2.73127E+10  3.44431E+10  3.71065E+11  3.08690E+09  2.28018E+10  2.86647E+10  4.25007E+10  5.03111E+09  2.41159E+10  3.03475E+10  7.65094E+10  2.12650E+09  2.03708E+10  2.55853E+10  2.18442E+10
 0.240  60.250   3.292  4.43768E+11  1.88462E+10  3.00816E+10  3.82363E+10  3.94840E+11  3.38474E+09  2.53535E+10  3.21356E+10  4.51822E+10  5.05684E+09  2.66012E+10  3.37427E+10  7.63525E+10  2.45501E+09  2.29445E+10  2.90500E+10  2.30140E+10
 0.250  63.000   3.992  4.49793E+11  1.86027E+10  3.25961E+10  4.17436E+10  3.98594E+11  3.80684E+09  2.78967E+10  3.56359E+10  4.87434E+10  5.24887E+09  2.91014E+10  3.71929E+10  7.83326E+10  2.88505E+09  2.61903E+10  3.34572E+10  2.97189E+10
 0.260  65.750   2.814  4.54957E+11  1.87874E+10  3.48841E+10  4.49752E+10  4.01285E+11  3.00434E+09  3.03556E+10  3.90412E+10  5.14423E+10  3.63664E+09  3.14120E+10  4.04227E+10  7.87871E+10  2.14032E+09  2.60612E+10  3.35100E+10  2.01841E+10
 0.270  68.750   2.756  4.65251E+11  1.89880E+10  3.66107E+10  4.75872E+10  4.09652E+11  2.36444E+09  3.21450E+10  4.16895E+10  5.56226E+10  2.89246E+09  3.30727E+10  4.29123E+10  8.16529E+10  1.49963E+09  2.77709E+10  3.59735E+10  2.01748E+10
 0.280  72.500   2.093  4.88758E+11  1.99142E+10  3.82298E+10  4.99901E+10  4.30614E+11  2.53074E+09  3.39610E+10  4.43185E+10  6.10993E+10  3.03941E+09  3.47355E+10  4.53466E+10  8.53628E+10  1.61370E+09  2.57650E+10  3.36041E+10  1.47234E+10
 0.290  75.500   2.471  4.96512E+11  2.05845E+10  3.96784E+10  5.21743E+10  4.36249E+11  2.15527E+09  3.54655E+10  4.65565E+10  6.17746E+10  2.61087E+09  3.61507E+10  4.74705E+10  8.23003E+10  1.05930E+09  2.98716E+10  3.91525E+10  1.85128E+10
 0.300  78.500   6.430  5.02481E+11  2.13324E+10  4.05987E+10  5.37315E+10  4.40549E+11  4.08532E+09  3.65470E+10  4.83110E+10  6.79152E+10  5.03673E+09  3.72072E+10  4.91905E+10  8.79096E+10  3.42639E+09  3.59470E+10  4.75115E+10  5.47786E+10
 0.310  81.000   6.392  5.03208E+11  2.01245E+10  4.29214E+10  5.68128E+10  4.40162E+11  5.39953E+09  3.90302E+10  5.15885E+10  7.00526E+10  6.06972E+09  3.95778E+10  5.23217E+10  8.60828E+10  4.36869E+09  3.82726E+10  5.05907E+10  5.51525E+10
 0.320  83.250   5.357  4.98598E+11  1.69517E+10  4.57746E+10  6.06662E+10  4.35872E+11  4.13139E+09  4.19628E+10  5.55208E+10  7.24348E+10  4.43943E+09  4.24605E+10  5.61897E+10  8.66750E+10  3.06689E+09  4.02891E+10  5.33138E+10  4.63113E+10
 0.330  85.500   4.699  4.93495E+11  1.37140E+10  4.72467E+10  6.29447E+10  4.32534E+11  2.87354E+09  4.40140E+10  5.85718E+10  7.25754E+10  2.98002E+09  4.44754E+10  5.91925E+10  8.46428E+10  2.08761E+09  4.08598E+10  5.43667E+10  3.92108E+10
 0.340  87.500   5.373  4.87699E+11  1.14651E+10  4.78827E+10  6.41838E+10  4.28351E+11  2.17255E+09  4.42608E+10  5.92610E+10  7.37108E+10  2.28205E+09  4.46589E+10  5.98001E+10  8.41417E+10  1.59817E+09  4.21474E+10  5.64230E+10  4.43599E+10
 0.350  90.000   6.879  4.85397E+11  9.23458E+09  4.81638E+10  6.49227E+10  4.27999E+11  1.82706E+09  4.47312E+10  6.02406E+10  7.68061E+10  1.90568E+09  4.50523E+10  6.06783E+10  8.50303E+10  1.43832E+09  4.37905E+10  5.89660E+10  5.85674E+10
 0.360  93.250   6.593  4.97153E+11  8.03236E+09  4.84930E+10  6.57020E+10  4.40627E+11  1.49976E+09  4.48821E+10  6.07647E+10  7.84655E+10  1.53361E+09  4.50906E+10  6.10500E+10  8.39889E+10  1.21089E+09  4.35179E+10  5.89135E+10  5.52521E+10
 0.370  95.750   6.791  4.97955E+11  6.81091E+09  4.85508E+10  6.60601E+10  4.42593E+11  1.28624E+09  4.50135E+10  6.12134E+10  8.00050E+10  1.29744E+09  4.51541E+10  6.14062E+10  8.35351E+10  1.02751E+09  4.35580E+10  5.92280E+10  5.60724E+10
 0.380  98.250   6.224  4.99259E+11  6.07606E+09  4.85606E+10  6.63366E+10  4.44623E+11  1.12971E+09  4.51707E+10  6.16794E+10  8.20080E+10  1.13487E+09  4.52317E+10  6.17632E+10  8.34593E+10  8.72486E+08  4.28421E+10  5.84916E+10  5.06561E+10
 0.390 100.500   6.072  4.99394E+11  5.61712E+09  4.85574E+10  6.65494E+10  4.45220E+11  1.00222E+09  4.52220E+10  6.19558E+10  8.39433E+10  1.00058E+09  4.52054E+10  6.19328E+10  8.35237E+10  7.11002E+08  4.26368E+10  5.84079E+10  4.92204E+10
 0.400 102.250   5.613  4.90410E+11  5.13057E+09  4.82890E+10  6.63683E+10  4.36990E+11  9.29113E+08  4.52459E+10  6.21666E+10  8.58076E+10  9.21876E+08  4.51759E+10  6.20699E+10  8.39308E+10  6.38328E+08  4.21084E+10  5.78501E+10  4.53839E+10
 0.410 104.500   5.086  4.89052E+11  5.22315E+09  4.82812E+10  6.65227E+10  4.35548E+11  8.96864E+08  4.52406E+10  6.23171E+10  8.69902E+10  8.70658E+08  4.50589E+10  6.20662E+10  8.32291E+10  5.14940E+08  4.07701E+10  5.61565E+10  3.99318E+10
 0.420 107.750   4.682  4.95913E+11  5.52931E+09  4.83782E+10  6.68287E+10  4.42006E+11  5.70000E+08  4.53359E+10  6.26138E+10  8.95458E+10  5.28193E+08  4.50919E+10  6.22752E+10  8.30810E+10  3.35908E+08  3.95386E+10  5.45959E+10  3.60267E+10
 0.430 112.000   4.119  5.18635E+11  7.69470E+09  4.85511E+10  6.72172E+10  4.62389E+11  4.15289E+08  4.54044E+10  6.28632E+10  9.21971E+10  3.97339E+08  4.50448E+10  6.23634E+10  8.24248E+10  2.48700E+08  3.75205E+10  5.19240E+10  3.04818E+10
 0.440 117.750   3.073  5.62959E+11  1.00102E+10  5.11336E+10  7.08547E+10  5.01816E+11  3.18593E+08  4.55853E+10  6.32443E+10  9.70967E+10  2.69825E+08  4.50770E+10  6.25365E+10  8.28055E+10  1.59177E+08  3.25720E+10  4.51333E+10  2.11424E+10
 0.450 121.500  11.608  5.81831E+11  1.20944E+10  5.11457E+10  7.10078E+10  5.18591E+11  3.43952E+08  4.55898E+10  6.33575E+10  9.95526E+10  2.41224E+08  4.50067E+10  6.25444E+10  8.25541E+10  3.19121E+08  4.54639E+10  6.31818E+10  9.53736E+10
 0.460 124.750  11.308  5.93576E+11  1.28036E+10  5.12116E+10  7.11937E+10  5.29561E+11  4.85526E+08  4.56040E+10  6.34708E+10  1.02788E+11  3.35869E+08  4.49560E+10  6.25663E+10  8.31239E+10  4.08581E+08  4.53389E+10  6.31008E+10  9.36834E+10
 0.470 127.750  15.609  6.02609E+11  1.28235E+10  5.13043E+10  7.14102E+10  5.38481E+11  9.73382E+08  4.57531E+10  6.37696E+10  1.09316E+11  6.35666E+08  4.49924E+10  6.27078E+10  8.54786E+10  1.32909E+09  4.63085E+10  6.45435E+10  1.32621E+11
 0.480 130.750  18.932  6.07136E+11  1.27247E+10  5.14178E+10  7.16498E+10  5.42994E+11  2.29355E+08  4.57097E+10  6.37879E+10  1.13566E+11  8.09268E+07  4.48449E+10  6.25791E+10  8.55672E+10  7.85378E+08  4.68681E+10  6.53998E+10  1.65017E+11
 0.490 133.250  15.127  6.10370E+11  1.26126E+10  5.13584E+10  7.16647E+10  5.46399E+11  1.01666E+09  4.60897E+10  6.43771E+10  1.11257E+11  4.51254E+08  4.50438E+10  6.29185E+10  8.36538E+10  1.27390E+09  4.65389E+10  6.50022E+10  1.25697E+11
 0.500 136.000  17.758  6.15741E+11  1.27216E+10  5.13490E+10  7.17363E+10  5.51670E+11  7.48541E+08  4.63512E+10  6.48059E+10  1.17523E+11  4.75882E+08  4.50612E+10  6.30038E+10  8.56329E+10  1.19144E+09  4.82505E+10  6.74291E+10  1.53227E+11
