  41
 0.100  5.50000E+00  4.43428E+09  5.88796E+01
 0.110  7.75000E+00  9.93118E+09  7.42307E+01
 0.120  1.12500E+01  2.31293E+10  9.40242E+01
 0.130  1.40000E+01  3.39455E+10  1.02108E+02
 0.140  1.72500E+01  5.15048E+10  1.13309E+02
 0.150  1.92500E+01  5.80522E+10  1.13875E+02
 0.160  2.05000E+01  5.81391E+10  1.10431E+02
 0.170  2.27500E+01  6.71755E+10  1.12681E+02
 0.180  3.20000E+01  1.58786E+11  1.46071E+02
 0.190  3.55000E+01  1.83493E+11  1.49084E+02
 0.200  4.15000E+01  2.52051E+11  1.61605E+02
 0.210  4.70000E+01  3.13250E+11  1.69290E+02
 0.220  5.27500E+01  3.84769E+11  1.77102E+02
 0.230  5.67500E+01  4.17375E+11  1.77834E+02
 0.240  6.02500E+01  4.43768E+11  1.77965E+02
 0.250  6.30000E+01  4.49793E+11  1.75215E+02
 0.260  6.57500E+01  4.54957E+11  1.72493E+02
 0.270  6.87500E+01  4.65251E+11  1.70585E+02
 0.280  7.25000E+01  4.88758E+11  1.70260E+02
 0.290  7.55000E+01  4.96512E+11  1.68161E+02
 0.300  7.85000E+01  5.02481E+11  1.65905E+02
 0.310  8.10000E+01  5.03208E+11  1.63443E+02
 0.320  8.32500E+01  4.98598E+11  1.60479E+02
 0.330  8.55000E+01  4.93495E+11  1.57541E+02
 0.340  8.75000E+01  4.87699E+11  1.54813E+02
 0.350  9.00000E+01  4.85397E+11  1.52287E+02
 0.360  9.32500E+01  4.97153E+11  1.51410E+02
 0.370  9.57500E+01  4.97955E+11  1.49541E+02
 0.380  9.82500E+01  4.99259E+11  1.47819E+02
 0.390  1.00500E+02  4.99394E+11  1.46175E+02
 0.400  1.02250E+02  4.90410E+11  1.43609E+02
 0.410  1.04500E+02  4.89052E+11  1.41858E+02
 0.420  1.07750E+02  4.95913E+11  1.40679E+02
 0.430  1.12000E+02  5.18635E+11  1.41109E+02
 0.440  1.17750E+02  5.62959E+11  1.43381E+02
 0.450  1.21500E+02  5.81831E+11  1.43498E+02
 0.460  1.24750E+02  5.93576E+11  1.43038E+02
 0.470  1.27750E+02  6.02609E+11  1.42420E+02
 0.480  1.30750E+02  6.07136E+11  1.41305E+02
 0.490  1.33250E+02  6.10370E+11  1.40345E+02
 0.500  1.36000E+02  6.15741E+11  1.39529E+02
