  26
 0.100  7.50000E-01  3.58274E+07  3.07206E+07  3.52517E+07  3.38840E+07  2.15328E+07  3.52423E+08  2.81679E-01
 0.110  9.75000E-01  8.51307E+07  4.43369E+07  5.21354E+07  8.26868E+07  1.39842E+07  4.83117E+08  1.65252E-01
 0.120  1.27500E+00  1.41980E+08  1.10534E+08  1.28145E+08  1.34638E+08  6.49038E+07  8.42939E+08  7.87700E-01
 0.130  1.57500E+00  1.88764E+08  1.87717E+08  2.20642E+08  1.80409E+08  7.64466E+07  1.20725E+09  9.93555E-01
 0.140  2.02500E+00  4.75669E+08  3.09480E+08  3.65761E+08  4.57237E+08  1.01662E+08  2.32887E+09  1.46146E+00
 0.150  2.28750E+00  6.34768E+08  7.50709E+08  8.78602E+08  6.15752E+08  4.03413E+08  3.15061E+09  4.75910E+00
 0.160  2.55000E+00  6.15016E+08  1.29493E+09  1.53221E+09  5.97274E+08  5.23628E+08  3.47136E+09  5.87998E+00
 0.170  2.73750E+00  6.79954E+08  2.08852E+09  2.51222E+09  6.50105E+08  6.01293E+08  4.93733E+09  6.84789E+00
 0.180  3.22500E+00  5.87076E+08  2.68589E+09  3.26760E+09  5.59096E+08  6.01031E+08  5.82691E+09  6.35094E+00
 0.190  4.50000E+00  7.30579E+08  3.19437E+09  3.94658E+09  6.60986E+08  4.32085E+08  9.40344E+09  4.47421E+00
 0.200  5.10000E+00  2.29917E+09  8.00657E+09  9.82934E+09  2.09981E+09  1.81335E+09  1.89737E+10  2.05949E+01
 0.210  5.70000E+00  2.73384E+09  9.05919E+09  1.12919E+10  2.50639E+09  1.03824E+09  2.27517E+10  1.16604E+01
 0.220  6.82500E+00  2.62623E+09  1.04681E+10  1.31979E+10  2.35283E+09  8.87203E+08  2.85679E+10  9.10371E+00
 0.230  8.43750E+00  3.28774E+09  1.21841E+10  1.55023E+10  2.84307E+09  7.83734E+08  4.57385E+10  8.64102E+00
 0.240  9.41250E+00  6.66051E+09  1.85401E+10  2.34484E+10  5.70379E+09  2.55754E+09  6.49840E+10  2.58296E+01
 0.250  1.03500E+01  1.21279E+10  2.79201E+10  3.51369E+10  1.07371E+10  4.32649E+09  9.21545E+10  4.98907E+01
 0.260  1.12500E+01  1.03072E+10  3.16141E+10  3.99249E+10  9.04916E+09  4.64674E+09  9.57443E+10  4.62456E+01
 0.270  1.19625E+01  1.22777E+10  3.63926E+10  4.64221E+10  1.08507E+10  2.98429E+09  1.06270E+11  3.29711E+01
 0.280  1.26750E+01  1.32829E+10  4.81258E+10  6.17065E+10  1.17283E+10  4.82780E+09  1.36224E+11  5.89102E+01
 0.290  1.33875E+01  8.76146E+09  4.98092E+10  6.43197E+10  7.56752E+09  3.20838E+09  1.22083E+11  3.19168E+01
 0.300  1.39500E+01  9.25126E+09  5.29751E+10  6.91203E+10  7.95719E+09  1.95791E+09  1.31317E+11  1.98251E+01
 0.310  1.45500E+01  1.02472E+10  5.66051E+10  7.44694E+10  8.82667E+09  1.74402E+09  1.39986E+11  1.77981E+01
 0.320  1.50375E+01  1.53246E+10  5.94062E+10  7.84461E+10  1.34588E+10  2.43692E+09  1.45130E+11  3.21723E+01
 0.330  1.56375E+01  1.50312E+10  6.38858E+10  8.44520E+10  1.29671E+10  3.28727E+09  1.53755E+11  3.78128E+01
 0.340  1.61250E+01  1.32781E+10  6.85589E+10  9.08265E+10  1.15206E+10  3.17903E+09  1.63372E+11  3.62455E+01
 0.350  1.71750E+01  1.24709E+10  7.26095E+10  9.65475E+10  1.07959E+10  2.91203E+09  1.77209E+11  3.06513E+01
