  26
 0.100  5.00000E+00  3.32779E+09  5.34968E+01
 0.110  6.50000E+00  5.88499E+09  6.23951E+01
 0.120  8.50000E+00  1.00486E+10  7.12979E+01
 0.130  1.05000E+01  1.44336E+10  7.68825E+01
 0.140  1.35000E+01  2.53066E+10  8.97809E+01
 0.150  1.52500E+01  2.92713E+10  9.08490E+01
 0.160  1.70000E+01  3.31665E+10  9.15924E+01
 0.170  1.82500E+01  3.39200E+10  8.93986E+01
 0.180  2.15000E+01  4.72312E+10  9.71918E+01
 0.190  3.00000E+01  1.09008E+11  1.24998E+02
 0.200  3.40000E+01  1.35413E+11  1.30866E+02
 0.210  3.80000E+01  1.62479E+11  1.35594E+02
 0.220  4.55000E+01  2.45939E+11  1.52455E+02
 0.230  5.62500E+01  3.98616E+11  1.74562E+02
 0.240  6.27500E+01  4.97378E+11  1.84617E+02
 0.250  6.90000E+01  5.81841E+11  1.90420E+02
 0.260  7.50000E+01  6.72267E+11  1.96324E+02
 0.270  7.97500E+01  7.20598E+11  1.97113E+02
 0.280  8.45000E+01  7.72959E+11  1.98328E+02
 0.290  8.92500E+01  8.15194E+11  1.98180E+02
 0.300  9.30000E+01  8.40097E+11  1.97087E+02
 0.310  9.70000E+01  8.71187E+11  1.96519E+02
 0.320  1.00250E+02  8.79911E+11  1.94272E+02
 0.330  1.04250E+02  8.94350E+11  1.92066E+02
 0.340  1.07500E+02  9.06498E+11  1.90420E+02
 0.350  1.14500E+02  1.00392E+12  1.94169E+02
