  20
 0.100  8.25000E-01  2.59374E+07  1.23028E+07  1.39419E+07  2.46177E+07  9.21511E+06  2.16658E+08  1.17493E-01
 0.110  1.01250E+00  3.03464E+07  2.23434E+07  2.67190E+07  2.92791E+07  4.80835E+06  5.24519E+08  3.26241E-02
 0.120  1.23750E+00  1.03404E+08  5.08897E+07  5.95383E+07  9.86643E+07  2.23513E+07  8.29886E+08  3.49040E-01
 0.130  1.46250E+00  1.61515E+08  9.56211E+07  1.12679E+08  1.54203E+08  4.09816E+07  9.85272E+08  4.81366E-01
 0.140  1.65000E+00  2.03466E+08  1.81945E+08  2.15034E+08  1.92804E+08  8.16361E+07  1.49782E+09  8.09814E-01
 0.150  1.98750E+00  2.29427E+08  2.78875E+08  3.33784E+08  2.14362E+08  7.98465E+07  1.90337E+09  9.43969E-01
 0.160  2.21250E+00  2.10815E+08  3.56907E+08  4.33077E+08  1.95022E+08  7.49677E+07  2.12560E+09  8.20931E-01
 0.170  2.43750E+00  4.00971E+08  5.96534E+08  7.14648E+08  3.76199E+08  2.18598E+08  2.62359E+09  3.07572E+00
 0.180  2.81250E+00  3.65644E+08  8.41108E+08  1.02028E+09  3.40788E+08  2.07932E+08  3.25021E+09  2.15717E+00
 0.190  3.60000E+00  4.46578E+08  1.04404E+09  1.28262E+09  3.96682E+08  1.85618E+08  4.53544E+09  1.91385E+00
 0.200  4.23750E+00  1.76937E+09  2.06756E+09  2.51516E+09  1.62245E+09  5.47420E+08  1.09596E+10  7.94834E+00
 0.210  4.72500E+00  1.41951E+09  2.71154E+09  3.32409E+09  1.27808E+09  6.39194E+08  1.02915E+10  6.07076E+00
 0.220  5.36250E+00  1.70263E+09  3.43171E+09  4.24963E+09  1.52961E+09  5.15727E+08  1.29442E+10  6.07582E+00
 0.230  5.81250E+00  2.38571E+09  4.12136E+09  5.15618E+09  2.14611E+09  5.09287E+08  1.50824E+10  5.70123E+00
 0.240  6.56250E+00  2.08531E+09  4.65544E+09  5.88358E+09  1.82226E+09  4.19412E+08  1.76242E+10  4.09834E+00
 0.250  7.20000E+00  3.46921E+09  5.35371E+09  6.81522E+09  3.06772E+09  4.48818E+08  2.22555E+10  5.38525E+00
 0.260  7.65000E+00  4.14017E+09  7.92539E+09  1.01455E+10  3.66315E+09  7.90188E+08  3.19172E+10  9.87018E+00
 0.270  8.17500E+00  3.54866E+09  8.34681E+09  1.06215E+10  3.12089E+09  1.01265E+09  2.94604E+10  1.04055E+01
 0.280  8.70000E+00  2.77207E+09  8.43469E+09  1.08073E+10  2.41088E+09  7.47893E+08  2.65149E+10  8.11627E+00
 0.290  9.86250E+00  3.38832E+09  1.26701E+10  1.63406E+10  2.86423E+09  1.06605E+09  4.25987E+10  1.27296E+01
