  20
 0.100        97431  0.25669E-01  0.76750E-02  0.13986E-01 -0.31618E+02  0.78925E+01  0.34906E+02 -0.82732E+00 -0.45579E-01 -0.55987E+00   0.825   0.550
 0.110         9940 -0.67480E-02 -0.11996E-01 -0.18088E-01  0.67364E+01 -0.74055E+01 -0.11724E+02 -0.59675E+00 -0.79444E+00 -0.11292E+00   1.000   0.755
 0.120        82382 -0.18413E-02  0.38873E-02 -0.10843E-01  0.64428E+02  0.27599E+02 -0.35120E+02 -0.28382E+00 -0.81681E+00 -0.50226E+00   1.032   0.500
 0.130         1674  0.17164E-01 -0.68656E-02  0.12402E-01  0.49269E+01  0.27016E+01  0.12909E+02 -0.93227E+00  0.27160E+00  0.23896E+00   1.000   0.771
 0.140       302922  0.42937E-02  0.14312E-02  0.23854E-03 -0.14355E+02 -0.11149E+02 -0.20416E+02 -0.64204E+00 -0.73564E+00 -0.21591E+00   1.455   0.949
 0.150       363297  0.20448E-02  0.30672E-02 -0.16614E-02  0.35390E+02  0.10839E+02 -0.19564E+02 -0.67133E+00 -0.71737E+00  0.18630E+00   1.583   0.692
 0.160       274444 -0.23165E-02 -0.32703E-02  0.81758E-03 -0.13273E+02  0.10360E+02 -0.19708E+02 -0.80291E+00 -0.58161E+00  0.13065E+00   1.670   0.973
 0.170       278216  0.46323E-02  0.57904E-03 -0.28952E-03  0.17343E+02  0.53670E+02 -0.82129E+02  0.72507E+00  0.59205E+00  0.35180E+00   1.148   0.500
 0.180       371325 -0.46018E-03  0.00000E+00 -0.76696E-03 -0.15501E+02 -0.47154E+02 -0.96770E+01  0.29566E+00  0.94820E+00  0.11616E+00   2.069   0.500
 0.190       281301  0.64728E-03  0.64728E-03  0.12946E-02  0.15927E+02  0.81975E+02  0.57277E+02  0.43033E+00  0.89893E+00 -0.82144E-01   2.873   1.367
 0.200       557948  0.68149E-03 -0.34075E-03 -0.10222E-02  0.21299E+02 -0.38180E+03 -0.16692E+03  0.89137E+00 -0.44331E+00 -0.94545E-01   1.681   0.735
 0.210       523496 -0.71558E-03 -0.14312E-02 -0.23256E-02  0.70391E+02  0.71088E+01  0.53990E+02  0.72335E+00  0.37517E+00  0.57967E+00   2.934   1.221
 0.220       952031  0.93770E-03 -0.11252E-02 -0.18754E-03  0.30390E+03 -0.37116E+02  0.10680E+02  0.50835E+00  0.29951E+00  0.80739E+00   3.311   0.860
 0.230      1110729  0.97942E-03 -0.15671E-02  0.15671E-02 -0.42622E+02  0.14273E+03  0.19558E+03  0.34393E+00  0.46784E+00  0.81415E+00   4.621   1.428
 0.240      1862822  0.20455E-03 -0.28637E-02 -0.81820E-03  0.18385E+03 -0.72617E+02  0.12218E+03  0.24518E+00  0.52174E+00  0.81711E+00   4.887   1.497
 0.250       911895  0.00000E+00  0.12775E-02 -0.10646E-02  0.22817E+03 -0.11038E+03  0.13247E+03  0.26717E+00  0.43008E+00  0.86235E+00   5.706   1.386
 0.260       877647 -0.13286E-02  0.31000E-02 -0.11072E-02  0.15971E+03 -0.17852E+03  0.63832E+02  0.44031E+00  0.42399E+00  0.79143E+00   6.541   2.678
 0.270       379964 -0.23010E-02 -0.92038E-03  0.23010E-03 -0.69017E+02 -0.81284E+02 -0.34540E+02  0.56546E+00 -0.18355E-01  0.82457E+00   5.738   2.648
 0.280       819257  0.00000E+00 -0.47699E-03  0.19079E-02  0.22789E+02  0.19931E+03 -0.18349E+03  0.46629E+00 -0.18482E+00  0.86511E+00   6.821   1.383
 0.290        63778 -0.24702E-03 -0.98810E-03 -0.49405E-03 -0.20012E+03  0.71272E+02  0.42346E+02  0.26640E+00  0.14994E-01  0.96374E+00   7.534   1.376
