  20
 0.100  5.50000E+00  4.32870E+09  5.81743E+01
 0.110  6.75000E+00  6.62710E+09  6.49747E+01
 0.120  8.25000E+00  9.05682E+09  6.87061E+01
 0.130  9.75000E+00  1.19229E+10  7.25142E+01
 0.140  1.10000E+01  1.36449E+10  7.30335E+01
 0.150  1.32500E+01  1.83279E+10  7.71229E+01
 0.160  1.47500E+01  2.15809E+10  7.93182E+01
 0.170  1.62500E+01  2.40500E+10  7.97746E+01
 0.180  1.87500E+01  3.09364E+10  8.42303E+01
 0.190  2.40000E+01  5.56095E+10  9.98167E+01
 0.200  2.82500E+01  7.79622E+10  1.08935E+02
 0.210  3.15000E+01  9.43965E+10  1.13516E+02
 0.220  3.57500E+01  1.19452E+11  1.19865E+02
 0.230  3.87500E+01  1.33540E+11  1.21732E+02
 0.240  4.37500E+01  1.71030E+11  1.29653E+02
 0.250  4.80000E+01  2.00593E+11  1.34052E+02
 0.260  5.10000E+01  2.15229E+11  1.34710E+02
 0.270  5.45000E+01  2.33219E+11  1.35649E+02
 0.280  5.80000E+01  2.52609E+11  1.36850E+02
 0.290  6.57500E+01  3.27402E+11  1.46328E+02
