  20
 0.100   0.825  1.17493E-01  1.32604E-01  1.00781E-01
 0.110   1.000  3.17396E-02  3.53867E-02  5.36320E-02
 0.120   1.032  2.93748E-01  3.35351E-01  2.06315E-01
 0.130   1.000  3.24225E-01  3.51525E-01  3.08106E-01
 0.140   1.455  7.29331E-01  6.99650E-01  8.28607E-01
 0.150   1.583  8.50679E-01  8.98336E-01  8.07363E-01
 0.160   1.670  7.01595E-01  6.80117E-01  7.51014E-01
 0.170   1.148  2.79088E+00  2.95597E+00  2.15035E+00
 0.180   2.069  2.07769E+00  2.05779E+00  2.23844E+00
 0.190   2.873  1.89673E+00  1.81633E+00  2.08114E+00
 0.200   1.681  6.08151E+00  6.59944E+00  4.71892E+00
 0.210   2.934  4.83432E+00  4.54206E+00  5.75712E+00
 0.220   3.311  5.62145E+00  5.79045E+00  5.38772E+00
 0.230   4.621  4.94898E+00  5.02872E+00  5.08776E+00
 0.240   4.887  3.68719E+00  3.66952E+00  4.24644E+00
 0.250   5.706  5.06395E+00  5.15096E+00  4.74678E+00
 0.260   6.541  8.11768E+00  8.35070E+00  7.41247E+00
 0.270   5.738  9.78838E+00  9.27551E+00  1.06303E+01
 0.280   6.821  7.95210E+00  7.66744E+00  8.23348E+00
 0.290   7.534  1.18478E+01  1.19667E+01  1.12354E+01
