  20
 0.100        75110 -0.59655E-03 -0.28976E-02  0.51133E-03  0.77642E+01 -0.14250E+02  0.16995E+02  0.65426E+00  0.50180E+00  0.56581E+00   1.000   0.500
 0.110        44590 -0.13121E-02  0.18745E-02 -0.18745E-02  0.13889E+03  0.69651E+02  0.21606E+02  0.74276E+00  0.43969E+00  0.50495E+00   1.000   0.500
 0.120       100672  0.16351E-02 -0.16351E-02 -0.20439E-03 -0.23298E+02 -0.16786E+02  0.25038E+02  0.12715E+00  0.94684E+00  0.29550E+00   1.000   0.500
 0.130        42178  0.55351E-03 -0.28783E-02  0.88562E-03  0.79466E+02 -0.16478E+02 -0.42281E+02 -0.38722E+00  0.90117E+00  0.19480E+00   1.000   0.500
 0.140        50222  0.00000E+00  0.00000E+00 -0.23843E-03 -0.58268E+02 -0.12102E+02  0.41981E+02 -0.47050E+00  0.82340E+00  0.31724E+00   1.561   0.500
 0.150        35945 -0.16633E-02  0.10236E-02  0.25589E-03 -0.33748E+02 -0.15921E+03  0.39493E+02 -0.57019E-01  0.97285E+00  0.22431E+00   1.978   0.978
 0.160       276388 -0.13640E-03 -0.81842E-03  0.27281E-03  0.17649E+02  0.15702E+03  0.27999E+03 -0.66442E+00  0.71412E+00 -0.22042E+00   1.254   0.500
 0.170        47275 -0.17381E-02  0.57938E-03  0.11588E-02 -0.42514E+03 -0.50158E+02  0.19633E+03 -0.66017E+00  0.32794E+00 -0.67574E+00   1.363   0.500
 0.180      1027807 -0.12269E-02  0.12269E-02 -0.92021E-03 -0.15258E+03  0.15857E+03 -0.21673E+03 -0.80289E-01  0.38929E-01 -0.99601E+00   2.723   0.500
 0.190       131918 -0.80939E-03 -0.64751E-03  0.19425E-02 -0.13731E+03  0.17701E+03 -0.24831E+03  0.11352E+00  0.46652E+00 -0.87720E+00   2.783   0.546
 0.200       930885  0.68167E-03  0.13633E-02  0.34083E-03  0.53423E+02 -0.26248E+03  0.81465E+02  0.26753E+00  0.56967E+00 -0.77712E+00   3.730   1.044
 0.210       199344 -0.17899E-03  0.35797E-03 -0.71594E-03 -0.28871E+03 -0.11251E+03 -0.30308E+03  0.11829E+00  0.45626E+00 -0.88195E+00   2.067   0.500
 0.220        93884  0.37497E-03  0.29997E-02 -0.37497E-03 -0.94069E+02  0.13626E+02  0.40312E+02 -0.18256E+00  0.47070E+00 -0.86320E+00   2.279   0.544
 0.230      1091251  0.78372E-03 -0.39186E-03 -0.78372E-03 -0.24369E+03 -0.11020E+03 -0.19164E+03 -0.89218E+00  0.24554E+00 -0.37911E+00   2.839   0.796
 0.240      1051069 -0.81820E-03 -0.81820E-03 -0.81820E-03 -0.17961E+03  0.33598E+02 -0.30560E+03 -0.99639E+00  0.39692E-02 -0.84839E-01   3.060   0.500
 0.250       605108 -0.14903E-02 -0.42580E-03  0.42580E-03 -0.23588E+03  0.29450E+03  0.23614E+03 -0.98634E+00 -0.43093E-01 -0.15897E+00   3.192   0.951
 0.260      2499043 -0.88601E-03  0.44301E-03  0.44301E-03  0.47081E+03 -0.10201E+03  0.19679E+03 -0.88767E+00 -0.21286E+00 -0.40833E+00   3.596   0.832
 0.270       255978  0.92018E-03 -0.13803E-02 -0.46009E-03 -0.28223E+03 -0.58163E+03  0.26392E+03 -0.91687E+00 -0.24421E+00 -0.31578E+00   2.304   0.500
 0.280      2320070  0.14311E-02 -0.95409E-03 -0.14311E-02  0.16692E+03  0.55328E+03  0.29337E+03 -0.90829E+00 -0.17905E+00 -0.37809E+00   3.691   0.679
 0.290      1481086 -0.12356E-02 -0.98845E-03  0.49423E-03 -0.28304E+03 -0.37710E+03 -0.73665E+03 -0.91817E+00 -0.33702E+00 -0.20827E+00   4.552   0.708
