  20
 0.100  1.65962E+08  2.49982E+08  2.85648E+08  1.61330E+08  1.70438E+08  9.23500E+08  2.00143E+00
 0.110  1.32544E+08  3.60723E+08  4.23621E+08  1.29045E+08  1.44243E+08  1.05611E+09  1.37756E+00
 0.120  2.31885E+08  4.89770E+08  5.81691E+08  2.27483E+08  1.39035E+08  1.25190E+09  1.81570E+00
 0.130  3.40483E+08  7.82402E+08  9.26678E+08  3.34002E+08  3.09631E+08  1.42408E+09  3.80499E+00
 0.140  2.60110E+08  1.05113E+09  1.26220E+09  2.55783E+08  2.92358E+08  1.41560E+09  2.83876E+00
 0.150  2.50145E+08  1.24187E+09  1.51209E+09  2.42927E+08  2.12795E+08  1.81665E+09  2.26075E+00
 0.160  1.29201E+09  3.52239E+09  4.18162E+09  1.27708E+09  1.52764E+09  2.82994E+09  1.82723E+01
 0.170  8.83769E+08  5.20601E+09  6.26391E+09  8.75396E+08  1.55507E+09  3.13839E+09  1.63073E+01
 0.180  4.73374E+08  6.11679E+09  7.50208E+09  4.65260E+08  8.90205E+08  3.37209E+09  9.01806E+00
 0.190  4.74681E+08  6.97485E+09  8.65371E+09  4.68718E+08  8.61716E+08  3.50644E+09  8.92566E+00
 0.200  2.95083E+08  7.17383E+09  9.04787E+09  2.89069E+08  3.37732E+08  3.48732E+09  3.00896E+00
 0.210  2.33271E+09  9.21184E+09  1.14907E+10  2.31542E+09  1.69588E+09  4.21744E+09  2.79832E+01
 0.220  1.55610E+09  1.52649E+10  1.89817E+10  1.54375E+09  2.76896E+09  5.28552E+09  2.64985E+01
 0.230  7.02965E+08  1.52536E+10  1.92639E+10  6.94803E+08  1.19309E+09  4.91489E+09  1.09565E+01
 0.240  9.52884E+08  1.76948E+10  2.25655E+10  9.41758E+08  1.16982E+09  5.40632E+09  1.45734E+01
 0.250  5.50587E+08  1.85644E+10  2.38982E+10  5.43465E+08  8.45187E+08  5.45404E+09  8.45720E+00
 0.260  5.30819E+08  1.93225E+10  2.50910E+10  5.24578E+08  6.45691E+08  5.55979E+09  7.18520E+00
 0.270  7.06382E+08  2.03422E+10  2.65717E+10  6.97617E+08  7.80237E+08  5.94987E+09  8.80470E+00
 0.280  3.17777E+08  2.08402E+10  2.73997E+10  3.13207E+08  5.14695E+08  5.77437E+09  4.87345E+00
 0.290  2.18368E+08  2.10156E+10  2.78368E+10  2.14668E+08  2.69393E+08  5.83639E+09  2.83783E+00
