  43
 0.140  4.83855E-02  2.08487E-01  7.37357E-03  1.59776E+01 -2.75705E+01 -2.16291E+01 -1.24789E-01  3.94934E-01 -9.10195E-01  3.25176E+01   1.184   0.580  5.95377E+07  5.96848E+07  4.70180E+06  0.00000E+00  5.98596E+07  4.22486E-02  1.25359E+02   7.293   7.278
 0.150 -8.56655E-02 -3.86753E-01 -4.49209E-02  1.61007E+00 -1.42930E+01  1.49538E+01 -2.21694E-01  6.43676E-01 -7.32484E-01  2.31780E+01   1.580   0.896  6.08648E+07  5.95488E+07  5.00557E+06  6.78350E+05  6.84228E+07  2.60690E-02  1.86956E+02   7.349   7.279
 0.160 -3.69857E-01 -1.76238E-01  7.09938E-02 -2.42226E+01 -6.93732E+00 -6.59728E+01  4.41088E-01 -8.93791E-01 -8.11173E-02  6.85329E+01   1.860   1.036  1.85941E+08  1.81297E+08  3.96494E+06  7.95073E+05  1.05835E+08  2.32983E-02  2.36745E+02   7.168   7.251
 0.170  1.17630E-01  2.04417E-02  6.81171E-02 -6.34175E+01 -2.52936E+01 -8.83205E+00  6.61097E-01 -4.83069E-01  5.74103E-01  2.29117E+01   1.808   1.326  1.09910E+08  9.84464E+07  4.78834E+06  7.95443E+05  1.19137E+08  4.92887E-03  3.25368E+02   7.302   7.346
 0.180 -2.25952E-02 -2.20083E-01  3.37007E-01 -2.82539E+01  6.33000E+00 -4.84772E+01  3.04795E-01 -8.06663E-01 -5.06355E-01  7.21822E+01   2.323   0.908  1.64652E+08  1.59161E+08  1.09343E+07  1.72356E+06  1.59542E+08  6.24613E-02  2.75762E+02   7.184   7.283
 0.190 -4.17231E-01 -3.40556E-02 -1.15549E-01 -3.73362E+01 -2.25764E+01 -2.93210E+01 -4.64093E-01 -8.23556E-01  3.26149E-01  4.55687E+01   2.235   1.558  2.68090E+08  2.52264E+08  9.94777E+06  2.21643E+06  1.90802E+08  3.11564E-02  4.39815E+02   7.298   7.294
 0.200 -2.35985E-01 -7.68750E-03  4.36538E-02 -8.79602E+00 -2.91587E+01  2.27342E+00 -3.74038E-01  5.91343E-01  7.14429E-01  1.93716E+01   2.156   1.207  2.16096E+08  2.05563E+08  1.13999E+07  2.01853E+06  1.86812E+08  6.61199E-02  3.93977E+02   7.475   7.364
 0.210 -1.90994E-01 -1.63226E-01  1.56737E-02  1.14518E+01 -2.24570E+01 -1.87272E+01  7.93910E-01  1.68415E-01  5.84246E-01  3.38404E+01   2.213   1.573  2.28172E+08  2.16055E+08  1.25962E+07  1.68305E+06  1.34185E+08  8.80464E-02  3.40827E+02   7.508   7.405
 0.220  3.31178E-01 -7.32261E-01  7.04071E-01  1.60042E+01 -1.61790E+01  1.73117E+01 -1.32360E-01  2.01028E-02  9.90998E-01  4.26947E+01   3.470   2.225  4.76290E+08  4.32946E+08  2.30963E+07  2.97413E+06  3.59573E+08  8.08301E-02  3.54958E+02   7.549   7.458
 0.230 -5.34373E-01 -3.08267E-01 -3.02442E-01  7.89590E+00 -4.77915E+01 -1.31039E+01 -6.22491E-01  3.09836E-02  7.82013E-01  7.72618E+01   3.943   1.834  5.65649E+08  5.17871E+08  3.48310E+07  6.91436E+06  4.72807E+08  4.09869E-02  4.82465E+02   7.468   7.472
 0.240 -3.41947E-01  5.64074E-01 -5.03527E-01 -5.42300E+00 -4.19286E+01 -2.00025E+01 -8.45351E-01 -2.37844E-01  4.78343E-01  9.16195E+01   4.026   2.733  4.65724E+08  4.12899E+08  4.89666E+07  6.81056E+06  5.49461E+08  2.42153E-01  3.97430E+02   7.755   7.508
 0.250  2.58164E-01 -5.54249E-01 -4.22540E-03  1.51087E+01 -5.59165E+01 -1.34442E+01 -8.08784E-01 -1.94375E-01 -5.55055E-01  8.83407E+01   4.537   2.293  7.89490E+08  7.17539E+08  3.83999E+07  4.40789E+06  3.81272E+08  1.98610E-01  3.81173E+02   7.552   7.523
 0.260 -4.25766E-01 -2.63864E-01  5.63748E-02  1.34820E+00 -1.03584E+01  1.08154E+01 -9.86698E-01 -5.48783E-02 -1.53018E-01  4.17535E+01   2.959   2.127  5.13431E+08  4.89077E+08  5.25779E+07  4.84095E+06  3.30890E+08  1.48034E-01  4.21413E+02   7.713   7.576
 0.270 -1.25037E-01 -5.12649E-01 -2.80218E-01 -6.38720E-01  2.17208E+01  1.17153E+01 -8.64560E-01 -2.10898E-01  4.56134E-01  4.54047E+01   4.265   1.586  4.46807E+08  4.13527E+08  6.74269E+07  8.44478E+06  5.36159E+08  1.64370E-01  5.75740E+02   7.843   7.623
 0.280 -6.43327E-01 -5.63149E-01 -1.07676E-01  1.20218E+01 -2.47329E+01 -9.10757E+00 -3.13389E-01 -5.60483E-01  7.66581E-01  1.63870E+02   4.917   2.915  5.46168E+08  4.77141E+08  5.67996E+07  8.86863E+06  5.37073E+08  8.56993E-02  7.24029E+02   7.768   7.620
 0.290  8.24092E-01 -1.68116E+00 -4.08383E-01  1.46901E+00  7.83134E+00 -8.74685E+00 -3.09624E-02 -5.97937E-01  8.00945E-01  1.30823E+02   5.192   3.593  7.54821E+08  6.68886E+08  6.53492E+07  7.49375E+06  5.82550E+08  1.88031E-01  6.56726E+02   7.738   7.656
 0.300 -5.79056E-01  1.30927E-01 -7.62334E-02 -1.48805E+01  2.60132E+01  3.13535E+00 -4.04472E-01 -6.91973E-01  5.97977E-01  8.15122E+01   4.375   2.240  1.00164E+09  9.43732E+08  8.87488E+07  9.84868E+06  4.85195E+08  2.76855E-01  6.11441E+02   7.704   7.669
 0.310 -1.12792E-01 -1.16221E+00  4.17326E-01  1.61373E+01  3.12888E+01 -1.04638E+01 -3.55408E-01  2.52805E-01  8.99875E-01  1.04366E+02   5.022   3.046  7.00898E+08  6.40529E+08  8.61174E+07  9.26568E+06  6.24618E+08  1.03416E-01  8.49013E+02   7.799   7.689
 0.320 -4.13429E-02  1.04088E-01 -2.87125E-01  2.46052E+01  4.37372E+00  9.63140E+00 -2.05784E-01  6.35885E-01  7.43844E-01  1.96095E+02   7.925   5.193  1.13692E+09  9.22718E+08  1.01645E+08  1.24843E+07  1.16194E+09  1.15683E-01  9.33127E+02   7.710   7.677
 0.330  1.26779E+00  7.33096E-01  9.78423E-01  2.03967E+01 -1.55969E+00 -1.50144E+00  3.32306E-01  8.92596E-01 -3.04704E-01  1.29111E+02   5.661   4.130  1.21939E+09  1.07912E+09  8.60612E+07  8.89792E+06  7.03682E+08  2.93193E-01  9.28536E+02   7.754   7.735
 0.340  4.50879E-01  1.56689E+00  1.11474E+00  1.28483E+00  1.60606E+01 -2.47956E+01 -3.64147E-01  3.52483E-01 -8.62063E-01  1.91237E+02   9.337   6.371  2.58017E+09  2.15909E+09  8.07435E+07  9.94721E+06  1.44345E+09  1.45333E-02  1.05463E+03   7.661   7.726
 0.350 -9.72902E-02  1.27676E+00 -7.20752E-01 -7.62364E+00 -5.01254E+00  6.07604E+00  5.58783E-01  8.04126E-01  2.02838E-01  9.15827E+01   7.435   5.564  1.89300E+09  1.61878E+09  9.21837E+07  1.27567E+07  1.04605E+09  1.60589E-01  1.14873E+03   7.917   7.733
 0.360  1.45273E+00  2.04160E+00  3.72236E-01 -4.98777E+01 -9.13452E+01 -2.03599E+01 -7.60779E-02  5.51878E-02 -9.95573E-01  2.78806E+02   9.694   5.983  4.12428E+09  3.71852E+09  1.89776E+08  6.41293E+07  2.90934E+09  1.48517E-01  1.04098E+03   7.727   7.708
 0.370 -1.42457E+00 -1.69500E+00 -9.83274E-01 -1.11844E+01 -1.65114E+01  3.41804E+01 -4.92907E-01  7.79985E-01 -3.85573E-01  4.78836E+02   9.900   6.411  6.10696E+09  5.57660E+09  3.26221E+08  7.28131E+07  3.32420E+09  2.14940E+00  6.72134E+02   7.912   7.818
 0.380 -1.53132E+00  6.29373E-01  3.86535E-01  3.35657E+01  3.73436E+01  3.28100E+01 -8.70751E-02  6.49099E-01 -7.55704E-01  5.16315E+02  11.289   6.556  6.62537E+09  5.88820E+09  5.11914E+08  1.19740E+08  4.24820E+09  1.46102E+00  6.83882E+02   7.911   7.817
 0.390  5.72182E-01  1.08030E+00  1.16837E+00  9.57807E+00 -3.06092E+01  1.64051E+01  1.76105E-01  8.18979E-01 -5.46133E-01  5.27524E+02  10.835   5.496  8.94600E+09  8.31985E+09  6.62927E+08  1.07655E+08  3.89677E+09  2.58712E+00  6.35140E+02   7.925   7.863
 0.400 -1.85120E-01  1.44875E-01  3.20837E-02 -1.45078E+01 -1.10211E+01 -1.63645E+01 -9.69243E-02  9.22673E-01 -3.73203E-01  5.58448E+02  10.915   5.443  1.02769E+10  9.66717E+09  1.20107E+09  9.03829E+07  4.01949E+09  6.24466E+00  4.06774E+02   8.067   7.954
 0.410 -6.48099E-01 -8.59366E-01 -1.53411E+00 -2.04117E+01 -2.99900E+01  2.12224E+01 -4.32535E-01  8.16970E-01 -3.81410E-01  5.61151E+02  12.392   7.994  1.01368E+10  9.53950E+09  1.23026E+09  1.01500E+08  4.93076E+09  3.38369E+00  4.58042E+02   8.096   8.199
 0.420  5.77468E-01 -1.83127E-01  9.70517E-01  2.35989E+01  1.72518E+01 -2.41911E+01 -6.22086E-01  7.56677E-01 -2.01120E-01  5.59794E+02  10.694   4.840  9.75662E+09  1.01105E+10  2.78063E+09  2.05205E+08  6.47631E+09  1.34930E+01  3.64454E+02   8.178   8.287
 0.430  5.34145E-01  8.51618E-01 -1.85887E+00 -1.40969E+01 -1.29575E+01 -3.75295E+00 -5.94520E-01  7.89724E-01 -1.51270E-01  6.70643E+02  12.712   5.883  1.00979E+10  9.97599E+09  3.32954E+09  1.35076E+08  4.99420E+09  9.88114E+00  3.69691E+02   8.210   8.358
 0.440 -2.99074E-01 -1.73540E-01  9.46711E-01  1.06603E+01  1.03493E+01  3.75841E+00 -5.05815E-01  8.55583E-01 -1.10127E-01  6.28605E+02   8.107   2.692  9.58245E+09  1.08766E+10  5.26777E+09  1.02994E+08  2.27882E+09  2.75247E+01  3.18877E+02   8.311   8.408
 0.450 -1.04051E+00 -2.18585E-02 -2.03902E-01  1.61567E+01  1.37498E+01 -1.99150E+00 -7.18178E-01  6.66726E-01 -1.99238E-01  6.47226E+02  11.844   5.826  8.14371E+09  8.40850E+09  5.72202E+09  3.05076E+08  4.12191E+09  9.98135E+00  3.97791E+02   8.355   8.346
 0.460 -1.08800E+00 -6.21239E-01  5.33121E-01  2.89923E+01  9.19029E+00  2.25412E+01 -6.25583E-01  7.63720E-01 -1.59303E-01  7.69852E+02  10.741   3.804  7.54834E+09  7.70790E+09  7.19145E+09  3.09959E+08  3.34839E+09  7.79855E+00  4.96059E+02   8.368   8.388
 0.470 -9.80889E-01 -4.61100E-01  7.35399E-01  4.32240E+01  2.01209E+01 -9.44299E+00 -5.10722E-01  8.57879E-01 -5.66371E-02  8.28921E+02  10.115   2.690  5.79884E+09  6.10158E+09  8.16867E+09  2.22411E+08  2.98017E+09  7.54576E+00  5.72624E+02   8.396   8.413
 0.480 -1.30428E+00 -4.08509E-01 -1.58613E-02  5.22756E+01  3.43912E+01  1.75014E+01 -3.57824E-01  9.24481E-01 -1.31518E-01  8.15153E+02  11.226   4.727  5.89176E+09  5.76172E+09  8.98759E+09  3.75315E+08  4.13156E+09  4.44247E+00  6.95590E+02   8.397   8.397
 0.490 -1.27548E-01  7.35704E-01 -1.68692E+00  1.70542E+01  8.73665E+00  4.70951E+01  1.02017E-01  9.90410E-01 -9.31719E-02  7.71995E+02  12.463   5.818  6.93148E+09  6.51468E+09  7.48682E+09  4.18478E+08  5.03186E+09  2.21917E+00  8.33157E+02   8.355   8.391
 0.500  5.97321E-01  5.41019E-01 -4.54413E-01 -4.55005E+00 -2.58783E+01  5.46538E+01  6.87675E-01  6.72787E-01 -2.72876E-01  5.37482E+02  11.757   6.521  7.97698E+09  7.36986E+09  2.58703E+09  2.22100E+08  4.87107E+09  2.24081E+00  1.20514E+03   8.363   8.360
 0.510 -1.08206E-01 -4.00682E-01  5.55874E-02 -3.37135E+01  3.75067E+01 -1.96424E+01  3.30107E-01  8.20295E-01 -4.67061E-01  2.51555E+02   6.582   4.550  4.51159E+09  4.54757E+09  5.42072E+09  1.21196E+08  2.16908E+09  5.49679E+00  1.05570E+03   8.487   8.422
 0.520 -3.73785E-01 -5.05550E-02 -1.65835E-02  5.71564E+00 -5.26459E+00 -6.53605E+00  2.03493E-02  9.89122E-01 -1.45686E-01  2.93108E+02   8.810   3.423  4.71728E+09  5.55142E+09  9.76753E+09  2.21523E+08  2.66624E+09  1.18220E+01  9.58282E+02   8.505   8.496
 0.530 -1.70447E-01 -9.56074E-02 -1.03868E-01  2.03426E+01 -1.44799E-01  2.85777E+00  1.11479E-02  8.65082E-01 -5.01507E-01  2.86682E+02   5.555   2.368  3.98354E+09  5.68647E+09  8.60148E+09  1.16846E+08  1.47828E+09  2.19990E+01  8.41456E+02   8.592   8.540
 0.540  1.21586E-01  3.89831E-01 -7.41515E-02  2.94928E+00 -1.08603E+01 -5.16262E+00  2.31717E-01  6.26405E-01 -7.44261E-01  4.02001E+02   7.875   4.183  6.35096E+09  6.81006E+09  7.65755E+09  2.13799E+08  2.74157E+09  1.17685E+01  9.29644E+02   8.471   8.556
 0.550 -5.55633E-01 -2.87698E-01 -3.29070E-01  6.19185E+00  1.14614E+01  2.92712E+01  2.25256E-01  7.43396E-01 -6.29779E-01  3.86865E+02   5.388   1.424  5.46106E+09  8.45418E+09  1.23080E+10  1.23210E+08  1.57929E+09  4.03273E+01  7.27292E+02   8.582   8.592
 0.560 -3.08482E-01  5.61357E-02  5.52716E-02  5.42023E+00 -2.15100E+00 -3.44710E+00  1.04149E-01  7.44510E-01 -6.59437E-01  3.52077E+02   5.310   0.937  3.57494E+09  5.92743E+09  1.35263E+10  2.19795E+08  1.21723E+09  3.31551E+01  6.98591E+02   8.715   8.635
