  43
 0.140  1.42500E+00  8.08764E+07  3.32730E+07  4.00044E+07  7.62794E+07  7.22324E+06  1.04979E+09  1.03806E-01
 0.150  1.83750E+00  8.27119E+07  4.72194E+07  5.73536E+07  7.75009E+07  1.06256E+07  1.34626E+09  9.70093E-02
 0.160  2.13750E+00  2.38801E+08  5.94199E+07  7.28570E+07  2.29916E+08  8.10464E+06  2.00288E+09  1.08407E-01
 0.170  2.43750E+00  1.70912E+08  8.01892E+07  9.79815E+07  1.49832E+08  2.12898E+07  2.32987E+09  2.16347E-01
 0.180  2.70000E+00  2.24355E+08  9.80905E+07  1.21280E+08  2.06487E+08  1.18835E+07  2.89429E+09  1.81287E-01
 0.190  2.92500E+00  3.86780E+08  1.22826E+08  1.50869E+08  3.54335E+08  2.74436E+07  2.87534E+09  4.15489E-01
 0.200  3.15000E+00  3.45487E+08  1.67370E+08  2.05453E+08  3.13671E+08  4.25521E+07  3.21920E+09  4.80052E-01
 0.210  3.60000E+00  3.92983E+08  2.16435E+08  2.68954E+08  3.45894E+08  2.89254E+07  4.12382E+09  3.55410E-01
 0.220  3.97500E+00  6.11123E+08  2.77446E+08  3.46092E+08  5.38127E+08  4.34219E+07  5.74893E+09  4.47706E-01
 0.230  4.53750E+00  7.82930E+08  3.26567E+08  4.10425E+08  6.86355E+08  3.72839E+07  6.43740E+09  4.56395E-01
 0.240  4.95000E+00  6.88958E+08  4.45399E+08  5.55261E+08  5.72899E+08  9.74328E+07  8.03340E+09  1.15409E+00
 0.250  5.28750E+00  1.08802E+09  4.91443E+08  6.21077E+08  9.39688E+08  4.78426E+07  8.53265E+09  6.65288E-01
 0.260  5.55000E+00  1.03166E+09  5.84699E+08  7.39585E+08  8.83632E+08  8.31753E+07  9.04320E+09  8.66446E-01
 0.270  5.81250E+00  7.37033E+08  6.74875E+08  8.58308E+08  6.10532E+08  7.14378E+07  8.83918E+09  5.96026E-01
 0.280  5.96250E+00  7.78994E+08  7.44705E+08  9.60011E+08  6.57751E+08  3.53752E+07  9.74397E+09  3.46393E-01
 0.290  6.22500E+00  1.02141E+09  7.60780E+08  9.87383E+08  8.67476E+08  4.28892E+07  9.63323E+09  5.38414E-01
 0.300  6.93750E+00  1.72150E+09  8.76065E+08  1.13495E+09  1.46788E+09  9.07407E+07  1.15470E+10  1.20347E+00
 0.310  8.32500E+00  1.25793E+09  1.01257E+09  1.31435E+09  1.02368E+09  5.38219E+07  1.38114E+10  4.64834E-01
 0.320  9.41250E+00  1.58609E+09  1.06248E+09  1.39201E+09  1.23160E+09  3.84657E+07  1.69491E+10  3.76482E-01
 0.330  1.06500E+01  2.91788E+09  1.17303E+09  1.53523E+09  2.26094E+09  9.89450E+07  2.18099E+10  1.43481E+00
 0.340  1.13625E+01  3.44913E+09  1.24164E+09  1.63793E+09  2.79184E+09  4.77858E+07  2.40073E+10  4.67476E-01
 0.350  1.19250E+01  3.90599E+09  1.56864E+09  2.02866E+09  3.18198E+09  2.93063E+08  2.55779E+10  2.75110E+00
 0.360  1.24125E+01  5.93778E+09  2.01106E+09  2.62656E+09  5.22324E+09  9.92440E+07  3.48465E+10  1.47671E+00
 0.370  1.31250E+01  9.21391E+09  3.29161E+09  4.20335E+09  8.01325E+09  6.13611E+08  4.40611E+10  6.06013E+00
 0.380  1.38000E+01  9.28976E+09  3.94343E+09  5.08906E+09  7.92730E+09  3.78761E+08  4.64697E+10  3.64495E+00
 0.390  1.47375E+01  1.38078E+10  4.44743E+09  5.73957E+09  1.22928E+10  4.81583E+08  5.10148E+10  6.47792E+00
 0.400  1.56750E+01  1.61132E+10  6.36535E+09  8.08899E+09  1.39617E+10  1.25813E+09  6.10005E+10  1.53263E+01
 0.410  1.62000E+01  1.51691E+10  7.60390E+09  9.76601E+09  1.37063E+10  7.11553E+08  6.71534E+10  6.83495E+00
 0.420  1.68000E+01  1.87184E+10  1.05856E+10  1.34464E+10  1.61654E+10  2.19290E+09  8.38519E+10  2.23422E+01
 0.430  1.74750E+01  1.74424E+10  1.22280E+10  1.56631E+10  1.54530E+10  1.27009E+09  7.94233E+10  1.41484E+01
 0.440  1.81125E+01  1.96546E+10  1.51129E+10  1.92993E+10  1.72738E+10  2.30314E+09  7.55973E+10  3.16981E+01
 0.450  1.89750E+01  1.48088E+10  1.75344E+10  2.26307E+10  1.28396E+10  1.40501E+09  8.21631E+10  1.30054E+01
 0.460  2.01750E+01  1.38729E+10  1.83537E+10  2.40356E+10  1.24227E+10  7.39440E+08  8.53394E+10  8.74956E+00
 0.470  2.23500E+01  1.30715E+10  1.96787E+10  2.59750E+10  1.11558E+10  8.20852E+08  9.77645E+10  8.25028E+00
 0.480  2.34750E+01  1.27279E+10  2.02744E+10  2.70380E+10  1.10045E+10  4.31539E+08  1.06609E+11  4.83393E+00
 0.490  2.43750E+01  1.36182E+10  2.06660E+10  2.78002E+10  1.18303E+10  3.56339E+08  1.16849E+11  3.77305E+00
 0.500  2.52375E+01  1.87344E+10  3.13959E+10  4.24549E+10  1.60547E+10  1.32331E+09  1.95878E+11  1.55709E+01
 0.510  2.59125E+01  1.62630E+10  2.42451E+10  3.25375E+10  1.37864E+10  1.62090E+09  1.61431E+11  1.81555E+01
 0.520  2.66625E+01  1.78091E+10  2.64523E+10  3.54541E+10  1.54127E+10  1.57585E+09  1.34714E+11  1.49187E+01
 0.530  2.73750E+01  1.92205E+10  2.98626E+10  3.98220E+10  1.58997E+10  2.71083E+09  1.28690E+11  2.89877E+01
 0.540  2.82750E+01  2.15540E+10  3.34180E+10  4.48520E+10  1.88055E+10  1.55698E+09  1.72769E+11  1.89827E+01
 0.550  2.92500E+01  2.12503E+10  4.91152E+10  6.57024E+10  1.75187E+10  4.58561E+09  2.29380E+11  5.38554E+01
 0.560  2.99625E+01  1.89089E+10  5.26090E+10  7.03824E+10  1.54940E+10  3.12132E+09  2.18494E+11  3.99452E+01
