  43
 0.140   1.184  9.61556E-02  1.12661E-01  7.09400E-02
 0.150   1.580  9.25512E-02  9.68242E-02  1.10184E-01
 0.160   1.860  9.40465E-02  1.12866E-01  8.21182E-02
 0.170   1.808  1.67661E-01  1.57633E-01  2.07106E-01
 0.180   2.323  1.62111E-01  1.82040E-01  1.16188E-01
 0.190   2.235  2.89213E-01  3.20713E-01  2.15510E-01
 0.200   2.156  4.19218E-01  4.21025E-01  4.11345E-01
 0.210   2.213  2.94949E-01  3.30928E-01  2.72768E-01
 0.220   3.470  4.41756E-01  4.50181E-01  4.66680E-01
 0.230   3.943  3.81397E-01  4.34019E-01  3.58021E-01
 0.240   4.026  1.10086E+00  1.03551E+00  1.02609E+00
 0.250   4.537  6.11811E-01  6.47002E-01  4.73233E-01
 0.260   2.959  7.97694E-01  8.19567E-01  7.84745E-01
 0.270   4.265  5.94830E-01  5.47958E-01  8.20172E-01
 0.280   4.917  3.40249E-01  2.95495E-01  3.89054E-01
 0.290   5.192  3.81503E-01  3.59336E-01  3.73733E-01
 0.300   4.375  1.07918E+00  1.13891E+00  8.64866E-01
 0.310   5.022  4.60540E-01  4.64332E-01  6.43897E-01
 0.320   7.925  3.76445E-01  3.19333E-01  4.48480E-01
 0.330   5.661  1.31093E+00  1.35093E+00  1.01864E+00
 0.340   9.337  4.51624E-01  4.66234E-01  5.07994E-01
 0.350   7.435  2.63900E+00  2.37245E+00  3.08302E+00
 0.360   9.694  1.12527E+00  1.30909E+00  8.15960E-01
 0.370   9.900  5.48864E+00  4.94803E+00  6.29943E+00
 0.380  11.289  3.50315E+00  3.34294E+00  3.98425E+00
 0.390  10.835  5.95899E+00  6.18197E+00  5.01913E+00
 0.400  10.915  1.51480E+01  1.53880E+01  1.40970E+01
 0.410  12.392  6.70617E+00  6.65546E+00  7.66182E+00
 0.420  10.694  2.14790E+01  1.97796E+01  2.38919E+01
 0.430  12.712  1.31118E+01  1.33159E+01  1.33624E+01
 0.440   8.107  3.08135E+01  3.21575E+01  2.54637E+01
 0.450  11.844  1.26407E+01  1.14503E+01  1.56189E+01
 0.460  10.741  8.52409E+00  8.53566E+00  8.51575E+00
 0.470  10.115  8.08067E+00  7.69719E+00  8.71126E+00
 0.480  11.226  4.82568E+00  4.79440E+00  4.86060E+00
 0.490  12.463  3.73487E+00  3.63065E+00  3.81881E+00
 0.500  11.757  1.28673E+01  1.17237E+01  1.24707E+01
 0.510   6.582  1.71747E+01  1.66957E+01  1.66778E+01
 0.520   8.810  1.47747E+01  1.44970E+01  1.69709E+01
 0.530   5.555  2.79203E+01  2.68685E+01  2.85389E+01
 0.540   7.875  1.87684E+01  1.96825E+01  1.72006E+01
 0.550   5.388  4.69363E+01  4.82566E+01  4.36691E+01
 0.560   5.310  3.85501E+01  4.02480E+01  3.41731E+01
