  46
 0.110   6.750   1.000  6.55412E+09  8.85432E+08  5.02887E+07  5.83325E+07  5.61840E+09  9.06087E+06  7.34590E+06  8.68823E+06  1.61953E+08  1.40584E+09  8.51029E+07  9.94180E+07  9.12068E+09  2.37777E+07  1.36700E+07  1.60517E+07  3.23242E+08
 0.120   9.500   1.139  1.40686E+10  1.51046E+09  1.50105E+08  1.74439E+08  1.24081E+10  1.81745E+08  6.25303E+07  7.12980E+07  7.35109E+08  1.57056E+09  1.51630E+08  1.76203E+08  1.27368E+10  2.20354E+08  7.48763E+07  8.56444E+07  9.79785E+08
 0.130  11.250   1.125  1.82538E+10  1.69906E+09  3.48886E+08  4.08062E+08  1.62058E+10  9.96313E+07  1.82322E+08  2.10733E+08  8.64555E+08  1.50597E+09  3.45914E+08  4.04502E+08  1.51648E+10  9.96519E+07  1.82358E+08  2.10773E+08  8.65054E+08
 0.140  13.250   1.500  2.37546E+10  1.79580E+09  4.72415E+08  5.64497E+08  2.14863E+10  1.92498E+08  2.86643E+08  3.38594E+08  1.29795E+09  1.38529E+09  4.63148E+08  5.53081E+08  1.65784E+10  2.24347E+08  3.03851E+08  3.59160E+08  1.57971E+09
 0.150  15.250   1.577  2.91151E+10  2.19832E+09  6.69625E+08  8.03661E+08  2.62472E+10  2.35512E+08  4.81734E+08  5.72421E+08  1.55710E+09  1.53097E+09  6.60577E+08  7.92305E+08  1.79227E+10  2.51291E+08  4.87906E+08  5.79889E+08  1.64240E+09
 0.160  19.250   1.851  4.91259E+10  5.23857E+09  9.74939E+08  1.17406E+09  4.29124E+10  4.86911E+08  7.77254E+08  9.29750E+08  2.96371E+09  2.39263E+09  9.31464E+08  1.12010E+09  2.16956E+10  4.72010E+08  7.71626E+08  9.22775E+08  2.80783E+09
 0.170  25.250   2.316  9.20619E+10  9.51983E+09  2.46994E+09  2.97148E+09  8.00721E+10  5.64110E+08  1.36826E+09  1.63444E+09  4.62581E+09  3.67022E+09  1.69580E+09  2.02158E+09  2.77820E+10  5.15804E+08  1.34407E+09  1.60591E+09  4.11227E+09
 0.180  29.500   3.209  1.24112E+11  1.19828E+10  3.70257E+09  4.48443E+09  1.08426E+11  1.28040E+09  1.74624E+09  2.12741E+09  6.61332E+09  5.51809E+09  3.33678E+09  4.03388E+09  4.25509E+10  1.44316E+09  1.78592E+09  2.17484E+09  7.48693E+09
 0.190  34.250   2.769  1.66965E+11  1.47666E+10  5.65016E+09  6.85250E+09  1.46548E+11  1.75605E+09  2.84630E+09  3.43815E+09  9.28073E+09  5.04721E+09  3.36704E+09  4.07127E+09  3.53299E+10  1.53365E+09  2.70810E+09  3.27158E+09  7.10807E+09
 0.200  39.250   1.136  2.11289E+11  1.62689E+10  9.60585E+09  1.15676E+10  1.85415E+11  3.59421E+09  5.90385E+09  7.02148E+09  1.38069E+10  7.10743E+09  8.83116E+09  1.05980E+10  5.43764E+10  1.92780E+09  4.77569E+09  5.66093E+09  3.03787E+09
 0.210  42.500   2.861  2.27661E+11  1.32931E+10  1.37826E+10  1.67530E+10  2.00586E+11  3.15507E+09  1.12870E+10  1.36654E+10  1.81629E+10  6.25114E+09  1.27605E+10  1.54670E+10  5.14763E+10  2.02487E+09  1.04127E+10  1.26066E+10  1.09026E+10
 0.220  44.500   3.014  2.28025E+11  1.14813E+10  1.53446E+10  1.90664E+10  2.01199E+11  2.39192E+09  1.28922E+10  1.59680E+10  1.87000E+10  4.43854E+09  1.42939E+10  1.77208E+10  4.90755E+10  1.80693E+09  1.19519E+10  1.48049E+10  1.18273E+10
 0.230  46.000   3.513  2.19660E+11  1.05431E+10  1.66383E+10  2.09603E+10  1.92478E+11  2.59133E+09  1.43752E+10  1.80556E+10  1.99107E+10  4.14684E+09  1.56934E+10  1.97382E+10  4.84212E+10  2.00604E+09  1.36995E+10  1.72087E+10  1.45382E+10
 0.240  48.000   4.088  2.18715E+11  1.02261E+10  1.75454E+10  2.23854E+10  1.90944E+11  2.21892E+09  1.53031E+10  1.94750E+10  2.11673E+10  3.76000E+09  1.65682E+10  2.11100E+10  4.81183E+10  1.85595E+09  1.48609E+10  1.89126E+10  1.75201E+10
 0.250  50.500   4.118  2.25902E+11  9.69930E+09  1.85079E+10  2.37950E+10  1.97695E+11  2.65529E+09  1.64058E+10  2.10475E+10  2.36438E+10  3.87265E+09  1.75435E+10  2.25269E+10  5.01265E+10  2.04724E+09  1.58118E+10  2.02899E+10  1.85377E+10
 0.260  52.750   4.956  2.31147E+11  9.16272E+09  1.90996E+10  2.47988E+10  2.02885E+11  2.17472E+09  1.70275E+10  2.20766E+10  2.49081E+10  3.62193E+09  1.81058E+10  2.34843E+10  5.11385E+10  2.01368E+09  1.68691E+10  2.18719E+10  2.31084E+10
 0.270  54.750   5.101  2.30144E+11  8.57353E+09  1.95910E+10  2.56298E+10  2.01980E+11  1.93231E+09  1.74698E+10  2.28339E+10  2.60606E+10  3.37652E+09  1.86033E+10  2.43192E+10  5.16876E+10  1.77414E+09  1.72675E+10  2.25728E+10  2.39584E+10
 0.280  56.250   5.826  2.24900E+11  7.67621E+09  1.99878E+10  2.63197E+10  1.97236E+11  1.99490E+09  1.79067E+10  2.35686E+10  2.66270E+10  3.50972E+09  1.90516E+10  2.50693E+10  5.08011E+10  2.09508E+09  1.80115E+10  2.37043E+10  2.77425E+10
 0.290  58.500   6.101  2.26443E+11  7.32592E+09  2.02320E+10  2.68344E+10  1.98885E+11  1.55666E+09  1.82600E+10  2.42162E+10  2.77782E+10  2.83847E+09  1.93185E+10  2.56086E+10  5.03289E+10  1.64665E+09  1.83816E+10  2.43752E+10  2.91786E+10
 0.300  61.000   6.032  2.31563E+11  7.14136E+09  2.04992E+10  2.73449E+10  2.03923E+11  1.68329E+09  1.84965E+10  2.46791E+10  2.89271E+10  2.77140E+09  1.95581E+10  2.60774E+10  5.01673E+10  1.66039E+09  1.84615E+10  2.46331E+10  2.85523E+10
 0.310  63.500   6.158  2.37407E+11  6.90032E+09  2.07106E+10  2.77652E+10  2.09796E+11  1.91323E+09  1.88151E+10  2.52281E+10  3.06364E+10  2.83639E+09  1.97657E+10  2.64887E+10  5.05437E+10  1.81438E+09  1.87164E+10  2.50987E+10  2.95647E+10
 0.320  66.250   6.732  2.48208E+11  6.71624E+09  2.09512E+10  2.82201E+10  2.20541E+11  1.80295E+09  1.90976E+10  2.57299E+10  3.21225E+10  2.81885E+09  1.99806E+10  2.69040E+10  5.05540E+10  1.86477E+09  1.91491E+10  2.57977E+10  3.27162E+10
 0.330  69.500   6.526  2.65494E+11  7.37487E+09  2.12430E+10  2.87146E+10  2.36876E+11  2.02672E+09  1.95395E+10  2.64152E+10  3.47570E+10  2.77966E+09  2.02626E+10  2.73836E+10  5.16039E+10  1.84848E+09  1.93370E+10  2.61465E+10  3.23030E+10
 0.340  73.500   6.141  2.85482E+11  9.22674E+09  2.15007E+10  2.91746E+10  2.54755E+11  1.87652E+09  1.99045E+10  2.70094E+10  3.70647E+10  2.44859E+09  2.04290E+10  2.77172E+10  5.16525E+10  1.40910E+09  1.93514E+10  2.62718E+10  3.02526E+10
 0.350  75.750   5.554  2.89710E+11  1.04374E+10  2.16668E+10  2.94962E+10  2.57606E+11  1.73616E+09  2.01051E+10  2.73727E+10  3.85823E+10  2.04208E+09  2.05781E+10  2.80137E+10  5.22832E+10  1.19114E+09  1.89668E+10  2.58478E+10  2.69353E+10
 0.360  77.750   5.976  2.87199E+11  1.10914E+10  2.16977E+10  2.96393E+10  2.54410E+11  1.64366E+09  2.03226E+10  2.77585E+10  3.99395E+10  1.87624E+09  2.06957E+10  2.82688E+10  5.25009E+10  1.31627E+09  1.94489E+10  2.65775E+10  2.94832E+10
 0.370  79.500   5.850  2.86062E+11  1.17558E+10  2.18058E+10  2.98770E+10  2.52500E+11  1.82327E+09  2.04147E+10  2.79722E+10  4.08362E+10  2.11121E+09  2.07879E+10  2.84832E+10  5.23329E+10  1.30355E+09  1.93570E+10  2.65374E+10  2.86632E+10
 0.380  81.000   4.053  2.82827E+11  1.08402E+10  2.19838E+10  3.01636E+10  2.50003E+11  1.84296E+09  2.07019E+10  2.84000E+10  4.12799E+10  2.04192E+09  2.10287E+10  2.88494E+10  5.18903E+10  1.13574E+09  1.75021E+10  2.40433E+10  1.82722E+10
 0.390  83.750   3.946  2.88661E+11  1.00712E+10  2.23002E+10  3.06557E+10  2.56290E+11  1.44565E+09  2.09793E+10  2.88350E+10  4.26006E+10  1.71941E+09  2.12493E+10  2.92068E+10  5.15623E+10  8.24799E+08  1.76275E+10  2.42480E+10  1.76690E+10
 0.400  86.000   4.153  2.91599E+11  9.66711E+09  2.24901E+10  3.09869E+10  2.59442E+11  1.28590E+09  2.12186E+10  2.92317E+10  4.44225E+10  1.67432E+09  2.14504E+10  2.95508E+10  5.22828E+10  6.81282E+08  1.81899E+10  2.50677E+10  1.89683E+10
 0.410  87.500   4.393  2.88595E+11  9.98620E+09  2.26596E+10  3.12694E+10  2.55950E+11  1.50089E+09  2.14831E+10  2.96458E+10  4.71323E+10  1.69716E+09  2.16885E+10  2.99292E+10  5.45763E+10  6.83990E+08  1.86487E+10  2.57401E+10  2.07124E+10
 0.420  89.500   9.376  2.87390E+11  9.60675E+09  2.29637E+10  3.17225E+10  2.54820E+11  1.30889E+09  2.16607E+10  2.99283E+10  4.63967E+10  1.52346E+09  2.18578E+10  3.01998E+10  5.24292E+10  1.38679E+09  2.17496E+10  3.00507E+10  4.88616E+10
 0.430  91.250   9.975  2.85202E+11  8.79339E+09  2.31337E+10  3.20143E+10  2.53275E+11  1.45174E+09  2.19060E+10  3.03193E+10  4.66383E+10  1.63124E+09  2.20576E+10  3.05275E+10  5.14128E+10  1.62611E+09  2.20530E+10  3.05211E+10  5.12762E+10
 0.440  93.000   8.915  2.84325E+11  8.51645E+09  2.32520E+10  3.22308E+10  2.52556E+11  1.79283E+09  2.20967E+10  3.06333E+10  4.84234E+10  1.98830E+09  2.22106E+10  3.07891E+10  5.22919E+10  1.60828E+09  2.20127E+10  3.05198E+10  4.62739E+10
 0.450  94.250   8.971  2.80601E+11  8.40337E+09  2.34033E+10  3.24884E+10  2.48795E+11  2.03618E+09  2.22193E+10  3.08491E+10  4.90727E+10  2.15563E+09  2.23341E+10  3.10058E+10  5.22895E+10  1.91724E+09  2.21112E+10  3.07017E+10  4.65036E+10
 0.460  96.000   9.248  2.76946E+11  8.18537E+09  2.35092E+10  3.26859E+10  2.45251E+11  2.31039E+09  2.23296E+10  3.10534E+10  4.96570E+10  2.47027E+09  2.24111E+10  3.11643E+10  5.18810E+10  2.15511E+09  2.22462E+10  3.09399E+10  4.77131E+10
 0.470  97.250   9.725  2.74063E+11  7.79995E+09  2.36044E+10  3.28643E+10  2.42659E+11  2.34647E+09  2.24759E+10  3.12982E+10  4.99133E+10  2.43031E+09  2.25298E+10  3.13722E+10  5.14305E+10  2.34681E+09  2.24761E+10  3.12984E+10  4.99148E+10
 0.480  99.000  10.695  2.72367E+11  7.67524E+09  2.37196E+10  3.30655E+10  2.40972E+11  1.82801E+09  2.26339E+10  3.15615E+10  5.16175E+10  1.87428E+09  2.26553E+10  3.15906E+10  5.21659E+10  2.23959E+09  2.27814E+10  3.17611E+10  5.59886E+10
 0.490 100.500  10.819  2.69695E+11  7.49778E+09  2.38224E+10  3.32447E+10  2.38374E+11  2.18340E+09  2.26655E+10  3.16451E+10  5.23148E+10  2.15178E+09  2.26505E+10  3.16252E+10  5.20470E+10  2.46731E+09  2.28358E+10  3.18742E+10  5.65354E+10
 0.500 102.000  12.327  2.66419E+11  7.20742E+09  2.39816E+10  3.34965E+10  2.35230E+11  1.94225E+09  2.27246E+10  3.17699E+10  5.28008E+10  1.87928E+09  2.26753E+10  3.17023E+10  5.16960E+10  2.63490E+09  2.31157E+10  3.23001E+10  6.43311E+10
 0.510 103.500  11.072  2.63465E+11  6.88998E+09  2.41491E+10  3.37528E+10  2.32426E+11  2.28878E+09  2.28849E+10  3.20134E+10  5.38097E+10  2.16974E+09  2.28000E+10  3.18977E+10  5.18905E+10  2.53103E+09  2.30501E+10  3.22373E+10  5.77476E+10
 0.520 105.000  10.373  2.60310E+11  6.45175E+09  2.43285E+10  3.40185E+10  2.29530E+11  2.39995E+09  2.32562E+10  3.25262E+10  5.49786E+10  2.26071E+09  2.31406E+10  3.23670E+10  5.21735E+10  2.36705E+09  2.32270E+10  3.24859E+10  5.42718E+10
 0.530 106.250   9.610  2.57462E+11  5.92613E+09  2.45101E+10  3.43005E+10  2.27026E+11  2.67798E+09  2.34434E+10  3.28107E+10  5.63454E+10  2.50116E+09  2.32984E+10  3.26103E+10  5.28148E+10  2.36649E+09  2.31793E+10  3.24464E+10  5.05856E+10
 0.540 107.750  10.987  2.55014E+11  5.53295E+09  2.46350E+10  3.45061E+10  2.24846E+11  2.49194E+09  2.35786E+10  3.30327E+10  5.68003E+10  2.23419E+09  2.33903E+10  3.27725E+10  5.25145E+10  2.57239E+09  2.36190E+10  3.30885E+10  5.79761E+10
 0.550 109.000  11.704  2.52540E+11  5.04566E+09  2.47963E+10  3.47500E+10  2.22699E+11  2.13461E+09  2.37066E+10  3.32252E+10  5.72338E+10  1.89509E+09  2.35063E+10  3.29483E+10  5.22428E+10  2.36032E+09  2.38470E+10  3.34203E+10  6.15974E+10
 0.560 110.500  11.962  2.50394E+11  4.57719E+09  2.49067E+10  3.49397E+10  2.20910E+11  1.82521E+09  2.38065E+10  3.34043E+10  5.84434E+10  1.67535E+09  2.35706E+10  3.30766E+10  5.25092E+10  1.99180E+09  2.39596E+10  3.36165E+10  6.34726E+10
