  46
 0.110  2.37777E+07  1.36700E+07  1.60517E+07  2.24052E+07  6.77138E+06  3.23242E+08  5.13882E-02
 0.120  1.91822E+08  6.56563E+07  7.48879E+07  1.86824E+08  3.95987E+07  8.01120E+08  6.08676E-01
 0.130  7.75298E+07  1.69377E+08  1.95554E+08  7.34020E+07  1.31844E+08  7.08421E+08  1.26666E+00
 0.140  1.32890E+08  2.54133E+08  2.99498E+08  1.29106E+08  8.16724E+07  8.12012E+08  1.13984E+00
 0.150  1.31091E+08  4.05446E+08  4.80607E+08  1.25070E+08  1.58545E+08  7.84742E+08  1.95067E+00
 0.160  3.40702E+08  6.65443E+08  7.92423E+08  3.35619E+08  2.25062E+08  1.14282E+09  3.28925E+00
 0.170  2.47612E+08  1.08747E+09  1.29991E+09  2.42281E+08  4.20416E+08  1.26886E+09  4.25691E+00
 0.180  2.67783E+08  1.29498E+09  1.58351E+09  2.62141E+08  1.78493E+08  1.36330E+09  1.98058E+00
 0.190  9.35609E+08  2.03462E+09  2.45904E+09  9.26264E+08  6.37985E+08  1.88832E+09  8.98598E+00
 0.200  1.87620E+09  4.69544E+09  5.56358E+09  1.86540E+09  2.32096E+09  2.65801E+09  2.85828E+01
 0.210  9.09615E+08  8.38439E+09  1.01418E+10  9.01718E+08  2.29563E+09  3.12010E+09  2.25523E+01
 0.220  5.55351E+08  9.10784E+09  1.13053E+10  5.48748E+08  7.40851E+08  3.14919E+09  7.28160E+00
 0.230  2.98901E+08  9.55515E+09  1.20776E+10  2.94518E+08  4.09903E+08  3.27540E+09  3.95726E+00
 0.240  1.92117E+08  9.63234E+09  1.23531E+10  1.88848E+08  2.46050E+08  3.19667E+09  2.53335E+00
 0.250  1.43631E+08  9.62087E+09  1.24759E+10  1.40984E+08  1.55433E+08  3.16000E+09  1.57506E+00
 0.260  1.31837E+08  9.81087E+09  1.28409E+10  1.29365E+08  1.11746E+08  3.26218E+09  1.23499E+00
 0.270  1.05753E+08  9.60111E+09  1.26647E+10  1.03479E+08  9.66183E+07  3.04860E+09  1.03274E+00
 0.280  8.24204E+07  9.46233E+09  1.25713E+10  8.05601E+07  6.73938E+07  3.00761E+09  7.63227E-01
 0.290  7.28000E+07  9.50084E+09  1.27035E+10  7.08442E+07  5.52347E+07  3.03613E+09  5.74165E-01
 0.300  6.24823E+07  9.37788E+09  1.26109E+10  6.07472E+07  4.50419E+07  2.95191E+09  4.88723E-01
 0.310  4.73990E+07  9.39585E+09  1.26950E+10  4.57353E+07  4.50881E+07  2.99298E+09  5.32397E-01
 0.320  4.70286E+07  9.28412E+09  1.26016E+10  4.55373E+07  3.23770E+07  2.91267E+09  3.79271E-01
 0.330  4.45590E+07  9.23909E+09  1.25876E+10  4.30488E+07  2.98194E+07  2.87725E+09  3.42631E-01
 0.340  4.23678E+07  9.40051E+09  1.28491E+10  4.09096E+07  2.88194E+07  3.01609E+09  3.16998E-01
 0.350  3.87044E+07  9.09877E+09  1.24716E+10  3.73545E+07  2.56471E+07  2.86170E+09  2.74557E-01
 0.360  3.75870E+07  9.17933E+09  1.26084E+10  3.63040E+07  2.29102E+07  2.86686E+09  2.65362E-01
 0.370  3.83208E+07  9.30125E+09  1.28039E+10  3.69825E+07  2.28518E+07  2.96829E+09  2.42642E-01
 0.380  4.13593E+07  9.30850E+09  1.28361E+10  3.98194E+07  2.33970E+07  2.96970E+09  2.65740E-01
 0.390  5.04362E+07  9.22452E+09  1.27426E+10  4.89171E+07  2.79306E+07  2.90843E+09  3.03578E-01
 0.400  5.64451E+07  9.28928E+09  1.28485E+10  5.48317E+07  2.91854E+07  2.96504E+09  2.95275E-01
 0.410  6.76485E+07  9.23639E+09  1.27868E+10  6.57345E+07  3.83406E+07  2.92489E+09  4.19690E-01
 0.420  1.30720E+08  9.54014E+09  1.31894E+10  1.27857E+08  1.36960E+08  3.01775E+09  1.55426E+00
 0.430  7.87156E+07  9.39990E+09  1.29958E+10  7.63857E+07  8.99807E+07  2.83992E+09  1.00107E+00
 0.440  4.05341E+07  9.56561E+09  1.32405E+10  3.93189E+07  4.33466E+07  2.95133E+09  3.92452E-01
 0.450  1.69998E+07  9.56690E+09  1.32630E+10  1.63206E+07  2.13629E+07  2.93927E+09  2.11412E-01
 0.460  1.48942E+07  9.64647E+09  1.33933E+10  1.41293E+07  1.12828E+07  2.99398E+09  1.17775E-01
 0.470  1.47860E+07  9.56612E+09  1.32961E+10  1.40510E+07  9.09217E+06  2.91499E+09  1.06517E-01
 0.480  1.45299E+07  9.68438E+09  1.34730E+10  1.38059E+07  8.90160E+06  3.01468E+09  8.78188E-02
 0.490  1.50901E+07  9.44171E+09  1.31446E+10  1.41926E+07  8.29669E+06  2.88889E+09  7.93114E-02
 0.500  1.93078E+07  9.08368E+09  1.26531E+10  1.83030E+07  1.00917E+07  2.67838E+09  1.19048E-01
 0.510  6.94954E+07  9.32949E+09  1.30002E+10  6.76610E+07  2.24693E+07  2.79893E+09  3.01304E-01
 0.520  9.76078E+07  9.43951E+09  1.31423E+10  9.54912E+07  6.20215E+07  2.82712E+09  6.47360E-01
 0.530  8.21167E+07  9.27298E+09  1.29040E+10  7.99600E+07  5.90734E+07  2.67331E+09  6.29344E-01
 0.540  5.66947E+07  9.37360E+09  1.30448E+10  5.47310E+07  4.79064E+07  2.70989E+09  4.62379E-01
 0.550  2.58498E+07  9.59030E+09  1.33538E+10  2.50119E+07  2.96481E+07  2.83610E+09  2.71941E-01
 0.560  2.19164E+07  9.51628E+09  1.32617E+10  2.11244E+07  1.32792E+07  2.76119E+09  1.44869E-01
