  46
 0.110        13945  0.97566E-02  0.75050E-03  0.52535E-02  0.34236E+00 -0.20485E+01  0.17508E+02  0.39311E-01 -0.68534E+00 -0.72716E+00   1.000   0.517
 0.120         6300 -0.40914E-02  0.34777E-01 -0.77736E-02  0.27418E+01 -0.91759E+01  0.68170E+02  0.62769E+00  0.65351E+00  0.42301E+00   1.139   0.679
 0.130        68556 -0.12429E-01 -0.62144E-02 -0.88778E-02  0.15796E+01  0.14852E+02 -0.59141E+01  0.93567E+00 -0.32151E+00 -0.14543E+00   1.125   0.757
 0.140        80542  0.47768E-03  0.23884E-02  0.47768E-03 -0.95592E+00 -0.27663E+02 -0.38316E+02 -0.34332E+00  0.18398E+00  0.92102E+00   1.500   0.532
 0.150        86608 -0.10228E-02 -0.15343E-02  0.25571E-02  0.24937E+00  0.99860E+01 -0.23081E+02  0.51181E+00  0.57479E+00  0.63849E+00   1.577   0.599
 0.160        80404  0.54652E-03  0.00000E+00 -0.54652E-03 -0.91582E+02 -0.79461E+02 -0.10977E+03  0.47337E+00  0.60956E+00 -0.63589E+00   1.851   0.528
 0.170       118701  0.57911E-03  0.57911E-03  0.57911E-03 -0.12283E+03 -0.14658E+03 -0.23754E+03 -0.31215E+00  0.30522E+00 -0.89967E+00   2.316   0.690
 0.180       127877  0.12273E-02 -0.18410E-02 -0.18410E-02  0.55452E+02  0.25041E+03 -0.36316E+02  0.70650E+00  0.65721E+00 -0.26256E+00   3.209   2.321
 0.190        93436  0.00000E+00 -0.64714E-03 -0.64714E-03  0.81228E+02 -0.30013E+01 -0.71691E+01  0.49141E+00  0.75610E+00 -0.43224E+00   2.769   1.038
 0.200        83589  0.00000E+00  0.68218E-03  0.00000E+00  0.35755E+03 -0.19023E+03 -0.16939E+03 -0.22580E+00  0.93015E+00  0.28956E+00   1.136   0.500
 0.210       439085  0.00000E+00  0.14331E-02  0.00000E+00  0.10397E+03 -0.26384E+03 -0.51981E+02  0.34819E+00  0.83323E+00 -0.42953E+00   2.861   0.684
 0.220       218056 -0.75046E-03  0.75046E-03  0.15009E-02  0.46771E+03 -0.50173E+02 -0.10420E+03  0.45614E+00  0.65962E+00 -0.59736E+00   3.014   0.508
 0.230       190448 -0.78467E-03 -0.78467E-03 -0.78467E-03 -0.64962E+01 -0.69867E+03 -0.42244E+02  0.28837E+00  0.53724E+00 -0.79260E+00   3.513   0.613
 0.240       883738 -0.81929E-03 -0.24579E-02  0.24579E-02  0.75764E+01  0.27959E+03 -0.19714E+03  0.34188E+00  0.44001E+00 -0.83037E+00   4.088   1.085
 0.250       163351  0.00000E+00  0.17037E-02  0.85185E-03  0.23665E+03 -0.25502E+03 -0.52750E+03  0.29187E+00  0.49033E+00 -0.82121E+00   4.118   0.957
 0.260      1000197  0.88607E-03  0.26582E-02 -0.88607E-03 -0.54837E+02 -0.15679E+03 -0.25421E+03  0.23201E+00  0.56023E+00 -0.79518E+00   4.956   1.108
 0.270       434821 -0.18397E-02 -0.27595E-02 -0.91985E-03  0.43666E+03  0.34943E+02  0.19874E+02  0.14152E+00  0.56092E+00 -0.81568E+00   5.101   1.187
 0.280       421571  0.95369E-03 -0.95369E-03 -0.95369E-03 -0.73157E+02  0.28975E+02  0.45682E+03  0.24116E+00  0.61009E+00 -0.75474E+00   5.826   1.681
 0.290        53665  0.98819E-03  0.29646E-02 -0.19764E-02 -0.17079E+03 -0.42675E+03  0.11379E+03  0.15796E+00  0.53630E+00 -0.82912E+00   6.101   1.163
 0.300       316480 -0.10227E-02 -0.10227E-02  0.20455E-02  0.36481E+03  0.41039E+03 -0.92249E+02  0.23332E+00  0.47479E+00 -0.84860E+00   6.032   1.219
 0.310       534233  0.00000E+00  0.00000E+00  0.10559E-02  0.16027E+03 -0.20020E+03  0.20432E+03  0.16644E+00  0.47845E+00 -0.86219E+00   6.158   1.707
 0.320      1102957 -0.21821E-02 -0.10910E-02  0.00000E+00  0.32377E+02 -0.55032E+01 -0.21886E+03  0.13226E+00  0.43844E+00 -0.88898E+00   6.732   1.615
 0.330       670886 -0.22495E-02 -0.22495E-02  0.00000E+00  0.46435E+03  0.19507E+03 -0.73698E+02  0.76194E-01  0.38043E+00 -0.92167E+00   6.526   1.717
 0.340       124065  0.00000E+00  0.11593E-02  0.23186E-02  0.42622E+03  0.17436E+03 -0.49045E+02  0.11900E+00  0.24021E+00 -0.96340E+00   6.141   1.893
 0.350        91927  0.23847E-02 -0.11924E-02 -0.11924E-02  0.16586E+03 -0.30191E+03 -0.29789E+03  0.12542E+00  0.13273E+00 -0.98319E+00   5.554   1.462
 0.360       174888  0.49073E-02  0.12268E-02  0.12268E-02 -0.17456E+03  0.14121E+02  0.34108E+03  0.13381E+00  0.96771E-01 -0.98627E+00   5.976   1.370
 0.370      1048061 -0.12619E-02  0.12619E-02  0.50477E-02 -0.34575E+03  0.41112E+03 -0.19083E+03  0.24191E+00  0.82114E-01 -0.96682E+00   5.850   2.016
 0.380       549809  0.25890E-02 -0.12945E-02  0.25890E-02 -0.21572E+03  0.22284E+03  0.31798E+03  0.38817E+00  0.95619E-01 -0.91661E+00   4.053   1.153
 0.390       829638  0.39859E-02  0.00000E+00  0.13286E-02  0.17614E+02  0.11813E+03  0.16534E+03  0.39749E+00  0.55091E-01 -0.91595E+00   3.946   1.009
 0.400       768698  0.13642E-02  0.00000E+00 -0.27284E-02 -0.15215E+03  0.84054E+02  0.96820E+02  0.39614E+00 -0.73045E-01 -0.91528E+00   4.153   1.037
 0.410       121548 -0.13968E-02  0.00000E+00  0.13968E-02 -0.35968E+02 -0.24896E+03  0.38643E+03  0.49799E+00  0.63114E+00 -0.59470E+00   4.393   2.159
 0.420       210217 -0.28666E-02 -0.14333E-02 -0.28666E-02  0.42423E+01  0.51134E+03 -0.71820E+02 -0.62059E-01  0.88503E+00  0.46138E+00   9.376   1.820
 0.430       296159 -0.14674E-02  0.00000E+00 -0.14674E-02 -0.95953E+02  0.44340E+02  0.34640E+02 -0.17893E+00  0.73365E+00  0.65554E+00   9.975   1.471
 0.440          182  0.14989E-02  0.29978E-02 -0.14989E-02 -0.35052E+03 -0.27778E+02  0.12117E+03 -0.26516E+00  0.59623E+00  0.75776E+00   8.915   1.305
 0.450       263783  0.15339E-02  0.30677E-02 -0.30677E-02  0.56063E+03  0.20006E+03 -0.26525E+02 -0.36187E+00  0.49455E+00  0.79023E+00   8.971   1.453
 0.460       718636  0.00000E+00 -0.15693E-02 -0.15693E-02 -0.87676E+02 -0.25482E+03 -0.29815E+03 -0.56123E+00  0.30143E+00  0.77082E+00   9.248   1.419
 0.470       723654 -0.16017E-02  0.48051E-02 -0.16017E-02 -0.17742E+03 -0.20052E+03  0.25463E+03 -0.63426E+00  0.24051E+00  0.73476E+00   9.725   1.329
 0.480        93437  0.32718E-02 -0.16359E-02  0.00000E+00  0.39965E+02 -0.51626E+03  0.26799E+03 -0.71132E+00  0.22645E+00  0.66539E+00  10.695   1.480
 0.490       186849 -0.16695E-02  0.16695E-02  0.33390E-02  0.26509E+03 -0.38540E+03 -0.34193E+03 -0.77435E+00  0.17075E+00  0.60929E+00  10.819   1.252
 0.500       403038 -0.17041E-02 -0.51124E-02  0.17041E-02  0.10380E+03 -0.25176E+03  0.29238E+02 -0.83112E+00  0.87235E-01  0.54921E+00  12.327   2.001
 0.510       325194  0.17390E-02 -0.17390E-02 -0.69560E-02 -0.40162E+03 -0.26834E+02  0.40590E+03 -0.87295E+00 -0.13133E-01  0.48764E+00  11.072   1.872
 0.520       325035  0.17717E-02 -0.17717E-02 -0.17717E-02  0.40591E+03  0.29879E+03 -0.16963E+03 -0.90030E+00 -0.11575E+00  0.41959E+00  10.373   1.506
 0.530       424439  0.18068E-02  0.18068E-02 -0.18068E-02  0.19464E+01 -0.46735E+03 -0.24886E+03 -0.88127E+00 -0.24285E+00  0.40546E+00   9.610   1.410
 0.540        59171  0.18406E-02  0.00000E+00  0.00000E+00 -0.42854E+02 -0.33304E+03 -0.73299E+01 -0.85803E+00 -0.36012E+00  0.36618E+00  10.987   1.178
 0.550       325365  0.18747E-02  0.37493E-02  0.00000E+00 -0.21748E+03 -0.99131E+02 -0.28722E+01 -0.82741E+00 -0.43486E+00  0.35537E+00  11.704   1.238
 0.560       199730  0.00000E+00  0.00000E+00  0.38213E-02  0.31306E+03 -0.23534E+03 -0.29848E+03 -0.79859E+00 -0.49062E+00  0.34864E+00  11.962   0.896
