  46
 0.110  1.01250E+00  2.47543E+07  1.39885E+07  1.64120E+07  2.33608E+07  7.01970E+06  3.29311E+08  5.44934E-02
 0.120  1.42500E+00  2.89413E+08  9.15733E+07  1.05142E+08  2.78827E+08  5.11165E+07  1.41959E+09  7.56116E-01
 0.130  1.68750E+00  1.84786E+08  2.29771E+08  2.66826E+08  1.74049E+08  1.60289E+08  1.66651E+09  1.50147E+00
 0.140  1.98750E+00  2.91932E+08  3.51578E+08  4.16969E+08  2.78838E+08  9.80394E+07  2.46912E+09  1.34597E+00
 0.150  2.28750E+00  3.91133E+08  5.38333E+08  6.41222E+08  3.64734E+08  1.95075E+08  2.83493E+09  2.32891E+00
 0.160  2.88750E+00  6.97854E+08  8.32989E+08  9.98506E+08  6.69888E+08  2.50902E+08  5.04259E+09  3.60693E+00
 0.170  3.78750E+00  1.09347E+09  1.45199E+09  1.73367E+09  1.01678E+09  5.99999E+08  7.93605E+09  6.56239E+00
 0.180  4.42500E+00  2.27925E+09  1.95306E+09  2.37386E+09  2.14932E+09  3.75041E+08  1.19093E+10  4.46239E+00
 0.190  5.13750E+00  2.55114E+09  3.07797E+09  3.71991E+09  2.37850E+09  9.40531E+08  1.53506E+10  1.21098E+01
 0.200  5.88750E+00  4.90828E+09  6.52285E+09  7.77912E+09  4.62159E+09  2.90670E+09  2.52902E+10  3.42567E+01
 0.210  6.37500E+00  4.67812E+09  1.20862E+10  1.46339E+10  4.34247E+09  3.41532E+09  3.00098E+10  3.68345E+01
 0.220  6.67500E+00  3.23553E+09  1.37125E+10  1.69890E+10  2.97371E+09  1.50210E+09  3.06100E+10  1.50441E+01
 0.230  6.90000E+00  3.29138E+09  1.51240E+10  1.90087E+10  3.01496E+09  1.24669E+09  3.18642E+10  1.36084E+01
 0.240  7.20000E+00  3.10598E+09  1.60868E+10  2.04841E+10  2.81533E+09  8.76581E+08  3.34826E+10  9.10990E+00
 0.250  7.57500E+00  3.46480E+09  1.72228E+10  2.21070E+10  3.12784E+09  1.01974E+09  3.74669E+10  1.17956E+01
 0.260  7.91250E+00  3.14527E+09  1.78131E+10  2.30988E+10  2.86878E+09  5.26596E+08  3.98372E+10  5.81789E+00
 0.270  8.21250E+00  2.84584E+09  1.83051E+10  2.39260E+10  2.56524E+09  4.91941E+08  4.17288E+10  5.32120E+00
 0.280  8.43750E+00  3.13780E+09  1.88244E+10  2.47679E+10  2.80493E+09  4.74928E+08  4.23299E+10  5.64036E+00
 0.290  8.77500E+00  2.57664E+09  1.91557E+10  2.53916E+10  2.36425E+09  2.89076E+08  4.38733E+10  3.07373E+00
 0.300  9.15000E+00  2.55505E+09  1.94300E+10  2.59063E+10  2.27178E+09  2.79377E+08  4.56376E+10  3.10076E+00
 0.310  9.52500E+00  2.77416E+09  1.96977E+10  2.63975E+10  2.49209E+09  2.69417E+08  4.79901E+10  3.07098E+00
 0.320  9.93750E+00  2.80581E+09  1.99719E+10  2.68922E+10  2.49207E+09  2.37805E+08  5.02147E+10  2.40320E+00
 0.330  1.04250E+01  2.82761E+09  2.03100E+10  2.74478E+10  2.51342E+09  2.56166E+08  5.38389E+10  2.87981E+00
 0.340  1.10250E+01  2.59723E+09  2.05384E+10  2.78662E+10  2.30587E+09  1.96183E+08  5.71741E+10  2.06032E+00
 0.350  1.13625E+01  2.22258E+09  2.07185E+10  2.82057E+10  1.98557E+09  1.76827E+08  5.97462E+10  1.89356E+00
 0.360  1.16625E+01  1.98689E+09  2.08606E+10  2.84949E+10  1.78887E+09  1.21898E+08  6.16461E+10  1.33270E+00
 0.370  1.19250E+01  2.29344E+09  2.09750E+10  2.87403E+10  1.99797E+09  1.12711E+08  6.28175E+10  1.21900E+00
 0.380  1.21500E+01  2.29498E+09  2.12345E+10  2.91328E+10  1.98887E+09  2.48024E+08  6.35817E+10  2.95348E+00
 0.390  1.25625E+01  2.09698E+09  2.14974E+10  2.95492E+10  1.75936E+09  1.96995E+08  6.54708E+10  1.99360E+00
 0.400  1.29000E+01  2.19791E+09  2.17148E+10  2.99162E+10  1.88810E+09  1.39445E+08  6.82105E+10  1.49280E+00
 0.410  1.31250E+01  2.31198E+09  2.19831E+10  3.03351E+10  2.04016E+09  1.78820E+08  7.26480E+10  2.17402E+00
 0.420  1.34250E+01  2.16819E+09  2.22060E+10  3.06763E+10  1.86516E+09  2.25838E+08  7.17340E+10  2.45654E+00
 0.430  1.36875E+01  2.34916E+09  2.24209E+10  3.10260E+10  2.13657E+09  1.51842E+08  7.11095E+10  1.77733E+00
 0.440  1.39500E+01  2.44355E+09  2.25696E+10  3.12840E+10  2.21878E+09  1.27380E+08  7.33926E+10  1.51734E+00
 0.450  1.41375E+01  2.75996E+09  2.27390E+10  3.15652E+10  2.51626E+09  1.30348E+08  7.51015E+10  1.58107E+00
 0.460  1.44000E+01  3.14326E+09  2.28801E+10  3.18103E+10  2.86589E+09  1.08174E+08  7.55405E+10  1.08767E+00
 0.470  1.45875E+01  3.13836E+09  2.29881E+10  3.20059E+10  2.82749E+09  1.01775E+08  7.54588E+10  1.17880E+00
 0.480  1.48500E+01  3.06443E+09  2.31349E+10  3.22501E+10  2.76209E+09  8.62775E+07  7.77990E+10  7.52989E-01
 0.490  1.50750E+01  3.15164E+09  2.32278E+10  3.24150E+10  2.90168E+09  1.15215E+08  7.93537E+10  1.43377E+00
 0.500  1.53000E+01  3.24225E+09  2.33935E+10  3.26752E+10  2.91925E+09  1.19309E+08  7.98879E+10  1.10740E+00
 0.510  1.55250E+01  3.26766E+09  2.35837E+10  3.29618E+10  2.92816E+09  1.44012E+08  8.10937E+10  1.56598E+00
 0.520  1.57500E+01  3.23726E+09  2.37587E+10  3.32217E+10  2.92521E+09  1.60471E+08  8.27982E+10  1.80522E+00
 0.530  1.59375E+01  3.34328E+09  2.39542E+10  3.35205E+10  3.04262E+09  1.27826E+08  8.51575E+10  1.38573E+00
 0.540  1.61625E+01  3.29595E+09  2.40850E+10  3.37339E+10  3.06371E+09  1.05380E+08  8.53622E+10  1.04706E+00
 0.550  1.63500E+01  2.95785E+09  2.42440E+10  3.39740E+10  2.67593E+09  1.32818E+08  8.57858E+10  1.33504E+00
 0.560  1.65750E+01  2.51159E+09  2.43710E+10  3.41862E+10  2.33229E+09  9.13578E+07  8.76747E+10  9.66564E-01
