  46
 0.110   1.000  1.36700E+07  1.60517E+07  1.35529E+07  1.38632E+02  0.00000E+00  0.00000E+00  0.00000E+00  1.36700E+07  1.60517E+07  1.35529E+07
 0.120   1.139  7.48763E+07  8.56444E+07  7.43420E+07  1.23342E+02  2.74929E+07  3.35685E+07  2.70489E+07  4.73834E+07  5.20759E+07  4.72931E+07
 0.130   1.125  1.82358E+08  2.10773E+08  1.81516E+08  1.03389E+02  2.15152E+07  2.65002E+07  2.11296E+07  1.60843E+08  1.84272E+08  1.60386E+08
 0.140   1.500  3.03851E+08  3.59160E+08  3.01716E+08  1.60629E+02  5.69804E+07  7.01032E+07  5.60733E+07  2.46870E+08  2.89057E+08  2.45642E+08
 0.150   1.577  4.87906E+08  5.79889E+08  4.84208E+08  1.84879E+02  6.62944E+07  8.27139E+07  6.50137E+07  4.21612E+08  4.97176E+08  4.19195E+08
 0.160   1.851  7.71626E+08  9.22775E+08  7.64911E+08  2.20602E+02  1.05465E+08  1.32722E+08  1.03100E+08  6.66161E+08  7.90052E+08  6.61810E+08
 0.170   2.316  1.34407E+09  1.60591E+09  1.33351E+09  2.16878E+02  1.34075E+08  1.70172E+08  1.30788E+08  1.20999E+09  1.43574E+09  1.20272E+09
 0.180   3.209  1.78592E+09  2.17484E+09  1.76888E+09  2.77271E+02  2.34883E+08  2.96538E+08  2.29645E+08  1.55103E+09  1.87830E+09  1.53924E+09
 0.190   2.769  2.70810E+09  3.27158E+09  2.68456E+09  2.72067E+02  3.02350E+08  3.82585E+08  2.96024E+08  2.40575E+09  2.88899E+09  2.38853E+09
 0.200   1.136  4.77569E+09  5.66093E+09  4.74669E+09  2.13044E+02  1.49959E+08  1.92922E+08  1.45507E+08  4.62573E+09  5.46801E+09  4.60119E+09
 0.210   2.861  1.04127E+10  1.26066E+10  1.03433E+10  2.54218E+02  2.18303E+09  2.74393E+09  2.15624E+09  8.22964E+09  9.86268E+09  8.18709E+09
 0.220   3.014  1.19519E+10  1.48049E+10  1.18498E+10  3.39178E+02  2.47425E+09  3.15212E+09  2.43796E+09  9.47766E+09  1.16528E+10  9.41180E+09
 0.230   3.513  1.36995E+10  1.72087E+10  1.35574E+10  4.24109E+02  2.89797E+09  3.73131E+09  2.84891E+09  1.08015E+10  1.34773E+10  1.07085E+10
 0.240   4.088  1.48609E+10  1.89126E+10  1.46766E+10  5.20401E+02  3.13266E+09  4.07169E+09  3.07171E+09  1.17282E+10  1.48409E+10  1.16049E+10
 0.250   4.118  1.58118E+10  2.02899E+10  1.55873E+10  6.08851E+02  3.22826E+09  4.23178E+09  3.15706E+09  1.25835E+10  1.60581E+10  1.24303E+10
 0.260   4.956  1.68691E+10  2.18719E+10  1.65939E+10  7.16538E+02  3.64947E+09  4.81361E+09  3.56124E+09  1.32196E+10  1.70583E+10  1.30327E+10
 0.270   5.101  1.72675E+10  2.25728E+10  1.69496E+10  8.26756E+02  3.65239E+09  4.85066E+09  3.55426E+09  1.36151E+10  1.77221E+10  1.33953E+10
 0.280   5.826  1.80115E+10  2.37043E+10  1.76446E+10  9.37191E+02  3.95129E+09  5.27224E+09  3.83727E+09  1.40602E+10  1.84320E+10  1.38073E+10
 0.290   6.101  1.83816E+10  2.43752E+10  1.79709E+10  1.06068E+03  4.09635E+09  5.49134E+09  3.96941E+09  1.42853E+10  1.88839E+10  1.40015E+10
 0.300   6.032  1.84615E+10  2.46331E+10  1.80131E+10  1.18604E+03  4.05022E+09  5.45382E+09  3.91573E+09  1.44113E+10  1.91793E+10  1.40974E+10
 0.310   6.158  1.87164E+10  2.50987E+10  1.82281E+10  1.30563E+03  4.10979E+09  5.55384E+09  3.96496E+09  1.46066E+10  1.95448E+10  1.42631E+10
 0.320   6.732  1.91491E+10  2.57977E+10  1.86114E+10  1.43385E+03  4.29189E+09  5.82032E+09  4.13180E+09  1.48572E+10  1.99774E+10  1.44796E+10
 0.330   6.526  1.93370E+10  2.61465E+10  1.87592E+10  1.55605E+03  4.28840E+09  5.83468E+09  4.11860E+09  1.50486E+10  2.03118E+10  1.46406E+10
 0.340   6.141  1.93514E+10  2.62718E+10  1.87349E+10  1.68861E+03  4.18369E+09  5.70971E+09  4.00716E+09  1.51677E+10  2.05621E+10  1.47277E+10
 0.350   5.554  1.89668E+10  2.58478E+10  1.83208E+10  1.82799E+03  3.88784E+09  5.32385E+09  3.71135E+09  1.50789E+10  2.05239E+10  1.46095E+10
 0.360   5.976  1.94489E+10  2.65775E+10  1.87460E+10  1.95668E+03  4.12935E+09  5.66117E+09  3.93484E+09  1.53195E+10  2.09163E+10  1.48111E+10
 0.370   5.850  1.93570E+10  2.65374E+10  1.86139E+10  2.10426E+03  4.02528E+09  5.53374E+09  3.82405E+09  1.53317E+10  2.10036E+10  1.47899E+10
 0.380   4.053  1.75021E+10  2.40433E+10  1.67823E+10  2.26781E+03  3.08614E+09  4.25299E+09  2.91599E+09  1.44159E+10  1.97903E+10  1.38663E+10
 0.390   3.946  1.76275E+10  2.42480E+10  1.68749E+10  2.38742E+03  3.04967E+09  4.20808E+09  2.87481E+09  1.45779E+10  2.00400E+10  1.40001E+10
 0.400   4.153  1.81899E+10  2.50677E+10  1.73827E+10  2.51291E+03  3.18054E+09  4.39371E+09  2.99182E+09  1.50093E+10  2.06740E+10  1.43909E+10
 0.410   4.393  1.86487E+10  2.57401E+10  1.77918E+10  2.63349E+03  3.32269E+09  4.59705E+09  3.11953E+09  1.53260E+10  2.11431E+10  1.46723E+10
 0.420   9.376  2.17496E+10  3.00507E+10  2.07351E+10  2.72597E+03  5.02172E+09  6.95880E+09  4.72762E+09  1.67279E+10  2.30919E+10  1.60074E+10
 0.430   9.975  2.20530E+10  3.05211E+10  2.09846E+10  2.85808E+03  5.15851E+09  7.15459E+09  4.84801E+09  1.68945E+10  2.33665E+10  1.61366E+10
 0.440   8.915  2.20127E+10  3.05198E+10  2.09068E+10  2.98792E+03  5.01760E+09  6.97018E+09  4.70485E+09  1.69951E+10  2.35496E+10  1.62019E+10
 0.450   8.971  2.21112E+10  3.07017E+10  2.09587E+10  3.13157E+03  4.99478E+09  6.94654E+09  4.67232E+09  1.71164E+10  2.37552E+10  1.62864E+10
 0.460   9.248  2.22462E+10  3.09399E+10  2.10430E+10  3.28071E+03  5.02229E+09  6.99326E+09  4.68753E+09  1.72240E+10  2.39466E+10  1.63555E+10
 0.470   9.725  2.24761E+10  3.12984E+10  2.12241E+10  3.41202E+03  5.12855E+09  7.14757E+09  4.77992E+09  1.73475E+10  2.41509E+10  1.64442E+10
 0.480  10.695  2.27814E+10  3.17611E+10  2.14708E+10  3.55467E+03  5.29503E+09  7.38754E+09  4.92581E+09  1.74863E+10  2.43736E+10  1.65450E+10
 0.490  10.819  2.28358E+10  3.18742E+10  2.14816E+10  3.70026E+03  5.26866E+09  7.35886E+09  4.89062E+09  1.75671E+10  2.45153E+10  1.65910E+10
 0.500  12.327  2.31157E+10  3.23001E+10  2.17061E+10  3.84556E+03  5.41513E+09  7.57075E+09  5.01680E+09  1.77006E+10  2.47293E+10  1.66893E+10
 0.510  11.072  2.30501E+10  3.22373E+10  2.16027E+10  3.99714E+03  5.31000E+09  7.42813E+09  4.90975E+09  1.77401E+10  2.48092E+10  1.66930E+10
 0.520  10.373  2.32270E+10  3.24859E+10  2.17415E+10  4.10715E+03  5.23007E+09  7.32275E+09  4.82630E+09  1.79969E+10  2.51631E+10  1.69152E+10
 0.530   9.610  2.31793E+10  3.24464E+10  2.16560E+10  4.25653E+03  5.10599E+09  7.15418E+09  4.70021E+09  1.80733E+10  2.52922E+10  1.69558E+10
 0.540  10.987  2.36190E+10  3.30885E+10  2.20362E+10  4.38376E+03  5.32818E+09  7.47037E+09  4.89886E+09  1.82908E+10  2.56181E+10  1.71374E+10
 0.550  11.704  2.38470E+10  3.34203E+10  2.22157E+10  4.51633E+03  5.39321E+09  7.56510E+09  4.94984E+09  1.84538E+10  2.58552E+10  1.72658E+10
 0.560  11.962  2.39596E+10  3.36165E+10  2.22798E+10  4.67497E+03  5.40919E+09  7.59457E+09  4.95293E+09  1.85505E+10  2.60220E+10  1.73268E+10
