  39
 0.120       389771         8023       170992
 0.130       602717        11016       267295
 0.140       936391        17614       423116
 0.150      1326512        20862       618622
 0.160      1750764        25767       823968
 0.170      2136355        38483       986556
 0.180      2492372        44317      1172928
 0.190      2937962        56728      1370504
 0.200      3431257        70900      1611643
 0.210      3925924        97609      1866296
 0.220      4508509       106981      2138266
 0.230      5131152       116955      2466144
 0.240      6150256       132966      2922777
 0.250      6874264       177703      3300355
 0.260      7729346       232000      3744941
 0.270      8678957       290960      4194130
 0.280      9128048       357945      4475654
 0.290      9936059       419695      4746115
 0.300     10218141       484382      4975873
 0.310     10646857       549033      5160841
 0.320     10998040       604050      5344940
 0.330     11489668       695477      5489107
 0.340     11730101       820733      5587978
 0.350     11806008       867788      5697384
 0.360     11900297       928647      5802249
 0.370     11933396       982724      5889984
 0.380     12155543      1033305      5973431
 0.390     12271302      1097967      6065090
 0.400     12439394      1192408      6172719
 0.410     12571830      1213578      6252347
 0.420     12739319      1221915      6332983
 0.430     12974565      1228329      6410730
 0.440     12939042      1233734      6462857
 0.450     12951008      1237442      6513231
 0.460     13070037      1244851      6547318
 0.470     13087925      1260191      6570077
 0.480     13261318      1294639      6593528
 0.490     13249865      1333039      6609889
 0.500     13305984      1372448      6626762
