  41
 0.100  4.44965E+07  9.04018E+07  1.05640E+08  4.23442E+07  4.07614E+07  6.35093E+08  4.40470E-01
 0.110  6.54453E+07  1.11708E+08  1.33050E+08  6.23634E+07  2.69943E+07  8.11928E+08  3.15994E-01
 0.120  9.28575E+07  1.42598E+08  1.71015E+08  8.96697E+07  3.29921E+07  8.38865E+08  3.91553E-01
 0.130  1.11917E+08  2.04282E+08  2.44868E+08  1.08790E+08  6.49993E+07  8.81598E+08  6.79029E-01
 0.140  1.91224E+08  2.89976E+08  3.47026E+08  1.85890E+08  9.22076E+07  9.58252E+08  1.22002E+00
 0.150  2.84846E+08  5.66430E+08  6.68587E+08  2.78729E+08  2.58586E+08  1.23494E+09  3.10478E+00
 0.160  2.17470E+08  8.59877E+08  1.02847E+09  2.11615E+08  2.78103E+08  1.35881E+09  2.98231E+00
 0.170  1.85884E+08  9.97741E+08  1.21883E+09  1.80427E+08  1.42165E+08  1.41177E+09  1.51276E+00
 0.180  3.98374E+08  1.32588E+09  1.61599E+09  3.90356E+08  3.16325E+08  1.59792E+09  4.21580E+00
 0.190  3.80716E+08  1.60910E+09  1.97960E+09  3.73753E+08  2.84925E+08  1.64822E+09  3.11591E+00
 0.200  2.14646E+08  1.89091E+09  2.34725E+09  2.09571E+08  2.72331E+08  1.66750E+09  2.83523E+00
 0.210  1.53697E+08  2.11923E+09  2.66572E+09  1.49245E+08  1.55279E+08  1.73684E+09  1.61259E+00
 0.220  9.64010E+07  2.22493E+09  2.83036E+09  9.27258E+07  1.17641E+08  1.76835E+09  1.17815E+00
 0.230  3.85476E+08  2.88017E+09  3.63493E+09  3.79211E+08  4.19067E+08  1.94419E+09  4.58973E+00
 0.240  2.55251E+08  3.31985E+09  4.19636E+09  2.47771E+08  4.53514E+08  2.05385E+09  4.90908E+00
 0.250  1.52370E+08  3.47976E+09  4.45016E+09  1.48741E+08  2.17463E+08  2.00820E+09  2.04109E+00
 0.260  1.04519E+08  3.59686E+09  4.66042E+09  1.02193E+08  8.19571E+07  2.03714E+09  8.45411E-01
 0.270  1.09416E+08  3.63899E+09  4.76038E+09  1.06239E+08  6.22254E+07  2.09484E+09  7.35928E-01
 0.280  1.15496E+08  3.78285E+09  4.96494E+09  1.12162E+08  1.33998E+08  2.12701E+09  1.17661E+00
 0.290  1.01338E+08  3.95203E+09  5.21566E+09  9.87510E+07  1.06372E+08  2.14796E+09  1.18027E+00
 0.300  6.17300E+07  4.03767E+09  5.36401E+09  5.98508E+07  4.75539E+07  2.18329E+09  4.62600E-01
 0.310  5.55505E+07  3.89900E+09  5.21486E+09  5.40505E+07  2.71321E+07  2.10398E+09  2.93794E-01
 0.320  2.06275E+08  4.15998E+09  5.56713E+09  2.02172E+08  1.29939E+08  2.17074E+09  1.49642E+00
 0.330  1.66404E+08  4.32237E+09  5.77301E+09  1.61760E+08  1.99969E+08  2.17556E+09  2.22861E+00
 0.340  1.10279E+08  4.71416E+09  6.32147E+09  1.06907E+08  8.70649E+07  2.26585E+09  8.94679E-01
 0.350  7.14487E+07  4.72467E+09  6.36337E+09  6.91268E+07  6.71852E+07  2.23675E+09  6.54678E-01
 0.360  5.44593E+07  4.73193E+09  6.40512E+09  5.27109E+07  3.25217E+07  2.28032E+09  3.27604E-01
 0.370  5.39115E+07  4.73377E+09  6.43280E+09  5.21296E+07  3.01654E+07  2.26577E+09  3.27061E-01
 0.380  3.73257E+07  4.61340E+09  6.29096E+09  3.60288E+07  2.00954E+07  2.17980E+09  2.02020E-01
 0.390  4.90807E+07  4.64503E+09  6.35197E+09  4.73552E+07  2.16342E+07  2.19892E+09  2.64390E-01
 0.400  3.96710E+07  4.64698E+09  6.37005E+09  3.79846E+07  2.01464E+07  2.21273E+09  2.32531E-01
 0.410  2.76427E+07  4.67692E+09  6.42588E+09  2.65809E+07  1.40939E+07  2.20233E+09  1.36758E-01
 0.420  2.21233E+07  4.65411E+09  6.40830E+09  2.11854E+07  9.87568E+06  2.19892E+09  1.10747E-01
 0.430  6.35749E+07  4.59288E+09  6.33312E+09  6.15023E+07  1.50501E+07  2.09101E+09  1.88067E-01
 0.440  1.39986E+08  6.53755E+09  8.98985E+09  1.36505E+08  9.08628E+07  2.49390E+09  1.11801E+00
 0.450  6.01366E+07  6.46258E+09  8.89510E+09  5.84246E+07  5.86041E+07  2.41517E+09  5.58953E-01
 0.460  4.23638E+07  6.64721E+09  9.17454E+09  4.13340E+07  2.55500E+07  2.51834E+09  2.56163E-01
 0.470  3.51260E+07  6.42186E+09  8.88048E+09  3.38758E+07  2.10051E+07  2.41841E+09  2.34399E-01
 0.480  2.56643E+07  6.26718E+09  8.68338E+09  2.46504E+07  1.38346E+07  2.37335E+09  1.52158E-01
 0.490  2.97310E+07  6.41919E+09  8.90697E+09  2.85759E+07  1.44363E+07  2.38632E+09  1.68888E-01
 0.500  2.17488E+07  6.06242E+09  8.42296E+09  2.09105E+07  1.07842E+07  2.25986E+09  1.06786E-01
