  41
 0.100   0.863  4.28299E-01  4.38502E-01  4.37312E-01
 0.110   1.000  3.15994E-01  3.28449E-01  3.01008E-01
 0.120   1.119  4.26481E-01  4.49508E-01  3.99008E-01
 0.130   1.000  6.79029E-01  6.56763E-01  7.31309E-01
 0.140   1.206  1.28348E+00  1.39116E+00  1.06491E+00
 0.150   1.707  3.40338E+00  3.63836E+00  3.09947E+00
 0.160   1.975  3.75139E+00  3.58426E+00  3.95274E+00
 0.170   2.287  2.61133E+00  2.63378E+00  2.59386E+00
 0.180   2.323  5.36545E+00  5.60558E+00  4.67982E+00
 0.190   2.459  4.91594E+00  5.14551E+00  4.73413E+00
 0.200   2.536  5.50047E+00  5.26906E+00  6.19927E+00
 0.210   2.770  4.51742E+00  4.71639E+00  4.28950E+00
 0.220   3.114  5.64267E+00  5.37114E+00  6.48514E+00
 0.230   3.000  6.34230E+00  5.96686E+00  6.81991E+00
 0.240   2.939  9.44143E+00  8.96714E+00  9.72568E+00
 0.250   2.783  4.19945E+00  4.02892E+00  4.99618E+00
 0.260   3.589  3.28268E+00  3.19087E+00  3.40580E+00
 0.270   3.473  7.73195E+00  7.81924E+00  7.03606E+00
 0.280   4.576  4.50994E+00  4.59925E+00  4.93253E+00
 0.290   4.695  5.35812E+00  5.30469E+00  5.47440E+00
 0.300   5.657  3.28436E+00  3.32109E+00  3.49902E+00
 0.310   5.664  3.06702E+00  3.06978E+00  3.00840E+00
 0.320   5.120  3.94378E+00  3.74722E+00  4.27146E+00
 0.330   4.586  5.96379E+00  5.94435E+00  5.69542E+00
 0.340   4.386  4.08981E+00  4.09335E+00  4.29205E+00
 0.350   4.570  3.13941E+00  3.01803E+00  3.30051E+00
 0.360   4.493  2.59860E+00  2.49449E+00  2.69415E+00
 0.370   5.005  2.00765E+00  1.89951E+00  2.22363E+00
 0.380   4.898  1.42323E+00  1.34662E+00  1.56830E+00
 0.390   5.169  1.98603E+00  1.95322E+00  1.85104E+00
 0.400   5.462  1.53722E+00  1.62427E+00  1.38927E+00
 0.410   6.285  7.84699E-01  7.32640E-01  9.21128E-01
 0.420   7.876  5.06716E-01  4.83383E-01  5.34844E-01
 0.430   5.241  1.80505E+00  1.88503E+00  1.48283E+00
 0.440   3.329  2.84765E+00  2.81935E+00  2.55112E+00
 0.450   2.893  1.35489E+00  1.35358E+00  1.54095E+00
 0.460   2.725  6.80580E-01  6.47528E-01  7.90086E-01
 0.470   2.766  6.09311E-01  6.09887E-01  6.32239E-01
 0.480   2.887  4.05152E-01  3.91682E-01  4.20871E-01
 0.490   2.696  3.67772E-01  3.66310E-01  3.54206E-01
 0.500   2.825  2.38479E-01  2.26914E-01  2.85388E-01
