[dsname, z, center[0], center[1], center[2], Rvir, pathname]
['VELA_v2_17', 3.9975186240960134, 0.5213756561279297 code_length, 0.5594806671142578 code_length, 0.4694652557373047 code_length, 43.75, 'VELA_v2_17/10MpcBox_csf512_a0.200.d', -0.396089, 0.883553, 318.426, 5717.12307788854]
[R, n_th, n_phi, n_r, r_max, num_lines, line_reached]
[0.04591470157695941, 12, 12, 12, 1.5, 40, 2]
ions
[H I]
[0.00000000e+00 1.83259571e+00 5.23598776e+00 9.39164350e-03 5.21376579e+00 5.43565453e-01 5.21039483e-01 4.57715868e-01 5.05676947e-01 6.04358474e-01 4.65135185e-01 1.34229909e+18 2.51251531e-03]
[1.00000000e+00 2.35619449e+00 5.23598776e-01 4.17406378e-03 1.68552669e+00 5.49532945e-01 5.75623865e-01 4.36988740e-01 4.98975952e-01 5.45582084e-01 5.07516190e-01 2.00212910e+18 2.98233942e-03]
[ 2.          2.61799388  3.66519143  0.00417406  1.23790419  0.50154346  0.54789167  0.42970926  0.53650538  0.56523023  0.51283373 -1. -1.        ]
[ 3.          2.87979327  4.1887902   0.00730461  5.99444891  0.51548901  0.54906614  0.42513643  0.54107908  0.56615489  0.51165673 -1. -1.        ]
[ 4.          2.35619449  0.52359878  0.01043516  3.25889274  0.54953294  0.57562387  0.43698874  0.50326804  0.52579002  0.4987041  -1. -1.        ]
[ 5.          2.61799388  3.66519143  0.0062611   3.92610667  0.50154346  0.54789167  0.42970926  0.54303324  0.58224517  0.50408046 -1. -1.        ]
[ 6.00000000e+00  1.57079633e+00  4.71238898e+00  3.13054783e-03  2.95758826e+00  5.21375577e-01  5.13566142e-01  4.69592657e-01  5.15233174e-01  6.05185648e-01  4.70473726e-01 -1.00000000e+00 -1.00000000e+00]
[ 7.00000000e+00  2.09439510e+00  1.04719755e+00  6.26109567e-03  3.43629497e+00  5.41285906e-01  5.93852894e-01  4.46437191e-01  5.11215328e-01  5.18233484e-01  4.88982512e-01 -1.00000000e+00 -1.00000000e+00]
[ 8.00000000e+00  1.57079633e+00  0.00000000e+00  4.17406378e-03  3.79760616e+00  5.67290322e-01  5.59480746e-01  4.69522369e-01  4.75844411e-01  5.52878403e-01  4.64355781e-01 -1.00000000e+00 -1.00000000e+00]
[ 9.00000000e+00  1.04719755e+00  0.00000000e+00  5.21757972e-03  4.76081025e+00  5.61110367e-01  5.59544436e-01  4.92471962e-01  4.87338423e-01  5.59894691e-01  4.37789085e-01 -1.00000000e+00 -1.00000000e+00]
[ 1.00000000e+01  1.04719755e+00  1.04719755e+00  6.26109567e-03  3.83514291e+00  5.41228793e-01  5.93980296e-01  4.92351680e-01  5.12140847e-01  5.24258712e-01  4.40146015e-01 -1.00000000e+00 -1.00000000e+00]
[ 1.10000000e+01  1.57079633e+00  0.00000000e+00  1.04351594e-02  3.98559904e-01  5.67290322e-01  5.59480746e-01  4.69522369e-01  4.77734731e-01  5.78258648e-01  4.77257083e-01 -1.00000000e+00 -1.00000000e+00]
[ 1.20000000e+01  1.83259571e+00  4.71238898e+00  9.39164350e-03  5.09448460e+00  5.21390361e-01  5.15097668e-01  4.57704772e-01  5.28243641e-01  6.06436657e-01  4.64251594e-01 -1.00000000e+00 -1.00000000e+00]
[ 1.30000000e+01  1.30899694e+00  3.66519143e+00  7.30461161e-03  3.35832136e+00  4.82952469e-01  5.37338562e-01  4.81362554e-01  5.51107654e-01  5.92865432e-01  4.54824342e-01 -1.00000000e+00 -1.00000000e+00]
[ 1.40000000e+01  1.30899694e+00  2.09439510e+00  9.39164350e-03  2.10715101e+00  4.99185860e-01  5.97921851e-01  4.81214643e-01  5.52837035e-01  5.23797744e-01  4.73481117e-01 -1.00000000e+00 -1.00000000e+00]
[ 1.50000000e+01  1.57079633e+00  5.23598776e-01  3.13054783e-03  3.13767645e+00  5.61138963e-01  5.82437998e-01  4.69451016e-01  4.84919788e-01  5.31220116e-01  4.69522787e-01 -1.00000000e+00 -1.00000000e+00]
[ 1.60000000e+01  7.85398163e-01  1.04719755e+00  1.14786754e-02  2.84463307e+00  5.37568606e-01  5.87687571e-01  5.01873878e-01  5.22283571e-01  5.18331596e-01  4.43660858e-01 -1.00000000e+00 -1.00000000e+00]
[ 1.70000000e+01  2.35619449e+00  5.75958653e+00  7.30461161e-03  4.19442632e+00  5.49532889e-01  5.43157393e-01  4.37078827e-01  4.82680923e-01  5.73619440e-01  4.92174359e-01 -1.00000000e+00 -1.00000000e+00]
[ 1.80000000e+01  5.23598776e-01  0.00000000e+00  1.14786754e-02  9.90260990e-01  5.44283528e-01  5.59591039e-01  5.09256926e-01  4.83696121e-01  5.71618154e-01  4.41307284e-01 -1.00000000e+00 -1.00000000e+00]
[ 1.90000000e+01  2.09439510e+00  5.23598776e-01  9.39164350e-03  1.51169936e+00  5.55840246e-01  5.79298598e-01  4.46495679e-01  4.95700576e-01  5.46044692e-01  5.07405753e-01 -1.00000000e+00 -1.00000000e+00]
[ 2.00000000e+01  1.57079633e+00  0.00000000e+00  1.04351594e-03  3.34176165e+00  5.67290322e-01  5.59480746e-01  4.69522369e-01  4.75485210e-01  5.57434613e-01  4.68998980e-01 -1.00000000e+00 -1.00000000e+00]
[ 2.10000000e+01  1.30899694e+00  3.14159265e+00  6.26109567e-03  7.17249363e-01  4.77010712e-01  5.59513564e-01  4.81293633e-01  5.67027953e-01  5.50119875e-01  4.65759985e-01 -1.00000000e+00 -1.00000000e+00]
[ 2.20000000e+01  2.09439510e+00  4.18879020e+00  1.04351594e-03  5.98291697e+00  5.01522520e-01  5.24981039e-01  4.46578831e-01  5.43099596e-01  5.93231664e-01  4.91809773e-01 -1.00000000e+00 -1.00000000e+00]
[ 2.30000000e+01  2.35619449e+00  3.14159265e+00  1.04351594e-02  1.35817109e+00  4.88949469e-01  5.59390525e-01  4.36958424e-01  5.38105161e-01  5.55310674e-01  5.14416232e-01 -1.00000000e+00 -1.00000000e+00]
[ 2.40000000e+01  2.87979327e+00  1.57079633e+00  1.04351594e-02  1.20980544e+00  5.21430843e-01  5.71241160e-01  4.25082291e-01  5.14129001e-01  5.66709539e-01  5.16508692e-01 -1.00000000e+00 -1.00000000e+00]
[ 2.50000000e+01  2.35619449e+00  0.00000000e+00  7.30461161e-03  6.00255534e+00  5.53882613e-01  5.59390637e-01  4.37039194e-01  4.86854142e-01  5.73423946e-01  4.98218354e-01 -1.00000000e+00 -1.00000000e+00]
[ 2.60000000e+01  2.09439510e+00  3.14159265e+00  1.14786754e-02  4.73043526e+00  4.81640945e-01  5.59416898e-01  4.46458550e-01  5.69895725e-01  5.59085235e-01  4.71828278e-01 -1.00000000e+00 -1.00000000e+00]
[ 2.70000000e+01  1.04719755e+00  4.18879020e+00  8.34812756e-03  2.32192939e+00  5.01465407e-01  5.25108440e-01  4.92493321e-01  5.33923483e-01  6.03577326e-01  4.57539831e-01 -1.00000000e+00 -1.00000000e+00]
[ 2.80000000e+01  2.35619449e+00  1.57079633e+00  1.04351594e-02  4.47968363e+00  5.21416097e-01  5.91857053e-01  4.36908723e-01  5.26047854e-01  5.14673023e-01  4.86444685e-01 -1.00000000e+00 -1.00000000e+00]
[ 2.90000000e+01  1.04719755e+00  2.61799388e+00  6.26109567e-03  3.01670180e+00  4.86911134e-01  5.79425881e-01  4.92324499e-01  5.62031060e-01  5.50179945e-01  4.48343693e-01 -1.00000000e+00 -1.00000000e+00]
[ 3.00000000e+01  1.30899694e+00  1.04719755e+00  8.34812756e-03  5.63868689e+00  5.43536021e-01  5.97921928e-01  4.81269810e-01  4.89846845e-01  5.31031020e-01  4.48471668e-01 -1.00000000e+00 -1.00000000e+00]
[ 3.10000000e+01  2.09439510e+00  5.75958653e+00  6.26109567e-03  3.98216587e+00  5.55840178e-01  5.39535453e-01  4.46606012e-01  4.79412394e-01  5.74181473e-01  4.83903285e-01 -1.00000000e+00 -1.00000000e+00]
[32.          1.30899694  1.04719755  0.          1.62261383  0.54353602  0.59792193  0.48126981  0.49921529  0.52103941  0.4576607  -1. -1.        ]
[33.          0.52359878  3.66519143  0.          1.69121028  0.50144454  0.54811233  0.50923549  0.54130677  0.570849    0.42969502 -1. -1.        ]
[ 3.40000000e+01  2.61799388e+00  2.09439510e+00  8.34812756e-03  5.97592433e+00  5.09946485e-01  5.79251887e-01  4.29632697e-01  5.21030665e-01  5.28785369e-01  5.05546535e-01 -1.00000000e+00 -1.00000000e+00]
[ 3.50000000e+01  2.09439510e+00  1.57079633e+00  1.14786754e-02  5.74798006e+00  5.21404281e-01  5.99180111e-01  4.46397678e-01  5.02203495e-01  5.16445037e-01  4.81310092e-01 -1.00000000e+00 -1.00000000e+00]
[ 3.60000000e+01  2.87979327e+00  5.23598776e-01  9.39164350e-03  4.67071386e+00  5.31722324e-01  5.65299401e-01  4.25111579e-01  4.96457586e-01  5.44340934e-01  5.07268625e-01 -1.00000000e+00 -1.00000000e+00]
[ 3.70000000e+01  2.09439510e+00  4.18879020e+00  1.14786754e-02  2.03407973e+00  5.01522520e-01  5.24981039e-01  4.46578831e-01  5.26421162e-01  5.88317099e-01  5.08233031e-01 -1.00000000e+00 -1.00000000e+00]
[ 3.80000000e+01  7.85398163e-01  3.66519143e+00  5.21757972e-03  5.33059897e+00  4.93218367e-01  5.43337469e-01  5.01941771e-01  5.47010714e-01  5.67209321e-01  4.31449520e-01 -1.00000000e+00 -1.00000000e+00]
[ 3.90000000e+01  1.57079633e+00  2.61799388e+00  3.13054783e-03  6.06544379e+00  4.81612429e-01  5.82437861e-01  4.69352094e-01  5.57906799e-01  5.31344123e-01  4.68239342e-01 -1.00000000e+00 -1.00000000e+00]
