  34
 0.170   2.042   1.529  2.18527E+06  2.62971E+06  2.17444E+06  1.68074E+02  0.00000E+00  0.00000E+00  0.00000E+00  2.18527E+06  2.62971E+06  2.17444E+06
 0.180   2.228   1.222  3.70168E+06  4.32853E+06  3.68387E+06  1.58926E+02  1.26656E+06  1.56200E+06  1.25596E+06  2.43513E+06  2.76653E+06  2.42791E+06
 0.190   2.549   1.581  5.95580E+06  6.96854E+06  5.93259E+06  1.40569E+02  1.83574E+05  2.28889E+05  1.81707E+05  5.77223E+06  6.73966E+06  5.75088E+06
 0.200   2.620   1.504  7.55908E+06  9.01041E+06  7.50292E+06  2.53668E+02  2.06681E+06  2.56313E+06  2.04803E+06  5.49226E+06  6.44728E+06  5.45490E+06
 0.210   2.828   2.030  8.00350E+06  9.92494E+06  7.90113E+06  4.18778E+02  2.51023E+06  3.17280E+06  2.46956E+06  5.49328E+06  6.75214E+06  5.43157E+06
 0.220   2.500   1.453  1.02854E+07  1.23359E+07  1.01811E+07  3.55079E+02  1.80475E+06  2.33340E+06  1.76816E+06  8.48067E+06  1.00025E+07  8.41289E+06
 0.230   2.997   2.256  7.60235E+06  9.56840E+06  7.49899E+06  5.04360E+02  2.05972E+06  2.64384E+06  2.02407E+06  5.54264E+06  6.92456E+06  5.47492E+06
 0.240   2.879   1.639  5.35453E+06  6.72230E+06  5.27747E+06  5.47450E+02  7.76426E+05  1.00527E+06  7.61145E+05  4.57810E+06  5.71703E+06  4.51633E+06
 0.250   4.084   3.465  1.90655E+07  2.35330E+07  1.88155E+07  5.16798E+02  3.54768E+06  4.66331E+06  3.45863E+06  1.55179E+07  1.88696E+07  1.53569E+07
 0.260   4.434   2.843  3.14205E+07  3.96466E+07  3.10178E+07  5.41809E+02  9.01007E+06  1.16175E+07  8.82120E+06  2.24104E+07  2.80291E+07  2.21966E+07
 0.270   2.892   2.463  1.21412E+07  1.56299E+07  1.19459E+07  7.03421E+02  2.18845E+06  2.85753E+06  2.13612E+06  9.95275E+06  1.27724E+07  9.80982E+06
 0.280   4.526   3.633  4.09900E+07  5.19328E+07  4.03963E+07  6.56531E+02  1.00155E+07  1.31808E+07  9.76326E+06  3.09745E+07  3.87520E+07  3.06330E+07
 0.290   3.891   3.076  2.73616E+07  3.55521E+07  2.69222E+07  7.83139E+02  4.97886E+06  6.59517E+06  4.85402E+06  2.23827E+07  2.89569E+07  2.20682E+07
 0.300   5.134   3.629  3.15840E+07  4.08533E+07  3.10803E+07  7.90972E+02  6.80418E+06  9.03543E+06  6.62037E+06  2.47798E+07  3.18179E+07  2.44599E+07
 0.310   4.669   2.212  3.12484E+07  4.09202E+07  3.06135E+07  1.00251E+03  7.57377E+06  1.01223E+07  7.34610E+06  2.36746E+07  3.07978E+07  2.32674E+07
 0.320   3.649   2.395  2.67123E+07  3.50505E+07  2.61366E+07  1.09878E+03  4.74434E+06  6.41414E+06  4.57290E+06  2.19680E+07  2.86364E+07  2.15637E+07
 0.330   5.517   2.985  3.19729E+07  4.24748E+07  3.11856E+07  1.27750E+03  7.91067E+06  1.07151E+07  7.63521E+06  2.40622E+07  3.17596E+07  2.35503E+07
 0.340   4.875   2.814  3.44386E+07  4.59832E+07  3.35524E+07  1.37001E+03  8.30289E+06  1.12745E+07  8.00589E+06  2.61357E+07  3.47087E+07  2.55465E+07
 0.350   5.457   2.393  3.82156E+07  5.10945E+07  3.71420E+07  1.51498E+03  1.19982E+07  1.63598E+07  1.15439E+07  2.62174E+07  3.47347E+07  2.55981E+07
 0.360   6.143   2.708  4.73293E+07  6.28495E+07  4.61023E+07  1.45458E+03  1.31772E+07  1.79675E+07  1.26899E+07  3.41521E+07  4.48820E+07  3.34124E+07
 0.370   6.369   2.279  5.90691E+07  7.75183E+07  5.76283E+07  1.40957E+03  1.58168E+07  2.16285E+07  1.52120E+07  4.32523E+07  5.58898E+07  4.24163E+07
 0.380   7.301   4.285  6.70406E+07  8.89027E+07  6.53235E+07  1.51797E+03  1.77193E+07  2.43453E+07  1.69988E+07  4.93212E+07  6.45574E+07  4.83247E+07
 0.390   6.471   3.319  5.98212E+07  8.02536E+07  5.81431E+07  1.71427E+03  1.56952E+07  2.16518E+07  1.50411E+07  4.41261E+07  5.86018E+07  4.31020E+07
 0.400   6.882   3.435  8.41188E+07  1.08364E+08  8.23035E+07  1.34033E+03  1.54749E+07  2.13671E+07  1.47863E+07  6.86439E+07  8.69964E+07  6.75172E+07
 0.410   9.728   6.207  3.86003E+07  5.17180E+07  3.74355E+07  1.87168E+03  8.73320E+06  1.20852E+07  8.30155E+06  2.98671E+07  3.96328E+07  2.91339E+07
 0.420   8.516   5.202  4.14450E+07  5.62763E+07  4.01679E+07  1.99482E+03  8.74071E+06  1.21272E+07  8.30858E+06  3.27043E+07  4.41491E+07  3.18593E+07
 0.430   9.005   4.649  4.10911E+07  5.60883E+07  3.97864E+07  2.09600E+03  8.72730E+06  1.21513E+07  8.27715E+06  3.23638E+07  4.39370E+07  3.15092E+07
 0.440   4.722   1.301  3.22159E+07  4.38212E+07  3.12393E+07  2.04761E+03  4.22999E+06  5.85940E+06  4.01241E+06  2.79859E+07  3.79618E+07  2.72269E+07
 0.450   7.239   3.027  6.47227E+07  8.74768E+07  6.29417E+07  1.92982E+03  1.77558E+07  2.44754E+07  1.70648E+07  4.69670E+07  6.30013E+07  4.58769E+07
 0.460  10.413   5.707  7.64157E+07  1.04865E+08  7.40764E+07  2.19189E+03  2.06997E+07  2.87412E+07  1.97577E+07  5.57160E+07  7.61235E+07  5.43187E+07
 0.470  10.771   4.175  8.50130E+07  1.16574E+08  8.23589E+07  2.25958E+03  2.21806E+07  3.08260E+07  2.11606E+07  6.28324E+07  8.57477E+07  6.11982E+07
 0.480   7.862   5.549  6.88951E+07  9.46980E+07  6.64945E+07  2.51105E+03  1.94096E+07  2.71047E+07  1.84456E+07  4.94855E+07  6.75933E+07  4.80489E+07
 0.490   9.078   4.428  8.82148E+07  1.21671E+08  8.51673E+07  2.56765E+03  2.95284E+07  4.10942E+07  2.82021E+07  5.86865E+07  8.05769E+07  5.69652E+07
 0.500   9.305   3.837  1.04661E+08  1.40059E+08  1.01546E+08  2.24963E+03  2.78413E+07  3.89427E+07  2.65267E+07  7.68197E+07  1.01116E+08  7.50194E+07
