  34
 0.170  15.000   2.042  1.90723E+10  1.48435E+09  8.24565E+07  9.98855E+07  1.75055E+10  1.25259E+07  2.56014E+07  3.10651E+07  6.14226E+08  8.40594E+08  7.83841E+07  9.48185E+07  1.23558E+10  2.75870E+07  3.35266E+07  4.06821E+07  1.03632E+09
 0.180  16.750   2.228  2.16341E+10  1.79699E+09  9.07787E+07  1.11491E+08  1.97463E+10  1.00844E+08  3.58752E+07  4.35318E+07  8.58735E+08  1.08975E+09  8.49115E+07  1.04118E+08  1.12438E+10  1.83187E+08  4.93533E+07  6.02149E+07  1.50805E+09
 0.190  18.000   2.549  2.32364E+10  1.97155E+09  1.10820E+08  1.36957E+08  2.11540E+10  1.22222E+07  3.07497E+07  3.81943E+07  9.51351E+08  1.17794E+09  1.06505E+08  1.31474E+08  1.18973E+10  7.58229E+07  4.49404E+07  5.55323E+07  1.63782E+09
 0.200  19.750   2.620  2.54823E+10  2.16392E+09  1.25517E+08  1.56362E+08  2.31928E+10  8.72282E+07  3.97353E+07  5.00297E+07  1.20542E+09  1.15312E+09  1.20643E+08  1.50158E+08  1.13855E+10  2.08194E+08  5.99693E+07  7.51478E+07  1.89830E+09
 0.210  21.000   2.828  2.66890E+10  2.51163E+09  1.35131E+08  1.70770E+08  2.40423E+10  8.92027E+07  4.59419E+07  5.80280E+07  1.20393E+09  1.16320E+09  1.29673E+08  1.63730E+08  1.11776E+10  1.51787E+08  6.75899E+07  8.52513E+07  1.98917E+09
 0.220  22.000   2.500  2.73273E+10  2.89114E+09  1.72146E+08  2.15416E+08  2.42640E+10  1.63466E+08  7.84787E+07  9.66024E+07  1.41202E+09  1.39002E+09  1.66281E+08  2.07776E+08  1.08411E+10  1.96787E+08  8.91023E+07  1.09963E+08  1.74216E+09
 0.230  25.000   2.997  3.61991E+10  3.60360E+09  2.16505E+08  2.75470E+08  3.23790E+10  1.49305E+08  9.74355E+07  1.22373E+08  1.75214E+09  1.03202E+09  1.77800E+08  2.25514E+08  1.06191E+10  2.24834E+08  1.14538E+08  1.44069E+08  2.33311E+09
 0.240  28.250   2.879  4.56172E+10  4.70797E+09  2.46241E+08  3.14675E+08  4.06630E+10  1.99432E+08  1.28120E+08  1.61848E+08  2.33993E+09  1.29259E+09  2.14173E+08  2.73031E+08  1.42288E+10  2.03973E+08  1.30212E+08  1.64537E+08  2.40926E+09
 0.250  31.000   4.084  5.36201E+10  5.08344E+09  3.94993E+08  4.91231E+08  4.81417E+10  1.89693E+08  1.85366E+08  2.32558E+08  3.24963E+09  2.20319E+09  3.52609E+08  4.35904E+08  1.63219E+10  4.42928E+08  2.33369E+08  2.91463E+08  5.07010E+09
 0.260  33.000   4.434  5.75547E+10  4.84802E+09  4.19914E+08  5.35255E+08  5.22867E+10  1.09100E+08  1.99708E+08  2.54346E+08  2.65120E+09  1.09499E+09  3.39993E+08  4.33436E+08  1.48423E+10  2.04116E+08  2.40569E+08  3.06598E+08  4.32793E+09
 0.270  34.750   2.892  6.09001E+10  4.51632E+09  4.35314E+08  5.60814E+08  5.59485E+10  4.05427E+08  2.23473E+08  2.88547E+08  3.45124E+09  1.56452E+09  3.65717E+08  4.69768E+08  1.36345E+10  2.89486E+08  1.86144E+08  2.40396E+08  2.46272E+09
 0.280  36.250   4.526  6.13536E+10  4.28819E+09  4.98782E+08  6.41560E+08  5.65666E+10  1.85482E+08  2.59562E+08  3.32700E+08  3.28887E+09  1.37541E+09  4.38750E+08  5.62053E+08  1.42307E+10  3.91967E+08  3.19577E+08  4.08534E+08  4.69864E+09
 0.290  37.250   3.891  6.08771E+10  3.78654E+09  5.05614E+08  6.59617E+08  5.65850E+10  2.20033E+08  2.77508E+08  3.62012E+08  3.66340E+09  1.06381E+09  4.38138E+08  5.70110E+08  1.35056E+10  2.38666E+08  2.85835E+08  3.72780E+08  3.90060E+09
 0.300  39.000   5.134  6.26647E+10  3.57823E+09  5.26063E+08  6.90266E+08  5.85604E+10  2.71452E+08  2.97796E+08  3.89050E+08  3.62433E+09  1.12572E+09  4.52547E+08  5.92457E+08  1.31171E+10  4.60583E+08  3.63252E+08  4.74708E+08  5.58041E+09
 0.310  40.250   4.669  6.26520E+10  3.47557E+09  5.35098E+08  7.07926E+08  5.86413E+10  2.75468E+08  3.27573E+08  4.31880E+08  4.34722E+09  9.41164E+08  4.78867E+08  6.32595E+08  1.42798E+10  3.78747E+08  3.60443E+08  4.75244E+08  5.41214E+09
 0.320  41.500   3.649  6.26901E+10  3.49913E+09  5.42325E+08  7.22292E+08  5.86486E+10  3.64556E+08  3.16466E+08  4.20006E+08  4.45920E+09  1.07160E+09  4.76321E+08  6.33220E+08  1.45084E+10  3.15915E+08  2.91264E+08  3.86450E+08  3.61028E+09
 0.330  42.750   5.517  6.31764E+10  3.66703E+09  5.57010E+08  7.44836E+08  5.89524E+10  2.66172E+08  3.31515E+08  4.42999E+08  4.53844E+09  1.05178E+09  4.90283E+08  6.54509E+08  1.41684E+10  5.25358E+08  3.96141E+08  5.28699E+08  6.59769E+09
 0.340  44.250   4.875  6.42022E+10  3.81766E+09  5.65974E+08  7.60778E+08  5.98186E+10  3.05485E+08  3.48498E+08  4.67312E+08  4.76557E+09  1.16344E+09  5.03137E+08  6.75228E+08  1.40014E+10  3.55470E+08  3.73246E+08  5.00474E+08  5.49303E+09
 0.350  45.750   5.457  6.53963E+10  3.95617E+09  5.79947E+08  7.81481E+08  6.08602E+10  4.43299E+08  3.75168E+08  5.03756E+08  4.97757E+09  1.50067E+09  5.07268E+08  6.82329E+08  1.35845E+10  6.12298E+08  4.13158E+08  5.55171E+08  6.37089E+09
 0.360  47.750   6.143  6.80475E+10  4.19093E+09  5.91226E+08  7.99862E+08  6.32653E+10  3.79151E+08  3.85087E+08  5.19573E+08  5.38512E+09  1.50373E+09  5.24174E+08  7.08195E+08  1.39214E+10  6.77992E+08  4.47437E+08  6.03942E+08  7.70243E+09
 0.370  50.000   6.369  7.24047E+10  4.47910E+09  6.13479E+08  8.30102E+08  6.73121E+10  6.17280E+08  4.31131E+08  5.81847E+08  6.06610E+09  1.62115E+09  5.49274E+08  7.41903E+08  1.43810E+10  9.41711E+08  4.87003E+08  6.57258E+08  8.40719E+09
 0.380  55.000   7.301  8.92470E+10  6.07561E+09  7.00015E+08  9.45233E+08  8.24713E+10  4.85255E+08  4.67948E+08  6.31538E+08  6.80961E+09  1.25126E+09  5.82205E+08  7.85398E+08  1.45515E+10  8.19467E+08  5.38060E+08  7.25744E+08  9.95888E+09
 0.390  62.750   6.471  1.23838E+11  8.79724E+09  8.93838E+08  1.20793E+09  1.14147E+11  8.24088E+08  5.36008E+08  7.24985E+08  8.31998E+09  1.36400E+09  6.02384E+08  8.15366E+08  1.46568E+10  8.68850E+08  5.42931E+08  7.34421E+08  8.65062E+09
 0.400  66.000   6.882  1.34417E+11  9.07028E+09  9.57580E+08  1.28961E+09  1.24389E+11  1.09402E+09  5.97700E+08  8.01750E+08  1.00210E+10  1.78364E+09  6.74927E+08  9.06823E+08  1.80658E+10  1.16067E+09  6.05832E+08  8.12824E+08  1.06612E+10
 0.410  68.500   9.728  1.39997E+11  8.74333E+09  1.24161E+09  1.63254E+09  1.30012E+11  3.55400E+08  7.57697E+08  1.00240E+09  1.18273E+10  7.21664E+08  8.60131E+08  1.13473E+09  1.98108E+10  6.67375E+08  8.54863E+08  1.12801E+09  1.91165E+10
 0.420  70.500   8.516  1.43130E+11  8.00939E+09  1.25551E+09  1.67789E+09  1.33865E+11  1.66439E+08  7.02368E+08  9.41469E+08  8.07988E+09  4.36623E+08  7.75292E+08  1.04058E+09  1.38197E+10  2.93130E+08  7.42933E+08  9.96581E+08  1.07672E+10
 0.430  72.750   9.005  1.47016E+11  7.55567E+09  1.24392E+09  1.68249E+09  1.38217E+11  1.68894E+08  7.12018E+08  9.65754E+08  8.47063E+09  3.12772E+08  7.87965E+08  1.06823E+09  1.28535E+10  2.55902E+08  7.72079E+08  1.04661E+09  1.12255E+10
 0.440  74.750   4.722  1.50178E+11  7.17642E+09  1.23699E+09  1.68668E+09  1.41764E+11  5.05565E+08  7.32119E+08  9.99769E+08  9.65260E+09  6.25304E+08  8.06702E+08  1.10179E+09  1.43594E+10  3.55897E+08  5.76668E+08  7.87520E+08  4.87207E+09
 0.450  76.500   7.239  1.51319E+11  6.99745E+09  1.25437E+09  1.71593E+09  1.43067E+11  9.42390E+08  9.32874E+08  1.27564E+09  1.39496E+10  1.20231E+09  1.04902E+09  1.43540E+09  1.98344E+10  8.94308E+08  8.99364E+08  1.22959E+09  1.28193E+10
 0.460  77.750  10.413  1.49814E+11  7.02737E+09  1.26208E+09  1.73548E+09  1.41524E+11  7.42125E+08  8.25435E+08  1.13498E+09  1.16607E+10  1.20133E+09  9.39417E+08  1.29145E+09  1.68724E+10  1.26691E+09  9.53865E+08  1.31141E+09  1.78617E+10
 0.470  79.000  10.771  1.48117E+11  7.16752E+09  1.26753E+09  1.75002E+09  1.39682E+11  8.06699E+08  9.14731E+08  1.26246E+09  1.24686E+10  1.25204E+09  9.94736E+08  1.37316E+09  1.68970E+10  1.43640E+09  1.01340E+09  1.39899E+09  1.84923E+10
 0.480  80.250   7.862  1.47061E+11  7.25967E+09  1.29398E+09  1.78788E+09  1.38507E+11  7.90074E+08  8.97962E+08  1.23949E+09  1.27000E+10  1.09107E+09  9.93491E+08  1.37215E+09  1.70812E+10  7.69178E+08  8.90660E+08  1.22936E+09  1.23566E+10
 0.490  81.500   9.078  1.46385E+11  7.34916E+09  1.30566E+09  1.81073E+09  1.37730E+11  9.22967E+08  9.44588E+08  1.30839E+09  1.33384E+10  1.26068E+09  1.02028E+09  1.41386E+09  1.73607E+10  1.09776E+09  9.91343E+08  1.37358E+09  1.53704E+10
 0.500  83.250   9.305  1.47398E+11  7.47452E+09  1.33491E+09  1.85135E+09  1.38589E+11  1.35085E+09  9.61869E+08  1.33064E+09  1.36608E+10  1.67585E+09  1.03576E+09  1.43359E+09  1.74892E+10  1.55050E+09  1.00565E+09  1.39163E+09  1.58699E+10
