  34
 0.170 -3.53868E-01 -5.22053E-01 -3.17815E-01 -2.91832E+01 -3.47339E+01  6.64775E+01   2.042  2.75870E+07  2.32355E+07  3.35266E+07  0.00000E+00  1.03632E+09  4.55290E-03  2.15820E+02   6.939   7.200
 0.180  4.76290E-01  2.05075E-01  7.30637E-02 -2.37734E+01 -6.60210E+00  1.62536E+01   2.228  1.83187E+08  1.71692E+08  4.93533E+07  1.77415E+07  1.50805E+09  1.27105E-01  2.72307E+02   7.192   7.199
 0.190  2.08474E-01 -3.14657E-01  3.00094E-01  7.15236E+00  6.53599E+00  1.32655E+01   2.549  7.58229E+07  7.25615E+07  4.49404E+07  1.09158E+07  1.63782E+09  4.80230E-02  3.42531E+02   7.236   7.164
 0.200 -3.75993E-01 -4.01095E-02 -5.28401E-01 -4.48021E+00  5.33763E+00 -2.94916E+01   2.620  2.08194E+08  1.91534E+08  5.99693E+07  1.91056E+07  1.89830E+09  6.65584E-02  4.28600E+02   7.143   7.178
 0.210 -4.23689E-01  1.95128E-01 -2.24253E-01  1.19500E+01 -1.68591E+01 -1.66246E+01   2.828  1.51787E+08  1.34462E+08  6.75899E+07  2.44581E+07  1.98917E+09  4.08842E-02  4.78104E+02   7.271   7.179
 0.220  1.04253E-02 -1.19720E-01 -5.45896E-01  9.42168E+00 -1.13511E+01  2.75244E+01   2.500  1.96787E+08  2.05112E+08  8.91023E+07  1.97808E+07  1.74216E+09  3.23560E-01  4.38555E+02   7.380   7.277
 0.230  1.78680E-01 -2.90420E-01  2.08687E-01  3.78475E+01  4.91995E+00  2.49608E+01   2.997  2.24834E+08  1.99076E+08  1.14538E+08  3.27585E+07  2.33311E+09  1.34185E-01  5.09123E+02   7.334   7.282
 0.240 -4.25179E-01  1.55249E-01  3.12640E-01  3.84433E+01  1.89201E+01 -6.85413E+00   2.879  2.03973E+08  1.93985E+08  1.30212E+08  3.34908E+07  2.40926E+09  2.11225E-01  5.64089E+02   7.408   7.283
 0.250  1.46764E-01 -1.28998E+00  1.54077E+00  1.47349E+01 -7.45083E+00  9.95536E+00   4.084  4.42928E+08  4.39147E+08  2.33369E+08  5.91854E+07  5.07010E+09  6.15695E-01  5.39157E+02   7.528   7.348
 0.260 -2.71059E-01  4.60090E-01 -9.12678E-02 -6.07685E+00 -4.51640E+00  6.11242E+00   4.434  2.04116E+08  1.55743E+08  2.40569E+08  6.69898E+07  4.32793E+09  2.23529E-02  6.13345E+02   7.344   7.393
 0.270 -3.22761E-01 -4.96030E-01 -6.35344E-01 -5.78536E+01 -3.88172E+01 -1.98366E+01   2.892  2.89486E+08  2.62677E+08  1.86144E+08  4.10623E+07  2.46272E+09  6.68350E-02  7.24729E+02   7.326   7.379
 0.280  1.79929E+00  1.22749E-01 -2.74621E-01 -2.65233E+01 -2.14864E+01 -3.00856E-01   4.526  3.91967E+08  3.58687E+08  3.19577E+08  9.20937E+07  4.69864E+09  4.06197E-01  7.09024E+02   7.557   7.402
 0.290 -2.08089E-01  1.07743E-01  1.44691E-01 -3.80915E+01 -5.75392E+00  2.23725E+01   3.891  2.38666E+08  1.99501E+08  2.85835E+08  7.75865E+07  3.90060E+09  3.46372E-02  8.67708E+02   7.401   7.390
 0.300 -2.14593E-01 -3.02298E-01 -1.34490E-01 -1.03299E+01  2.59341E+01  9.56388E+00   5.134  4.60583E+08  3.93974E+08  3.63252E+08  1.15693E+08  5.58041E+09  2.07294E-01  9.22563E+02   7.498   7.398
 0.310  2.59341E-02  9.88273E-01 -4.25743E-01  2.48006E+00  3.55781E+01 -2.39906E+00   4.669  3.78747E+08  3.11485E+08  3.60443E+08  1.09738E+08  5.41214E+09  1.34907E-01  1.05180E+03   7.499   7.396
 0.320  3.62220E-01  1.10986E+00 -2.78095E-01  3.54196E+00  4.18115E+01  2.21515E+01   3.649  3.15915E+08  2.93131E+08  2.91264E+08  6.62320E+07  3.61028E+09  1.04880E-01  1.17049E+03   7.500   7.402
 0.330  4.33876E-01  8.77141E-01 -7.59478E-01  4.41397E+00  7.74860E+00  2.14369E+01   5.517  5.25358E+08  4.44066E+08  3.96141E+08  1.28671E+08  6.59769E+09  8.11906E-02  1.27887E+03   7.493   7.399
 0.340 -1.89195E-01  4.88573E-01 -3.60892E-01 -4.06451E+00  9.50114E+00  3.15395E+01   4.875  3.55470E+08  3.06048E+08  3.73246E+08  1.09080E+08  5.49303E+09  6.73991E-02  1.39063E+03   7.528   7.404
 0.350 -3.60220E-02  5.87112E-01 -6.03573E-01  1.50282E+01  3.63584E+01 -8.11626E+00   5.457  6.12298E+08  5.49502E+08  4.13158E+08  1.26830E+08  6.37089E+09  1.78518E-01  1.49110E+03   7.525   7.412
 0.360 -1.98274E-01 -6.18276E-01 -3.22062E-02 -1.38615E-01 -1.57238E+01 -8.21562E+00   6.143  6.77992E+08  5.67771E+08  4.47437E+08  1.42721E+08  7.70243E+09  9.82006E-02  1.60851E+03   7.502   7.411
 0.370 -1.66989E-01  8.52168E-01  1.32690E-02  2.60057E+01 -9.11503E+00  2.43995E+01   6.369  9.41711E+08  8.41811E+08  4.87003E+08  1.57630E+08  8.40719E+09  2.65406E-01  1.68676E+03   7.519   7.415
 0.380  1.46587E-01  1.16392E+00  4.36028E-01  1.04901E+01  1.30910E+01  1.40002E+01   7.301  8.19467E+08  7.24713E+08  5.38060E+08  1.71594E+08  9.95888E+09  1.47757E-01  1.73768E+03   7.559   7.423
 0.390  3.84791E-01  1.11680E+00  1.03864E-01  1.98500E+01 -1.41670E+01  1.47864E+01   6.471  8.68850E+08  7.81309E+08  5.42931E+08  1.62218E+08  8.65062E+09  1.58351E-01  1.81962E+03   7.574   7.437
 0.400  8.10403E-01  5.30468E-01  7.50206E-01  5.06932E+00 -4.88274E+01  1.20894E+01   6.882  1.16067E+09  1.07491E+09  6.05832E+08  1.67369E+08  1.06612E+10  5.99580E-01  1.80041E+03   7.581   7.456
 0.410  4.39637E-01 -9.77185E-01  1.31618E+00  2.26382E+01  1.61556E+01  2.47767E+01   9.728  6.67375E+08  6.28160E+08  8.54863E+08  2.20425E+08  1.91165E+10  4.54885E-01  1.59275E+03   7.699   7.527
 0.420  1.55685E+00  2.00379E+00  1.47187E+00  1.86736E+01  1.34805E+01  4.48530E+01   8.516  2.93130E+08  2.15680E+08  7.42933E+08  1.59832E+08  1.07672E+10  7.85253E-05  1.71569E+03   7.511   7.538
 0.430  2.15505E-01  2.60563E+00  2.20656E+00 -2.97154E+00 -3.29565E+01 -9.66022E+00   9.005  2.55902E+08  1.68594E+08  7.72079E+08  1.77482E+08  1.12255E+10  8.70123E-04  1.88149E+03   7.554   7.535
 0.440  1.83807E-01 -6.17458E-02  9.41113E-02 -1.83263E+01 -5.82288E+00 -1.99835E+01   4.722  3.55897E+08  3.18623E+08  5.76668E+08  9.47197E+07  4.87207E+09  4.12839E-02  2.03521E+03   7.584   7.544
 0.450  2.10054E-01  1.42824E+00  6.23680E-01 -2.82029E+01  2.16247E+01 -3.83984E+01   7.239  8.94308E+08  7.65949E+08  8.99364E+08  2.93748E+08  1.28193E+10  3.00421E-01  2.12067E+03   7.699   7.513
 0.460 -6.67229E-02  2.13934E-01 -4.91838E-01 -8.56508E+00 -1.84252E+01 -1.94274E+01  10.413  1.26691E+09  1.05965E+09  9.53865E+08  3.36916E+08  1.78617E+10  5.18045E-02  2.27703E+03   7.627   7.508
 0.470 -1.89498E+00  1.46675E+00 -8.79136E-01 -3.97273E+01 -1.85319E+00 -2.28890E+01  10.771  1.43640E+09  1.24356E+09  1.01340E+09  3.85856E+08  1.84923E+10  7.36642E-02  2.40636E+03   7.643   7.502
 0.480  5.61957E-01 -1.79944E-01 -1.00078E+00 -3.62560E+00  1.68319E+01  2.31229E+01   7.862  7.69178E+08  6.67552E+08  8.90660E+08  2.92445E+08  1.23566E+10  2.58175E-01  2.50275E+03   7.739   7.524
 0.490  8.55259E-01  1.23182E+00  2.28686E-01 -3.16578E+01  2.87147E+01  1.32950E+01   9.078  1.09776E+09  9.64088E+08  9.91343E+08  3.40342E+08  1.53704E+10  9.73097E-02  2.62253E+03   7.671   7.522
 0.500 -1.24054E+00  1.96596E+00  2.12422E-01 -2.89768E+01 -2.12824E+01  1.47706E+00   9.305  1.55050E+09  1.38047E+09  1.00565E+09  3.40867E+08  1.58699E+10  3.83959E-01  2.70528E+03   7.661   7.524
