  34
 0.170  1.50000E+01  1.90723E+10  7.39419E+01
 0.180  1.67500E+01  2.16341E+10  7.45240E+01
 0.190  1.80000E+01  2.32364E+10  7.45045E+01
 0.200  1.97500E+01  2.54823E+10  7.44852E+01
 0.210  2.10000E+01  2.66890E+10  7.39249E+01
 0.220  2.20000E+01  2.73273E+10  7.30838E+01
 0.230  2.50000E+01  3.61991E+10  7.89066E+01
 0.240  2.82500E+01  4.56172E+10  8.33277E+01
 0.250  3.10000E+01  5.36201E+10  8.62417E+01
 0.260  3.30000E+01  5.75547E+10  8.65999E+01
 0.270  3.47500E+01  6.09001E+10  8.68092E+01
 0.280  3.62500E+01  6.13536E+10  8.53101E+01
 0.290  3.72500E+01  6.08771E+10  8.38298E+01
 0.300  3.90000E+01  6.26647E+10  8.31215E+01
 0.310  4.02500E+01  6.26520E+10  8.18123E+01
 0.320  4.15000E+01  6.26901E+10  8.05953E+01
 0.330  4.27500E+01  6.31764E+10  7.97156E+01
 0.340  4.42500E+01  6.42022E+10  7.89864E+01
 0.350  4.57500E+01  6.53963E+10  7.83999E+01
 0.360  4.77500E+01  6.80475E+10  7.82805E+01
 0.370  5.00000E+01  7.24047E+10  7.89101E+01
 0.380  5.50000E+01  8.92470E+10  8.35314E+01
 0.390  6.27500E+01  1.23838E+11  9.21199E+01
 0.400  6.60000E+01  1.34417E+11  9.35813E+01
 0.410  6.85000E+01  1.39997E+11  9.37450E+01
 0.420  7.05000E+01  1.43130E+11  9.34339E+01
 0.430  7.27500E+01  1.47016E+11  9.32182E+01
 0.440  7.47500E+01  1.50178E+11  9.29461E+01
 0.450  7.65000E+01  1.51319E+11  9.22252E+01
 0.460  7.77500E+01  1.49814E+11  9.10249E+01
 0.470  7.90000E+01  1.48117E+11  8.97889E+01
 0.480  8.02500E+01  1.47061E+11  8.87688E+01
 0.490  8.15000E+01  1.46385E+11  8.78827E+01
 0.500  8.32500E+01  1.47398E+11  8.72545E+01
