  34
 0.170  2.25000E+00  3.37193E+07  3.56935E+07  4.32955E+07  2.69307E+07  1.38954E+06  1.20093E+09  5.62173E-03
 0.180  2.51250E+00  2.20215E+08  5.51404E+07  6.73439E+07  1.97468E+08  7.46707E+06  1.88408E+09  1.34598E-01
 0.190  2.70000E+00  9.50597E+07  4.79229E+07  5.91344E+07  8.17221E+07  9.04056E+06  1.80111E+09  5.91118E-02
 0.200  2.96250E+00  2.72835E+08  7.09678E+07  8.86747E+07  2.42508E+08  6.75371E+06  2.30418E+09  1.04488E-01
 0.210  3.15000E+00  2.01081E+08  7.56353E+07  9.54288E+07  1.72828E+08  5.08946E+06  2.39355E+09  4.39717E-02
 0.220  3.30000E+00  2.95415E+08  1.12157E+08  1.39018E+08  2.57791E+08  3.17655E+07  2.69559E+09  3.54075E-01
 0.230  3.75000E+00  3.27262E+08  1.33913E+08  1.69015E+08  2.66197E+08  1.01649E+07  3.26841E+09  1.35765E-01
 0.240  4.23750E+00  3.49047E+08  1.66405E+08  2.11297E+08  2.74732E+08  1.74676E+07  4.34564E+09  2.30317E-01
 0.250  4.65000E+00  6.54407E+08  2.62274E+08  3.25248E+08  5.60167E+08  8.06496E+07  6.14558E+09  9.43117E-01
 0.260  4.95000E+00  2.57519E+08  2.56031E+08  3.26412E+08  1.86693E+08  4.43400E+06  5.22250E+09  2.68204E-02
 0.270  5.21250E+00  7.63859E+08  3.07718E+08  3.95631E+08  6.12083E+08  1.80001E+07  6.28251E+09  2.97940E-01
 0.280  5.43750E+00  6.17873E+08  3.56350E+08  4.55245E+08  4.99012E+08  4.69156E+07  6.16121E+09  4.60428E-01
 0.290  5.58750E+00  4.96543E+08  3.51212E+08  4.57360E+08  3.84438E+08  6.15571E+06  6.45186E+09  5.33929E-02
 0.300  5.85000E+00  6.00247E+08  3.90569E+08  5.10631E+08  4.77371E+08  2.09591E+07  6.76554E+09  2.13753E-01
 0.310  6.03750E+00  5.31403E+08  4.05459E+08  5.34807E+08  3.94432E+08  1.06192E+07  7.62602E+09  1.45450E-01
 0.320  6.22500E+00  5.88379E+08  3.95288E+08  5.25133E+08  4.75542E+08  8.93487E+06  8.16202E+09  1.13413E-01
 0.330  6.41250E+00  6.67183E+08  4.33041E+08  5.77653E+08  5.35916E+08  1.04008E+07  8.13383E+09  1.19393E-01
 0.340  6.63750E+00  5.76901E+08  4.45526E+08  5.97387E+08  4.44548E+08  9.23272E+06  8.44410E+09  7.59693E-02
 0.350  6.86250E+00  8.85600E+08  4.56327E+08  6.13598E+08  7.48681E+08  1.42249E+07  8.67498E+09  1.83924E-01
 0.360  7.16250E+00  9.14282E+08  4.82583E+08  6.51653E+08  7.42031E+08  9.39910E+06  9.39496E+09  9.87483E-02
 0.370  7.50000E+00  1.17246E+09  5.11916E+08  6.91029E+08  1.00612E+09  1.97494E+07  1.03181E+10  2.74678E-01
 0.380  8.25000E+00  9.87493E+08  5.60458E+08  7.55885E+08  8.36419E+08  2.24968E+07  1.15666E+10  1.56413E-01
 0.390  9.41250E+00  1.31001E+09  5.95480E+08  8.05930E+08  1.06045E+09  1.80424E+07  1.36316E+10  1.58351E-01
 0.400  9.90000E+00  1.76479E+09  6.73413E+08  9.04734E+08  1.51534E+09  4.89082E+07  1.78145E+10  6.09907E-01
 0.410  1.02750E+01  7.83479E+08  8.64925E+08  1.14081E+09  5.97692E+08  1.21715E+08  2.04977E+10  4.83809E-01
 0.420  1.05750E+01  4.81824E+08  7.86547E+08  1.05584E+09  3.46900E+08  9.47246E+04  1.50936E+10  1.59112E-03
 0.430  1.09125E+01  3.74450E+08  7.98990E+08  1.08330E+09  2.30223E+08  2.49652E+05  1.44006E+10  8.70123E-04
 0.440  1.12125E+01  6.79671E+08  8.32674E+08  1.13712E+09  4.54671E+08  2.49250E+06  1.66338E+10  4.14671E-02
 0.450  1.14750E+01  1.35577E+09  1.08619E+09  1.48658E+09  1.06377E+09  1.89080E+07  2.30434E+10  3.01023E-01
 0.460  1.16625E+01  1.48435E+09  9.93588E+08  1.36629E+09  1.21291E+09  5.29053E+06  2.08564E+10  5.18045E-02
 0.470  1.18500E+01  1.72767E+09  1.03572E+09  1.42971E+09  1.48158E+09  8.78397E+06  2.06701E+10  7.52140E-02
 0.480  1.20375E+01  1.55143E+09  1.08291E+09  1.49622E+09  1.24482E+09  2.23579E+07  2.17997E+10  2.73888E-01
 0.490  1.22250E+01  1.59483E+09  1.07417E+09  1.48883E+09  1.33552E+09  9.58265E+06  2.22826E+10  1.01776E-01
 0.500  1.24875E+01  2.07184E+09  1.13174E+09  1.56773E+09  1.72550E+09  2.90562E+07  2.32928E+10  3.89872E-01
