  34
 0.170 -3.53868E-01 -5.22053E-01 -3.17815E-01 -2.91832E+01 -3.47339E+01  6.64775E+01 -7.16466E-01  6.68382E-01  1.99855E-01  7.45112E+01   2.042   1.529  3.16338E+07  2.57853E+07  2.18527E+06  0.00000E+00  5.24603E+07  1.16079E-03  1.68074E+02   6.943   7.244
 0.180  4.76290E-01  2.05075E-01  7.30637E-02 -2.37734E+01 -6.60210E+00  1.62536E+01 -4.01329E-01  6.54085E-01  6.41177E-01  3.99082E+01   2.228   1.222  1.71857E+08  1.57872E+08  3.70168E+06  1.26656E+06  7.39099E+07  3.17433E-02  1.58926E+02   7.182   7.156
 0.190  2.08474E-01 -3.14657E-01  3.00094E-01  7.15236E+00  6.53599E+00  1.32655E+01 -6.54727E-01  3.59499E-01  6.64901E-01  1.04920E+02   2.549   1.581  8.88833E+07  8.15773E+07  5.95580E+06  1.83574E+05  8.69626E+07  3.39153E-02  1.40569E+02   7.211   7.157
 0.200 -3.75993E-01 -4.01095E-02 -5.28401E-01 -4.48021E+00  5.33763E+00 -2.94916E+01 -8.69425E-01 -2.67401E-02  4.93341E-01  8.22033E+01   2.620   1.504  2.10512E+08  1.94920E+08  7.55908E+06  2.06681E+06  1.51561E+08  4.08748E-02  2.53668E+02   7.149   7.173
 0.210 -4.23689E-01  1.95128E-01 -2.24253E-01  1.19500E+01 -1.68591E+01 -1.66246E+01 -9.27604E-01 -3.69049E-01  5.79033E-02  3.76333E+01   2.828   2.030  1.69402E+08  1.48243E+08  8.00350E+06  2.51023E+06  2.40685E+08  1.34689E-02  4.18778E+02   7.261   7.187
 0.220  1.04253E-02 -1.19720E-01 -5.45896E-01  9.42168E+00 -1.13511E+01  2.75244E+01 -8.41030E-01 -5.39428E-01  4.10729E-02  4.77656E+01   2.500   1.453  1.96845E+08  1.83329E+08  1.02854E+07  1.80475E+06  1.64281E+08  6.55487E-02  3.55079E+02   7.362   7.258
 0.230  1.78680E-01 -2.90420E-01  2.08687E-01  3.78475E+01  4.91995E+00  2.49608E+01 -4.90722E-01 -6.54444E-01  5.75235E-01  5.16683E+00   2.997   2.256  2.30038E+08  1.93263E+08  7.60235E+06  2.05972E+06  1.73426E+08  5.69101E-03  5.04360E+02   7.314   7.264
 0.240 -4.25179E-01  1.55249E-01  3.12640E-01  3.84433E+01  1.89201E+01 -6.85413E+00 -8.14793E-02  4.97839E-01 -8.63434E-01  3.46959E+01   2.879   1.639  1.97802E+08  1.75089E+08  5.35453E+06  7.76426E+05  1.56882E+08  1.41432E-02  5.47450E+02   7.404   7.298
 0.250  1.46764E-01 -1.28998E+00  1.54077E+00  1.47349E+01 -7.45083E+00  9.95536E+00 -5.02121E-01  8.57014E-01 -1.15767E-01  6.88786E+01   4.084   3.465  5.55528E+08  4.82172E+08  1.90655E+07  3.54768E+06  3.92330E+08  8.95266E-02  5.16798E+02   7.557   7.345
 0.260 -2.71059E-01  4.60090E-01 -9.12678E-02 -6.07685E+00 -4.51640E+00  6.11242E+00  2.23057E-02 -4.64153E-01 -8.85474E-01  8.43533E+01   4.434   2.843  2.05691E+08  1.54618E+08  3.14205E+07  9.01007E+06  6.06660E+08  7.29271E-03  5.41809E+02   7.345   7.419
 0.270 -3.22761E-01 -4.96030E-01 -6.35344E-01 -5.78536E+01 -3.88172E+01 -1.98366E+01  1.32333E-02  9.71555E-01 -2.36445E-01  7.37526E+01   2.892   2.463  3.34055E+08  2.93919E+08  1.21412E+07  2.18845E+06  1.99366E+08  2.56536E-03  7.03421E+02   7.332   7.360
 0.280  1.79929E+00  1.22749E-01 -2.74621E-01 -2.65233E+01 -2.14864E+01 -3.00856E-01  6.28868E-01  2.20633E-01 -7.45551E-01  8.29064E+01   4.526   3.633  4.61585E+08  3.80986E+08  4.09900E+07  1.00155E+07  6.50973E+08  7.93286E-02  6.56531E+02   7.542   7.424
 0.290 -2.08089E-01  1.07743E-01  1.44691E-01 -3.80915E+01 -5.75392E+00  2.23725E+01  7.12712E-01  6.84363E-01 -1.53915E-01  5.66439E+01   3.891   3.076  2.76416E+08  2.27444E+08  2.73616E+07  4.97886E+06  3.33883E+08  9.51061E-03  7.83139E+02   7.394   7.421
 0.300 -2.14593E-01 -3.02298E-01 -1.34490E-01 -1.03299E+01  2.59341E+01  9.56388E+00  4.75544E-01  5.69768E-01  6.70241E-01  7.79908E+01   5.134   3.629  4.57700E+08  3.72716E+08  3.15840E+07  6.80418E+06  4.39801E+08  2.13390E-02  7.90972E+02   7.489   7.389
 0.310  2.59341E-02  9.88273E-01 -4.25743E-01  2.48006E+00  3.55781E+01 -2.39906E+00  6.67887E-01  1.48589E-01  7.29279E-01  1.10559E+02   4.669   2.212  3.45170E+08  2.82667E+08  3.12484E+07  7.57377E+06  4.39303E+08  2.68266E-02  1.00251E+03   7.499   7.389
 0.320  3.62220E-01  1.10986E+00 -2.78095E-01  3.54196E+00  4.18115E+01  2.21515E+01  7.64304E-01 -2.31485E-01  6.01875E-01  9.60091E+01   3.649   2.395  3.06343E+08  2.78221E+08  2.67123E+07  4.74434E+06  3.10688E+08  2.83569E-02  1.09878E+03   7.499   7.412
 0.330  4.33876E-01  8.77141E-01 -7.59478E-01  4.41397E+00  7.74860E+00  2.14369E+01  7.14610E-01 -3.01470E-01  6.31228E-01  1.40810E+02   5.517   2.985  5.01898E+08  4.23553E+08  3.19729E+07  7.91067E+06  4.99412E+08  2.95344E-02  1.27750E+03   7.492   7.398
 0.340 -1.89195E-01  4.88573E-01 -3.60892E-01 -4.06451E+00  9.50114E+00  3.15395E+01  9.67910E-01 -2.51285E-01  2.53735E-03  1.44882E+02   4.875   2.814  3.46162E+08  2.95098E+08  3.44386E+07  8.30289E+06  4.83782E+08  1.68373E-02  1.37001E+03   7.523   7.407
 0.350 -3.60220E-02  5.87112E-01 -6.03573E-01  1.50282E+01  3.63584E+01 -8.11626E+00  8.33648E-01 -3.45321E-01 -4.31027E-01  1.69318E+02   5.457   2.393  5.64441E+08  5.08560E+08  3.82156E+07  1.19982E+07  5.89201E+08  4.23188E-02  1.51498E+03   7.521   7.408
 0.360 -1.98274E-01 -6.18276E-01 -3.22062E-02 -1.38615E-01 -1.57238E+01 -8.21562E+00  8.87973E-01 -3.21904E-01 -3.28452E-01  2.30347E+02   6.143   2.708  6.12943E+08  5.29823E+08  4.73293E+07  1.31772E+07  6.78076E+08  5.93783E-02  1.45458E+03   7.496   7.427
 0.370 -1.66989E-01  8.52168E-01  1.32690E-02  2.60057E+01 -9.11503E+00  2.43995E+01  7.75788E-01 -2.31343E-02 -6.30570E-01  2.58641E+02   6.369   2.279  8.13993E+08  7.40895E+08  5.90691E+07  1.58168E+07  7.44836E+08  1.48671E-01  1.40957E+03   7.513   7.422
 0.380  1.46587E-01  1.16392E+00  4.36028E-01  1.04901E+01  1.30910E+01  1.40002E+01  8.80459E-01 -1.40141E-01 -4.52938E-01  1.55880E+02   7.301   4.285  7.56974E+08  6.60611E+08  6.70406E+07  1.77193E+07  1.00356E+09  5.34668E-02  1.51797E+03   7.555   7.418
 0.390  3.84791E-01  1.11680E+00  1.03864E-01  1.98500E+01 -1.41670E+01  1.47864E+01  8.63136E-01 -1.14616E-01 -4.91792E-01  2.32154E+02   6.471   3.319  8.18232E+08  7.30232E+08  5.98212E+07  1.56952E+07  8.41609E+08  5.01189E-02  1.71427E+03   7.562   7.438
 0.400  8.10403E-01  5.30468E-01  7.50206E-01  5.06932E+00 -4.88274E+01  1.20894E+01  8.48192E-01 -4.82452E-02 -5.27487E-01  2.05683E+02   6.882   3.435  1.05776E+09  9.66844E+08  8.41188E+07  1.54749E+07  1.00007E+09  3.02069E-01  1.34033E+03   7.581   7.478
 0.410  4.39637E-01 -9.77185E-01  1.31618E+00  2.26382E+01  1.61556E+01  2.47767E+01  2.22595E-01  2.20816E-01  9.49574E-01  2.08562E+02   9.728   6.207  6.73866E+08  5.21413E+08  3.86003E+07  8.73320E+06  1.48377E+09  9.12398E-03  1.87168E+03   7.724   7.477
 0.420  1.55685E+00  2.00379E+00  1.47187E+00  1.86736E+01  1.34805E+01  4.48530E+01  5.59050E-01 -4.49702E-01  6.96586E-01  3.18429E+02   8.516   5.202  3.13420E+08  2.32662E+08  4.14450E+07  8.74071E+06  7.25631E+08  0.00000E+00  1.99482E+03   7.512   7.502
 0.430  2.15505E-01  2.60563E+00  2.20656E+00 -2.97154E+00 -3.29565E+01 -9.66022E+00  6.20342E-01 -4.72695E-01  6.25887E-01  1.49399E+02   9.005   4.649  2.35240E+08  1.63977E+08  4.10911E+07  8.72730E+06  7.64041E+08  0.00000E+00  2.09600E+03   7.555   7.514
 0.440  1.83807E-01 -6.17458E-02  9.41113E-02 -1.83263E+01 -5.82288E+00 -1.99835E+01 -6.37452E-01 -4.15009E-01  6.49171E-01  1.39218E+02   4.722   1.301  3.03892E+08  2.83119E+08  3.22159E+07  4.22999E+06  2.68038E+08  1.45142E-02  2.04761E+03   7.587   7.540
 0.450  2.10054E-01  1.42824E+00  6.23680E-01 -2.82029E+01  2.16247E+01 -3.83984E+01 -5.71200E-01 -3.40822E-01  7.46707E-01  2.43153E+02   7.239   3.027  7.98693E+08  6.91972E+08  6.47227E+07  1.77558E+07  8.82596E+08  5.92032E-02  1.92982E+03   7.697   7.542
 0.460 -6.67229E-02  2.13934E-01 -4.91838E-01 -8.56508E+00 -1.84252E+01 -1.94274E+01  7.17589E-02 -9.30911E-02  9.93068E-01  3.03391E+02  10.413   5.707  1.14527E+09  9.65020E+08  7.64157E+07  2.06997E+07  1.38824E+09  1.98930E-02  2.19189E+03   7.640   7.530
 0.470 -1.89498E+00  1.46675E+00 -8.79136E-01 -3.97273E+01 -1.85319E+00 -2.28890E+01 -2.49856E-01 -2.73946E-01  9.28723E-01  4.71680E+02  10.771   4.175  1.27774E+09  1.13676E+09  8.50130E+07  2.21806E+07  1.30286E+09  2.49122E-02  2.25958E+03   7.633   7.538
 0.480  5.61957E-01 -1.79944E-01 -1.00078E+00 -3.62560E+00  1.68319E+01  2.31229E+01  2.71730E-01 -1.97633E-01  9.41862E-01  1.77215E+02   7.862   5.549  7.82622E+08  6.57749E+08  6.88951E+07  1.94096E+07  1.01628E+09  4.55795E-02  2.51105E+03   7.733   7.533
 0.490  8.55259E-01  1.23182E+00  2.28686E-01 -3.16578E+01  2.87147E+01  1.32950E+01  9.70326E-02 -9.54579E-02  9.90693E-01  3.66023E+02   9.078   4.428  1.01145E+09  8.95088E+08  8.82148E+07  2.95284E+07  1.23161E+09  3.44339E-02  2.56765E+03   7.669   7.532
 0.500 -1.24054E+00  1.96596E+00  2.12422E-01 -2.89768E+01 -2.12824E+01  1.47706E+00  7.95236E-02 -1.09112E-01  9.90843E-01  4.11545E+02   9.305   3.837  1.36148E+09  1.22229E+09  1.04661E+08  2.78413E+07  1.28673E+09  2.80580E-01  2.24963E+03   7.659   7.551
