  34
 0.170         7119 -0.24466E-01 -0.30474E-01 -0.77451E-02  0.39262E+01 -0.17420E+02 -0.17117E+00 -0.71647E+00  0.66838E+00  0.19986E+00   2.042   1.529
 0.180        10767  0.88918E-02 -0.43309E-01 -0.87385E-02 -0.27308E+02 -0.15346E+01 -0.51065E+01 -0.40133E+00  0.65408E+00  0.64118E+00   2.228   1.222
 0.190         1479  0.46433E-01  0.27180E-01  0.28798E-01 -0.20444E+02  0.10026E+02 -0.24843E+02 -0.65473E+00  0.35950E+00  0.66490E+00   2.549   1.581
 0.200         8487 -0.29975E-01 -0.31848E-01  0.12433E-01 -0.98863E+01 -0.41197E+02  0.23295E+02 -0.86942E+00 -0.26740E-01  0.49334E+00   2.620   1.504
 0.210        17345 -0.64376E-02 -0.88516E-02  0.35496E-01 -0.23864E+02  0.16693E+02 -0.54210E+02 -0.92760E+00 -0.36905E+00  0.57903E-01   2.828   2.030
 0.220        28963  0.93677E-03 -0.23700E-01  0.15269E-01  0.27185E+02 -0.60657E+00 -0.15187E+02 -0.84103E+00 -0.53943E+00  0.41073E-01   2.500   1.453
 0.230         6719 -0.16259E-01 -0.23997E-01 -0.22528E-01 -0.13654E+02  0.12725E+02  0.68584E+01 -0.49072E+00 -0.65444E+00  0.57523E+00   2.997   2.256
 0.240        27878 -0.34545E-01  0.14922E-01 -0.17988E-01 -0.15631E+02  0.32564E+02  0.13827E+02 -0.81479E-01  0.49784E+00 -0.86343E+00   2.879   1.639
 0.250         5819 -0.30229E-01  0.21288E-01 -0.76636E-02  0.30045E+02  0.17954E+02  0.20850E+02 -0.50212E+00  0.85701E+00 -0.11577E+00   4.084   3.465
 0.260        10904 -0.30996E-01 -0.25350E-01 -0.26568E-02  0.25513E+02  0.16114E+02  0.16852E+02  0.22306E-01 -0.46415E+00 -0.88547E+00   4.434   2.843
 0.270        28161  0.42774E-01  0.21847E-01  0.18743E-01 -0.10563E+02 -0.15064E+02  0.59089E+01  0.13233E-01  0.97155E+00 -0.23644E+00   2.892   2.463
 0.280       180893 -0.13593E-01  0.21583E-01  0.42927E-02 -0.49564E+01  0.22524E+02 -0.31464E+02  0.62887E+00  0.22063E+00 -0.74555E+00   4.526   3.633
 0.290        28647  0.20749E-01  0.17908E-01 -0.24701E-02  0.33157E+02  0.64778E+01 -0.19809E+02  0.71271E+00  0.68436E+00 -0.15391E+00   3.891   3.076
 0.300        33196 -0.26826E-01 -0.25804E-01 -0.15074E-01  0.33915E+02 -0.25031E+02 -0.31318E+01  0.47554E+00  0.56977E+00  0.67024E+00   5.134   3.629
 0.310        28923  0.95034E-02 -0.26398E-01 -0.20591E-01  0.94054E+01  0.39111E+02  0.74277E+01  0.66789E+00  0.14859E+00  0.72928E+00   4.669   2.212
 0.320          744  0.51779E-02  0.64042E-02 -0.32975E-01 -0.66227E+01  0.10637E+02 -0.48539E+00  0.76430E+00 -0.23148E+00  0.60188E+00   3.649   2.395
 0.330         6727 -0.25009E-01  0.31191E-01  0.12083E-01  0.24160E+02  0.30189E+01  0.15807E+02  0.71461E+00 -0.30147E+00  0.63123E+00   5.517   2.985
 0.340        27644  0.35616E-01  0.20269E-02 -0.19401E-01  0.24656E+02 -0.31536E+01  0.36145E+02  0.96791E+00 -0.25129E+00  0.25374E-02   4.875   2.814
 0.350        38592  0.26526E-01 -0.18479E-01  0.20267E-01  0.22847E+02  0.72314E+02 -0.80023E+01  0.83365E+00 -0.34532E+00 -0.43103E+00   5.457   2.393
 0.360         5671  0.17473E-01 -0.52112E-02  0.15940E-01  0.23784E+02 -0.13346E+02  0.21928E+02  0.88797E+00 -0.32190E+00 -0.32845E+00   6.143   2.708
 0.370        18561 -0.31513E-03 -0.17648E-01  0.53573E-02 -0.29990E+02  0.37957E+02  0.42368E+02  0.77579E+00 -0.23134E-01 -0.63057E+00   6.369   2.279
 0.380         1407 -0.64716E-02  0.17473E-01 -0.30416E-01 -0.14693E+02 -0.82790E+01  0.17456E+02  0.88046E+00 -0.14014E+00 -0.45294E+00   7.301   4.285
 0.390         6511  0.16609E-02 -0.14782E-01  0.36208E-01  0.18464E+02  0.29552E+02 -0.63579E+01  0.86314E+00 -0.11462E+00 -0.49179E+00   6.471   3.319
 0.400        69246 -0.11581E-01 -0.37128E-01 -0.16350E-01 -0.66324E+02 -0.57610E+02 -0.25795E+02  0.84819E+00 -0.48245E-01 -0.52749E+00   6.882   3.435
 0.410       203281 -0.34915E-03  0.16410E-01 -0.23742E-01  0.30189E+02 -0.10208E+02  0.99767E+01  0.22260E+00  0.22082E+00  0.94957E+00   9.728   6.207
 0.420          744  0.14308E-01 -0.11089E-01 -0.21462E-01 -0.83749E+01  0.43554E+01 -0.57938E+01  0.55905E+00 -0.44970E+00  0.69659E+00   8.516   5.202
 0.430         6728  0.10252E-01 -0.51262E-02  0.20139E-01 -0.63300E+01  0.66039E+01  0.12934E+02  0.62034E+00 -0.47270E+00  0.62589E+00   9.005   4.649
 0.440        35888  0.23605E-01  0.89922E-02 -0.89922E-02 -0.47480E+01  0.15284E+02 -0.54287E+02 -0.63745E+00 -0.41501E+00  0.64917E+00   4.722   1.301
 0.450       210089 -0.31807E-01 -0.26442E-01  0.84308E-02  0.31311E+02  0.16642E+02  0.18791E+02 -0.57120E+00 -0.34082E+00  0.74671E+00   7.239   3.027
 0.460        38120 -0.44662E-01  0.47013E-02 -0.94025E-02 -0.68475E+01 -0.37963E+02 -0.39712E+02  0.71759E-01 -0.93091E-01  0.99307E+00  10.413   5.707
 0.470        27853 -0.12008E-02  0.16812E-01 -0.24017E-02  0.12284E+02  0.34992E+02 -0.28402E+02 -0.24986E+00 -0.27395E+00  0.92872E+00  10.771   4.175
 0.480       203763  0.22071E-01  0.24524E-02  0.17984E-01  0.64616E+00  0.21609E+02  0.23911E+02  0.27173E+00 -0.19763E+00  0.94186E+00   7.862   5.549
 0.490       210374 -0.37551E-02  0.11265E-01  0.18776E-01  0.38542E+02  0.16300E+02 -0.14883E+02  0.97033E-01 -0.95458E-01  0.99069E+00   9.078   4.428
 0.500       212262  0.46838E-02 -0.42580E-03 -0.89418E-02 -0.16860E+02  0.59343E+02  0.45122E+02  0.79524E-01 -0.10911E+00  0.99084E+00   9.305   3.837
