  34
 0.170  2.25862E+06  1.46515E+07  1.78176E+07  1.67338E+06  3.53030E+05  3.01044E+08  5.01024E-04
 0.180  1.34581E+07  1.37791E+07  1.66837E+07  1.06176E+07  2.90769E+06  2.74606E+08  5.27580E-02
 0.190  1.03036E+06  1.32653E+07  1.65714E+07  5.70601E+05  9.01304E+05  3.37458E+08  1.96971E-03
 0.200  1.02353E+07  1.44218E+07  1.83172E+07  9.23584E+06  6.68082E+04  4.05548E+08  5.63590E-04
 0.210  2.81239E+07  1.41864E+07  1.80249E+07  2.63621E+07  6.75228E+05  3.35879E+08  8.65325E-03
 0.220  1.63859E+07  2.97299E+07  3.61601E+07  1.47350E+07  1.42245E+07  3.82353E+08  1.48539E-01
 0.230  2.96756E+07  3.37118E+07  4.21562E+07  2.73723E+07  2.29460E+06  4.08874E+08  3.34095E-02
 0.240  3.75814E+07  3.97565E+07  4.99336E+07  3.48710E+07  5.01833E+06  4.15941E+08  7.90698E-02
 0.250  2.19951E+07  4.57352E+07  5.72497E+07  2.00523E+07  1.13555E+07  4.08375E+08  5.49417E-02
 0.260  6.53879E+06  4.14003E+07  5.29875E+07  4.91209E+06  9.24797E+04  3.21662E+08  1.77485E-03
 0.270  8.84352E+06  4.36790E+07  5.66145E+07  7.48406E+06  3.96764E+05  3.62566E+08  3.37326E-03
 0.280  6.26873E+06  4.66653E+07  6.07699E+07  5.27201E+06  3.05391E+06  3.62400E+08  3.58754E-02
 0.290  9.69849E+06  5.24970E+07  6.88968E+07  8.54777E+06  6.91148E+04  3.95572E+08  2.57009E-04
 0.300  2.42241E+07  5.06723E+07  6.65396E+07  2.29864E+07  2.73803E+06  3.57162E+08  1.77566E-02
 0.310  1.59793E+07  4.87945E+07  6.47970E+07  1.45213E+07  4.74283E+05  3.55749E+08  4.05519E-03
 0.320  6.50118E+06  5.05468E+07  6.75241E+07  5.20248E+06  4.56107E+05  3.61735E+08  2.74794E-03
 0.330  2.83662E+06  4.94535E+07  6.63363E+07  2.28938E+06  9.09963E+05  3.61818E+08  1.05948E-03
 0.340  5.60679E+06  5.05102E+07  6.79121E+07  4.94707E+06  1.55181E+06  3.53920E+08  1.59756E-02
 0.350  1.25908E+07  5.89703E+07  7.88341E+07  1.09317E+07  3.76131E+06  3.71462E+08  5.18447E-02
 0.360  6.17272E+06  5.68794E+07  7.63394E+07  5.23065E+06  1.67922E+06  3.57827E+08  1.90333E-02
 0.370  2.22539E+07  6.37547E+07  8.60290E+07  2.00483E+07  1.54956E+06  3.92745E+08  2.29979E-02
 0.380  3.88819E+06  6.25788E+07  8.45875E+07  3.03449E+06  1.48633E+06  3.94408E+08  1.09344E-02
 0.390  1.05102E+06  6.74026E+07  9.03551E+07  7.28533E+05  5.15424E+06  3.69799E+08  1.52013E-02
 0.400  4.10068E+07  8.13626E+07  1.09027E+08  3.80692E+07  5.42328E+06  4.11036E+08  7.70786E-02
 0.410  1.26338E+04  8.89783E+07  1.17619E+08  8.05759E-01  5.52074E+06  3.67804E+08  4.94868E-03
 0.420  1.98354E+05  7.15826E+07  9.63950E+07  1.57355E+05  0.00000E+00  3.10106E+08  0.00000E+00
 0.430  3.80865E+06  7.30732E+07  9.91554E+07  3.56978E+06  0.00000E+00  3.14512E+08  0.00000E+00
 0.440  1.44576E+07  8.40032E+07  1.14724E+08  1.36853E+07  5.72147E+04  3.42447E+08  9.69826E-04
 0.450  2.13286E+07  9.56007E+07  1.30326E+08  1.94811E+07  3.69020E+06  4.08791E+08  6.22114E-02
 0.460  7.88905E+06  7.11575E+07  9.75693E+07  7.28922E+06  0.00000E+00  3.00379E+08  0.00000E+00
 0.470  4.90841E+06  7.45442E+07  1.02468E+08  4.40466E+06  8.18000E+05  3.23075E+08  1.78492E-03
 0.480  8.01208E+06  9.16695E+07  1.25526E+08  6.25288E+06  4.63254E+06  3.78196E+08  6.87228E-02
 0.490  9.27746E+05  9.29615E+07  1.27917E+08  4.61678E+05  3.85212E+05  3.96071E+08  1.38607E-03
 0.500  8.54506E+06  9.49709E+07  1.31363E+08  7.40561E+06  4.58437E+05  3.88339E+08  5.57967E-03
