  35
 0.100   1.000   0.523  1.03707E-01  1.22792E-01  7.86143E-02
 0.110   1.000   0.500  7.13932E-01  6.96336E-01  5.92713E-01
 0.120   1.129   0.503  4.84936E-02  5.38597E-02  4.83437E-02
 0.130   1.000   0.500  2.63635E+00  2.74403E+00  1.93609E+00
 0.140   1.612   0.767  9.72595E-01  1.06037E+00  9.12442E-01
 0.150   2.192   0.512  2.82008E+00  3.15813E+00  2.19668E+00
 0.160   1.925   0.861  4.54446E+00  4.59261E+00  4.40683E+00
 0.170   1.818   1.160  3.18540E+00  3.31496E+00  3.23775E+00
 0.180   1.608   0.500  2.01908E+01  2.08658E+01  1.65700E+01
 0.190   2.462   0.500  1.34834E+01  1.37440E+01  1.33048E+01
 0.200   3.452   0.673  7.36572E+00  7.32738E+00  8.98139E+00
 0.210   2.483   0.500  1.55368E+01  1.46746E+01  1.65695E+01
 0.220   6.003   1.879  4.28301E+00  4.24187E+00  3.85754E+00
 0.230   4.423   0.656  6.07407E+00  6.28415E+00  5.70296E+00
 0.240   5.343   1.022  1.15562E+01  1.17521E+01  1.20041E+01
 0.250   5.727   0.917  1.33271E+01  1.35514E+01  1.21877E+01
 0.260   7.582   1.551  1.01488E+01  1.04715E+01  9.80556E+00
 0.270   6.749   1.691  1.09610E+01  1.09820E+01  1.14211E+01
 0.280   7.699   1.864  9.70906E+00  9.18678E+00  1.05202E+01
 0.290   7.751   1.578  8.72326E+00  8.54049E+00  8.99338E+00
 0.300   7.449   1.448  1.78687E+01  1.93774E+01  1.48093E+01
 0.310   6.233   1.090  1.04776E+01  1.03989E+01  1.08368E+01
 0.320   8.186   1.848  7.88831E+00  7.66400E+00  8.14620E+00
 0.330   9.574   2.754  5.72487E+00  5.56731E+00  5.96985E+00
 0.340   9.407   2.891  6.17078E+00  6.19924E+00  6.16205E+00
 0.350   8.579   2.514  5.35813E+00  5.18553E+00  5.40271E+00
 0.360   9.998   4.438  5.88312E+00  5.71278E+00  6.08071E+00
 0.370  13.063   4.795  7.61345E+00  7.78624E+00  7.20620E+00
 0.380  15.357   4.506  1.01814E+01  1.08253E+01  9.56835E+00
 0.390  11.763   6.655  1.29667E+01  1.38148E+01  1.14009E+01
 0.400   9.910   3.841  1.85265E+01  2.05297E+01  1.59303E+01
 0.410   9.533   2.578  4.75913E+01  4.93326E+01  4.24763E+01
 0.420  10.060   2.242  3.41165E+01  3.36696E+01  3.32693E+01
 0.430   9.534   2.029  2.91958E+01  2.81753E+01  3.00150E+01
 0.440   9.733   1.169  2.13509E+01  2.07351E+01  2.08624E+01
