  35
 0.100        54231  0.11081E-02 -0.28980E-02 -0.71598E-02 -0.26883E+02  0.43295E+02 -0.64839E+02 -0.73624E-01  0.57018E+00 -0.81821E+00   1.000   0.523
 0.110       109739  0.20615E-02 -0.13118E-02  0.65592E-03  0.20167E+02 -0.15498E+02  0.98829E+01 -0.28993E+00 -0.89532E+00 -0.33814E+00   1.000   0.500
 0.120        54189 -0.24528E-02  0.19418E-02  0.61320E-03 -0.22085E+01 -0.11166E+02  0.51655E+02  0.65832E+00 -0.63358E+00  0.40644E+00   1.129   0.503
 0.130       195102 -0.18835E-02 -0.11079E-02 -0.66476E-03  0.33897E+02  0.13781E+02 -0.20757E+02 -0.17614E+00 -0.51518E+00  0.83879E+00   1.000   0.500
 0.140       241510  0.00000E+00  0.59657E-03 -0.10738E-02 -0.90002E+01  0.81422E+02 -0.14559E+02 -0.65158E-01 -0.81681E+00  0.57321E+00   1.612   0.767
 0.150       116110  0.23007E-02 -0.63907E-03 -0.12781E-02 -0.70088E+02 -0.81277E+02  0.16053E+03  0.14752E+00 -0.88242E+00  0.44673E+00   2.192   0.512
 0.160       216510  0.14991E-02  0.12265E-02 -0.54511E-03 -0.83989E+02  0.14019E+03 -0.49259E+02  0.44260E+00 -0.36287E+00  0.82002E+00   1.925   0.861
 0.170       167429 -0.14488E-03  0.13039E-02 -0.10142E-02 -0.16316E+03 -0.15826E+03 -0.18714E+03  0.20658E+00  0.49732E+00  0.84261E+00   1.818   1.160
 0.180        97352 -0.30672E-03  0.92017E-03  0.92017E-03  0.18575E+03 -0.21427E+03 -0.10586E+03  0.24971E-01 -0.72979E+00  0.68321E+00   1.608   0.500
 0.190       246295 -0.16181E-03 -0.11327E-02  0.11327E-02 -0.12061E+03  0.24951E+03  0.30211E+03 -0.75110E-01 -0.83152E+00  0.55039E+00   2.462   0.500
 0.200       632478  0.00000E+00  0.22168E-02 -0.17053E-03 -0.21204E+03 -0.40055E+02 -0.10029E+03 -0.33087E-01 -0.81466E+00  0.57899E+00   3.452   0.673
 0.210       503591  0.53691E-03  0.53691E-03  0.00000E+00  0.20005E+03 -0.25188E+03 -0.13222E+03 -0.27730E+00 -0.71187E+00  0.64525E+00   2.483   0.500
 0.220       122513 -0.18744E-03 -0.37489E-03 -0.11247E-02  0.41797E+03 -0.21143E+03 -0.59765E+03 -0.41436E+00  0.90996E+00 -0.16883E-01   6.003   1.879
 0.230       909546 -0.15676E-02  0.19594E-03  0.78378E-03  0.19777E+03 -0.14258E+01  0.71776E+03 -0.52289E+00  0.85240E+00 -0.15212E-02   4.423   0.656
 0.240      1262427 -0.81807E-03  0.14316E-02 -0.18407E-02 -0.20619E+03  0.27677E+03 -0.48394E+03 -0.49009E+00  0.86799E+00 -0.79975E-01   5.343   1.022
 0.250       264997 -0.42617E-03  0.00000E+00 -0.21308E-03  0.22191E+03  0.28516E+03 -0.72674E+03 -0.39384E+00  0.89431E+00 -0.21239E+00   5.727   0.917
 0.260       205619  0.17721E-02  0.88606E-03 -0.22152E-03  0.55385E+03 -0.40992E+03  0.11893E+03 -0.43447E+00  0.82420E+00 -0.36322E+00   7.582   1.551
 0.270       153536  0.69020E-03 -0.20706E-02  0.69020E-03  0.14726E+03  0.80518E+01  0.36728E+03 -0.36687E+00  0.91222E+00 -0.18241E+00   6.749   1.691
 0.280      1025773 -0.47709E-03  0.95417E-03  0.95417E-03  0.23283E+03  0.21503E+02 -0.41434E+03 -0.36058E+00  0.92460E+00 -0.12286E+00   7.699   1.864
 0.290       811150 -0.24711E-02 -0.98844E-03  0.24711E-03 -0.24801E+03 -0.78762E+02 -0.29577E+03 -0.35769E+00  0.92706E+00 -0.11231E+00   7.751   1.578
 0.300       322516  0.76639E-03  0.25546E-03 -0.10218E-02 -0.63124E+02  0.32881E+02  0.27361E+03 -0.26756E+00  0.95558E+00 -0.12365E+00   7.449   1.448
 0.310       425063  0.29038E-02  0.79195E-03 -0.79195E-03 -0.15764E+02 -0.10797E+03  0.96875E+02 -0.28236E+00  0.95928E+00 -0.69190E-02   6.233   1.090
 0.320      1124959 -0.27255E-02  0.00000E+00 -0.24530E-02  0.40126E+03 -0.33706E+03 -0.39341E+03 -0.27282E+00  0.96192E+00  0.16899E-01   8.186   1.848
 0.330       150222 -0.16866E-02  0.11244E-02  0.84329E-03 -0.30427E+03  0.19626E+03  0.18979E+03 -0.25417E+00  0.96438E+00  0.73324E-01   9.574   2.754
 0.340       849753  0.00000E+00 -0.11589E-02  0.11589E-02 -0.10124E+03 -0.74963E+03  0.33737E+03 -0.31339E+00  0.93932E+00  0.13952E+00   9.407   2.891
 0.350       472085  0.59615E-03 -0.29808E-02 -0.29808E-03 -0.11877E+03  0.34816E+03 -0.35231E+03 -0.42440E+00  0.89444E+00  0.14096E+00   8.579   2.514
 0.360      3519058  0.30683E-02  0.15342E-02  0.18410E-02 -0.27731E+02  0.11124E+03  0.21443E+03 -0.46156E+00  0.88656E+00 -0.31064E-01   9.998   4.438
 0.370      4918833  0.28378E-02 -0.63063E-03  0.63063E-03  0.12550E+03 -0.23461E+03 -0.13563E+03 -0.29447E+00  0.84993E+00 -0.43693E+00  13.063   4.795
 0.380      1291786  0.51780E-02  0.00000E+00 -0.19418E-02 -0.15834E+03  0.18130E+03 -0.59247E+02 -0.23712E+00  0.79507E+00 -0.55824E+00  15.357   4.506
 0.390       131874 -0.13284E-02  0.19926E-02 -0.66420E-03 -0.28902E+03  0.23002E+02  0.19870E+03 -0.44638E+00  0.88851E+00  0.10630E+00  11.763   6.655
 0.400      1825354  0.17034E-02  0.20440E-02 -0.34067E-02 -0.19775E+03  0.21497E+03 -0.42849E+02 -0.28963E+00  0.93668E+00 -0.19682E+00   9.910   3.841
 0.410      5873644 -0.20955E-02  0.00000E+00 -0.13970E-02  0.45784E+03 -0.78258E+01  0.77922E+02 -0.25090E+00  0.96770E+00  0.24491E-01   9.533   2.578
 0.420      1595680  0.25039E-02  0.25039E-02 -0.71540E-03  0.22975E+02 -0.21397E+03  0.35267E+03 -0.22521E+00  0.97316E+00 -0.47377E-01  10.060   2.242
 0.430       597973 -0.51290E-02 -0.36636E-03 -0.73271E-03  0.27823E+03  0.36806E+03 -0.36627E+03 -0.19507E+00  0.98063E+00  0.17882E-01   9.534   2.029
 0.440       899614 -0.18745E-02 -0.41239E-02  0.22494E-02  0.20785E+03 -0.11269E+03 -0.96967E+02 -0.18996E+00  0.98081E+00  0.43973E-01   9.733   1.169
