  35
 0.100  1.05000E+00  1.48814E+08  1.07206E+08  1.20759E+08  1.41150E+08  8.01018E+07  8.41526E+08  1.18563E+00
 0.110  1.31250E+00  1.55948E+08  2.19661E+08  2.54489E+08  1.50384E+08  1.28870E+08  1.28781E+09  1.28084E+00
 0.120  1.61250E+00  2.56119E+08  3.71001E+08  4.36461E+08  2.47308E+08  1.47463E+08  2.07555E+09  1.70050E+00
 0.130  1.95000E+00  2.77936E+08  6.73410E+08  7.91510E+08  2.67164E+08  2.97540E+08  2.79669E+09  3.81237E+00
 0.140  2.36250E+00  5.61768E+08  8.59347E+08  1.03119E+09  5.40470E+08  2.02358E+08  4.34747E+09  2.31286E+00
 0.150  3.03750E+00  9.88107E+08  1.39433E+09  1.66192E+09  9.30090E+08  5.06968E+08  6.13028E+09  6.35477E+00
 0.160  3.78750E+00  2.05533E+09  2.32716E+09  2.79276E+09  1.94128E+09  6.74373E+08  1.46964E+10  8.33888E+00
 0.170  4.27500E+00  2.83585E+09  3.52625E+09  4.23207E+09  2.67626E+09  1.16968E+09  1.50186E+10  1.31228E+01
 0.180  4.68750E+00  3.10479E+09  6.68215E+09  7.94048E+09  2.89735E+09  2.97716E+09  1.77101E+10  3.45958E+01
 0.190  5.17500E+00  2.75792E+09  8.63202E+09  1.04754E+10  2.57395E+09  1.81027E+09  2.10832E+10  2.01478E+01
 0.200  6.41250E+00  2.99083E+09  9.82892E+09  1.21722E+10  2.76640E+09  1.02895E+09  2.79133E+10  1.05539E+01
 0.210  7.31250E+00  4.35677E+09  1.54670E+10  1.91720E+10  3.96150E+09  2.77697E+09  5.29425E+10  2.69762E+01
 0.220  7.80000E+00  6.50968E+09  1.87111E+10  2.33376E+10  5.96819E+09  2.62822E+09  5.68520E+10  3.11365E+01
 0.230  8.36250E+00  4.39470E+09  2.14880E+10  2.70202E+10  3.94778E+09  2.60778E+09  5.80905E+10  2.49234E+01
 0.240  8.73750E+00  5.44339E+09  2.39656E+10  3.04246E+10  4.88278E+09  1.78163E+09  6.33858E+10  2.06217E+01
 0.250  9.07500E+00  6.33929E+09  2.61433E+10  3.34646E+10  5.78346E+09  1.75565E+09  6.79279E+10  2.08124E+01
 0.260  9.37500E+00  7.21678E+09  2.76420E+10  3.56886E+10  6.56245E+09  1.30181E+09  6.93609E+10  1.42092E+01
 0.270  9.86250E+00  6.48970E+09  2.91477E+10  3.78829E+10  5.82524E+09  1.36992E+09  7.50686E+10  1.49449E+01
 0.280  1.03875E+01  6.82484E+09  3.09297E+10  4.04347E+10  6.23937E+09  1.21493E+09  7.95323E+10  1.32204E+01
 0.290  1.08000E+01  6.10254E+09  3.25125E+10  4.27685E+10  5.50577E+09  1.09910E+09  8.49004E+10  1.14843E+01
 0.300  1.12875E+01  8.33419E+09  3.44332E+10  4.53165E+10  7.59458E+09  1.77738E+09  8.93985E+10  2.34477E+01
 0.310  1.17750E+01  7.17273E+09  3.63128E+10  4.80286E+10  6.45041E+09  1.30219E+09  9.20680E+10  1.33136E+01
 0.320  1.22250E+01  6.37324E+09  3.75717E+10  4.99794E+10  5.77651E+09  9.38176E+08  9.58732E+10  9.94530E+00
 0.330  1.31250E+01  6.19157E+09  3.83543E+10  5.12801E+10  5.54759E+09  6.92829E+08  1.03181E+11  7.14634E+00
 0.340  1.38000E+01  6.44538E+09  3.92204E+10  5.26638E+10  5.80102E+09  6.59045E+08  1.10039E+11  7.35845E+00
 0.350  1.45875E+01  7.45896E+09  4.02478E+10  5.42391E+10  6.69343E+09  5.79444E+08  1.26662E+11  6.86534E+00
 0.360  1.63875E+01  8.08532E+09  4.12746E+10  5.58068E+10  7.12068E+09  5.99745E+08  1.41002E+11  6.64834E+00
 0.370  1.75500E+01  1.30346E+10  4.22202E+10  5.71848E+10  1.18468E+10  8.17425E+08  1.49045E+11  9.27219E+00
 0.380  1.86000E+01  1.96531E+10  4.43485E+10  6.00049E+10  1.78506E+10  1.45439E+09  1.75153E+11  1.68076E+01
 0.390  1.94625E+01  2.47129E+10  5.91443E+10  8.00247E+10  2.21892E+10  1.84575E+09  2.46572E+11  2.34978E+01
 0.400  2.01375E+01  2.48532E+10  5.29589E+10  7.12674E+10  2.18058E+10  3.04873E+09  2.10343E+11  3.38740E+01
 0.410  2.07375E+01  2.24718E+10  6.79266E+10  9.10139E+10  1.97895E+10  4.61235E+09  2.28884E+11  5.70310E+01
 0.420  2.12250E+01  1.67200E+10  7.21383E+10  9.66289E+10  1.45394E+10  3.47228E+09  2.21798E+11  3.87978E+01
 0.430  2.15625E+01  1.39341E+10  7.66766E+10  1.02987E+11  1.21076E+10  3.20292E+09  2.21969E+11  3.40582E+01
 0.440  2.19375E+01  1.10669E+10  7.93716E+10  1.07106E+11  9.51307E+09  2.09701E+09  2.25676E+11  2.41555E+01
