  35
 0.100   1.000  1.04529E+08  1.17722E+08  1.04109E+08  6.78631E+01  0.00000E+00  0.00000E+00  0.00000E+00  1.04529E+08  1.17722E+08  1.04109E+08
 0.110   1.000  2.05241E+08  2.37508E+08  2.04115E+08  1.00741E+02  1.09755E+07  1.31627E+07  1.08652E+07  1.94265E+08  2.24346E+08  1.93250E+08
 0.120   1.129  3.50041E+08  4.11451E+08  3.47500E+08  1.38222E+02  2.62511E+07  3.19958E+07  2.58890E+07  3.23790E+08  3.79455E+08  3.21611E+08
 0.130   1.000  6.22277E+08  7.29848E+08  6.17824E+08  1.47451E+02  2.84699E+07  3.51185E+07  2.79831E+07  5.93807E+08  6.94729E+08  5.89841E+08
 0.140   1.612  8.27782E+08  9.93191E+08  8.19774E+08  2.07568E+02  6.76940E+07  8.40076E+07  6.64438E+07  7.60088E+08  9.09183E+08  7.53331E+08
 0.150   2.192  1.30864E+09  1.56286E+09  1.29617E+09  2.17679E+02  1.05313E+08  1.31354E+08  1.03191E+08  1.20333E+09  1.43151E+09  1.19298E+09
 0.160   1.925  1.93954E+09  2.32504E+09  1.92068E+09  2.38236E+02  2.01289E+08  2.50742E+08  1.97639E+08  1.73825E+09  2.07430E+09  1.72304E+09
 0.170   1.818  2.98295E+09  3.58696E+09  2.95445E+09  2.53401E+02  3.22922E+08  4.06567E+08  3.16567E+08  2.66003E+09  3.18039E+09  2.63788E+09
 0.180   1.608  5.69462E+09  6.75027E+09  5.65541E+09  2.06225E+02  3.29823E+08  4.14594E+08  3.23628E+08  5.36480E+09  6.33568E+09  5.33178E+09
 0.190   2.462  7.96873E+09  9.66466E+09  7.90418E+09  2.61233E+02  7.88175E+08  9.90572E+08  7.75351E+08  7.18055E+09  8.67409E+09  7.12883E+09
 0.200   3.452  9.33031E+09  1.15541E+10  9.23490E+09  3.44199E+02  1.11561E+09  1.41704E+09  1.09553E+09  8.21470E+09  1.01370E+10  8.13937E+09
 0.210   2.483  1.06595E+10  1.32693E+10  1.05396E+10  3.94962E+02  9.44629E+08  1.21390E+09  9.24519E+08  9.71491E+09  1.20554E+10  9.61505E+09
 0.220   6.003  1.70532E+10  2.12915E+10  1.68486E+10  4.35310E+02  4.53273E+09  5.76096E+09  4.46010E+09  1.25204E+10  1.55305E+10  1.23885E+10
 0.230   4.423  1.96551E+10  2.47402E+10  1.94032E+10  4.86682E+02  4.82536E+09  6.19972E+09  4.74056E+09  1.48297E+10  1.85405E+10  1.46627E+10
 0.240   5.343  2.24683E+10  2.85453E+10  2.21479E+10  5.61355E+02  5.60322E+09  7.26214E+09  5.49257E+09  1.68651E+10  2.12832E+10  1.66553E+10
 0.250   5.727  2.45203E+10  3.14127E+10  2.41339E+10  6.42694E+02  5.94052E+09  7.76638E+09  5.80859E+09  1.85798E+10  2.36463E+10  1.83253E+10
 0.260   7.582  2.67876E+10  3.46090E+10  2.63238E+10  7.30271E+02  6.71792E+09  8.83036E+09  6.55622E+09  2.00697E+10  2.57786E+10  1.97676E+10
 0.270   6.749  2.75597E+10  3.58713E+10  2.70353E+10  8.28354E+02  6.46363E+09  8.56265E+09  6.28917E+09  2.10960E+10  2.73087E+10  2.07461E+10
 0.280   7.699  2.94165E+10  3.85168E+10  2.88140E+10  9.18956E+02  7.19581E+09  9.55047E+09  6.99449E+09  2.22207E+10  2.89664E+10  2.18195E+10
 0.290   7.751  3.06548E+10  4.03869E+10  2.99726E+10  1.02540E+03  7.62930E+09  1.01766E+10  7.39957E+09  2.30255E+10  3.02104E+10  2.25730E+10
 0.300   7.449  3.19589E+10  4.21471E+10  3.12196E+10  1.09673E+03  7.42340E+09  9.93687E+09  7.18775E+09  2.45355E+10  3.22102E+10  2.40319E+10
 0.310   6.233  3.18273E+10  4.22133E+10  3.10396E+10  1.20455E+03  6.70011E+09  9.02884E+09  6.46473E+09  2.51272E+10  3.31845E+10  2.45749E+10
 0.320   8.186  3.49384E+10  4.65388E+10  3.40381E+10  1.28816E+03  8.13551E+09  1.09708E+10  7.85183E+09  2.68029E+10  3.55680E+10  2.61862E+10
 0.330   9.574  3.66625E+10  4.90598E+10  3.56379E+10  1.39568E+03  8.90965E+09  1.20421E+10  8.58598E+09  2.77528E+10  3.70178E+10  2.70519E+10
 0.340   9.407  3.71495E+10  4.99120E+10  3.60304E+10  1.51449E+03  8.88892E+09  1.20487E+10  8.54636E+09  2.82606E+10  3.78633E+10  2.74841E+10
 0.350   8.579  3.72090E+10  5.01920E+10  3.60022E+10  1.64057E+03  8.63380E+09  1.17488E+10  8.27649E+09  2.85752E+10  3.84431E+10  2.77257E+10
 0.360   9.998  3.89413E+10  5.26717E+10  3.76059E+10  1.75294E+03  9.48222E+09  1.29344E+10  9.07924E+09  2.94591E+10  3.97374E+10  2.85267E+10
 0.370  13.063  4.12132E+10  5.58459E+10  3.97390E+10  1.85348E+03  1.06357E+10  1.45395E+10  1.01747E+10  3.05776E+10  4.13064E+10  2.95643E+10
 0.380  15.357  4.32941E+10  5.86820E+10  4.16906E+10  1.94263E+03  1.14160E+10  1.56398E+10  1.09006E+10  3.18780E+10  4.30422E+10  3.07900E+10
 0.390  11.763  5.36589E+10  7.28661E+10  5.16989E+10  1.98853E+03  2.05193E+10  2.81367E+10  1.97218E+10  3.31396E+10  4.47294E+10  3.19771E+10
 0.400   9.910  4.61833E+10  6.24633E+10  4.44206E+10  2.06429E+03  1.13667E+10  1.55926E+10  1.08377E+10  3.48166E+10  4.68708E+10  3.35829E+10
 0.410   9.533  5.25089E+10  7.03510E+10  5.06071E+10  1.99691E+03  1.26016E+10  1.73019E+10  1.20135E+10  3.99073E+10  5.30491E+10  3.85935E+10
 0.420  10.060  6.19346E+10  8.29949E+10  5.97580E+10  1.98511E+03  1.73802E+10  2.39008E+10  1.66004E+10  4.45544E+10  5.90941E+10  4.31577E+10
 0.430   9.534  6.45443E+10  8.67328E+10  6.22497E+10  2.04402E+03  1.71965E+10  2.37284E+10  1.63861E+10  4.73478E+10  6.30044E+10  4.58636E+10
 0.440   9.733  6.80212E+10  9.17254E+10  6.55774E+10  2.10887E+03  1.78411E+10  2.46437E+10  1.69808E+10  5.01801E+10  6.70816E+10  4.85966E+10
