  35
 0.100   1.000  1.15977E+00  1.30151E+00  8.65727E-01
 0.110   1.000  1.23814E+00  1.14924E+00  1.34878E+00
 0.120   1.129  1.63794E+00  1.58402E+00  1.64103E+00
 0.130   1.000  3.72578E+00  3.61825E+00  3.22523E+00
 0.140   1.612  2.19835E+00  2.27850E+00  2.15200E+00
 0.150   2.192  5.60110E+00  5.82833E+00  5.08186E+00
 0.160   1.925  7.13482E+00  7.52956E+00  6.67848E+00
 0.170   1.818  1.06153E+01  1.12451E+01  1.04362E+01
 0.180   1.608  3.14184E+01  3.10819E+01  3.00713E+01
 0.190   2.462  1.83560E+01  1.83182E+01  1.92988E+01
 0.200   3.452  9.31648E+00  9.48230E+00  1.08511E+01
 0.210   2.483  1.72677E+01  1.63118E+01  1.86240E+01
 0.220   6.003  2.75012E+01  2.76330E+01  2.60768E+01
 0.230   4.423  2.11875E+01  1.97309E+01  2.48605E+01
 0.240   5.343  1.83217E+01  1.83016E+01  1.90671E+01
 0.250   5.727  1.82713E+01  1.83292E+01  1.79012E+01
 0.260   7.582  1.27175E+01  1.25944E+01  1.35450E+01
 0.270   6.749  1.19012E+01  1.18891E+01  1.25779E+01
 0.280   7.699  1.01547E+01  9.61266E+00  1.10872E+01
 0.290   7.751  9.44659E+00  9.18143E+00  9.86225E+00
 0.300   7.449  2.01864E+01  2.17466E+01  1.69159E+01
 0.310   6.233  1.15503E+01  1.13638E+01  1.23032E+01
 0.320   8.186  8.86179E+00  8.61304E+00  9.17369E+00
 0.330   9.574  6.01208E+00  5.79243E+00  6.41861E+00
 0.340   9.407  6.58838E+00  6.64839E+00  6.52022E+00
 0.350   8.579  5.57674E+00  5.41952E+00  5.62235E+00
 0.360   9.998  6.10721E+00  5.93732E+00  6.29562E+00
 0.370  13.063  7.99061E+00  8.03085E+00  7.85587E+00
 0.380  15.357  1.16429E+01  1.22034E+01  1.13813E+01
 0.390  11.763  1.61937E+01  1.74929E+01  1.40459E+01
 0.400   9.910  2.36962E+01  2.53140E+01  2.18738E+01
 0.410   9.533  5.15801E+01  5.33219E+01  4.63159E+01
 0.420  10.060  3.66070E+01  3.55756E+01  3.72994E+01
 0.430   9.534  3.00379E+01  2.90485E+01  3.08493E+01
 0.440   9.733  2.30752E+01  2.23349E+01  2.31245E+01
