  45
 0.100 -2.87774E-02  1.34224E-01 -5.04997E-02 -3.44294E+01  2.46357E+01  1.91206E+01   0.750  2.88132E+07  3.22401E+07  8.52113E+06  0.00000E+00  3.09025E+08  3.38822E-02  1.37899E+02   7.360   7.316
 0.110 -7.86860E-02  1.69617E-01 -1.09726E-01 -2.71123E+01  9.93032E-01  1.83040E+01   0.975  5.92265E+07  6.59952E+07  1.88701E+07  3.88508E+06  4.46286E+08  1.03707E-01  1.47307E+02   7.547   7.359
 0.120 -1.97173E-01  7.89313E-02  1.81823E-01 -6.87431E+00 -3.33217E+00  1.03373E+01   1.072  1.60219E+08  1.80068E+08  4.58565E+07  6.97930E+06  6.30936E+08  3.66363E-01  1.26346E+02   7.745   7.544
 0.130 -1.79693E-01  6.34587E-02 -1.38741E-01 -1.86109E+01  1.09450E+01  1.53255E+01   1.414  5.22127E+07  1.08401E+08  1.08990E+08  1.63486E+07  9.70722E+08  5.29235E-01  1.39225E+02   7.783   7.805
 0.140 -2.38887E-01  1.13635E-01  6.13720E-02 -5.00456E+01  1.60937E+01  4.92656E+00   1.644  1.89738E+08  2.24288E+08  1.59054E+08  2.87681E+07  1.47180E+09  6.47867E-01  1.83533E+02   7.837   7.793
 0.150 -1.28333E-01  1.03882E-01 -4.27017E-01 -2.18168E+01  1.04436E+01 -1.08371E+00   1.841  1.97288E+08  2.33592E+08  1.99300E+08  3.69553E+07  1.73302E+09  4.38864E-01  2.37149E+02   7.902   7.819
 0.160  1.86703E-01  3.29972E-01 -4.98967E-02  1.33178E+01  5.02702E-01  2.58160E+01   1.922  3.93447E+08  4.56326E+08  2.87200E+08  5.46420E+07  1.53265E+09  1.14153E+00  2.47998E+02   8.031   7.880
 0.170 -8.33246E-02 -5.44652E-02  1.57358E-02 -2.13574E+01 -3.43351E+00  1.24671E+01   1.511  5.38584E+08  6.99479E+08  4.44901E+08  1.43104E+08  1.53964E+09  2.66118E+00  2.30998E+02   8.200   8.018
 0.180  9.13241E-03 -1.14676E-02 -3.64982E-03 -2.11935E+00 -2.00853E+00  4.97524E+00   1.000  4.15053E+08  8.19788E+08  8.58920E+08  1.21579E+08  1.09851E+09  4.36660E+00  1.95163E+02   8.543   8.363
 0.190  2.66869E-02  1.59401E-02  1.19652E-02 -3.48213E+00  9.02348E+00 -2.74027E+00   1.402  6.10549E+08  1.25529E+09  1.74001E+09  2.37478E+08  2.29645E+09  7.70615E+00  2.20607E+02   8.581   8.442
 0.200 -5.25447E-03  2.41560E-03 -9.65787E-03 -4.08478E+00 -6.94525E-01  6.53310E-01   1.000  7.08237E+08  2.10264E+09  3.65024E+09  8.36631E+08  1.93022E+09  1.59925E+01  2.05951E+02   8.798   8.550
 0.210  1.62502E-01  9.79188E-02  2.72879E-02  4.81958E+00 -1.09431E+01 -5.21910E-01   2.307  1.16615E+09  1.84981E+09  5.48453E+09  1.78717E+09  6.24269E+09  8.55607E+00  3.08012E+02   8.542   8.558
 0.220 -3.36452E-01  3.40025E-02 -2.11222E-01 -2.42821E+01 -4.67024E-01 -1.44408E+01   5.601  2.74954E+09  3.64051E+09  7.92391E+09  2.87458E+09  2.41383E+10  1.15468E+01  3.90321E+02   8.318   8.533
 0.230  7.93610E-01 -1.36930E-01  8.95355E-01  1.45801E+01  6.43584E+01  2.09735E+01   5.009  8.25397E+09  1.03191E+10  1.06639E+10  3.05106E+09  3.13247E+10  3.59687E+01  3.91789E+02   8.187   8.498
 0.240  4.21424E-02  1.07459E-02 -1.34571E-01 -4.43355E+00 -3.26720E+00  3.45721E+00   3.350  5.23216E+09  9.75544E+09  1.68834E+10  4.14219E+09  1.75705E+10  4.87491E+01  3.72561E+02   8.565   8.550
 0.250 -1.25071E-01  3.30284E-01 -3.59404E-02 -8.71924E+00  2.83872E+01  6.54973E+00   4.994  8.02438E+09  1.18897E+10  2.42193E+10  5.84289E+09  3.43147E+10  4.83401E+01  4.01092E+02   8.505   8.566
 0.260 -7.25510E-03  2.96543E-01 -9.12467E-02  1.95344E+01 -6.12420E+00  2.25240E+01   5.170  4.85876E+09  8.56014E+09  2.96990E+10  6.29916E+09  3.73665E+10  3.62870E+01  4.47147E+02   8.660   8.588
 0.270  1.23116E-01  6.57969E-01 -6.74371E-01 -6.86684E+00  4.75497E+00  1.47801E+01   7.924  1.19167E+10  1.50181E+10  3.66167E+10  8.65420E+09  6.74676E+10  5.16621E+01  5.17761E+02   8.450   8.571
 0.280  2.39277E-01  1.29254E+00 -4.01828E-01  6.59276E+00  5.10558E+00 -2.40708E+01   9.003  9.47613E+09  1.29543E+10  4.23555E+10  9.18141E+09  7.61033E+10  3.93043E+01  5.74486E+02   8.563   8.575
 0.290  9.62372E-01  1.62882E+00 -1.70876E+00  6.92030E+00 -2.20936E+00 -1.45724E+01  10.348  1.15472E+10  1.35966E+10  4.61173E+10  9.88555E+09  8.90969E+10  3.37920E+01  6.68643E+02   8.523   8.581
 0.300  2.33492E-01  1.67961E+00 -4.86928E-01 -6.81569E+00  3.80550E+01 -6.75985E-01  11.830  9.77981E+09  1.11830E+10  5.01177E+10  1.08999E+10  1.03344E+11  2.37106E+01  7.53904E+02   8.583   8.585
 0.310  1.79325E-01  4.02777E-01 -5.40845E-01 -3.45714E+01 -8.74675E+00  4.50916E+01   9.778  1.04300E+10  1.23254E+10  5.10897E+10  1.03297E+10  8.79143E+10  3.26324E+01  8.60211E+02   8.557   8.596
 0.320  7.20120E-01  7.31232E-01 -1.13809E+00  7.16864E+00  2.08925E+00 -6.86412E+00  12.036  1.05898E+10  1.21691E+10  5.71840E+10  1.21062E+10  1.10633E+11  2.65054E+01  9.34941E+02   8.576   8.592
 0.330  2.20702E-01  2.08374E+00 -2.30345E-01  4.69809E+01  6.09274E+01 -3.73267E+01  12.594  1.20598E+10  1.34033E+10  6.06537E+10  1.26675E+10  1.20246E+11  2.32431E+01  1.02615E+03   8.540   8.598
 0.340 -2.15622E-01  2.08025E+00  5.05362E-01  1.16706E+01  7.63812E+01 -1.49960E+01  12.831  9.38748E+09  1.01467E+10  6.16940E+10  1.28038E+10  1.22259E+11  1.53544E+01  1.14278E+03   8.575   8.607
 0.350 -8.06233E-01  1.36634E+00  1.04758E+00 -1.51317E+01  9.18083E+01  3.61765E+01  14.195  9.86839E+09  1.04896E+10  6.45033E+10  1.39420E+10  1.36270E+11  1.40947E+01  1.24901E+03   8.578   8.607
 0.360 -7.90943E-01  6.94843E-01  9.10580E-01 -2.57733E+01  5.70138E+01  5.96920E+01  14.636  1.01399E+10  1.02947E+10  6.62397E+10  1.42872E+10  1.46061E+11  1.34281E+01  1.36078E+03   8.552   8.607
 0.370 -3.58077E-02 -1.68182E-01  2.36088E-01 -5.65916E+01 -1.48567E+01  9.27521E+01  14.132  1.15847E+10  1.24437E+10  6.85919E+10  1.49356E+10  1.46689E+11  2.14624E+01  1.46197E+03   8.534   8.607
 0.380 -9.05191E-01  6.35949E-02  1.31265E+00 -2.33303E+01  4.15778E+01  5.08433E+01  15.346  1.11720E+10  1.21106E+10  7.20913E+10  1.56946E+10  1.59273E+11  1.95912E+01  1.54188E+03   8.558   8.607
 0.390  1.61711E+00  1.84651E+00 -1.65372E+00 -1.60245E+00 -1.36444E+01  1.00383E+01  17.633  1.22220E+10  1.22750E+10  7.45182E+10  1.68486E+10  1.82971E+11  9.80240E+00  1.66249E+03   8.543   8.605
 0.400 -5.30578E-01 -3.55194E+00  9.81607E-01 -3.85326E+01  9.41606E+01  7.33079E+01  18.433  1.47173E+10  1.61380E+10  8.03761E+10  1.97280E+10  2.10751E+11  3.06845E+01  1.72795E+03   8.541   8.593
 0.410 -7.59594E-01  1.08160E+00  1.78147E+00  6.42379E-01  1.30787E+02  7.51246E+00  19.185  1.52194E+10  1.56515E+10  7.90762E+10  1.80248E+10  2.06411E+11  1.83732E+01  1.87491E+03   8.507   8.604
 0.420 -7.37625E-01  3.39578E-01  1.51097E+00 -2.95507E+01  8.10384E+01  3.34850E+01  18.915  1.54445E+10  1.50564E+10  7.96469E+10  1.83443E+10  2.01332E+11  9.94264E+00  2.01314E+03   8.491   8.605
 0.430 -8.94316E-02  1.86772E+00 -1.57578E-01  1.12097E+01  2.81347E+01  2.99804E+00  20.426  2.09102E+10  2.07230E+10  8.41731E+10  2.03579E+10  2.24911E+11  1.70207E+01  2.08415E+03   8.477   8.602
 0.440 -1.07480E+00 -7.36727E-01  2.07161E+00 -2.47878E+01  5.34496E+01  5.87758E+01  20.129  2.08855E+10  2.19722E+10  8.77207E+10  2.06876E+10  2.29649E+11  3.55308E+01  2.15047E+03   8.546   8.598
 0.450  3.41193E-02  1.93349E+00 -9.19173E-01  3.78292E+01  4.15203E+01 -8.40140E+01  18.810  1.80133E+10  1.90602E+10  9.14757E+10  2.21378E+10  2.16584E+11  2.97982E+01  2.23277E+03   8.581   8.605
 0.460  6.35864E-01  1.15224E+00 -6.91951E-01 -1.00828E+01  7.12430E+01  3.83622E+01  17.479  1.24655E+10  1.35809E+10  9.10021E+10  2.06556E+10  1.93471E+11  2.43573E+01  2.33788E+03   8.680   8.616
 0.470 -8.84362E-02  2.61163E+00  1.48024E+00  1.33028E+01  5.92741E+01  1.63490E+01  19.739  1.34006E+10  1.42398E+10  9.80662E+10  2.41380E+10  2.24640E+11  1.93469E+01  2.39741E+03   8.673   8.616
 0.480  9.02829E-01  1.41779E+00 -1.00987E+00 -2.04618E+01 -4.42156E-01  3.16045E+01  21.749  1.25257E+10  1.29938E+10  1.05260E+11  2.78416E+10  2.55447E+11  1.65948E+01  2.46726E+03   8.687   8.620
 0.490 -6.79350E-01 -1.23621E-01  1.13115E+00 -2.52852E+00  3.95152E+01  2.43495E+01  18.199  8.69819E+09  9.02501E+09  1.02715E+11  2.62963E+10  2.08184E+11  1.05266E+01  2.63236E+03   8.745   8.631
 0.500 -2.58395E-01 -3.63702E-01 -7.13272E-01 -6.93724E+00  1.96759E+01  1.70713E+01  19.911  1.03412E+10  1.05871E+10  1.05409E+11  2.76255E+10  2.27634E+11  1.01827E+01  2.73760E+03   8.709   8.631
 0.510 -3.78224E-01  7.26427E-01  1.18558E+00  1.08220E+01  7.27845E+01  1.01158E+01  21.855  1.26634E+10  1.28783E+10  1.11788E+11  3.13934E+10  2.61962E+11  1.20731E+01  2.84798E+03   8.679   8.624
 0.520 -3.83521E-01  4.23890E-01 -7.16131E-01  3.70466E+00  4.08106E+01  1.42909E+01  25.391  1.43421E+10  1.45135E+10  1.17139E+11  3.45716E+10  2.97785E+11  1.16681E+01  2.94785E+03   8.660   8.626
 0.530  3.16679E-01  2.88917E+00  2.17532E+00  1.47969E+01  6.49315E+01  1.42746E+01  24.933  1.15234E+10  1.14570E+10  1.15651E+11  3.31329E+10  2.90182E+11  7.47373E+00  3.11095E+03   8.686   8.631
 0.540 -6.09167E-01 -1.16557E-01  5.16618E-01 -1.44666E+01  4.08896E+01  5.75281E+01  25.379  1.16401E+10  1.14389E+10  1.17586E+11  3.42302E+10  2.97723E+11  6.62400E+00  3.24248E+03   8.677   8.632
