  45
 0.100  5.00000E+00  3.18591E+09  5.23439E+01
 0.110  6.50000E+00  5.89288E+09  6.24369E+01
 0.120  8.50000E+00  1.00501E+10  7.13033E+01
 0.130  1.05000E+01  1.42361E+10  7.63547E+01
 0.140  1.35000E+01  2.50345E+10  8.92970E+01
 0.150  1.52500E+01  2.90271E+10  9.04693E+01
 0.160  1.70000E+01  3.32982E+10  9.17741E+01
 0.170  1.80000E+01  3.31130E+10  8.89400E+01
 0.180  2.27500E+01  5.56919E+10  1.02598E+02
 0.190  3.05000E+01  1.14976E+11  1.27317E+02
 0.200  3.42500E+01  1.40808E+11  1.32959E+02
 0.210  4.07500E+01  2.05341E+11  1.47200E+02
 0.220  5.02500E+01  3.31999E+11  1.68552E+02
 0.230  5.70000E+01  4.24165E+11  1.78881E+02
 0.240  6.30000E+01  5.03109E+11  1.85308E+02
 0.250  6.97500E+01  6.08832E+11  1.93736E+02
 0.260  7.50000E+01  6.73795E+11  1.96547E+02
 0.270  7.97500E+01  7.22378E+11  1.97356E+02
 0.280  8.50000E+01  7.81499E+11  1.98833E+02
 0.290  8.90000E+01  8.11039E+11  1.97952E+02
 0.300  9.25000E+01  8.29679E+11  1.96390E+02
 0.310  9.67500E+01  8.65501E+11  1.96129E+02
 0.320  1.00250E+02  8.79493E+11  1.94226E+02
 0.330  1.04250E+02  9.04041E+11  1.93104E+02
 0.340  1.09000E+02  9.43513E+11  1.92928E+02
 0.350  1.17750E+02  1.07710E+12  1.98327E+02
 0.360  1.23750E+02  1.17423E+12  2.01994E+02
 0.370  1.29000E+02  1.23549E+12  2.02936E+02
 0.380  1.35750E+02  1.31646E+12  2.04206E+02
 0.390  1.40750E+02  1.37165E+12  2.04706E+02
 0.400  1.45000E+02  1.41168E+12  2.04606E+02
 0.410  1.49500E+02  1.44092E+12  2.03579E+02
 0.420  1.54250E+02  1.47376E+12  2.02691E+02
 0.430  1.58000E+02  1.47804E+12  2.00562E+02
 0.440  1.61750E+02  1.48592E+12  1.98751E+02
 0.450  1.65500E+02  1.48850E+12  1.96657E+02
 0.460  1.68750E+02  1.49085E+12  1.94908E+02
 0.470  1.72250E+02  1.49712E+12  1.93322E+02
 0.480  1.76500E+02  1.51083E+12  1.91854E+02
 0.490  1.79750E+02  1.51377E+12  1.90296E+02
 0.500  1.83000E+02  1.51093E+12  1.88421E+02
 0.510  1.85750E+02  1.50898E+12  1.86901E+02
 0.520  1.89250E+02  1.51440E+12  1.85497E+02
 0.530  1.93000E+02  1.52217E+12  1.84157E+02
 0.540  1.96500E+02  1.52886E+12  1.82910E+02
