  45
 0.100   0.750  3.38822E-02  3.20535E-02  4.46935E-02
 0.110   0.975  1.03707E-01  1.00089E-01  9.69932E-02
 0.120   1.072  3.66363E-01  4.25400E-01  2.84426E-01
 0.130   1.414  5.29235E-01  3.53216E-01  6.85025E-01
 0.140   1.644  6.47867E-01  7.44277E-01  4.72650E-01
 0.150   1.841  4.38864E-01  4.04320E-01  4.99426E-01
 0.160   1.922  1.14153E+00  1.20494E+00  9.08356E-01
 0.170   1.511  2.66118E+00  3.07500E+00  1.94948E+00
 0.180   1.000  4.36660E+00  4.17884E+00  4.56305E+00
 0.190   1.402  7.70615E+00  7.74902E+00  7.33350E+00
 0.200   1.000  1.59925E+01  1.59190E+01  1.54684E+01
 0.210   2.307  8.55607E+00  9.11821E+00  8.18073E+00
 0.220   5.601  1.15468E+01  1.16598E+01  1.22385E+01
 0.230   5.009  3.59687E+01  4.07558E+01  2.73767E+01
 0.240   3.350  4.87491E+01  4.95799E+01  5.14053E+01
 0.250   4.994  4.83401E+01  5.02691E+01  4.72576E+01
 0.260   5.170  3.62870E+01  3.35617E+01  4.40646E+01
 0.270   7.924  5.16621E+01  5.62075E+01  4.25457E+01
 0.280   9.003  3.93043E+01  3.69343E+01  4.66002E+01
 0.290  10.348  3.37920E+01  3.40263E+01  3.17664E+01
 0.300  11.830  2.37106E+01  2.38026E+01  2.60834E+01
 0.310   9.778  3.26324E+01  3.34414E+01  3.00335E+01
 0.320  12.036  2.65054E+01  2.55355E+01  2.71112E+01
 0.330  12.594  2.32431E+01  2.24430E+01  2.45496E+01
 0.340  12.831  1.53544E+01  1.57846E+01  1.65214E+01
 0.350  14.195  1.40947E+01  1.31822E+01  1.59134E+01
 0.360  14.636  1.34281E+01  1.38819E+01  1.22798E+01
 0.370  14.132  2.14624E+01  2.23785E+01  1.89016E+01
 0.380  15.346  1.95912E+01  1.85025E+01  2.16226E+01
 0.390  17.633  9.80240E+00  9.51983E+00  1.10858E+01
 0.400  18.433  3.06845E+01  3.13057E+01  2.86237E+01
 0.410  19.185  1.83732E+01  1.84483E+01  1.82813E+01
 0.420  18.915  9.94264E+00  9.46252E+00  1.07065E+01
 0.430  20.426  1.70207E+01  1.80624E+01  1.54813E+01
 0.440  20.129  3.55308E+01  3.41123E+01  3.44589E+01
 0.450  18.810  2.97982E+01  3.00349E+01  2.83423E+01
 0.460  17.479  2.43573E+01  2.43532E+01  2.41970E+01
 0.470  19.739  1.93469E+01  1.86543E+01  1.96657E+01
 0.480  21.749  1.65948E+01  1.56130E+01  1.70310E+01
 0.490  18.199  1.05266E+01  1.09840E+01  9.98998E+00
 0.500  19.911  1.01827E+01  1.02685E+01  1.01051E+01
 0.510  21.855  1.20731E+01  1.14018E+01  1.24940E+01
 0.520  25.391  1.16681E+01  1.11576E+01  1.21452E+01
 0.530  24.933  7.47373E+00  7.44996E+00  7.71675E+00
 0.540  25.379  6.62400E+00  6.77358E+00  6.16768E+00
