  43
 0.140       467662         7296       212004
 0.150       642653         9148       290833
 0.160       795662        10800       361703
 0.170       945115        13369       440189
 0.180      1128497        15667       522033
 0.190      1333785        19155       624763
 0.200      1504701        23098       713417
 0.210      1757573        27404       843918
 0.220      1978088        31035       952664
 0.230      2342628        35121      1117064
 0.240      2644002        42726      1257814
 0.250      2901573        45858      1373009
 0.260      3137448        51752      1507685
 0.270      3810088        62131      1805187
 0.280      4090883        68705      2010334
 0.290      4522098        72430      2239218
 0.300      5520215        82192      2773045
 0.310      7342493       103511      3638245
 0.320      8368704       114941      4173011
 0.330      9593501       133144      4787258
 0.340     10615663       151167      5350430
 0.350     11610142       174402      5775450
 0.360     12574907       213776      6339485
 0.370     14287784       240296      7167309
 0.380     15819975       274978      7953353
 0.390     17644391       309506      8796430
 0.400     19166954       364569      9651870
 0.410     20395164       418632     10233693
 0.420     21929563       508577     10962784
 0.430     25202033       884695     12696523
 0.440     27861974      1069770     14064855
 0.450     29944469      1215925     15086710
 0.460     32443539      1347301     16403618
 0.470     35786749      1464729     18019724
 0.480     37258156      1551782     18744572
 0.490     38068558      1624593     19251435
 0.500     39039570      1728832     19734940
 0.510     39988509      1887587     20037732
 0.520     40400835      2067190     20401677
 0.530     41878817      2307364     20881235
 0.540     42550477      2515779     21462505
 0.550     43538297      2867746     22015864
 0.560     44589564      3180149     22306339
