  21
 0.100   0.675   0.500  5.98402E-03  6.70046E-03  4.97805E-03
 0.110   0.825   0.521  4.68465E-02  4.36062E-02  3.96907E-02
 0.120   1.000   0.537  1.01118E-01  1.04906E-01  7.93612E-02
 0.130   1.126   0.659  4.94238E-01  5.47700E-01  3.49779E-01
 0.140   1.163   0.500  3.13578E-01  2.89154E-01  3.48475E-01
 0.150   2.092   0.964  4.28566E-01  4.96806E-01  3.87979E-01
 0.160   1.368   0.608  2.46891E+00  2.72309E+00  2.04063E+00
 0.170   1.399   0.500  3.66675E+00  3.90208E+00  3.41303E+00
 0.180   1.000   0.500  6.76575E+00  7.39479E+00  5.54403E+00
 0.190   1.983   0.500  1.99920E+00  2.51329E+00  1.24166E+00
 0.200   2.800   0.500  2.92466E+00  3.10458E+00  3.04466E+00
 0.210   3.368   0.753  4.02461E+00  4.22654E+00  3.68939E+00
 0.220   3.706   0.552  2.84370E+00  3.03560E+00  2.72543E+00
 0.230   3.667   0.500  2.92784E+00  3.08746E+00  2.60124E+00
 0.240   4.554   0.590  2.48603E+00  2.62170E+00  2.20783E+00
 0.250   4.103   1.469  1.50430E+00  1.59313E+00  1.42608E+00
 0.260   3.036   0.749  2.69230E+00  2.63097E+00  3.12252E+00
 0.270   6.955   1.105  4.05680E+00  4.21218E+00  3.75845E+00
 0.280   8.541   1.197  6.43801E+00  6.26464E+00  6.12154E+00
 0.290   8.187   1.035  4.45573E+00  4.08609E+00  4.56845E+00
 0.300   9.296   7.388  8.22053E+00  8.57804E+00  7.19294E+00
