  21
 0.100   0.675   0.500  2.38428E+06  2.83519E+06  2.34711E+06  1.90433E+02  0.00000E+00  0.00000E+00  0.00000E+00  2.38428E+06  2.83519E+06  2.34711E+06
 0.110   0.825   0.521  6.38737E+06  7.42597E+06  6.32292E+06  1.43501E+02  4.20740E+05  5.00981E+05  4.17008E+05  5.96663E+06  6.92499E+06  5.90592E+06
 0.120   1.000   0.537  1.14457E+07  1.30880E+07  1.13579E+07  1.25202E+02  5.95497E+04  7.16345E+04  5.87478E+04  1.13861E+07  1.30163E+07  1.12992E+07
 0.130   1.126   0.659  4.08285E+07  4.60706E+07  4.06689E+07  8.35546E+01  5.38615E+05  6.53114E+05  5.32564E+05  4.02899E+07  4.54175E+07  4.01363E+07
 0.140   1.163   0.500  5.03980E+07  5.86195E+07  5.01089E+07  1.28459E+02  2.06483E+06  2.51693E+06  2.03724E+06  4.83332E+07  5.61025E+07  4.80717E+07
 0.150   2.092   0.964  9.13703E+07  1.07338E+08  9.07250E+07  1.67138E+02  2.02855E+07  2.48272E+07  2.00376E+07  7.10847E+07  8.25112E+07  7.06874E+07
 0.160   1.368   0.608  2.84559E+08  3.27139E+08  2.83229E+08  1.26787E+02  2.55728E+07  3.19273E+07  2.51499E+07  2.58987E+08  2.95211E+08  2.58079E+08
 0.170   1.399   0.500  5.45200E+08  6.33331E+08  5.42906E+08  1.31154E+02  3.18668E+07  3.98959E+07  3.13368E+07  5.13333E+08  5.93435E+08  5.11570E+08
 0.180   1.000   0.500  1.01048E+09  1.17864E+09  1.00613E+09  1.44993E+02  4.09103E+07  5.16030E+07  4.01665E+07  9.69570E+08  1.12704E+09  9.65960E+08
 0.190   1.983   0.500  1.68952E+08  1.92022E+08  1.67934E+08  1.76221E+02  2.60669E+07  3.32519E+07  2.55118E+07  1.42885E+08  1.58770E+08  1.42422E+08
 0.200   2.800   0.500  5.56229E+08  6.56348E+08  5.53316E+08  1.87025E+02  6.34589E+07  7.92979E+07  6.24878E+07  4.92770E+08  5.77050E+08  4.90828E+08
 0.210   3.368   0.753  1.01225E+09  1.21314E+09  1.00636E+09  2.25739E+02  1.33716E+08  1.67498E+08  1.32044E+08  8.78530E+08  1.04564E+09  8.74318E+08
 0.220   3.706   0.552  1.35668E+09  1.66206E+09  1.34660E+09  2.99928E+02  1.73956E+08  2.19091E+08  1.71787E+08  1.18272E+09  1.44296E+09  1.17482E+09
 0.230   3.667   0.500  1.66035E+09  2.06639E+09  1.64475E+09  3.87982E+02  1.77770E+08  2.26898E+08  1.75134E+08  1.48258E+09  1.83949E+09  1.46962E+09
 0.240   4.554   0.590  1.73079E+09  2.16944E+09  1.71337E+09  4.33331E+02  2.67454E+08  3.42402E+08  2.63552E+08  1.46333E+09  1.82703E+09  1.44982E+09
 0.250   4.103   1.469  1.70344E+09  2.16632E+09  1.68236E+09  5.41727E+02  2.76654E+08  3.58735E+08  2.71752E+08  1.42679E+09  1.80758E+09  1.41061E+09
 0.260   3.036   0.749  1.96680E+09  2.51314E+09  1.93279E+09  7.11061E+02  1.02083E+09  1.33657E+09  9.98006E+08  9.45965E+08  1.17656E+09  9.34784E+08
 0.270   6.955   1.105  2.26606E+09  2.88653E+09  2.22650E+09  7.33354E+02  1.11679E+09  1.46527E+09  1.08997E+09  1.14927E+09  1.42126E+09  1.13653E+09
 0.280   8.541   1.197  3.37874E+09  4.27646E+09  3.32872E+09  6.68630E+02  1.19650E+09  1.57596E+09  1.16739E+09  2.18224E+09  2.70050E+09  2.16133E+09
 0.290   8.187   1.035  4.24583E+09  5.43053E+09  4.18060E+09  7.27557E+02  1.31044E+09  1.73531E+09  1.27664E+09  2.93539E+09  3.69522E+09  2.90396E+09
 0.300   9.296   7.388  4.93917E+09  6.31163E+09  4.86280E+09  7.57303E+02  1.55679E+09  2.06914E+09  1.51444E+09  3.38238E+09  4.24250E+09  3.34836E+09
