  21
 0.100   0.675  3.17618E+07  3.78474E+07  3.12622E+07  1.92962E+02  0.00000E+00  0.00000E+00  0.00000E+00  3.17618E+07  3.78474E+07  3.12622E+07
 0.110   0.825  5.51826E+07  6.49472E+07  5.44473E+07  1.80954E+02  1.70744E+06  2.05669E+06  1.68236E+06  5.34751E+07  6.28905E+07  5.27650E+07
 0.120   1.000  7.75606E+07  9.23118E+07  7.64943E+07  2.07873E+02  3.43277E+06  4.16550E+06  3.38325E+06  7.41279E+07  8.81463E+07  7.31111E+07
 0.130   1.126  1.36568E+08  1.60450E+08  1.35051E+08  1.88672E+02  5.39693E+06  6.63954E+06  5.30484E+06  1.31172E+08  1.53810E+08  1.29747E+08
 0.140   1.163  2.58658E+08  3.04218E+08  2.56352E+08  1.75470E+02  1.29732E+07  1.59081E+07  1.27674E+07  2.45684E+08  2.88310E+08  2.43585E+08
 0.150   2.092  4.89170E+08  5.86218E+08  4.84333E+08  2.17436E+02  1.16275E+08  1.42724E+08  1.14685E+08  3.72895E+08  4.43494E+08  3.69648E+08
 0.160   1.368  8.94693E+08  1.04952E+09  8.87767E+08  1.88305E+02  1.23112E+08  1.53761E+08  1.20988E+08  7.71581E+08  8.95762E+08  7.66779E+08
 0.170   1.399  1.62661E+09  1.94638E+09  1.61344E+09  2.19156E+02  3.07913E+08  3.85219E+08  3.02740E+08  1.31870E+09  1.56116E+09  1.31070E+09
 0.180   1.000  2.17670E+09  2.61662E+09  2.15844E+09  2.44633E+02  2.93876E+08  3.72064E+08  2.88083E+08  1.88282E+09  2.24456E+09  1.87035E+09
 0.190   1.983  3.59378E+09  4.36989E+09  3.55980E+09  2.91117E+02  6.95053E+08  8.84804E+08  6.81164E+08  2.89872E+09  3.48509E+09  2.87864E+09
 0.200   2.800  4.94089E+09  6.06925E+09  4.89073E+09  3.31066E+02  9.15500E+08  1.17279E+09  8.95455E+08  4.02539E+09  4.89646E+09  3.99528E+09
 0.210   3.368  5.65614E+09  7.05281E+09  5.58855E+09  4.07423E+02  1.00938E+09  1.30414E+09  9.84500E+08  4.64677E+09  5.74867E+09  4.60405E+09
 0.220   3.706  6.12645E+09  7.74445E+09  6.04080E+09  4.94559E+02  1.14216E+09  1.48145E+09  1.11262E+09  4.98429E+09  6.26300E+09  4.92817E+09
 0.230   3.667  6.35993E+09  8.12870E+09  6.25676E+09  5.92481E+02  1.11836E+09  1.46256E+09  1.08560E+09  5.24157E+09  6.66614E+09  5.17116E+09
 0.240   4.554  6.81966E+09  8.79188E+09  6.69447E+09  6.90501E+02  1.30002E+09  1.70577E+09  1.26014E+09  5.51964E+09  7.08611E+09  5.43433E+09
 0.250   4.103  6.85313E+09  8.91756E+09  6.71019E+09  8.06351E+02  1.31207E+09  1.73249E+09  1.26826E+09  5.54106E+09  7.18507E+09  5.44193E+09
 0.260   3.036  1.40791E+10  1.81663E+10  1.37981E+10  8.01220E+02  7.00698E+09  9.18645E+09  6.83803E+09  7.07211E+09  8.97989E+09  6.96010E+09
 0.270   6.955  1.65647E+10  2.15099E+10  1.62166E+10  8.71209E+02  8.22990E+09  1.08568E+10  8.01388E+09  8.33481E+09  1.06531E+10  8.20268E+09
 0.280   8.541  1.79648E+10  2.34917E+10  1.75608E+10  9.64046E+02  8.73995E+09  1.16061E+10  8.49012E+09  9.22481E+09  1.18856E+10  9.07070E+09
 0.290   8.187  1.82594E+10  2.40606E+10  1.78157E+10  1.07418E+03  8.76061E+09  1.16985E+10  8.48991E+09  9.49880E+09  1.23621E+10  9.32578E+09
 0.300   9.296  2.02590E+10  2.67588E+10  1.97470E+10  1.15348E+03  9.82370E+09  1.31676E+10  9.50648E+09  1.04353E+10  1.35912E+10  1.02406E+10
