  50
 0.100   0.713   0.500  1.44678E+06  1.61264E+06  1.43886E+06  7.81108E+01  0.00000E+00  0.00000E+00  0.00000E+00  1.44678E+06  1.61264E+06  1.43886E+06
 0.110   0.863   0.500  5.43624E+06  6.20655E+06  5.40332E+06  9.68840E+01  3.58954E+05  4.31310E+05  3.54518E+05  5.07728E+06  5.77524E+06  5.04880E+06
 0.120   1.000   0.500  4.71110E+06  5.35935E+06  4.67901E+06  1.16990E+02  6.41527E+05  7.78741E+05  6.33775E+05  4.06957E+06  4.58061E+06  4.04524E+06
 0.130   1.000   0.500  7.98255E+06  9.66819E+06  7.88126E+06  2.32035E+02  1.62728E+06  2.00118E+06  1.60221E+06  6.35527E+06  7.66701E+06  6.27905E+06
 0.140   1.250   0.678  7.49767E+06  9.14135E+06  7.39077E+06  2.77141E+02  1.55814E+06  1.94010E+06  1.52647E+06  5.93953E+06  7.20125E+06  5.86430E+06
 0.150   1.310   0.853  1.42202E+07  1.73444E+07  1.39812E+07  3.31857E+02  2.73504E+06  3.44542E+06  2.66739E+06  1.14852E+07  1.38990E+07  1.13138E+07
 0.160   1.587   0.791  1.65730E+07  2.02808E+07  1.63183E+07  3.31856E+02  3.13319E+06  3.92371E+06  3.06665E+06  1.34398E+07  1.63571E+07  1.32517E+07
 0.170   1.414   0.515  9.51659E+07  1.09868E+08  9.47757E+07  1.21339E+02  4.30260E+06  5.43557E+06  4.21217E+06  9.08633E+07  1.04432E+08  9.05635E+07
 0.180   1.893   0.736  1.27061E+08  1.50277E+08  1.26377E+08  1.70986E+02  6.80527E+06  8.49622E+06  6.68470E+06  1.20256E+08  1.41781E+08  1.19692E+08
 0.190   1.470   0.500  2.52247E+08  2.96231E+08  2.51152E+08  1.56688E+02  5.35316E+06  6.78330E+06  5.23721E+06  2.46894E+08  2.89447E+08  2.45915E+08
 0.200   2.085   0.538  3.81522E+08  4.56674E+08  3.79621E+08  1.92062E+02  9.94928E+06  1.25985E+07  9.73806E+06  3.71573E+08  4.44075E+08  3.69883E+08
 0.210   3.576   1.817  2.67987E+08  3.27503E+08  2.65619E+08  3.18498E+02  9.66748E+07  1.22285E+08  9.54390E+07  1.71312E+08  2.05217E+08  1.70180E+08
 0.220   3.468   1.156  2.13968E+08  2.63531E+08  2.11780E+08  3.76237E+02  2.22697E+07  2.86324E+07  2.18285E+07  1.91699E+08  2.34898E+08  1.89951E+08
 0.230   4.100   1.411  3.57376E+08  4.41660E+08  3.53581E+08  4.10794E+02  1.72328E+08  2.20303E+08  1.69813E+08  1.85048E+08  2.21357E+08  1.83768E+08
 0.240   4.740   1.692  3.66043E+08  4.56095E+08  3.61967E+08  4.48034E+02  1.58837E+08  2.04899E+08  1.56162E+08  2.07206E+08  2.51196E+08  2.05805E+08
 0.250   5.215   2.006  7.10515E+08  8.58932E+08  7.04962E+08  3.41955E+02  1.97037E+08  2.54537E+08  1.93770E+08  5.13478E+08  6.04396E+08  5.11192E+08
 0.260   6.283   2.353  1.03499E+09  1.27438E+09  1.02667E+09  3.77851E+02  2.85279E+08  3.68116E+08  2.80592E+08  7.49711E+08  9.06260E+08  7.46073E+08
 0.270   6.633   1.829  2.04529E+09  2.46449E+09  2.03322E+09  3.02333E+02  4.23251E+08  5.43028E+08  4.17152E+08  1.62204E+09  1.92147E+09  1.61607E+09
 0.280   6.686   2.004  2.58288E+09  3.21245E+09  2.56245E+09  4.18939E+02  4.26904E+08  5.55961E+08  4.19658E+08  2.15598E+09  2.65649E+09  2.14279E+09
 0.290   7.338   1.526  3.35880E+09  4.19313E+09  3.33219E+09  4.43381E+02  6.96703E+08  8.96455E+08  6.87648E+08  2.66210E+09  3.29667E+09  2.64454E+09
 0.300   7.344   2.136  4.85341E+09  6.02700E+09  4.81850E+09  4.23992E+02  1.18523E+09  1.51029E+09  1.17314E+09  3.66818E+09  4.51671E+09  3.64536E+09
 0.310   8.032   3.110  5.17165E+09  6.47575E+09  5.13164E+09  4.72071E+02  9.89737E+08  1.28438E+09  9.76683E+08  4.18191E+09  5.19136E+09  4.15496E+09
 0.320   7.943   2.432  5.74925E+09  7.20319E+09  5.70325E+09  5.03050E+02  8.98131E+08  1.17942E+09  8.84153E+08  4.85112E+09  6.02376E+09  4.81910E+09
 0.330   8.412   3.612  8.27319E+09  1.03968E+10  8.20324E+09  5.38003E+02  1.49272E+09  1.94588E+09  1.47223E+09  6.78048E+09  8.45096E+09  6.73102E+09
 0.340   8.230   1.603  9.26882E+09  1.16324E+10  9.19301E+09  5.36894E+02  1.17263E+09  1.54588E+09  1.15374E+09  8.09619E+09  1.00865E+10  8.03927E+09
 0.350   9.280   1.987  1.02907E+10  1.31590E+10  1.01898E+10  6.53289E+02  1.46999E+09  1.95262E+09  1.44311E+09  8.82075E+09  1.12064E+10  8.74672E+09
 0.360   7.587   1.325  9.22144E+09  1.18990E+10  9.11468E+09  7.68883E+02  1.24947E+09  1.67936E+09  1.22168E+09  7.97198E+09  1.02196E+10  7.89300E+09
 0.370   8.985   1.353  1.07177E+10  1.38825E+10  1.05892E+10  8.24702E+02  2.32477E+09  3.09595E+09  2.28099E+09  8.39297E+09  1.07866E+10  8.30818E+09
 0.380  11.670   1.744  1.32725E+10  1.73197E+10  1.31000E+10  9.09024E+02  2.82427E+09  3.75504E+09  2.77243E+09  1.04482E+10  1.35647E+10  1.03276E+10
 0.390  11.044   1.577  1.43843E+10  1.86590E+10  1.42062E+10  8.94796E+02  2.67462E+09  3.57699E+09  2.62206E+09  1.17097E+10  1.50820E+10  1.15842E+10
 0.400  10.635   1.292  1.46534E+10  1.90121E+10  1.44742E+10  9.11618E+02  2.76174E+09  3.68517E+09  2.71104E+09  1.18916E+10  1.53269E+10  1.17632E+10
 0.410   9.252   3.159  1.70060E+10  2.21447E+10  1.67934E+10  9.60126E+02  3.05513E+09  4.11246E+09  2.99363E+09  1.39509E+10  1.80322E+10  1.37998E+10
 0.420  11.131   1.725  1.57052E+10  2.05709E+10  1.54991E+10  1.02561E+03  2.63426E+09  3.57566E+09  2.57689E+09  1.30709E+10  1.69952E+10  1.29222E+10
 0.430   8.787   2.173  1.70058E+10  2.24913E+10  1.67646E+10  1.13503E+03  2.88299E+09  3.93291E+09  2.81574E+09  1.41228E+10  1.85584E+10  1.39489E+10
 0.440  11.130   2.376  1.44947E+10  1.93423E+10  1.42631E+10  1.29061E+03  2.85357E+09  3.91002E+09  2.78153E+09  1.16412E+10  1.54323E+10  1.14816E+10
 0.450  10.590   2.124  1.47873E+10  1.98340E+10  1.45383E+10  1.38312E+03  2.85620E+09  3.92271E+09  2.78004E+09  1.19312E+10  1.59112E+10  1.17582E+10
 0.460  13.529   4.064  1.49063E+10  2.00749E+10  1.46418E+10  1.48530E+03  3.20095E+09  4.40121E+09  3.11447E+09  1.17053E+10  1.56737E+10  1.15274E+10
 0.470  12.451   3.416  1.60592E+10  2.16696E+10  1.57491E+10  1.60874E+03  4.08350E+09  5.64913E+09  3.96053E+09  1.19757E+10  1.60204E+10  1.17885E+10
 0.480  16.738   4.523  1.25554E+10  1.69753E+10  1.23091E+10  1.68200E+03  2.88158E+09  3.97188E+09  2.79869E+09  9.67377E+09  1.30034E+10  9.51039E+09
 0.490  12.437   2.665  1.56030E+10  2.11684E+10  1.52630E+10  1.83439E+03  4.27555E+09  5.94998E+09  4.13079E+09  1.13275E+10  1.52185E+10  1.11322E+10
 0.500  12.476   4.134  1.80384E+10  2.43984E+10  1.76511E+10  1.85203E+03  4.72926E+09  6.58753E+09  4.56835E+09  1.33092E+10  1.78108E+10  1.30828E+10
 0.510  11.892   3.452  1.89487E+10  2.55716E+10  1.85530E+10  1.83345E+03  4.83662E+09  6.70928E+09  4.67579E+09  1.41121E+10  1.88623E+10  1.38772E+10
 0.521  11.575   2.295  1.76554E+10  2.38793E+10  1.72861E+10  1.87383E+03  4.23341E+09  5.89392E+09  4.08509E+09  1.34220E+10  1.79854E+10  1.32010E+10
 0.530  12.612   2.401  1.87309E+10  2.52907E+10  1.83460E+10  1.86863E+03  4.58768E+09  6.36933E+09  4.43319E+09  1.41432E+10  1.89214E+10  1.39128E+10
 0.540  13.633   3.350  2.33166E+10  3.16199E+10  2.28351E+10  1.92788E+03  5.52781E+09  7.68758E+09  5.33935E+09  1.77888E+10  2.39323E+10  1.74958E+10
 0.550  11.201   2.133  2.16264E+10  2.94919E+10  2.11580E+10  2.04017E+03  4.82041E+09  6.74587E+09  4.63824E+09  1.68060E+10  2.27460E+10  1.65198E+10
 0.560  12.777   2.074  2.25326E+10  3.08297E+10  2.20346E+10  2.11480E+03  5.14166E+09  7.18918E+09  4.95115E+09  1.73909E+10  2.36405E+10  1.70834E+10
 0.570  11.081   1.769  2.17492E+10  2.98382E+10  2.12569E+10  2.18811E+03  4.72709E+09  6.63372E+09  4.53728E+09  1.70221E+10  2.32045E+10  1.67196E+10
 0.580  11.740   1.276  2.07841E+10  2.85624E+10  2.03142E+10  2.21849E+03  4.69051E+09  6.57871E+09  4.50687E+09  1.60936E+10  2.19837E+10  1.58073E+10
 0.590  10.317   1.107  1.88298E+10  2.60086E+10  1.83775E+10  2.36886E+03  4.08126E+09  5.75176E+09  3.90409E+09  1.47486E+10  2.02569E+10  1.44734E+10
