  50
 0.100          935  0.11246E-01 -0.10224E-01 -0.14995E-01 -0.34988E+02 -0.71169E+01 -0.41181E+02 -0.91328E+00  0.35172E+00  0.20547E+00   0.713   0.500
 0.110        32685  0.33759E-02 -0.78772E-02 -0.54390E-02  0.94189E+01 -0.19744E+02  0.14801E+02  0.40271E+00  0.53737E+00 -0.74098E+00   0.863   0.500
 0.120        29832  0.28667E-02  0.45048E-02 -0.63477E-02 -0.15796E+02  0.20907E+02 -0.13887E+02  0.37267E+00 -0.57578E+00  0.72773E+00   1.000   0.500
 0.130        27756 -0.13315E-02 -0.53259E-02  0.12871E-01 -0.41917E+01  0.74150E+01 -0.16148E+02  0.57003E+00 -0.58951E+00 -0.57232E+00   1.000   0.500
 0.140        86387 -0.81119E-02  0.13361E-01 -0.23859E-03 -0.63670E+01 -0.93495E+01 -0.53066E+01  0.37689E+00 -0.70442E+00 -0.60146E+00   1.250   0.678
 0.150       124112  0.25606E-02  0.51213E-02 -0.20485E-02 -0.44110E+02  0.25916E+02 -0.28353E+02  0.26391E+00 -0.14638E+00 -0.95338E+00   1.310   0.853
 0.160       143785  0.16393E-02  0.49179E-02  0.16393E-02 -0.51325E+01 -0.26695E+02 -0.75354E+02  0.15091E+00  0.33923E+00 -0.92852E+00   1.587   0.791
 0.170       170056  0.57995E-03 -0.57995E-03  0.86993E-03 -0.41669E+01 -0.13799E+02  0.12683E+02  0.55684E+00 -0.31527E+00 -0.76847E+00   1.414   0.515
 0.180       165985 -0.61326E-03  0.12265E-02  0.00000E+00 -0.31217E+02  0.29357E+02  0.25297E+02  0.34147E+00 -0.83423E+00 -0.43297E+00   1.893   0.736
 0.190       123103  0.00000E+00 -0.64788E-03 -0.16197E-02  0.27934E+01  0.12060E+03  0.11917E+02  0.96423E+00 -0.26490E+00  0.90146E-02   1.470   0.500
 0.200       180649  0.68196E-03 -0.68196E-03  0.34098E-02 -0.90140E+02 -0.37488E+02 -0.56256E+02  0.99303E+00 -0.93715E-01  0.71448E-01   2.085   0.538
 0.210       306238  0.21468E-02 -0.71560E-03  0.14312E-02  0.40374E+02  0.64262E+02  0.73595E+02 -0.25089E-02  0.27220E+00  0.96224E+00   3.576   1.817
 0.220       436978 -0.75013E-03 -0.30005E-02 -0.11252E-02 -0.32947E+02 -0.46968E+02 -0.62828E+02  0.51110E-01  0.30813E+00  0.94997E+00   3.468   1.156
 0.230       532635 -0.15698E-02  0.78492E-03 -0.78492E-03  0.41672E+02  0.18165E+01  0.40750E+02 -0.36857E+00  0.52144E+00  0.76958E+00   4.100   1.411
 0.240       504081  0.16397E-02  0.81985E-03 -0.81985E-03  0.34216E+02  0.12666E+03 -0.91398E+01 -0.60968E+00  0.60263E+00  0.51491E+00   4.740   1.692
 0.250       403323  0.85217E-03  0.25565E-02  0.12783E-02 -0.82001E+02  0.36225E+02  0.12118E+03 -0.56172E+00  0.48125E+00  0.67295E+00   5.215   2.006
 0.260       126523 -0.88673E-03 -0.17735E-02 -0.44336E-03 -0.28108E+02 -0.11635E+03  0.41923E+02 -0.49479E+00  0.56804E+00  0.65766E+00   6.283   2.353
 0.270       285847  0.18400E-02 -0.92002E-03  0.46001E-03  0.29880E+03 -0.58170E+02 -0.16460E+03 -0.36493E+00  0.56785E+00  0.73782E+00   6.633   1.829
 0.280       130032 -0.95527E-03  0.95527E-03 -0.47763E-03  0.53047E+02 -0.32169E+02  0.27761E+03 -0.24247E+00  0.55286E+00  0.79721E+00   6.686   2.004
 0.290         8338  0.98889E-03  0.00000E+00 -0.49445E-03 -0.11764E+03 -0.21307E+03 -0.19158E+02 -0.31239E+00  0.58021E+00  0.75218E+00   7.338   1.526
 0.300       453053  0.10223E-02  0.10223E-02  0.51113E-03 -0.24858E+02  0.28383E+02  0.13124E+03 -0.37296E+00  0.59469E+00  0.71221E+00   7.344   2.136
 0.310         8427 -0.10563E-02  0.10563E-02  0.26407E-02 -0.54278E+02 -0.12774E+03 -0.21266E+03 -0.29924E+00  0.44708E+00  0.84296E+00   8.032   3.110
 0.320       901960 -0.21804E-02 -0.21804E-02  0.10902E-02  0.17098E+03  0.51981E+02  0.98581E+02 -0.23374E+00  0.40499E+00  0.88394E+00   7.943   2.432
 0.330       129814  0.00000E+00 -0.11241E-02  0.00000E+00  0.17884E+02 -0.26034E+03  0.91279E+02 -0.25409E+00  0.36932E+00  0.89389E+00   8.412   3.612
 0.340       152680  0.11581E-02  0.00000E+00  0.17371E-02 -0.20990E+03 -0.96281E+02  0.20146E+03 -0.24303E+00  0.39597E+00  0.88552E+00   8.230   1.603
 0.350      2303248 -0.11921E-02  0.11921E-02  0.00000E+00  0.20737E+02 -0.89271E+02 -0.88989E+01 -0.26078E+00  0.39134E+00  0.88252E+00   9.280   1.987
 0.360      1867920  0.12284E-02  0.12284E-02  0.24568E-02  0.16664E+03  0.31341E+03  0.46261E+02 -0.16296E+00  0.48363E+00  0.85997E+00   7.587   1.325
 0.370       262077  0.12625E-02  0.00000E+00  0.18938E-02 -0.24054E+03 -0.27245E+03  0.14058E+03 -0.10731E+00  0.49370E+00  0.86298E+00   8.985   1.353
 0.380      3246207 -0.12947E-02  0.00000E+00 -0.64736E-03 -0.29432E+03 -0.32166E+03 -0.29594E+02 -0.28034E-01  0.55978E+00  0.82817E+00  11.670   1.744
 0.390      3421275 -0.13301E-02  0.00000E+00  0.00000E+00 -0.11155E+03  0.24207E+01 -0.25948E+03 -0.69091E-02  0.55379E+00  0.83263E+00  11.044   1.577
 0.400       997374  0.13641E-02 -0.13641E-02  0.00000E+00 -0.29932E+03  0.32006E+02  0.20018E+03  0.14019E-01  0.54370E+00  0.83916E+00  10.635   1.292
 0.410      2326301 -0.13976E-02  0.00000E+00 -0.69882E-03  0.13106E+03  0.45674E+02 -0.29633E+03  0.13815E+00  0.40004E+00  0.90602E+00   9.252   3.159
 0.420      4402293  0.14306E-02  0.00000E+00 -0.14306E-02 -0.46876E+02 -0.98809E+02  0.11304E+03  0.20813E+00  0.33927E+00  0.91738E+00  11.131   1.725
 0.430      4671766  0.00000E+00  0.14664E-02 -0.73320E-03 -0.30644E+03 -0.46749E+02  0.27222E+03  0.26052E+00  0.28342E+00  0.92293E+00   8.787   2.173
 0.440      3822858 -0.15015E-02  0.00000E+00  0.00000E+00  0.32727E+03  0.24157E+03 -0.25916E+03  0.24057E+00  0.66929E-01  0.96832E+00  11.130   2.376
 0.450      4297583  0.15336E-02 -0.15336E-02 -0.76681E-03 -0.29204E+03  0.11661E+03 -0.55203E+02  0.20630E+00 -0.51189E-02  0.97848E+00  10.590   2.124
 0.460      2413355  0.15677E-02 -0.15677E-02  0.15677E-02  0.40257E+03 -0.32156E+02  0.17405E+03  0.46795E-01 -0.26858E+00  0.96212E+00  13.529   4.064
 0.470       314038  0.00000E+00  0.00000E+00 -0.16022E-02  0.45532E+03  0.16687E+01 -0.13767E+03 -0.59673E-01 -0.10108E+00  0.99309E+00  12.451   3.416
 0.480      2314789  0.00000E+00  0.00000E+00  0.16354E-02  0.19675E+03 -0.18906E+02 -0.41250E+03 -0.19996E+00 -0.33519E+00  0.92069E+00  16.738   4.523
 0.490       536529 -0.33408E-02  0.00000E+00  0.00000E+00  0.20189E+03  0.58986E+02 -0.29007E+03 -0.61509E-01  0.87007E-02  0.99807E+00  12.437   2.665
 0.500      2504259  0.00000E+00  0.00000E+00  0.00000E+00 -0.75864E+02 -0.17871E+03 -0.39941E+03 -0.16893E+00 -0.57661E-01  0.98394E+00  12.476   4.134
 0.510      4478731  0.00000E+00 -0.17371E-02  0.00000E+00 -0.39860E+03 -0.40452E+03 -0.73208E+02 -0.13676E+00  0.90786E-01  0.98643E+00  11.892   3.452
 0.521      6414490  0.17756E-02  0.17756E-02  0.26634E-02  0.64439E+02  0.12711E+03 -0.97527E+02 -0.22724E+00  0.12931E+00  0.96522E+00  11.575   2.295
 0.530      3789125 -0.18054E-02  0.00000E+00  0.00000E+00  0.28017E+03  0.13270E+03 -0.40108E+03 -0.30028E+00  0.96985E-01  0.94891E+00  12.612   2.401
 0.540      5445322  0.18413E-02  0.00000E+00 -0.18413E-02  0.20967E+03 -0.23553E+02 -0.26965E+03 -0.30790E+00  0.99619E-01  0.94619E+00  13.633   3.350
 0.550      3946001  0.00000E+00  0.18748E-02  0.18748E-02  0.10361E+03 -0.42858E+03 -0.28352E+02 -0.15790E+00  0.91753E-01  0.98318E+00  11.201   2.133
 0.560       722398  0.00000E+00 -0.19082E-02  0.00000E+00  0.28025E+03  0.96780E+02 -0.20759E+03 -0.20457E+00  0.12289E+00  0.97111E+00  12.777   2.074
 0.570      2328330  0.00000E+00  0.19444E-02  0.00000E+00  0.59336E+03  0.24708E+03  0.15344E+03 -0.13809E+00  0.69873E-01  0.98795E+00  11.081   1.769
 0.580      6079991  0.00000E+00  0.00000E+00  0.00000E+00  0.29695E+03 -0.15193E+02 -0.93363E+02 -0.17992E+00  0.88672E-01  0.97968E+00  11.740   1.276
 0.590      2248741  0.20113E-02 -0.20113E-02  0.00000E+00  0.46160E+03  0.44568E+03 -0.10325E+03 -0.20272E+00  0.37123E-01  0.97853E+00  10.317   1.107
