  50
 0.100 -1.32482E-01 -8.57568E-03 -6.29856E-02 -2.26297E+01  3.84698E+00 -3.90584E+00   0.713  4.26170E+07  5.46314E+07  2.66320E+07  0.00000E+00  2.66624E+08  2.18307E-01  1.28932E+02   7.936   7.650
 0.110 -5.93888E-02  1.45360E-02 -6.04449E-02 -3.08344E+00  3.35955E+00 -1.20642E+01   0.863  3.91669E+07  6.66100E+07  5.32566E+07  4.89299E+06  3.21828E+08  3.54952E-01  1.25205E+02   8.023   7.789
 0.120  1.79110E-02 -1.35539E-01 -9.12736E-02 -4.28595E+00  7.87766E-01 -2.20710E+00   1.000  7.20945E+07  8.75195E+07  7.68926E+07  1.47504E+07  5.11300E+08  2.61465E-01  1.77746E+02   7.838   7.793
 0.130  1.54024E-01 -9.35301E-02  2.48197E-01  1.05071E+01 -3.04611E+00  1.41050E+01   1.000  2.92458E+07  4.53751E+07  8.36440E+07  1.37926E+07  3.88422E+08  1.24125E-01  2.37321E+02   7.970   7.854
 0.140  4.46943E-01 -2.29506E-01  3.41208E-01  6.53090E+00 -9.60352E+00  6.81845E+00   1.250  6.03455E+07  6.88377E+07  1.02892E+08  1.88369E+07  6.41744E+08  1.13695E-01  3.09526E+02   7.762   7.858
 0.150 -3.31074E-02  3.19342E-03  4.14058E-03 -1.08464E+01  3.30333E+00  1.04453E+01   1.310  1.40099E+08  1.90832E+08  1.67074E+08  2.34103E+07  1.02850E+09  8.65706E-01  2.82925E+02   8.127   7.917
 0.160  1.72248E-01 -9.44924E-02  9.70561E-02 -7.17614E+00  1.21928E+01 -1.26098E+00   1.587  1.96543E+08  2.42934E+08  2.72149E+08  7.56359E+07  1.17524E+09  5.37483E-01  3.03599E+02   8.129   8.088
 0.170 -1.43638E-02  3.78651E-02 -2.10348E-02 -5.37686E-01 -8.55580E+00  8.97848E+00   1.414  1.72167E+08  3.32685E+08  4.43225E+08  7.78175E+07  1.22546E+09  1.76174E+00  2.71252E+02   8.488   8.267
 0.180  1.46226E-01 -1.37488E-02  2.07539E-01 -1.08489E+01 -6.14828E+00  3.76879E+00   1.893  1.99622E+08  3.19109E+08  5.96434E+08  9.95885E+07  1.77201E+09  1.25142E+00  3.11153E+02   8.393   8.385
 0.190 -5.00807E-02 -9.75075E-02  5.66244E-02 -7.19017E+00 -8.31173E+00 -1.16467E+01   1.470  3.17440E+08  4.94639E+08  7.73323E+08  9.43902E+07  1.42599E+09  1.85519E+00  3.32027E+02   8.361   8.450
 0.200 -3.96830E-02 -8.40250E-02 -9.54688E-02  1.86197E+00  1.14547E+01  2.55901E+00   2.085  2.00831E+08  3.51212E+08  9.85764E+08  1.22886E+08  2.28905E+09  1.30772E+00  3.81736E+02   8.522   8.465
 0.210  1.44907E-01  5.74976E-01 -1.86203E-01 -6.37725E+01 -3.04138E+01  8.79115E+00   3.576  8.68175E+08  9.90218E+08  1.36505E+09  2.93081E+08  6.34744E+09  2.13046E+00  4.28711E+02   8.199   8.423
 0.220  6.30111E-02  5.40995E-01 -1.37689E-01 -4.61365E+01  1.57615E+00  2.09766E+00   3.468  6.10288E+08  7.83467E+08  1.44152E+09  2.01736E+08  5.49935E+09  2.23888E+00  4.79771E+02   8.281   8.479
 0.230 -1.20885E-01  1.90123E-01  4.40068E-02 -3.05195E+01  4.10814E+00 -1.33227E+01   4.100  8.47038E+08  9.89525E+08  2.22768E+09  6.71477E+08  7.25647E+09  2.38877E+00  5.07329E+02   8.287   8.448
 0.240  5.55436E-02  1.65787E-01 -6.74143E-02 -1.62128E+01  4.11040E+00 -1.31809E+01   4.740  7.94169E+08  8.25955E+08  2.25816E+09  6.03004E+08  7.97820E+09  1.09748E+00  6.04403E+02   8.269   8.483
 0.250  4.28155E-01  5.93398E-01  4.11687E-01  3.12209E+00  1.74014E+01 -1.07473E+01   5.215  2.26309E+09  2.42354E+09  2.78919E+09  7.60833E+08  1.15955E+10  4.60704E+00  6.30934E+02   8.156   8.448
 0.260 -9.28498E-01 -2.53982E-01 -8.38986E-02 -1.71670E+01 -3.40830E+01  2.00612E+01   6.283  2.62283E+09  2.65246E+09  3.20566E+09  8.39416E+08  1.46047E+10  2.83896E+00  6.80630E+02   8.198   8.443
 0.270 -4.98844E-01  1.89069E-01 -6.40854E-01 -5.31542E+01 -2.47552E+01 -1.38171E+01   6.633  4.43677E+09  5.04367E+09  4.62704E+09  1.17267E+09  1.76701E+10  1.20234E+01  6.02953E+02   8.246   8.414
 0.280  3.31114E-01  3.89550E-01  1.08905E-04 -1.39433E+01  1.15323E+01  4.98419E+00   6.686  2.80289E+09  3.10218E+09  5.31099E+09  1.11403E+09  1.65862E+10  4.48638E+00  6.41857E+02   8.404   8.433
 0.290  2.39022E-01 -4.66393E-01  6.55717E-01  1.13132E+00 -8.11331E+00  1.84384E+00   7.338  3.53413E+09  3.85424E+09  6.48659E+09  1.54153E+09  2.00119E+10  7.61990E+00  6.70045E+02   8.403   8.434
 0.300  1.08297E-01  1.50697E-02  3.85268E-01 -1.48456E+01  1.06955E+01  1.05714E+00   7.344  4.23124E+09  4.90216E+09  8.31082E+09  2.11864E+09  2.24454E+10  1.18242E+01  6.58412E+02   8.483   8.451
 0.310  7.08818E-01  2.51720E-01  4.07396E-01  7.09832E-01  2.69126E+01  9.80492E+00   8.032  4.55866E+09  5.02500E+09  9.27703E+09  2.07651E+09  2.40448E+10  9.34070E+00  7.18154E+02   8.490   8.477
 0.320 -1.38603E+00 -7.19405E-01  4.27864E-01 -1.11451E+01 -4.43889E+01  1.93982E+01   7.943  5.68795E+09  6.49205E+09  1.09570E+10  2.47383E+09  2.48881E+10  1.56311E+01  7.65236E+02   8.443   8.493
 0.330 -6.58493E-02 -2.29451E-01  5.16062E-01 -4.11941E+00  1.90343E+01  1.91380E+00   8.412  6.36651E+09  7.49599E+09  1.34405E+10  2.73468E+09  2.70085E+10  1.86565E+01  7.42082E+02   8.492   8.511
 0.340 -2.44144E-01 -3.31499E-01  3.81230E-01  1.66209E+01  3.81974E+01 -6.57531E+00   8.230  5.89331E+09  7.44182E+09  1.62237E+10  3.03128E+09  2.93684E+10  2.25129E+01  7.63710E+02   8.565   8.535
 0.350  1.46620E-01 -2.73692E-02  1.20833E-01  2.40281E+01  4.63339E+01 -2.79721E+01   9.280  4.55971E+09  5.27775E+09  1.78929E+10  3.31418E+09  3.20896E+10  1.11713E+01  8.47234E+02   8.605   8.568
 0.360  5.92992E-01 -3.24381E-01  4.29004E-01 -5.85359E+00  6.16774E+01 -1.90966E+01   7.587  4.23242E+09  4.88833E+09  1.90935E+10  4.07654E+09  2.70705E+10  1.15295E+01  9.52956E+02   8.607   8.590
 0.370  1.58062E+00  9.89739E-02  2.93581E-02  2.25877E+01  6.76711E+01 -3.58707E+01   8.985  4.63257E+09  5.30155E+09  2.18230E+10  4.81897E+09  3.24996E+10  1.18304E+01  1.01751E+03   8.587   8.598
 0.380 -1.42413E+00  3.19820E-01  1.65272E-01  2.88049E+01  9.59769E+00 -5.72125E-01  11.670  7.66504E+09  8.11314E+09  2.43489E+10  5.73865E+09  4.31988E+10  1.36503E+01  1.08293E+03   8.475   8.596
 0.390  8.36360E-02 -4.97011E-01  6.83173E-01 -1.12561E+01  1.32613E+01 -5.47941E+00  11.044  6.63330E+09  7.62443E+09  2.62667E+10  5.63617E+09  4.28569E+10  1.91253E+01  1.13929E+03   8.556   8.603
 0.400 -2.16129E+00 -4.52846E-01  2.50909E-01 -1.62601E+01  2.41008E+01 -1.33892E+01  10.635  6.77387E+09  8.02304E+09  2.81874E+10  5.89996E+09  4.37008E+10  2.39061E+01  1.20118E+03   8.563   8.613
 0.410  9.07106E-02 -5.34786E-01  5.12222E-01  2.53827E+01  4.05594E+01 -2.34383E+01   9.252  6.12672E+09  7.40356E+09  2.96722E+10  5.84781E+09  4.32385E+10  1.96536E+01  1.24429E+03   8.622   8.631
 0.420 -4.91064E-01 -5.14779E-01  4.86157E-01 -2.60217E+00 -2.41927E+01  7.07014E+00  11.131  4.28758E+09  5.21195E+09  3.19380E+10  6.39810E+09  4.71033E+10  1.28522E+01  1.32928E+03   8.673   8.639
 0.430 -3.78536E-01 -1.47706E-01  3.07979E-01  1.84041E+01 -1.13189E+01 -1.55602E+01   8.787  4.32079E+09  5.04279E+09  3.67460E+10  1.03406E+10  4.06486E+10  1.17317E+01  1.42309E+03   8.706   8.644
 0.440 -6.42278E-01 -7.73296E-01 -7.20551E-02  3.31056E+01  1.33998E+01  6.20450E+00  11.130  4.34899E+09  4.68506E+09  3.87371E+10  1.05853E+10  5.40134E+10  8.30305E+00  1.53582E+03   8.692   8.649
 0.450 -1.53647E+00 -1.00530E+00  4.37762E-01 -5.86631E+00 -3.72249E+01 -6.62849E+00  10.590  4.25402E+09  4.54508E+09  3.85594E+10  1.00665E+10  5.04349E+10  6.38983E+00  1.66574E+03   8.671   8.658
 0.460 -1.20610E+00 -5.62212E-02 -1.99704E-01 -2.70238E+01 -3.02336E+01 -3.12044E+01  13.529  9.10232E+09  8.99173E+09  4.31601E+10  1.21526E+10  7.37688E+10  6.21860E+00  1.78308E+03   8.473   8.648
 0.470 -5.52625E-01 -1.95514E+00  4.97574E-01  2.65592E+01 -4.56947E+01 -1.45919E+00  12.451  8.33525E+09  8.69762E+09  5.14631E+10  1.96017E+10  7.46537E+10  1.30907E+01  1.96208E+03   8.499   8.651
 0.480 -6.27985E-01  2.95717E+00  1.72029E+00 -5.65397E+01  2.43448E+01 -3.18613E+00  16.738  1.29388E+10  1.29604E+10  5.39034E+10  2.03337E+10  9.11978E+10  1.19901E+01  2.04842E+03   8.454   8.648
 0.490  6.49605E-01 -1.07369E+00  4.36261E-01 -1.54016E+01  2.24467E+01  8.19072E+00  12.437  7.32736E+09  8.33395E+09  5.14799E+10  1.81007E+10  6.41640E+10  1.39505E+01  2.13757E+03   8.556   8.663
 0.500 -2.30883E+00 -3.82130E-01  1.29416E-01 -2.61073E+01 -2.42286E+00 -1.86682E+01  12.476  8.30640E+09  8.96106E+09  5.42706E+10  1.88308E+10  6.63306E+10  1.45385E+01  2.23209E+03   8.552   8.662
 0.510  1.63871E-01 -2.88341E-01  7.33193E-01 -7.95677E+00  2.74326E+01  1.21793E+00  11.892  7.71453E+09  8.35371E+09  5.46009E+10  1.85880E+10  6.48061E+10  1.53595E+01  2.32869E+03   8.589   8.667
 0.521 -5.70795E-01 -2.21593E+00  5.62136E-01  5.06998E+00  1.87828E+01  1.42231E+01  11.575  8.08991E+09  8.58122E+09  5.63198E+10  1.87408E+10  6.48908E+10  1.18707E+01  2.44244E+03   8.610   8.669
 0.530  6.00996E-01 -3.96641E-01  5.41844E-01  1.64256E+00  2.87979E+01  4.99901E+00  12.612  8.33500E+09  9.05226E+09  5.90694E+10  1.96054E+10  7.06250E+10  1.48673E+01  2.50589E+03   8.636   8.667
 0.540 -9.23114E-01 -1.84902E+00  7.11724E-01  1.78506E+01 -3.02626E+00  5.66616E+00  13.633  8.35909E+09  8.88870E+09  6.11566E+10  1.98456E+10  7.57699E+10  1.16659E+01  2.61769E+03   8.658   8.668
 0.550 -1.73032E+00 -2.93984E-01 -9.57121E-02 -1.47956E+01 -6.86234E+00 -9.36313E+00  11.201  5.37194E+09  5.90829E+09  5.86756E+10  1.86701E+10  6.12144E+10  8.97573E+00  2.75307E+03   8.737   8.679
 0.560 -7.44916E-01  2.12656E-01  1.04967E-01 -3.30929E+01 -5.52072E-01 -1.43768E+01  12.777  5.98520E+09  6.33817E+09  6.24813E+10  1.98343E+10  7.18428E+10  8.32595E+00  2.84346E+03   8.739   8.676
 0.570 -7.88576E-01 -2.28108E-01  4.08230E-02 -1.38526E+01  1.34916E+01 -2.02478E+00  11.081  4.12075E+09  4.51534E+09  6.00291E+10  1.88198E+10  6.10217E+10  6.63515E+00  3.00047E+03   8.799   8.688
 0.580  5.61693E-01  1.35843E-01  1.60834E-01 -4.11010E+00  3.14203E+01 -1.05086E+01  11.740  4.79551E+09  5.10644E+09  6.47618E+10  2.14174E+10  6.70670E+10  6.58096E+00  3.12031E+03   8.789   8.686
 0.590  9.42427E-01  2.51816E-01  3.32146E-01 -1.80490E+01  3.28545E+01 -1.31026E+01  10.317  3.14315E+09  3.36781E+09  6.04474E+10  1.96117E+10  5.63063E+10  4.30801E+00  3.30975E+03   8.845   8.698
