  50
 0.100   0.713  2.66320E+07  3.07594E+07  2.63673E+07  1.28932E+02  0.00000E+00  0.00000E+00  0.00000E+00  2.66320E+07  3.07594E+07  2.63673E+07
 0.110   0.863  5.32566E+07  6.18457E+07  5.28257E+07  1.25205E+02  4.89299E+06  5.88921E+06  4.82585E+06  4.83637E+07  5.59565E+07  4.79998E+07
 0.120   1.000  7.68926E+07  9.11278E+07  7.60708E+07  1.77746E+02  1.47504E+07  1.78893E+07  1.45541E+07  6.21423E+07  7.32385E+07  6.15167E+07
 0.130   1.000  8.36440E+07  1.01178E+08  8.25251E+07  2.37321E+02  1.37926E+07  1.70114E+07  1.35492E+07  6.98514E+07  8.41665E+07  6.89759E+07
 0.140   1.250  1.02892E+08  1.26260E+08  1.01181E+08  3.09526E+02  1.88369E+07  2.35130E+07  1.84261E+07  8.40554E+07  1.02747E+08  8.27549E+07
 0.150   1.310  1.67074E+08  2.00548E+08  1.64704E+08  2.82925E+02  2.34103E+07  2.94439E+07  2.28255E+07  1.43663E+08  1.71105E+08  1.41879E+08
 0.160   1.587  2.72149E+08  3.31051E+08  2.68431E+08  3.03599E+02  7.56359E+07  9.40272E+07  7.43388E+07  1.96513E+08  2.37024E+08  1.94093E+08
 0.170   1.414  4.43225E+08  5.33217E+08  4.38313E+08  2.71252E+02  7.78175E+07  9.81716E+07  7.61925E+07  3.65407E+08  4.35046E+08  3.62120E+08
 0.180   1.893  5.96434E+08  7.27574E+08  5.89447E+08  3.11153E+02  9.95885E+07  1.26581E+08  9.72860E+07  4.96846E+08  6.00993E+08  4.92161E+08
 0.190   1.470  7.73323E+08  9.45807E+08  7.64375E+08  3.32027E+02  9.43902E+07  1.21092E+08  9.18792E+07  6.78933E+08  8.24714E+08  6.72496E+08
 0.200   2.085  9.85764E+08  1.22000E+09  9.73445E+08  3.81736E+02  1.22886E+08  1.58201E+08  1.19424E+08  8.62878E+08  1.06180E+09  8.54021E+08
 0.210   3.576  1.36505E+09  1.69977E+09  1.34699E+09  4.28711E+02  2.93081E+08  3.75260E+08  2.86697E+08  1.07197E+09  1.32451E+09  1.06030E+09
 0.220   3.468  1.44152E+09  1.80473E+09  1.42110E+09  4.79771E+02  2.01736E+08  2.61197E+08  1.96045E+08  1.23979E+09  1.54353E+09  1.22506E+09
 0.230   4.100  2.22768E+09  2.80591E+09  2.19679E+09  5.07329E+02  6.71477E+08  8.59232E+08  6.59507E+08  1.55620E+09  1.94667E+09  1.53728E+09
 0.240   4.740  2.25816E+09  2.88297E+09  2.22218E+09  6.04403E+02  6.03004E+08  7.81509E+08  5.90167E+08  1.65515E+09  2.10146E+09  1.63201E+09
 0.250   5.215  2.78919E+09  3.54791E+09  2.74470E+09  6.30934E+02  7.60833E+08  9.92185E+08  7.43892E+08  2.02836E+09  2.55572E+09  2.00080E+09
 0.260   6.283  3.20566E+09  4.09940E+09  3.15276E+09  6.80630E+02  8.39416E+08  1.09897E+09  8.19462E+08  2.36625E+09  3.00043E+09  2.33330E+09
 0.270   6.633  4.62704E+09  5.81540E+09  4.56293E+09  6.02953E+02  1.17267E+09  1.52517E+09  1.14771E+09  3.45437E+09  4.29023E+09  3.41522E+09
 0.280   6.686  5.31099E+09  6.74708E+09  5.23697E+09  6.41857E+02  1.11403E+09  1.46497E+09  1.08758E+09  4.19696E+09  5.28210E+09  4.14939E+09
 0.290   7.338  6.48659E+09  8.27034E+09  6.39682E+09  6.70045E+02  1.54153E+09  2.01500E+09  1.50892E+09  4.94506E+09  6.25534E+09  4.88790E+09
 0.300   7.344  8.31082E+09  1.05663E+10  8.20351E+09  6.58412E+02  2.11864E+09  2.75229E+09  2.07940E+09  6.19217E+09  7.81404E+09  6.12411E+09
 0.310   8.032  9.27703E+09  1.18877E+10  9.15166E+09  7.18154E+02  2.07651E+09  2.73298E+09  2.03263E+09  7.20052E+09  9.15473E+09  7.11904E+09
 0.320   7.943  1.09570E+10  1.40651E+10  1.08048E+10  7.65236E+02  2.47383E+09  3.28866E+09  2.41644E+09  8.48320E+09  1.07764E+10  8.38831E+09
 0.330   8.412  1.34405E+10  1.72048E+10  1.32666E+10  7.42082E+02  2.73468E+09  3.61807E+09  2.67664E+09  1.07058E+10  1.35867E+10  1.05900E+10
 0.340   8.230  1.62237E+10  2.08011E+10  1.60147E+10  7.63710E+02  3.03128E+09  4.04388E+09  2.96143E+09  1.31924E+10  1.67572E+10  1.30533E+10
 0.350   9.280  1.78929E+10  2.32088E+10  1.76456E+10  8.47234E+02  3.31418E+09  4.45149E+09  3.23256E+09  1.45787E+10  1.87573E+10  1.44130E+10
 0.360   7.587  1.90935E+10  2.49910E+10  1.88053E+10  9.52956E+02  4.07654E+09  5.48913E+09  3.97704E+09  1.50169E+10  1.95019E+10  1.48283E+10
 0.370   8.985  2.18230E+10  2.86958E+10  2.14827E+10  1.01751E+03  4.81897E+09  6.49255E+09  4.70241E+09  1.70040E+10  2.22033E+10  1.67803E+10
 0.380  11.670  2.43489E+10  3.21454E+10  2.39552E+10  1.08293E+03  5.73865E+09  7.72415E+09  5.60302E+09  1.86102E+10  2.44213E+10  1.83522E+10
 0.390  11.044  2.62667E+10  3.47006E+10  2.58308E+10  1.13929E+03  5.63617E+09  7.64739E+09  5.48995E+09  2.06305E+10  2.70532E+10  2.03408E+10
 0.400  10.635  2.81874E+10  3.73273E+10  2.77064E+10  1.20118E+03  5.89996E+09  8.01057E+09  5.74433E+09  2.22875E+10  2.93168E+10  2.19621E+10
 0.410   9.252  2.96722E+10  3.93486E+10  2.91592E+10  1.24429E+03  5.84781E+09  7.97574E+09  5.68501E+09  2.38244E+10  3.13728E+10  2.34742E+10
 0.420  11.131  3.19380E+10  4.25933E+10  3.13624E+10  1.32928E+03  6.39810E+09  8.77493E+09  6.21243E+09  2.55399E+10  3.38184E+10  2.51500E+10
 0.430   8.787  3.67460E+10  4.92662E+10  3.60470E+10  1.42309E+03  1.03406E+10  1.40866E+10  1.00643E+10  2.64054E+10  3.51796E+10  2.59827E+10
 0.440  11.130  3.87371E+10  5.22801E+10  3.79607E+10  1.53582E+03  1.05853E+10  1.45197E+10  1.02827E+10  2.81518E+10  3.77605E+10  2.76780E+10
 0.450  10.590  3.85594E+10  5.23747E+10  3.77353E+10  1.66574E+03  1.00665E+10  1.38879E+10  9.75518E+09  2.84928E+10  3.84868E+10  2.79801E+10
 0.460  13.529  4.31601E+10  5.89304E+10  4.21940E+10  1.78308E+03  1.21526E+10  1.67994E+10  1.17751E+10  3.10075E+10  4.21311E+10  3.04189E+10
 0.470  12.451  5.14631E+10  7.05457E+10  5.01867E+10  1.96208E+03  1.96017E+10  2.72177E+10  1.89525E+10  3.18614E+10  4.33280E+10  3.12342E+10
 0.480  16.738  5.39034E+10  7.40319E+10  5.25326E+10  2.04842E+03  2.03337E+10  2.83028E+10  1.96405E+10  3.35697E+10  4.57291E+10  3.28921E+10
 0.490  12.437  5.14799E+10  7.07291E+10  5.01271E+10  2.13757E+03  1.81007E+10  2.53131E+10  1.74302E+10  3.33792E+10  4.54160E+10  3.26969E+10
 0.500  12.476  5.42706E+10  7.47324E+10  5.28085E+10  2.23209E+03  1.88308E+10  2.64004E+10  1.81091E+10  3.54398E+10  4.83320E+10  3.46995E+10
 0.510  11.892  5.46009E+10  7.53607E+10  5.30866E+10  2.32869E+03  1.85880E+10  2.60904E+10  1.78517E+10  3.60129E+10  4.92703E+10  3.52349E+10
 0.521  11.575  5.63198E+10  7.79856E+10  5.47126E+10  2.44244E+03  1.87408E+10  2.63764E+10  1.79695E+10  3.75789E+10  5.16092E+10  3.67431E+10
 0.530  12.612  5.90694E+10  8.18280E+10  5.73563E+10  2.50589E+03  1.96054E+10  2.76056E+10  1.87844E+10  3.94640E+10  5.42224E+10  3.85719E+10
 0.540  13.633  6.11566E+10  8.49586E+10  5.93303E+10  2.61769E+03  1.98456E+10  2.80181E+10  1.89783E+10  4.13110E+10  5.69405E+10  4.03519E+10
 0.550  11.201  5.86756E+10  8.17964E+10  5.68485E+10  2.75307E+03  1.86701E+10  2.64197E+10  1.78128E+10  4.00055E+10  5.53767E+10  3.90357E+10
 0.560  12.777  6.24813E+10  8.72729E+10  6.05008E+10  2.84346E+03  1.98343E+10  2.80808E+10  1.89120E+10  4.26471E+10  5.91921E+10  4.15887E+10
 0.570  11.081  6.00291E+10  8.41410E+10  5.80334E+10  3.00047E+03  1.88198E+10  2.67103E+10  1.78947E+10  4.12093E+10  5.74307E+10  4.01388E+10
 0.580  11.740  6.47618E+10  9.09016E+10  6.25128E+10  3.12031E+03  2.14174E+10  3.03451E+10  2.03212E+10  4.33443E+10  6.05566E+10  4.21916E+10
 0.590  10.317  6.04474E+10  8.51882E+10  5.82377E+10  3.30975E+03  1.96117E+10  2.78691E+10  1.85494E+10  4.08357E+10  5.73191E+10  3.96883E+10
