  34
 0.170   1.951   1.130  1.18558E-02  7.91129E-03  1.24113E-02
 0.180   2.298   1.664  5.03199E-02  6.54142E-02  3.14925E-02
 0.190   2.515   2.108  1.61052E-02  1.35669E-02  2.19571E-02
 0.200   2.603   1.478  6.37482E-02  7.65039E-02  4.50044E-02
 0.210   2.969   2.265  1.01289E-01  8.47582E-02  9.03328E-02
 0.220   3.127   2.335  1.74983E-02  1.97220E-02  1.71461E-02
 0.230   3.377   1.741  2.06795E-01  2.52848E-01  1.36034E-01
 0.240   3.601   2.539  6.65396E-02  6.45483E-02  7.28595E-02
 0.250   3.731   2.582  3.61879E-02  4.56761E-02  2.33571E-02
 0.260   4.176   2.861  1.98978E-03  1.00509E-03  3.90132E-03
 0.270   4.770   2.136  9.31547E-02  1.09241E-01  5.83676E-02
 0.280   4.753   3.981  8.10008E-02  8.29837E-02  8.28264E-02
 0.290   4.806   2.561  2.88677E-01  3.49112E-01  1.92281E-01
 0.300   6.378   3.825  1.01698E-01  1.05391E-01  1.31085E-01
 0.310   6.072   4.482  1.09515E-01  1.17276E-01  8.93735E-02
 0.320   5.457   3.064  4.11920E-01  4.54708E-01  3.08222E-01
 0.330   6.632   4.939  3.45515E-01  3.85503E-01  2.66969E-01
 0.340   6.976   4.427  5.82524E-02  3.92927E-02  1.13246E-01
 0.350   6.702   3.958  7.11684E-01  7.03697E-01  6.37041E-01
 0.360   7.305   4.178  3.44923E-01  3.66351E-01  2.81370E-01
 0.370   7.658   4.147  7.50528E-01  7.21514E-01  7.23892E-01
 0.380   9.110   5.286  6.38155E-01  6.29772E-01  6.22468E-01
 0.390   7.565   5.321  9.90380E-01  1.10961E+00  7.39357E-01
 0.400   9.815   6.477  1.35955E+00  9.49377E-01  1.93577E+00
 0.410  10.603   7.552  4.17059E-02  4.62399E-02  3.75957E-02
 0.420   7.810   4.618  1.72407E+00  1.89515E+00  1.29697E+00
 0.430   9.047   5.042  1.42795E+00  1.41621E+00  1.38575E+00
 0.440   9.804   4.374  1.31044E+00  1.39882E+00  1.12285E+00
 0.450  11.212   5.040  3.01814E+00  2.82625E+00  3.12411E+00
 0.460  10.365   5.205  9.85352E-01  1.04416E+00  8.98488E-01
 0.470   9.478   5.057  2.12485E+00  2.24597E+00  1.81053E+00
 0.480   9.837   4.435  2.82015E+00  2.71256E+00  2.97321E+00
 0.490  10.695   6.210  9.99864E-01  1.03439E+00  9.23916E-01
 0.500  10.391   4.112  1.78800E+00  1.75359E+00  1.76789E+00
