  34
 0.170   1.951   1.130  1.80510E+06  2.12012E+06  1.79507E+06  1.59142E+02  0.00000E+00  0.00000E+00  0.00000E+00  1.80510E+06  2.12012E+06  1.79507E+06
 0.180   2.298   1.664  5.83045E+06  6.71420E+06  5.79082E+06  1.91804E+02  1.35888E+06  1.68328E+06  1.34431E+06  4.47157E+06  5.03092E+06  4.44651E+06
 0.190   2.515   2.108  3.92084E+06  4.63137E+06  3.90529E+06  1.48801E+02  3.15974E+05  3.98784E+05  3.09989E+05  3.60486E+06  4.23259E+06  3.59531E+06
 0.200   2.603   1.478  1.34911E+07  1.61997E+07  1.33707E+07  2.85737E+02  2.37456E+06  3.01337E+06  2.33359E+06  1.11166E+07  1.31863E+07  1.10371E+07
 0.210   2.969   2.265  1.54997E+07  1.84991E+07  1.53934E+07  2.45162E+02  1.61252E+06  2.06587E+06  1.58048E+06  1.38871E+07  1.64332E+07  1.38129E+07
 0.220   3.127   2.335  1.51693E+07  1.88079E+07  1.50335E+07  3.52592E+02  3.55204E+06  4.46488E+06  3.51299E+06  1.16172E+07  1.43430E+07  1.15205E+07
 0.230   3.377   1.741  3.03424E+07  3.63566E+07  3.00916E+07  3.25877E+02  6.89669E+06  8.80813E+06  6.79649E+06  2.34457E+07  2.75485E+07  2.32951E+07
 0.240   3.601   2.539  2.57451E+07  3.18788E+07  2.54727E+07  4.32882E+02  5.57555E+06  7.23784E+06  5.47379E+06  2.01695E+07  2.46410E+07  1.99989E+07
 0.250   3.731   2.582  2.50282E+07  3.18205E+07  2.46575E+07  6.07512E+02  5.69906E+06  7.48032E+06  5.56711E+06  1.93292E+07  2.43401E+07  1.90903E+07
 0.260   4.176   2.861  2.23661E+07  2.88851E+07  2.20192E+07  6.74539E+02  5.40637E+06  7.10242E+06  5.28789E+06  1.69598E+07  2.17827E+07  1.67313E+07
 0.270   4.770   2.136  3.32405E+07  4.21284E+07  3.27931E+07  6.17696E+02  6.39323E+06  8.38447E+06  6.25880E+06  2.68472E+07  3.37439E+07  2.65343E+07
 0.280   4.753   3.981  3.73190E+07  4.73852E+07  3.67645E+07  6.94528E+02  7.60440E+06  1.00160E+07  7.44442E+06  2.97146E+07  3.73692E+07  2.93200E+07
 0.290   4.806   2.561  3.74203E+07  4.52095E+07  3.70521E+07  4.84768E+02  6.55215E+06  8.62673E+06  6.42315E+06  3.08681E+07  3.65828E+07  3.06290E+07
 0.300   6.378   3.825  7.60237E+07  9.46942E+07  7.52717E+07  5.18984E+02  1.18609E+07  1.54908E+07  1.16186E+07  6.41628E+07  7.92033E+07  6.36531E+07
 0.310   6.072   4.482  7.74860E+07  9.86816E+07  7.64722E+07  6.90839E+02  1.36502E+07  1.80963E+07  1.33218E+07  6.38358E+07  8.05852E+07  6.31503E+07
 0.320   5.457   3.064  1.07288E+08  1.34667E+08  1.05875E+08  7.04054E+02  2.09047E+07  2.77096E+07  2.03954E+07  8.63829E+07  1.06958E+08  8.54794E+07
 0.330   6.632   4.939  8.53350E+07  1.06455E+08  8.43931E+07  6.34833E+02  1.41172E+07  1.85948E+07  1.38268E+07  7.12178E+07  8.78601E+07  7.05663E+07
 0.340   6.976   4.427  6.28885E+07  7.97079E+07  6.21565E+07  6.95199E+02  1.08119E+07  1.43610E+07  1.05851E+07  5.20766E+07  6.53469E+07  5.15714E+07
 0.350   6.702   3.958  1.17063E+08  1.41800E+08  1.16166E+08  4.76900E+02  1.07956E+07  1.42285E+07  1.05575E+07  1.06268E+08  1.27572E+08  1.05609E+08
 0.360   7.305   4.178  1.12022E+08  1.40118E+08  1.10884E+08  6.47722E+02  1.35101E+07  1.80704E+07  1.31597E+07  9.85116E+07  1.22048E+08  9.77246E+07
 0.370   7.658   4.147  1.71452E+08  2.10565E+08  1.70086E+08  5.32781E+02  1.57891E+07  2.11889E+07  1.53869E+07  1.55663E+08  1.89377E+08  1.54699E+08
 0.380   9.110   5.286  1.96488E+08  2.43196E+08  1.94901E+08  5.64988E+02  1.59792E+07  2.16961E+07  1.55160E+07  1.80509E+08  2.21500E+08  1.79385E+08
 0.390   7.565   5.321  2.36112E+08  2.92002E+08  2.34386E+08  5.71722E+02  1.56187E+07  2.13105E+07  1.51187E+07  2.20494E+08  2.70692E+08  2.19268E+08
 0.400   9.815   6.477  3.11698E+08  3.78052E+08  3.09766E+08  4.53612E+02  1.40019E+07  1.92310E+07  1.34845E+07  2.97696E+08  3.58821E+08  2.96282E+08
 0.410  10.603   7.552  2.02442E+08  2.63792E+08  1.99518E+08  1.02374E+03  4.07578E+07  5.41535E+07  3.97540E+07  1.61685E+08  2.09639E+08  1.59764E+08
 0.420   7.810   4.618  3.46998E+08  4.33907E+08  3.43470E+08  7.60220E+02  4.59427E+07  6.14042E+07  4.48701E+07  3.01055E+08  3.72503E+08  2.98600E+08
 0.430   9.047   5.042  4.93544E+08  6.23740E+08  4.88856E+08  7.56258E+02  6.48133E+07  8.72152E+07  6.33920E+07  4.28731E+08  5.36525E+08  4.25464E+08
 0.440   9.804   4.374  5.39977E+08  6.84313E+08  5.34813E+08  7.76709E+02  7.29581E+07  9.83385E+07  7.11928E+07  4.67019E+08  5.85975E+08  4.63620E+08
 0.450  11.212   5.040  9.07089E+08  1.13509E+09  8.99704E+08  6.90791E+02  1.05524E+08  1.42738E+08  1.03113E+08  8.01565E+08  9.92350E+08  7.96592E+08
 0.460  10.365   5.205  8.06070E+08  1.03521E+09  7.98197E+08  8.50692E+02  8.85755E+07  1.21075E+08  8.62534E+07  7.17494E+08  9.14136E+08  7.11943E+08
 0.470   9.478   5.057  7.93270E+08  1.01530E+09  7.85133E+08  9.07665E+02  1.03854E+08  1.39973E+08  1.01489E+08  6.89416E+08  8.75332E+08  6.83644E+08
 0.480   9.837   4.435  9.10935E+08  1.15463E+09  9.02107E+08  8.79462E+02  8.54640E+07  1.17400E+08  8.30868E+07  8.25471E+08  1.03723E+09  8.19021E+08
 0.490  10.695   6.210  8.34750E+08  1.08462E+09  8.25912E+08  1.00196E+03  8.75425E+07  1.19685E+08  8.52009E+07  7.47208E+08  9.64935E+08  7.40711E+08
 0.500  10.391   4.112  9.14944E+08  1.18575E+09  9.05004E+08  1.03732E+03  8.06918E+07  1.11676E+08  7.82230E+07  8.34253E+08  1.07407E+09  8.26781E+08
