  34
 0.170  14.250   1.951  1.63245E+10  1.45051E+09  4.16065E+07  5.08745E+07  1.48324E+10  2.21972E+07  1.52775E+07  1.85813E+07  5.92194E+08  9.32848E+08  3.79261E+07  4.63514E+07  1.03587E+10  4.42066E+07  2.01459E+07  2.45512E+07  1.05203E+09
 0.180  16.750   2.298  2.26008E+10  2.26946E+09  9.23539E+07  1.07953E+08  2.02390E+10  1.11058E+08  3.48463E+07  4.17000E+07  1.34892E+09  1.52345E+09  9.10027E+07  1.06327E+08  1.51306E+10  2.53530E+08  5.04043E+07  5.96887E+07  2.17648E+09
 0.190  19.250   2.515  2.87292E+10  2.72363E+09  1.41384E+08  1.70119E+08  2.58642E+10  6.85258E+07  3.99829E+07  4.86170E+07  1.44769E+09  1.44874E+09  1.33599E+08  1.60787E+08  1.63987E+10  1.34910E+08  5.47324E+07  6.63554E+07  2.23825E+09
 0.200  21.250   2.603  3.36830E+10  3.08155E+09  1.83019E+08  2.22302E+08  3.04185E+10  2.39366E+08  8.36984E+07  1.00432E+08  2.21713E+09  1.56392E+09  1.77538E+08  2.15369E+08  1.64339E+10  3.47700E+08  1.03965E+08  1.25006E+08  3.07944E+09
 0.210  23.000   2.969  3.64627E+10  3.01685E+09  2.56468E+08  3.13385E+08  3.31894E+10  1.07298E+08  1.10476E+08  1.35142E+08  1.79787E+09  1.33925E+09  2.43945E+08  2.97562E+08  1.45987E+10  1.70795E+08  1.46724E+08  1.79130E+08  2.73924E+09
 0.220  25.000   3.127  4.12216E+10  3.08081E+09  2.65419E+08  3.33385E+08  3.78754E+10  1.23487E+08  1.19440E+08  1.50186E+08  2.13050E+09  9.91127E+08  2.42691E+08  3.04668E+08  1.43739E+10  1.98430E+08  1.47126E+08  1.85002E+08  3.06988E+09
 0.230  26.750   3.377  4.41237E+10  3.44864E+09  2.91548E+08  3.67877E+08  4.03835E+10  2.76602E+08  1.60865E+08  2.02524E+08  2.82446E+09  1.40511E+09  2.74832E+08  3.46400E+08  1.72078E+10  4.66154E+08  1.97216E+08  2.48063E+08  3.97742E+09
 0.240  28.750   3.601  4.86764E+10  3.87511E+09  3.38353E+08  4.28877E+08  4.44629E+10  1.92659E+08  1.99900E+08  2.53467E+08  3.35546E+09  1.56742E+09  3.28918E+08  4.16595E+08  1.87124E+10  3.40207E+08  2.41986E+08  3.06646E+08  4.76075E+09
 0.250  31.500   3.731  5.60267E+10  4.22402E+09  3.99330E+08  5.05936E+08  5.14034E+10  2.51950E+08  2.50202E+08  3.16249E+08  3.49729E+09  1.46766E+09  3.79375E+08  4.79769E+08  1.61906E+10  3.21642E+08  2.83880E+08  3.58865E+08  4.48240E+09
 0.260  33.500   4.176  6.06495E+10  4.41534E+09  4.05184E+08  5.22572E+08  5.58290E+10  1.85364E+08  2.58011E+08  3.32235E+08  3.63663E+09  1.15961E+09  3.84700E+08  4.95652E+08  1.61845E+10  2.95193E+08  3.01188E+08  3.87717E+08  5.01507E+09
 0.270  38.500   4.770  8.19419E+10  6.10746E+09  4.86374E+08  6.27846E+08  7.53481E+10  5.29070E+08  3.03737E+08  3.94163E+08  4.83831E+09  1.59334E+09  4.01748E+08  5.21068E+08  1.57773E+10  7.42399E+08  3.42976E+08  4.45071E+08  6.57083E+09
 0.280  43.000   4.753  1.03298E+11  7.89758E+09  5.51543E+08  7.12285E+08  9.48488E+10  5.69309E+08  3.67578E+08  4.76182E+08  5.92235E+09  2.01787E+09  4.54465E+08  5.87198E+08  1.79040E+10  6.76424E+08  3.86572E+08  5.00503E+08  6.84968E+09
 0.290  45.750   4.806  1.12038E+11  9.13485E+09  6.19363E+08  7.99548E+08  1.02284E+11  9.14407E+08  4.55864E+08  5.87647E+08  7.15737E+09  2.26492E+09  5.35951E+08  6.90646E+08  2.19853E+10  9.70743E+08  4.64272E+08  5.98519E+08  7.68006E+09
 0.300  48.250   6.378  1.19303E+11  9.96735E+09  7.04443E+08  9.11148E+08  1.08631E+11  6.08545E+08  4.99547E+08  6.47111E+08  7.22172E+09  2.14547E+09  5.90443E+08  7.63697E+08  1.90057E+10  9.65436E+08  5.50682E+08  7.13071E+08  1.05800E+10
 0.310  50.750   6.072  1.26421E+11  1.04613E+10  7.53685E+08  9.81457E+08  1.15207E+11  7.51081E+08  5.19763E+08  6.79680E+08  6.98046E+09  2.26506E+09  6.07909E+08  7.93854E+08  1.77841E+10  1.03938E+09  5.54574E+08  7.25043E+08  8.96580E+09
 0.320  53.000   5.457  1.29923E+11  1.08928E+10  8.46754E+08  1.10157E+09  1.18183E+11  1.13870E+09  6.35924E+08  8.29963E+08  8.99689E+09  3.26808E+09  7.84285E+08  1.02043E+09  2.07204E+10  1.20190E+09  6.46525E+08  8.43699E+08  9.41034E+09
 0.330  54.250   6.632  1.27859E+11  1.13818E+10  9.80324E+08  1.26860E+09  1.15497E+11  1.33042E+09  6.70438E+08  8.69493E+08  8.19136E+09  3.58524E+09  8.30297E+08  1.07330E+09  1.93850E+10  1.90678E+09  7.32490E+08  9.49070E+08  1.10508E+10
 0.340  56.500   6.976  1.33092E+11  1.23326E+10  1.09560E+09  1.42897E+09  1.19664E+11  9.29979E+08  8.30836E+08  1.08539E+09  1.00800E+10  2.45071E+09  1.00040E+09  1.30299E+09  2.10117E+10  1.31216E+09  9.11704E+08  1.19071E+09  1.35776E+10
 0.350  59.000   6.702  1.39759E+11  1.28143E+10  1.25543E+09  1.62981E+09  1.25689E+11  1.80479E+09  9.33592E+08  1.20955E+09  9.86128E+09  3.26387E+09  1.09464E+09  1.41867E+09  1.98817E+10  2.09133E+09  9.76910E+08  1.26582E+09  1.17043E+10
 0.360  62.750   7.305  1.55268E+11  1.41158E+10  1.44374E+09  1.88270E+09  1.39708E+11  1.54433E+09  1.15715E+09  1.50549E+09  1.26253E+10  2.63087E+09  1.32043E+09  1.71816E+09  2.38919E+10  1.89626E+09  1.21541E+09  1.58142E+09  1.56947E+10
 0.370  69.000   7.658  1.92050E+11  1.74870E+10  1.73540E+09  2.27223E+09  1.72828E+11  2.15760E+09  1.29577E+09  1.69236E+09  1.34556E+10  3.15284E+09  1.42748E+09  1.86588E+09  2.23161E+10  2.45974E+09  1.34300E+09  1.75428E+09  1.55719E+10
 0.380  76.000   9.110  2.39552E+11  2.19863E+10  1.94126E+09  2.55545E+09  2.15625E+11  2.19390E+09  1.43305E+09  1.88358E+09  1.39696E+10  3.39710E+09  1.51950E+09  1.99780E+09  2.02536E+10  3.01785E+09  1.49829E+09  1.96953E+09  1.78895E+10
 0.390  83.750   7.565  2.97661E+11  2.59409E+10  2.47674E+09  3.23970E+09  2.69243E+11  4.11049E+09  1.64764E+09  2.16645E+09  2.14818E+10  5.09931E+09  1.83172E+09  2.40157E+09  2.98676E+10  3.67293E+09  1.58937E+09  2.08944E+09  1.79071E+10
 0.400  89.250   9.815  3.32439E+11  2.65348E+10  4.19694E+09  5.30678E+09  3.01707E+11  3.03976E+09  2.91241E+09  3.64989E+09  2.27555E+10  3.94574E+09  3.06839E+09  3.84648E+09  2.77120E+10  3.79563E+09  3.04292E+09  3.81429E+09  2.68222E+10
 0.410  92.750  10.603  3.47816E+11  2.54079E+10  4.28521E+09  5.56271E+09  3.18123E+11  2.21229E+09  3.30631E+09  4.27596E+09  2.15380E+10  2.51431E+09  3.34673E+09  4.32803E+09  2.36487E+10  2.79387E+09  3.37801E+09  4.36844E+09  2.54565E+10
 0.420  96.250   7.810  3.59768E+11  2.48800E+10  4.52910E+09  5.93274E+09  3.30359E+11  3.93488E+09  3.55315E+09  4.63317E+09  2.58198E+10  4.13772E+09  3.60339E+09  4.69872E+09  2.71322E+10  2.93691E+09  3.27071E+09  4.26855E+09  1.96973E+10
 0.430  99.250   9.047  3.71946E+11  2.48253E+10  4.88579E+09  6.43863E+09  3.42235E+11  3.82037E+09  3.90850E+09  5.13467E+09  2.66740E+10  3.85534E+09  3.91771E+09  5.14657E+09  2.69532E+10  3.44056E+09  3.79045E+09  4.98110E+09  2.34832E+10
 0.440 101.750   9.804  3.77448E+11  2.47189E+10  5.13406E+09  6.81252E+09  3.47595E+11  4.21882E+09  4.14013E+09  5.47370E+09  2.71824E+10  4.10903E+09  4.11975E+09  5.44655E+09  2.65352E+10  3.98463E+09  4.09525E+09  5.41393E+09  2.58204E+10
 0.450 104.000  11.212  3.79497E+11  2.42892E+10  5.59785E+09  7.43367E+09  3.49610E+11  4.16588E+09  4.63908E+09  6.13495E+09  2.88578E+10  3.86162E+09  4.57940E+09  6.05634E+09  2.73669E+10  4.81175E+09  4.74826E+09  6.27927E+09  3.19151E+10
 0.460 105.750  10.365  3.77749E+11  2.38065E+10  5.74828E+09  7.70568E+09  3.48194E+11  3.77071E+09  4.68300E+09  6.26319E+09  2.82874E+10  3.49444E+09  4.59145E+09  6.14161E+09  2.61837E+10  3.66933E+09  4.65303E+09  6.22338E+09  2.75248E+10
 0.470 107.000   9.478  3.68519E+11  2.33835E+10  5.98774E+09  8.05701E+09  3.39148E+11  6.46643E+09  5.08463E+09  6.81923E+09  3.10005E+10  6.00982E+09  4.98339E+09  6.68404E+09  2.83147E+10  5.65268E+09  4.89607E+09  6.56773E+09  2.63265E+10
 0.480 108.500   9.837  3.63658E+11  2.25479E+10  7.05081E+09  9.36208E+09  3.34060E+11  6.72819E+09  6.15723E+09  8.13277E+09  3.25722E+10  6.01579E+09  6.03844E+09  7.97474E+09  2.93227E+10  5.85395E+09  6.01091E+09  7.93834E+09  2.86954E+10
 0.490 111.000  10.695  3.68440E+11  2.20052E+10  7.52100E+09  1.00595E+10  3.38913E+11  5.28465E+09  6.57285E+09  8.75004E+09  3.23803E+10  4.59196E+09  6.38928E+09  8.50317E+09  2.81766E+10  5.04468E+09  6.51538E+09  8.67240E+09  3.08198E+10
 0.500 113.250  10.391  3.68881E+11  2.10561E+10  7.93730E+09  1.06689E+10  3.39888E+11  4.59817E+09  7.07493E+09  9.47235E+09  3.48087E+10  4.00717E+09  6.87175E+09  9.19736E+09  2.94300E+10  4.18873E+09  6.94105E+09  9.29098E+09  3.09834E+10
