  34
 0.170  1.02779E+07  1.00614E+07  1.21451E+07  9.14451E+06  3.59124E+06  2.90735E+08  1.11527E-02
 0.180  2.98961E+07  1.57263E+07  1.91161E+07  2.73339E+07  3.99262E+06  5.65673E+08  5.09730E-02
 0.190  1.87647E+07  1.38343E+07  1.68827E+07  1.66753E+07  2.98348E+06  4.30324E+08  3.81676E-02
 0.200  3.79748E+07  2.90336E+07  3.47561E+07  3.48463E+07  1.16566E+07  5.61765E+08  1.73577E-01
 0.210  1.56402E+07  2.81430E+07  3.44414E+07  1.39318E+07  5.96332E+06  4.03803E+08  4.39717E-02
 0.220  8.03116E+06  2.98153E+07  3.75215E+07  7.00953E+06  6.47079E+04  4.23008E+08  1.11315E-04
 0.230  1.87803E+07  3.43106E+07  4.37616E+07  1.70399E+07  1.31380E+06  5.04067E+08  1.83064E-02
 0.240  1.79913E+07  4.35542E+07  5.51986E+07  1.64537E+07  3.97847E+06  4.93093E+08  3.21093E-02
 0.250  1.61764E+07  4.94396E+07  6.26822E+07  1.36544E+07  6.49628E+06  5.17702E+08  9.48954E-02
 0.260  1.94082E+06  4.58245E+07  5.93192E+07  1.19396E+06  3.62624E+05  4.64161E+08  8.75730E-04
 0.270  3.15421E+06  4.65041E+07  6.06695E+07  2.49444E+06  1.75051E+06  4.75800E+08  2.78307E-02
 0.280  6.12902E+07  5.72657E+07  7.33035E+07  5.80755E+07  9.02347E+06  4.72807E+08  1.35140E-01
 0.290  3.18198E+07  7.27634E+07  9.49185E+07  2.89462E+07  2.57840E+06  5.85626E+08  3.52591E-02
 0.300  4.10480E+06  6.98589E+07  9.12575E+07  3.37609E+06  2.03782E+06  5.06645E+08  1.71690E-02
 0.310  4.58980E+07  7.13864E+07  9.36082E+07  4.27447E+07  3.54324E+06  4.60669E+08  5.80571E-02
 0.320  1.23590E+07  8.57882E+07  1.12271E+08  1.04558E+07  6.19140E+06  4.98331E+08  7.50934E-02
 0.330  1.32135E+08  8.19923E+07  1.03770E+08  1.27092E+08  2.06468E+07  3.90667E+08  3.68030E-01
 0.340  2.40424E+07  9.44968E+07  1.23431E+08  2.25000E+07  1.80753E+06  4.40051E+08  2.20517E-02
 0.350  1.51384E+08  1.02026E+08  1.31083E+08  1.46051E+08  1.79506E+07  3.87591E+08  2.76193E-01
 0.360  1.28249E+07  1.55472E+08  2.00104E+08  1.08674E+07  8.75270E+06  4.80040E+08  5.00985E-02
 0.370  1.43349E+07  1.48232E+08  1.94493E+08  1.28556E+07  1.91089E+06  4.67403E+08  1.88665E-02
 0.380  1.28295E+07  1.52284E+08  2.01395E+08  1.10939E+07  4.68565E+06  4.37806E+08  4.23215E-02
 0.390  7.23827E+07  1.75534E+08  2.30952E+08  6.97060E+07  1.61619E+07  4.73140E+08  2.33420E-01
 0.400  1.66011E+07  1.88923E+08  2.42167E+08  1.44762E+07  4.38812E+07  3.45273E+08  1.93985E-01
 0.410  6.70648E+07  3.27827E+08  4.14729E+08  6.33772E+07  8.62674E+06  3.26733E+08  1.47646E-01
 0.420  5.49459E+06  3.81776E+08  4.97108E+08  4.49281E+06  5.90960E+06  4.55265E+08  1.85614E-02
 0.430  4.02539E+07  3.41455E+08  4.50874E+08  3.75692E+07  2.75714E+06  4.34979E+08  4.22957E-02
 0.440  3.74292E+07  3.82709E+08  5.10460E+08  3.43008E+07  7.46358E+06  4.72475E+08  1.04842E-01
 0.450  3.65963E+07  4.00115E+08  5.32765E+08  3.33232E+07  1.47665E+07  4.47533E+08  1.52856E-01
 0.460  1.58666E+07  4.02599E+08  5.41536E+08  1.43570E+07  5.40065E+06  4.53935E+08  4.32491E-02
 0.470  2.39126E+07  4.01075E+08  5.44620E+08  2.19500E+07  3.09628E+06  4.67736E+08  3.47685E-02
 0.480  7.00206E+07  5.33644E+08  7.01836E+08  6.61385E+07  1.02190E+08  5.05564E+08  8.29060E-01
 0.490  2.19716E+08  7.48280E+08  9.76647E+08  2.13105E+08  1.05497E+08  5.98928E+08  1.59751E+00
 0.500  1.40391E+08  9.27297E+08  1.21890E+09  1.34034E+08  7.60704E+07  6.56210E+08  1.00775E+00
