  34
 0.170  1.01072E-01  5.02669E-01 -5.59822E-02  1.09965E+01 -3.66871E+01 -2.46422E+00 -5.79083E-01  1.39727E-01 -8.03206E-01  3.97263E+01   1.951   1.130  4.52450E+07  4.07486E+07  1.80510E+06  0.00000E+00  8.17249E+07  1.18558E-02  1.59142E+02   6.926   6.956
 0.180  4.31321E-01  4.76319E-01 -3.11914E-01  4.18700E+01 -2.05371E+01 -3.54394E+01 -2.99878E-01 -8.25701E-01 -4.77797E-01  5.49233E+01   2.298   1.664  2.56718E+08  2.36968E+08  5.83045E+06  1.35888E+06  1.89638E+08  5.03199E-02  1.91804E+02   7.282   7.010
 0.190 -2.22017E-01 -2.16657E-01 -1.35577E-01 -2.17674E+01 -2.50066E+01  4.28299E+01 -5.34499E-01 -7.63794E-01  3.61841E-01  4.34160E+01   2.515   2.108  1.58094E+08  1.38934E+08  3.92084E+06  3.15974E+05  1.24458E+08  1.61052E-02  1.48801E+02   7.355   7.192
 0.200  5.42998E-01  3.09191E-01 -6.84024E-01 -5.05666E+00 -2.61205E+01  2.53536E+01 -9.52802E-02 -8.39823E-01 -5.34433E-01  6.27001E+01   2.603   1.478  3.18736E+08  3.01522E+08  1.34911E+07  2.37456E+06  3.24738E+08  6.37482E-02  2.85737E+02   7.427   7.197
 0.210 -1.57779E-01  2.82818E-01 -1.46326E-01 -6.84034E+00 -3.03543E+01  2.89773E+01  9.25277E-02 -9.20411E-01  3.79844E-01  2.99072E+01   2.969   2.265  1.81292E+08  1.63642E+08  1.54997E+07  1.61252E+06  2.41600E+08  1.01289E-01  2.45162E+02   7.499   7.330
 0.220 -2.49402E-01 -2.29209E-01 -3.50455E-01  8.35357E+00 -3.02901E+01  3.64532E+01 -4.24028E-02 -9.91883E-01  1.19879E-01  8.32587E+01   3.127   2.335  2.18153E+08  1.86507E+08  1.51693E+07  3.55204E+06  2.53322E+08  1.74983E-02  3.52592E+02   7.190   7.338
 0.230 -7.07140E-02 -1.18731E-01 -7.77183E-02  1.03476E+01  5.40167E+00  4.73277E+00 -4.96512E-02 -8.97993E-01 -4.37199E-01  1.11853E+02   3.377   1.741  4.56128E+08  4.17842E+08  3.03424E+07  6.89669E+06  3.55084E+08  2.06795E-01  3.25877E+02   7.395   7.299
 0.240 -4.02444E-01  3.00302E-01  2.33193E-01  3.15840E+01  3.62867E+01 -2.84357E+01 -4.00610E-01 -8.25375E-01 -3.97828E-01  1.32054E+02   3.601   2.539  3.44940E+08  3.02503E+08  2.57451E+07  5.57555E+06  3.68718E+08  6.65396E-02  4.32882E+02   7.435   7.353
 0.250 -3.13091E-02  3.04351E-02  6.81397E-01  1.61608E+01  2.56430E+00  9.68180E+00  1.64016E-01  9.18185E-01  3.60602E-01  1.40662E+01   3.731   2.582  3.15552E+08  2.61427E+08  2.50282E+07  5.69906E+06  3.77365E+08  3.61879E-02  6.07512E+02   7.607   7.366
 0.260  1.95538E-01  1.73067E-01  2.65534E-01  2.52403E+01 -3.28383E+01 -4.21866E+01 -1.67447E-01  9.83265E-01  7.17757E-02  1.10965E+02   4.176   2.861  3.10295E+08  2.45652E+08  2.23661E+07  5.40637E+06  4.29742E+08  1.98978E-03  6.74539E+02   7.415   7.374
 0.270  2.50426E-01  3.15105E-01 -1.89520E-01  7.60254E+00  1.21130E+01 -4.20089E+00 -3.51491E-01  9.22218E-01  1.61144E-01  8.35071E+01   4.770   2.136  6.54149E+08  5.75471E+08  3.32405E+07  6.39323E+06  4.91347E+08  9.31547E-02  6.17696E+02   7.408   7.388
 0.280 -6.81024E-01  4.81424E-01 -1.61899E-01  1.62937E+01 -2.70684E+01  5.94237E+00 -7.26320E-01  5.37413E-01  4.28541E-01  1.05345E+02   4.753   3.981  7.83993E+08  6.72552E+08  3.73190E+07  7.60440E+06  5.53535E+08  8.10008E-02  6.94528E+02   7.486   7.394
 0.290 -6.12909E-02 -3.62808E-01  8.27397E-02 -7.56573E-01  1.45016E+01  1.82959E+01 -9.95219E-01 -5.73614E-02 -7.90477E-02  1.33617E+02   4.806   2.561  9.20745E+08  8.25925E+08  3.74203E+07  6.55215E+06  4.49695E+08  2.88677E-01  4.84768E+02   7.584   7.446
 0.300 -7.99760E-01 -5.37562E-01 -2.98248E-01  5.75699E+00 -6.08568E+00  2.28326E+01 -8.60584E-01  2.31772E-01  4.53515E-01  1.42431E+02   6.378   3.825  9.28516E+08  7.78234E+08  7.60237E+07  1.18609E+07  7.74932E+08  1.01698E-01  5.18984E+02   7.659   7.504
 0.310 -1.06600E+00  1.07975E-01 -1.02435E-01  1.86414E+01 -2.01205E+01  3.71099E+01 -6.05245E-01  7.66082E-01  2.16328E-01  1.86238E+02   6.072   4.482  1.10352E+09  9.38073E+08  7.74860E+07  1.36502E+07  8.11180E+08  1.09515E-01  6.90839E+02   7.633   7.505
 0.320 -1.97517E-02 -3.78095E-01  2.41476E-03  4.11469E+00 -1.66096E+00  4.64374E+01 -7.01247E-01  6.81323E-01  2.09885E-01  2.55618E+02   5.457   3.064  1.16095E+09  1.02841E+09  1.07288E+08  2.09047E+07  8.76527E+08  4.11920E-01  7.04054E+02   7.625   7.503
 0.330  5.64695E-01  4.40871E-02  7.15966E-01  8.85565E+00 -4.74988E-01 -1.18784E+01  2.00233E-02  9.77061E-01 -2.12016E-01  1.95129E+02   6.632   4.939  1.95768E+09  1.66429E+09  8.53350E+07  1.41172E+07  7.48660E+08  3.45515E-01  6.34833E+02   7.665   7.547
 0.340 -4.48957E-01  5.54086E-01  4.57977E-01  3.61774E+01 -1.65383E+01 -8.27487E-01  4.65504E-02  6.08433E-01 -7.92239E-01  1.83626E+02   6.976   4.427  1.28842E+09  1.09372E+09  6.28885E+07  1.08119E+07  6.76912E+08  5.82524E-02  6.95199E+02   7.661   7.546
 0.350  1.73156E-01 -1.92179E-01 -9.49061E-02  1.87418E+01 -2.46309E+01 -1.71805E+01  1.53092E-01  3.57356E-01 -9.21336E-01  1.37230E+02   6.702   3.958  1.96517E+09  1.76965E+09  1.17063E+08  1.07956E+07  6.43740E+08  7.11684E-01  4.76900E+02   7.773   7.659
 0.360  1.10626E+00  1.06837E+00  1.13756E+00  3.88068E+01 -4.15187E+01 -1.15008E+01  6.99702E-02  4.46702E-01 -8.91942E-01  2.94160E+02   7.305   4.178  1.75709E+09  1.57009E+09  1.12022E+08  1.35101E+07  8.77691E+08  3.44923E-01  6.47722E+02   7.765   7.665
 0.370  1.02768E-02 -5.82102E-01 -2.17221E-01 -2.07965E+01 -1.74698E+01  3.37339E+00 -3.45740E-01  4.15631E-01 -8.41258E-01  3.02175E+02   7.658   4.147  2.26314E+09  2.08159E+09  1.71452E+08  1.57891E+07  8.99806E+08  7.50528E-01  5.32781E+02   7.795   7.705
 0.380  4.31727E-02  1.19465E+00  7.45716E-02  2.72569E+01 -4.09974E-01  8.15216E-01 -3.66803E-01  5.77579E-01 -7.29286E-01  3.62390E+02   9.110   5.286  2.83311E+09  2.51885E+09  1.96488E+08  1.59792E+07  1.21714E+09  6.38155E-01  5.64988E+02   7.835   7.740
 0.390  4.51177E-01  4.55075E-01  3.56736E-02  3.78841E+00  1.41238E+01 -2.76429E+00 -3.74402E-01  5.83748E-01 -7.20459E-01  2.83693E+02   7.565   5.321  3.73388E+09  3.49094E+09  2.36112E+08  1.56187E+07  1.09052E+09  9.90380E-01  5.71722E+02   7.837   7.737
 0.400  6.22688E-01  5.31335E-01  7.60091E-01  1.99901E+01 -5.21422E+00  9.94345E+00 -8.81878E-01  3.38759E-01 -3.27922E-01  2.10246E+02   9.815   6.477  3.83246E+09  3.38745E+09  3.11698E+08  1.40019E+07  1.93454E+09  1.35955E+00  4.53612E+02   8.103   7.948
 0.410  3.16340E-01 -7.64750E-01  8.96171E-01  3.57272E+01 -1.61151E+01  2.35112E+01 -8.91342E-01  2.54991E-01  3.74817E-01  3.56389E+02  10.603   7.552  3.01357E+09  2.68210E+09  2.02442E+08  4.07578E+07  2.17673E+09  4.17059E-02  1.02374E+03   7.979   7.847
 0.420  1.14598E+00  3.60371E-01  6.31219E-01  2.69070E+01  4.91736E+01  4.18691E+00 -8.04817E-01  2.37734E-01  5.43831E-01  4.08230E+02   7.810   4.618  2.93334E+09  2.74626E+09  3.46998E+08  4.59427E+07  1.77708E+09  1.72407E+00  7.60220E+02   7.997   7.919
 0.430  4.61669E-01 -1.44031E+00  1.76432E-01  5.77413E+00  4.00024E+01  3.07318E+01 -7.86184E-01 -7.57197E-02  6.13336E-01  4.44969E+02   9.047   5.042  3.31975E+09  3.09424E+09  4.93544E+08  6.48133E+07  2.21539E+09  1.42795E+00  7.56258E+02   8.005   7.915
 0.440 -5.59089E-01 -1.16053E+00  3.50279E-02  9.39224E+00  3.55279E+00  1.66856E+01 -8.00345E-01  2.43022E-01  5.48077E-01  5.01607E+02   9.804   4.374  3.77725E+09  3.52166E+09  5.39977E+08  7.29581E+07  2.41184E+09  1.31044E+00  7.76709E+02   8.061   7.943
 0.450 -1.17499E-02 -6.65332E-01  1.08890E+00  2.28971E+01  1.49897E+01  2.66301E+01 -8.03714E-01  2.49944E-01  5.39974E-01  6.88044E+02  11.212   5.040  4.35315E+09  4.13651E+09  9.07089E+08  1.05524E+08  3.07545E+09  3.01814E+00  6.90791E+02   8.103   7.994
 0.460 -3.99557E-01 -5.01570E-01 -1.18189E-02  1.40867E+01  7.64976E+00  1.71273E+01 -8.10064E-01  3.93690E-01  4.34517E-01  5.78922E+02  10.365   5.205  3.46527E+09  3.18835E+09  8.06070E+08  8.85755E+07  2.60663E+09  9.85352E-01  8.50692E+02   8.096   7.993
 0.470  8.28770E-02  1.80542E-01 -3.12482E-01 -5.67657E+00 -2.37630E+01 -7.05644E+00 -8.82781E-01  3.54214E-01  3.08594E-01  5.06363E+02   9.478   5.057  5.33354E+09  5.02048E+09  7.93270E+08  1.03854E+08  2.39787E+09  2.12485E+00  9.07665E+02   8.094   8.011
 0.480 -3.50834E-01 -9.43698E-01  1.23528E-01  5.91434E+00  4.37183E+01 -3.94873E+00 -9.74384E-01  5.74551E-02  2.17426E-01  3.93772E+02   9.837   4.435  5.32533E+09  5.00191E+09  9.10935E+08  8.54640E+07  2.41974E+09  2.82015E+00  8.79462E+02   8.188   8.049
 0.490  1.26213E-01 -7.20585E-01 -1.59714E-01  1.96910E+01  3.53366E+01  3.89563E+00 -9.38846E-01 -1.20794E-01  3.22456E-01  4.38552E+02  10.695   6.210  4.70105E+09  4.27334E+09  8.34750E+08  8.75425E+07  2.69842E+09  9.99864E-01  1.00196E+03   8.192   8.048
 0.500 -1.99081E-01  1.05792E-01  5.97788E-01 -9.17150E+00 -2.65182E+00  1.38723E-01 -9.59891E-01 -6.49535E-02  2.72744E-01  5.18195E+02  10.391   4.112  3.66089E+09  3.42679E+09  9.14944E+08  8.06918E+07  2.39704E+09  1.78800E+00  1.03732E+03   8.248   8.086
