  34
 0.170  1.01072E-01  5.02669E-01 -5.59822E-02  1.09965E+01 -3.66871E+01 -2.46422E+00   1.951  4.42066E+07  4.36366E+07  2.01459E+07  0.00000E+00  1.05203E+09  3.05515E-02  2.96937E+02   6.948   6.927
 0.180  4.31321E-01  4.76319E-01 -3.11914E-01  4.18700E+01 -2.05371E+01 -3.54394E+01   2.298  2.53530E+08  2.53295E+08  5.04043E+07  1.10137E+07  2.17648E+09  3.25612E-01  2.44957E+02   7.290   7.029
 0.190 -2.22017E-01 -2.16657E-01 -1.35577E-01 -2.17674E+01 -2.50066E+01  4.28299E+01   2.515  1.34910E+08  1.31545E+08  5.47324E+07  1.16905E+07  2.23825E+09  1.38331E-01  2.83560E+02   7.345   7.174
 0.200  5.42998E-01  3.09191E-01 -6.84024E-01 -5.05666E+00 -2.61205E+01  2.53536E+01   2.603  3.47700E+08  3.54766E+08  1.03965E+08  2.75697E+07  3.07944E+09  4.57936E-01  2.72876E+02   7.428   7.226
 0.210 -1.57779E-01  2.82818E-01 -1.46326E-01 -6.84034E+00 -3.03543E+01  2.89773E+01   2.969  1.70795E+08  1.83340E+08  1.46724E+08  3.59333E+07  2.73924E+09  3.48896E-01  3.01578E+02   7.497   7.326
 0.220 -2.49402E-01 -2.29209E-01 -3.50455E-01  8.35357E+00 -3.02901E+01  3.64532E+01   3.127  1.98430E+08  1.69997E+08  1.47126E+08  4.31867E+07  3.06988E+09  2.22463E-02  4.23265E+02   7.178   7.331
 0.230 -7.07140E-02 -1.18731E-01 -7.77183E-02  1.03476E+01  5.40167E+00  4.73277E+00   3.377  4.66154E+08  4.32158E+08  1.97216E+08  6.13967E+07  3.97742E+09  3.66861E-01  4.81892E+02   7.399   7.315
 0.240 -4.02444E-01  3.00302E-01  2.33193E-01  3.15840E+01  3.62867E+01 -2.84357E+01   3.601  3.40207E+08  3.17667E+08  2.41986E+08  7.23382E+07  4.76075E+09  2.29322E-01  5.39863E+02   7.435   7.342
 0.250 -3.13091E-02  3.04351E-02  6.81397E-01  1.61608E+01  2.56430E+00  9.68180E+00   3.731  3.21642E+08  3.10395E+08  2.83880E+08  7.46847E+07  4.48240E+09  5.64712E-01  5.64291E+02   7.603   7.374
 0.260  1.95538E-01  1.73067E-01  2.65534E-01  2.52403E+01 -3.28383E+01 -4.21866E+01   4.176  2.95193E+08  2.41042E+08  3.01188E+08  8.90387E+07  5.01507E+09  6.47045E-02  6.72038E+02   7.417   7.376
 0.270  2.50426E-01  3.15105E-01 -1.89520E-01  7.60254E+00  1.21130E+01 -4.20089E+00   4.770  7.42399E+08  6.48813E+08  3.42976E+08  1.08102E+08  6.57083E+09  2.35874E-01  7.80203E+02   7.397   7.371
 0.280 -6.81024E-01  4.81424E-01 -1.61899E-01  1.62937E+01 -2.70684E+01  5.94237E+00   4.753  6.76424E+08  6.08568E+08  3.86572E+08  1.11559E+08  6.84968E+09  3.88855E-01  8.19555E+02   7.503   7.386
 0.290 -6.12909E-02 -3.62808E-01  8.27397E-02 -7.56573E-01  1.45016E+01  1.82959E+01   4.806  9.70743E+08  8.95051E+08  4.64272E+08  1.27510E+08  7.68006E+09  7.18508E-01  8.31834E+02   7.587   7.407
 0.300 -7.99760E-01 -5.37562E-01 -2.98248E-01  5.75699E+00 -6.08568E+00  2.28326E+01   6.378  9.65436E+08  8.27834E+08  5.50682E+08  1.48024E+08  1.05800E+10  3.71956E-01  8.68433E+02   7.667   7.444
 0.310 -1.06600E+00  1.07975E-01 -1.02435E-01  1.86414E+01 -2.01205E+01  3.71099E+01   6.072  1.03938E+09  9.02700E+08  5.54574E+08  1.35798E+08  8.96580E+09  3.01049E-01  9.67285E+02   7.638   7.464
 0.320 -1.97517E-02 -3.78095E-01  2.41476E-03  4.11469E+00 -1.66096E+00  4.64374E+01   5.457  1.20190E+09  1.06907E+09  6.46525E+08  1.68950E+08  9.41034E+09  6.46102E-01  9.93560E+02   7.634   7.478
 0.330  5.64695E-01  4.40871E-02  7.15966E-01  8.85565E+00 -4.74988E-01 -1.18784E+01   6.632  1.90678E+09  1.70459E+09  7.32490E+08  1.66397E+08  1.10508E+10  1.34090E+00  9.80548E+02   7.666   7.516
 0.340 -4.48957E-01  5.54086E-01  4.57977E-01  3.61774E+01 -1.65383E+01 -8.27487E-01   6.976  1.31216E+09  1.14246E+09  9.11704E+08  2.45824E+08  1.35776E+10  2.81027E-01  1.03012E+03   7.664   7.525
 0.350  1.73156E-01 -1.92179E-01 -9.49061E-02  1.87418E+01 -2.46309E+01 -1.71805E+01   6.702  2.09133E+09  1.95038E+09  9.76910E+08  1.97754E+08  1.17043E+10  1.79396E+00  1.01387E+03   7.769   7.577
 0.360  1.10626E+00  1.06837E+00  1.13756E+00  3.88068E+01 -4.15187E+01 -1.15008E+01   7.305  1.89626E+09  1.74253E+09  1.21541E+09  2.42271E+08  1.56947E+10  7.11117E-01  1.00681E+03   7.767   7.625
 0.370  1.02768E-02 -5.82102E-01 -2.17221E-01 -2.07965E+01 -1.74698E+01  3.37339E+00   7.658  2.45974E+09  2.28199E+09  1.34300E+09  2.54588E+08  1.55719E+10  1.12530E+00  1.06267E+03   7.801   7.644
 0.380  4.31727E-02  1.19465E+00  7.45716E-02  2.72569E+01 -4.09974E-01  8.15216E-01   9.110  3.01785E+09  2.70381E+09  1.49829E+09  2.80572E+08  1.78895E+10  9.20899E-01  1.11705E+03   7.839   7.661
 0.390  4.51177E-01  4.55075E-01  3.56736E-02  3.78841E+00  1.41238E+01 -2.76429E+00   7.565  3.67293E+09  3.50227E+09  1.58937E+09  2.65813E+08  1.79071E+10  1.76926E+00  1.17118E+03   7.838   7.667
 0.400  6.22688E-01  5.31335E-01  7.60091E-01  1.99901E+01 -5.21422E+00  9.94345E+00   9.815  3.79563E+09  4.27705E+09  3.04292E+09  3.10470E+08  2.68222E+10  6.14428E+00  7.38115E+02   8.120   7.857
 0.410  3.16340E-01 -7.64750E-01  8.96171E-01  3.57272E+01 -1.61151E+01  2.35112E+01  10.603  2.79387E+09  2.53043E+09  3.37801E+09  7.44118E+08  2.54565E+10  7.08161E-01  8.72877E+02   7.986   7.869
 0.420  1.14598E+00  3.60371E-01  6.31219E-01  2.69070E+01  4.91736E+01  4.18691E+00   7.810  2.93691E+09  2.82692E+09  3.27071E+09  6.66342E+08  1.96973E+10  2.62086E+00  9.83204E+02   8.008   7.891
 0.430  4.61669E-01 -1.44031E+00  1.76432E-01  5.77413E+00  4.00024E+01  3.07318E+01   9.047  3.44056E+09  3.26572E+09  3.79045E+09  7.08243E+08  2.34832E+10  2.23569E+00  1.04573E+03   8.012   7.897
 0.440 -5.59089E-01 -1.16053E+00  3.50279E-02  9.39224E+00  3.55279E+00  1.66856E+01   9.804  3.98463E+09  3.75913E+09  4.09525E+09  7.81464E+08  2.58204E+10  2.55500E+00  1.13001E+03   8.062   7.908
 0.450 -1.17499E-02 -6.65332E-01  1.08890E+00  2.28971E+01  1.49897E+01  2.66301E+01  11.212  4.81175E+09  4.51883E+09  4.74826E+09  8.67887E+08  3.19151E+10  3.47042E+00  1.16788E+03   8.107   7.928
 0.460 -3.99557E-01 -5.01570E-01 -1.18189E-02  1.40867E+01  7.64976E+00  1.71273E+01  10.365  3.66933E+09  3.35752E+09  4.65303E+09  7.89020E+08  2.75248E+10  1.20548E+00  1.29525E+03   8.092   7.940
 0.470  8.28770E-02  1.80542E-01 -3.12482E-01 -5.67657E+00 -2.37630E+01 -7.05644E+00   9.478  5.65268E+09  5.34391E+09  4.89607E+09  8.23736E+08  2.63265E+10  2.98554E+00  1.38436E+03   8.088   7.950
 0.480 -3.50834E-01 -9.43698E-01  1.23528E-01  5.91434E+00  4.37183E+01 -3.94873E+00   9.837  5.85395E+09  5.89493E+09  6.01091E+09  8.46008E+08  2.86954E+10  8.15682E+00  1.28616E+03   8.190   7.999
 0.490  1.26213E-01 -7.20585E-01 -1.59714E-01  1.96910E+01  3.53366E+01  3.89563E+00  10.695  5.04468E+09  4.77316E+09  6.51538E+09  8.92657E+08  3.08198E+10  3.62296E+00  1.34906E+03   8.196   8.030
 0.500 -1.99081E-01  1.05792E-01  5.97788E-01 -9.17150E+00 -2.65182E+00  1.38723E-01  10.391  4.18873E+09  3.98165E+09  6.94105E+09  9.01426E+08  3.09834E+10  3.54455E+00  1.42352E+03   8.251   8.057
