  34
 0.170        10814 -0.81068E-02  0.16937E-01  0.81791E-02  0.19749E+02  0.16311E+02 -0.12785E+02 -0.57908E+00  0.13973E+00 -0.80321E+00   1.951   1.130
 0.180         5115 -0.53654E-02 -0.31579E-01 -0.29127E-02  0.21918E+01 -0.18010E+02  0.37659E+02 -0.29988E+00 -0.82570E+00 -0.47780E+00   2.298   1.664
 0.190        11192  0.27183E-01  0.33493E-01 -0.32926E-01 -0.36375E+02 -0.35770E+02  0.47675E+02 -0.53450E+00 -0.76379E+00  0.36184E+00   2.515   2.108
 0.200        18355 -0.63013E-02  0.23332E-01 -0.13624E-02  0.28709E+02 -0.41638E+02  0.59701E+01 -0.95280E-01 -0.83982E+00 -0.53443E+00   2.603   1.478
 0.210        10435  0.13056E-01 -0.19316E-01  0.25397E-01 -0.65457E+01  0.87630E+01  0.23309E+02  0.92528E-01 -0.92041E+00  0.37984E+00   2.969   2.265
 0.220        28128  0.39339E-01 -0.21168E-01 -0.59009E-02 -0.72498E+02  0.19654E+02 -0.36197E+01 -0.42403E-01 -0.99188E+00  0.11988E+00   3.127   2.335
 0.230           34 -0.28012E-01 -0.12733E-01  0.23506E-01 -0.12752E+02 -0.10486E+02 -0.12358E+02 -0.49651E-01 -0.89799E+00 -0.43720E+00   3.377   1.741
 0.240        10451  0.18602E-01  0.13900E-01 -0.11345E-01 -0.29111E+02 -0.94865E+01  0.28084E+02 -0.40061E+00 -0.82538E+00 -0.39783E+00   3.601   2.539
 0.250          148  0.10646E-01 -0.23420E-02  0.21504E-01  0.29877E+02 -0.20672E+02  0.51600E+02  0.16402E+00  0.91819E+00  0.36060E+00   3.731   2.582
 0.260        15557 -0.59776E-02 -0.43614E-01  0.19925E-02  0.10068E+03  0.45226E+02 -0.19885E+02 -0.16745E+00  0.98326E+00  0.71776E-01   4.176   2.861
 0.270        42115 -0.45985E-03  0.17244E-01  0.16095E-01 -0.37499E+02 -0.45569E+01  0.47636E+02 -0.35149E+00  0.92222E+00  0.16114E+00   4.770   2.136
 0.280        24461  0.42923E-02 -0.95384E-03  0.23846E-03 -0.41026E+02 -0.68523E+01  0.37741E+02 -0.72632E+00  0.53741E+00  0.42854E+00   4.753   3.981
 0.290        53568 -0.56800E-02  0.37043E-02 -0.28276E-01  0.68372E+01  0.12748E+02  0.40304E+02 -0.99522E+00 -0.57361E-01 -0.79048E-01   4.806   2.561
 0.300        41187  0.16860E-01  0.31420E-01  0.14944E-01  0.99170E+01  0.11854E+02  0.24232E+02 -0.86058E+00  0.23177E+00  0.45352E+00   6.378   3.825
 0.310        10819  0.15838E-02 -0.24813E-01  0.13198E-02 -0.30604E+01 -0.90715E+01  0.13872E+02 -0.60524E+00  0.76608E+00  0.21633E+00   6.072   4.482
 0.320        42100 -0.22617E-01  0.33516E-01 -0.14442E-01 -0.62082E+02 -0.87129E+01  0.16265E+02 -0.70125E+00  0.68132E+00  0.20989E+00   5.457   3.064
 0.330        10825  0.28381E-01  0.64630E-02 -0.10257E-01 -0.27245E+02  0.50269E+02 -0.20019E+02  0.20023E-01  0.97706E+00 -0.21202E+00   6.632   4.939
 0.340        10819 -0.24322E-01  0.12740E-01 -0.28521E-01  0.38213E+02 -0.60316E+01 -0.15567E+01  0.46550E-01  0.60843E+00 -0.79224E+00   6.976   4.427
 0.350        32572  0.14011E-01  0.68565E-02  0.15353E-01 -0.22000E+02  0.68297E+02 -0.31355E+02  0.15309E+00  0.35736E+00 -0.92134E+00   6.702   3.958
 0.360        36532 -0.16862E-01 -0.11344E-01  0.12263E-02  0.29361E+02  0.12332E+02  0.56688E+02  0.69970E-01  0.44670E+00 -0.89194E+00   7.305   4.178
 0.370       122506  0.17645E-01  0.22371E-01  0.19220E-01  0.19963E+02  0.11804E+02  0.47565E+02 -0.34574E+00  0.41563E+00 -0.84126E+00   7.658   4.147
 0.380        64785  0.34625E-01  0.29771E-01 -0.20225E-01 -0.17382E+02  0.11137E+02  0.39250E+02 -0.36680E+00  0.57758E+00 -0.72929E+00   9.110   5.286
 0.390        96449  0.16938E-01 -0.17602E-01  0.10960E-01  0.11476E+03  0.23642E+02 -0.54523E+01 -0.37440E+00  0.58375E+00 -0.72046E+00   7.565   5.321
 0.400       150026  0.98781E-02  0.10559E-01 -0.85156E-02 -0.17632E+02  0.72215E+02 -0.89685E+02 -0.88188E+00  0.33876E+00 -0.32792E+00   9.815   6.477
 0.410       239116  0.73327E-02 -0.55869E-02  0.80311E-02  0.88452E+01  0.35469E+02 -0.42699E+02 -0.89134E+00  0.25499E+00  0.37482E+00  10.603   7.552
 0.420       238669  0.00000E+00  0.21461E-02  0.35768E-03  0.38969E+02 -0.42725E+02 -0.28276E+02 -0.80482E+00  0.23773E+00  0.54383E+00   7.810   4.618
 0.430       238304  0.14647E-01 -0.40279E-02  0.00000E+00 -0.31194E+01  0.16942E+02 -0.16110E+02 -0.78618E+00 -0.75720E-01  0.61334E+00   9.047   5.042
 0.440       261660 -0.22482E-02  0.13114E-01 -0.41216E-02  0.33889E-01 -0.90344E+01 -0.67456E+01 -0.80034E+00  0.24302E+00  0.54808E+00   9.804   4.374
 0.450       230862 -0.53646E-02  0.76638E-03 -0.22991E-02 -0.87277E+01  0.58578E+01  0.29085E+01 -0.80371E+00  0.24994E+00  0.53997E+00  11.212   5.040
 0.460       256512  0.97922E-02 -0.27418E-02 -0.19584E-02 -0.32484E+01  0.11777E+02 -0.20796E+02 -0.81006E+00  0.39369E+00  0.43452E+00  10.365   5.205
 0.470       256374  0.40026E-02  0.10807E-01 -0.10006E-01 -0.37308E+01 -0.23687E+02 -0.27655E+02 -0.88278E+00  0.35421E+00  0.30859E+00   9.478   5.057
 0.480       256615 -0.44962E-02 -0.28612E-02  0.18393E-01  0.23786E+01 -0.20307E+02 -0.93643E+01 -0.97438E+00  0.57455E-01  0.21743E+00   9.837   4.435
 0.490       518581  0.45899E-02 -0.29209E-02 -0.45899E-02 -0.16419E+02 -0.22400E+02 -0.43211E+01 -0.93885E+00 -0.12079E+00  0.32246E+00  10.695   6.210
 0.500       495940  0.89407E-02 -0.59605E-02 -0.11069E-01  0.20174E+02  0.41697E+02  0.22381E+02 -0.95989E+00 -0.64953E-01  0.27274E+00  10.391   4.112
