  34
 0.170  1.42500E+01  1.63245E+10  7.01854E+01
 0.180  1.67500E+01  2.26008E+10  7.61709E+01
 0.190  1.92500E+01  2.87292E+10  8.01088E+01
 0.200  2.12500E+01  3.36830E+10  8.25582E+01
 0.210  2.30000E+01  3.64627E+10  8.25648E+01
 0.220  2.50000E+01  4.12216E+10  8.42028E+01
 0.230  2.67500E+01  4.41237E+10  8.42186E+01
 0.240  2.87500E+01  4.86764E+10  8.53246E+01
 0.250  3.15000E+01  5.60267E+10  8.74534E+01
 0.260  3.35000E+01  6.06495E+10  8.82319E+01
 0.270  3.85000E+01  8.19419E+10  9.56658E+01
 0.280  4.30000E+01  1.03298E+11  1.01636E+02
 0.290  4.57500E+01  1.12038E+11  1.02618E+02
 0.300  4.82500E+01  1.19303E+11  1.03112E+02
 0.310  5.07500E+01  1.26421E+11  1.03497E+02
 0.320  5.30000E+01  1.29923E+11  1.02669E+02
 0.330  5.42500E+01  1.27859E+11  1.00670E+02
 0.340  5.65000E+01  1.33092E+11  1.00644E+02
 0.350  5.90000E+01  1.39759E+11  1.00925E+02
 0.360  6.27500E+01  1.55268E+11  1.03150E+02
 0.370  6.90000E+01  1.92050E+11  1.09400E+02
 0.380  7.60000E+01  2.39552E+11  1.16420E+02
 0.390  8.37500E+01  2.97661E+11  1.23624E+02
 0.400  8.92500E+01  3.32439E+11  1.26557E+02
 0.410  9.27500E+01  3.47816E+11  1.26985E+02
 0.420  9.62500E+01  3.59768E+11  1.26778E+02
 0.430  9.92500E+01  3.71946E+11  1.26943E+02
 0.440  1.01750E+02  3.77448E+11  1.26298E+02
 0.450  1.04000E+02  3.79497E+11  1.25263E+02
 0.460  1.05750E+02  3.77749E+11  1.23935E+02
 0.470  1.07000E+02  3.68519E+11  1.21695E+02
 0.480  1.08500E+02  3.63658E+11  1.20051E+02
 0.490  1.11000E+02  3.68440E+11  1.19469E+02
 0.500  1.13250E+02  3.68881E+11  1.18347E+02
