  34
 0.170   1.951  3.05515E-02  2.28830E-02  6.31436E-02
 0.180   2.298  3.25612E-01  3.70435E-01  2.38002E-01
 0.190   2.515  1.38331E-01  1.30919E-01  1.66555E-01
 0.200   2.603  4.57936E-01  5.33110E-01  3.43520E-01
 0.210   2.969  3.48896E-01  3.11364E-01  4.03497E-01
 0.220   3.127  2.22463E-02  2.57010E-02  2.49175E-02
 0.230   3.377  3.66861E-01  4.30984E-01  2.55985E-01
 0.240   3.601  2.29322E-01  2.15786E-01  2.87051E-01
 0.250   3.731  5.64712E-01  5.33679E-01  4.97817E-01
 0.260   4.176  6.47045E-02  6.23240E-02  8.11558E-02
 0.270   4.770  2.35874E-01  2.62854E-01  1.72392E-01
 0.280   4.753  3.88855E-01  4.06679E-01  3.70854E-01
 0.290   4.806  7.18508E-01  7.78401E-01  5.80884E-01
 0.300   6.378  3.71956E-01  3.71645E-01  4.34619E-01
 0.310   6.072  3.01049E-01  3.18759E-01  2.66624E-01
 0.320   5.457  6.46102E-01  6.76189E-01  5.84671E-01
 0.330   6.632  1.34090E+00  1.45572E+00  1.05089E+00
 0.340   6.976  2.81027E-01  2.46273E-01  4.46161E-01
 0.350   6.702  1.79396E+00  1.90294E+00  1.50854E+00
 0.360   7.305  7.11117E-01  6.88845E-01  8.68828E-01
 0.370   7.658  1.12530E+00  1.06076E+00  1.16762E+00
 0.380   9.110  9.20899E-01  8.90227E-01  9.35636E-01
 0.390   7.565  1.76926E+00  1.93469E+00  1.42317E+00
 0.400   9.815  6.14428E+00  3.65473E+00  1.21371E+01
 0.410  10.603  7.08161E-01  8.30848E-01  5.36152E-01
 0.420   7.810  2.62086E+00  2.79603E+00  2.25175E+00
 0.430   9.047  2.23569E+00  2.14636E+00  2.32474E+00
 0.440   9.804  2.55500E+00  2.65439E+00  2.25032E+00
 0.450  11.212  3.47042E+00  3.22798E+00  3.75527E+00
 0.460  10.365  1.20548E+00  1.21958E+00  1.20084E+00
 0.470   9.478  2.98554E+00  3.25100E+00  2.47191E+00
 0.480   9.837  8.15682E+00  8.00376E+00  8.43554E+00
 0.490  10.695  3.62296E+00  3.86709E+00  3.34668E+00
 0.500  10.391  3.54455E+00  3.44884E+00  3.51411E+00
