  23
 0.110       857698        14939       388409
 0.120      1532580        26062       701526
 0.130      2245547        48433      1033681
 0.140      2952312        87070      1372430
 0.150      3789363       125609      1795632
 0.160      4739450       181508      2213441
 0.170      5401857       238802      2584362
 0.180      6571139       282190      3099297
 0.190      7280178       360366      3488636
 0.200      8173426       451526      3870096
 0.210      9043078       583813      4286797
 0.220      9984659       697346      4637979
 0.230     10592631       835227      5018942
 0.240     11423010       970283      5480073
 0.250     12706177      1179182      6220377
 0.260     13873483      1335046      6756077
 0.270     14969593      1456937      7311718
 0.280     16078029      1549101      7939667
 0.290     17464567      1641367      8603951
 0.300     20525185      1795440     10166713
 0.310     24156891      1935631     11873076
 0.320     25965811      2104576     12807699
 0.330     29234426      2337019     14253586
