  44
 0.130   1.465   0.991  8.27022E-02  7.77547E-02  7.37717E-02
 0.140   1.737   1.170  3.34190E-02  3.77227E-02  2.58611E-02
 0.150   1.824   0.973  2.49678E-01  2.51027E-01  1.87277E-01
 0.160   2.517   1.267  2.85338E-02  3.60595E-02  2.65617E-02
 0.170   3.393   2.441  6.62081E-01  6.06506E-01  6.15194E-01
 0.180   4.001   2.650  2.00414E-01  2.37946E-01  1.49616E-01
 0.190   2.696   1.844  1.74919E-01  1.69602E-01  1.46785E-01
 0.200   4.275   2.547  9.79801E-01  1.14973E+00  7.97178E-01
 0.210   5.444   3.580  9.78262E-01  1.05161E+00  7.78874E-01
 0.220   4.631   1.804  1.62637E+00  1.84534E+00  1.32647E+00
 0.230   4.630   1.794  8.04950E-01  8.14171E-01  7.16374E-01
 0.240   3.664   1.413  1.76767E+00  1.73376E+00  2.01021E+00
 0.250   4.481   1.001  1.20685E+01  1.33570E+01  9.47682E+00
 0.260   3.735   0.784  9.94587E+00  9.08547E+00  1.22055E+01
 0.270   5.399   2.099  4.75100E+00  4.61780E+00  5.01928E+00
 0.280   6.234   1.436  2.92561E+00  2.99257E+00  2.72437E+00
 0.290   7.218   2.207  3.85891E+00  4.12029E+00  3.18420E+00
 0.300   6.933   1.802  4.36717E+00  4.58080E+00  4.12152E+00
 0.310   7.415   1.336  3.04867E+00  3.01055E+00  3.08458E+00
 0.320   6.916   1.917  3.70643E+00  3.57189E+00  4.05941E+00
 0.330   6.373   2.033  4.13039E+00  4.15099E+00  4.14310E+00
 0.340   5.633   1.307  4.68890E+00  4.50411E+00  4.72216E+00
 0.350   7.545   3.095  2.71031E+00  2.40444E+00  3.27942E+00
 0.360   6.026   1.530  2.64806E+00  2.49131E+00  2.84106E+00
 0.370   6.327   2.336  2.84569E+00  2.78309E+00  2.89994E+00
 0.380   6.504   2.394  3.86108E+00  3.73065E+00  3.78712E+00
 0.390   7.090   1.833  5.89802E+00  5.78781E+00  5.90705E+00
 0.400   6.427   1.593  6.00828E+00  5.83315E+00  5.98317E+00
 0.410   6.012   1.348  3.67444E+00  3.61431E+00  3.87324E+00
 0.420   5.727   1.629  3.00200E+00  3.24322E+00  2.91891E+00
 0.430   5.205   1.679  5.62524E+00  5.60306E+00  5.66125E+00
 0.440   4.740   1.011  6.36887E+00  6.59687E+00  5.97234E+00
 0.450   3.637   0.604  6.73133E+00  6.24787E+00  7.67428E+00
 0.460   3.104   0.757  3.12135E+00  3.28413E+00  3.01126E+00
 0.470  13.915   5.350  9.28263E-02  9.86327E-02  1.00489E-01
 0.480  17.614   8.139  5.56615E-02  5.87492E-02  6.91995E-02
 0.490  14.744   5.528  2.37499E-01  2.53501E-01  2.30640E-01
 0.500  16.121   4.649  2.22418E+00  2.40157E+00  2.00112E+00
 0.510  12.024   2.790  4.53733E+00  4.81142E+00  4.01510E+00
 0.520  14.094   3.107  4.21240E+00  4.05656E+00  4.81562E+00
 0.530  11.761   2.332  4.10306E+00  4.08429E+00  3.83076E+00
 0.540  13.121   3.324  2.36811E+00  2.27245E+00  2.95706E+00
 0.550  13.029   2.652  3.21662E+00  3.19943E+00  3.43300E+00
 0.560  13.128   2.414  5.04214E+00  4.73005E+00  5.15321E+00
