  44
 0.130  11.000   1.465  1.69895E+10  1.20212E+09  1.57142E+08  1.85744E+08  1.56302E+10  1.83296E+07  5.22591E+07  6.12727E+07  7.47496E+08  1.09406E+09  1.56613E+08  1.85094E+08  1.47594E+10  6.24364E+07  6.98593E+07  8.18478E+07  1.14847E+09
 0.140  13.000   1.737  2.22962E+10  1.49883E+09  1.79087E+08  2.17605E+08  2.06183E+10  8.23544E+07  7.22350E+07  8.71392E+07  9.27158E+08  1.08612E+09  1.72290E+08  2.09242E+08  1.56295E+10  1.54437E+08  9.38774E+07  1.13244E+08  1.48701E+09
 0.150  15.000   1.824  2.77445E+10  2.12464E+09  2.68344E+08  3.22440E+08  2.53515E+10  1.69566E+08  1.19795E+08  1.41874E+08  1.33903E+09  1.37932E+09  2.63520E+08  3.16386E+08  1.72644E+10  2.10385E+08  1.47865E+08  1.75725E+08  1.85199E+09
 0.160  18.750   2.517  4.55673E+10  4.49513E+09  3.37018E+08  4.11619E+08  4.07352E+10  1.44866E+08  1.79055E+08  2.17866E+08  1.99424E+09  2.17209E+09  3.17836E+08  3.88043E+08  2.09789E+10  3.09325E+08  2.18838E+08  2.66722E+08  3.17364E+09
 0.170  25.000   3.393  8.88359E+10  1.00676E+10  1.06940E+09  1.28095E+09  7.76989E+10  2.92421E+08  3.78605E+08  4.54564E+08  3.69940E+09  3.55505E+09  6.63946E+08  7.87499E+08  2.61685E+10  5.22031E+08  4.40267E+08  5.28248E+08  6.09478E+09
 0.180  29.500   4.001  1.24542E+11  1.34159E+10  1.65887E+09  1.99845E+09  1.09468E+11  6.08662E+08  4.79505E+08  5.88348E+08  5.07867E+09  5.33469E+09  1.43262E+09  1.72141E+09  3.84751E+10  1.06949E+09  5.52623E+08  6.76895E+08  8.26045E+09
 0.190  34.750   2.696  1.71554E+11  1.70441E+10  2.73113E+09  3.29063E+09  1.51779E+11  1.06031E+09  1.08794E+09  1.29867E+09  8.34999E+09  4.82822E+09  1.53900E+09  1.83727E+09  3.62532E+10  8.39446E+08  9.64377E+08  1.15047E+09  5.79258E+09
 0.200  39.000   4.275  2.08343E+11  1.94770E+10  4.29659E+09  5.18280E+09  1.84570E+11  2.25274E+09  1.96075E+09  2.37839E+09  1.20081E+10  8.21543E+09  3.51519E+09  4.23897E+09  5.10388E+10  2.61424E+09  2.19146E+09  2.66106E+09  1.42148E+10
 0.210  42.000   5.444  2.24662E+11  1.86819E+10  5.58905E+09  6.83286E+09  2.00391E+11  1.90538E+09  2.75238E+09  3.38139E+09  1.15538E+10  6.93360E+09  4.56473E+09  5.56680E+09  4.28024E+10  2.94138E+09  3.28475E+09  4.02245E+09  1.73924E+10
 0.220  44.500   4.631  2.31440E+11  1.66783E+10  7.12903E+09  8.76829E+09  2.07632E+11  2.63256E+09  4.64453E+09  5.66325E+09  1.56574E+10  6.28854E+09  6.09280E+09  7.46140E+09  4.37094E+10  2.76671E+09  4.72588E+09  5.76287E+09  1.65069E+10
 0.230  45.750   4.630  2.21205E+11  1.49241E+10  8.54899E+09  1.06250E+10  1.97732E+11  1.84096E+09  6.08732E+09  7.50495E+09  1.66005E+10  4.39092E+09  7.60083E+09  9.41553E+09  4.51915E+10  1.86206E+09  6.11395E+09  7.53844E+09  1.68671E+10
 0.240  48.000   3.664  2.23632E+11  1.49299E+10  9.61335E+09  1.20966E+10  1.99089E+11  1.91705E+09  7.26513E+09  9.08585E+09  1.84268E+10  4.66212E+09  8.73115E+09  1.09584E+10  4.50713E+10  1.50604E+09  6.66024E+09  8.31517E+09  1.30455E+10
 0.250  50.500   4.481  2.33264E+11  1.40917E+10  1.15462E+10  1.45111E+10  2.07626E+11  3.04543E+09  9.34271E+09  1.16756E+10  2.24527E+10  5.21604E+09  1.06783E+10  1.33797E+10  5.01401E+10  2.71314E+09  9.04831E+09  1.13017E+10  1.93209E+10
 0.260  53.500   3.735  2.46599E+11  1.24894E+10  1.32015E+10  1.67548E+10  2.20908E+11  1.79631E+09  1.11163E+10  1.40336E+10  2.43262E+10  3.00787E+09  1.23615E+10  1.56518E+10  5.09660E+10  1.29995E+09  1.01250E+10  1.27543E+10  1.52961E+10
 0.270  56.250   5.399  2.57138E+11  1.23744E+10  1.37153E+10  1.76575E+10  2.31048E+11  1.85511E+09  1.16179E+10  1.48947E+10  2.53042E+10  3.61584E+09  1.28200E+10  1.64715E+10  5.01819E+10  1.74399E+09  1.15127E+10  1.47576E+10  2.40390E+10
 0.280  58.500   6.234  2.59075E+11  1.26931E+10  1.41437E+10  1.83949E+10  2.32238E+11  1.74520E+09  1.21482E+10  1.57558E+10  2.68551E+10  3.55503E+09  1.32673E+10  1.72316E+10  4.96751E+10  1.90286E+09  1.23012E+10  1.59569E+10  2.89961E+10
 0.290  61.750   7.218  2.74114E+11  1.37964E+10  1.46569E+10  1.91883E+10  2.45661E+11  2.91982E+09  1.26489E+10  1.65316E+10  2.82014E+10  4.98975E+09  1.37504E+10  1.79764E+10  4.87778E+10  3.46935E+09  1.30622E+10  1.70720E+10  3.39488E+10
 0.300  64.750   6.933  2.88472E+11  1.46634E+10  1.52300E+10  2.00436E+10  2.58578E+11  2.29165E+09  1.32300E+10  1.73752E+10  3.01375E+10  3.64700E+09  1.42846E+10  1.87731E+10  5.00699E+10  2.53652E+09  1.34399E+10  1.76521E+10  3.27618E+10
 0.310  68.500   7.415  3.09275E+11  1.52720E+10  1.56042E+10  2.06731E+10  2.78398E+11  2.83833E+09  1.38617E+10  1.83311E+10  3.36401E+10  4.29214E+09  1.47011E+10  1.94539E+10  5.21146E+10  3.11012E+09  1.40642E+10  1.86007E+10  3.69595E+10
 0.320  72.250   6.916  3.30872E+11  1.60512E+10  1.61552E+10  2.14792E+10  2.98665E+11  3.03427E+09  1.45041E+10  1.92535E+10  3.60640E+10  4.16668E+09  1.52554E+10  2.02609E+10  5.29936E+10  2.84463E+09  1.43687E+10  1.90736E+10  3.41812E+10
 0.330  76.000   6.373  3.55157E+11  1.66933E+10  1.66560E+10  2.22205E+10  3.21808E+11  3.51439E+09  1.51383E+10  2.01629E+10  3.83494E+10  4.28929E+09  1.57486E+10  2.09868E+10  5.28307E+10  2.99984E+09  1.45581E+10  1.93872E+10  3.08809E+10
 0.340  80.500   5.633  3.85606E+11  1.68972E+10  1.72326E+10  2.30512E+10  3.51476E+11  3.28820E+09  1.58763E+10  2.12046E+10  4.06600E+10  3.76572E+09  1.63231E+10  2.18113E+10  5.21708E+10  2.41551E+09  1.45834E+10  1.94755E+10  2.63184E+10
 0.350  85.250   7.545  4.17432E+11  1.75537E+10  1.76788E+10  2.37398E+10  3.82200E+11  3.02736E+09  1.63784E+10  2.19661E+10  4.39061E+10  3.46669E+09  1.67106E+10  2.24176E+10  5.27920E+10  2.64052E+09  1.60536E+10  2.15259E+10  3.79972E+10
 0.360  89.250   6.026  4.43996E+11  1.79894E+10  1.80443E+10  2.43168E+10  4.07962E+11  2.66797E+09  1.68036E+10  2.26217E+10  4.62275E+10  2.92479E+09  1.70376E+10  2.29413E+10  5.25985E+10  1.85730E+09  1.55495E+10  2.09203E+10  2.90419E+10
 0.370  94.500   6.327  4.87071E+11  1.98464E+10  1.84422E+10  2.49247E+10  4.48782E+11  3.36179E+09  1.71870E+10  2.32056E+10  4.87363E+10  3.49984E+09  1.73120E+10  2.33765E+10  5.21008E+10  2.09621E+09  1.57154E+10  2.12064E+10  2.94190E+10
 0.380 100.750   6.504  5.49842E+11  2.59953E+10  1.91304E+10  2.58871E+10  5.04716E+11  3.95987E+09  1.78305E+10  2.41162E+10  5.37726E+10  3.94115E+09  1.78164E+10  2.40967E+10  5.33157E+10  2.65875E+09  1.64427E+10  2.22228E+10  3.15752E+10
 0.390 105.000   7.090  5.75945E+11  2.71114E+10  1.98287E+10  2.68158E+10  5.29005E+11  4.66121E+09  1.85611E+10  2.50894E+10  5.68096E+10  4.53225E+09  1.84704E+10  2.49645E+10  5.37304E+10  3.39787E+09  1.74484E+10  2.35656E+10  3.56903E+10
 0.400 109.500   6.427  6.06916E+11  2.77108E+10  2.06033E+10  2.78726E+10  5.58602E+11  4.42760E+09  1.93654E+10  2.61817E+10  6.21411E+10  4.22028E+09  1.92057E+10  2.59611E+10  5.58306E+10  3.04780E+09  1.78502E+10  2.41068E+10  3.22572E+10
 0.410 113.750   6.012  6.35226E+11  2.86428E+10  2.11629E+10  2.86936E+10  5.85420E+11  3.53535E+09  1.99669E+10  2.70580E+10  6.50638E+10  3.21309E+09  1.97458E+10  2.67520E+10  5.59698E+10  2.02068E+09  1.78254E+10  2.41205E+10  2.97115E+10
 0.420 117.500   5.727  6.57018E+11  2.98173E+10  2.15041E+10  2.92388E+10  6.05696E+11  4.68340E+09  2.03319E+10  2.76296E+10  6.52503E+10  4.11235E+09  2.00491E+10  2.72378E+10  5.41766E+10  2.64181E+09  1.79489E+10  2.43488E+10  2.73700E+10
 0.430 123.000   5.205  7.03590E+11  3.16947E+10  2.25232E+10  3.05802E+10  6.49372E+11  4.05394E+09  2.12786E+10  2.88794E+10  7.12777E+10  3.57997E+09  2.09207E+10  2.83844E+10  5.62714E+10  2.18472E+09  1.80824E+10  2.44857E+10  2.52467E+10
 0.440 127.500   4.740  7.34852E+11  3.25930E+10  2.33221E+10  3.16749E+10  6.78937E+11  4.12493E+09  2.21220E+10  3.00231E+10  7.52263E+10  3.48920E+09  2.16887E+10  2.94228E+10  5.64395E+10  2.04742E+09  1.79609E+10  2.42957E+10  2.21100E+10
 0.450 133.000   3.637  7.80019E+11  3.45948E+10  2.46262E+10  3.33914E+10  7.20798E+11  3.22378E+09  2.33755E+10  3.16713E+10  8.08384E+10  2.49734E+09  2.29270E+10  3.10472E+10  5.79075E+10  1.17120E+09  1.61848E+10  2.17889E+10  1.55169E+10
 0.460 136.000   3.104  7.84904E+11  3.54347E+10  2.50990E+10  3.41491E+10  7.24370E+11  1.86753E+09  2.38335E+10  3.24032E+10  7.96765E+10  1.40717E+09  2.33597E+10  3.17432E+10  5.58782E+10  7.85377E+08  1.43875E+10  1.94034E+10  1.19604E+10
 0.470 138.500  13.915  7.81210E+11  3.57843E+10  2.53414E+10  3.46134E+10  7.20084E+11  1.58910E+09  2.41038E+10  3.29053E+10  8.34682E+10  1.00897E+09  2.35891E+10  3.21879E+10  5.74365E+10  1.60445E+09  2.41104E+10  3.29144E+10  8.39181E+10
 0.480 141.250  17.614  7.86274E+11  3.62628E+10  2.52988E+10  3.47155E+10  7.24712E+11  2.80529E+09  2.40819E+10  3.30305E+10  8.53518E+10  9.30771E+08  2.35186E+10  3.22445E+10  5.65002E+10  4.06992E+09  2.43206E+10  3.33629E+10  1.09872E+11
 0.490 143.750  14.744  7.81685E+11  3.66763E+10  2.52791E+10  3.48092E+10  7.19729E+11  6.16062E+09  2.40772E+10  3.31408E+10  8.62549E+10  2.82176E+09  2.34756E+10  3.23032E+10  5.67364E+10  6.41644E+09  2.41023E+10  3.31758E+10  8.87258E+10
 0.500 145.500  16.121  7.70392E+11  3.70602E+10  2.54152E+10  3.50278E+10  7.07917E+11  7.81599E+09  2.43509E+10  3.35481E+10  8.70386E+10  4.16117E+09  2.36882E+10  3.26340E+10  5.64169E+10  9.03041E+09  2.44612E+10  3.36989E+10  9.73517E+10
 0.510 147.500  12.024  7.66051E+11  3.70627E+10  2.59833E+10  3.57877E+10  7.03005E+11  9.44494E+09  2.49574E+10  3.43570E+10  9.09223E+10  5.73000E+09  2.42625E+10  3.33988E+10  5.81574E+10  7.55802E+09  2.46595E+10  3.39473E+10  7.22307E+10
 0.520 150.000  14.094  7.66285E+11  3.60993E+10  2.69493E+10  3.70345E+10  7.03236E+11  1.06374E+10  2.59309E+10  3.56106E+10  9.31798E+10  5.58763E+09  2.50339E+10  3.43992E+10  5.84678E+10  9.95700E+09  2.58449E+10  3.54935E+10  8.70141E+10
 0.530 152.250  11.761  7.61041E+11  3.44582E+10  2.77193E+10  3.81034E+10  6.98863E+11  1.10712E+10  2.66773E+10  3.66445E+10  9.35867E+10  6.32687E+09  2.56639E+10  3.52736E+10  5.78380E+10  8.44335E+09  2.61881E+10  3.59791E+10  7.00325E+10
 0.540 154.500  13.121  7.55753E+11  3.23872E+10  2.84209E+10  3.91084E+10  6.94945E+11  9.00472E+09  2.73867E+10  3.76591E+10  9.52282E+10  4.81354E+09  2.61090E+10  3.59513E+10  5.78657E+10  7.67816E+09  2.70783E+10  3.72463E+10  7.96030E+10
 0.550 156.750  13.029  7.52461E+11  3.04832E+10  2.88931E+10  3.98252E+10  6.93085E+11  9.40195E+09  2.80715E+10  3.86767E+10  9.66768E+10  4.59828E+09  2.65607E+10  3.66401E+10  5.79973E+10  7.83263E+09  2.76970E+10  3.81685E+10  7.91040E+10
 0.560 159.000  13.128  7.49916E+11  2.86263E+10  2.94696E+10  4.06396E+10  6.91820E+11  9.31384E+09  2.84577E+10  3.92164E+10  9.74183E+10  4.23905E+09  2.68314E+10  3.70494E+10  5.74195E+10  7.50267E+09  2.80684E+10  3.86938E+10  7.91024E+10
