  44
 0.130  1.10000E+01  1.69895E+10  8.14945E+01
 0.140  1.30000E+01  2.22962E+10  8.58772E+01
 0.150  1.50000E+01  2.77445E+10  8.91820E+01
 0.160  1.87500E+01  4.55673E+10  1.02226E+02
 0.170  2.50000E+01  8.88359E+10  1.23611E+02
 0.180  2.95000E+01  1.24542E+11  1.34735E+02
 0.190  3.47500E+01  1.71554E+11  1.45699E+02
 0.200  3.90000E+01  2.08343E+11  1.51562E+02
 0.210  4.20000E+01  2.24662E+11  1.51661E+02
 0.220  4.45000E+01  2.31440E+11  1.49545E+02
 0.230  4.57500E+01  2.21205E+11  1.44190E+02
 0.240  4.80000E+01  2.23632E+11  1.41540E+02
 0.250  5.05000E+01  2.33264E+11  1.40933E+02
 0.260  5.35000E+01  2.46599E+11  1.40784E+02
 0.270  5.62500E+01  2.57138E+11  1.40203E+02
 0.280  5.85000E+01  2.59075E+11  1.37997E+02
 0.290  6.17500E+01  2.74114E+11  1.38160E+02
 0.300  6.47500E+01  2.88472E+11  1.38410E+02
 0.310  6.85000E+01  3.09275E+11  1.39335E+02
 0.320  7.22500E+01  3.30872E+11  1.40328E+02
 0.330  7.60000E+01  3.55157E+11  1.41755E+02
 0.340  8.05000E+01  3.85606E+11  1.43519E+02
 0.350  8.52500E+01  4.17432E+11  1.45104E+02
 0.360  8.92500E+01  4.43996E+11  1.46258E+02
 0.370  9.45000E+01  4.87071E+11  1.48872E+02
 0.380  1.00750E+02  5.49842E+11  1.53190E+02
 0.390  1.05000E+02  5.75945E+11  1.53578E+02
 0.400  1.09500E+02  6.06916E+11  1.54380E+02
 0.410  1.13750E+02  6.35226E+11  1.54961E+02
 0.420  1.17500E+02  6.57018E+11  1.55061E+02
 0.430  1.23000E+02  7.03590E+11  1.56834E+02
 0.440  1.27500E+02  7.34852E+11  1.57427E+02
 0.450  1.33000E+02  7.80019E+11  1.58804E+02
 0.460  1.36000E+02  7.84904E+11  1.57534E+02
 0.470  1.38500E+02  7.81210E+11  1.55738E+02
 0.480  1.41250E+02  7.86274E+11  1.54713E+02
 0.490  1.43750E+02  7.81685E+11  1.52914E+02
 0.500  1.45500E+02  7.70392E+11  1.50889E+02
 0.510  1.47500E+02  7.66051E+11  1.49440E+02
 0.520  1.50000E+02  7.66285E+11  1.48212E+02
 0.530  1.52250E+02  7.61041E+11  1.46609E+02
 0.540  1.54500E+02  7.55753E+11  1.45031E+02
 0.550  1.56750E+02  7.52461E+11  1.43672E+02
 0.560  1.59000E+02  7.49916E+11  1.42411E+02
