  44
 0.130  4.53373E-02  4.15764E-03 -4.91261E-01  3.31887E+01 -6.02475E+00  3.06793E+01 -3.46527E-02 -9.79279E-01  1.99528E-01  2.62019E+01   1.465   0.991  6.36145E+07  6.46171E+07  8.45992E+06  0.00000E+00  7.18315E+07  8.27022E-02  8.34993E+01   7.793   7.595
 0.140  2.70272E-02 -2.42251E-01 -4.93372E-02  3.60578E+01  6.68666E+00  4.53415E+00  8.46010E-02 -5.77904E-02  9.94738E-01  4.76947E+01   1.737   1.170  1.50535E+08  1.42539E+08  7.29648E+06  1.92946E+06  9.31149E+07  3.34190E-02  1.52735E+02   7.605   7.504
 0.150  7.06746E-02 -1.28196E-02 -1.66633E-01  3.84930E+00 -4.67814E+00 -7.15744E+00 -4.04777E-01 -7.13939E-03  9.14388E-01  2.32713E+01   1.824   0.973  1.90084E+08  1.96126E+08  2.26999E+07  1.56960E+06  1.47321E+08  2.49678E-01  1.00709E+02   7.757   7.562
 0.160 -1.84833E-01  6.78533E-02  1.54393E-01 -1.71037E+00  1.92934E+01  1.46016E+00 -3.35709E-01 -3.11089E-01 -8.89113E-01  4.21211E+01   2.517   1.267  2.96261E+08  2.80813E+08  2.57929E+07  8.13990E+06  3.94741E+08  2.85338E-02  3.34830E+02   7.720   7.523
 0.170 -4.23686E-01 -4.35085E-01  9.32452E-02 -2.14111E+00 -5.87807E+00  1.52568E+00  2.81644E-01  2.36913E-01 -9.29811E-01  7.50685E+01   3.393   2.441  5.31341E+08  5.23079E+08  9.50516E+07  1.56013E+07  8.34209E+08  6.62081E-01  1.90174E+02   7.918   7.656
 0.180 -7.45123E-01  6.31086E-01 -1.49703E-01 -2.92705E+01  2.44000E+01  3.67593E+01  4.37436E-01  7.23240E-01 -5.34392E-01  1.85019E+02   4.001   2.650  1.08334E+09  1.01074E+09  4.95829E+07  1.07024E+07  7.22638E+08  2.00414E-01  2.47515E+02   7.755   7.708
 0.190  2.50604E-02 -3.15126E-01  1.60326E-01 -2.63972E+01  3.83166E+01  1.14396E+01  1.76937E-01  6.41343E-01  7.46574E-01  1.86782E+01   2.696   1.844  8.07779E+08  7.62258E+08  4.24431E+07  4.89029E+06  3.69965E+08  1.74919E-01  3.13477E+02   8.111   7.826
 0.200 -4.00793E-01  4.63865E-01  2.41363E-01 -4.59672E+01  1.14451E+02  4.91605E+01 -2.19448E-01  8.28900E-01 -5.14555E-01  1.91509E+02   4.275   2.547  2.54706E+09  2.43507E+09  1.78072E+08  3.05225E+07  1.28756E+09  9.79801E-01  2.27613E+02   7.957   7.942
 0.210 -8.67678E-01  8.74802E-01  6.07972E-01  1.58742E+01 -1.38980E+01 -5.81625E+01 -6.45520E-01  3.79562E-01 -6.62749E-01  1.24416E+02   5.444   3.580  3.00172E+09  2.81127E+09  2.33645E+08  5.74006E+07  1.60183E+09  9.78262E-01  3.02472E+02   8.080   7.962
 0.220 -1.46260E-01  1.55913E-01 -8.32362E-02  1.06278E+01  5.76370E+01 -1.13810E+01  1.19409E-01  4.94872E-01 -8.60723E-01  1.18649E+02   4.631   1.804  2.37761E+09  2.34579E+09  3.31198E+08  7.05367E+07  1.16452E+09  1.62637E+00  2.85554E+02   8.343   8.073
 0.230 -1.35159E-01  1.05835E-01 -5.75603E-02 -1.98203E-01  1.02402E+01  1.14034E+01  1.71310E-01  5.11616E-01 -8.41963E-01  6.83911E+01   4.630   1.794  1.62115E+09  1.58801E+09  3.18615E+08  6.74598E+07  1.12636E+09  8.04950E-01  3.66048E+02   8.516   8.240
 0.240 -6.11262E-02 -4.72340E-02 -5.74203E-02 -5.55653E+00  1.09660E+01  6.00102E+00 -2.64905E-01  5.45636E-01 -7.95052E-01  9.34170E+01   3.664   1.413  1.30185E+09  1.41252E+09  7.26879E+08  7.60890E+07  8.71123E+08  1.76767E+00  2.82729E+02   8.554   8.596
 0.250  2.27531E-02  4.33223E-01  7.56467E-02  1.35851E+01  5.39476E+00 -7.35419E+00 -2.97201E-01  1.81099E-01 -9.37483E-01  1.55334E+02   4.481   1.001  2.23547E+09  3.00299E+09  1.94333E+09  7.38718E+07  9.49605E+08  1.20685E+01  2.17360E+02   8.443   8.625
 0.260  4.04471E-02 -9.81461E-02 -8.19377E-02  6.67768E+00  2.84575E+00 -6.81726E+00 -7.27233E-01  1.73157E-01 -6.64190E-01  1.69976E+02   3.735   0.784  1.01613E+09  2.06519E+09  3.59590E+09  8.16663E+07  7.91559E+08  9.94587E+00  2.39937E+02   8.721   8.661
 0.270 -3.49042E-04  6.26485E-02  3.80896E-02 -1.06578E+01  1.34667E+01  1.52515E+01 -6.12797E-01  1.12397E-01 -7.82206E-01  3.37713E+02   5.399   2.099  1.54423E+09  1.86179E+09  3.46647E+09  1.76739E+08  1.67191E+09  4.75100E+00  3.39640E+02   8.514   8.659
 0.280  1.79508E-01  1.14184E+00 -1.61290E-01  6.13107E+01  7.13554E+00 -1.30950E+01 -4.44786E-01  4.06419E-03 -8.95628E-01  5.32053E+02   6.234   1.436  1.56607E+09  1.69006E+09  2.11061E+09  1.71769E+08  1.58728E+09  2.92561E+00  4.74153E+02   8.431   8.623
 0.290 -9.94376E-01  4.66060E-01  2.55656E-01  9.49160E+00  2.12319E+01 -2.35274E+01 -4.25346E-01  4.26647E-02 -9.04024E-01  5.16771E+02   7.218   2.207  2.98161E+09  3.03307E+09  2.13724E+09  2.29174E+08  2.24423E+09  3.85891E+00  5.65354E+02   8.290   8.555
 0.300  1.18117E+00  1.42297E-01 -4.15378E-01 -9.63027E+00 -3.16487E+01 -1.13872E+01 -4.42477E-01  1.57081E-01 -8.82915E-01  5.23805E+02   6.933   1.802  2.11765E+09  2.32125E+09  3.01731E+09  2.28129E+08  2.03672E+09  4.36717E+00  5.79793E+02   8.375   8.567
 0.310 -6.57323E-01  3.47487E-01  2.10290E-01  3.03647E+01  3.07391E+01 -9.38453E+00 -3.74867E-01 -1.52431E-02 -9.26953E-01  7.28427E+02   7.415   1.336  2.62666E+09  2.75804E+09  3.04373E+09  2.26866E+08  1.75887E+09  3.04867E+00  6.78424E+02   8.308   8.562
 0.320 -3.12404E-01  3.79457E-01  3.53070E-02 -4.45489E+00  3.28836E+01  1.62085E+01 -3.26059E-01  6.30936E-02 -9.43242E-01  6.22840E+02   6.916   1.917  2.46753E+09  2.64738E+09  3.17198E+09  2.48778E+08  2.15220E+09  3.70643E+00  7.26768E+02   8.310   8.528
 0.330 -5.53359E-01  1.71593E-01  1.32739E-01 -4.11601E+00  4.80618E+01 -1.52043E+00 -4.12564E-01  1.47498E-01 -8.98908E-01  6.77050E+02   6.373   2.033  2.61108E+09  2.81524E+09  3.96018E+09  2.71411E+08  2.13491E+09  4.13039E+00  7.72719E+02   8.303   8.508
 0.340 -1.89744E-01  3.71145E-01  1.79151E-01  7.55528E-01  2.70173E+00  1.14174E+01 -5.93661E-01  1.22380E-01 -7.95355E-01  5.72528E+02   5.633   1.307  2.02979E+09  2.32686E+09  4.32747E+09  2.37163E+08  1.53091E+09  4.68890E+00  8.28035E+02   8.374   8.504
 0.350 -1.01016E-01  6.25170E-01 -1.76871E-01 -3.60038E+00 -4.54316E+00  1.90611E+01 -4.75105E-01  2.23561E-01 -8.51056E-01  5.81803E+02   7.545   3.095  2.31115E+09  2.36823E+09  5.09285E+09  4.32547E+08  2.87085E+09  2.71031E+00  8.86237E+02   8.373   8.468
 0.360 -2.67286E-01 -1.63729E-01 -6.23813E-02 -6.57221E-01  2.67885E+00  4.41268E+00 -5.72415E-01  2.77486E-01 -7.71585E-01  5.81705E+02   6.026   1.530  1.58984E+09  1.73699E+09  4.75175E+09  3.09089E+08  1.79279E+09  2.64806E+00  9.67625E+02   8.426   8.477
 0.370 -2.64593E-01  3.16762E-01  2.27154E-01 -1.82661E+00  1.07056E+01  1.27350E+01 -5.07836E-01  4.22407E-01 -7.50783E-01  6.27805E+02   6.327   2.336  1.88937E+09  1.98325E+09  4.74958E+09  3.39997E+08  2.15303E+09  2.84569E+00  1.04155E+03   8.362   8.459
 0.380 -5.23221E-01  1.52547E-01  2.45307E-01 -5.51147E+00  4.59601E+01  3.40003E+00 -4.08854E-01  3.37197E-01 -8.48019E-01  6.28687E+02   6.504   2.394  2.41925E+09  2.56878E+09  5.28623E+09  3.82058E+08  2.29437E+09  3.86108E+00  1.10626E+03   8.317   8.447
 0.390  1.29743E-01  2.34840E-01 -2.72963E-02  1.12707E+00  9.00660E+00  5.35895E-01 -3.35931E-01  3.76496E-01 -8.63366E-01  6.77276E+02   7.090   1.833  2.85652E+09  3.20176E+09  5.49736E+09  3.70091E+08  2.21164E+09  5.89802E+00  1.12389E+03   8.333   8.438
 0.400 -1.65222E-01  3.32134E-01  2.01496E-01 -4.35517E+00  1.86135E+01 -8.63091E+00 -4.20742E-01  4.19893E-01 -8.04156E-01  6.52140E+02   6.427   1.593  2.55972E+09  2.90770E+09  5.93618E+09  3.27613E+08  1.92291E+09  6.00828E+00  1.14496E+03   8.402   8.443
 0.410 -3.58517E-01 -3.24208E-01 -1.47924E-01 -2.32380E+01  1.42104E+00  1.71223E+01 -4.77772E-01  3.93484E-01 -7.85433E-01  5.83363E+02   6.012   1.348  1.72218E+09  1.95979E+09  5.92612E+09  3.08803E+08  1.68646E+09  3.67444E+00  1.20916E+03   8.476   8.454
 0.420 -3.72230E-02 -5.80625E-01 -9.11286E-02 -3.32889E+01  2.79238E+00  5.03994E+00 -2.89574E-01  3.23975E-01 -9.00659E-01  6.03770E+02   5.727   1.629  2.32368E+09  2.45823E+09  6.44639E+09  3.42850E+08  1.73618E+09  3.00200E+00  1.29956E+03   8.431   8.452
 0.430 -4.62323E-01 -1.87908E-01 -5.67257E-03 -1.33324E+01  9.72838E+00 -1.04135E+01 -3.29529E-01  2.55679E-01 -9.08867E-01  4.29440E+02   5.205   1.679  1.90738E+09  2.28435E+09  6.78161E+09  3.38936E+08  1.73717E+09  5.62524E+00  1.32351E+03   8.481   8.459
 0.440  1.07112E-01  2.32818E-01 -5.71010E-02 -2.44517E+00  7.62800E+00 -7.05526E+00 -3.73255E-01  1.23557E-01 -9.19464E-01  3.82135E+02   4.740   1.011  1.73221E+09  2.16500E+09  6.45448E+09  2.51009E+08  1.21498E+09  6.36887E+00  1.32075E+03   8.517   8.483
 0.450 -1.60066E-01  2.09712E-01  1.05495E-01  2.44427E+01 -5.98969E+00 -1.44809E+01 -4.55420E-01 -5.32946E-02 -8.88680E-01  2.21247E+02   3.637   0.604  9.44082E+08  1.58714E+09  5.32350E+09  1.48729E+08  7.41677E+08  6.73133E+00  1.26651E+03   8.628   8.528
 0.460 -4.79257E-02  6.38353E-02  2.56678E-02  7.21297E+00  1.07246E+01  4.10530E+00 -6.12750E-01 -2.04399E-01 -7.63386E-01  1.17107E+02   3.104   0.757  6.37360E+08  8.84381E+08  4.86507E+09  1.70633E+08  7.14407E+08  3.12135E+00  1.37371E+03   8.684   8.560
 0.470  1.96319E+00 -1.12834E+00  1.79563E+00  1.25157E+01  4.69346E+01  2.12648E+01 -8.19305E-01 -2.09007E-01  5.33906E-01  1.24102E+03  13.915   5.350  1.52144E+09  1.33302E+09  7.77212E+08  2.17253E+08  5.24835E+09  9.28263E-02  3.23550E+03   8.366   8.488
 0.480  6.27855E-01  1.52671E+00  1.43335E+00 -1.53938E+01  5.80108E+00 -7.15619E+00 -7.04557E-01 -1.60081E-01  6.91357E-01  1.94662E+03  17.614   8.139  3.76937E+09  3.27922E+09  7.79096E+08  2.28819E+08  8.17997E+09  5.56615E-02  3.49054E+03   8.105   8.483
 0.490 -1.26627E-01 -2.18545E+00 -8.00383E-01  2.88872E+01 -2.51861E+01  5.30696E+00 -5.88547E-01 -2.17871E-01  7.78553E-01  1.63872E+03  14.744   5.528  5.78568E+09  5.36231E+09  7.52151E+08  2.09838E+08  6.03334E+09  2.37499E-01  3.60664E+03   7.997   8.492
 0.500  1.64771E+00 -9.97564E-01  2.89564E-01  2.72058E+01  8.17752E+00  7.60786E+00 -4.92442E-01 -6.06884E-02  8.68227E-01  1.58136E+03  16.121   4.649  7.91349E+09  7.49379E+09  9.60620E+08  2.04985E+08  6.51821E+09  2.22418E+00  3.00581E+03   7.974   8.429
 0.510 -1.01200E+00  6.66477E-01 -1.72569E-01  8.11144E-01 -2.58067E+01  1.22260E+01 -4.56596E-01  1.39528E-01  8.78665E-01  1.28716E+03  12.024   2.790  6.58318E+09  6.52433E+09  1.34879E+09  1.93383E+08  4.37748E+09  4.53733E+00  2.32700E+03   8.053   8.360
 0.520 -2.07026E+00  2.49062E-01 -1.34136E+00  1.08062E+01 -3.81804E+01  1.28173E+01 -5.08966E-01  1.88465E-01  8.39902E-01  1.50388E+03  14.094   3.107  8.38002E+09  8.21145E+09  1.99559E+09  2.19511E+08  5.38678E+09  4.21240E+00  1.77476E+03   8.087   8.291
 0.530 -8.27303E-01  6.24688E-01 -8.34558E-01 -7.55056E+00 -5.12143E+01  1.37478E+01 -5.32666E-01  2.82901E-01  7.97643E-01  1.45969E+03  11.761   2.332  7.19468E+09  7.16427E+09  2.09829E+09  2.03847E+08  3.91307E+09  4.10306E+00  1.59269E+03   8.135   8.280
 0.540 -4.52828E-01  9.22058E-01 -8.19122E-01 -3.69557E+01 -2.71528E+01 -8.70894E+00 -5.74136E-01  2.33412E-01  7.84785E-01  1.49927E+03  13.121   3.324  6.66503E+09  6.54788E+09  2.91498E+09  3.29545E+08  5.30988E+09  2.36811E+00  1.42752E+03   8.199   8.265
 0.550 -1.10027E+00  2.47494E-01 -1.16015E+00 -2.03251E+01 -4.74311E+01 -4.92096E+00 -6.30922E-01  2.31572E-01  7.40480E-01  1.65607E+03  13.029   2.652  6.66461E+09  6.62677E+09  3.71288E+09  4.35731E+08  4.86816E+09  3.21662E+00  1.34203E+03   8.213   8.280
 0.560 -5.12956E-01  1.49141E+00 -9.84377E-01 -3.68739E+01 -1.58721E+01 -2.92147E+01 -5.93329E-01  1.62013E-01  7.88487E-01  1.70344E+03  13.128   2.414  6.36587E+09  6.42140E+09  4.14020E+09  3.83281E+08  4.40433E+09  5.04214E+00  1.24680E+03   8.252   8.289
