  31
 0.200   3.086   1.435  1.16179E+07  1.39440E+07  1.15373E+07  2.52422E+02  0.00000E+00  0.00000E+00  0.00000E+00  1.16179E+07  1.39440E+07  1.15373E+07
 0.210   3.328   2.234  1.39376E+07  1.67955E+07  1.38263E+07  2.81388E+02  4.36644E+06  5.53938E+06  4.29788E+06  9.57111E+06  1.12561E+07  9.52843E+06
 0.220   3.967   2.448  1.32789E+07  1.49545E+07  1.32301E+07  1.43290E+02  1.45601E+06  1.85167E+06  1.43290E+06  1.18229E+07  1.31028E+07  1.17972E+07
 0.230   4.417   2.604  1.28887E+07  1.59097E+07  1.27426E+07  4.35902E+02  4.53219E+06  5.82352E+06  4.45982E+06  8.35656E+06  1.00862E+07  8.28274E+06
 0.240   4.619   2.792  3.45509E+07  4.27549E+07  3.41988E+07  4.21736E+02  1.31369E+07  1.66286E+07  1.29829E+07  2.14140E+07  2.61263E+07  2.12158E+07
 0.250   4.590   3.400  4.76370E+07  5.87770E+07  4.71684E+07  4.22880E+02  1.62336E+07  2.07001E+07  1.60299E+07  3.14035E+07  3.80769E+07  3.11385E+07
 0.260   4.591   3.613  4.07279E+07  5.06746E+07  4.02736E+07  4.81610E+02  1.68217E+07  2.17142E+07  1.65301E+07  2.39061E+07  2.89604E+07  2.37435E+07
 0.270   5.450   4.240  1.59690E+08  2.01144E+08  1.57639E+08  5.73931E+02  4.83445E+07  6.32431E+07  4.73601E+07  1.11345E+08  1.37901E+08  1.10279E+08
 0.280   5.140   3.406  9.52654E+07  1.14143E+08  9.46819E+07  3.18165E+02  2.03810E+07  2.63902E+07  2.00911E+07  7.48844E+07  8.77526E+07  7.45908E+07
 0.290   4.830   3.624  8.60589E+07  1.05835E+08  8.55112E+07  3.56049E+02  1.37672E+07  1.77838E+07  1.35558E+07  7.22916E+07  8.80511E+07  7.19554E+07
 0.300   5.092   3.215  8.10771E+07  9.80996E+07  8.05709E+07  3.49755E+02  9.11693E+06  1.19269E+07  8.93429E+06  7.19601E+07  8.61727E+07  7.16366E+07
 0.310   5.997   4.589  9.70787E+07  1.23476E+08  9.62267E+07  5.35010E+02  2.08974E+07  2.74301E+07  2.05725E+07  7.61813E+07  9.60459E+07  7.56542E+07
 0.320   6.376   3.784  1.02802E+08  1.30861E+08  1.01825E+08  5.90367E+02  1.63695E+07  2.16508E+07  1.60589E+07  8.64327E+07  1.09211E+08  8.57662E+07
 0.330   5.350   2.921  9.66175E+07  1.22784E+08  9.53532E+07  7.53992E+02  2.05022E+07  2.73147E+07  2.00134E+07  7.61153E+07  9.54691E+07  7.53398E+07
 0.340   6.349   3.205  2.56506E+08  3.23692E+08  2.53238E+08  7.48927E+02  4.54507E+07  6.11323E+07  4.41404E+07  2.11055E+08  2.62560E+08  2.09097E+08
 0.350   6.752   3.458  2.45173E+08  3.07475E+08  2.42246E+08  7.11295E+02  4.45292E+07  6.00761E+07  4.31865E+07  2.00644E+08  2.47399E+08  1.99060E+08
 0.360   7.910   4.217  2.18572E+08  2.84952E+08  2.15170E+08  9.65578E+02  5.62975E+07  7.59888E+07  5.47092E+07  1.62275E+08  2.08964E+08  1.60461E+08
 0.370   8.671   3.569  2.14296E+08  2.79713E+08  2.11093E+08  9.82958E+02  5.57809E+07  7.54345E+07  5.43071E+07  1.58515E+08  2.04279E+08  1.56786E+08
 0.380   7.447   4.120  2.09596E+08  2.70399E+08  2.06594E+08  9.74344E+02  4.33760E+07  5.91334E+07  4.21297E+07  1.66220E+08  2.11266E+08  1.64464E+08
 0.390   8.422   3.430  2.15646E+08  2.82959E+08  2.12157E+08  1.12732E+03  4.72897E+07  6.45159E+07  4.59187E+07  1.68356E+08  2.18443E+08  1.66239E+08
 0.400   8.266   4.201  2.71891E+08  3.57813E+08  2.67375E+08  1.17955E+03  5.91016E+07  8.05699E+07  5.73747E+07  2.12790E+08  2.77243E+08  2.10000E+08
 0.410   9.477   5.469  3.09556E+08  4.09591E+08  3.04149E+08  1.27249E+03  6.68865E+07  9.14849E+07  6.48260E+07  2.42669E+08  3.18106E+08  2.39323E+08
 0.420   7.487   3.710  2.95014E+08  3.90109E+08  2.89592E+08  1.36126E+03  6.00940E+07  8.24108E+07  5.81560E+07  2.34921E+08  3.07698E+08  2.31436E+08
 0.430   7.413   3.827  3.57807E+08  4.59010E+08  3.52597E+08  1.11038E+03  5.67810E+07  7.76342E+07  5.50078E+07  3.01026E+08  3.81376E+08  2.97590E+08
 0.440   7.492   4.997  2.82265E+08  3.75326E+08  2.76872E+08  1.46231E+03  5.96445E+07  8.18605E+07  5.76768E+07  2.22620E+08  2.93466E+08  2.19195E+08
 0.450  10.322   4.886  3.53202E+08  4.63074E+08  3.46615E+08  1.42971E+03  1.00956E+08  1.38253E+08  9.78793E+07  2.52246E+08  3.24821E+08  2.48736E+08
 0.460  10.163   6.229  2.32060E+08  3.12312E+08  2.26688E+08  1.81091E+03  5.66257E+07  7.85491E+07  5.45653E+07  1.75434E+08  2.33763E+08  1.72122E+08
 0.470  10.926   5.638  3.03296E+08  4.09443E+08  2.96861E+08  1.73398E+03  6.21417E+07  8.62381E+07  6.00130E+07  2.41155E+08  3.23205E+08  2.36848E+08
 0.480   8.076   4.183  3.78133E+08  4.96820E+08  3.71534E+08  1.46374E+03  5.81136E+07  8.08916E+07  5.60335E+07  3.20019E+08  4.15929E+08  3.15501E+08
 0.490   7.053   2.911  3.58549E+08  4.70634E+08  3.52362E+08  1.45902E+03  4.28929E+07  5.99214E+07  4.11826E+07  3.15656E+08  4.10713E+08  3.11180E+08
 0.500   7.322   3.584  3.56247E+08  4.73090E+08  3.49396E+08  1.62364E+03  3.97685E+07  5.53726E+07  3.80356E+07  3.16479E+08  4.17717E+08  3.11361E+08
