  31
 0.200   3.086   1.435  5.24565E-02  6.30894E-02  4.07149E-02
 0.210   3.328   2.234  5.84359E-02  5.89929E-02  6.14026E-02
 0.220   3.967   2.448  1.60617E-01  1.91508E-01  1.08826E-01
 0.230   4.417   2.604  4.34950E-02  4.93281E-02  3.47479E-02
 0.240   4.619   2.792  1.07996E-01  1.15020E-01  8.18272E-02
 0.250   4.590   3.400  1.66272E-01  1.46759E-01  1.67397E-01
 0.260   4.591   3.613  9.12161E-02  8.47342E-02  1.00695E-01
 0.270   5.450   4.240  2.83324E-01  2.94620E-01  2.66477E-01
 0.280   5.140   3.406  6.07082E-01  6.50874E-01  5.02600E-01
 0.290   4.830   3.624  1.88746E-01  1.88634E-01  1.61593E-01
 0.300   5.092   3.215  4.33301E-01  4.38582E-01  3.75645E-01
 0.310   5.997   4.589  1.09876E-01  1.09222E-01  1.09327E-01
 0.320   6.376   3.784  1.73270E-01  1.51270E-01  1.86033E-01
 0.330   5.350   2.921  2.81162E-01  3.43289E-01  1.98990E-01
 0.340   6.349   3.205  8.98143E-01  9.97671E-01  7.32826E-01
 0.350   6.752   3.458  6.49967E-01  6.45793E-01  7.99283E-01
 0.360   7.910   4.217  6.98132E-02  7.91943E-02  8.89092E-02
 0.370   8.671   3.569  2.58659E-01  2.69472E-01  2.29047E-01
 0.380   7.447   4.120  5.25181E-01  5.31873E-01  4.82959E-01
 0.390   8.422   3.430  3.62185E-01  3.80931E-01  3.13324E-01
 0.400   8.266   4.201  3.46830E-01  3.63553E-01  3.53011E-01
 0.410   9.477   5.469  3.83934E-01  4.47332E-01  3.17875E-01
 0.420   7.487   3.710  6.57162E-01  7.49409E-01  4.61878E-01
 0.430   7.413   3.827  1.22516E+00  1.26478E+00  1.16896E+00
 0.440   7.492   4.997  2.60177E-01  3.03370E-01  1.84535E-01
 0.450  10.322   4.886  5.83410E-01  5.98726E-01  6.56567E-01
 0.460  10.163   6.229  2.68002E-01  2.07965E-01  3.05783E-01
 0.470  10.926   5.638  1.31722E-01  1.31632E-01  1.59164E-01
 0.480   8.076   4.183  9.39096E-01  1.03428E+00  7.33362E-01
 0.490   7.053   2.911  8.55037E-01  9.93159E-01  5.91359E-01
 0.500   7.322   3.584  4.82626E-01  4.84796E-01  4.26084E-01
