  31
 0.200  4.81180E-01 -1.02074E-01 -4.65922E-01  4.85400E+01 -3.06129E+01  3.59408E+01   3.086  2.68796E+08  2.50613E+08  5.55423E+07  0.00000E+00  2.23875E+09  1.58209E-01  3.12767E+02   7.210   7.126
 0.210  4.13387E-01 -2.54291E-01 -3.16048E-02 -2.27653E+01 -1.38982E+01  4.37743E+01   3.328  2.95377E+08  2.68507E+08  7.73122E+07  2.41947E+07  3.38231E+09  1.34269E-01  3.56284E+02   7.339   7.132
 0.220  6.13962E-02  4.94889E-01  1.61598E-01 -3.74759E+01 -2.89994E+01  2.21547E+01   3.967  5.29426E+08  4.83436E+08  1.18913E+08  2.73883E+07  3.97717E+09  4.24373E-01  3.71047E+02   7.447   7.232
 0.230  2.44841E-02  1.20795E+00 -4.59229E-01 -5.37017E+01 -1.03272E+01 -2.89389E+01   4.417  4.92888E+08  4.19543E+08  1.37158E+08  4.28807E+07  5.27720E+09  9.75416E-02  4.70201E+02   7.302   7.227
 0.240 -5.82202E-01  3.11125E-01  8.91456E-01 -2.01886E+01  2.96080E+01 -4.33211E+01   4.619  5.41035E+08  4.47661E+08  1.68608E+08  6.47049E+07  5.78834E+09  1.62814E-01  5.40484E+02   7.458   7.269
 0.250  4.64372E-01  9.16375E-01 -2.56117E-01 -3.34010E+01 -1.50155E+01  1.16827E+01   4.590  8.70812E+08  8.10779E+08  2.46357E+08  8.96431E+07  5.59429E+09  7.57649E-01  4.75060E+02   7.583   7.327
 0.260 -2.60785E-01 -5.36804E-01 -6.60939E-01 -7.62074E+00 -9.85426E+00 -3.14732E+01   4.591  6.54101E+08  5.99077E+08  2.81975E+08  1.07489E+08  5.41920E+09  6.60205E-01  4.76701E+02   7.691   7.412
 0.270 -9.60264E-01 -1.20052E+00 -9.80489E-01 -7.80943E+01  1.16719E+02  8.53900E+01   5.450  1.28204E+09  1.20822E+09  5.11723E+08  1.96401E+08  1.04206E+10  1.31345E+00  5.49445E+02   7.677   7.439
 0.280 -4.54644E-01 -7.15692E-01 -3.13329E-02  7.75122E+00 -4.32300E+00  5.10617E+01   5.140  1.10221E+09  1.07799E+09  6.27360E+08  1.58112E+08  8.35174E+09  1.87770E+00  4.77446E+02   7.821   7.559
 0.290 -6.14513E-01 -1.06052E+00 -1.54746E-01  2.84565E+01  2.10016E+01  1.74069E+01   4.830  8.74170E+08  7.99872E+08  6.04196E+08  1.56925E+08  7.23270E+09  5.45611E-01  5.90732E+02   7.686   7.580
 0.300 -2.82015E-01 -3.34089E-02  1.62441E-01  2.33931E+01 -3.74357E+00  4.67854E+00   5.092  1.03420E+09  9.84822E+08  7.85504E+08  1.92325E+08  8.75280E+09  1.30766E+00  6.43860E+02   7.812   7.606
 0.310  3.80904E-01 -4.22813E-01  2.68062E-01  4.41387E+01 -4.74067E+00  6.71059E+00   5.997  9.83768E+08  8.48989E+08  9.07100E+08  2.60141E+08  1.03159E+10  2.90734E-01  7.56610E+02   7.722   7.602
 0.320  3.27344E-01  2.96986E-01 -2.12967E-01  3.24571E+00 -2.08210E+01 -2.83613E+01   6.376  1.26873E+09  1.13444E+09  1.00482E+09  2.78010E+08  1.15036E+10  5.42412E-01  8.49901E+02   7.751   7.615
 0.330 -6.42617E-02  4.61480E-01  1.19431E-01 -2.86340E+01 -9.31629E+00 -2.38309E+01   5.350  1.34372E+09  1.27488E+09  1.01469E+09  2.28242E+08  9.18063E+09  1.24806E+00  8.74968E+02   7.797   7.646
 0.340  2.98462E-01 -1.60951E-01  1.85823E-01  5.10847E+01  6.46760E+00  2.65613E+01   6.349  2.91374E+09  2.79740E+09  1.34865E+09  3.04242E+08  1.36446E+10  2.93555E+00  8.45078E+02   7.788   7.674
 0.350 -1.99843E-01 -1.50009E-01  5.02520E-01  2.72156E+01  1.80300E+00  2.80661E+01   6.752  1.88524E+09  1.81860E+09  1.60793E+09  3.32760E+08  1.40483E+10  1.99411E+00  8.98238E+02   7.903   7.718
 0.360  1.07404E+00  1.75450E-01  1.20737E-01  1.96707E+01 -1.53374E+00 -4.28017E+00   7.910  1.31015E+09  1.15732E+09  1.77099E+09  4.00120E+08  1.58487E+10  2.38806E-01  1.01422E+03   7.868   7.727
 0.370 -3.17974E-01  1.23257E-01 -4.74439E-01  3.60785E+00 -5.65389E+01 -1.13329E+01   8.671  1.73483E+09  1.56392E+09  1.97119E+09  4.77278E+08  1.86381E+10  9.09084E-01  1.11994E+03   7.884   7.732
 0.380 -6.40567E-01  3.80218E-01 -6.26116E-01  5.18328E+00 -2.45421E+01 -2.67186E+01   7.447  2.10425E+09  1.97111E+09  2.09565E+09  4.35934E+08  1.61627E+10  1.87913E+00  1.14461E+03   7.886   7.756
 0.390 -6.78830E-01  3.24299E-01 -5.20018E-01 -1.65974E+01 -7.34767E+01 -5.68743E+01   8.422  2.56823E+09  2.42938E+09  2.28037E+09  5.00949E+08  1.98099E+10  1.41151E+00  1.24189E+03   7.873   7.761
 0.400 -7.03849E-01 -2.66433E-01 -7.87623E-01 -8.87283E+00 -5.39623E+01 -3.84927E+01   8.266  2.68742E+09  2.51424E+09  2.48672E+09  5.48855E+08  1.95844E+10  1.43353E+00  1.31210E+03   7.881   7.770
 0.410 -5.45852E-01  2.85629E-01 -1.09750E+00 -5.90602E+00 -4.23046E+01 -2.42289E+01   9.477  2.81524E+09  2.55082E+09  2.66837E+09  6.45471E+08  2.22168E+10  1.06099E+00  1.40286E+03   7.898   7.773
 0.420 -7.00454E-01  2.79287E-01 -1.69107E-01 -3.94785E+00 -3.82597E+01 -2.12238E+01   7.487  2.41489E+09  2.25074E+09  2.56254E+09  5.53845E+08  1.73712E+10  1.40465E+00  1.50401E+03   7.937   7.790
 0.430 -1.01333E+00 -2.90422E-02 -9.43998E-01 -4.08727E+01 -5.78993E+01 -1.62736E+01   7.413  1.96264E+09  1.90041E+09  2.77233E+09  5.45984E+08  1.70505E+10  2.01545E+00  1.51425E+03   7.981   7.812
 0.440 -1.62011E+00 -3.78911E-01 -3.42108E-01 -1.63409E+01 -1.24286E+01 -7.32474E+00   7.492  1.87933E+09  1.74405E+09  2.78333E+09  5.40476E+08  1.67218E+10  8.08784E-01  1.64048E+03   7.959   7.818
 0.450 -1.17580E+00  8.76515E-01  1.37918E+00 -4.64474E+01 -9.68688E+00 -3.61871E+01  10.322  3.83339E+09  3.50230E+09  3.59961E+09  8.91556E+08  2.88077E+10  1.67887E+00  1.65438E+03   7.955   7.818
 0.460 -1.48894E+00 -7.43276E-01 -1.00846E+00 -4.22075E+01  1.48172E+01 -1.04523E+01  10.163  3.27920E+09  3.11897E+09  3.90546E+09  8.50696E+08  2.78993E+10  3.48794E+00  1.65040E+03   8.037   7.860
 0.470 -2.68624E+00 -2.20566E-01 -1.10420E+00 -1.02383E+01  1.13975E+00  4.50155E+01  10.926  2.71586E+09  2.46920E+09  3.96305E+09  8.52129E+08  2.81612E+10  4.66955E-01  1.77820E+03   8.013   7.867
 0.480  2.19844E-02  2.03252E-01 -9.52884E-02  4.82530E+01  3.10029E+00  2.61376E+01   8.076  2.59217E+09  2.53261E+09  3.97819E+09  6.60506E+08  2.00237E+10  3.18606E+00  1.76685E+03   8.070   7.904
 0.490  6.47452E-02 -6.29357E-01  5.33438E-01  4.00878E+01  2.94230E+00  2.22625E+01   7.053  2.09368E+09  2.14444E+09  4.12671E+09  5.58973E+08  1.69639E+10  3.70220E+00  1.74740E+03   8.110   7.941
 0.500  5.96321E-02  3.29856E-02  1.78538E-01 -1.64338E+01 -2.07727E+00  1.54389E+01   7.322  1.48627E+09  1.46891E+09  4.44017E+09  5.82887E+08  1.71105E+10  1.76718E+00  1.78926E+03   8.180   7.972
