  31
 0.200          791 -0.36452E-01  0.28106E-01  0.14819E-01 -0.13587E+02  0.18480E+02 -0.97523E+01 -0.54112E+00 -0.82326E+00 -0.17159E+00   3.086   1.435
 0.210        12836  0.63671E-01 -0.17527E-01 -0.10194E-01 -0.83107E+01 -0.23606E+01 -0.26185E+02 -0.68625E+00 -0.53454E+00 -0.49329E+00   3.328   2.234
 0.220          135  0.39350E-01 -0.43098E-01  0.65583E-02  0.34042E+01  0.23407E+02 -0.39947E+02 -0.71354E+00 -0.58623E+00  0.38365E+00   3.967   2.448
 0.230         7232 -0.64637E-01  0.16845E-01 -0.38195E-01 -0.75518E+01 -0.14148E+02 -0.20969E+01 -0.71640E+00  0.98367E-01  0.69072E+00   4.417   2.604
 0.240         7492 -0.60699E-01 -0.15328E-01 -0.40875E-02 -0.29429E+01 -0.32652E+02  0.23790E+02 -0.96582E+00 -0.13768E+00  0.21961E+00   4.619   2.792
 0.250          202 -0.57703E-01  0.91558E-02 -0.48973E-02 -0.85055E+01 -0.50336E+01  0.12097E+02 -0.59855E+00 -0.42507E+00  0.67901E+00   4.590   3.400
 0.260        61816  0.99654E-02  0.37647E-02  0.28789E-02  0.57210E+01  0.60259E+00 -0.17379E+01 -0.78047E+00  0.21739E+00  0.58618E+00   4.591   3.613
 0.270         5844  0.23910E-01 -0.31497E-01  0.10116E-01  0.54023E+01  0.48361E+01 -0.13599E+02 -0.13222E+00  0.84141E+00 -0.52397E+00   5.450   4.240
 0.280        82938  0.69157E-02  0.71541E-02 -0.37678E-01 -0.50368E+02  0.65484E+02 -0.13349E+02 -0.71482E+00  0.63796E+00  0.28644E+00   5.140   3.406
 0.290        78537 -0.30378E-01 -0.85947E-01 -0.20499E-01 -0.66642E+02 -0.25509E+02  0.55215E+01 -0.21451E+00  0.87740E+00  0.42912E+00   4.830   3.624
 0.300        85178 -0.30911E-01 -0.11240E-01 -0.18138E-01  0.44719E+02 -0.70232E+01 -0.47658E+02  0.21707E+00  0.93894E+00 -0.26697E+00   5.092   3.215
 0.310        64153  0.68637E-02  0.21647E-01  0.95036E-02 -0.21197E+02 -0.11139E+02  0.56095E+02 -0.25253E+00  0.96116E+00  0.11132E+00   5.997   4.589
 0.320       325652  0.12264E-01 -0.13899E-01  0.31341E-01  0.30853E+02 -0.25458E+02  0.21661E+02 -0.24199E+00  0.92990E+00 -0.27700E+00   6.376   3.784
 0.330        79780 -0.87119E-02  0.24169E-01 -0.21358E-01  0.11862E+02  0.51962E+02  0.31170E+02 -0.44674E+00  0.55482E+00  0.70186E+00   5.350   2.921
 0.340       385758  0.13897E-01 -0.17371E-02 -0.23161E-02 -0.16178E+02  0.66814E+01 -0.10102E+02 -0.61314E+00  0.50032E-01  0.78839E+00   6.349   3.205
 0.350       406282 -0.27419E-01  0.11921E-02  0.15796E-01  0.84486E+01 -0.23742E+02 -0.22819E+02 -0.57185E+00  0.29260E+00  0.76640E+00   6.752   3.458
 0.360        99244 -0.85838E-02  0.14408E-01  0.12569E-01 -0.73010E+02 -0.24523E+02  0.10456E+02 -0.68894E+00  0.43482E-01  0.72351E+00   7.910   4.217
 0.370       370113  0.17013E-01  0.18904E-01 -0.44109E-02  0.18499E+01 -0.10217E+02  0.33288E+02 -0.61927E+00 -0.14980E+00  0.77076E+00   8.671   3.569
 0.380        58063  0.61481E-02 -0.28476E-01 -0.67953E-02 -0.43557E+02  0.18678E+02 -0.34579E+02 -0.75831E+00 -0.33743E+00  0.55776E+00   7.447   4.120
 0.390       404936 -0.69751E-02  0.99644E-03 -0.19265E-01 -0.26868E+02 -0.47047E+01  0.13730E+02 -0.71089E+00 -0.32280E+00  0.62485E+00   8.422   3.430
 0.400       418782 -0.23846E-02 -0.16351E-01 -0.15670E-01  0.52838E+01  0.89765E+02  0.19771E+01 -0.75165E+00 -0.14923E-01  0.65940E+00   8.266   4.201
 0.410       380577 -0.11522E-01 -0.45390E-02 -0.34915E-03  0.35775E+02  0.73413E+02  0.39011E+02 -0.77778E+00  0.11327E+00  0.61825E+00   9.477   5.469
 0.420       320737 -0.15023E-01 -0.10731E-01  0.17527E-01 -0.88711E+01  0.63854E+02 -0.42050E+02 -0.70726E+00  0.24329E-01  0.70653E+00   7.487   3.710
 0.430       416019 -0.36614E-02 -0.80552E-02 -0.12815E-01  0.39925E+02 -0.43612E+02  0.76232E+02 -0.79498E+00  0.25659E+00  0.54970E+00   7.413   3.827
 0.440       399240 -0.74947E-02  0.12741E-01 -0.89937E-02  0.33042E+02 -0.66314E+02 -0.82858E+02 -0.82400E+00 -0.12032E+00  0.55367E+00   7.492   4.997
 0.450       403274  0.41000E-01  0.19159E-02 -0.38317E-02 -0.17853E+02 -0.35911E+02 -0.46301E+02 -0.34124E+00 -0.81620E+00  0.46623E+00  10.322   4.886
 0.460       612866 -0.43089E-02  0.13710E-01  0.10185E-01  0.20002E+01 -0.67817E+01  0.97628E+01 -0.55946E+00  0.62658E+00 -0.54259E+00  10.163   6.229
 0.470       395337  0.18412E-01  0.15610E-01 -0.68044E-02 -0.47682E+02  0.20358E+02 -0.10743E+03 -0.18171E+00  0.97177E+00  0.15049E+00  10.926   5.638
 0.480       561740  0.73584E-02  0.15126E-01 -0.13490E-01  0.32542E+02 -0.24040E+02 -0.37781E+02 -0.45999E+00  0.77479E+00  0.43371E+00   8.076   4.183
 0.490        99314  0.11267E-01  0.00000E+00 -0.41729E-03  0.95070E+02 -0.40224E+02  0.84832E+02 -0.26820E+00  0.84139E+00  0.46918E+00   7.053   2.911
 0.500       703364  0.42580E-03  0.11497E-01 -0.34064E-02  0.27808E+01  0.17057E+02 -0.22410E+02  0.28517E+00  0.95824E+00  0.21296E-01   7.322   3.584
