  31
 0.200  3.14585E+06  7.61069E+06  9.55034E+06  2.45931E+06  3.13806E+05  2.92397E+08  3.45115E-03
 0.210  3.56140E+06  4.67306E+06  5.86680E+06  2.29488E+06  5.13649E+05  1.97620E+08  2.25180E-03
 0.220  1.10702E+07  8.88788E+06  1.11353E+07  9.75098E+06  1.63291E+06  2.70033E+08  2.40182E-02
 0.230  9.61517E+06  1.33422E+07  1.68332E+07  7.95179E+06  1.97656E+05  3.45356E+08  2.17914E-03
 0.240  4.50499E+06  1.10683E+07  1.42385E+07  3.69966E+06  1.86532E+05  2.84749E+08  3.06681E-03
 0.250  1.24996E+07  1.23650E+07  1.56895E+07  1.08328E+07  1.92029E+06  2.74356E+08  2.14541E-02
 0.260  4.67542E+07  1.31898E+07  1.55156E+07  4.26745E+07  8.02459E+06  1.42915E+08  1.14388E-01
 0.270  7.90864E+06  2.89426E+07  3.76577E+07  6.67882E+06  2.73553E+06  5.42311E+08  3.90800E-02
 0.280  1.75470E+07  3.28532E+07  4.05552E+07  1.49443E+07  9.33768E+06  2.75936E+08  7.38678E-02
 0.290  3.99281E+07  3.28328E+07  4.16469E+07  3.74568E+07  3.49326E+06  3.38622E+08  4.66410E-02
 0.300  6.41755E+07  5.54677E+07  6.96090E+07  6.04560E+07  1.23094E+07  4.82701E+08  2.11520E-01
 0.310  1.00988E+07  5.62257E+07  7.21564E+07  8.84107E+06  1.85351E+06  4.43543E+08  2.81581E-02
 0.320  1.17548E+07  7.51155E+07  9.66783E+07  1.06207E+07  8.73710E+06  5.25434E+08  3.65525E-02
 0.330  2.57065E+07  8.37242E+07  1.07671E+08  2.35180E+07  9.69713E+06  5.14543E+08  1.36639E-01
 0.340  1.41752E+08  4.66105E+07  5.55161E+07  1.36850E+08  2.53536E+07  1.86063E+08  4.51840E-01
 0.350  5.23349E+07  1.31320E+08  1.66858E+08  4.85488E+07  2.14996E+07  4.57344E+08  2.53745E-01
 0.360  1.70300E+07  1.33596E+08  1.72393E+08  1.50020E+07  2.87823E+06  4.34231E+08  3.37197E-02
 0.370  2.29906E+07  1.54475E+08  2.01765E+08  2.13759E+07  7.51423E+06  5.22773E+08  6.90339E-02
 0.380  5.14087E+07  1.57856E+08  2.07342E+08  4.81401E+07  1.05516E+07  5.17037E+08  1.13290E-01
 0.390  2.10510E+07  1.80946E+08  2.39096E+08  1.95784E+07  4.86133E+06  5.33997E+08  4.41329E-02
 0.400  2.54784E+06  1.87537E+08  2.50398E+08  1.84709E+06  2.30661E+06  5.54449E+08  1.39476E-02
 0.410  1.12173E+07  1.73353E+08  2.33761E+08  1.00670E+07  5.43600E+05  4.97001E+08  6.99791E-03
 0.420  4.66374E+07  2.09380E+08  2.81314E+08  4.35907E+07  1.14761E+07  5.73903E+08  1.58287E-01
 0.430  5.80509E+06  2.03699E+08  2.74582E+08  4.06305E+06  6.48646E+06  5.42311E+08  4.29779E-02
 0.440  2.32437E+07  2.07675E+08  2.81129E+08  2.18537E+07  3.25707E+06  5.25766E+08  4.58366E-02
 0.450  2.98307E+07  2.59191E+08  3.46962E+08  2.82795E+07  2.64392E+07  5.80305E+08  3.43010E-01
 0.460  2.77545E+07  3.34173E+08  4.36607E+08  2.47429E+07  7.30355E+07  5.86125E+08  6.47739E-01
 0.470  4.96841E+07  3.42630E+08  4.56717E+08  4.69109E+07  9.96970E+06  5.88785E+08  1.18424E-01
 0.480  1.09400E+08  4.02512E+08  5.34832E+08  1.04787E+08  3.74664E+07  6.31851E+08  2.72611E-01
 0.490  2.13892E+08  5.68109E+08  7.40057E+08  2.06032E+08  9.31420E+07  7.12744E+08  1.50190E+00
 0.500  6.36672E+07  6.83153E+08  8.91566E+08  6.01329E+07  6.10412E+07  7.05761E+08  5.58169E-01
