  31
 0.200  4.81180E-01 -1.02074E-01 -4.65922E-01  4.85400E+01 -3.06129E+01  3.59408E+01 -5.41117E-01 -8.23256E-01 -1.71587E-01  1.10228E+02   3.086   1.435  2.55897E+08  2.36212E+08  1.16179E+07  0.00000E+00  3.00877E+08  5.24565E-02  2.52422E+02   7.196   7.103
 0.210  4.13387E-01 -2.54291E-01 -3.16048E-02 -2.27653E+01 -1.38982E+01  4.37743E+01 -6.86249E-01 -5.34539E-01 -4.93286E-01  1.17483E+02   3.328   2.234  3.04254E+08  2.66861E+08  1.39376E+07  4.36644E+06  5.03735E+08  5.84359E-02  2.81388E+02   7.343   7.162
 0.220  6.13962E-02  4.94889E-01  1.61598E-01 -3.74759E+01 -2.89994E+01  2.21547E+01 -7.13542E-01 -5.86231E-01  3.83654E-01  1.78492E+02   3.967   2.448  5.88607E+08  5.22858E+08  1.32789E+07  1.45601E+06  2.59308E+08  1.60617E-01  1.43290E+02   7.422   7.243
 0.230  2.44841E-02  1.20795E+00 -4.59229E-01 -5.37017E+01 -1.03272E+01 -2.89389E+01 -7.16402E-01  9.83668E-02  6.90719E-01  1.79332E+02   4.417   2.604  4.71670E+08  4.01918E+08  1.28887E+07  4.53219E+06  5.02737E+08  4.34950E-02  4.35902E+02   7.297   7.192
 0.240 -5.82202E-01  3.11125E-01  8.91456E-01 -2.01886E+01  2.96080E+01 -4.33211E+01 -9.65824E-01 -1.37678E-01  2.19609E-01  2.10051E+02   4.619   2.792  5.37929E+08  4.49399E+08  3.45509E+07  1.31369E+07  7.11414E+08  1.07996E-01  4.21736E+02   7.469   7.344
 0.250  4.64372E-01  9.16375E-01 -2.56117E-01 -3.34010E+01 -1.50155E+01  1.16827E+01 -5.98547E-01 -4.25066E-01  6.79014E-01  1.29645E+02   4.590   3.400  9.25912E+08  8.05636E+08  4.76370E+07  1.62336E+07  7.47829E+08  1.66272E-01  4.22880E+02   7.583   7.351
 0.260 -2.60785E-01 -5.36804E-01 -6.60939E-01 -7.62074E+00 -9.85426E+00 -3.14732E+01 -7.80474E-01  2.17388E-01  5.86177E-01  8.60341E+01   4.591   3.613  7.89456E+08  6.64686E+08  4.07279E+07  1.68217E+07  7.44004E+08  9.12161E-02  4.81610E+02   7.677   7.393
 0.270 -9.60264E-01 -1.20052E+00 -9.80489E-01 -7.80943E+01  1.16719E+02  8.53900E+01 -1.32217E-01  8.41413E-01 -5.23969E-01  2.96484E+02   5.450   4.240  1.40358E+09  1.22208E+09  1.59690E+08  4.83445E+07  2.28481E+09  2.83324E-01  5.73931E+02   7.666   7.471
 0.280 -4.54644E-01 -7.15692E-01 -3.13329E-02  7.75122E+00 -4.32300E+00  5.10617E+01 -7.14818E-01  6.37955E-01  2.86442E-01  1.98907E+02   5.140   3.406  1.10485E+09  9.57735E+08  9.52654E+07  2.03810E+07  7.68613E+08  6.07082E-01  3.18165E+02   7.818   7.577
 0.290 -6.14513E-01 -1.06052E+00 -1.54746E-01  2.84565E+01  2.10016E+01  1.74069E+01 -2.14509E-01  8.77404E-01  4.29125E-01  1.76752E+02   4.830   3.624  9.15635E+08  7.98412E+08  8.60589E+07  1.37672E+07  5.12298E+08  1.88746E-01  3.56049E+02   7.685   7.635
 0.300 -2.82015E-01 -3.34089E-02  1.62441E-01  2.33931E+01 -3.74357E+00  4.67854E+00  2.17072E-01  9.38939E-01 -2.66969E-01  1.19001E+02   5.092   3.215  1.01876E+09  9.08021E+08  8.10771E+07  9.11693E+06  5.75234E+08  4.33301E-01  3.49755E+02   7.811   7.690
 0.310  3.80904E-01 -4.22813E-01  2.68062E-01  4.41387E+01 -4.74067E+00  6.71059E+00 -2.52533E-01  9.61164E-01  1.11317E-01  1.95130E+02   5.997   4.589  1.07896E+09  9.07613E+08  9.70787E+07  2.08974E+07  6.58289E+08  1.09876E-01  5.35010E+02   7.713   7.636
 0.320  3.27344E-01  2.96986E-01 -2.12967E-01  3.24571E+00 -2.08210E+01 -2.83613E+01 -2.41990E-01  9.29899E-01 -2.76998E-01  1.39300E+02   6.376   3.784  1.20091E+09  1.04530E+09  1.02802E+08  1.63695E+07  7.50073E+08  1.73270E-01  5.90367E+02   7.756   7.661
 0.330 -6.42617E-02  4.61480E-01  1.19431E-01 -2.86340E+01 -9.31629E+00 -2.38309E+01 -4.46735E-01  5.54817E-01  7.01859E-01  1.27715E+02   5.350   2.921  1.27147E+09  1.14696E+09  9.66175E+07  2.05022E+07  7.75763E+08  2.81162E-01  7.53992E+02   7.797   7.662
 0.340  2.98462E-01 -1.60951E-01  1.85823E-01  5.10847E+01  6.46760E+00  2.65613E+01 -6.13139E-01  5.00320E-02  7.88389E-01  3.09790E+02   6.349   3.205  2.69733E+09  2.49643E+09  2.56506E+08  4.54507E+07  1.91958E+09  8.98143E-01  7.48927E+02   7.782   7.686
 0.350 -1.99843E-01 -1.50009E-01  5.02520E-01  2.72156E+01  1.80300E+00  2.80661E+01 -5.71848E-01  2.92604E-01  7.66403E-01  1.91472E+02   6.752   3.458  1.76976E+09  1.61792E+09  2.45173E+08  4.45292E+07  1.52575E+09  6.49967E-01  7.11295E+02   7.898   7.753
 0.360  1.07404E+00  1.75450E-01  1.20737E-01  1.96707E+01 -1.53374E+00 -4.28017E+00 -6.88939E-01  4.34822E-02  7.23514E-01  2.61489E+02   7.910   4.217  1.25760E+09  1.10805E+09  2.18572E+08  5.62975E+07  1.79454E+09  6.98132E-02  9.65578E+02   7.856   7.712
 0.370 -3.17974E-01  1.23257E-01 -4.74439E-01  3.60785E+00 -5.65389E+01 -1.13329E+01 -6.19265E-01 -1.49805E-01  7.70759E-01  2.40036E+02   8.671   3.569  1.56068E+09  1.37448E+09  2.14296E+08  5.57809E+07  1.76419E+09  2.58659E-01  9.82958E+02   7.885   7.719
 0.380 -6.40567E-01  3.80218E-01 -6.26116E-01  5.18328E+00 -2.45421E+01 -2.67186E+01 -7.58314E-01 -3.37432E-01  5.57763E-01  3.10803E+02   7.447   4.120  1.92047E+09  1.71469E+09  2.09596E+08  4.33760E+07  1.44586E+09  5.25181E-01  9.74344E+02   7.884   7.723
 0.390 -6.78830E-01  3.24299E-01 -5.20018E-01 -1.65974E+01 -7.34767E+01 -5.68743E+01 -7.10885E-01 -3.22805E-01  6.24851E-01  3.36776E+02   8.422   3.430  2.34984E+09  2.17053E+09  2.15646E+08  4.72897E+07  1.55668E+09  3.62185E-01  1.12732E+03   7.866   7.744
 0.400 -7.03849E-01 -2.66433E-01 -7.87623E-01 -8.87283E+00 -5.39623E+01 -3.84927E+01 -7.51646E-01 -1.49230E-02  6.59398E-01  4.20382E+02   8.266   4.201  2.45062E+09  2.23258E+09  2.71891E+08  5.91016E+07  1.75430E+09  3.46830E-01  1.17955E+03   7.872   7.761
 0.410 -5.45852E-01  2.85629E-01 -1.09750E+00 -5.90602E+00 -4.23046E+01 -2.42289E+01 -7.77778E-01  1.13272E-01  6.18248E-01  3.92382E+02   9.477   5.469  2.63306E+09  2.35142E+09  3.09556E+08  6.68865E+07  2.05784E+09  3.83934E-01  1.27249E+03   7.898   7.778
 0.420 -7.00454E-01  2.79287E-01 -1.69107E-01 -3.94785E+00 -3.82597E+01 -2.12238E+01 -7.07264E-01  2.43287E-02  7.06531E-01  2.85275E+02   7.487   3.710  2.21611E+09  2.03879E+09  2.95014E+08  6.00940E+07  1.62086E+09  6.57162E-01  1.36126E+03   7.940   7.798
 0.430 -1.01333E+00 -2.90422E-02 -9.43998E-01 -4.08727E+01 -5.78993E+01 -1.62736E+01 -7.94980E-01  2.56586E-01  5.49700E-01  3.20800E+02   7.413   3.827  1.79894E+09  1.69692E+09  3.57807E+08  5.67810E+07  1.44361E+09  1.22516E+00  1.11038E+03   7.972   7.845
 0.440 -1.62011E+00 -3.78911E-01 -3.42108E-01 -1.63409E+01 -1.24286E+01 -7.32474E+00 -8.23995E-01 -1.20321E-01  5.53674E-01  2.40032E+02   7.492   4.997  1.87109E+09  1.69492E+09  2.82265E+08  5.96445E+07  1.52467E+09  2.60177E-01  1.46231E+03   7.960   7.814
 0.450 -1.17580E+00  8.76515E-01  1.37918E+00 -4.64474E+01 -9.68688E+00 -3.61871E+01 -3.41240E-01 -8.16201E-01  4.66231E-01  5.18287E+02  10.322   4.886  3.58072E+09  3.21395E+09  3.53202E+08  1.00956E+08  3.76450E+09  5.83410E-01  1.42971E+03   7.946   7.768
 0.460 -1.48894E+00 -7.43276E-01 -1.00846E+00 -4.22075E+01  1.48172E+01 -1.04523E+01 -5.59462E-01  6.26579E-01 -5.42587E-01  1.46270E+02  10.163   6.229  3.31687E+09  2.87960E+09  2.32060E+08  5.66257E+07  1.94984E+09  2.68002E-01  1.81091E+03   8.017   7.827
 0.470 -2.68624E+00 -2.20566E-01 -1.10420E+00 -1.02383E+01  1.13975E+00  4.50155E+01 -1.81710E-01  9.71769E-01  1.50489E-01  4.02709E+02  10.926   5.638  2.53591E+09  2.29416E+09  3.03296E+08  6.21417E+07  2.02965E+09  1.31722E-01  1.73398E+03   8.011   7.875
 0.480  2.19844E-02  2.03252E-01 -9.52884E-02  4.82530E+01  3.10029E+00  2.61376E+01 -4.59989E-01  7.74792E-01  4.33714E-01  1.76330E+02   8.076   4.183  2.49023E+09  2.25501E+09  3.78133E+08  5.81136E+07  1.53548E+09  9.39096E-01  1.46374E+03   8.068   7.916
 0.490  6.47452E-02 -6.29357E-01  5.33438E-01  4.00878E+01  2.94230E+00  2.22625E+01 -2.68197E-01  8.41392E-01  4.69180E-01  1.31522E+02   7.053   2.911  1.83929E+09  1.71393E+09  3.58549E+08  4.28929E+07  1.15171E+09  8.55037E-01  1.45902E+03   8.109   7.955
 0.500  5.96321E-02  3.29856E-02  1.78538E-01 -1.64338E+01 -2.07727E+00  1.54389E+01  2.85169E-01  9.58241E-01  2.12964E-02  1.56063E+02   7.322   3.584  1.36078E+09  1.23141E+09  3.56247E+08  3.97685E+07  1.18389E+09  4.82626E-01  1.62364E+03   8.189   8.000
