  31
 0.200   3.086  5.55423E+07  6.79995E+07  5.50351E+07  3.12767E+02  0.00000E+00  0.00000E+00  0.00000E+00  5.55423E+07  6.79995E+07  5.50351E+07
 0.210   3.328  7.73122E+07  9.54856E+07  7.65337E+07  3.56284E+02  2.41947E+07  3.06708E+07  2.38704E+07  5.31175E+07  6.48147E+07  5.26634E+07
 0.220   3.967  1.18913E+08  1.46054E+08  1.17730E+08  3.71047E+02  2.73883E+07  3.48131E+07  2.70130E+07  9.15251E+07  1.11241E+08  9.07169E+07
 0.230   4.417  1.37158E+08  1.72617E+08  1.35479E+08  4.70201E+02  4.28807E+07  5.48221E+07  4.22127E+07  9.42768E+07  1.17795E+08  9.32661E+07
 0.240   4.619  1.68608E+08  2.14075E+08  1.66340E+08  5.40484E+02  6.47049E+07  8.27594E+07  6.37621E+07  1.03904E+08  1.31315E+08  1.02578E+08
 0.250   4.590  2.46357E+08  3.05848E+08  2.43563E+08  4.75060E+02  8.96431E+07  1.14756E+08  8.83262E+07  1.56714E+08  1.91092E+08  1.55237E+08
 0.260   4.591  2.81975E+08  3.51084E+08  2.78942E+08  4.76701E+02  1.07489E+08  1.37686E+08  1.06008E+08  1.74486E+08  2.13398E+08  1.72934E+08
 0.270   5.450  5.11723E+08  6.40410E+08  5.05423E+08  5.49445E+02  1.96401E+08  2.55316E+08  1.92694E+08  3.15321E+08  3.85094E+08  3.12729E+08
 0.280   5.140  6.27360E+08  7.77460E+08  6.21225E+08  4.77446E+02  1.58112E+08  2.07027E+08  1.55167E+08  4.69248E+08  5.70433E+08  4.66058E+08
 0.290   4.830  6.04196E+08  7.66717E+08  5.97123E+08  5.90732E+02  1.56925E+08  2.06179E+08  1.53744E+08  4.47271E+08  5.60538E+08  4.43379E+08
 0.300   5.092  7.85504E+08  9.99820E+08  7.75820E+08  6.43860E+02  1.92325E+08  2.54549E+08  1.87937E+08  5.93179E+08  7.45271E+08  5.87883E+08
 0.310   5.997  9.07100E+08  1.17530E+09  8.94483E+08  7.56610E+02  2.60141E+08  3.45046E+08  2.54336E+08  6.46959E+08  8.30250E+08  6.40147E+08
 0.320   6.376  1.00482E+09  1.31073E+09  9.89563E+08  8.49901E+02  2.78010E+08  3.71378E+08  2.71278E+08  7.26807E+08  9.39356E+08  7.18286E+08
 0.330   5.350  1.01469E+09  1.31788E+09  9.99272E+08  8.74968E+02  2.28242E+08  3.06481E+08  2.22104E+08  7.86446E+08  1.01140E+09  7.77168E+08
 0.340   6.349  1.34865E+09  1.73245E+09  1.32948E+09  8.45078E+02  3.04242E+08  4.09589E+08  2.96076E+08  1.04440E+09  1.32286E+09  1.03340E+09
 0.350   6.752  1.60793E+09  2.08017E+09  1.58443E+09  8.98238E+02  3.32760E+08  4.51007E+08  3.23114E+08  1.27517E+09  1.62916E+09  1.26132E+09
 0.360   7.910  1.77099E+09  2.32840E+09  1.74268E+09  1.01422E+03  4.00120E+08  5.42384E+08  3.88637E+08  1.37087E+09  1.78601E+09  1.35405E+09
 0.370   8.671  1.97119E+09  2.60700E+09  1.93718E+09  1.11994E+03  4.77278E+08  6.50126E+08  4.62947E+08  1.49391E+09  1.95687E+09  1.47424E+09
 0.380   7.447  2.09565E+09  2.76574E+09  2.05977E+09  1.14461E+03  4.35934E+08  5.95821E+08  4.22092E+08  1.65972E+09  2.16992E+09  1.63768E+09
 0.390   8.422  2.28037E+09  3.02791E+09  2.23895E+09  1.24189E+03  5.00949E+08  6.86146E+08  4.84600E+08  1.77942E+09  2.34176E+09  1.75434E+09
 0.400   8.266  2.48672E+09  3.31113E+09  2.44004E+09  1.31210E+03  5.48855E+08  7.52818E+08  5.30474E+08  1.93786E+09  2.55831E+09  1.90957E+09
 0.410   9.477  2.66837E+09  3.57514E+09  2.61612E+09  1.40286E+03  6.45471E+08  8.80748E+08  6.24996E+08  2.02290E+09  2.69440E+09  1.99113E+09
 0.420   7.487  2.56254E+09  3.44916E+09  2.50995E+09  1.50401E+03  5.53845E+08  7.58214E+08  5.35303E+08  2.00869E+09  2.69094E+09  1.97465E+09
 0.430   7.413  2.77233E+09  3.71689E+09  2.71627E+09  1.51425E+03  5.45984E+08  7.48687E+08  5.27080E+08  2.22634E+09  2.96820E+09  2.18919E+09
 0.440   7.492  2.78333E+09  3.76446E+09  2.72362E+09  1.64048E+03  5.40476E+08  7.44027E+08  5.21017E+08  2.24285E+09  3.02044E+09  2.20260E+09
 0.450  10.322  3.59961E+09  4.85317E+09  3.52313E+09  1.65438E+03  8.91556E+08  1.22674E+09  8.61929E+08  2.70806E+09  3.62643E+09  2.66120E+09
 0.460  10.163  3.90546E+09  5.24105E+09  3.82425E+09  1.65040E+03  8.50696E+08  1.17738E+09  8.20432E+08  3.05477E+09  4.06367E+09  3.00381E+09
 0.470  10.926  3.96305E+09  5.37430E+09  3.87590E+09  1.77820E+03  8.52129E+08  1.18255E+09  8.20557E+08  3.11092E+09  4.19175E+09  3.05534E+09
 0.480   8.076  3.97819E+09  5.36465E+09  3.89271E+09  1.76685E+03  6.60506E+08  9.20632E+08  6.33716E+08  3.31769E+09  4.44402E+09  3.25900E+09
 0.490   7.053  4.12671E+09  5.54320E+09  4.04032E+09  1.74740E+03  5.58973E+08  7.81661E+08  5.34589E+08  3.56774E+09  4.76154E+09  3.50573E+09
 0.500   7.322  4.44017E+09  5.98687E+09  4.34605E+09  1.78926E+03  5.82887E+08  8.16407E+08  5.56827E+08  3.85728E+09  5.17046E+09  3.78922E+09
