  30
 0.100   0.713   0.500  1.04912E+06  1.17935E+06  1.04171E+06  9.43412E+01  0.00000E+00  0.00000E+00  0.00000E+00  1.04912E+06  1.17935E+06  1.04171E+06
 0.110   0.938   0.629  2.27585E+06  2.56919E+06  2.26346E+06  8.61335E+01  6.97251E+04  8.29078E+04  6.90901E+04  2.20613E+06  2.48628E+06  2.19437E+06
 0.120   1.232   0.775  1.19633E+07  1.36244E+07  1.18949E+07  1.04267E+02  2.77663E+06  3.36844E+06  2.73882E+06  9.18664E+06  1.02560E+07  9.15606E+06
 0.130   1.251   0.658  2.70296E+07  3.10548E+07  2.69158E+07  9.45360E+01  2.72175E+06  3.33196E+06  2.67325E+06  2.43078E+07  2.77229E+07  2.42426E+07
 0.140   1.169   0.500  2.10740E+08  2.36324E+08  2.10362E+08  5.75994E+01  2.52348E+06  3.12167E+06  2.47723E+06  2.08216E+08  2.33202E+08  2.07884E+08
 0.150   1.120   0.500  5.73193E+08  6.56579E+08  5.71709E+08  8.45229E+01  7.74908E+06  9.47839E+06  7.64965E+06  5.65444E+08  6.47101E+08  5.64059E+08
 0.160   2.450   0.590  7.59335E+08  8.88724E+08  7.56406E+08  1.24664E+02  2.06954E+07  2.52892E+07  2.04804E+07  7.38640E+08  8.63435E+08  7.35926E+08
 0.170   2.550   1.328  1.08333E+09  1.30856E+09  1.07630E+09  2.04322E+02  3.47372E+07  4.29674E+07  3.43126E+07  1.04859E+09  1.26559E+09  1.04199E+09
 0.180   2.987   0.779  1.05284E+09  1.28346E+09  1.04421E+09  2.60947E+02  2.73264E+07  3.46265E+07  2.68066E+07  1.02551E+09  1.24883E+09  1.01740E+09
 0.190   3.323   1.212  1.48031E+09  1.82530E+09  1.46372E+09  3.48062E+02  4.46099E+08  5.64088E+08  4.39148E+08  1.03422E+09  1.26121E+09  1.02457E+09
 0.200   3.917   0.922  1.47115E+09  1.81782E+09  1.45393E+09  3.77070E+02  3.52532E+08  4.49996E+08  3.45990E+08  1.11861E+09  1.36783E+09  1.10794E+09
 0.210   3.733   1.018  2.13636E+09  2.64946E+09  2.11067E+09  4.09446E+02  4.73006E+08  6.05580E+08  4.64007E+08  1.66335E+09  2.04388E+09  1.64666E+09
 0.220   3.471   0.927  2.90237E+09  3.56697E+09  2.87125E+09  3.86566E+02  4.61378E+08  5.96153E+08  4.51341E+08  2.44099E+09  2.97082E+09  2.41991E+09
 0.230   3.375   0.739  2.64278E+09  3.26764E+09  2.61357E+09  4.19528E+02  3.68272E+08  4.77187E+08  3.59718E+08  2.27451E+09  2.79045E+09  2.25385E+09
 0.240   4.539   1.244  3.12347E+09  3.91022E+09  3.08747E+09  4.64894E+02  4.53653E+08  5.88199E+08  4.43276E+08  2.66982E+09  3.32203E+09  2.64419E+09
 0.250   5.307   1.025  3.30403E+09  4.19057E+09  3.25898E+09  5.65782E+02  4.57731E+08  6.00448E+08  4.45419E+08  2.84630E+09  3.59013E+09  2.81356E+09
 0.260   5.264   2.743  3.23791E+09  4.14725E+09  3.18905E+09  6.51020E+02  5.45544E+08  7.14886E+08  5.31577E+08  2.69236E+09  3.43236E+09  2.65748E+09
 0.270   4.773   1.717  2.51821E+09  3.21390E+09  2.47696E+09  7.16881E+02  3.87505E+08  5.13897E+08  3.75807E+08  2.13070E+09  2.70001E+09  2.10116E+09
 0.280   6.044   1.075  3.18141E+09  4.06448E+09  3.12939E+09  7.43299E+02  3.97448E+08  5.28892E+08  3.84262E+08  2.78396E+09  3.53559E+09  2.74513E+09
 0.290   5.905   1.208  3.75964E+09  4.81352E+09  3.70029E+09  7.50657E+02  6.10620E+08  7.96748E+08  5.95176E+08  3.14902E+09  4.01677E+09  3.10511E+09
 0.300   5.930   1.180  4.27275E+09  5.51437E+09  4.19996E+09  8.35449E+02  7.04278E+08  9.29302E+08  6.84716E+08  3.56847E+09  4.58506E+09  3.51524E+09
 0.310   5.603   1.284  4.65948E+09  6.02126E+09  4.57739E+09  8.87922E+02  7.14883E+08  9.50703E+08  6.93214E+08  3.94459E+09  5.07056E+09  3.88418E+09
 0.320   6.827   1.779  5.36999E+09  6.98117E+09  5.27457E+09  9.33972E+02  8.58362E+08  1.13973E+09  8.34571E+08  4.51163E+09  5.84144E+09  4.44000E+09
 0.330   7.377   1.744  6.22801E+09  8.14556E+09  6.11359E+09  9.98410E+02  9.92766E+08  1.31944E+09  9.65251E+08  5.23524E+09  6.82612E+09  5.14833E+09
 0.340   8.556   1.772  5.66036E+09  7.42474E+09  5.54993E+09  1.07408E+03  9.85674E+08  1.30874E+09  9.57926E+08  4.67469E+09  6.11601E+09  4.59201E+09
 0.350  10.241   2.489  6.02263E+09  7.85515E+09  5.90342E+09  1.10597E+03  9.43711E+08  1.26140E+09  9.13672E+08  5.07892E+09  6.59375E+09  4.98974E+09
 0.360   6.571   1.326  6.01656E+09  7.96289E+09  5.88004E+09  1.28497E+03  8.94702E+08  1.19083E+09  8.65620E+08  5.12186E+09  6.77206E+09  5.01442E+09
 0.370   4.440   1.169  4.21384E+09  5.54942E+09  4.10758E+09  1.40150E+03  6.28092E+08  8.49487E+08  6.01489E+08  3.58575E+09  4.69993E+09  3.50609E+09
 0.380   4.794   0.941  4.80211E+09  6.33893E+09  4.68597E+09  1.39374E+03  7.99507E+08  1.07259E+09  7.70688E+08  4.00261E+09  5.26633E+09  3.91528E+09
 0.390   4.123   0.696  4.46218E+09  5.87971E+09  4.35368E+09  1.41697E+03  6.41036E+08  8.65695E+08  6.15000E+08  3.82114E+09  5.01401E+09  3.73868E+09
