  30
 0.100   4.750   0.713  2.89514E+09  2.87067E+08  2.93696E+07  3.40763E+07  2.57870E+09  1.23336E+07  5.01829E+06  5.99527E+06  8.35540E+07  8.26742E+08  3.83919E+07  4.42133E+07  4.95795E+09  2.87763E+07  6.98860E+06  8.26748E+06  1.56051E+08
 0.110   6.250   0.938  4.64168E+09  5.29466E+08  6.25466E+07  7.28411E+07  4.04967E+09  1.52667E+07  2.12484E+07  2.44999E+07  2.22977E+08  1.07045E+09  8.07849E+07  9.43832E+07  7.13102E+09  3.43619E+07  2.69620E+07  3.11396E+07  4.25917E+08
 0.120   9.250   1.232  1.20149E+10  1.44284E+09  1.86221E+08  2.14743E+08  1.03858E+10  1.16923E+08  6.27390E+07  7.32896E+07  7.29372E+08  1.55973E+09  1.86797E+08  2.15446E+08  1.09164E+10  2.05172E+08  8.61087E+07  1.00007E+08  1.13525E+09
 0.130  11.250   1.251  1.68362E+10  1.92519E+09  4.12506E+08  4.81687E+08  1.44985E+10  2.07731E+08  2.34308E+08  2.70461E+08  9.75378E+08  1.74177E+09  4.12068E+08  4.81151E+08  1.35821E+10  2.27225E+08  2.46734E+08  2.85020E+08  1.15471E+09
 0.140  13.500   1.169  2.32761E+10  2.59559E+09  8.24673E+08  9.67161E+08  1.98558E+10  4.49880E+08  6.31841E+08  7.33021E+08  1.59700E+09  1.95229E+09  8.17594E+08  9.58370E+08  1.59157E+10  4.01632E+08  6.09340E+08  7.06331E+08  1.31724E+09
 0.150  15.500   1.120  3.02194E+10  3.11816E+09  1.34321E+09  1.58674E+09  2.57581E+10  6.06926E+08  1.15643E+09  1.35758E+09  2.37917E+09  2.10438E+09  1.32692E+09  1.56650E+09  1.66021E+10  5.11612E+08  1.10044E+09  1.29032E+09  1.56350E+09
 0.160  20.250   2.450  5.47425E+10  4.71299E+09  2.79532E+09  3.36251E+09  4.72342E+10  6.17483E+08  1.64894E+09  1.97669E+09  3.57661E+09  2.53563E+09  1.95341E+09  2.34444E+09  2.42894E+10  8.29919E+08  1.70273E+09  2.03843E+09  4.50069E+09
 0.170  22.500   2.550  6.37280E+10  5.24596E+09  3.37613E+09  4.12563E+09  5.51060E+10  4.92442E+08  1.97004E+09  2.40710E+09  4.09190E+09  3.14362E+09  3.28203E+09  4.00869E+09  3.00183E+10  6.05261E+08  2.01438E+09  2.45997E+09  4.77530E+09
 0.180  24.500   2.987  6.93879E+10  5.74848E+09  3.80941E+09  4.71945E+09  5.98300E+10  5.57088E+08  2.26664E+09  2.80602E+09  4.61858E+09  3.10140E+09  3.69566E+09  4.57471E+09  2.58967E+10  7.09559E+08  2.33944E+09  2.89490E+09  5.90747E+09
 0.190  26.250   3.323  7.26833E+10  5.99672E+09  4.42411E+09  5.50862E+09  6.22625E+10  5.76305E+08  3.50159E+09  4.36916E+09  5.82924E+09  3.39621E+09  4.31284E+09  5.36586E+09  2.56968E+10  7.35547E+08  3.72822E+09  4.64710E+09  7.85017E+09
 0.200  29.500   3.917  8.70045E+10  7.27079E+09  5.31864E+09  6.68040E+09  7.44151E+10  7.22837E+08  3.92247E+09  4.94822E+09  7.23295E+09  3.18476E+09  4.73421E+09  5.94482E+09  2.53578E+10  1.26047E+09  4.22947E+09  5.32589E+09  1.02113E+10
 0.210  32.250   3.733  9.97807E+10  8.10532E+09  5.98459E+09  7.55892E+09  8.56908E+10  1.43023E+09  4.50718E+09  5.71136E+09  9.47203E+09  4.08558E+09  5.75532E+09  7.26607E+09  3.44086E+10  1.75679E+09  4.71128E+09  5.96192E+09  1.15023E+10
 0.220  35.000   3.471  1.09041E+11  7.52061E+09  7.48226E+09  9.40528E+09  9.40379E+10  1.16172E+09  5.76408E+09  7.25520E+09  1.01642E+10  3.19242E+09  7.07325E+09  8.88244E+09  3.34706E+10  1.14969E+09  5.74787E+09  7.23510E+09  1.00610E+10
 0.230  36.750   3.375  1.14120E+11  7.15879E+09  8.09718E+09  1.02796E+10  9.88640E+10  1.53556E+09  6.53483E+09  8.28440E+09  1.10101E+10  2.87188E+09  7.78366E+09  9.87267E+09  3.26084E+10  1.41314E+09  6.34204E+09  8.04203E+09  9.87874E+09
 0.240  39.000   4.539  1.19207E+11  7.27756E+09  8.64244E+09  1.10777E+10  1.03287E+11  9.36581E+08  7.08313E+09  9.07033E+09  1.15714E+10  2.46175E+09  8.32846E+09  1.06662E+10  3.25437E+10  1.21860E+09  7.39405E+09  9.46502E+09  1.37487E+10
 0.250  41.750   5.307  1.29050E+11  8.66926E+09  9.05077E+09  1.17049E+10  1.11330E+11  9.77411E+08  7.61195E+09  9.84474E+09  1.29682E+10  2.78361E+09  8.63252E+09  1.11551E+10  3.16567E+10  1.56021E+09  8.05111E+09  1.04028E+10  1.68889E+10
 0.260  44.500   5.264  1.39833E+11  9.97389E+09  9.39498E+09  1.22443E+10  1.20464E+11  1.27232E+09  8.07498E+09  1.05205E+10  1.51984E+10  3.77578E+09  9.06838E+09  1.18115E+10  3.47861E+10  1.81281E+09  8.44637E+09  1.10018E+10  1.83386E+10
 0.270  47.000   4.773  1.47149E+11  1.05579E+10  1.02003E+10  1.32822E+10  1.26390E+11  2.40454E+09  8.81194E+09  1.14760E+10  1.59247E+10  4.79084E+09  9.78707E+09  1.27343E+10  3.53983E+10  2.46155E+09  8.84308E+09  1.15158E+10  1.61941E+10
 0.280  49.500   6.044  1.54582E+11  1.06634E+10  1.12157E+10  1.46035E+10  1.32703E+11  1.79402E+09  9.77205E+09  1.27503E+10  1.71122E+10  3.97949E+09  1.08902E+10  1.41692E+10  3.50735E+10  2.35734E+09  1.01812E+10  1.32730E+10  2.12762E+10
 0.290  51.750   5.905  1.59374E+11  1.10408E+10  1.18515E+10  1.55205E+10  1.36482E+11  1.58300E+09  1.05225E+10  1.37833E+10  1.78999E+10  3.31088E+09  1.14493E+10  1.49825E+10  3.47024E+10  2.00945E+09  1.09125E+10  1.42822E+10  2.05682E+10
 0.300  54.250   5.930  1.65891E+11  1.20019E+10  1.23751E+10  1.62899E+10  1.41514E+11  2.00632E+09  1.11136E+10  1.46339E+10  1.90491E+10  3.61034E+09  1.19786E+10  1.57563E+10  3.48142E+10  2.29045E+09  1.13517E+10  1.49399E+10  2.09142E+10
 0.310  57.000   5.603  1.75295E+11  1.29526E+10  1.30538E+10  1.72199E+10  1.49289E+11  2.25867E+09  1.18569E+10  1.56399E+10  2.03750E+10  3.90244E+09  1.26663E+10  1.66973E+10  3.54764E+10  2.20395E+09  1.18139E+10  1.55848E+10  2.00177E+10
 0.320  61.000   6.827  1.92435E+11  1.37688E+10  1.37511E+10  1.82010E+10  1.64916E+11  2.24551E+09  1.24217E+10  1.64789E+10  2.23057E+10  4.24870E+09  1.33955E+10  1.77214E+10  3.66668E+10  2.70561E+09  1.27450E+10  1.68918E+10  2.51285E+10
 0.330  74.250   7.377  3.12704E+11  1.85006E+10  2.83828E+10  3.79724E+10  2.65821E+11  2.50007E+09  1.34590E+10  1.79071E+10  2.80612E+10  3.68157E+09  1.40155E+10  1.86120E+10  3.78016E+10  2.47816E+09  1.34416E+10  1.78848E+10  2.78811E+10
 0.340  79.250   8.556  3.49222E+11  1.93876E+10  2.91666E+10  3.91218E+10  3.00667E+11  3.43899E+09  1.39416E+10  1.86122E+10  3.13677E+10  4.51101E+09  1.44682E+10  1.92742E+10  3.99998E+10  3.80160E+09  1.41232E+10  1.88430E+10  3.40267E+10
 0.350  83.000  10.241  3.71482E+11  1.89680E+10  3.09352E+10  4.14072E+10  3.21579E+11  3.20997E+09  1.43291E+10  1.91304E+10  3.48296E+10  4.50304E+09  1.54139E+10  2.04932E+10  4.40954E+10  4.59479E+09  1.55081E+10  2.06139E+10  4.53944E+10
 0.360  86.250   6.571  3.87120E+11  1.93941E+10  3.15589E+10  4.24611E+10  3.36167E+11  3.04379E+09  1.79403E+10  2.40178E+10  3.27108E+10  3.38605E+09  1.82937E+10  2.44863E+10  3.80346E+10  2.53272E+09  1.47673E+10  1.97862E+10  2.36268E+10
 0.370  90.250   4.440  4.06265E+11  1.94068E+10  3.28092E+10  4.41973E+10  3.54049E+11  2.78167E+09  1.90265E+10  2.54483E+10  3.57062E+10  2.93535E+09  1.94094E+10  2.59516E+10  3.95591E+10  1.77202E+09  1.47284E+10  1.97629E+10  1.65177E+10
 0.380  92.500   4.794  4.04050E+11  1.92267E+10  3.34227E+10  4.51979E+10  3.51400E+11  2.75080E+09  1.99553E+10  2.68108E+10  3.68900E+10  2.81567E+09  2.01907E+10  2.71278E+10  3.98300E+10  1.61314E+09  1.58970E+10  2.13895E+10  1.80264E+10
 0.390  94.250   4.123  3.99057E+11  1.91652E+10  3.43713E+10  4.66037E+10  3.45520E+11  2.60130E+09  2.06030E+10  2.77641E+10  3.69946E+10  2.72743E+09  2.07611E+10  2.79780E+10  3.91883E+10  1.58207E+09  1.54122E+10  2.07714E+10  1.51209E+10
