  30
 0.100  4.75000E+00  2.89514E+09  5.11943E+01
 0.110  6.25000E+00  4.64168E+09  5.65108E+01
 0.120  9.25000E+00  1.20149E+10  7.47348E+01
 0.130  1.12500E+01  1.68362E+10  8.02195E+01
 0.140  1.35000E+01  2.32761E+10  8.61038E+01
 0.150  1.55000E+01  3.02194E+10  9.15612E+01
 0.160  2.02500E+01  5.47425E+10  1.07816E+02
 0.170  2.25000E+01  6.37280E+10  1.10359E+02
 0.180  2.45000E+01  6.93879E+10  1.10355E+02
 0.190  2.62500E+01  7.26833E+10  1.09116E+02
 0.200  2.95000E+01  8.70045E+10  1.12614E+02
 0.210  3.22500E+01  9.97807E+10  1.15343E+02
 0.220  3.50000E+01  1.09041E+11  1.15743E+02
 0.230  3.67500E+01  1.14120E+11  1.15554E+02
 0.240  3.90000E+01  1.19207E+11  1.14645E+02
 0.250  4.17500E+01  1.29050E+11  1.15288E+02
 0.260  4.45000E+01  1.39833E+11  1.16241E+02
 0.270  4.70000E+01  1.47149E+11  1.16028E+02
 0.280  4.95000E+01  1.54582E+11  1.15881E+02
 0.290  5.17500E+01  1.59374E+11  1.15077E+02
 0.300  5.42500E+01  1.65891E+11  1.14669E+02
 0.310  5.70000E+01  1.75295E+11  1.14996E+02
 0.320  6.10000E+01  1.92435E+11  1.16469E+02
 0.330  7.42500E+01  3.12704E+11  1.34571E+02
 0.340  7.92500E+01  3.49222E+11  1.37653E+02
 0.350  8.30000E+01  3.71482E+11  1.38728E+02
 0.360  8.62500E+01  3.87120E+11  1.38924E+02
 0.370  9.02500E+01  4.06265E+11  1.39128E+02
 0.380  9.25000E+01  4.04050E+11  1.37051E+02
 0.390  9.42500E+01  3.99057E+11  1.34931E+02
