  30
 0.100  7.12500E-01  2.87763E+07  6.98860E+06  8.26748E+06  2.84387E+07  1.50184E+06  1.56051E+08  2.27893E-02
 0.110  9.37500E-01  3.43619E+07  2.69620E+07  3.11396E+07  3.19685E+07  1.74645E+07  4.25917E+08  2.24801E-01
 0.120  1.38750E+00  2.51447E+08  9.84006E+07  1.13923E+08  2.44525E+08  4.79037E+07  1.33354E+09  7.26630E-01
 0.130  1.68750E+00  3.18234E+08  2.89482E+08  3.34918E+08  3.06637E+08  1.95854E+08  1.82297E+09  1.90487E+00
 0.140  2.02500E+00  6.26837E+08  6.83092E+08  7.94152E+08  6.00621E+08  3.60558E+08  2.60921E+09  4.69713E+00
 0.150  2.32500E+00  7.35446E+08  1.21346E+09  1.42682E+09  7.12149E+08  4.98688E+08  3.87715E+09  6.57339E+00
 0.160  3.03750E+00  1.10304E+09  1.74606E+09  2.08862E+09  1.04754E+09  5.10804E+08  5.83173E+09  5.56517E+00
 0.170  3.37500E+00  8.66525E+08  2.08707E+09  2.54771E+09  8.14730E+08  3.39933E+08  6.85367E+09  3.20564E+00
 0.180  3.67500E+00  1.00448E+09  2.41551E+09  2.98743E+09  9.39054E+08  3.01783E+08  7.61522E+09  3.39797E+00
 0.190  3.93750E+00  1.00203E+09  3.87043E+09  4.82014E+09  9.16440E+08  4.97714E+08  9.61586E+09  5.95006E+00
 0.200  4.42500E+00  1.55234E+09  4.36242E+09  5.48690E+09  1.44803E+09  3.61128E+08  1.16700E+10  4.29753E+00
 0.210  4.83750E+00  2.34334E+09  5.06416E+09  6.40004E+09  2.20455E+09  4.84774E+08  1.60332E+10  5.88121E+00
 0.220  5.25000E+00  1.77673E+09  6.35192E+09  7.97961E+09  1.58693E+09  1.14567E+09  1.60495E+10  1.06969E+01
 0.230  5.51250E+00  2.02697E+09  7.25257E+09  9.19120E+09  1.86660E+09  6.68268E+08  1.76843E+10  7.77985E+00
 0.240  5.85000E+00  1.64910E+09  7.73621E+09  9.90184E+09  1.50180E+09  4.72761E+08  1.80523E+10  3.97482E+00
 0.250  6.26250E+00  1.94028E+09  8.28161E+09  1.06992E+10  1.75289E+09  3.66385E+08  2.00923E+10  3.88300E+00
 0.260  6.67500E+00  2.58270E+09  8.76863E+09  1.14198E+10  2.35361E+09  2.76195E+08  2.35285E+10  2.91987E+00
 0.270  7.05000E+00  3.82906E+09  9.48407E+09  1.23412E+10  3.46605E+09  7.27504E+08  2.46041E+10  8.24503E+00
 0.280  7.42500E+00  3.16416E+09  1.06338E+10  1.38361E+10  2.89305E+09  7.81997E+08  2.62780E+10  8.48581E+00
 0.290  7.76250E+00  2.81941E+09  1.12748E+10  1.47524E+10  2.52043E+09  5.07175E+08  2.72147E+10  5.46518E+00
 0.300  8.13750E+00  3.15723E+09  1.18649E+10  1.56052E+10  2.84737E+09  5.01005E+08  2.86916E+10  5.36595E+00
 0.310  8.55000E+00  3.29057E+09  1.25674E+10  1.65660E+10  2.90616E+09  6.27215E+08  3.06746E+10  7.37520E+00
 0.320  9.15000E+00  3.90004E+09  1.33359E+10  1.76426E+10  3.56096E+09  5.80999E+08  3.36825E+10  6.02647E+00
 0.330  1.11375E+01  4.27643E+09  1.40893E+10  1.87086E+10  3.79956E+09  5.02093E+08  4.20325E+10  4.87873E+00
 0.340  1.18875E+01  5.18372E+09  1.46401E+10  1.95023E+10  4.64343E+09  5.04606E+08  4.78090E+10  6.13632E+00
 0.350  1.24500E+01  5.46125E+09  1.62188E+10  2.15043E+10  4.76975E+09  1.18149E+09  5.68810E+10  1.35528E+01
 0.360  1.29375E+01  4.14151E+09  1.87992E+10  2.51364E+10  3.59566E+09  4.41468E+08  4.93267E+10  4.47846E+00
 0.370  1.35375E+01  3.45612E+09  2.00455E+10  2.67993E+10  2.90586E+09  9.08158E+08  5.30976E+10  9.65012E+00
 0.380  1.38750E+01  3.21931E+09  2.08854E+10  2.80615E+10  2.68444E+09  4.46181E+08  5.44565E+10  5.22482E+00
 0.390  1.41375E+01  3.32768E+09  2.15335E+10  2.90243E+10  2.79896E+09  5.45527E+08  5.34035E+10  6.32861E+00
