  31
 0.200      2104312        16035       947697
 0.210      2507305        20094      1112581
 0.220      2836348        25298      1286350
 0.230      3352875        31795      1511496
 0.240      3702592        39023      1682604
 0.250      3981642        47314      1799203
 0.260      4167528        53132      1892524
 0.270      4508514        64305      2079126
 0.280      4819908        77200      2173378
 0.290      4886628        82116      2253837
 0.300      4940361        91563      2345009
 0.310      5158767        95672      2463351
 0.320      5730424       102086      2700752
 0.330      6067790       111854      2841991
 0.340      6339800       131154      2949685
 0.350      6569781       154342      3055184
 0.360      6697275       160922      3171631
 0.370      7162143       171275      3342485
 0.380      7603579       194805      3595587
 0.390      7921372       210415      3780455
 0.400      8204058       230806      3926312
 0.410      8431790       246426      4035040
 0.420      8550160       259908      4136833
 0.430      8894587       278784      4304399
 0.440      9136494       286980      4423619
 0.450      9396530       307068      4538871
 0.460      9590175       337284      4612888
 0.470      9795076       348838      4687057
 0.480      9910107       374642      4757029
 0.490     10061661       405632      4822231
 0.500     10110313       432704      4876000
