  15
 0.100   0.750   0.500  1.30014E+06  1.52157E+06  1.28418E+06  1.49562E+02  0.00000E+00  0.00000E+00  0.00000E+00  1.30014E+06  1.52157E+06  1.28418E+06
 0.110   0.900   0.599  1.77842E+06  2.11915E+06  1.75300E+06  1.98443E+02  2.20151E+05  2.66875E+05  2.16129E+05  1.55827E+06  1.85228E+06  1.53687E+06
 0.120   1.000   0.693  3.60831E+06  4.30060E+06  3.55917E+06  2.10709E+02  9.49674E+05  1.15775E+06  9.34884E+05  2.65864E+06  3.14285E+06  2.62429E+06
 0.130   1.194   0.602  6.62965E+06  8.02364E+06  6.51977E+06  2.77551E+02  1.87478E+06  2.31231E+06  1.84089E+06  4.75487E+06  5.71133E+06  4.67888E+06
 0.140   1.477   0.500  1.92787E+07  2.24193E+07  1.91270E+07  1.56387E+02  3.62010E+06  4.43310E+06  3.56135E+06  1.56586E+07  1.79862E+07  1.55657E+07
 0.150   1.714   0.628  5.88561E+07  6.76225E+07  5.85440E+07  1.25987E+02  8.57860E+06  1.05936E+07  8.44618E+06  5.02776E+07  5.70289E+07  5.00978E+07
 0.160   2.070   0.767  4.12189E+07  4.82010E+07  4.09372E+07  1.74578E+02  4.48778E+06  5.59836E+06  4.40736E+06  3.67311E+07  4.26026E+07  3.65299E+07
 0.170   1.572   0.500  2.55611E+08  2.92309E+08  2.54840E+08  1.02312E+02  4.68875E+06  5.88024E+06  4.59972E+06  2.50922E+08  2.86429E+08  2.50240E+08
 0.180   1.456   0.500  6.44463E+08  7.57308E+08  6.42171E+08  1.33808E+02  5.13612E+06  6.48451E+06  5.03342E+06  6.39327E+08  7.50824E+08  6.37138E+08
 0.190   1.000   0.500  4.90640E+08  5.84904E+08  4.87279E+08  2.23721E+02  1.39668E+08  1.74348E+08  1.37857E+08  3.50972E+08  4.10556E+08  3.49422E+08
 0.200   1.201   0.500  1.27239E+09  1.51586E+09  1.26587E+09  1.93232E+02  1.39136E+08  1.76930E+08  1.36739E+08  1.13326E+09  1.33893E+09  1.12913E+09
 0.210   1.722   0.706  1.25536E+09  1.52451E+09  1.24694E+09  2.60321E+02  1.37225E+08  1.76321E+08  1.34558E+08  1.11813E+09  1.34819E+09  1.11238E+09
 0.220   1.670   0.600  2.18410E+09  2.60071E+09  2.17258E+09  2.20286E+02  1.39476E+08  1.80423E+08  1.36407E+08  2.04463E+09  2.42028E+09  2.03617E+09
 0.230   1.901   0.500  2.27686E+09  2.73804E+09  2.26413E+09  2.45458E+02  2.51285E+08  3.17040E+08  2.47615E+08  2.02558E+09  2.42100E+09  2.01652E+09
 0.240   2.438   0.752  4.06035E+09  4.97374E+09  4.03483E+09  2.94697E+02  3.93184E+08  4.98878E+08  3.87637E+08  3.66717E+09  4.47486E+09  3.64719E+09
