  15
 0.100  1.57444E-01  9.96889E-02 -1.60232E-02 -2.45232E+01 -1.90670E+01  1.50806E+01   0.750  1.49592E+07  2.37493E+07  1.91498E+07  0.00000E+00  3.63813E+08  9.39416E-02  1.33839E+02   7.419   7.596
 0.110 -7.14217E-02 -1.35697E-01  7.80041E-02 -3.22414E+01 -3.31255E+01  1.50243E+01   0.900  4.12565E+07  5.22113E+07  3.41057E+07  5.81070E+06  4.36227E+08  1.58693E-01  1.56693E+02   7.684   7.616
 0.120  5.12562E-02 -1.58359E-01  1.31018E-01 -1.16847E+01 -3.05342E+01  2.13742E+01   1.000  4.48111E+07  4.79338E+07  3.71523E+07  9.95317E+06  5.37572E+08  5.90267E-02  2.37960E+02   7.455   7.606
 0.130 -1.37275E-01 -2.25352E-01 -1.66254E-01  9.03866E+00 -6.96420E+01  5.73704E+00   1.194  1.42724E+08  1.57133E+08  6.51809E+07  1.97094E+07  1.00705E+09  2.29484E-01  2.45085E+02   7.551   7.633
 0.140  6.49278E-02  8.74209E-03 -1.21817E-02 -5.23497E+00 -5.30754E+00 -5.25610E-01   1.477  2.15213E+08  2.96558E+08  1.58507E+08  2.74595E+07  1.28690E+09  1.05044E+00  1.73334E+02   8.035   7.876
 0.150  1.08064E-02  3.99143E-01 -2.05207E-01  7.34379E+00 -2.96604E+01  1.89446E+01   1.714  3.86477E+08  5.83165E+08  3.95721E+08  5.11727E+07  2.02874E+09  3.15279E+00  1.46067E+02   8.233   8.053
 0.160 -2.60934E-01  3.50069E-03 -7.57546E-02 -4.64681E+00 -2.00859E+01 -8.79250E+00   2.070  4.94580E+08  7.22030E+08  7.09015E+08  9.67717E+07  2.71779E+09  2.62091E+00  1.72887E+02   8.242   8.306
 0.170 -4.74989E-02  8.42917E-02 -3.32412E-02  2.20326E+00 -1.03920E-01 -8.87397E+00   1.572  4.86917E+08  8.37288E+08  1.04487E+09  9.65322E+07  2.30027E+09  4.27957E+00  1.98791E+02   8.426   8.417
 0.180  1.51863E-02 -1.18353E-03  4.32952E-03  8.09761E+00  8.63038E-01 -2.32434E+00   1.456  3.53989E+08  7.57529E+08  1.43725E+09  8.90337E+07  2.03855E+09  3.99357E+00  2.32881E+02   8.631   8.503
 0.190 -2.22138E-03  9.38875E-03 -6.00366E-03  7.84170E-01  6.28204E+00  8.63344E+00   1.000  6.85839E+08  1.45318E+09  3.03957E+09  9.79759E+08  2.22195E+09  7.94708E+00  2.83548E+02   8.645   8.585
 0.200  3.49687E-04 -6.10080E-03 -1.44467E-02 -3.09654E+00 -5.21915E+00  9.48084E+00   1.201  4.33605E+08  1.02370E+09  3.81904E+09  1.04560E+09  2.88124E+09  5.79324E+00  3.38073E+02   8.768   8.615
 0.210 -1.01144E-02  7.66544E-02  4.19911E-02  3.35408E+01  2.05681E+00  1.33044E+01   1.722  1.18203E+09  1.75602E+09  4.82229E+09  1.34055E+09  5.93125E+09  7.10881E+00  4.06960E+02   8.431   8.611
 0.220 -5.79114E-02 -2.90548E-03 -1.97587E-02 -1.45485E+01 -5.06602E+00 -2.42059E+01   1.670  1.45354E+09  2.97911E+09  6.76766E+09  1.49231E+09  6.00608E+09  1.66617E+01  3.96195E+02   8.636   8.605
 0.230 -4.27171E-02 -1.86855E-02 -5.14866E-02 -4.90091E+00 -7.55159E+00 -1.01492E+01   1.901  1.23900E+09  2.58105E+09  8.68566E+09  1.82142E+09  7.56932E+09  1.47725E+01  4.33331E+02   8.734   8.638
 0.240 -1.02915E-01  1.24109E-02 -6.98801E-02  2.36041E+01 -9.37965E+00  9.41530E+00   2.438  1.25222E+09  2.29995E+09  1.02552E+10  2.16056E+09  1.03075E+10  1.13678E+01  4.93947E+02   8.693   8.651
