  35
 0.160   2.098   1.772  7.37428E-04  9.83371E-04  7.38379E-04
 0.170   2.013   1.444  3.15307E-02  2.68797E-02  2.67854E-02
 0.180   2.364   1.515  6.23102E-03  7.94400E-03  5.26034E-03
 0.190   2.126   1.425  4.35979E-03  5.72125E-03  2.68647E-03
 0.200   2.653   1.508  2.88706E-02  3.45615E-02  2.02999E-02
 0.210   2.911   1.419  4.46180E-02  5.13787E-02  3.25279E-02
 0.220   3.028   1.361  1.64799E-01  1.85057E-01  1.32178E-01
 0.230   3.246   1.821  1.19544E-01  1.34597E-01  9.12079E-02
 0.240   2.160   1.677  1.64599E-02  2.01270E-02  1.32292E-02
 0.250   4.399   3.007  4.87351E-03  3.99468E-03  3.84019E-03
 0.260   4.131   1.660  2.78639E-02  3.54213E-02  1.68032E-02
 0.270   3.169   1.762  1.34941E-01  1.72568E-01  8.21074E-02
 0.280   6.074   2.580  1.86430E-01  1.50264E-01  2.90971E-01
 0.290   6.254   4.348  2.56228E-02  2.81237E-02  1.73052E-02
 0.300   5.591   1.548  1.19186E-01  1.50201E-01  7.98898E-02
 0.310   5.871   2.126  4.77227E-02  5.89033E-02  3.95712E-02
 0.320   7.628   3.916  6.10268E-01  7.12940E-01  4.29148E-01
 0.330   7.179   3.068  4.71317E-01  4.47140E-01  4.57296E-01
 0.340   8.129   4.499  2.70274E-01  2.66505E-01  2.25490E-01
 0.350   5.997   1.885  2.19596E-01  2.33307E-01  1.76971E-01
 0.360   8.508   4.787  5.49594E-02  5.45323E-02  6.30821E-02
 0.370   8.983   3.194  2.44049E-01  3.05307E-01  1.58781E-01
 0.380   9.586   4.555  1.17804E-01  1.07963E-01  1.42478E-01
 0.390   8.849   4.151  3.72846E-02  3.63995E-02  5.01527E-02
 0.400   7.259   2.982  2.33537E-01  2.41299E-01  2.07892E-01
 0.410   9.476   4.455  8.34796E-02  8.92985E-02  9.02291E-02
 0.420  10.330   3.828  1.98760E-01  2.09313E-01  1.87286E-01
 0.430  10.594   4.291  1.64706E-01  1.89289E-01  1.43835E-01
 0.440  10.134   4.020  5.52977E-02  4.31155E-02  9.17751E-02
 0.450  10.713   4.212  1.70883E-01  1.38599E-01  2.28467E-01
 0.460  10.518   3.755  1.33417E-01  1.00233E-01  1.90090E-01
 0.470   8.921   2.557  9.67971E-02  1.05115E-01  7.06402E-02
 0.480  11.174   3.583  2.05064E-01  2.31821E-01  1.71162E-01
 0.490  12.070   2.929  9.94982E-02  1.18804E-01  9.28563E-02
 0.500  10.226   3.833  4.71263E-02  5.37176E-02  4.57512E-02
