  35
 0.160   2.098   1.772  4.21147E+06  5.27822E+06  4.12696E+06  4.33695E+02  0.00000E+00  0.00000E+00  0.00000E+00  4.21147E+06  5.27822E+06  4.12696E+06
 0.170   2.013   1.444  9.84939E+06  1.20925E+07  9.69445E+06  3.70407E+02  1.55048E+06  1.95068E+06  1.52004E+06  8.29891E+06  1.01418E+07  8.17441E+06
 0.180   2.364   1.515  8.35324E+06  1.05959E+07  8.14598E+06  5.81118E+02  1.57767E+06  2.02118E+06  1.53786E+06  6.77557E+06  8.57468E+06  6.60812E+06
 0.190   2.126   1.425  5.86413E+06  7.44135E+06  5.72713E+06  5.98553E+02  7.23615E+05  9.30437E+05  7.03000E+05  5.14051E+06  6.51091E+06  5.02413E+06
 0.200   2.653   1.508  1.12181E+07  1.41089E+07  1.09542E+07  6.18665E+02  1.97699E+06  2.55735E+06  1.91704E+06  9.24110E+06  1.15515E+07  9.03715E+06
 0.210   2.911   1.419  1.40326E+07  1.76174E+07  1.36759E+07  6.83864E+02  3.02229E+06  3.92781E+06  2.92874E+06  1.10103E+07  1.36896E+07  1.07472E+07
 0.220   3.028   1.361  2.38694E+07  2.87248E+07  2.34842E+07  4.70102E+02  3.56557E+06  4.65287E+06  3.45488E+06  2.03038E+07  2.40720E+07  2.00294E+07
 0.230   3.246   1.821  2.03904E+07  2.46636E+07  2.00591E+07  4.94854E+02  2.94275E+06  3.82499E+06  2.85072E+06  1.74476E+07  2.08387E+07  1.72083E+07
 0.240   2.160   1.677  8.50964E+06  1.07773E+07  8.29049E+06  8.05537E+02  1.30033E+06  1.69793E+06  1.26649E+06  7.20931E+06  9.07934E+06  7.02400E+06
 0.250   4.399   3.007  2.78120E+07  3.60526E+07  2.70651E+07  9.03835E+02  1.07630E+07  1.40021E+07  1.04527E+07  1.70490E+07  2.20504E+07  1.66124E+07
 0.260   4.131   1.660  2.41175E+07  3.10780E+07  2.35141E+07  8.82461E+02  7.32943E+06  9.55222E+06  7.13396E+06  1.67881E+07  2.15258E+07  1.63801E+07
 0.270   3.169   1.762  3.31144E+07  4.17695E+07  3.22498E+07  9.23775E+02  1.52067E+07  2.00316E+07  1.47231E+07  1.79076E+07  2.17379E+07  1.75267E+07
 0.280   6.074   2.580  1.55056E+08  1.97020E+08  1.51915E+08  8.01832E+02  9.28879E+07  1.22342E+08  9.02934E+07  6.21682E+07  7.46786E+07  6.16220E+07
 0.290   6.254   4.348  5.04902E+07  6.49724E+07  4.93875E+07  8.82760E+02  1.13238E+07  1.50812E+07  1.09006E+07  3.91665E+07  4.98911E+07  3.84869E+07
 0.300   5.591   1.548  7.41019E+07  9.56096E+07  7.21385E+07  1.06795E+03  2.11305E+07  2.82773E+07  2.02791E+07  5.29714E+07  6.73323E+07  5.18594E+07
 0.310   5.871   2.126  6.33787E+07  8.23601E+07  6.19107E+07  1.02110E+03  1.86532E+07  2.49170E+07  1.79984E+07  4.47255E+07  5.74431E+07  4.39123E+07
 0.320   7.628   3.916  2.70807E+08  3.43992E+08  2.66327E+08  7.96227E+02  1.75989E+08  2.28020E+08  1.72725E+08  9.48176E+07  1.15972E+08  9.36024E+07
 0.330   7.179   3.068  1.40412E+08  1.77752E+08  1.37681E+08  9.24025E+02  3.91391E+07  5.25437E+07  3.77254E+07  1.01272E+08  1.25208E+08  9.99558E+07
 0.340   8.129   4.499  1.30488E+08  1.67903E+08  1.27685E+08  1.05306E+03  3.62500E+07  4.88590E+07  3.48568E+07  9.42381E+07  1.19044E+08  9.28282E+07
 0.350   5.997   1.885  1.16130E+08  1.49752E+08  1.13734E+08  1.05102E+03  2.95382E+07  3.95108E+07  2.85169E+07  8.65919E+07  1.10242E+08  8.52169E+07
 0.360   8.508   4.787  1.13107E+08  1.48374E+08  1.10597E+08  1.18356E+03  3.59555E+07  4.80982E+07  3.47963E+07  7.71514E+07  1.00276E+08  7.58004E+07
 0.370   8.983   3.194  1.34269E+08  1.74904E+08  1.31327E+08  1.19745E+03  3.53277E+07  4.77199E+07  3.40066E+07  9.89413E+07  1.27185E+08  9.73200E+07
 0.380   9.586   4.555  1.56485E+08  2.05914E+08  1.53024E+08  1.25961E+03  4.37597E+07  5.94423E+07  4.21301E+07  1.12725E+08  1.46471E+08  1.10894E+08
 0.390   8.849   4.151  1.64533E+08  2.19454E+08  1.60419E+08  1.44573E+03  5.32758E+07  7.24198E+07  5.12268E+07  1.11257E+08  1.47034E+08  1.09192E+08
 0.400   7.259   2.982  1.85301E+08  2.44005E+08  1.81144E+08  1.35050E+03  5.11589E+07  6.98688E+07  4.91877E+07  1.34142E+08  1.74136E+08  1.31956E+08
 0.410   9.476   4.455  1.90903E+08  2.53785E+08  1.86090E+08  1.52004E+03  5.24469E+07  7.18163E+07  5.01401E+07  1.38456E+08  1.81969E+08  1.35950E+08
 0.420  10.330   3.828  2.46801E+08  3.27873E+08  2.41125E+08  1.47698E+03  6.99141E+07  9.59721E+07  6.71611E+07  1.76887E+08  2.31900E+08  1.73964E+08
 0.430  10.594   4.291  2.36069E+08  3.15052E+08  2.30182E+08  1.60206E+03  6.30380E+07  8.67962E+07  6.02878E+07  1.73031E+08  2.28256E+08  1.69895E+08
 0.440  10.134   4.020  2.85938E+08  3.83972E+08  2.78812E+08  1.66331E+03  7.89498E+07  1.08171E+08  7.57362E+07  2.06988E+08  2.75801E+08  2.03076E+08
 0.450  10.713   4.212  3.03587E+08  4.07794E+08  2.96008E+08  1.71625E+03  8.05049E+07  1.11310E+08  7.70607E+07  2.23082E+08  2.96484E+08  2.18947E+08
 0.460  10.518   3.755  3.01167E+08  4.03843E+08  2.93956E+08  1.68578E+03  7.74942E+07  1.06645E+08  7.43388E+07  2.23673E+08  2.97199E+08  2.19617E+08
 0.470   8.921   2.557  3.00237E+08  4.06078E+08  2.92544E+08  1.82882E+03  6.13349E+07  8.51425E+07  5.83423E+07  2.38902E+08  3.20935E+08  2.34201E+08
 0.480  11.174   3.583  3.37809E+08  4.54731E+08  3.29565E+08  1.79274E+03  7.69839E+07  1.06770E+08  7.35056E+07  2.60826E+08  3.47961E+08  2.56060E+08
 0.490  12.070   2.929  3.75682E+08  5.09143E+08  3.66340E+08  1.88292E+03  8.49711E+07  1.17991E+08  8.11677E+07  2.90711E+08  3.91152E+08  2.85172E+08
 0.500  10.226   3.833  3.65642E+08  4.98597E+08  3.55866E+08  2.04306E+03  7.53714E+07  1.05038E+08  7.16266E+07  2.90271E+08  3.93559E+08  2.84240E+08
