  35
 0.160  2.21250E+00  6.12270E+07  8.12932E+07  1.01325E+08  5.64019E+07  5.18395E+05  2.05576E+09  2.78475E-03
 0.170  2.40000E+00  1.32513E+08  1.03072E+08  1.28769E+08  1.16252E+08  1.05990E+07  2.58959E+09  1.35063E-01
 0.180  2.55000E+00  1.33197E+08  1.18656E+08  1.49137E+08  1.15735E+08  1.00478E+07  2.72976E+09  1.40870E-01
 0.190  2.73750E+00  1.67350E+08  1.28847E+08  1.63451E+08  1.49654E+08  5.92733E+06  3.03230E+09  7.63659E-02
 0.200  2.92500E+00  2.23597E+08  1.38886E+08  1.77191E+08  1.95614E+08  7.40758E+06  3.32179E+09  9.67491E-02
 0.210  3.22500E+00  2.04962E+08  1.56768E+08  2.01410E+08  1.77987E+08  7.27055E+06  3.82112E+09  7.09786E-02
 0.220  3.52500E+00  4.28345E+08  2.05748E+08  2.61823E+08  3.78613E+08  2.74838E+07  5.56403E+09  3.74896E-01
 0.230  4.20000E+00  3.61084E+08  2.36086E+08  3.00576E+08  3.01770E+08  2.76951E+07  5.82483E+09  2.98556E-01
 0.240  4.72500E+00  4.26884E+08  2.77339E+08  3.55339E+08  3.38563E+08  1.61052E+07  7.54222E+09  2.15321E-01
 0.250  5.13750E+00  2.44806E+08  2.92199E+08  3.79392E+08  1.59991E+08  3.19799E+06  8.07422E+09  1.94131E-02
 0.260  5.70000E+00  3.26866E+08  2.98762E+08  3.90644E+08  2.07085E+08  4.27850E+06  8.26710E+09  6.44178E-02
 0.270  6.33750E+00  1.44860E+09  3.89202E+08  5.01883E+08  1.23595E+09  4.57285E+07  1.32551E+10  7.95351E-01
 0.280  7.01250E+00  6.35604E+08  6.79514E+08  8.63362E+08  4.62558E+08  8.48007E+07  1.63941E+10  4.52719E-01
 0.290  7.42500E+00  9.93057E+08  5.99847E+08  7.71134E+08  7.71765E+08  2.83915E+07  1.48854E+10  4.36462E-01
 0.300  8.13750E+00  9.69205E+08  7.16488E+08  9.32101E+08  7.20529E+08  1.71681E+07  1.65585E+10  2.51619E-01
 0.310  8.77500E+00  1.36540E+09  7.33309E+08  9.63704E+08  1.06416E+09  1.42798E+07  1.81050E+10  1.77080E-01
 0.320  9.11250E+00  2.80008E+09  1.24989E+09  1.61784E+09  2.29173E+09  1.11167E+08  2.73940E+10  1.39937E+00
 0.330  9.48750E+00  2.41928E+09  1.01400E+09  1.31821E+09  1.94389E+09  1.03443E+08  2.30238E+10  1.11926E+00
 0.340  9.78750E+00  2.73301E+09  1.30089E+09  1.70703E+09  2.25743E+09  5.95625E+07  2.44042E+10  6.16074E-01
 0.350  1.01250E+01  2.38792E+09  1.60711E+09  2.10274E+09  1.99800E+09  1.41309E+08  2.92139E+10  1.61262E+00
 0.360  1.03875E+01  2.56867E+09  1.69863E+09  2.22863E+09  2.17352E+09  9.56280E+07  2.84041E+10  8.72300E-01
 0.370  1.05750E+01  3.27223E+09  1.77051E+09  2.34175E+09  2.82556E+09  6.15924E+07  2.93910E+10  7.67851E-01
 0.380  1.07625E+01  2.40203E+09  1.91437E+09  2.54396E+09  2.01988E+09  6.69077E+07  3.03505E+10  5.36557E-01
 0.390  1.10250E+01  2.59962E+09  2.01387E+09  2.68116E+09  2.15552E+09  9.88509E+07  3.08924E+10  1.19310E+00
 0.400  1.13250E+01  2.83543E+09  2.19383E+09  2.92863E+09  2.37945E+09  1.08454E+08  3.30761E+10  1.34254E+00
 0.410  1.17000E+01  2.47203E+09  2.33840E+09  3.13195E+09  2.08235E+09  6.83457E+07  3.45521E+10  6.76805E-01
 0.420  1.20750E+01  2.95362E+09  2.49548E+09  3.35198E+09  2.50261E+09  9.10438E+07  3.64730E+10  9.28426E-01
 0.430  1.24125E+01  2.79107E+09  2.66987E+09  3.59371E+09  2.41399E+09  9.34035E+07  3.93399E+10  8.94185E-01
 0.440  1.26750E+01  2.85188E+09  2.78236E+09  3.75639E+09  2.45368E+09  4.79612E+07  3.94356E+10  4.28207E-01
 0.450  1.29375E+01  2.51168E+09  2.95402E+09  3.99219E+09  2.13478E+09  1.25787E+08  4.00616E+10  9.09956E-01
 0.460  1.32375E+01  1.81931E+09  3.16431E+09  4.27979E+09  1.50582E+09  1.29919E+08  4.07018E+10  8.61733E-01
 0.470  1.34625E+01  2.18008E+09  3.21632E+09  4.37819E+09  1.81765E+09  6.00080E+07  4.15828E+10  7.83562E-01
 0.480  1.36125E+01  2.47698E+09  3.27001E+09  4.46964E+09  2.17109E+09  3.92423E+07  4.11036E+10  3.88997E-01
 0.490  1.38750E+01  2.28313E+09  3.36749E+09  4.61990E+09  2.00224E+09  4.64618E+07  4.17103E+10  3.29222E-01
 0.500  1.41375E+01  2.52613E+09  3.39371E+09  4.67621E+09  2.18032E+09  2.78223E+07  4.22337E+10  2.91720E-01
