  35
 0.160  4.49125E+06  2.55516E+07  3.18951E+07  4.08433E+06  7.54230E+04  5.43891E+08  0.00000E+00
 0.170  4.00468E+07  3.32948E+07  4.14544E+07  3.73311E+07  3.92984E+06  6.12147E+08  5.72577E-02
 0.180  5.23170E+06  3.49216E+07  4.39858E+07  4.63255E+06  2.56083E+06  6.15306E+08  2.62659E-02
 0.190  2.54140E+07  3.87650E+07  4.91621E+07  2.40904E+07  1.29866E+06  6.46234E+08  1.84623E-02
 0.200  1.61984E+07  3.90057E+07  4.98718E+07  1.44502E+07  1.56741E+06  6.41412E+08  9.54753E-03
 0.210  2.53122E+06  3.88219E+07  5.00463E+07  1.90659E+06  1.13323E+06  6.20960E+08  6.94537E-03
 0.220  2.95472E+07  4.96085E+07  6.39759E+07  2.73031E+07  2.73395E+06  7.99291E+08  3.98883E-02
 0.230  3.29535E+07  4.92552E+07  6.27776E+07  3.04648E+07  6.79857E+06  6.39998E+08  8.63561E-02
 0.240  3.56027E+07  5.22309E+07  6.72568E+07  3.40452E+07  1.42589E+06  6.39500E+08  7.88633E-03
 0.250  6.31505E+06  4.74375E+07  6.18124E+07  5.46654E+06  5.32410E+04  6.07824E+08  3.35539E-04
 0.260  1.39273E+07  4.86745E+07  6.38262E+07  1.25892E+07  6.42639E+05  6.01090E+08  8.51885E-03
 0.270  2.09105E+08  8.09084E+07  1.01827E+08  2.04401E+08  1.91529E+07  7.86156E+08  3.38023E-01
 0.280  7.51797E+06  1.50603E+08  1.85215E+08  6.56524E+06  2.59726E+07  6.26946E+08  9.22086E-02
 0.290  6.55018E+06  1.49495E+08  1.89774E+08  5.53144E+06  2.31367E+06  6.36174E+08  3.01495E-02
 0.300  9.64053E+06  1.29409E+08  1.66552E+08  8.35296E+06  2.36407E+06  5.07393E+08  3.80317E-02
 0.310  3.95050E+07  1.38582E+08  1.80918E+08  3.77891E+07  1.17756E+06  5.81053E+08  2.09057E-02
 0.320  2.46462E+07  1.54601E+08  2.03929E+08  2.29454E+07  1.78990E+06  7.19645E+08  1.70865E-02
 0.330  2.84696E+07  1.47376E+08  1.95419E+08  2.69414E+07  2.50111E+06  6.39583E+08  2.47728E-02
 0.340  2.46216E+07  1.57664E+08  2.10032E+08  2.26190E+07  1.88778E+06  6.72755E+08  2.40203E-02
 0.350  2.94227E+07  2.23960E+08  2.90383E+08  2.67988E+07  4.66902E+07  7.87486E+08  3.82283E-01
 0.360  9.56825E+05  2.23112E+08  2.92640E+08  6.38851E+05  5.25687E+06  6.85059E+08  3.07710E-02
 0.370  1.92413E+07  2.30371E+08  3.04646E+08  1.69023E+07  6.25668E+06  7.09253E+08  6.48365E-02
 0.380  1.13198E+07  2.34908E+08  3.12665E+08  1.01612E+07  9.31378E+06  7.12329E+08  6.57603E-02
 0.390  7.71357E+07  2.95563E+08  3.88347E+08  7.28780E+07  3.81911E+07  7.94054E+08  4.94781E-01
 0.400  4.63613E+07  3.51786E+08  4.60921E+08  4.26290E+07  3.68962E+07  8.36620E+08  4.52189E-01
 0.410  5.92138E+07  3.56645E+08  4.72401E+08  5.58585E+07  8.87996E+06  8.10349E+08  1.13918E-01
 0.420  4.08316E+07  4.05029E+08  5.34438E+08  3.79628E+07  2.40534E+07  8.01287E+08  1.95779E-01
 0.430  1.20475E+08  4.78041E+08  6.29573E+08  1.15787E+08  3.66308E+07  8.80434E+08  3.16672E-01
 0.440  5.75468E+07  5.27893E+08  6.96637E+08  5.46299E+07  1.73009E+07  8.64139E+08  1.80491E-01
 0.450  3.11991E+07  6.13588E+08  8.02832E+08  2.88392E+07  8.00464E+07  8.50255E+08  5.39793E-01
 0.460  5.40370E+07  7.59278E+08  9.89846E+08  5.12655E+07  9.44689E+07  9.14355E+08  6.21761E-01
 0.470  5.34291E+07  7.79879E+08  1.02964E+09  5.02123E+07  3.39119E+07  9.15685E+08  5.10261E-01
 0.480  2.94260E+07  7.53762E+08  1.00726E+09  2.77189E+07  8.12337E+06  8.90827E+08  7.09304E-02
 0.490  3.80933E+07  8.38216E+08  1.12250E+09  3.57068E+07  3.16124E+07  9.30899E+08  1.67858E-01
 0.500  6.96229E+06  7.79402E+08  1.05266E+09  6.20506E+06  4.50071E+06  8.55909E+08  1.49499E-02
