  35
 0.160  3.50284E-01  9.12232E-02 -2.84268E-02  6.19274E+00  4.27085E+01 -3.73560E+01   2.098  5.03084E+07  4.66143E+07  7.70700E+07  0.00000E+00  1.89838E+09  2.04732E-03  3.83321E+02   7.130   7.314
 0.170 -2.54647E-01 -1.22199E-01  8.13551E-02 -4.27010E+00  1.83353E+01 -1.97014E+01   2.013  1.01676E+08  9.93889E+07  8.71729E+07  1.90975E+07  1.97246E+09  1.15003E-01  4.43891E+02   7.485   7.312
 0.180  2.36134E-01 -2.86239E-01  3.85184E-01 -1.66094E+00  1.69698E+01 -2.05368E+01   2.364  1.09273E+08  1.03459E+08  1.10733E+08  3.08545E+07  2.44701E+09  1.25302E-01  5.07433E+02   7.505   7.341
 0.190  3.04345E-01  1.39575E-01 -5.58656E-03  2.77400E+01  1.78963E+01 -4.11881E+01   2.126  1.12099E+08  1.05649E+08  1.03753E+08  2.48726E+07  2.12942E+09  4.46616E-02  6.03689E+02   7.404   7.347
 0.200  4.65000E-01 -3.81340E-02  4.75711E-01  3.40634E+01 -3.80128E-01 -1.89812E+01   2.653  1.77771E+08  1.62181E+08  1.28291E+08  3.94709E+07  2.91150E+09  8.42965E-02  6.74259E+02   7.408   7.347
 0.210  3.40794E-01 -3.36018E-01  8.06334E-01  2.28559E+01  2.37218E+01 -2.94717E+01   2.911  1.61858E+08  1.48343E+08  1.45605E+08  5.03211E+07  3.32379E+09  6.60384E-02  7.60049E+02   7.410   7.349
 0.220  8.86037E-02  1.00392E-01  2.76604E-01  1.67425E+01  5.33246E+01 -9.13062E+00   3.028  3.39538E+08  3.28527E+08  1.85747E+08  6.05425E+07  4.51482E+09  3.47877E-01  7.67364E+02   7.435   7.350
 0.230  4.93786E-01 -4.30919E-01  6.23745E-01  2.09441E+01  1.87696E+01 -4.73322E+01   3.246  2.50648E+08  2.42041E+08  1.99822E+08  5.43460E+07  4.05914E+09  2.65688E-01  7.82540E+02   7.472   7.377
 0.240  4.26623E-01  2.00892E-01 -9.92374E-02  4.88073E+01  6.34993E+01 -6.15140E+01   2.160  1.48338E+08  1.41639E+08  1.52157E+08  2.98248E+07  2.24748E+09  6.79205E-02  8.79735E+02   7.289   7.400
 0.250 -4.47605E-02  1.28748E+00 -2.37450E-01 -1.68491E+01  2.33863E+01 -6.76330E+01   4.399  1.70066E+08  1.18637E+08  2.70144E+08  1.04760E+08  6.50042E+09  1.26248E-02  9.59409E+02   7.374   7.365
 0.260 -1.85279E-01 -3.06051E-01 -5.17384E-01  7.02602E+00  1.73954E+01  4.26059E+00   4.131  2.03174E+08  1.49744E+08  2.54242E+08  9.17019E+07  5.36308E+09  5.96082E-02  1.07018E+03   7.445   7.373
 0.270 -1.28996E-01  6.43189E-01  5.92148E-01 -3.20675E+01  1.81501E+01 -6.64938E+00   3.169  8.19538E+08  8.08038E+08  2.85394E+08  8.97717E+07  5.26257E+09  7.24315E-01  1.02909E+03   7.474   7.377
 0.280  6.61727E-01  4.93174E-01 -1.25830E+00  1.35890E+00 -1.21345E+01  1.24248E+01   6.074  4.71968E+08  4.31250E+08  6.41475E+08  2.28651E+08  1.31255E+10  4.38835E-01  8.20576E+02   7.767   7.535
 0.290 -1.01374E+00  8.81540E-01  1.11330E+00 -3.28361E+01 -3.77317E+01  3.59059E+01   6.254  7.29027E+08  6.12004E+08  5.67417E+08  1.56359E+08  1.15087E+10  3.63128E-01  9.01800E+02   7.630   7.558
 0.300  4.49041E-01 -1.09289E+00 -2.19101E-01 -3.27737E+01 -5.18046E+01  5.63064E+01   5.591  6.06472E+08  5.27402E+08  6.26220E+08  1.93675E+08  9.80666E+09  2.49995E-01  1.00087E+03   7.642   7.564
 0.310 -2.44153E-01 -9.17261E-01  5.71355E-02  1.66157E+01 -3.89220E+01 -4.20327E+00   5.871  8.29700E+08  7.24427E+08  6.17760E+08  2.13334E+08  9.87791E+09  1.01607E-01  1.14361E+03   7.583   7.559
 0.320 -1.55264E+00  4.25488E-01  1.81405E-01  4.98667E+01  4.10538E+01 -7.77013E+01   7.628  1.95915E+09  1.70416E+09  1.14469E+09  5.75120E+08  2.18130E+10  1.07744E+00  1.03177E+03   7.686   7.556
 0.330 -1.37949E-01  1.33522E-01 -1.03243E-02 -1.57355E+01  4.21730E+01 -1.93975E+01   7.179  1.72934E+09  1.53878E+09  8.97575E+08  2.87263E+08  1.54179E+10  9.83331E-01  1.14007E+03   7.719   7.586
 0.340 -2.47802E-01 -3.20107E-01  1.61501E+00 -4.11182E+01  6.53051E+01  5.12497E+01   8.129  2.06938E+09  1.80094E+09  1.20526E+09  5.28421E+08  1.91605E+10  5.43708E-01  1.18148E+03   7.710   7.586
 0.350  1.11996E-02 -3.31524E-01  1.95966E-02 -3.52527E+01  3.87211E+01  3.81627E+01   5.997  1.26053E+09  1.26380E+09  1.18063E+09  4.33397E+08  1.46671E+10  1.47626E+00  1.18208E+03   7.917   7.660
 0.360 -5.95895E-01 -6.08025E-01  1.61837E+00 -1.07055E+01  1.10097E+01  2.65853E+01   8.508  1.76875E+09  1.59841E+09  1.51182E+09  5.54293E+08  2.19409E+10  6.69149E-01  1.20681E+03   7.887   7.693
 0.370  5.15782E-01 -7.09484E-02 -6.70496E-01  4.37483E+00 -1.06259E+01 -3.63516E+01   8.983  2.62383E+09  2.34116E+09  1.65960E+09  6.31585E+08  2.41504E+10  7.50203E-01  1.29777E+03   7.825   7.700
 0.380 -1.09568E-01  5.46524E-01  1.33450E-01 -9.76279E+00 -2.37880E+00  1.46907E+01   9.586  1.90727E+09  1.67491E+09  1.81249E+09  6.76036E+08  2.63138E+10  4.50915E-01  1.37238E+03   7.920   7.714
 0.390 -7.91396E-02 -2.87170E-01  4.74128E-01 -4.12535E-01  7.70420E+00 -9.59274E+00   8.849  1.85169E+09  1.64490E+09  1.82714E+09  6.15979E+08  2.35544E+10  1.18258E+00  1.43305E+03   7.960   7.746
 0.400  5.58422E-02 -8.26274E-02 -1.04399E+00  5.91532E+00 -2.88700E+01 -3.85496E+00   7.259  1.74734E+09  1.65504E+09  1.83569E+09  5.50040E+08  1.92019E+10  1.32689E+00  1.49208E+03   7.991   7.789
 0.410 -4.89522E-01  4.61651E-01  6.60642E-02  1.38719E+01 -9.35196E+00 -6.77962E+00   9.476  1.87700E+09  1.67322E+09  2.14899E+09  6.77983E+08  2.66898E+10  6.53158E-01  1.56001E+03   7.990   7.796
 0.420  4.57143E-02 -4.59016E-01  9.64163E-01 -5.47698E+00  1.93452E+01  4.47689E+00  10.330  2.35481E+09  2.11312E+09  2.37591E+09  7.57976E+08  3.04425E+10  9.23202E-01  1.64109E+03   7.972   7.812
 0.430 -2.73934E-02 -8.67088E-02  5.84171E-01  1.04045E+00  2.23211E+01  3.58173E+00  10.594  2.17036E+09  1.99387E+09  2.54657E+09  7.86478E+08  3.26797E+10  8.53460E-01  1.70681E+03   7.988   7.833
 0.440 -3.23302E-01 -2.92333E-01  1.35286E+00  1.58035E+00  4.34296E+01  1.94021E+01  10.134  2.16098E+09  1.94596E+09  2.59985E+09  7.40102E+08  3.01003E+10  3.98715E-01  1.76397E+03   7.963   7.860
 0.450 -1.55565E-02  7.29955E-01  6.92088E-01  4.49795E+00  8.60611E+00 -2.52652E-01  10.713  1.98070E+09  1.84456E+09  2.81847E+09  7.89176E+08  3.23685E+10  8.82825E-01  1.83664E+03   8.013   7.883
 0.460 -9.30371E-02  1.04503E-01 -1.69093E-01 -7.08642E+00  1.84135E+01  8.03756E+00  10.518  1.34120E+09  1.26993E+09  2.98191E+09  7.88436E+08  3.12993E+10  8.59609E-01  1.87375E+03   8.096   7.918
 0.470 -6.31356E-02 -7.46024E-01 -4.80932E-01  6.37145E+00 -2.12167E+01  2.46296E+00   8.921  1.61484E+09  1.47226E+09  2.89237E+09  6.82327E+08  2.59692E+10  7.83523E-01  1.97724E+03   8.041   7.939
 0.480 -3.07058E-01  7.21793E-01  1.65787E+00  5.27656E+00  4.46249E+01  1.00996E+01  11.174  1.97393E+09  1.78126E+09  3.12429E+09  7.99890E+08  3.30174E+10  3.70639E-01  2.11492E+03   8.006   7.933
 0.490 -6.50259E-01 -5.06680E-01  1.54025E+00  1.10799E+01  6.06427E+01  1.19919E+01  12.070  1.71273E+09  1.55613E+09  3.27336E+09  8.68661E+08  3.59303E+10  3.22267E-01  2.24034E+03   8.009   7.937
 0.500  8.95970E-02  6.83402E-01  5.05326E-01 -7.75534E-01  2.83495E+01  9.50375E-01  10.226  1.62162E+09  1.44635E+09  3.14700E+09  7.45701E+08  2.94545E+10  2.81597E-01  2.34907E+03   8.007   7.950
