  35
 0.160        13092 -0.81785E-03 -0.30261E-01 -0.11723E-01 -0.18834E+00  0.10194E+02 -0.31308E+00 -0.19691E+00  0.93691E+00  0.28883E+00   2.098   1.772
 0.170         5863 -0.16502E-01  0.24030E-01 -0.11581E-01 -0.11998E+02  0.17479E+02 -0.14750E+02  0.32339E+00  0.69182E+00  0.64561E+00   2.013   1.444
 0.180        11449  0.49049E-02  0.61311E-03  0.13795E-02 -0.33427E+02 -0.21683E+02  0.77851E+01 -0.28691E+00  0.58284E+00  0.76025E+00   2.364   1.515
 0.190        13868 -0.38848E-02  0.36906E-01 -0.97121E-03  0.11232E+01  0.82870E+02 -0.37973E+02 -0.52582E+00  0.84303E+00  0.11321E+00   2.126   1.425
 0.200        31658  0.38503E-01 -0.14311E-01 -0.68146E-02 -0.12934E+02 -0.91154E+01 -0.73795E+01 -0.14866E+00  0.85826E+00  0.49121E+00   2.653   1.508
 0.210          479 -0.38278E-01 -0.12878E-01 -0.12521E-02  0.47588E+01  0.30866E+01  0.25239E+02 -0.15268E+00  0.72423E+00  0.67244E+00   2.911   1.419
 0.220        48792 -0.16871E-01 -0.12747E-01  0.56236E-02 -0.76906E+01 -0.13393E+02 -0.57081E+01  0.15134E+00  0.67683E+00  0.72041E+00   3.028   1.361
 0.230        51094 -0.15277E-01 -0.21937E-01  0.11556E-01  0.33079E+02 -0.61382E+02  0.93349E+02 -0.50496E-01  0.87281E+00  0.48545E+00   3.246   1.821
 0.240        13083  0.24530E-01  0.20442E-01 -0.51105E-02  0.11707E+02  0.27530E+02  0.12397E+02 -0.14960E+00  0.98874E+00  0.37988E-02   2.160   1.677
 0.250        31667 -0.20871E-01  0.10222E-01 -0.15334E-01  0.86768E+00 -0.13017E+02 -0.22630E+02 -0.98057E+00 -0.54546E-01 -0.18845E+00   4.399   3.007
 0.260        15207 -0.20372E-01 -0.66430E-02  0.95216E-02  0.46257E+02  0.40697E+02 -0.42030E+02 -0.81270E+00  0.55077E+00 -0.19017E+00   4.131   1.660
 0.270         2440  0.11036E-01 -0.50583E-02  0.89669E-02  0.13151E+02  0.40647E+02 -0.62827E+02 -0.96534E+00 -0.13208E+00  0.22511E+00   3.169   1.762
 0.280        74062  0.13830E-01  0.33384E-02  0.10492E-01  0.10292E+02 -0.93261E+00 -0.41154E+02 -0.82928E+00 -0.67988E-01 -0.55468E+00   6.074   2.580
 0.290        81461 -0.49388E-03  0.18274E-01  0.37041E-02 -0.31664E+02 -0.31278E+02  0.18649E+02 -0.95449E+00  0.10967E+00  0.27736E+00   6.254   4.348
 0.300        57452 -0.20442E-02  0.25552E-02 -0.19675E-01 -0.17625E+02 -0.50142E+02  0.13917E+02 -0.87792E+00 -0.21671E+00 -0.42696E+00   5.591   1.548
 0.310        11777  0.26405E-02  0.17956E-01 -0.26405E-02 -0.31543E+02  0.69737E+02  0.93237E+00 -0.87909E+00 -0.40374E+00 -0.25336E+00   5.871   2.126
 0.320        42387  0.10902E-02 -0.16353E-02  0.87214E-02 -0.11100E+02  0.10516E+02  0.43187E+02 -0.58918E+00 -0.51173E+00 -0.62531E+00   7.628   3.916
 0.330        56907  0.11243E-01  0.11243E-02  0.67461E-02  0.23063E+01 -0.26871E+02 -0.76448E+02 -0.77924E+00 -0.13728E+00 -0.61151E+00   7.179   3.068
 0.340       177807  0.21431E-01  0.52130E-02  0.21431E-01 -0.53740E+02  0.41131E+02  0.19470E+02 -0.93231E+00 -0.32623E+00 -0.15610E+00   8.129   4.499
 0.350        75691  0.29803E-02  0.00000E+00 -0.53646E-02 -0.25301E+02  0.44007E+02  0.43709E+02 -0.87688E+00 -0.36329E+00 -0.31479E+00   5.997   1.885
 0.360       180557 -0.67457E-02 -0.24530E-02  0.30662E-02  0.29869E+01  0.11084E+02 -0.26199E+02 -0.84495E+00 -0.53453E+00 -0.18460E-01   8.508   4.787
 0.370       190317 -0.24574E-01  0.11342E-01  0.10082E-01  0.47878E+00  0.46189E+01  0.23363E+01 -0.94491E+00 -0.31290E+00 -0.96076E-01   8.983   3.194
 0.380         5826  0.27188E-01 -0.10357E-01  0.19420E-02 -0.56444E+01 -0.45182E+02 -0.86467E+01 -0.83368E+00 -0.55195E+00 -0.18286E-01   9.586   4.555
 0.390         4998 -0.17935E-01  0.26571E-02  0.53142E-02 -0.28520E+02 -0.20178E+02  0.70563E+02 -0.96880E+00 -0.24766E+00 -0.10087E-01   8.849   4.151
 0.400       182827  0.54504E-02  0.47691E-02  0.27252E-02  0.34533E+02 -0.55967E+01 -0.46776E+02 -0.95359E+00 -0.29827E+00 -0.41179E-01   7.259   2.982
 0.410       190720 -0.55869E-02  0.18157E-01 -0.48885E-02 -0.72028E+01  0.15148E+02 -0.21682E+02 -0.86385E+00 -0.50251E+00  0.35468E-01   9.476   4.455
 0.420       248017  0.12159E-01 -0.14305E-01 -0.50068E-02  0.13963E+01 -0.42659E+02 -0.65587E+02 -0.95315E+00 -0.25035E+00 -0.16980E+00  10.330   3.828
 0.430       233692  0.14652E-01 -0.51282E-02  0.95238E-02 -0.62598E+02  0.54894E+02 -0.94874E+02 -0.94408E+00 -0.32176E+00 -0.71961E-01  10.594   4.291
 0.440       280069 -0.44971E-02 -0.14990E-02  0.22485E-02  0.24553E+02  0.52114E+00 -0.53153E+02 -0.99811E+00 -0.39631E-01 -0.47012E-01  10.134   4.020
 0.450       269993 -0.30655E-02  0.15328E-02  0.15328E-02 -0.12530E+02  0.98610E+01  0.68622E+02 -0.99725E+00 -0.23306E-01 -0.70413E-01  10.713   4.212
 0.460       285858 -0.31346E-02  0.00000E+00  0.47019E-02 -0.77837E+02  0.34308E+01 -0.86163E+02 -0.97251E+00 -0.82879E-01 -0.21763E+00  10.518   3.755
 0.470       311576 -0.16011E-02  0.88058E-02 -0.32021E-02  0.47748E+02  0.12682E+02 -0.47652E+02 -0.95405E+00  0.36142E-01 -0.29747E+00   8.921   2.557
 0.480       327402  0.65412E-02 -0.57235E-02 -0.24529E-02  0.62658E+01  0.15066E+02 -0.12699E+02 -0.88130E+00  0.16239E+00 -0.44378E+00  11.174   3.583
 0.490       344284 -0.33380E-02  0.25035E-02  0.25035E-02  0.14471E+03 -0.62107E+01 -0.95400E+02 -0.92429E+00  0.21950E+00 -0.31226E+00  12.070   2.929
 0.500       292638  0.85172E-03 -0.51103E-02 -0.85172E-03 -0.18808E+02 -0.13572E+01  0.13378E+02 -0.90232E+00  0.17317E+00 -0.39474E+00  10.226   3.833
