  35
 0.160  3.50284E-01  9.12232E-02 -2.84268E-02  6.19274E+00  4.27085E+01 -3.73560E+01 -1.96912E-01  9.36910E-01  2.88834E-01  6.31031E+01   2.098   1.772  6.68830E+07  6.17622E+07  4.21147E+06  0.00000E+00  1.31026E+08  7.37428E-04  4.33695E+02   7.117   7.305
 0.170 -2.54647E-01 -1.22199E-01  8.13551E-02 -4.27010E+00  1.83353E+01 -1.97014E+01  3.23390E-01  6.91817E-01  6.45607E-01  3.20609E+01   2.013   1.444  9.84539E+07  8.93226E+07  9.84939E+06  1.55048E+06  2.11337E+08  3.15307E-02  3.70407E+02   7.483   7.295
 0.180  2.36134E-01 -2.86239E-01  3.85184E-01 -1.66094E+00  1.69698E+01 -2.05368E+01 -2.86910E-01  5.82839E-01  7.60251E-01  5.05172E+01   2.364   1.515  1.09750E+08  9.63131E+07  8.35324E+06  1.57767E+06  2.51410E+08  6.23102E-03  5.81118E+02   7.508   7.341
 0.190  3.04345E-01  1.39575E-01 -5.58656E-03  2.77400E+01  1.78963E+01 -4.11881E+01 -5.25822E-01  8.43027E-01  1.13214E-01  8.30884E+01   2.126   1.425  1.18283E+08  1.08708E+08  5.86413E+06  7.23615E+05  1.23710E+08  4.35979E-03  5.98553E+02   7.392   7.335
 0.200  4.65000E-01 -3.81340E-02  4.75711E-01  3.40634E+01 -3.80128E-01 -1.89812E+01 -1.48657E-01  8.58260E-01  4.91214E-01  1.04306E+02   2.653   1.508  1.80231E+08  1.62130E+08  1.12181E+07  1.97699E+06  2.29046E+08  2.88706E-02  6.18665E+02   7.398   7.351
 0.210  3.40794E-01 -3.36018E-01  8.06334E-01  2.28559E+01  2.37218E+01 -2.94717E+01 -1.52679E-01  7.24230E-01  6.72443E-01  1.52283E+02   2.911   1.419  1.57240E+08  1.43457E+08  1.40326E+07  3.02229E+06  2.86245E+08  4.46180E-02  6.83864E+02   7.393   7.352
 0.220  8.86037E-02  1.00392E-01  2.76604E-01  1.67425E+01  5.33246E+01 -9.13062E+00  1.51338E-01  6.76832E-01  7.20414E-01  1.15243E+02   3.028   1.361  3.12096E+08  2.96145E+08  2.38694E+07  3.56557E+06  3.47851E+08  1.64799E-01  4.70102E+02   7.438   7.376
 0.230  4.93786E-01 -4.30919E-01  6.23745E-01  2.09441E+01  1.87696E+01 -4.73322E+01 -5.04956E-02  8.72807E-01  4.85446E-01  9.29438E+01   3.246   1.821  2.45792E+08  2.25115E+08  2.03904E+07  2.94275E+06  2.83917E+08  1.19544E-01  4.94854E+02   7.471   7.381
 0.240  4.26623E-01  2.00892E-01 -9.92374E-02  4.88073E+01  6.34993E+01 -6.15140E+01 -1.49599E-01  9.88739E-01  3.79883E-03  6.74063E+01   2.160   1.677  1.64885E+08  1.50794E+08  8.50964E+06  1.30033E+06  1.46157E+08  1.64599E-02  8.05537E+02   7.285   7.415
 0.250 -4.47605E-02  1.28748E+00 -2.37450E-01 -1.68491E+01  2.33863E+01 -6.76330E+01 -9.80566E-01 -5.45458E-02 -1.88454E-01  1.96948E+02   4.399   3.007  1.92862E+08  1.33949E+08  2.78120E+07  1.07630E+07  6.29357E+08  4.87351E-03  9.03835E+02   7.366   7.364
 0.260 -1.85279E-01 -3.06051E-01 -5.17384E-01  7.02602E+00  1.73954E+01  4.26059E+00 -8.12703E-01  5.50770E-01 -1.90172E-01  8.15188E+01   4.131   1.660  1.68880E+08  1.32258E+08  2.41175E+07  7.32943E+06  3.71129E+08  2.78639E-02  8.82461E+02   7.460   7.389
 0.270 -1.28996E-01  6.43189E-01  5.92148E-01 -3.20675E+01  1.81501E+01 -6.64938E+00 -9.65339E-01 -1.32079E-01  2.25113E-01  8.40879E+01   3.169   1.762  8.00248E+08  7.61155E+08  3.31144E+07  1.52067E+07  7.71689E+08  1.34941E-01  9.23775E+02   7.469   7.286
 0.280  6.61727E-01  4.93174E-01 -1.25830E+00  1.35890E+00 -1.21345E+01  1.24248E+01 -8.29281E-01 -6.79885E-02 -5.54681E-01  1.93289E+02   6.074   2.580  4.16131E+08  3.47787E+08  1.55056E+08  9.28879E+07  2.57537E+09  1.86430E-01  8.01832E+02   7.749   7.481
 0.290 -1.01374E+00  8.81540E-01  1.11330E+00 -3.28361E+01 -3.77317E+01  3.59059E+01 -9.54486E-01  1.09674E-01  2.77358E-01  1.34813E+02   6.254   4.348  7.63487E+08  6.19930E+08  5.04902E+07  1.13238E+07  1.14057E+09  2.56228E-02  8.82760E+02   7.632   7.567
 0.300  4.49041E-01 -1.09289E+00 -2.19101E-01 -3.27737E+01 -5.18046E+01  5.63064E+01 -8.77918E-01 -2.16712E-01 -4.26960E-01  3.01746E+02   5.591   1.548  5.16355E+08  4.64564E+08  7.41019E+07  2.11305E+07  1.00581E+09  1.19186E-01  1.06795E+03   7.628   7.548
 0.310 -2.44153E-01 -9.17261E-01  5.71355E-02  1.66157E+01 -3.89220E+01 -4.20327E+00 -8.79089E-01 -4.03743E-01 -2.53364E-01  3.32503E+02   5.871   2.126  7.43034E+08  6.64675E+08  6.33787E+07  1.86532E+07  7.84160E+08  4.77227E-02  1.02110E+03   7.566   7.573
 0.320 -1.55264E+00  4.25488E-01  1.81405E-01  4.98667E+01  4.10538E+01 -7.77013E+01 -5.89175E-01 -5.11727E-01 -6.25307E-01  4.62859E+02   7.628   3.916  1.92285E+09  1.66418E+09  2.70807E+08  1.75989E+08  3.27399E+09  6.10268E-01  7.96227E+02   7.681   7.560
 0.330 -1.37949E-01  1.33522E-01 -1.03243E-02 -1.57355E+01  4.21730E+01 -1.93975E+01 -7.79236E-01 -1.37276E-01 -6.11512E-01  3.17657E+02   7.179   3.068  1.53412E+09  1.37381E+09  1.40412E+08  3.91391E+07  1.77326E+09  4.71317E-01  9.24025E+02   7.711   7.591
 0.340 -2.47802E-01 -3.20107E-01  1.61501E+00 -4.11182E+01  6.53051E+01  5.12497E+01 -9.32314E-01 -3.26230E-01 -1.56095E-01  4.86615E+02   8.129   4.499  1.97366E+09  1.71499E+09  1.30488E+08  3.62500E+07  1.88682E+09  2.70274E-01  1.05306E+03   7.704   7.597
 0.350  1.11996E-02 -3.31524E-01  1.95966E-02 -3.52527E+01  3.87211E+01  3.81627E+01 -8.76884E-01 -3.63292E-01 -3.14790E-01  1.08400E+02   5.997   1.885  1.10077E+09  1.03171E+09  1.16130E+08  2.95382E+07  1.06525E+09  2.19596E-01  1.05102E+03   7.914   7.680
 0.360 -5.95895E-01 -6.08025E-01  1.61837E+00 -1.07055E+01  1.10097E+01  2.65853E+01 -8.44950E-01 -5.34527E-01 -1.84598E-02  3.24124E+02   8.508   4.787  1.70681E+09  1.49314E+09  1.13107E+08  3.59555E+07  1.55635E+09  5.49594E-02  1.18356E+03   7.880   7.679
 0.370  5.15782E-01 -7.09484E-02 -6.70496E-01  4.37483E+00 -1.06259E+01 -3.63516E+01 -9.44914E-01 -3.12900E-01 -9.60758E-02  4.48675E+02   8.983   3.194  2.28194E+09  2.06677E+09  1.34269E+08  3.53277E+07  1.65453E+09  2.44049E-01  1.19745E+03   7.823   7.715
 0.380 -1.09568E-01  5.46524E-01  1.33450E-01 -9.76279E+00 -2.37880E+00  1.46907E+01 -8.33677E-01 -5.51949E-01 -1.82863E-02  4.09590E+02   9.586   4.555  1.76333E+09  1.53383E+09  1.56485E+08  4.37597E+07  1.89031E+09  1.17804E-01  1.25961E+03   7.906   7.739
 0.390 -7.91396E-02 -2.87170E-01  4.74128E-01 -4.12535E-01  7.70420E+00 -9.59274E+00 -9.68796E-01 -2.47655E-01 -1.00872E-02  2.17831E+02   8.849   4.151  1.68281E+09  1.45115E+09  1.64533E+08  5.32758E+07  1.94951E+09  3.72846E-02  1.44573E+03   7.960   7.747
 0.400  5.58422E-02 -8.26274E-02 -1.04399E+00  5.91532E+00 -2.88700E+01 -3.85496E+00 -9.53593E-01 -2.98271E-01 -4.11786E-02  2.40418E+02   7.259   2.982  1.55383E+09  1.42152E+09  1.85301E+08  5.11589E+07  1.61039E+09  2.33537E-01  1.35050E+03   7.988   7.809
 0.410 -4.89522E-01  4.61651E-01  6.60642E-02  1.38719E+01 -9.35196E+00 -6.77962E+00 -8.63845E-01 -5.02507E-01  3.54683E-02  2.82747E+02   9.476   4.455  1.67040E+09  1.46394E+09  1.90903E+08  5.24469E+07  2.18737E+09  8.34796E-02  1.52004E+03   7.985   7.812
 0.420  4.57143E-02 -4.59016E-01  9.64163E-01 -5.47698E+00  1.93452E+01  4.47689E+00 -9.53148E-01 -2.50352E-01 -1.69804E-01  3.85069E+02  10.330   3.828  2.03943E+09  1.82218E+09  2.46801E+08  6.99141E+07  2.48908E+09  1.98760E-01  1.47698E+03   7.962   7.825
 0.430 -2.73934E-02 -8.67088E-02  5.84171E-01  1.04045E+00  2.23211E+01  3.58173E+00 -9.44083E-01 -3.21758E-01 -7.19607E-02  4.03682E+02  10.594   4.291  1.93383E+09  1.74970E+09  2.36069E+08  6.30380E+07  2.60888E+09  1.64706E-01  1.60206E+03   7.985   7.835
 0.440 -3.23302E-01 -2.92333E-01  1.35286E+00  1.58035E+00  4.34296E+01  1.94021E+01 -9.98108E-01 -3.96308E-02 -4.70118E-02  4.07268E+02  10.134   4.020  1.88185E+09  1.70659E+09  2.85938E+08  7.89498E+07  2.69210E+09  5.52977E-02  1.66331E+03   7.952   7.845
 0.450 -1.55565E-02  7.29955E-01  6.92088E-01  4.49795E+00  8.60611E+00 -2.52652E-01 -9.97246E-01 -2.33058E-02 -7.04134E-02  3.57234E+02  10.713   4.212  1.72054E+09  1.55422E+09  3.03587E+08  8.05049E+07  2.86744E+09  1.70883E-01  1.71625E+03   8.003   7.871
 0.460 -9.30371E-02  1.04503E-01 -1.69093E-01 -7.08642E+00  1.84135E+01  8.03756E+00 -9.72507E-01 -8.28785E-02 -2.17627E-01  3.00990E+02  10.518   3.755  1.15004E+09  1.01755E+09  3.01167E+08  7.74942E+07  2.56797E+09  1.33417E-01  1.68578E+03   8.088   7.910
 0.470 -6.31356E-02 -7.46024E-01 -4.80932E-01  6.37145E+00 -2.12167E+01  2.46296E+00 -9.54046E-01  3.61416E-02 -2.97473E-01  3.88424E+02   8.921   2.557  1.35594E+09  1.23169E+09  3.00237E+08  6.13349E+07  1.93388E+09  9.67971E-02  1.82882E+03   8.041   7.926
 0.480 -3.07058E-01  7.21793E-01  1.65787E+00  5.27656E+00  4.46249E+01  1.00996E+01 -8.81299E-01  1.62387E-01 -4.43782E-01  6.09640E+02  11.174   3.583  1.68473E+09  1.54447E+09  3.37809E+08  7.69839E+07  2.46954E+09  2.05064E-01  1.79274E+03   8.002   7.929
 0.490 -6.50259E-01 -5.06680E-01  1.54025E+00  1.10799E+01  6.06427E+01  1.19919E+01 -9.24293E-01  2.19496E-01 -3.12256E-01  6.52734E+02  12.070   2.929  1.47260E+09  1.36477E+09  3.75682E+08  8.49711E+07  2.58003E+09  9.94982E-02  1.88292E+03   7.991   7.934
 0.500  8.95970E-02  6.83402E-01  5.05326E-01 -7.75534E-01  2.83495E+01  9.50375E-01 -9.02325E-01  1.73171E-01 -3.94743E-01  4.87721E+02  10.226   3.833  1.46072E+09  1.31791E+09  3.65642E+08  7.53714E+07  2.47669E+09  4.71263E-02  2.04306E+03   8.003   7.950
