  35
 0.160  1.47500E+01  2.18165E+10  7.97500E+01
 0.170  1.60000E+01  2.28942E+10  7.84400E+01
 0.180  1.70000E+01  2.34902E+10  7.70821E+01
 0.190  1.82500E+01  2.43896E+10  7.58062E+01
 0.200  1.95000E+01  2.55965E+10  7.51289E+01
 0.210  2.15000E+01  2.93818E+10  7.66574E+01
 0.220  2.35000E+01  3.35186E+10  7.83147E+01
 0.230  2.80000E+01  5.02396E+10  8.78371E+01
 0.240  3.15000E+01  6.30345E+10  9.27616E+01
 0.250  3.42500E+01  7.17521E+10  9.49120E+01
 0.260  3.80000E+01  8.65156E+10  9.89441E+01
 0.270  4.22500E+01  1.06898E+11  1.04305E+02
 0.280  4.67500E+01  1.29245E+11  1.09031E+02
 0.290  4.95000E+01  1.39109E+11  1.09928E+02
 0.300  5.42500E+01  1.64226E+11  1.14092E+02
 0.310  5.85000E+01  1.86783E+11  1.17172E+02
 0.320  6.07500E+01  1.90667E+11  1.16171E+02
 0.330  6.32500E+01  1.94280E+11  1.14926E+02
 0.340  6.52500E+01  1.99321E+11  1.14609E+02
 0.350  6.75000E+01  2.02561E+11  1.13595E+02
 0.360  6.92500E+01  1.99878E+11  1.11406E+02
 0.370  7.05000E+01  1.94022E+11  1.08784E+02
 0.380  7.17500E+01  1.92110E+11  1.07300E+02
 0.390  7.35000E+01  1.93025E+11  1.06267E+02
 0.400  7.55000E+01  1.94436E+11  1.05232E+02
 0.410  7.80000E+01  2.00508E+11  1.05136E+02
 0.420  8.05000E+01  2.04590E+11  1.04539E+02
 0.430  8.27500E+01  2.07743E+11  1.03900E+02
 0.440  8.45000E+01  2.08805E+11  1.03081E+02
 0.450  8.62500E+01  2.09814E+11  1.02276E+02
 0.460  8.82500E+01  2.10866E+11  1.01363E+02
 0.470  8.97500E+01  2.09695E+11  1.00233E+02
 0.480  9.07500E+01  2.06890E+11  9.90103E+01
 0.490  9.25000E+01  2.06617E+11  9.80045E+01
 0.500  9.42500E+01  2.07001E+11  9.71806E+01
