  35
 0.160   2.098  7.70700E+07  9.60554E+07  7.57364E+07  3.83321E+02  0.00000E+00  0.00000E+00  0.00000E+00  7.70700E+07  9.60554E+07  7.57364E+07
 0.170   2.013  8.71729E+07  1.08913E+08  8.54993E+07  4.43891E+02  1.90975E+07  2.41614E+07  1.87179E+07  6.80754E+07  8.47520E+07  6.67815E+07
 0.180   2.364  1.10733E+08  1.39240E+08  1.08422E+08  5.07433E+02  3.08545E+07  3.91882E+07  3.02051E+07  7.98788E+07  1.00051E+08  7.82171E+07
 0.190   2.126  1.03753E+08  1.31845E+08  1.01265E+08  6.03689E+02  2.48726E+07  3.17492E+07  2.42966E+07  7.88803E+07  1.00096E+08  7.69688E+07
 0.200   2.653  1.28291E+08  1.63706E+08  1.24991E+08  6.74259E+02  3.94709E+07  5.07083E+07  3.84336E+07  8.88197E+07  1.12998E+08  8.65573E+07
 0.210   2.911  1.45605E+08  1.87066E+08  1.41579E+08  7.60049E+02  5.03211E+07  6.52003E+07  4.88747E+07  9.52843E+07  1.21865E+08  9.27038E+07
 0.220   3.028  1.85747E+08  2.36344E+08  1.80780E+08  7.67364E+02  6.05425E+07  7.88778E+07  5.86709E+07  1.25205E+08  1.57467E+08  1.22109E+08
 0.230   3.246  1.99822E+08  2.54332E+08  1.94613E+08  7.82540E+02  5.43460E+07  7.11159E+07  5.25521E+07  1.45476E+08  1.83216E+08  1.42061E+08
 0.240   2.160  1.52157E+08  1.95493E+08  1.47837E+08  8.79735E+02  2.98248E+07  3.91561E+07  2.87571E+07  1.22332E+08  1.56337E+08  1.19080E+08
 0.250   4.399  2.70144E+08  3.50948E+08  2.62256E+08  9.59409E+02  1.04760E+08  1.36857E+08  1.01394E+08  1.65384E+08  2.14092E+08  1.60862E+08
 0.260   4.131  2.54242E+08  3.32657E+08  2.46262E+08  1.07018E+03  9.17019E+07  1.20563E+08  8.85740E+07  1.62540E+08  2.12093E+08  1.57688E+08
 0.270   3.169  2.85394E+08  3.66169E+08  2.77067E+08  1.02909E+03  8.97717E+07  1.18707E+08  8.65340E+07  1.95622E+08  2.47462E+08  1.90533E+08
 0.280   6.074  6.41475E+08  8.13972E+08  6.27692E+08  8.20576E+02  2.28651E+08  3.02486E+08  2.21102E+08  4.12824E+08  5.11486E+08  4.06590E+08
 0.290   6.254  5.67417E+08  7.29503E+08  5.54548E+08  9.01800E+02  1.56359E+08  2.07285E+08  1.50677E+08  4.11058E+08  5.22218E+08  4.03871E+08
 0.300   5.591  6.26220E+08  8.13835E+08  6.11209E+08  1.00087E+03  1.93675E+08  2.57673E+08  1.86689E+08  4.32545E+08  5.56163E+08  4.24520E+08
 0.310   5.871  6.17760E+08  8.12856E+08  6.01470E+08  1.14361E+03  2.13334E+08  2.85073E+08  2.05627E+08  4.04426E+08  5.27783E+08  3.95843E+08
 0.320   7.628  1.14469E+09  1.48634E+09  1.11897E+09  1.03177E+03  5.75120E+08  7.56798E+08  5.59692E+08  5.69571E+08  7.29543E+08  5.59281E+08
 0.330   7.179  8.97575E+08  1.16941E+09  8.75705E+08  1.14007E+03  2.87263E+08  3.84970E+08  2.76583E+08  6.10312E+08  7.84440E+08  5.99121E+08
 0.340   8.129  1.20526E+09  1.58371E+09  1.17639E+09  1.18148E+03  5.28421E+08  7.05397E+08  5.12106E+08  6.76839E+08  8.78311E+08  6.64283E+08
 0.350   5.997  1.18063E+09  1.54135E+09  1.15317E+09  1.18208E+03  4.33397E+08  5.81522E+08  4.19123E+08  7.47236E+08  9.59830E+08  7.34046E+08
 0.360   8.508  1.51182E+09  1.98365E+09  1.47737E+09  1.20681E+03  5.54293E+08  7.46654E+08  5.35571E+08  9.57525E+08  1.23699E+09  9.41794E+08
 0.370   8.983  1.65960E+09  2.19369E+09  1.62037E+09  1.29777E+03  6.31585E+08  8.53364E+08  6.09963E+08  1.02802E+09  1.34033E+09  1.01041E+09
 0.380   9.586  1.81249E+09  2.40873E+09  1.76878E+09  1.37238E+03  6.76036E+08  9.18589E+08  6.52171E+08  1.13645E+09  1.49014E+09  1.11661E+09
 0.390   8.849  1.82714E+09  2.42938E+09  1.78213E+09  1.43305E+03  6.15979E+08  8.39056E+08  5.92601E+08  1.21116E+09  1.59033E+09  1.18953E+09
 0.400   7.259  1.83569E+09  2.44369E+09  1.78975E+09  1.49208E+03  5.50040E+08  7.53404E+08  5.27539E+08  1.28565E+09  1.69028E+09  1.26221E+09
 0.410   9.476  2.14899E+09  2.87396E+09  2.09451E+09  1.56001E+03  6.77983E+08  9.31384E+08  6.50172E+08  1.47101E+09  1.94257E+09  1.44433E+09
 0.420  10.330  2.37591E+09  3.18792E+09  2.31422E+09  1.64109E+03  7.57976E+08  1.04488E+09  7.26054E+08  1.61794E+09  2.14303E+09  1.58816E+09
 0.430  10.594  2.54657E+09  3.42477E+09  2.47955E+09  1.70681E+03  7.86478E+08  1.08767E+09  7.52217E+08  1.76009E+09  2.33710E+09  1.72733E+09
 0.440  10.134  2.59985E+09  3.50576E+09  2.53055E+09  1.76397E+03  7.40102E+08  1.02474E+09  7.06393E+08  1.85975E+09  2.48102E+09  1.82416E+09
 0.450  10.713  2.81847E+09  3.80564E+09  2.74186E+09  1.83664E+03  7.89176E+08  1.09641E+09  7.51824E+08  2.02929E+09  2.70922E+09  1.99004E+09
 0.460  10.518  2.98191E+09  4.02712E+09  2.90090E+09  1.87375E+03  7.88436E+08  1.09709E+09  7.49921E+08  2.19347E+09  2.93002E+09  2.15098E+09
 0.470   8.921  2.89237E+09  3.92727E+09  2.81078E+09  1.97724E+03  6.82327E+08  9.52054E+08  6.46197E+08  2.21005E+09  2.97521E+09  2.16458E+09
 0.480  11.174  3.12429E+09  4.26683E+09  3.03198E+09  2.11492E+03  7.99890E+08  1.11843E+09  7.57762E+08  2.32440E+09  3.14840E+09  2.27422E+09
 0.490  12.070  3.27336E+09  4.48850E+09  3.17278E+09  2.24034E+03  8.68661E+08  1.21701E+09  8.22442E+08  2.40470E+09  3.27149E+09  2.35034E+09
 0.500  10.226  3.14700E+09  4.33134E+09  3.04694E+09  2.34907E+03  7.45701E+08  1.04551E+09  7.03028E+08  2.40130E+09  3.28583E+09  2.34392E+09
