  41
 0.100   1.000   0.523  4.88935E+06  5.52316E+06  4.87179E+06  6.39974E+01  0.00000E+00  0.00000E+00  0.00000E+00  4.88935E+06  5.52316E+06  4.87179E+06
 0.110   1.185   0.939  2.87617E+06  3.39149E+06  2.85566E+06  1.25209E+02  5.17546E+05  6.19452E+05  5.12876E+05  2.35862E+06  2.77204E+06  2.34278E+06
 0.120   1.525   1.190  7.24126E+06  8.39714E+06  7.17384E+06  1.57532E+02  2.73947E+06  3.36658E+06  2.69360E+06  4.50180E+06  5.03056E+06  4.48024E+06
 0.130   1.283   0.565  4.06757E+07  4.66659E+07  4.05041E+07  9.47598E+01  4.78017E+06  5.82995E+06  4.71222E+06  3.58955E+07  4.08359E+07  3.57918E+07
 0.140   1.698   0.670  1.38931E+08  1.53142E+08  1.38542E+08  6.72159E+01  1.41300E+07  1.74453E+07  1.39021E+07  1.24801E+08  1.35697E+08  1.24640E+08
 0.150   2.374   1.179  3.18086E+08  3.66911E+08  3.16998E+08  9.99220E+01  2.10300E+07  2.59723E+07  2.06958E+07  2.97056E+08  3.40938E+08  2.96302E+08
 0.160   3.128   1.001  5.55484E+08  6.46263E+08  5.53208E+08  1.24902E+02  4.38189E+07  5.40342E+07  4.32256E+07  5.11665E+08  5.92229E+08  5.09982E+08
 0.170   3.573   1.522  9.40798E+08  1.11780E+09  9.35838E+08  1.68130E+02  8.95503E+07  1.10985E+08  8.84274E+07  8.51248E+08  1.00682E+09  8.47411E+08
 0.180   3.943   1.452  1.17917E+09  1.42168E+09  1.17098E+09  2.24675E+02  1.35950E+08  1.69209E+08  1.34203E+08  1.04322E+09  1.25247E+09  1.03678E+09
 0.190   3.951   1.431  2.22148E+09  2.61095E+09  2.20981E+09  1.81031E+02  1.71857E+08  2.16795E+08  1.69222E+08  2.04962E+09  2.39415E+09  2.04059E+09
 0.200   1.715   0.500  2.45916E+09  2.88707E+09  2.44740E+09  1.76812E+02  4.00685E+07  5.14320E+07  3.90331E+07  2.41909E+09  2.83563E+09  2.40836E+09
 0.210   5.375   1.983  3.76024E+09  4.49345E+09  3.73886E+09  2.22251E+02  3.96817E+08  4.98682E+08  3.91753E+08  3.36342E+09  3.99477E+09  3.34711E+09
 0.220   4.612   0.964  6.40238E+09  7.76207E+09  6.36111E+09  2.65408E+02  8.27462E+08  1.04859E+09  8.16421E+08  5.57491E+09  6.71347E+09  5.54469E+09
 0.230   4.890   2.247  6.94981E+09  8.55286E+09  6.89181E+09  3.46043E+02  9.31322E+08  1.19618E+09  9.15683E+08  6.01849E+09  7.35669E+09  5.97613E+09
 0.240   2.517   0.500  7.08283E+09  8.65886E+09  7.02490E+09  3.55442E+02  3.25083E+08  4.22405E+08  3.18244E+08  6.75775E+09  8.23645E+09  6.70666E+09
 0.250   1.000   0.500  5.01352E+09  6.09183E+09  4.97757E+09  3.30455E+02  3.45555E+08  4.45362E+08  3.39786E+08  4.66797E+09  5.64647E+09  4.63778E+09
 0.260   6.400   1.544  9.65602E+09  1.20356E+10  9.56303E+09  4.47706E+02  1.54358E+09  1.99068E+09  1.51799E+09  8.11243E+09  1.00449E+10  8.04504E+09
 0.270   5.539   0.951  1.04477E+10  1.31347E+10  1.03430E+10  4.90554E+02  1.30355E+09  1.70044E+09  1.27946E+09  9.14415E+09  1.14343E+10  9.06355E+09
 0.280   5.771   0.946  1.24919E+10  1.57942E+10  1.23602E+10  5.37849E+02  1.46463E+09  1.91960E+09  1.43621E+09  1.10272E+10  1.38746E+10  1.09240E+10
 0.290   7.057   1.870  1.48949E+10  1.90643E+10  1.47166E+10  6.27469E+02  2.18174E+09  2.86049E+09  2.13903E+09  1.27131E+10  1.62038E+10  1.25776E+10
 0.300   7.749   1.475  1.51162E+10  1.94911E+10  1.49202E+10  7.02206E+02  2.03073E+09  2.68828E+09  1.98646E+09  1.30854E+10  1.68028E+10  1.29337E+10
 0.310   8.695   1.089  1.47521E+10  1.91692E+10  1.45449E+10  7.84087E+02  1.92427E+09  2.55543E+09  1.88057E+09  1.28278E+10  1.66138E+10  1.26643E+10
 0.320   9.476   1.430  1.62034E+10  2.12256E+10  1.59527E+10  8.84319E+02  2.28368E+09  3.04625E+09  2.22912E+09  1.39198E+10  1.81793E+10  1.37236E+10
 0.330   9.484   1.178  1.58364E+10  2.08548E+10  1.55694E+10  9.77748E+02  2.11055E+09  2.82751E+09  2.05604E+09  1.37258E+10  1.80273E+10  1.35134E+10
 0.340  10.569   1.569  1.67967E+10  2.22004E+10  1.64952E+10  1.05901E+03  2.56833E+09  3.44312E+09  2.50136E+09  1.42283E+10  1.87573E+10  1.39938E+10
 0.350  11.432   1.764  1.75679E+10  2.33027E+10  1.72336E+10  1.14079E+03  2.67702E+09  3.61005E+09  2.60218E+09  1.48909E+10  1.96927E+10  1.46314E+10
 0.360  10.065   1.337  1.70523E+10  2.27187E+10  1.67050E+10  1.23934E+03  2.28210E+09  3.09796E+09  2.21174E+09  1.47702E+10  1.96208E+10  1.44933E+10
 0.370  12.536   2.637  1.94135E+10  2.58098E+10  1.90169E+10  1.26543E+03  3.21288E+09  4.35406E+09  3.11645E+09  1.62006E+10  2.14558E+10  1.59004E+10
 0.380  13.447   2.564  1.97187E+10  2.63421E+10  1.92972E+10  1.34926E+03  3.19915E+09  4.35192E+09  3.09835E+09  1.65196E+10  2.19902E+10  1.61989E+10
 0.390  14.962   2.471  2.05312E+10  2.74027E+10  2.00818E+10  1.40352E+03  3.33987E+09  4.53964E+09  3.23338E+09  1.71914E+10  2.28630E+10  1.68485E+10
 0.400  13.476   2.520  2.20769E+10  2.96361E+10  2.15688E+10  1.49826E+03  3.54158E+09  4.82999E+09  3.42575E+09  1.85353E+10  2.48061E+10  1.81430E+10
 0.410  14.727   3.085  2.32277E+10  3.12719E+10  2.26773E+10  1.57252E+03  3.98830E+09  5.43520E+09  3.85863E+09  1.92394E+10  2.58367E+10  1.88187E+10
 0.420  15.063   3.060  2.42691E+10  3.27657E+10  2.36712E+10  1.66400E+03  4.08921E+09  5.59923E+09  3.95039E+09  2.01799E+10  2.71665E+10  1.97209E+10
 0.430  16.861   3.917  2.65777E+10  3.59038E+10  2.59185E+10  1.70823E+03  4.86287E+09  6.64521E+09  4.70527E+09  2.17148E+10  2.92586E+10  2.12132E+10
 0.440  16.644   3.818  2.70098E+10  3.65371E+10  2.63195E+10  1.78740E+03  4.58813E+09  6.30336E+09  4.42656E+09  2.24216E+10  3.02337E+10  2.18929E+10
 0.450  15.068   3.234  2.71944E+10  3.68102E+10  2.64835E+10  1.85618E+03  4.17098E+09  5.76316E+09  4.01208E+09  2.30234E+10  3.10470E+10  2.24715E+10
 0.460  12.174   2.034  2.48255E+10  3.37616E+10  2.41193E+10  2.02356E+03  3.05883E+09  4.25192E+09  2.92056E+09  2.17666E+10  2.95097E+10  2.11988E+10
 0.470  12.969   2.898  2.76453E+10  3.75985E+10  2.68676E+10  2.04751E+03  3.62609E+09  5.03785E+09  3.46553E+09  2.40193E+10  3.25606E+10  2.34020E+10
 0.480  12.247   2.955  2.84195E+10  3.86790E+10  2.76110E+10  2.10185E+03  3.81583E+09  5.28207E+09  3.64873E+09  2.46036E+10  3.33969E+10  2.39623E+10
 0.490  10.392   2.534  2.65701E+10  3.61528E+10  2.57888E+10  2.18802E+03  2.95671E+09  4.13255E+09  2.80456E+09  2.36134E+10  3.20203E+10  2.29843E+10
 0.500  10.181   2.648  2.85216E+10  3.87784E+10  2.76984E+10  2.19327E+03  3.16970E+09  4.42010E+09  3.01105E+09  2.53519E+10  3.43583E+10  2.46874E+10
