  41
 0.100   6.750   1.000  8.10523E+09  8.98381E+08  9.47017E+07  1.08891E+08  7.11215E+09  2.41235E+07  1.60725E+07  1.80348E+07  1.77583E+08  1.49920E+09  1.08822E+08  1.25499E+08  1.10932E+10  4.31154E+07  2.88634E+07  3.26582E+07  3.84930E+08
 0.110   8.750   1.185  1.33636E+10  1.43139E+09  1.48325E+08  1.75066E+08  1.17839E+10  7.05368E+05  2.47962E+07  2.94018E+07  3.09025E+08  1.73248E+09  1.51402E+08  1.78613E+08  1.33515E+10  4.28445E+06  3.74513E+07  4.45381E+07  5.51706E+08
 0.120  11.250   1.525  2.21454E+10  2.36759E+09  2.78567E+08  3.29976E+08  1.94993E+10  5.42415E+07  4.03249E+07  4.87081E+07  6.98029E+08  2.06613E+09  2.56563E+08  3.03580E+08  1.64854E+10  8.89090E+07  5.95906E+07  7.19095E+07  1.18048E+09
 0.130  14.750   1.283  3.84596E+10  4.25415E+09  6.67275E+08  7.81890E+08  3.35381E+10  2.77400E+08  3.47587E+08  3.98803E+08  2.24448E+09  2.73435E+09  6.53243E+08  7.65119E+08  2.54140E+10  2.46017E+08  3.17977E+08  3.63441E+08  1.63990E+09
 0.140  18.000   1.698  5.76518E+10  5.56015E+09  1.22855E+09  1.44123E+09  5.08631E+10  8.25843E+08  7.16449E+08  8.31474E+08  3.41274E+09  3.73292E+09  1.18108E+09  1.38311E+09  3.23964E+10  7.92913E+08  6.97999E+08  8.09709E+08  3.09133E+09
 0.150  21.250   2.374  7.70644E+10  6.80191E+09  2.07469E+09  2.46844E+09  6.81878E+10  4.16696E+08  1.28872E+09  1.52879E+09  5.58049E+09  3.42391E+09  1.87164E+09  2.21999E+09  3.33465E+10  5.11154E+08  1.34992E+09  1.60147E+09  6.48337E+09
 0.160  24.000   3.128  9.14972E+10  7.88507E+09  2.64713E+09  3.20092E+09  8.09650E+10  6.32863E+08  1.69227E+09  2.04205E+09  5.51855E+09  4.19363E+09  2.48166E+09  2.99408E+09  3.61235E+10  1.06229E+09  1.87462E+09  2.25914E+09  7.88816E+09
 0.170  26.750   3.573  1.07137E+11  9.98606E+09  3.22123E+09  3.94288E+09  9.39300E+10  6.20693E+08  2.05700E+09  2.52231E+09  6.76039E+09  4.36312E+09  2.96648E+09  3.62360E+09  3.48942E+10  1.03444E+09  2.37453E+09  2.90039E+09  9.72560E+09
 0.180  33.500   3.943  1.78696E+11  1.81456E+10  4.75887E+09  5.84118E+09  1.55791E+11  1.70182E+09  2.78546E+09  3.42798E+09  9.90933E+09  5.83760E+09  3.59936E+09  4.42766E+09  3.89751E+10  2.13620E+09  3.00288E+09  3.69331E+09  1.22921E+10
 0.190  37.500   3.951  2.12317E+11  1.95140E+10  7.60331E+09  9.17522E+09  1.85200E+11  2.79088E+09  4.91924E+09  5.93996E+09  1.51230E+10  9.48328E+09  6.52848E+09  7.85719E+09  6.02474E+10  2.97114E+09  5.01462E+09  6.05317E+09  1.62018E+10
 0.200  41.500   1.715  2.47485E+11  1.97445E+10  1.05403E+10  1.28650E+10  2.17200E+11  2.42505E+09  7.29280E+09  8.84817E+09  1.59732E+10  5.39020E+09  8.30639E+09  1.01002E+10  4.72430E+10  1.66294E+09  5.37642E+09  6.49452E+09  5.46975E+09
 0.210  46.250   5.375  2.92952E+11  2.26007E+10  1.27994E+10  1.58010E+10  2.57552E+11  3.82238E+09  9.48639E+09  1.16676E+10  2.24001E+10  7.41395E+09  1.20330E+10  1.48230E+10  6.46749E+10  4.34684E+09  9.82991E+09  1.20913E+10  2.76963E+10
 0.220  53.500   4.612  3.99631E+11  2.79664E+10  2.00252E+10  2.49606E+10  3.51639E+11  4.05907E+09  1.28028E+10  1.58597E+10  2.62539E+10  7.00255E+09  1.40689E+10  1.74456E+10  5.55098E+10  3.38689E+09  1.23638E+10  1.53202E+10  2.19582E+10
 0.230  58.000   4.890  4.40988E+11  2.69008E+10  2.37488E+10  2.97236E+10  3.90338E+11  5.28207E+09  1.57865E+10  1.96897E+10  3.69112E+10  1.05603E+10  2.19707E+10  2.74310E+10  8.37771E+10  4.02700E+09  1.49395E+10  1.86465E+10  2.87940E+10
 0.240  61.250   2.517  4.62048E+11  2.36637E+10  2.89324E+10  3.62936E+10  4.09452E+11  3.69204E+09  1.90309E+10  2.37919E+10  3.45753E+10  5.03559E+09  2.00989E+10  2.51575E+10  6.03120E+10  2.49692E+09  1.43602E+10  1.79411E+10  1.19505E+10
 0.250  65.250   1.000  4.92761E+11  2.31170E+10  3.22580E+10  4.08784E+10  4.37386E+11  3.55732E+09  2.78025E+10  3.50946E+10  4.80869E+10  4.40940E+09  2.97902E+10  3.76583E+10  7.82999E+10  2.19352E+09  1.45156E+10  1.80963E+10  4.70604E+09
 0.260  68.750   6.400  5.18347E+11  2.53368E+10  3.48656E+10  4.46686E+10  4.58144E+11  4.67012E+09  3.07211E+10  3.92485E+10  5.22161E+10  6.58462E+09  3.22370E+10  4.12164E+10  7.75851E+10  4.33147E+09  3.03636E+10  3.87840E+10  4.81447E+10
 0.270  72.250   5.539  5.36067E+11  2.73603E+10  3.68346E+10  4.76122E+10  4.71872E+11  5.08676E+09  3.27726E+10  4.22809E+10  5.62213E+10  6.68847E+09  3.41125E+10  4.40317E+10  7.99101E+10  3.69914E+09  3.12290E+10  4.02819E+10  4.15799E+10
 0.280  75.250   5.771  5.45627E+11  2.77875E+10  3.90877E+10  5.08187E+10  4.78751E+11  4.80391E+09  3.51317E+10  4.55983E+10  5.97896E+10  6.44570E+09  3.62049E+10  4.70010E+10  8.07693E+10  3.55184E+09  3.35986E+10  4.36160E+10  4.46073E+10
 0.290  78.250   7.057  5.54934E+11  2.86275E+10  4.03604E+10  5.29025E+10  4.85946E+11  4.39401E+09  3.65532E+10  4.78571E+10  6.25488E+10  6.13072E+09  3.74505E+10  4.90308E+10  8.03787E+10  3.82721E+09  3.60400E+10  4.71862E+10  5.60096E+10
 0.300  81.500   7.749  5.67539E+11  2.94867E+10  4.16747E+10  5.49574E+10  4.96378E+11  3.77604E+09  3.78814E+10  4.99199E+10  6.58404E+10  4.95773E+09  3.87316E+10  5.10298E+10  8.14142E+10  3.55042E+09  3.76059E+10  4.95602E+10  6.23295E+10
 0.310  85.000   8.695  5.86657E+11  3.16313E+10  4.24845E+10  5.64041E+10  5.12541E+11  4.84493E+09  3.88305E+10  5.15209E+10  6.77369E+10  5.98035E+09  3.94550E+10  5.23405E+10  7.99036E+10  5.05331E+09  3.89383E+10  5.16609E+10  6.93574E+10
 0.320  88.750   9.476  6.05021E+11  3.31048E+10  4.33455E+10  5.78476E+10  5.28570E+11  3.59967E+09  3.95920E+10  5.28519E+10  7.07937E+10  4.43598E+09  4.01730E+10  5.36099E+10  8.01517E+10  4.07478E+09  3.99246E+10  5.32866E+10  7.58317E+10
 0.330  92.250   9.484  6.24582E+11  3.40286E+10  4.42155E+10  5.92494E+10  5.46338E+11  4.49033E+09  4.05473E+10  5.43680E+10  7.42044E+10  4.99701E+09  4.10191E+10  5.49765E+10  8.07574E+10  4.65300E+09  4.07172E+10  5.45876E+10  7.64078E+10
 0.340  96.250  10.569  6.51622E+11  3.54041E+10  4.51537E+10  6.07243E+10  5.71064E+11  5.23431E+09  4.13748E+10  5.56986E+10  7.91467E+10  5.62283E+09  4.16440E+10  5.60460E+10  8.23237E+10  6.18526E+09  4.19883E+10  5.64889E+10  8.71118E+10
 0.350 100.500  11.432  6.81004E+11  3.71616E+10  4.62931E+10  6.24301E+10  5.97550E+11  4.26606E+09  4.20056E+10  5.67453E+10  8.17494E+10  4.20566E+09  4.19683E+10  5.66973E+10  8.13261E+10  5.84642E+09  4.29198E+10  5.79222E+10  9.34903E+10
 0.360 105.750  10.065  7.33271E+11  4.05455E+10  4.82382E+10  6.52442E+10  6.44487E+11  5.34817E+09  4.32488E+10  5.85555E+10  8.68876E+10  4.96458E+09  4.28599E+10  5.80454E+10  8.18997E+10  5.01483E+09  4.29062E+10  5.81060E+10  8.24644E+10
 0.370 110.250  12.536  7.65886E+11  4.19738E+10  4.99853E+10  6.76541E+10  6.73927E+11  5.92736E+09  4.48715E+10  6.07949E+10  9.22284E+10  4.92372E+09  4.40292E+10  5.97056E+10  8.31594E+10  7.43746E+09  4.56801E+10  6.18471E+10  1.05491E+11
 0.380 114.250  13.447  7.89243E+11  4.32811E+10  5.11973E+10  6.94600E+10  6.94765E+11  6.23142E+09  4.58409E+10  6.23113E+10  9.73414E+10  4.72758E+09  4.47124E+10  6.08399E+10  8.45050E+10  8.20476E+09  4.68400E+10  6.36125E+10  1.15420E+11
 0.390 117.750  14.962  7.97672E+11  4.42744E+10  5.29695E+10  7.18742E+10  7.00428E+11  6.59106E+09  4.69660E+10  6.39377E+10  1.00142E+11  4.49526E+09  4.50222E+10  6.14323E+10  8.40836E+10  1.13065E+10  4.88650E+10  6.63599E+10  1.28826E+11
 0.400 120.500  13.476  7.97858E+11  4.46959E+10  5.45260E+10  7.40961E+10  6.98636E+11  6.34954E+09  4.81341E+10  6.56515E+10  1.02549E+11  4.05666E+09  4.57898E+10  6.25934E+10  8.40475E+10  8.41152E+09  4.91274E+10  6.69308E+10  1.15260E+11
 0.410 122.750  14.727  7.89974E+11  4.43878E+10  5.55142E+10  7.56255E+10  6.90072E+11  5.92722E+09  4.85879E+10  6.64525E+10  1.04571E+11  3.80782E+09  4.62546E+10  6.33642E+10  8.38739E+10  9.12355E+09  5.04986E+10  6.89321E+10  1.26904E+11
 0.420 125.000  15.063  7.75861E+11  4.33797E+10  5.56740E+10  7.59678E+10  6.76807E+11  6.38918E+09  4.95989E+10  6.79570E+10  1.07010E+11  3.69788E+09  4.67275E+10  6.41615E+10  8.42357E+10  1.03291E+10  5.15079E+10  7.04335E+10  1.30400E+11
 0.430 128.000  16.861  7.74933E+11  4.26962E+10  5.70298E+10  7.79259E+10  6.75207E+11  7.29333E+09  5.09373E+10  6.98804E+10  1.10035E+11  3.73036E+09  4.74678E+10  6.52859E+10  8.45239E+10  1.29551E+10  5.38981E+10  7.37319E+10  1.46301E+11
 0.440 130.750  16.644  7.78365E+11  4.16089E+10  5.85252E+10  8.00266E+10  6.78231E+11  8.43443E+09  5.23280E+10  7.18409E+10  1.15123E+11  4.79256E+09  4.82098E+10  6.63626E+10  8.62074E+10  1.46903E+10  5.50293E+10  7.53426E+10  1.47766E+11
 0.450 133.750  15.068  7.86043E+11  3.96142E+10  6.07972E+10  8.30701E+10  6.85631E+11  9.59452E+09  5.43406E+10  7.45515E+10  1.17064E+11  5.27594E+09  4.90897E+10  6.76051E+10  8.53879E+10  1.12930E+10  5.59947E+10  7.67152E+10  1.32925E+11
 0.460 137.000  12.174  7.97166E+11  3.84541E+10  6.24247E+10  8.54377E+10  6.96287E+11  1.00544E+10  5.63559E+10  7.73134E+10  1.20087E+11  5.17680E+09  5.03958E+10  6.94135E+10  8.55014E+10  8.31401E+09  5.44222E+10  7.47521E+10  1.05899E+11
 0.470 141.250  12.969  8.21793E+11  3.72943E+10  6.53600E+10  8.95551E+10  7.19138E+11  1.08615E+10  5.81235E+10  7.97800E+10  1.24840E+11  5.60765E+09  5.18684E+10  7.14346E+10  8.64137E+10  9.69231E+09  5.67084E+10  7.79033E+10  1.14147E+11
 0.480 144.750  12.247  8.37593E+11  3.56581E+10  6.72340E+10  9.22133E+10  7.34700E+11  1.14165E+10  6.06157E+10  8.32002E+10  1.29691E+11  6.55689E+09  5.34769E+10  7.36186E+10  8.69709E+10  9.19823E+09  5.76797E+10  7.92729E+10  1.08576E+11
 0.490 148.250  10.392  8.49551E+11  3.33483E+10  6.93736E+10  9.51882E+10  7.46829E+11  1.15442E+10  6.27320E+10  8.60883E+10  1.33037E+11  7.51567E+09  5.52620E+10  7.60194E+10  8.70996E+10  7.94726E+09  5.61272E+10  7.71905E+10  9.08888E+10
 0.500 151.500  10.181  8.57645E+11  3.09043E+10  7.12623E+10  9.78874E+10  7.55478E+11  1.09933E+10  6.53669E+10  8.97265E+10  1.37540E+11  6.91018E+09  5.73723E+10  7.88814E+10  8.83757E+10  7.13390E+09  5.77944E+10  7.94508E+10  9.01157E+10
