  41
 0.100  2.37057E-02  1.19635E-01 -2.75552E-02 -6.78437E+00  8.67824E+00  8.15194E+00   1.000  4.31154E+07  6.16734E+07  2.88634E+07  0.00000E+00  3.84930E+08  3.01428E-01  7.07001E+01   7.770   7.494
 0.110  1.80311E-01 -1.92930E-01  2.62118E-02 -2.73078E+01 -1.19844E+01  1.64303E+01   1.185  4.28445E+06  1.15804E+07  3.74513E+07  8.36844E+06  5.51706E+08  3.84272E-02  1.48601E+02   7.609   7.521
 0.120 -3.97288E-01  5.98250E-01  6.60082E-02 -1.73041E+01 -1.19524E+01  4.49889E+01   1.525  8.89090E+07  9.17297E+07  5.95906E+07  2.44194E+07  1.18048E+09  1.11140E-01  2.19620E+02   7.586   7.496
 0.130  5.78044E-02  3.11419E-02 -8.94472E-02 -4.60973E+00  1.12569E+01 -8.92796E+00   1.283  2.46017E+08  4.81380E+08  3.17977E+08  5.17747E+07  1.63990E+09  3.20378E+00  9.90357E+01   8.201   7.929
 0.140  1.47204E-01 -1.17822E-01 -1.95967E-01  2.11885E+01  3.90341E+01 -2.50935E+01   1.698  7.92913E+08  1.10966E+09  6.97999E+08  1.20906E+08  3.09133E+09  4.79075E+00  1.33589E+02   8.090   8.025
 0.150  2.10169E-01  1.35980E-01 -2.00133E-01 -5.43639E+00  3.11931E+00  1.92806E+01   2.374  5.11154E+08  1.00683E+09  1.34992E+09  2.54325E+08  6.48337E+09  4.80394E+00  1.71706E+02   8.442   8.207
 0.160 -8.74431E-02 -7.68719E-02 -1.40661E-01  2.58158E+01  1.82686E+01 -2.39975E+00   3.128  1.06229E+09  1.41994E+09  1.87462E+09  3.74131E+08  7.88816E+09  5.04816E+00  2.23554E+02   8.309   8.290
 0.170  5.36643E-01  1.75083E-01  1.68024E-01 -3.64830E+01 -1.68863E+01  1.83549E+01   3.573  1.03444E+09  1.37400E+09  2.37453E+09  4.76476E+08  9.72560E+09  4.83267E+00  2.79818E+02   8.284   8.305
 0.180 -1.48754E-01  3.48679E-02 -3.77911E-02 -7.77277E+00  1.94170E+01 -1.26384E+01   3.943  2.13620E+09  2.49137E+09  3.00288E+09  6.38616E+08  1.22921E+10  6.31114E+00  3.34884E+02   8.153   8.296
 0.190  3.89396E-02 -1.13073E-01 -3.99768E-02 -5.40195E+00 -3.11631E+01  2.90881E+01   3.951  2.97114E+09  4.61825E+09  5.01462E+09  7.55246E+08  1.62018E+10  2.37044E+01  2.94119E+02   8.366   8.310
 0.200  2.12905E-02  4.30642E-02 -1.35463E-02 -6.37357E+00  4.60001E+00 -3.05429E-01   1.715  1.66294E+09  3.38908E+09  5.37642E+09  3.20684E+08  5.46975E+09  2.05803E+01  2.89332E+02   8.636   8.485
 0.210  4.71837E-02 -3.82917E-01  2.74308E-01  7.89869E+00 -5.39133E+01 -5.73711E+00   5.375  4.34684E+09  5.81333E+09  9.82991E+09  1.86697E+09  2.76963E+10  2.04847E+01  3.50476E+02   8.380   8.472
 0.220  2.01972E-01 -1.15191E-01  2.45130E-01  7.38088E-01 -1.33143E+01  8.10620E+00   4.612  3.38689E+09  5.29003E+09  1.23638E+10  2.24859E+09  2.19582E+10  2.23894E+01  3.88961E+02   8.504   8.509
 0.230  9.00820E-02 -5.12793E-01  2.33229E-01  2.28131E+01  9.15109E+01 -2.82198E+01   4.890  4.02700E+09  6.07851E+09  1.49395E+10  2.53655E+09  2.87940E+10  2.58571E+01  4.39272E+02   8.510   8.521
 0.240  1.66054E-02 -5.07618E-02 -8.58029E-03  1.98825E+00  8.72553E+00  3.84772E+00   2.517  2.49692E+09  5.07660E+09  1.43602E+10  1.50068E+09  1.19505E+10  3.44142E+01  4.76224E+02   8.698   8.601
 0.250 -2.36813E-02  1.32798E-01 -3.17836E-02  1.24244E+01 -1.37544E+01  7.44115E+01   1.000  2.19352E+09  4.75361E+09  1.45156E+10  3.48120E+09  4.70604E+09  3.16309E+01  4.63490E+02   8.817   8.723
 0.260  6.58263E-02 -1.25076E-01  1.26840E-01  7.47207E+00 -1.73965E+01 -1.24966E+00   6.400  4.33147E+09  6.05038E+09  3.03636E+10  1.00961E+10  4.81447E+10  2.08960E+01  6.14062E+02   8.503   8.620
 0.270  1.05157E-01 -3.10507E-01  3.10088E-01  3.80969E+00 -2.63850E+01 -1.71712E+01   5.539  3.69914E+09  4.94710E+09  3.12290E+10  9.46690E+09  4.15799E+10  1.64825E+01  7.04399E+02   8.516   8.639
 0.280  1.68840E-01 -1.53465E-01 -2.27579E-01  1.50840E+01 -2.13531E+01 -2.94544E+00   5.771  3.55184E+09  5.03571E+09  3.35986E+10  9.75726E+09  4.46073E+10  1.72159E+01  7.91189E+02   8.542   8.637
 0.290 -8.45528E-02  4.06255E-01 -1.86064E-01  1.77307E+00 -2.49162E+01  4.95753E+01   7.057  3.82721E+09  4.64384E+09  3.60400E+10  1.07213E+10  5.60096E+10  1.17538E+01  8.98389E+02   8.549   8.629
 0.300  8.64244E-02 -2.03492E-01  4.38109E-01  1.12340E+01 -2.40962E+01  1.92709E+01   7.749  3.55042E+09  4.35670E+09  3.76059E+10  1.10427E+10  6.23295E+10  1.18697E+01  1.00491E+03   8.593   8.627
 0.310 -1.86815E-02 -1.26690E-01  9.05198E-01  2.00848E+01 -2.97581E+01  2.56420E+01   8.695  5.05331E+09  5.50021E+09  3.89383E+10  1.15238E+10  6.93574E+10  9.46655E+00  1.12076E+03   8.513   8.625
 0.320 -2.14368E-01  2.99539E-01  3.16624E-01 -3.57045E+00 -9.11944E+00  2.73699E+01   9.476  4.07478E+09  4.32769E+09  3.99246E+10  1.17678E+10  7.58317E+10  6.50829E+00  1.23927E+03   8.550   8.625
 0.330 -5.23381E-01  5.46944E-01  6.88623E-01  5.44821E+00 -4.10406E+01  3.93465E+01   9.484  4.65300E+09  4.91934E+09  4.07172E+10  1.19421E+10  7.64078E+10  8.09170E+00  1.35897E+03   8.506   8.625
 0.340  2.23154E-01  3.59582E-03 -9.05338E-02  1.15849E+01 -2.59914E+01  3.45967E+01  10.569  6.18526E+09  6.39183E+09  4.19883E+10  1.23963E+10  8.71118E+10  9.15619E+00  1.47479E+03   8.446   8.621
 0.350  6.51244E-01 -8.56063E-02 -1.19491E+00 -2.34842E+01  2.37151E+01  2.76897E+01  11.432  5.84642E+09  6.00785E+09  4.29198E+10  1.25137E+10  9.34903E+10  8.38727E+00  1.58827E+03   8.473   8.619
 0.360 -1.69230E-01  7.35945E-01 -2.74553E-01 -3.23225E+01  1.45947E+01  4.67449E+01  10.065  5.01483E+09  5.28547E+09  4.29062E+10  1.20650E+10  8.24644E+10  8.73359E+00  1.71596E+03   8.493   8.624
 0.370 -7.39003E-01  1.08131E+00  6.80721E-02 -5.16426E+01  4.85936E+01  6.84887E+01  12.536  7.43746E+09  7.83237E+09  4.56801E+10  1.30540E+10  1.05491E+11  1.29848E+01  1.79452E+03   8.414   8.613
 0.380 -5.48747E-01  1.13277E+00  5.96147E-01 -4.19303E+01  1.71937E+01  5.61471E+01  13.447  8.20476E+09  8.10835E+09  4.68400E+10  1.33473E+10  1.15420E+11  8.14761E+00  1.91026E+03   8.363   8.610
 0.390  2.49141E-01  1.28289E-01 -1.27382E+00 -3.77291E+01  6.08408E+01 -4.06911E+00  14.962  1.13065E+10  1.14161E+10  4.88650E+10  1.38659E+10  1.28826E+11  1.53292E+01  1.99792E+03   8.337   8.602
 0.400 -5.98360E-01  1.33444E+00 -1.16181E+00 -3.24731E+01  2.20323E+01  3.98809E+01  13.476  8.41152E+09  8.36615E+09  4.91274E+10  1.35480E+10  1.15260E+11  8.63991E+00  2.11402E+03   8.400   8.605
 0.410  6.99525E-01  3.16693E-01 -2.06571E+00 -2.08800E+01  3.76206E+01  2.03397E+00  14.727  9.12355E+09  8.91380E+09  5.04986E+10  1.40164E+10  1.26904E+11  7.56326E+00  2.22238E+03   8.409   8.600
 0.420  1.27118E+00 -6.75580E-01 -1.91033E+00 -9.86775E+00  2.32577E+01 -1.91739E+01  15.063  1.03291E+10  1.02503E+10  5.15079E+10  1.41438E+10  1.30400E+11  9.31491E+00  2.33891E+03   8.422   8.599
 0.430  5.83389E-01 -6.12010E-01 -6.71014E-02  7.82843E+00  7.15269E+00 -1.37285E+01  16.861  1.29551E+10  1.26383E+10  5.38981E+10  1.50197E+10  1.46301E+11  1.02062E+01  2.41215E+03   8.403   8.591
 0.440  1.08682E+00 -8.08493E-01 -1.63637E-01 -3.32768E+00  6.74871E+00 -2.65819E+01  16.644  1.46903E+10  1.44470E+10  5.50293E+10  1.49492E+10  1.47766E+11  1.23652E+01  2.50906E+03   8.400   8.590
 0.450  1.07623E+00 -1.41884E+00 -1.11214E+00 -4.85296E+00  2.14333E+01 -4.27583E+01  15.068  1.12930E+10  1.13728E+10  5.59947E+10  1.45954E+10  1.32925E+11  1.44408E+01  2.60334E+03   8.479   8.592
 0.460  7.59132E-01 -1.17397E+00  1.52357E-01  1.08634E+01 -9.20750E+00 -3.25569E+01  12.174  8.31401E+09  8.61468E+09  5.44222E+10  1.33392E+10  1.05899E+11  1.09132E+01  2.76567E+03   8.550   8.605
 0.470  8.04074E-01 -1.42688E+00  1.01755E-02  1.82330E+01 -2.90595E+01 -4.03145E+01  12.969  9.69231E+09  9.95637E+09  5.67084E+10  1.36733E+10  1.14147E+11  1.24216E+01  2.83693E+03   8.551   8.603
 0.480  4.48679E-01 -4.50961E-01  6.00159E-01  1.48242E+01 -3.11014E+01 -1.66003E+01  12.247  9.19823E+09  9.60034E+09  5.76797E+10  1.36925E+10  1.08576E+11  1.19077E+01  2.92382E+03   8.579   8.607
 0.490  3.72748E-01 -8.35280E-01  6.06755E-01  4.13785E+00 -3.05914E+01 -8.81318E+00  10.392  7.94726E+09  8.66037E+09  5.61272E+10  1.25209E+10  9.08888E+10  1.37314E+01  3.07297E+03   8.631   8.622
 0.500  1.35923E-01 -2.26672E-01  3.18532E-01  8.65284E+00 -1.05635E+01  1.37000E+01  10.181  7.13390E+09  7.90728E+09  5.77944E+10  1.26804E+10  9.01157E+10  1.36385E+01  3.13503E+03   8.678   8.625
