  41
 0.100        64081 -0.26761E-01  0.23523E-01  0.68182E-02  0.10529E+02 -0.12894E+01 -0.25305E+02 -0.15885E+00 -0.98403E+00  0.80318E-01   1.000   0.523
 0.110        68871  0.18199E-01 -0.11070E-01  0.19325E-01  0.43184E+02  0.48603E+02  0.13213E+02 -0.41165E+00 -0.90411E-01 -0.90685E+00   1.185   0.939
 0.120         3363 -0.25463E-01 -0.94080E-02  0.47040E-02 -0.20776E+02  0.35956E+01 -0.19568E+02  0.76126E+00  0.19511E+00  0.61840E+00   1.525   1.190
 0.130       157737 -0.57635E-02  0.13300E-02 -0.33251E-02  0.27269E+02  0.24709E+02 -0.13385E+02  0.46896E+00 -0.38938E+00  0.79276E+00   1.283   0.565
 0.140       215325 -0.46524E-02 -0.23858E-03 -0.35788E-02 -0.20182E+02  0.78438E+02  0.51582E+02  0.83392E+00 -0.40059E-01  0.55043E+00   1.698   0.670
 0.150       296099  0.14061E-02  0.43460E-02 -0.10226E-02  0.67003E+02  0.14678E+02  0.84965E+02  0.78824E+00 -0.47910E+00  0.38618E+00   2.374   1.179
 0.160       163070 -0.15000E-02 -0.27273E-03  0.10909E-02  0.14238E+03  0.16760E+02  0.10710E+03  0.74470E+00 -0.64886E+00  0.15623E+00   3.128   1.001
 0.170       194198 -0.13038E-02  0.00000E+00 -0.40562E-02  0.75343E+02  0.13728E+02  0.25380E+03  0.57326E+00 -0.68961E+00 -0.44251E+00   3.573   1.522
 0.180       173466 -0.92061E-03  0.12275E-02  0.12275E-02  0.23246E+03 -0.75061E+02  0.74653E+02  0.51909E+00 -0.61551E+00 -0.59304E+00   3.943   1.452
 0.190       446613 -0.11333E-02 -0.32379E-03 -0.42093E-02 -0.22306E+02 -0.43257E+02 -0.30856E+02  0.68172E+00 -0.56231E+00 -0.46803E+00   3.951   1.431
 0.200       573233  0.00000E+00  0.20439E-02 -0.23846E-02 -0.68622E+01  0.19170E+02  0.80323E+02  0.75202E+00 -0.59506E+00 -0.28349E+00   1.715   0.500
 0.210       602570  0.12530E-02  0.25060E-02  0.14320E-02  0.44362E+02  0.44660E+02 -0.97805E+02  0.87467E+00 -0.94016E-01 -0.47552E+00   5.375   1.983
 0.220       821078 -0.29974E-02  0.00000E+00 -0.74934E-03  0.66755E+02 -0.25717E+03 -0.25773E+03  0.74553E+00 -0.29209E+00 -0.59906E+00   4.612   0.964
 0.230       182403  0.21551E-02  0.78367E-03  0.11755E-02  0.15877E+03 -0.25998E+03  0.96895E+02  0.92341E+00  0.33694E-01 -0.38233E+00   4.890   2.247
 0.240       548372  0.20449E-03 -0.40898E-03  0.00000E+00 -0.90795E+02 -0.23829E+03 -0.20545E+03  0.79839E+00 -0.15439E+00 -0.58201E+00   2.517   0.500
 0.250      2686695 -0.21304E-03 -0.17043E-02  0.12782E-02  0.60353E+02  0.29990E+01  0.15247E+03  0.85718E+00  0.10771E+00 -0.50363E+00   1.000   0.500
 0.260       594480  0.44286E-03 -0.13286E-02 -0.44286E-03  0.12337E+03  0.49218E+03 -0.23089E+03  0.87028E+00  0.47070E+00 -0.14512E+00   6.400   1.544
 0.270       428563 -0.68995E-03  0.00000E+00 -0.13799E-02  0.42333E+02  0.29571E+03 -0.61271E+03  0.89255E+00  0.44441E+00  0.76546E-01   5.539   0.951
 0.280      1437161  0.95404E-03  0.00000E+00  0.00000E+00  0.16509E+03 -0.31323E+03 -0.29188E+03  0.91397E+00  0.38205E+00  0.13671E+00   5.771   0.946
 0.290       276978  0.24699E-03 -0.49397E-03 -0.49397E-03 -0.13917E+03 -0.52747E+02  0.21972E+03  0.89970E+00  0.42313E+00  0.10724E+00   7.057   1.870
 0.300      2402429 -0.76651E-03 -0.15330E-02 -0.10220E-02  0.53698E+03 -0.61238E+01  0.14346E+03  0.87936E+00  0.43987E+00  0.18230E+00   7.749   1.475
 0.310       836555 -0.18484E-02  0.10563E-02  0.52813E-03  0.83786E+02  0.23155E+03  0.40581E+03  0.83141E+00  0.49770E+00  0.24710E+00   8.695   1.089
 0.320      1495977 -0.54514E-03  0.10903E-02  0.10903E-02  0.35485E+03 -0.69702E+02 -0.51777E+03  0.81985E+00  0.48480E+00  0.30466E+00   9.476   1.430
 0.330      1423477 -0.16862E-02  0.11241E-02  0.56207E-03 -0.83453E+02 -0.19994E+03 -0.35390E+03  0.82697E+00  0.46478E+00  0.31638E+00   9.484   1.178
 0.340      1111866  0.86881E-03 -0.23168E-02  0.57921E-03 -0.51157E+03 -0.19779E+03  0.84292E+01  0.77825E+00  0.53068E+00  0.33572E+00  10.569   1.569
 0.350      1623179 -0.23842E-02  0.17882E-02  0.00000E+00  0.24488E+03  0.30897E+03 -0.17546E+03  0.77766E+00  0.49172E+00  0.39174E+00  11.432   1.764
 0.360      1513847  0.30669E-03  0.61339E-03  0.24536E-02 -0.13053E+03  0.49789E+03 -0.59489E+03  0.78560E+00  0.45932E+00  0.41456E+00  10.065   1.337
 0.370       574774  0.18904E-02 -0.25205E-02 -0.12603E-02 -0.13189E+02  0.32988E+03 -0.46064E+02  0.79316E+00  0.54001E+00  0.28156E+00  12.536   2.637
 0.380      5310620  0.12945E-02 -0.25889E-02  0.12945E-02  0.19647E+02 -0.18186E+03 -0.19798E+03  0.80467E+00  0.53382E+00  0.25987E+00  13.447   2.564
 0.390      5104342  0.16623E-02 -0.66493E-03  0.00000E+00  0.13933E+03  0.12472E+03 -0.64868E+02  0.81084E+00  0.54655E+00  0.20933E+00  14.962   2.471
 0.400      2772008  0.34061E-03 -0.68122E-03  0.20437E-02  0.10765E+03 -0.14234E+03 -0.63285E+02  0.78088E+00  0.54144E+00  0.31156E+00  13.476   2.520
 0.410       609134 -0.10475E-02  0.13967E-02 -0.34918E-02 -0.35979E+03  0.31378E+03  0.72051E+01  0.79551E+00  0.52498E+00  0.30258E+00  14.727   3.085
 0.420      5057880 -0.14319E-02  0.35797E-02 -0.14319E-02  0.23503E+03 -0.13610E+03  0.43416E+03  0.78581E+00  0.54361E+00  0.29494E+00  15.063   3.060
 0.430      3179499 -0.10994E-02  0.00000E+00  0.36645E-02 -0.18808E+01 -0.41448E+03  0.22253E+03  0.80254E+00  0.56700E+00  0.18560E+00  16.861   3.917
 0.440      4700013  0.00000E+00  0.00000E+00 -0.74935E-03 -0.20798E+02 -0.28312E+03  0.26531E+03  0.82455E+00  0.55175E+00  0.12529E+00  16.644   3.818
 0.450      5750705  0.19160E-02  0.15328E-02 -0.30656E-02  0.42668E+02  0.71920E+02  0.13380E+03  0.85179E+00  0.49984E+00  0.15690E+00  15.068   3.234
 0.460      6167366 -0.27425E-02  0.31343E-02 -0.15671E-02 -0.37592E+02  0.12706E+03  0.26185E+03  0.84301E+00  0.50411E+00  0.18766E+00  12.174   2.034
 0.470      2219056  0.12013E-02  0.32035E-02  0.16017E-02  0.20013E+03 -0.18795E+03 -0.69897E+01  0.88698E+00  0.44913E+00  0.10748E+00  12.969   2.898
 0.480      5268261 -0.24523E-02 -0.16349E-02 -0.81745E-03  0.24486E+03 -0.32168E+03 -0.18774E+03  0.90991E+00  0.41329E+00  0.35421E-01  12.247   2.955
 0.490       654581  0.37572E-02 -0.83494E-03  0.00000E+00 -0.13733E+03 -0.37330E+03 -0.12477E+03  0.93165E+00  0.34968E+00  0.98752E-01  10.392   2.534
 0.500       795198 -0.42587E-02  0.17035E-02  0.34069E-02 -0.32282E+03  0.20166E+03 -0.82568E+02  0.93083E+00  0.33564E+00  0.14456E+00  10.181   2.648
