  41
 0.100  2.37057E-02  1.19635E-01 -2.75552E-02 -6.78437E+00  8.67824E+00  8.15194E+00 -1.58846E-01 -9.84031E-01  8.03176E-02  7.00887E+00   1.000   0.523  3.98934E+07  4.14421E+07  4.88935E+06  0.00000E+00  5.10469E+07  5.29642E-02  6.39974E+01   7.752   7.504
 0.110  1.80311E-01 -1.92930E-01  2.62118E-02 -2.73078E+01 -1.19844E+01  1.64303E+01 -4.11651E-01 -9.04105E-02 -9.06846E-01  1.19491E+01   1.185   0.939  4.95148E+06  5.58289E+06  2.87617E+06  5.17546E+05  4.19017E+07  2.85065E-03  1.25209E+02   7.629   7.594
 0.120 -3.97288E-01  5.98250E-01  6.60082E-02 -1.73041E+01 -1.19524E+01  4.49889E+01  7.61256E-01  1.95111E-01  6.18402E-01  4.84117E+01   1.525   1.190  1.03726E+08  1.01782E+08  7.24126E+06  2.73947E+06  1.13816E+08  5.29278E-02  1.57532E+02   7.602   7.467
 0.130  5.78044E-02  3.11419E-02 -8.94472E-02 -4.60973E+00  1.12569E+01 -8.92796E+00  4.68955E-01 -3.89376E-01  7.92759E-01  9.53941E+00   1.283   0.565  2.16354E+08  2.40527E+08  4.06757E+07  4.78017E+06  1.82156E+08  3.94928E-01  9.47598E+01   8.217   7.902
 0.140  1.47204E-01 -1.17822E-01 -1.95967E-01  2.11885E+01  3.90341E+01 -2.50935E+01  8.33917E-01 -4.00590E-02  5.50434E-01  5.59753E+01   1.698   0.670  7.06925E+08  7.98414E+08  1.38931E+08  1.41300E+07  3.00545E+08  1.88836E+00  6.72159E+01   8.113   7.947
 0.150  2.10169E-01  1.35980E-01 -2.00133E-01 -5.43639E+00  3.11931E+00  1.92806E+01  7.88244E-01 -4.79100E-01  3.86180E-01  6.33153E+01   2.374   1.179  4.68792E+08  6.53556E+08  3.18086E+08  2.10300E+07  5.27928E+08  2.31646E+00  9.99220E+01   8.454   8.367
 0.160 -8.74431E-02 -7.68719E-02 -1.40661E-01  2.58158E+01  1.82686E+01 -2.39975E+00  7.44697E-01 -6.48858E-01  1.56234E-01  1.87229E+02   3.128   1.001  9.45379E+08  1.18682E+09  5.55484E+08  4.38189E+07  5.66587E+08  3.80527E+00  1.24902E+02   8.324   8.384
 0.170  5.36643E-01  1.75083E-01  1.68024E-01 -3.64830E+01 -1.68863E+01  1.83549E+01  5.73262E-01 -6.89605E-01 -4.42510E-01  2.10115E+02   3.573   1.522  9.09161E+08  1.18755E+09  9.40798E+08  8.95503E+07  8.14672E+08  3.91901E+00  1.68130E+02   8.310   8.359
 0.180 -1.48754E-01  3.48679E-02 -3.77911E-02 -7.77277E+00  1.94170E+01 -1.26384E+01  5.19087E-01 -6.15508E-01 -5.93042E-01  2.08799E+02   3.943   1.452  1.90636E+09  2.09585E+09  1.17917E+09  1.35950E+08  1.09501E+09  3.46329E+00  2.24675E+02   8.164   8.356
 0.190  3.89396E-02 -1.13073E-01 -3.99768E-02 -5.40195E+00 -3.11631E+01  2.90881E+01  6.81724E-01 -5.62313E-01 -4.68034E-01  1.68760E+02   3.951   1.431  2.59864E+09  3.66120E+09  2.22148E+09  1.71857E+08  1.30984E+09  1.60033E+01  1.81031E+02   8.390   8.340
 0.200  2.12905E-02  4.30642E-02 -1.35463E-02 -6.37357E+00  4.60001E+00 -3.05429E-01  7.52022E-01 -5.95058E-01 -2.83495E-01  8.28068E+01   1.715   0.500  1.46915E+09  2.71310E+09  2.45916E+09  4.00685E+07  4.36227E+08  1.62066E+01  1.76812E+02   8.666   8.568
 0.210  4.71837E-02 -3.82917E-01  2.74308E-01  7.89869E+00 -5.39133E+01 -5.73711E+00  8.74668E-01 -9.40163E-02 -4.75518E-01  3.39833E+02   5.375   1.983  3.81075E+09  4.93938E+09  3.76024E+09  3.96817E+08  2.41874E+09  1.69789E+01  2.22251E+02   8.409   8.584
 0.220  2.01972E-01 -1.15191E-01  2.45130E-01  7.38088E-01 -1.33143E+01  8.10620E+00  7.45527E-01 -2.92090E-01 -5.99060E-01  4.46535E+02   4.612   0.964  2.85112E+09  4.53711E+09  6.40238E+09  8.27462E+08  2.33411E+09  1.96283E+01  2.65408E+02   8.528   8.592
 0.230  9.00820E-02 -5.12793E-01  2.33229E-01  2.28131E+01  9.15109E+01 -2.82198E+01  9.23413E-01  3.36937E-02 -3.82325E-01  3.44488E+02   4.890   2.247  3.79071E+09  5.09536E+09  6.94981E+09  9.31322E+08  3.91390E+09  1.77733E+01  3.46043E+02   8.525   8.561
 0.240  1.66054E-02 -5.07618E-02 -8.58029E-03  1.98825E+00  8.72553E+00  3.84772E+00  7.98393E-01 -1.54391E-01 -5.82006E-01  1.65296E+02   2.517   0.500  2.30398E+09  4.43018E+09  7.08283E+09  3.25083E+08  1.17882E+09  3.01253E+01  3.55442E+02   8.713   8.659
 0.250 -2.36813E-02  1.32798E-01 -3.17836E-02  1.24244E+01 -1.37544E+01  7.44115E+01  8.57179E-01  1.07713E-01 -5.03629E-01  8.04140E+01   1.000   0.500  2.18119E+09  3.73366E+09  5.01352E+09  3.45555E+08  4.89269E+08  2.02410E+01  3.30455E+02   8.819   8.760
 0.260  6.58263E-02 -1.25076E-01  1.26840E-01  7.47207E+00 -1.73965E+01 -1.24966E+00  8.70277E-01  4.70698E-01 -1.45124E-01  5.19082E+02   6.400   1.544  3.53368E+09  5.10339E+09  9.65602E+09  1.54358E+09  4.04385E+09  1.82145E+01  4.47706E+02   8.563   8.716
 0.270  1.05157E-01 -3.10507E-01  3.10088E-01  3.80969E+00 -2.63850E+01 -1.71712E+01  8.92547E-01  4.44411E-01  7.65462E-02  6.57502E+02   5.539   0.951  3.11500E+09  4.30071E+09  1.04477E+10  1.30355E+09  2.83867E+09  1.47131E+01  4.90554E+02   8.555   8.737
 0.280  1.68840E-01 -1.53465E-01 -2.27579E-01  1.50840E+01 -2.13531E+01 -2.94544E+00  9.13974E-01  3.82049E-01  1.36712E-01  7.50768E+02   5.771   0.946  2.92471E+09  4.37217E+09  1.24919E+10  1.46463E+09  2.95806E+09  1.60257E+01  5.37849E+02   8.576   8.717
 0.290 -8.45528E-02  4.06255E-01 -1.86064E-01  1.77307E+00 -2.49162E+01  4.95753E+01  8.99701E-01  4.23129E-01  1.07239E-01  8.88886E+02   7.057   1.870  3.31776E+09  4.17461E+09  1.48949E+10  2.18174E+09  4.92179E+09  1.12178E+01  6.27469E+02   8.582   8.690
 0.300  8.64244E-02 -2.03492E-01  4.38109E-01  1.12340E+01 -2.40962E+01  1.92709E+01  8.79364E-01  4.39870E-01  1.82302E-01  9.83558E+02   7.749   1.475  2.90028E+09  3.74256E+09  1.51162E+10  2.03073E+09  4.59663E+09  1.09478E+01  7.02206E+02   8.620   8.684
 0.310 -1.86815E-02 -1.26690E-01  9.05198E-01  2.00848E+01 -2.97581E+01  2.56420E+01  8.31406E-01  4.97700E-01  2.47102E-01  1.35788E+03   8.695   1.089  4.17587E+09  4.72636E+09  1.47521E+10  1.92427E+09  4.05964E+09  8.68382E+00  7.84087E+02   8.543   8.684
 0.320 -2.14368E-01  2.99539E-01  3.16624E-01 -3.57045E+00 -9.11944E+00  2.73699E+01  8.19850E-01  4.84797E-01  3.04659E-01  1.33148E+03   9.476   1.430  3.39141E+09  3.76902E+09  1.62034E+10  2.28368E+09  5.11425E+09  6.17614E+00  8.84319E+02   8.585   8.671
 0.330 -5.23381E-01  5.46944E-01  6.88623E-01  5.44821E+00 -4.10406E+01  3.93465E+01  8.26971E-01  4.64780E-01  3.16383E-01  1.57646E+03   9.484   1.178  3.80809E+09  4.24314E+09  1.58364E+10  2.11055E+09  4.54392E+09  7.75003E+00  9.77748E+02   8.537   8.668
 0.340  2.23154E-01  3.59582E-03 -9.05338E-02  1.15849E+01 -2.59914E+01  3.45967E+01  7.78247E-01  5.30684E-01  3.35718E-01  1.73686E+03  10.569   1.569  5.23755E+09  5.66742E+09  1.67967E+10  2.56833E+09  5.87596E+09  8.56756E+00  1.05901E+03   8.473   8.639
 0.350  6.51244E-01 -8.56063E-02 -1.19491E+00 -2.34842E+01  2.37151E+01  2.76897E+01  7.77660E-01  4.91715E-01  3.91741E-01  1.70651E+03  11.432   1.764  4.79356E+09  5.23326E+09  1.75679E+10  2.67702E+09  6.48844E+09  8.05264E+00  1.14079E+03   8.504   8.624
 0.360 -1.69230E-01  7.35945E-01 -2.74553E-01 -3.23225E+01  1.45947E+01  4.67449E+01  7.85598E-01  4.59321E-01  4.14561E-01  1.59685E+03  10.065   1.337  4.12026E+09  4.58152E+09  1.70523E+10  2.28210E+09  5.06678E+09  8.41798E+00  1.23934E+03   8.526   8.630
 0.370 -7.39003E-01  1.08131E+00  6.80721E-02 -5.16426E+01  4.85936E+01  6.84887E+01  7.93162E-01  5.40015E-01  2.81563E-01  1.86328E+03  12.536   2.637  6.25422E+09  6.86500E+09  1.94135E+10  3.21288E+09  8.86321E+09  1.23000E+01  1.26543E+03   8.443   8.591
 0.380 -5.48747E-01  1.13277E+00  5.96147E-01 -4.19303E+01  1.71937E+01  5.61471E+01  8.04675E-01  5.33823E-01  2.59868E-01  2.10273E+03  13.447   2.564  7.01143E+09  7.17353E+09  1.97187E+10  3.19915E+09  9.18370E+09  7.81426E+00  1.34926E+03   8.392   8.584
 0.390  2.49141E-01  1.28289E-01 -1.27382E+00 -3.77291E+01  6.08408E+01 -4.06911E+00  8.10841E-01  5.46551E-01  2.09332E-01  2.38211E+03  14.962   2.471  9.55200E+09  1.00665E+10  2.05312E+10  3.33987E+09  9.66241E+09  1.47643E+01  1.40352E+03   8.359   8.571
 0.400 -5.98360E-01  1.33444E+00 -1.16181E+00 -3.24731E+01  2.20323E+01  3.98809E+01  7.80880E-01  5.41442E-01  3.11557E-01  2.16640E+03  13.476   2.520  7.22730E+09  7.46026E+09  2.20769E+10  3.54158E+09  9.13748E+09  8.46437E+00  1.49826E+03   8.412   8.570
 0.410  6.99525E-01  3.16693E-01 -2.06571E+00 -2.08800E+01  3.76206E+01  2.03397E+00  7.95514E-01  5.24980E-01  3.02579E-01  2.22856E+03  14.727   3.085  8.02479E+09  8.14854E+09  2.32277E+10  3.98830E+09  1.09878E+10  7.59670E+00  1.57252E+03   8.429   8.557
 0.420  1.27118E+00 -6.75580E-01 -1.91033E+00 -9.86775E+00  2.32577E+01 -1.91739E+01  7.85813E-01  5.43606E-01  2.94941E-01  2.40231E+03  15.063   3.060  8.86299E+09  9.10019E+09  2.42691E+10  4.08921E+09  1.11617E+10  9.18215E+00  1.66400E+03   8.437   8.557
 0.430  5.83389E-01 -6.12010E-01 -6.71014E-02  7.82843E+00  7.15269E+00 -1.37285E+01  8.02537E-01  5.67000E-01  1.85596E-01  2.60362E+03  16.861   3.917  1.10785E+10  1.11221E+10  2.65777E+10  4.86287E+09  1.35700E+10  1.00693E+01  1.70823E+03   8.426   8.544
 0.440  1.08682E+00 -8.08493E-01 -1.63637E-01 -3.32768E+00  6.74871E+00 -2.65819E+01  8.24547E-01  5.51748E-01  1.25287E-01  2.57452E+03  16.644   3.818  1.25196E+10  1.27177E+10  2.70098E+10  4.58813E+09  1.32359E+10  1.19026E+01  1.78740E+03   8.429   8.547
 0.450  1.07623E+00 -1.41884E+00 -1.11214E+00 -4.85296E+00  2.14333E+01 -4.27583E+01  8.51789E-01  4.99838E-01  1.56901E-01  2.21433E+03  15.068   3.234  9.67517E+09  1.01802E+10  2.71944E+10  4.17098E+09  1.16170E+10  1.43180E+01  1.85618E+03   8.502   8.553
 0.460  7.59132E-01 -1.17397E+00  1.52357E-01  1.08634E+01 -9.20750E+00 -3.25569E+01  8.43005E-01  5.04108E-01  1.87665E-01  1.95485E+03  12.174   2.034  7.10919E+09  7.65464E+09  2.48255E+10  3.05883E+09  7.88359E+09  1.04789E+01  2.02356E+03   8.570   8.581
 0.470  8.04074E-01 -1.42688E+00  1.01755E-02  1.82330E+01 -2.90595E+01 -4.03145E+01  8.86977E-01  4.49132E-01  1.07482E-01  1.96842E+03  12.969   2.898  8.31968E+09  8.86589E+09  2.76453E+10  3.62609E+09  9.93926E+09  1.22460E+01  2.04751E+03   8.573   8.572
 0.480  4.48679E-01 -4.50961E-01  6.00159E-01  1.48242E+01 -3.11014E+01 -1.66003E+01  9.09911E-01  4.13289E-01  3.54213E-02  1.84777E+03  12.247   2.955  8.08494E+09  8.68415E+09  2.84195E+10  3.81583E+09  9.77507E+09  1.16878E+01  2.10185E+03   8.596   8.577
 0.490  3.72748E-01 -8.35280E-01  6.06755E-01  4.13785E+00 -3.05914E+01 -8.81318E+00  9.31651E-01  3.49677E-01  9.87520E-02  1.73757E+03  10.392   2.534  6.91162E+09  7.79054E+09  2.65701E+10  2.95671E+09  7.99932E+09  1.34506E+01  2.18802E+03   8.650   8.599
 0.500  1.35923E-01 -2.26672E-01  3.18532E-01  8.65284E+00 -1.05635E+01  1.37000E+01  9.30833E-01  3.35640E-01  1.44557E-01  1.63490E+03  10.181   2.648  6.30903E+09  7.19910E+09  2.85216E+10  3.16970E+09  8.15370E+09  1.34274E+01  2.19327E+03   8.696   8.603
