  41
 0.100  4.31154E+07  2.88634E+07  3.26582E+07  3.98855E+07  2.17879E+07  3.84930E+08  3.01428E-01
 0.110  1.94131E+06  3.04252E+07  3.61400E+07  1.66559E+06  7.03151E+06  4.02306E+08  3.25944E-02
 0.120  4.47685E+07  3.45095E+07  4.16677E+07  4.35449E+07  3.88363E+06  5.56278E+08  5.85764E-02
 0.130  2.02663E+08  2.70725E+08  3.07413E+08  1.94970E+08  2.25044E+08  9.73466E+08  2.98881E+00
 0.140  4.94285E+08  5.02841E+08  5.80526E+08  4.84449E+08  2.55921E+08  1.14008E+09  3.65970E+00
 0.150  1.50808E+08  9.07130E+08  1.07168E+09  1.46928E+08  3.90023E+08  1.62236E+09  3.54956E+00
 0.160  1.43379E+08  1.06404E+09  1.28759E+09  1.38658E+08  1.89254E+08  1.30261E+09  1.90352E+00
 0.170  1.13339E+08  1.18201E+09  1.45914E+09  1.08690E+08  9.74486E+07  1.44553E+09  1.03043E+00
 0.180  3.02870E+08  1.34798E+09  1.67678E+09  2.95209E+08  1.38907E+08  1.55893E+09  1.77646E+00
 0.190  7.99965E+08  2.38080E+09  2.87325E+09  7.87668E+08  9.20681E+08  2.09010E+09  1.26514E+01
 0.200  1.27346E+09  4.05386E+09  4.88216E+09  1.26006E+09  1.44638E+09  2.55484E+09  1.69844E+01
 0.210  5.98680E+08  5.27827E+09  6.45649E+09  5.92370E+08  1.09879E+09  2.70424E+09  1.13975E+01
 0.220  2.89875E+08  5.57400E+09  6.96430E+09  2.84785E+08  4.29325E+08  2.64031E+09  4.38391E+00
 0.230  5.48958E+08  6.37900E+09  7.99060E+09  5.43230E+08  9.25766E+08  2.83252E+09  1.05764E+01
 0.240  1.58370E+09  8.66766E+09  1.07819E+10  1.56912E+09  1.81171E+09  3.42505E+09  2.41039E+01
 0.250  2.19352E+09  1.45156E+10  1.80963E+10  2.17898E+09  2.57464E+09  4.70604E+09  3.16309E+01
 0.260  6.69333E+08  1.59799E+10  2.02079E+10  6.63875E+08  1.45222E+09  4.47334E+09  1.26609E+01
 0.270  5.28133E+08  1.65179E+10  2.12294E+10  5.22549E+08  5.39534E+08  4.56895E+09  6.05453E+00
 0.280  3.11337E+08  1.69110E+10  2.19758E+10  3.07777E+08  4.77227E+08  4.58075E+09  4.62816E+00
 0.290  1.89616E+08  1.65531E+10  2.17501E+10  1.87433E+08  1.87257E+08  4.40699E+09  1.96039E+00
 0.300  1.33598E+08  1.56036E+10  2.06857E+10  1.31775E+08  1.26583E+08  4.06704E+09  1.29649E+00
 0.310  1.10522E+08  1.53477E+10  2.05025E+10  1.08853E+08  8.17569E+07  4.02913E+09  8.62177E-01
 0.320  1.03367E+08  1.54076E+10  2.07112E+10  1.01664E+08  7.69860E+07  4.05657E+09  8.54193E-01
 0.330  6.71685E+07  1.49237E+10  2.01511E+10  6.56290E+07  6.41071E+07  3.88597E+09  6.55697E-01
 0.340  5.53862E+07  1.40228E+10  1.90133E+10  5.39585E+07  4.15160E+07  3.62366E+09  4.31513E-01
 0.350  5.99113E+07  1.24098E+10  1.68753E+10  5.79838E+07  4.43479E+07  3.16374E+09  5.29580E-01
 0.360  5.10451E+07  1.26105E+10  1.71874E+10  4.94653E+07  3.79304E+07  3.20232E+09  4.15467E-01
 0.370  7.91720E+07  1.09764E+10  1.49671E+10  7.70020E+07  1.12925E+08  2.73159E+09  1.14991E+00
 0.380  4.26056E+07  1.18931E+10  1.62462E+10  4.12453E+07  3.97823E+07  2.97976E+09  4.03843E-01
 0.390  4.37010E+07  1.13237E+10  1.54888E+10  4.20779E+07  3.21202E+07  2.86603E+09  3.78999E-01
 0.400  3.26994E+07  1.09095E+10  1.49368E+10  3.11523E+07  2.31319E+07  2.72195E+09  2.44515E-01
 0.410  3.02509E+07  1.11397E+10  1.52691E+10  2.90316E+07  1.73629E+07  2.80425E+09  1.82854E-01
 0.420  2.32505E+07  1.10996E+10  1.52289E+10  2.22413E+07  1.49838E+07  2.85638E+09  1.47061E-01
 0.430  6.49968E+07  1.06309E+10  1.45938E+10  6.31286E+07  1.92695E+07  2.60830E+09  2.73951E-01
 0.440  3.06854E+07  1.06133E+10  1.45746E+10  2.93032E+07  2.46917E+07  2.66275E+09  2.55127E-01
 0.450  2.17170E+07  1.05178E+10  1.44520E+10  2.07152E+07  1.42369E+07  2.61611E+09  1.57159E-01
 0.460  2.19498E+07  1.05421E+10  1.44963E+10  2.08376E+07  1.29466E+07  2.74248E+09  1.41280E-01
 0.470  2.44874E+07  1.00815E+10  1.38617E+10  2.34193E+07  1.26246E+07  2.52050E+09  1.53756E-01
 0.480  2.44873E+07  9.93435E+09  1.36664E+10  2.32895E+07  1.42435E+07  2.56174E+09  1.50487E-01
 0.490  2.13065E+07  9.83129E+09  1.35277E+10  2.03689E+07  1.18129E+07  2.51917E+09  1.23537E-01
 0.500  2.09861E+07  9.24097E+09  1.27168E+10  1.98833E+07  1.05645E+07  2.38000E+09  1.12885E-01
