  41
 0.100   1.000  2.88634E+07  3.26582E+07  2.87423E+07  7.07001E+01  0.00000E+00  0.00000E+00  0.00000E+00  2.88634E+07  3.26582E+07  2.87423E+07
 0.110   1.185  3.74513E+07  4.45381E+07  3.71194E+07  1.48601E+02  8.36844E+06  1.00491E+07  8.27606E+06  2.90829E+07  3.44890E+07  2.88433E+07
 0.120   1.525  5.95906E+07  7.19095E+07  5.88146E+07  2.19620E+02  2.44194E+07  2.98899E+07  2.40479E+07  3.51712E+07  4.20196E+07  3.47667E+07
 0.130   1.283  3.17977E+08  3.63441E+08  3.16510E+08  9.90357E+01  5.17747E+07  6.32459E+07  5.10151E+07  2.66202E+08  3.00195E+08  2.65495E+08
 0.140   1.698  6.97999E+08  8.09709E+08  6.93880E+08  1.33589E+02  1.20906E+08  1.49254E+08  1.18849E+08  5.77093E+08  6.60454E+08  5.75031E+08
 0.150   2.374  1.34992E+09  1.60147E+09  1.34046E+09  1.71706E+02  2.54325E+08  3.15020E+08  2.49890E+08  1.09560E+09  1.28645E+09  1.09057E+09
 0.160   3.128  1.87462E+09  2.25914E+09  1.85842E+09  2.23554E+02  3.74131E+08  4.65953E+08  3.67484E+08  1.50048E+09  1.79319E+09  1.49093E+09
 0.170   3.573  2.37453E+09  2.90039E+09  2.34999E+09  2.79818E+02  4.76476E+08  5.99094E+08  4.67184E+08  1.89806E+09  2.30130E+09  1.88280E+09
 0.180   3.943  3.00288E+09  3.69331E+09  2.96709E+09  3.34884E+02  6.38616E+08  8.09130E+08  6.25074E+08  2.36426E+09  2.88418E+09  2.34202E+09
 0.190   3.951  5.01462E+09  6.05317E+09  4.96558E+09  2.94119E+02  7.55246E+08  9.64763E+08  7.37580E+08  4.25937E+09  5.08841E+09  4.22800E+09
 0.200   1.715  5.37642E+09  6.49452E+09  5.32875E+09  2.89332E+02  3.20684E+08  4.13777E+08  3.10981E+08  5.05574E+09  6.08074E+09  5.01777E+09
 0.210   5.375  9.82991E+09  1.20913E+10  9.73037E+09  3.50476E+02  1.86697E+09  2.36786E+09  1.83227E+09  7.96294E+09  9.72342E+09  7.89810E+09
 0.220   4.612  1.23638E+10  1.53202E+10  1.22330E+10  3.88961E+02  2.24859E+09  2.87788E+09  2.20514E+09  1.01152E+10  1.24423E+10  1.00278E+10
 0.230   4.890  1.49395E+10  1.86465E+10  1.47691E+10  4.39272E+02  2.53655E+09  3.27756E+09  2.48169E+09  1.24029E+10  1.53690E+10  1.22874E+10
 0.240   2.517  1.43602E+10  1.79411E+10  1.41908E+10  4.76224E+02  1.50068E+09  1.95906E+09  1.46252E+09  1.28595E+10  1.59820E+10  1.27283E+10
 0.250   1.000  1.45156E+10  1.80963E+10  1.43601E+10  4.63490E+02  3.48120E+09  4.46322E+09  3.42857E+09  1.10344E+10  1.36331E+10  1.09315E+10
 0.260   6.400  3.03636E+10  3.87840E+10  2.99361E+10  6.14062E+02  1.00961E+10  1.31169E+10  9.90447E+09  2.02675E+10  2.56671E+10  2.00317E+10
 0.270   5.539  3.12290E+10  4.02819E+10  3.07425E+10  7.04399E+02  9.46690E+09  1.24337E+10  9.26320E+09  2.17621E+10  2.78482E+10  2.14793E+10
 0.280   5.771  3.35986E+10  4.36160E+10  3.30289E+10  7.91189E+02  9.75726E+09  1.29167E+10  9.52361E+09  2.38414E+10  3.06993E+10  2.35053E+10
 0.290   7.057  3.60400E+10  4.71862E+10  3.53645E+10  8.98389E+02  1.07213E+10  1.42756E+10  1.04411E+10  2.53186E+10  3.29106E+10  2.49234E+10
 0.300   7.749  3.76059E+10  4.95602E+10  3.68379E+10  1.00491E+03  1.10427E+10  1.47933E+10  1.07277E+10  2.65633E+10  3.47669E+10  2.61102E+10
 0.310   8.695  3.89383E+10  5.16609E+10  3.80725E+10  1.12076E+03  1.15238E+10  1.55048E+10  1.11714E+10  2.74145E+10  3.61561E+10  2.69011E+10
 0.320   9.476  3.99246E+10  5.32866E+10  3.89658E+10  1.23927E+03  1.17678E+10  1.59071E+10  1.13811E+10  2.81568E+10  3.73794E+10  2.75847E+10
 0.330   9.484  4.07172E+10  5.45876E+10  3.96526E+10  1.35897E+03  1.19421E+10  1.61984E+10  1.15195E+10  2.87751E+10  3.83892E+10  2.81332E+10
 0.340  10.569  4.19883E+10  5.64889E+10  4.08094E+10  1.47479E+03  1.23963E+10  1.68574E+10  1.19295E+10  2.95920E+10  3.96315E+10  2.88799E+10
 0.350  11.432  4.29198E+10  5.79222E+10  4.16331E+10  1.58827E+03  1.25137E+10  1.70705E+10  1.20119E+10  3.04061E+10  4.08517E+10  2.96212E+10
 0.360  10.065  4.29062E+10  5.81060E+10  4.15260E+10  1.71596E+03  1.20650E+10  1.65158E+10  1.15465E+10  3.08412E+10  4.15903E+10  2.99794E+10
 0.370  12.536  4.56801E+10  6.18471E+10  4.41573E+10  1.79452E+03  1.30540E+10  1.78838E+10  1.24728E+10  3.26261E+10  4.39633E+10  3.16845E+10
 0.380  13.447  4.68400E+10  6.36125E+10  4.51909E+10  1.91026E+03  1.33473E+10  1.83256E+10  1.27236E+10  3.34927E+10  4.52869E+10  3.24674E+10
 0.390  14.962  4.88650E+10  6.63599E+10  4.70850E+10  1.99792E+03  1.38659E+10  1.90510E+10  1.31969E+10  3.49991E+10  4.73089E+10  3.38882E+10
 0.400  13.476  4.91274E+10  6.69308E+10  4.72509E+10  2.11402E+03  1.35480E+10  1.86562E+10  1.28631E+10  3.55794E+10  4.82747E+10  3.43878E+10
 0.410  14.727  5.04986E+10  6.89321E+10  4.84897E+10  2.22238E+03  1.40164E+10  1.93096E+10  1.32873E+10  3.64822E+10  4.96225E+10  3.52024E+10
 0.420  15.063  5.15079E+10  7.04335E+10  4.93786E+10  2.33891E+03  1.41438E+10  1.95255E+10  1.33788E+10  3.73641E+10  5.09080E+10  3.59998E+10
 0.430  16.861  5.38981E+10  7.37319E+10  5.16353E+10  2.41215E+03  1.50197E+10  2.07286E+10  1.42051E+10  3.88784E+10  5.30033E+10  3.74302E+10
 0.440  16.644  5.50293E+10  7.53426E+10  5.26525E+10  2.50906E+03  1.49492E+10  2.06765E+10  1.41041E+10  4.00801E+10  5.46661E+10  3.85484E+10
 0.450  15.068  5.59947E+10  7.67152E+10  5.35131E+10  2.60334E+03  1.45954E+10  2.02363E+10  1.37330E+10  4.13993E+10  5.64789E+10  3.97801E+10
 0.460  12.174  5.44222E+10  7.47521E+10  5.18765E+10  2.76567E+03  1.33392E+10  1.85389E+10  1.24882E+10  4.10830E+10  5.62131E+10  3.93882E+10
 0.470  12.969  5.67084E+10  7.79033E+10  5.40230E+10  2.83693E+03  1.36733E+10  1.90233E+10  1.27784E+10  4.30352E+10  5.88800E+10  4.12446E+10
 0.480  12.247  5.76797E+10  7.92729E+10  5.48927E+10  2.92382E+03  1.36925E+10  1.90350E+10  1.27793E+10  4.39872E+10  6.02379E+10  4.21134E+10
 0.490  10.392  5.61272E+10  7.71905E+10  5.32895E+10  3.07297E+03  1.25209E+10  1.74542E+10  1.16204E+10  4.36063E+10  5.97362E+10  4.16691E+10
 0.500  10.181  5.77944E+10  7.94508E+10  5.48468E+10  3.13503E+03  1.26804E+10  1.76717E+10  1.17536E+10  4.51141E+10  6.17791E+10  4.30933E+10
