  39
 0.120       567222         8859       253515
 0.130       847095        14108       396363
 0.140      1106328        17831       512034
 0.150      1482458        21920       691190
 0.160      1802941        29611       837120
 0.170      2277207        39806      1076877
 0.180      2681582        47290      1273720
 0.190      3050614        57371      1430444
 0.200      3346010        62884      1598583
 0.210      3737245        69368      1798934
 0.220      4060376        90169      1942828
 0.230      4345424       106235      2091571
 0.240      4913423       117852      2393878
 0.250      5494213       138903      2697352
 0.260      6171401       161420      3031440
 0.270      6680868       173164      3299879
 0.280      7222156       185505      3580459
 0.290      7805200       198017      3887689
 0.300      8289129       210438      4088216
 0.310      8729333       230643      4270270
 0.320      9061342       291467      4404252
 0.330      9301506       375186      4527588
 0.340      9332900       428361      4613611
 0.350      9679862       547499      4670406
 0.360      9600813       632572      4714456
 0.370      9956571       709397      4783468
 0.380      9803145       797798      4826314
 0.390      9681517       874133      4866194
 0.400      9888851       965688      4900477
 0.410     10026421      1045559      4939656
 0.420     10083615      1092144      4972798
 0.430     10079736      1123334      5001333
 0.440     10137838      1145819      5022943
 0.450     10289145      1164181      5037637
 0.460     10260404      1177409      5053401
 0.470     10262712      1187789      5067266
 0.480     10280547      1196502      5081367
 0.490     10271633      1203492      5090444
 0.500     10244856      1211404      5099661
