  21
 0.100   6.000   0.900  5.79005E+09  5.97141E+08  7.89033E+07  9.06453E+07  5.11400E+09  6.12895E+07  2.07401E+07  2.30372E+07  1.55302E+08  1.05749E+09  8.66612E+07  9.91497E+07  6.92974E+09  9.47148E+07  3.27319E+07  3.68669E+07  4.10287E+08
 0.110   7.250   1.000  8.14071E+09  7.89094E+08  1.60900E+08  1.87787E+08  7.19071E+09  1.99846E+07  6.25885E+07  7.26228E+07  2.98965E+08  1.11719E+09  1.68786E+08  1.96883E+08  9.05775E+09  3.16199E+07  7.69232E+07  8.94802E+07  5.27263E+08
 0.120   9.000   1.000  1.17302E+10  1.09903E+09  2.73973E+08  3.21477E+08  1.03572E+10  1.66785E+08  1.43314E+08  1.66448E+08  7.30785E+08  1.26575E+09  2.75798E+08  3.23631E+08  1.13456E+10  1.86272E+08  1.49933E+08  1.74141E+08  8.48094E+08
 0.130  13.000   1.439  2.81481E+10  3.27873E+09  5.33580E+08  6.33082E+08  2.43358E+10  1.04874E+08  2.56493E+08  3.03952E+08  1.12877E+09  2.03251E+09  4.60413E+08  5.48504E+08  1.82598E+10  1.21923E+08  2.64811E+08  3.14059E+08  1.29164E+09
 0.140  17.750   2.117  5.75067E+10  5.95656E+09  1.58532E+09  1.86240E+09  4.99649E+10  3.59532E+08  4.66785E+08  5.54366E+08  2.67290E+09  4.04520E+09  1.54544E+09  1.81419E+09  3.47752E+10  4.43992E+08  4.88838E+08  5.80310E+08  3.38872E+09
 0.150  21.000   2.741  7.64011E+10  7.15107E+09  2.85078E+09  3.35739E+09  6.63992E+10  9.21525E+08  1.04629E+09  1.22845E+09  4.05790E+09  4.15100E+09  2.72653E+09  3.20668E+09  3.82432E+10  1.48653E+09  1.60082E+09  1.86865E+09  6.26222E+09
 0.160  24.750   2.848  1.03669E+11  8.87117E+09  4.27920E+09  5.13083E+09  9.05184E+10  7.28631E+08  2.75735E+09  3.29041E+09  6.33846E+09  4.23047E+09  3.94001E+09  4.71397E+09  3.82624E+10  8.93220E+08  2.91534E+09  3.47898E+09  7.64282E+09
 0.170  28.500   2.987  1.29267E+11  1.07285E+10  5.79396E+09  7.01147E+09  1.12745E+11  1.57927E+09  3.63789E+09  4.42616E+09  9.50985E+09  5.98862E+09  5.52285E+09  6.67801E+09  4.93615E+10  1.69380E+09  3.71456E+09  4.51747E+09  1.01275E+10
 0.180  31.750   2.785  1.51287E+11  1.08236E+10  7.95884E+09  9.66715E+09  1.32505E+11  2.43932E+09  5.63255E+09  6.80492E+09  1.12321E+10  5.17781E+09  6.96365E+09  8.44056E+09  4.20325E+10  2.13030E+09  5.38428E+09  6.50503E+09  9.57703E+09
 0.190  35.250   2.008  1.77520E+11  9.83697E+09  1.16307E+10  1.42120E+10  1.56052E+11  2.52779E+09  8.31372E+09  1.00866E+10  1.48155E+10  4.64261E+09  1.00883E+10  1.22829E+10  4.93677E+10  1.74675E+09  7.12596E+09  8.62862E+09  7.50049E+09
 0.200  38.000   2.151  1.89677E+11  9.10069E+09  1.34079E+10  1.66401E+10  1.67168E+11  1.73041E+09  1.01047E+10  1.24738E+10  1.62670E+10  3.95062E+09  1.16358E+10  1.43991E+10  4.90220E+10  1.12545E+09  8.78685E+09  1.08348E+10  8.32488E+09
 0.210  40.750   3.551  2.00722E+11  9.02104E+09  1.46768E+10  1.84330E+10  1.77024E+11  1.79085E+09  1.13917E+10  1.42563E+10  1.93427E+10  3.94804E+09  1.30121E+10  1.63135E+10  5.31437E+10  1.51527E+09  1.10686E+10  1.38528E+10  1.63174E+10
 0.220  43.500   2.599  2.12914E+11  9.32627E+09  1.55537E+10  1.97507E+10  1.88033E+11  2.08334E+09  1.23664E+10  1.56607E+10  2.01636E+10  3.61244E+09  1.36472E+10  1.72953E+10  4.91235E+10  1.33276E+09  1.08976E+10  1.38013E+10  1.08956E+10
 0.230  46.250   3.608  2.24579E+11  9.53743E+09  1.65753E+10  2.12189E+10  1.98466E+11  2.01989E+09  1.36008E+10  1.73598E+10  2.34328E+10  3.19074E+09  1.58634E+10  2.02905E+10  5.36543E+10  1.55476E+09  1.29170E+10  1.64854E+10  1.72532E+10
 0.240  49.000   4.203  2.37133E+11  9.80535E+09  1.73002E+10  2.23172E+10  2.10028E+11  2.19913E+09  1.52478E+10  1.96451E+10  2.53334E+10  3.44905E+09  1.65068E+10  2.12767E+10  5.33316E+10  1.87696E+09  1.47485E+10  1.90041E+10  2.10525E+10
 0.250  52.750   3.881  2.59403E+11  1.14728E+10  1.86609E+10  2.41805E+10  2.29269E+11  2.26511E+09  1.63509E+10  2.11746E+10  2.85650E+10  3.25368E+09  1.74556E+10  2.26231E+10  5.53333E+10  1.72579E+09  1.52580E+10  1.97669E+10  1.98760E+10
 0.260  55.750   3.811  2.72851E+11  1.21041E+10  1.97727E+10  2.57384E+10  2.40974E+11  2.06357E+09  1.74692E+10  2.27224E+10  3.14041E+10  2.84512E+09  1.84436E+10  2.40107E+10  5.79033E+10  1.48483E+09  1.60588E+10  2.08978E+10  1.98142E+10
 0.270  58.000   3.802  2.75080E+11  1.22884E+10  2.04559E+10  2.67850E+10  2.42336E+11  2.25847E+09  1.82541E+10  2.38871E+10  3.24684E+10  3.17641E+09  1.91173E+10  2.50340E+10  5.65497E+10  1.71559E+09  1.67822E+10  2.19628E+10  1.98089E+10
 0.280  60.500   5.768  2.80322E+11  1.26146E+10  2.12466E+10  2.79639E+10  2.46461E+11  1.94479E+09  1.89969E+10  2.50081E+10  3.39357E+10  2.99407E+09  1.98045E+10  2.60804E+10  5.59489E+10  1.84980E+09  1.88709E+10  2.48424E+10  3.21887E+10
 0.290  63.250   6.467  2.90204E+11  1.33800E+10  2.16220E+10  2.86425E+10  2.55202E+11  1.90722E+09  1.94504E+10  2.57674E+10  3.55937E+10  2.87939E+09  2.01467E+10  2.66964E+10  5.58964E+10  1.95692E+09  1.94948E+10  2.58263E+10  3.64376E+10
 0.300  65.750   7.615  2.95325E+11  1.39496E+10  2.19894E+10  2.92752E+10  2.59386E+11  1.60275E+09  1.97602E+10  2.63245E+10  3.66620E+10  3.10360E+09  2.05045E+10  2.73053E+10  5.59467E+10  2.16938E+09  2.01052E+10  2.67758E+10  4.27935E+10
