  38
 0.130       714898        10161       324614
 0.140       936452        16137       431800
 0.150      1219871        20213       564222
 0.160      1476864        23164       678163
 0.170      1840124        29906       850148
 0.180      2152707        36543       996974
 0.190      2509107        47668      1195185
 0.200      3001094        59448      1420706
 0.210      3284608        64648      1586355
 0.220      3735459        80138      1784179
 0.230      4087906        93712      1960553
 0.240      4399630       128898      2116472
 0.250      4672595       145853      2240490
 0.260      5010394       168001      2391219
 0.270      5391725       189503      2577980
 0.280      5986433       209833      2917836
 0.290      7149113       319182      3534713
 0.300      7626485       352354      3824405
 0.310      8274690       392977      4071453
 0.320      8426396       422757      4188537
 0.330      8899409       478414      4398558
 0.340      9908668       596902      4933720
 0.350     10697862       659303      5380834
 0.360     11403195       722269      5748148
 0.370     12149075       775908      6104147
 0.380     13191537       814872      6632542
 0.390     13783801       836463      6964659
 0.400     14758635       860806      7388449
 0.410     15543959       885596      7594942
 0.420     15827857       906369      7805081
 0.430     16459355       944533      8088112
 0.440     16792516      1001930      8244475
 0.450     16889997      1101100      8306415
 0.460     17058132      1162236      8399811
 0.470     16921041      1204720      8475232
 0.480     17101096      1304494      8540249
 0.490     17102931      1370523      8572783
 0.500     17574997      1434934      8609609
