  35
 0.100   1.000   0.523  8.90342E+06  9.83169E+06  8.87797E+06  5.15549E+01  0.00000E+00  0.00000E+00  0.00000E+00  8.90342E+06  9.83169E+06  8.87797E+06
 0.110   1.000   0.500  5.98671E+07  6.72960E+07  5.97115E+07  5.74365E+01  1.20647E+06  1.45194E+06  1.19247E+06  5.86606E+07  6.58441E+07  5.85190E+07
 0.120   1.129   0.503  1.83900E+07  2.19171E+07  1.81952E+07  1.83709E+02  3.64828E+06  4.44884E+06  3.59486E+06  1.47417E+07  1.74682E+07  1.46003E+07
 0.130   1.000   0.500  2.40406E+08  2.73165E+08  2.39633E+08  8.01925E+01  1.15849E+06  1.43814E+06  1.13438E+06  2.39247E+08  2.71727E+08  2.38498E+08
 0.140   1.612   0.767  2.13584E+08  2.50733E+08  2.12381E+08  1.38059E+02  4.38990E+06  5.43983E+06  4.30911E+06  2.09194E+08  2.45293E+08  2.08072E+08
 0.150   2.192   0.512  3.25442E+08  3.74619E+08  3.23892E+08  1.23588E+02  8.02459E+06  1.00028E+07  7.86036E+06  3.17417E+08  3.64616E+08  3.16032E+08
 0.160   1.925   0.861  8.70540E+08  1.02341E+09  8.65734E+08  1.56889E+02  2.43190E+07  2.99235E+07  2.39974E+07  8.46221E+08  9.93489E+08  8.41736E+08
 0.170   1.818   1.160  6.94642E+08  8.23984E+08  6.90002E+08  1.93923E+02  1.74979E+07  2.19567E+07  1.71685E+07  6.77144E+08  8.02027E+08  6.72833E+08
 0.180   1.608   0.500  2.01777E+09  2.31037E+09  2.01140E+09  1.10484E+02  3.33642E+07  4.18245E+07  3.28185E+07  1.98441E+09  2.26855E+09  1.97858E+09
 0.190   2.462   0.500  3.23875E+09  3.83100E+09  3.22497E+09  1.60667E+02  1.58428E+08  1.94105E+08  1.57160E+08  3.08032E+09  3.63689E+09  3.06781E+09
 0.200   3.452   0.673  4.64383E+09  5.64940E+09  4.61550E+09  2.36562E+02  2.77579E+08  3.44127E+08  2.75196E+08  4.36625E+09  5.30527E+09  4.34030E+09
 0.210   2.483   0.500  5.40813E+09  6.59424E+09  5.37045E+09  2.75101E+02  2.27769E+08  2.87686E+08  2.25083E+08  5.18036E+09  6.30655E+09  5.14537E+09
 0.220   6.003   1.879  1.58307E+09  1.94506E+09  1.56682E+09  3.69688E+02  1.03788E+09  1.30701E+09  1.02483E+09  5.45195E+08  6.38045E+08  5.41989E+08
 0.230   4.423   0.656  2.63665E+09  3.27531E+09  2.60648E+09  4.35838E+02  7.02069E+08  9.00980E+08  6.89996E+08  1.93458E+09  2.37433E+09  1.91649E+09
 0.240   5.343   1.022  4.53057E+09  5.59373E+09  4.48622E+09  4.05101E+02  9.24001E+08  1.18776E+09  9.08299E+08  3.60657E+09  4.40597E+09  3.57792E+09
 0.250   5.727   0.917  5.37263E+09  6.68000E+09  5.31702E+09  4.48679E+02  1.06136E+09  1.37508E+09  1.04203E+09  4.31127E+09  5.30492E+09  4.27500E+09
 0.260   7.582   1.551  7.98414E+09  1.00547E+10  7.89757E+09  4.98116E+02  1.66184E+09  2.14938E+09  1.63365E+09  6.32231E+09  7.90532E+09  6.26391E+09
 0.270   6.749   1.691  1.03828E+10  1.31830E+10  1.02622E+10  5.58392E+02  1.85557E+09  2.41938E+09  1.82086E+09  8.52724E+09  1.07637E+10  8.44129E+09
 0.280   7.699   1.864  1.19695E+10  1.53230E+10  1.18190E+10  6.27241E+02  2.26937E+09  2.96037E+09  2.22756E+09  9.70012E+09  1.23626E+10  9.59140E+09
 0.290   7.751   1.578  1.23570E+10  1.59537E+10  1.21835E+10  7.18992E+02  2.27619E+09  2.98530E+09  2.23148E+09  1.00808E+10  1.29684E+10  9.95207E+09
 0.300   7.449   1.448  1.22043E+10  1.57300E+10  1.20257E+10  7.68200E+02  2.18060E+09  2.86995E+09  2.13512E+09  1.00237E+10  1.28601E+10  9.89061E+09
 0.310   6.233   1.090  1.16423E+10  1.51100E+10  1.14588E+10  8.49362E+02  1.72004E+09  2.28700E+09  1.67780E+09  9.92221E+09  1.28230E+10  9.78097E+09
 0.320   8.186   1.848  1.44434E+10  1.88869E+10  1.42085E+10  9.11527E+02  2.81026E+09  3.73145E+09  2.74766E+09  1.16332E+10  1.51555E+10  1.14609E+10
 0.330   9.574   2.754  1.57458E+10  2.07288E+10  1.54691E+10  9.95921E+02  3.46144E+09  4.61342E+09  3.38338E+09  1.22844E+10  1.61153E+10  1.20857E+10
 0.340   9.407   2.891  1.64809E+10  2.18155E+10  1.61741E+10  1.08081E+03  3.69707E+09  4.94887E+09  3.60959E+09  1.27838E+10  1.68666E+10  1.25645E+10
 0.350   8.579   2.514  1.67912E+10  2.23637E+10  1.64530E+10  1.19032E+03  3.63553E+09  4.90443E+09  3.54085E+09  1.31557E+10  1.74593E+10  1.29121E+10
 0.360   9.998   4.438  1.90573E+10  2.54812E+10  1.86581E+10  1.27196E+03  4.68436E+09  6.34636E+09  4.56142E+09  1.43729E+10  1.91349E+10  1.40966E+10
 0.370  13.063   4.795  1.47149E+10  1.97128E+10  1.43812E+10  1.38562E+03  3.80895E+09  5.19706E+09  3.69496E+09  1.09060E+10  1.45158E+10  1.06862E+10
 0.380  15.357   4.506  1.17204E+10  1.56125E+10  1.14429E+10  1.43294E+03  3.00833E+09  4.11069E+09  2.90969E+09  8.71203E+09  1.15019E+10  8.53322E+09
 0.390  11.763   6.655  2.30594E+10  3.09798E+10  2.25137E+10  1.51473E+03  7.31828E+09  1.00409E+10  7.09047E+09  1.57411E+10  2.09389E+10  1.54233E+10
 0.400   9.910   3.841  1.90232E+10  2.53781E+10  1.85794E+10  1.50657E+03  3.94723E+09  5.40601E+09  3.81541E+09  1.50759E+10  1.99721E+10  1.47640E+10
 0.410   9.533   2.578  2.40672E+10  3.15117E+10  2.35661E+10  1.37137E+03  3.86356E+09  5.31707E+09  3.72331E+09  2.02037E+10  2.61946E+10  1.98428E+10
 0.420  10.060   2.242  2.58000E+10  3.37149E+10  2.52790E+10  1.33338E+03  4.47280E+09  6.13091E+09  4.31094E+09  2.13272E+10  2.75840E+10  2.09680E+10
 0.430   9.534   2.029  2.76718E+10  3.62603E+10  2.70971E+10  1.36720E+03  4.64301E+09  6.37705E+09  4.46380E+09  2.30288E+10  2.98833E+10  2.26333E+10
 0.440   9.733   1.169  2.48000E+10  3.26423E+10  2.42693E+10  1.41736E+03  3.80850E+09  5.22769E+09  3.65514E+09  2.09915E+10  2.74146E+10  2.06142E+10
