  35
 0.100   7.000   1.000  9.08722E+09  7.54402E+08  1.62486E+08  1.84204E+08  8.17033E+09  9.53730E+07  8.88613E+07  9.98518E+07  4.32818E+08  1.08396E+09  1.64047E+08  1.85981E+08  9.66724E+09  1.41343E+08  1.04529E+08  1.17722E+08  7.79421E+08
 0.110   8.750   1.000  1.36662E+10  9.26957E+08  2.89276E+08  3.36816E+08  1.24500E+10  1.30230E+08  1.97377E+08  2.28248E+08  7.25049E+08  1.11022E+09  2.89367E+08  3.36924E+08  1.30742E+10  1.37335E+08  2.05241E+08  2.37508E+08  8.76943E+08
 0.120  10.750   1.129  1.82593E+10  1.40905E+09  4.38033E+08  5.16319E+08  1.64122E+10  1.67365E+08  3.46955E+08  4.07770E+08  1.20991E+09  1.28181E+09  4.37688E+08  5.15906E+08  1.57157E+10  1.76487E+08  3.50041E+08  4.11451E+08  1.29297E+09
 0.130  13.000   1.000  2.65125E+10  2.10537E+09  7.53827E+08  8.87951E+08  2.36533E+10  2.31451E+08  6.44111E+08  7.56119E+08  1.72312E+09  1.64788E+09  7.38657E+08  8.69953E+08  1.79669E+10  2.11963E+08  6.22277E+08  7.29848E+08  1.25181E+09
 0.140  15.750   1.612  3.78157E+10  3.09863E+09  1.00153E+09  1.19949E+09  3.37156E+10  3.55487E+08  8.25524E+08  9.90455E+08  2.57762E+09  2.17576E+09  9.67230E+08  1.15876E+09  2.20095E+10  3.65121E+08  8.27782E+08  9.93191E+08  2.65959E+09
 0.150  20.250   2.192  6.42478E+10  5.38420E+09  1.85381E+09  2.21801E+09  5.70097E+10  6.60543E+08  1.28566E+09  1.53653E+09  3.68120E+09  2.54007E+09  1.54343E+09  1.84155E+09  2.68318E+10  7.35696E+08  1.30864E+09  1.56286E+09  4.06322E+09
 0.160  25.250   1.925  1.04644E+11  9.62911E+09  2.82981E+09  3.40480E+09  9.21849E+10  1.60135E+09  2.14011E+09  2.56671E+09  8.30901E+09  4.54860E+09  2.58883E+09  3.10902E+09  4.78450E+10  1.23419E+09  1.93954E+09  2.32504E+09  5.41629E+09
 0.170  28.500   1.818  1.26016E+11  1.09603E+10  4.29016E+09  5.16075E+09  1.10766E+11  2.04629E+09  3.28025E+09  3.94108E+09  9.07488E+09  5.96516E+09  4.07943E+09  4.90118E+09  4.83269E+10  1.50152E+09  2.98295E+09  3.58696E+09  5.29657E+09
 0.180  31.250   1.608  1.41834E+11  1.01604E+10  7.37905E+09  8.81057E+09  1.24294E+11  2.52222E+09  6.40478E+09  7.60285E+09  1.09586E+10  4.93695E+09  7.00248E+09  8.33606E+09  4.32936E+10  1.76680E+09  5.69462E+09  6.75027E+09  5.03785E+09
 0.190  34.500   2.462  1.62540E+11  1.09242E+10  9.28691E+09  1.13040E+10  1.42329E+11  2.31894E+09  8.35889E+09  1.01377E+10  1.33883E+10  3.92882E+09  8.93408E+09  1.08560E+10  4.24951E+10  1.75234E+09  7.96873E+09  9.66466E+09  9.09026E+09
 0.200  42.750   3.452  2.64947E+11  2.04376E+10  1.40655E+10  1.73349E+10  2.30444E+11  2.20968E+09  9.56414E+09  1.18431E+10  1.73776E+10  3.92454E+09  1.00878E+10  1.24973E+10  4.72410E+10  1.86353E+09  9.33031E+09  1.15541E+10  1.34582E+10
 0.210  48.750   2.483  3.30184E+11  2.25868E+10  1.80325E+10  2.23485E+10  2.89564E+11  2.48584E+09  1.15881E+10  1.44344E+10  2.76045E+10  5.92934E+09  1.63317E+10  2.02340E+10  7.95430E+10  1.50301E+09  1.06595E+10  1.32693E+10  1.09768E+10
 0.220  52.000   6.003  3.60682E+11  2.23907E+10  2.15184E+10  2.68317E+10  3.16773E+11  3.49031E+09  1.38496E+10  1.73330E+10  3.06935E+10  8.06533E+09  1.95135E+10  2.43364E+10  7.84736E+10  4.54613E+09  1.70532E+10  2.12915E+10  3.88649E+10
 0.230  55.750   4.423  3.91692E+11  2.31247E+10  2.47792E+10  3.11828E+10  3.43788E+11  3.47807E+09  2.03699E+10  2.56222E+10  3.58084E+10  5.05250E+09  2.19297E+10  2.75709E+10  7.19195E+10  2.91569E+09  1.96551E+10  2.47402E+10  2.70670E+10
 0.240  58.250   5.343  3.93773E+11  2.30119E+10  2.68158E+10  3.40700E+10  3.43945E+11  3.63622E+09  2.27699E+10  2.89233E+10  4.02888E+10  6.14690E+09  2.42611E+10  3.07980E+10  7.28477E+10  3.32137E+09  2.24683E+10  2.85453E+10  3.63400E+10
 0.250  60.500   5.727  3.93350E+11  2.28102E+10  2.87619E+10  3.68513E+10  3.41778E+11  4.28734E+09  2.47987E+10  3.17601E+10  4.36084E+10  6.80827E+09  2.63688E+10  3.37534E+10  7.50193E+10  4.00663E+09  2.45203E+10  3.14127E+10  4.08792E+10
 0.260  62.500   7.582  3.87617E+11  2.29484E+10  3.02935E+10  3.91458E+10  3.34375E+11  4.03923E+09  2.58009E+10  3.33717E+10  4.46068E+10  7.64636E+09  2.78355E+10  3.59359E+10  7.41545E+10  5.52688E+09  2.67876E+10  3.46090E+10  5.52876E+10
 0.270  65.750   6.749  4.01492E+11  2.34511E+10  3.23622E+10  4.20260E+10  3.45678E+11  3.79018E+09  2.74402E+10  3.57191E+10  4.85425E+10  6.57690E+09  2.92086E+10  3.79594E+10  7.61316E+10  3.94735E+09  2.75597E+10  3.58713E+10  5.00056E+10
 0.280  69.250   7.699  4.21269E+11  2.53718E+10  3.37550E+10  4.41333E+10  3.62142E+11  3.57211E+09  2.87820E+10  3.77161E+10  5.14226E+10  6.42233E+09  3.07396E+10  4.01973E+10  7.65106E+10  4.26415E+09  2.94165E+10  3.85168E+10  5.79650E+10
 0.290  72.000   7.751  4.28815E+11  2.57613E+10  3.51341E+10  4.61889E+10  3.67920E+11  3.69692E+09  3.01180E+10  3.97008E+10  5.54414E+10  5.53227E+09  3.21729E+10  4.23355E+10  7.84957E+10  4.13133E+09  3.06548E+10  4.03869E+10  6.00620E+10
 0.300  75.250   7.449  4.40709E+11  2.54076E+10  3.71043E+10  4.88603E+10  3.78197E+11  5.21765E+09  3.20264E+10  4.22341E+10  5.87410E+10  7.50141E+09  3.38766E+10  4.45999E+10  7.92452E+10  5.17742E+09  3.19589E+10  4.21471E+10  5.80910E+10
 0.310  78.500   6.233  4.54631E+11  2.52720E+10  3.88518E+10  5.14041E+10  3.90508E+11  4.79857E+09  3.39621E+10  4.49728E+10  6.11966E+10  6.07352E+09  3.55667E+10  4.70549E+10  7.84857E+10  3.58042E+09  3.18273E+10  4.22133E+10  4.73174E+10
 0.320  81.500   8.186  4.66052E+11  2.59348E+10  3.98463E+10  5.30317E+10  4.00271E+11  4.17524E+09  3.48958E+10  4.64833E+10  6.35948E+10  5.38229E+09  3.65347E+10  4.86185E+10  7.85967E+10  4.20039E+09  3.49384E+10  4.65388E+10  6.38948E+10
 0.330  87.500   9.574  5.28703E+11  3.00299E+10  4.19122E+10  5.60552E+10  4.56761E+11  3.62691E+09  3.59262E+10  4.80983E+10  6.82820E+10  4.59619E+09  3.69847E+10  4.94789E+10  7.84744E+10  4.23715E+09  3.66625E+10  4.90598E+10  7.50590E+10
 0.340  92.000   9.407  5.65262E+11  3.29069E+10  4.28044E+10  5.74934E+10  4.89550E+11  4.27660E+09  3.69845E+10  4.96943E+10  7.27971E+10  4.76883E+09  3.75780E+10  5.04802E+10  7.95026E+10  4.41238E+09  3.71495E+10  4.99120E+10  7.45567E+10
 0.350  97.250   8.579  6.13421E+11  3.70999E+10  4.36007E+10  5.87563E+10  5.32720E+11  4.36717E+09  3.83526E+10  5.17109E+10  8.17463E+10  4.49854E+09  3.85618E+10  5.19897E+10  8.42976E+10  3.78436E+09  3.72090E+10  5.01920E+10  7.09968E+10
 0.360 109.250   9.998  8.02412E+11  5.09360E+10  5.62387E+10  7.59590E+10  6.95237E+11  5.22505E+09  3.96546E+10  5.36267E+10  9.16037E+10  4.76755E+09  3.89429E+10  5.26740E+10  8.30293E+10  4.76637E+09  3.89413E+10  5.26717E+10  8.30118E+10
 0.370 117.000  13.063  9.08617E+11  5.63283E+10  5.91168E+10  7.99591E+10  7.93172E+11  6.75280E+09  4.06858E+10  5.51404E+10  9.82324E+10  5.46584E+09  3.98086E+10  5.39596E+10  8.29249E+10  8.42537E+09  4.12132E+10  5.58459E+10  1.10504E+11
 0.380 124.000  15.357  9.83406E+11  5.92026E+10  6.20068E+10  8.38622E+10  8.62197E+11  8.35888E+09  4.22034E+10  5.72611E+10  1.14452E+11  5.51259E+09  4.09598E+10  5.56068E+10  9.03881E+10  1.38878E+10  4.32941E+10  5.86820E+10  1.43899E+11
 0.390 129.750  11.763  1.03820E+12  5.98302E+10  6.49969E+10  8.78408E+10  9.13369E+11  1.43220E+10  5.50148E+10  7.46533E+10  1.57383E+11  9.01065E+09  5.07895E+10  6.90409E+10  1.13336E+11  1.20895E+10  5.36589E+10  7.28661E+10  1.39696E+11
 0.400 134.250   9.910  1.06179E+12  5.73272E+10  6.97048E+10  9.39217E+10  9.34756E+11  1.73546E+10  4.91340E+10  6.62828E+10  1.33001E+11  1.17378E+10  4.62877E+10  6.25985E+10  9.49104E+10  1.15648E+10  4.61833E+10  6.24633E+10  9.39267E+10
 0.410 138.250   9.533  1.07713E+12  5.18081E+10  7.57930E+10  1.01687E+11  9.49531E+11  1.79346E+10  6.28993E+10  8.42515E+10  1.51521E+11  1.36263E+10  5.35428E+10  7.17046E+10  1.03088E+11  1.28250E+10  5.25089E+10  7.03510E+10  9.72815E+10
 0.420 141.500  10.060  1.08267E+12  4.57758E+10  8.12722E+10  1.09096E+11  9.55621E+11  1.33826E+10  6.74470E+10  9.02906E+10  1.45973E+11  9.50983E+09  6.18164E+10  8.28395E+10  9.94230E+10  9.57695E+09  6.19346E+10  8.29949E+10  1.00083E+11
 0.430 143.750   9.534  1.06902E+12  4.02155E+10  8.51345E+10  1.14608E+11  9.43670E+11  1.15762E+10  7.26397E+10  9.74939E+10  1.49391E+11  8.80143E+09  6.56631E+10  8.82042E+10  1.01088E+11  8.05131E+09  6.45443E+10  8.67328E+10  9.56883E+10
 0.440 146.250   9.733  1.05677E+12  3.60118E+10  8.75559E+10  1.18405E+11  9.33206E+11  9.39544E+09  7.50907E+10  1.01259E+11  1.52249E+11  7.04026E+09  6.86289E+10  9.25371E+10  1.01696E+11  6.78970E+09  6.80212E+10  9.17254E+10  9.86264E+10
