  35
 0.100  2.11109E-02 -3.57037E-02  3.86144E-02 -5.96265E+00  4.38283E+00 -8.45322E-01 -7.36235E-02  5.70183E-01 -8.18212E-01  3.67206E+00   1.000   0.523  1.33394E+08  1.34406E+08  8.90342E+06  0.00000E+00  5.10469E+07  1.03707E-01  5.15549E+01   8.012   7.846
 0.110  1.33194E-02  3.36277E-02 -5.46161E-02  1.71076E+00 -2.18135E+00  8.62923E+00 -2.89929E-01 -8.95323E-01 -3.38138E-01  5.56745E+00   1.000   0.500  1.34438E+08  1.84817E+08  5.98671E+07  1.20647E+06  7.36605E+07  7.13932E-01  5.74365E+01   8.373   8.346
 0.120 -3.51222E-02  1.01869E-02  1.65301E-02 -2.41832E+00 -7.09778E-03  1.44622E+00  6.58320E-01 -6.33576E-01  4.06443E-01  8.92293E+00   1.129   0.503  1.53081E+08  1.53952E+08  1.83900E+07  3.64828E+06  1.33437E+08  4.84936E-02  1.83709E+02   8.497   7.991
 0.130  2.39730E-03  2.32179E-02  2.11114E-02 -5.37712E+00  2.93060E+00  3.68684E+00 -1.76140E-01 -5.15182E-01  8.38786E-01  1.50616E+01   1.000   0.500  1.97560E+08  3.66326E+08  2.40406E+08  1.15849E+06  8.10598E+07  2.63635E+00  8.01925E+01   8.624   8.467
 0.140 -1.23548E-01  1.02119E-01  1.62627E-02  1.56400E+01 -2.40295E+01 -3.45064E+00 -6.51576E-02 -8.16814E-01  5.73210E-01  2.77417E+01   1.612   0.767  3.33289E+08  4.06830E+08  2.13584E+08  4.38990E+06  1.86230E+08  9.72595E-01  1.38059E+02   8.414   8.548
 0.150 -1.34784E-02  2.87115E-02  3.97480E-03  1.88228E+00  2.23290E+00  1.84887E+00  1.47523E-01 -8.82421E-01  4.46733E-01  7.00764E+01   2.192   0.512  6.32100E+08  8.07036E+08  3.25442E+08  8.02459E+06  2.74273E+08  2.82008E+00  1.23588E+02   8.346   8.391
 0.160 -1.85339E-01 -1.82374E-01  2.97739E-02 -6.27495E+00 -1.08709E+01  2.76604E+01  4.42601E-01 -3.62874E-01  8.20016E-01  7.32860E+01   1.925   0.861  1.08381E+09  1.44254E+09  8.70540E+08  2.43190E+07  4.67653E+08  4.54446E+00  1.56889E+02   8.291   8.494
 0.170  4.75596E-02  3.06512E-03  1.67751E-01 -1.24688E+01  8.41180E+00 -2.88871E+01  2.06581E-01  4.97322E-01  8.42612E-01  2.31081E+01   1.818   1.160  1.32615E+09  1.58027E+09  6.94642E+08  1.74979E+07  4.03636E+08  3.18540E+00  1.93923E+02   8.382   8.570
 0.180  7.62089E-02  3.14128E-02  4.84117E-02 -5.00342E+00  6.27325E+00  8.70966E+00  2.49711E-02 -7.29792E-01  6.83213E-01  7.63270E+01   1.608   0.500  1.68511E+09  3.14984E+09  2.01777E+09  3.33642E+07  3.59490E+08  2.01908E+01  1.10484E+02   8.676   8.486
 0.190 -3.31712E-02  1.80866E-01  2.70803E-01  3.65410E+00 -2.90869E+00  8.41040E-01 -7.51100E-02 -8.31521E-01  5.50392E-01  1.62234E+02   2.462   0.500  1.48283E+09  2.61787E+09  3.23875E+09  1.58428E+08  5.04317E+08  1.34834E+01  1.60667E+02   8.664   8.601
 0.200 -1.29855E-01  3.02879E-01  4.41048E-01 -6.34070E+00 -8.74260E+00 -7.95103E+00 -3.30874E-02 -8.14660E-01  5.78994E-01  2.24166E+02   3.452   0.673  1.52890E+09  2.27819E+09  4.64383E+09  2.77579E+08  6.75083E+08  7.36572E+00  2.36562E+02   8.545   8.653
 0.210  8.29562E-02  3.27675E-02  5.58765E-02  1.47076E+01 -2.56901E+00  5.63083E+00 -2.77298E-01 -7.11868E-01  6.45251E-01  1.12510E+02   2.483   0.500  1.20451E+09  2.71087E+09  5.40813E+09  2.27769E+08  5.62015E+08  1.55368E+01  2.75101E+02   8.702   8.647
 0.220 -6.25702E-01 -1.35239E-01  5.44571E-01  4.63111E+01  1.79292E+01 -1.74168E+01 -4.14360E-01  9.09956E-01 -1.68825E-02  3.06581E+02   6.003   1.879  3.74091E+09  3.89311E+09  1.58307E+09  1.03788E+09  4.51723E+09  4.28301E+00  3.69688E+02   8.475   8.506
 0.230  1.92460E-01  1.39962E-01  1.17964E-01  3.61459E+00  1.26732E+01  2.13886E+01 -5.22886E-01  8.52401E-01 -1.52125E-03  2.75246E+02   4.423   0.656  2.46809E+09  2.90371E+09  2.63665E+09  7.02069E+08  2.18512E+09  6.07407E+00  4.35838E+02   8.637   8.616
 0.240  5.28072E-01  3.15996E-01  2.21248E-01 -1.20173E+01 -5.23765E+00 -8.01481E+00 -4.90094E-01  8.67993E-01 -7.99754E-02  4.46884E+02   5.343   1.022  2.70598E+09  3.60436E+09  4.53057E+09  9.24001E+08  3.12691E+09  1.15562E+01  4.05101E+02   8.606   8.568
 0.250  4.30714E-01  2.60516E-01  4.46607E-02  1.84076E+00  3.65962E+00  1.58613E+01 -3.93836E-01  8.94307E-01 -2.12387E-01  6.93827E+02   5.727   0.917  3.35015E+09  4.27829E+09  5.37263E+09  1.06136E+09  3.12018E+09  1.33271E+01  4.48679E+02   8.553   8.585
 0.260 -8.43426E-01  2.89412E-02  1.14442E+00  2.77131E+01  5.71033E+01  5.03271E+01 -4.34473E-01  8.24200E-01 -3.63218E-01  9.71793E+02   7.582   1.551  4.68000E+09  5.30720E+09  7.98414E+09  1.66184E+09  4.76100E+09  1.01488E+01  4.98116E+02   8.462   8.645
 0.270  3.44005E-01  2.70287E-01  5.11930E-01 -8.95518E+00  1.89303E+01  2.80072E+01 -3.66865E-01  9.12216E-01 -1.82406E-01  8.11893E+02   6.749   1.691  3.38165E+09  4.21442E+09  1.03828E+10  1.85557E+09  5.04267E+09  1.09610E+01  5.58392E+02   8.543   8.663
 0.280  1.39941E-01  2.49870E-01 -8.35468E-02 -2.38720E+01  9.02275E+00  4.88386E+01 -3.60581E-01  9.24601E-01 -1.22861E-01  9.79706E+02   7.699   1.864  3.65484E+09  4.38263E+09  1.19695E+10  2.26937E+09  5.75109E+09  9.70906E+00  6.27241E+02   8.560   8.654
 0.290 -1.14574E-01  1.63385E-01  5.44048E-01 -2.88376E+01  1.69433E+01  4.09646E+01 -3.57694E-01  9.27060E-01 -1.12315E-01  1.00161E+03   7.751   1.578  3.51033E+09  4.13948E+09  1.23570E+10  2.27619E+09  5.26930E+09  8.72326E+00  7.18992E+02   8.581   8.660
 0.300 -1.04732E+00 -1.48428E-01 -3.01514E-02 -2.47672E+01  2.20458E+01  4.52769E+01 -2.67556E-01  9.55576E-01 -1.23649E-01  9.07979E+02   7.449   1.448  4.32645E+09  5.44805E+09  1.22043E+10  2.18060E+09  4.81537E+09  1.78687E+01  7.68200E+02   8.556   8.661
 0.310 -7.34135E-02  1.33847E-02  4.76174E-01  1.53610E+01  1.49281E+01  5.23155E+01 -2.82362E-01  9.59283E-01 -6.91902E-03  9.04635E+02   6.233   1.090  3.07150E+09  3.92054E+09  1.16423E+10  1.72004E+09  3.67288E+09  1.04776E+01  8.49362E+02   8.637   8.684
 0.320  5.39422E-02  2.32308E-01  8.23373E-02 -1.45358E+01  8.47326E+00  3.72466E+01 -2.72821E-01  9.61916E-01  1.68994E-02  1.11241E+03   8.186   1.848  3.61641E+09  4.15906E+09  1.44434E+10  2.81026E+09  5.85867E+09  7.88831E+00  9.11527E+02   8.632   8.647
 0.330  9.67792E-01  8.99961E-01 -1.73336E-01 -2.89366E+01 -5.38962E+00  1.70518E+01 -2.54167E-01  9.64377E-01  7.33244E-02  1.25369E+03   9.574   2.754  3.81929E+09  4.09888E+09  1.57458E+10  3.46144E+09  7.33521E+09  5.72487E+00  9.95921E+02   8.613   8.634
 0.340  6.20113E-01  7.60689E-01 -1.12058E-01 -3.74387E+01  2.42268E+00  1.85483E+01 -3.13392E-01  9.39319E-01  1.39518E-01  1.36348E+03   9.407   2.891  3.97323E+09  4.25795E+09  1.64809E+10  3.69707E+09  7.56010E+09  6.17078E+00  1.08081E+03   8.597   8.624
 0.350  3.10947E-01  5.53500E-01  2.09750E-01 -2.45044E+01 -4.09678E-01  1.68228E+01 -4.24397E-01  8.94436E-01  1.40964E-01  1.26955E+03   8.579   2.514  3.34732E+09  3.60954E+09  1.67912E+10  3.63553E+09  7.16519E+09  5.35813E+00  1.19032E+03   8.617   8.622
 0.360  1.56515E-01  8.65806E-01 -6.89497E-01 -1.88505E+01  9.05147E+00 -1.24764E+01 -4.61562E-01  8.86564E-01 -3.10644E-02  1.27728E+03   9.998   4.438  4.46432E+09  4.63226E+09  1.90573E+10  4.68436E+09  9.42164E+09  5.88312E+00  1.27196E+03   8.544   8.598
 0.370  1.05975E+00  6.99087E-02 -5.18355E-01 -6.31228E+01 -6.94805E+00  1.41594E+01 -2.94465E-01  8.49933E-01 -4.36925E-01  1.68794E+03  13.063   4.795  7.84607E+09  7.91730E+09  1.47149E+10  3.80895E+09  1.08314E+10  7.61345E+00  1.38562E+03   8.393   8.586
 0.380  7.31063E-01  1.76228E-01  4.20930E-01 -1.18046E+01 -2.85392E+01 -2.89383E+01 -2.37121E-01  7.95070E-01 -5.58245E-01  2.32142E+03  15.357   4.506  1.24404E+10  1.24545E+10  1.17204E+10  3.00833E+09  1.23609E+10  1.01814E+01  1.43294E+03   8.289   8.568
 0.390 -2.60436E-01 -4.94906E-01  2.24699E-01  4.00050E+01 -8.58692E+01  2.14396E+01 -4.46377E-01  8.88508E-01  1.06305E-01  1.97009E+03  11.763   6.655  1.23792E+10  1.24850E+10  2.30594E+10  7.31828E+09  1.77869E+10  1.29667E+01  1.51473E+03   8.378   8.571
 0.400  3.27529E-01  7.55034E-01  1.10734E+00  5.36402E+01 -1.58928E+01  5.92971E+01 -2.89631E-01  9.36684E-01 -1.96819E-01  1.33479E+03   9.910   3.841  1.06909E+10  1.14411E+10  1.90232E+10  3.94723E+09  9.68760E+09  1.85265E+01  1.50657E+03   8.440   8.584
 0.410 -1.66550E+00 -6.04736E-01  1.12136E+00  4.89564E+00  2.80913E+01  2.39539E+01 -2.50897E-01  9.67704E-01  2.44913E-02  1.57521E+03   9.533   2.578  1.10798E+10  1.42841E+10  2.40672E+10  3.86356E+09  8.76094E+09  4.75913E+01  1.37137E+03   8.558   8.585
 0.420 -3.66681E-01 -1.00195E-01  1.48389E-01  2.93211E+01  8.51921E+00  7.64481E+00 -2.25213E-01  9.73157E-01 -4.73766E-02  1.44375E+03  10.060   2.242  8.04902E+09  1.04884E+10  2.58000E+10  4.47280E+09  8.58586E+09  3.41165E+01  1.33338E+03   8.687   8.608
 0.430  5.22748E-01  2.61090E-01  7.92918E-02 -1.26537E+01 -6.16263E+00  2.88358E+01 -1.95073E-01  9.80626E-01  1.78821E-02  1.65802E+03   9.534   2.029  6.99309E+09  9.31804E+09  2.76718E+10  4.64301E+09  7.86754E+09  2.91958E+01  1.36720E+03   8.735   8.642
 0.440 -4.04497E-01 -7.22797E-02  3.07919E-01 -4.31833E+00  3.69158E+00  4.89385E+01 -1.89961E-01  9.80806E-01  4.39735E-02  1.70052E+03   9.733   1.169  5.60829E+09  7.17282E+09  2.48000E+10  3.80850E+09  5.66729E+09  2.13509E+01  1.41736E+03   8.769   8.679
