  35
 0.100  2.11109E-02 -3.57037E-02  3.86144E-02 -5.96265E+00  4.38283E+00 -8.45322E-01   1.000  1.41343E+08  2.12303E+08  1.04529E+08  0.00000E+00  7.79421E+08  1.15977E+00  6.78631E+01   8.012   7.805
 0.110  1.33194E-02  3.36277E-02 -5.46161E-02  1.71076E+00 -2.18135E+00  8.62923E+00   1.000  1.37335E+08  2.56309E+08  2.05241E+08  1.09755E+07  8.76943E+08  1.23814E+00  1.00741E+02   8.366   8.146
 0.120 -3.51222E-02  1.01869E-02  1.65301E-02 -2.41832E+00 -7.09778E-03  1.44622E+00   1.129  1.76487E+08  3.14873E+08  3.50041E+08  2.62511E+07  1.29297E+09  1.63794E+00  1.38222E+02   8.447   8.307
 0.130  2.39730E-03  2.32179E-02  2.11114E-02 -5.37712E+00  2.93060E+00  3.68684E+00   1.000  2.11963E+08  4.92930E+08  6.22277E+08  2.84699E+07  1.25181E+09  3.72578E+00  1.47451E+02   8.597   8.382
 0.140 -1.23548E-01  1.02119E-01  1.62627E-02  1.56400E+01 -2.40295E+01 -3.45064E+00   1.612  3.65121E+08  5.47926E+08  8.27782E+08  6.76940E+07  2.65959E+09  2.19835E+00  2.07568E+02   8.383   8.457
 0.150 -1.34784E-02  2.87115E-02  3.97480E-03  1.88228E+00  2.23290E+00  1.84887E+00   2.192  7.35696E+08  1.15198E+09  1.30864E+09  1.05313E+08  4.06322E+09  5.60110E+00  2.17679E+02   8.313   8.450
 0.160 -1.85339E-01 -1.82374E-01  2.97739E-02 -6.27495E+00 -1.08709E+01  2.76604E+01   1.925  1.23419E+09  1.78380E+09  1.93954E+09  2.01289E+08  5.41629E+09  7.13482E+00  2.38236E+02   8.258   8.443
 0.170  4.75596E-02  3.06512E-03  1.67751E-01 -1.24688E+01  8.41180E+00 -2.88871E+01   1.818  1.50152E+09  2.38716E+09  2.98295E+09  3.22922E+08  5.29657E+09  1.06153E+01  2.53401E+02   8.351   8.462
 0.180  7.62089E-02  3.14128E-02  4.84117E-02 -5.00342E+00  6.27325E+00  8.70966E+00   1.608  1.76680E+09  4.42062E+09  5.69462E+09  3.29823E+08  5.03785E+09  3.14184E+01  2.06225E+02   8.663   8.492
 0.190 -3.31712E-02  1.80866E-01  2.70803E-01  3.65410E+00 -2.90869E+00  8.41040E-01   2.462  1.75234E+09  3.38391E+09  7.96873E+09  7.88175E+08  9.09026E+09  1.83560E+01  2.61233E+02   8.618   8.560
 0.200 -1.29855E-01  3.02879E-01  4.41048E-01 -6.34070E+00 -8.74260E+00 -7.95103E+00   3.452  1.86353E+09  2.73032E+09  9.33031E+09  1.11561E+09  1.34582E+10  9.31648E+00  3.44199E+02   8.495   8.582
 0.210  8.29562E-02  3.27675E-02  5.58765E-02  1.47076E+01 -2.56901E+00  5.63083E+00   2.483  1.50301E+09  3.17632E+09  1.06595E+10  9.44629E+08  1.09768E+10  1.72677E+01  3.94962E+02   8.638   8.597
 0.220 -6.25702E-01 -1.35239E-01  5.44571E-01  4.63111E+01  1.79292E+01 -1.74168E+01   6.003  4.54613E+09  6.60600E+09  1.70532E+10  4.53273E+09  3.88649E+10  2.75012E+01  4.35310E+02   8.415   8.586
 0.230  1.92460E-01  1.39962E-01  1.17964E-01  3.61459E+00  1.26732E+01  2.13886E+01   4.423  2.91569E+09  4.99765E+09  1.96551E+10  4.82536E+09  2.70670E+10  2.11875E+01  4.86682E+02   8.598   8.619
 0.240  5.28072E-01  3.15996E-01  2.21248E-01 -1.20173E+01 -5.23765E+00 -8.01481E+00   5.343  3.32137E+09  4.72179E+09  2.24683E+10  5.60322E+09  3.63400E+10  1.83217E+01  5.61355E+02   8.556   8.622
 0.250  4.30714E-01  2.60516E-01  4.46607E-02  1.84076E+00  3.65962E+00  1.58613E+01   5.727  4.00663E+09  5.32578E+09  2.45203E+10  5.94052E+09  4.08792E+10  1.82713E+01  6.42694E+02   8.520   8.623
 0.260 -8.43426E-01  2.89412E-02  1.14442E+00  2.77131E+01  5.71033E+01  5.03271E+01   7.582  5.52688E+09  6.30521E+09  2.67876E+10  6.71792E+09  5.52876E+10  1.27175E+01  7.30271E+02   8.435   8.616
 0.270  3.44005E-01  2.70287E-01  5.11930E-01 -8.95518E+00  1.89303E+01  2.80072E+01   6.749  3.94735E+09  4.78764E+09  2.75597E+10  6.46363E+09  5.00056E+10  1.19012E+01  8.28354E+02   8.518   8.625
 0.280  1.39941E-01  2.49870E-01 -8.35468E-02 -2.38720E+01  9.02275E+00  4.88386E+01   7.699  4.26415E+09  4.94972E+09  2.94165E+10  7.19581E+09  5.79650E+10  1.01547E+01  9.18956E+02   8.534   8.619
 0.290 -1.14574E-01  1.63385E-01  5.44048E-01 -2.88376E+01  1.69433E+01  4.09646E+01   7.751  4.13133E+09  4.72748E+09  3.06548E+10  7.62930E+09  6.00620E+10  9.44659E+00  1.02540E+03   8.557   8.618
 0.300 -1.04732E+00 -1.48428E-01 -3.01514E-02 -2.47672E+01  2.20458E+01  4.52769E+01   7.449  5.17742E+09  6.33049E+09  3.19589E+10  7.42340E+09  5.80910E+10  2.01864E+01  1.09673E+03   8.525   8.621
 0.310 -7.34135E-02  1.33847E-02  4.76174E-01  1.53610E+01  1.49281E+01  5.23155E+01   6.233  3.58042E+09  4.46052E+09  3.18273E+10  6.70011E+09  4.73174E+10  1.15503E+01  1.20455E+03   8.616   8.636
 0.320  5.39422E-02  2.32308E-01  8.23373E-02 -1.45358E+01  8.47326E+00  3.72466E+01   8.186  4.20039E+09  4.74410E+09  3.49384E+10  8.13551E+09  6.38948E+10  8.86179E+00  1.28816E+03   8.607   8.623
 0.330  9.67792E-01  8.99961E-01 -1.73336E-01 -2.89366E+01 -5.38962E+00  1.70518E+01   9.574  4.23715E+09  4.47495E+09  3.66625E+10  8.90965E+09  7.50590E+10  6.01208E+00  1.39568E+03   8.592   8.619
 0.340  6.20113E-01  7.60689E-01 -1.12058E-01 -3.74387E+01  2.42268E+00  1.85483E+01   9.407  4.41238E+09  4.66551E+09  3.71495E+10  8.88892E+09  7.45567E+10  6.58838E+00  1.51449E+03   8.580   8.622
 0.350  3.10947E-01  5.53500E-01  2.09750E-01 -2.45044E+01 -4.09678E-01  1.68228E+01   8.579  3.78436E+09  4.00448E+09  3.72090E+10  8.63380E+09  7.09968E+10  5.57674E+00  1.64057E+03   8.589   8.626
 0.360  1.56515E-01  8.65806E-01 -6.89497E-01 -1.88505E+01  9.05147E+00 -1.24764E+01   9.998  4.76637E+09  4.89627E+09  3.89413E+10  9.48222E+09  8.30118E+10  6.10721E+00  1.75294E+03   8.529   8.619
 0.370  1.05975E+00  6.99087E-02 -5.18355E-01 -6.31228E+01 -6.94805E+00  1.41594E+01  13.063  8.42537E+09  8.46313E+09  4.12132E+10  1.06357E+10  1.10504E+11  7.99061E+00  1.85348E+03   8.379   8.610
 0.380  7.31063E-01  1.76228E-01  4.20930E-01 -1.18046E+01 -2.85392E+01 -2.89383E+01  15.357  1.38878E+10  1.37799E+10  4.32941E+10  1.14160E+10  1.43899E+11  1.16429E+01  1.94263E+03   8.267   8.600
 0.390 -2.60436E-01 -4.94906E-01  2.24699E-01  4.00050E+01 -8.58692E+01  2.14396E+01  11.763  1.20895E+10  1.23897E+10  5.36589E+10  2.05193E+10  1.39696E+11  1.61937E+01  1.98853E+03   8.380   8.589
 0.400  3.27529E-01  7.55034E-01  1.10734E+00  5.36402E+01 -1.58928E+01  5.92971E+01   9.910  1.15648E+10  1.26550E+10  4.61833E+10  1.13667E+10  9.39267E+10  2.36962E+01  2.06429E+03   8.432   8.599
 0.410 -1.66550E+00 -6.04736E-01  1.12136E+00  4.89564E+00  2.80913E+01  2.39539E+01   9.533  1.28250E+10  1.61150E+10  5.25089E+10  1.26016E+10  9.72815E+10  5.15801E+01  1.99691E+03   8.539   8.591
 0.420 -3.66681E-01 -1.00195E-01  1.48389E-01  2.93211E+01  8.51921E+00  7.64481E+00  10.060  9.57695E+09  1.20971E+10  6.19346E+10  1.73802E+10  1.00083E+11  3.66070E+01  1.98511E+03   8.666   8.607
 0.430  5.22748E-01  2.61090E-01  7.92918E-02 -1.26537E+01 -6.16263E+00  2.88358E+01   9.534  8.05131E+09  1.02305E+10  6.45443E+10  1.71965E+10  9.56883E+10  3.00379E+01  2.04402E+03   8.717   8.621
 0.440 -4.04497E-01 -7.22797E-02  3.07919E-01 -4.31833E+00  3.69158E+00  4.89385E+01   9.733  6.78970E+09  8.32466E+09  6.80212E+10  1.78411E+10  9.86264E+10  2.30752E+01  2.10887E+03   8.755   8.629
