  35
 0.100  1.41343E+08  1.04529E+08  1.17722E+08  1.34189E+08  7.81141E+07  7.79421E+08  1.15977E+00
 0.110  1.37335E+08  2.05241E+08  2.37508E+08  1.33615E+08  1.22694E+08  8.76943E+08  1.23814E+00
 0.120  1.55876E+08  3.41820E+08  4.01624E+08  1.52021E+08  1.41446E+08  1.09435E+09  1.61338E+00
 0.130  2.11963E+08  6.22277E+08  7.29848E+08  2.07855E+08  2.85075E+08  1.25181E+09  3.72578E+00
 0.140  2.51516E+08  7.81095E+08  9.36620E+08  2.46711E+08  1.84902E+08  1.42449E+09  2.06873E+00
 0.150  2.98585E+08  1.11632E+09  1.34021E+09  2.90488E+08  3.37379E+08  1.55992E+09  3.96746E+00
 0.160  6.00973E+08  1.60287E+09  1.92795E+09  5.89589E+08  4.65590E+08  2.09434E+09  5.57485E+00
 0.170  9.61180E+08  2.55848E+09  3.08032E+09  9.47963E+08  7.88549E+08  2.59084E+09  8.82985E+00
 0.180  1.32375E+09  5.09128E+09  6.04108E+09  1.30944E+09  2.39901E+09  3.02499E+09  2.72473E+01
 0.190  6.02048E+08  6.31127E+09  7.67689E+09  5.94121E+08  1.19189E+09  3.13456E+09  1.19218E+01
 0.200  4.84640E+08  6.52065E+09  8.11457E+09  4.77309E+08  4.59997E+08  2.98924E+09  4.85097E+00
 0.210  1.08763E+09  8.23493E+09  1.02552E+10  1.07709E+09  1.37177E+09  3.56015E+09  1.52990E+01
 0.220  1.34729E+09  9.99515E+09  1.24842E+10  1.33545E+09  1.51735E+09  3.90750E+09  1.79353E+01
 0.230  7.10444E+08  1.32727E+10  1.66856E+10  7.02895E+08  1.55664E+09  4.21569E+09  1.45585E+01
 0.240  4.94669E+08  1.40593E+10  1.79364E+10  4.89105E+08  6.02984E+08  4.39876E+09  7.01755E+00
 0.250  3.20557E+08  1.43288E+10  1.85013E+10  3.15587E+08  3.80344E+08  4.39926E+09  4.35837E+00
 0.260  2.70169E+08  1.43353E+10  1.86881E+10  2.66424E+08  2.98279E+08  4.32402E+09  3.27688E+00
 0.270  1.76901E+08  1.44490E+10  1.89855E+10  1.74267E+08  2.34888E+08  4.24562E+09  2.28706E+00
 0.280  1.33425E+08  1.39419E+10  1.84680E+10  1.31346E+08  1.18084E+08  4.02955E+09  1.23029E+00
 0.290  1.22526E+08  1.39244E+10  1.85637E+10  1.20519E+08  1.07813E+08  4.01059E+09  1.13197E+00
 0.300  3.15189E+08  1.38041E+10  1.84731E+10  3.10503E+08  2.10126E+08  3.97584E+09  3.26942E+00
 0.310  1.38777E+08  1.40066E+10  1.88227E+10  1.36511E+08  1.63638E+08  3.99903E+09  1.49363E+00
 0.320  1.13217E+08  1.42271E+10  1.92142E+10  1.11171E+08  8.25408E+07  4.18136E+09  8.41203E-01
 0.330  6.59491E+07  1.35260E+10  1.83142E+10  6.44342E+07  5.42365E+07  3.83775E+09  5.58862E-01
 0.340  5.20049E+07  1.24988E+10  1.69658E+10  5.05622E+07  3.76205E+07  3.41357E+09  3.95895E-01
 0.350  3.79029E+07  1.15009E+10  1.56409E+10  3.65622E+07  2.52803E+07  3.12550E+09  2.84891E-01
 0.360  3.90677E+07  1.10029E+10  1.49862E+10  3.76222E+07  2.02744E+07  3.03122E+09  2.20048E-01
 0.370  2.86486E+07  1.04324E+10  1.42269E+10  2.72974E+07  1.93084E+07  2.92090E+09  2.00767E-01
 0.380  2.21963E+07  9.90116E+09  1.35165E+10  2.11131E+07  1.39803E+07  2.80093E+09  1.46595E-01
 0.390  3.74683E+07  9.63576E+09  1.31635E+10  3.52966E+07  1.85138E+07  2.72868E+09  2.49325E-01
 0.400  2.69918E+07  1.00473E+10  1.37402E+10  2.53612E+07  1.55094E+07  2.88465E+09  1.66812E-01
 0.410  5.21701E+07  9.34376E+09  1.27777E+10  5.02530E+07  2.34334E+07  2.54960E+09  2.93662E-01
 0.420  5.01186E+07  1.09498E+10  1.49627E+10  4.80869E+07  6.26730E+07  2.77674E+09  6.10780E-01
 0.430  5.47613E+07  1.01935E+10  1.39324E+10  5.27925E+07  6.06603E+07  2.72153E+09  5.13769E-01
 0.440  5.17394E+07  1.02575E+10  1.40340E+10  4.97808E+07  3.55744E+07  2.71629E+09  4.56802E-01
