  35
 0.100  7.00000E+00  9.08722E+09  7.47138E+01
 0.110  8.75000E+00  1.36662E+10  8.19509E+01
 0.120  1.07500E+01  1.82593E+10  8.54619E+01
 0.130  1.30000E+01  2.65125E+10  9.36456E+01
 0.140  1.57500E+01  3.78157E+10  1.01609E+02
 0.150  2.02500E+01  6.42478E+10  1.16802E+02
 0.160  2.52500E+01  1.04644E+11  1.33494E+02
 0.170  2.85000E+01  1.26016E+11  1.37888E+02
 0.180  3.12500E+01  1.41834E+11  1.39701E+02
 0.190  3.45000E+01  1.62540E+11  1.42333E+02
 0.200  4.27500E+01  2.64947E+11  1.63247E+02
 0.210  4.87500E+01  3.30184E+11  1.70657E+02
 0.220  5.20000E+01  3.60682E+11  1.72701E+02
 0.230  5.57500E+01  3.91692E+11  1.73814E+02
 0.240  5.82500E+01  3.93773E+11  1.70494E+02
 0.250  6.05000E+01  3.93350E+11  1.67204E+02
 0.260  6.25000E+01  3.87617E+11  1.63304E+02
 0.270  6.57500E+01  4.01492E+11  1.62041E+02
 0.280  6.92500E+01  4.21269E+11  1.61735E+02
 0.290  7.20000E+01  4.28815E+11  1.60031E+02
 0.300  7.52500E+01  4.40709E+11  1.58693E+02
 0.310  7.85000E+01  4.54631E+11  1.57808E+02
 0.320  8.15000E+01  4.66052E+11  1.56810E+02
 0.330  8.75000E+01  5.28703E+11  1.61189E+02
 0.340  9.20000E+01  5.65262E+11  1.62542E+02
 0.350  9.72500E+01  6.13421E+11  1.64691E+02
 0.360  1.09250E+02  8.02412E+11  1.77714E+02
 0.370  1.17000E+02  9.08617E+11  1.82739E+02
 0.380  1.24000E+02  9.83406E+11  1.84667E+02
 0.390  1.29750E+02  1.03820E+12  1.85490E+02
 0.400  1.34250E+02  1.06179E+12  1.84415E+02
 0.410  1.38250E+02  1.07713E+12  1.83036E+02
 0.420  1.41500E+02  1.08267E+12  1.81386E+02
 0.430  1.43750E+02  1.06902E+12  1.78823E+02
 0.440  1.46250E+02  1.05677E+12  1.76270E+02
