  26
 0.110   0.900   0.535  4.20295E+06  4.58127E+06  4.19552E+06  3.79573E+01  0.00000E+00  0.00000E+00  0.00000E+00  4.20295E+06  4.58127E+06  4.19552E+06
 0.120   1.000   0.615  1.09696E+06  1.29165E+06  1.08736E+06  1.51052E+02  3.56881E+05  4.39376E+05  3.49510E+05  7.40075E+05  8.52278E+05  7.37855E+05
 0.130   1.078   0.634  4.53403E+06  5.47421E+06  4.48352E+06  2.14069E+02  1.93765E+06  2.37375E+06  1.90849E+06  2.59639E+06  3.10046E+06  2.57503E+06
 0.140   1.326   0.604  1.08432E+07  1.22613E+07  1.07854E+07  1.11593E+02  1.54357E+06  1.92288E+06  1.51022E+06  9.29959E+06  1.03384E+07  9.27518E+06
 0.150   1.359   0.500  2.66213E+07  3.07854E+07  2.64357E+07  1.57213E+02  3.40468E+06  4.26513E+06  3.31707E+06  2.32166E+07  2.65203E+07  2.31186E+07
 0.160   1.721   0.624  4.19847E+07  4.79216E+07  4.17975E+07  1.20949E+02  3.40930E+06  4.26227E+06  3.34099E+06  3.85754E+07  4.36594E+07  3.84565E+07
 0.170   2.073   1.168  3.60317E+07  4.09217E+07  3.58431E+07  1.41812E+02  4.45644E+06  5.58279E+06  4.36771E+06  3.15752E+07  3.53389E+07  3.14754E+07
 0.180   2.053   0.649  3.35776E+08  3.83812E+08  3.34568E+08  1.18638E+02  1.76051E+07  2.22220E+07  1.72333E+07  3.18171E+08  3.61590E+08  3.17335E+08
 0.190   3.098   0.684  4.38711E+08  5.19688E+08  4.36607E+08  1.72231E+02  6.66067E+07  8.21617E+07  6.58899E+07  3.72104E+08  4.37526E+08  3.70717E+08
 0.200   3.361   1.663  4.90680E+08  5.87902E+08  4.87813E+08  2.16912E+02  6.47825E+07  8.13622E+07  6.38802E+07  4.25898E+08  5.06540E+08  4.23932E+08
 0.210   3.342   1.369  1.27221E+09  1.53920E+09  1.26448E+09  2.43382E+02  1.29768E+08  1.61384E+08  1.28349E+08  1.14244E+09  1.37782E+09  1.13613E+09
 0.220   1.970   0.500  1.46022E+09  1.75802E+09  1.45078E+09  2.61626E+02  1.78208E+08  2.26931E+08  1.75498E+08  1.28201E+09  1.53109E+09  1.27529E+09
 0.230   2.466   0.500  1.94913E+09  2.38995E+09  1.93508E+09  3.10031E+02  2.54208E+08  3.23810E+08  2.50615E+08  1.69493E+09  2.06614E+09  1.68447E+09
 0.240   2.382   0.500  2.27858E+09  2.81982E+09  2.26008E+09  3.62581E+02  2.52508E+08  3.25990E+08  2.48288E+08  2.02607E+09  2.49383E+09  2.01179E+09
 0.250   2.080   0.500  2.70622E+09  3.38293E+09  2.68172E+09  4.18714E+02  2.47647E+08  3.23096E+08  2.42739E+08  2.45857E+09  3.05984E+09  2.43898E+09
 0.260   2.164   0.500  2.87278E+09  3.63761E+09  2.84252E+09  5.02208E+02  2.39757E+08  3.15166E+08  2.34479E+08  2.63303E+09  3.32244E+09  2.60804E+09
 0.270   1.437   0.500  2.93681E+09  3.74963E+09  2.90209E+09  5.79811E+02  1.93599E+08  2.56738E+08  1.88599E+08  2.74321E+09  3.49289E+09  2.71349E+09
 0.280   1.000   0.500  2.28420E+09  2.94612E+09  2.25411E+09  6.65106E+02  1.22983E+08  1.64347E+08  1.19288E+08  2.16122E+09  2.78177E+09  2.13482E+09
 0.290   7.007   2.600  1.42930E+08  1.89270E+08  1.38733E+08  1.25261E+03  4.99045E+07  6.70223E+07  4.79159E+07  9.30251E+07  1.22248E+08  9.08167E+07
 0.300   4.391   0.981  2.94816E+09  3.83893E+09  2.89787E+09  8.83625E+02  3.42308E+08  4.60098E+08  3.31932E+08  2.60585E+09  3.37883E+09  2.56594E+09
 0.310   3.563   0.767  4.19796E+09  5.40075E+09  4.13250E+09  8.35458E+02  4.15458E+08  5.60665E+08  4.02460E+08  3.78250E+09  4.84009E+09  3.73004E+09
 0.320   4.279   0.953  4.88885E+09  6.28965E+09  4.81488E+09  8.37602E+02  4.90613E+08  6.62228E+08  4.74813E+08  4.39824E+09  5.62742E+09  4.34006E+09
 0.330   3.211   0.500  5.01946E+09  6.41097E+09  4.94901E+09  7.86234E+02  3.33635E+08  4.52333E+08  3.21685E+08  4.68583E+09  5.95864E+09  4.62733E+09
 0.340   1.902   0.500  4.76335E+09  6.07165E+09  4.69747E+09  7.84819E+02  2.34978E+08  3.18786E+08  2.25764E+08  4.52838E+09  5.75286E+09  4.47170E+09
 0.350   2.198   0.500  6.59716E+08  8.31903E+08  6.46160E+08  1.02359E+03  6.54781E+07  8.89054E+07  6.22337E+07  5.94238E+08  7.42998E+08  5.83927E+08
 0.360   1.783   0.500  8.49884E+08  1.07495E+09  8.34519E+08  9.30372E+02  6.74067E+07  9.15679E+07  6.39546E+07  7.82477E+08  9.83378E+08  7.70565E+08
