  26
 0.110 -1.24830E-01  2.74532E-01 -1.50465E-01 -1.10610E+01  1.77893E+00 -6.47330E+00   0.900  4.75215E+07  5.47353E+07  1.11804E+07  0.00000E+00  2.78679E+08  1.43815E-01  7.49879E+01   7.697   7.473
 0.120 -8.14399E-02  3.57350E-02 -1.00132E-01  1.29125E+01 -1.01773E+01  2.25605E+00   1.000  1.75682E+07  3.18121E+07  2.43491E+07  6.74368E+06  2.90818E+08  8.74345E-02  1.26186E+02   7.945   7.740
 0.130 -1.19272E-01 -1.42005E-01 -7.16261E-02 -3.07817E+01 -1.66893E+01  2.81721E+01   1.078  6.57787E+07  6.77643E+07  3.49898E+07  1.26914E+07  4.52688E+08  3.71865E-02  2.17389E+02   7.613   7.698
 0.140 -3.96733E-02 -2.75972E-02 -9.61586E-02 -8.22094E+00 -1.03277E+00 -1.13344E+00   1.326  9.69460E+07  1.65388E+08  1.17827E+08  2.04727E+07  8.48010E+08  9.29883E-01  1.52002E+02   8.151   7.878
 0.150 -8.72448E-02  1.34654E-02 -1.32601E-02  8.30288E+00 -2.55280E+00  2.67045E+00   1.359  1.45647E+08  1.86127E+08  1.62563E+08  2.52818E+07  7.75264E+08  6.09052E-01  1.94442E+02   8.064   8.047
 0.160  3.32795E-02 -8.70641E-02  8.87808E-02 -8.32362E-02  5.49594E+00 -5.71293E+00   1.721  2.21272E+08  3.53172E+08  3.25028E+08  4.34919E+07  1.47022E+09  1.98797E+00  1.89744E+02   8.245   8.158
 0.170  5.15170E-01 -3.00184E-01  2.26265E-01 -3.86979E+01 -1.99393E+01  6.49852E+01   2.073  5.36601E+08  6.59319E+08  4.92844E+08  6.07647E+07  2.36844E+09  1.67367E+00  2.23525E+02   8.080   8.301
 0.180 -8.72960E-02 -6.23155E-02 -1.66533E-02 -1.73471E+01 -9.60117E-01 -6.30045E-01   2.053  7.23839E+08  1.40620E+09  1.25815E+09  1.22950E+08  3.02864E+09  8.87041E+00  1.73167E+02   8.432   8.294
 0.190 -1.23267E-01  6.66319E-02 -1.36649E-01 -1.83357E+01 -1.04157E+01 -1.16057E+01   3.098  7.81521E+08  1.13849E+09  1.98497E+09  4.07562E+08  5.79050E+09  4.29970E+00  2.43744E+02   8.399   8.390
 0.200  1.39069E-01  4.96243E-01 -4.36653E-02 -1.17974E+01  1.83633E+01  7.83077E-01   3.361  1.03368E+09  1.41548E+09  2.25656E+09  2.99686E+08  6.72323E+09  5.98179E+00  2.93974E+02   8.365   8.446
 0.210 -1.08392E-01 -1.11436E-01 -2.95921E-02  4.76388E+00  7.96649E+00  1.69197E+01   3.342  1.07065E+09  1.48006E+09  2.87200E+09  4.29164E+08  6.60874E+09  5.41716E+00  3.39355E+02   8.430   8.479
 0.220 -1.79200E-02  1.34060E-01 -1.47436E-01 -1.66253E+01 -1.26920E+01 -6.21189E+00   1.970  7.45819E+08  1.59884E+09  3.86559E+09  7.75200E+08  4.23880E+09  9.64001E+00  3.73994E+02   8.652   8.555
 0.230 -6.46108E-02 -5.26963E-02 -1.39422E-01  1.29719E+01  8.54446E+00  7.07307E+00   2.466  6.24375E+08  1.03119E+09  4.64111E+09  9.57993E+08  5.90573E+09  4.53214E+00  4.50064E+02   8.650   8.582
 0.240  1.09833E-02  1.63554E-01  3.24714E-02 -2.31032E+00 -1.81464E+00 -2.18336E-01   2.382  6.45756E+08  1.10303E+09  5.12916E+09  9.45199E+08  5.64609E+09  5.55271E+00  5.24127E+02   8.612   8.605
 0.250  8.07237E-03  6.27814E-02  2.64169E-02 -1.47476E-01 -2.27206E-01 -3.89186E+00   2.080  4.34106E+08  8.45001E+08  5.50578E+09  8.98995E+08  5.03377E+09  4.15116E+00  5.94434E+02   8.723   8.632
 0.260 -3.69029E-02 -6.77750E-02 -2.11100E-01  2.08349E+00 -2.68760E+01  1.99277E+01   2.164  4.56401E+08  6.98341E+08  5.81596E+09  9.17916E+08  5.26939E+09  2.92465E+00  6.92410E+02   8.628   8.645
 0.270 -6.82444E-03  2.16470E-03 -1.20291E-02 -3.70960E+00 -2.88636E+00 -4.29350E+00   1.437  2.18000E+08  5.14087E+08  5.52613E+09  6.81062E+08  3.23167E+09  3.42782E+00  7.70322E+02   8.843   8.682
 0.280  1.73399E-03  6.88530E-03  4.83633E-03 -3.98840E+00  1.18944E+00  7.58510E+00   1.000  1.09727E+08  2.73359E+08  5.06412E+09  5.28757E+08  2.03074E+09  1.60906E+00  8.63931E+02   8.945   8.725
 0.290  2.39313E-02 -8.54453E-02 -2.45611E-02 -5.93768E+01 -5.62161E+01 -2.78941E+01   7.007  1.14739E+09  1.02460E+09  7.49925E+09  1.81201E+09  2.25378E+10  1.00138E+00  1.06173E+03   7.986   8.623
 0.300 -2.33629E-01 -3.21512E-01  1.36014E-01  1.10074E+01  2.01903E+01  3.13437E+01   4.391  1.43267E+09  1.78417E+09  7.74844E+09  1.58138E+09  1.38847E+10  6.60296E+00  1.11307E+03   8.139   8.624
 0.310 -1.26599E-01 -1.74006E-01 -7.35487E-02 -6.10144E+00 -8.08243E+00 -9.61005E+00   3.563  1.23456E+09  1.93584E+09  8.59670E+09  1.45895E+09  1.13580E+10  8.54765E+00  1.10395E+03   8.441   8.619
 0.320 -1.20181E-01 -2.53446E-01  2.64763E-01  2.70885E+01  2.27738E+01  1.55112E+01   4.279  2.03637E+09  2.60408E+09  9.64717E+09  1.63547E+09  1.47797E+10  7.06447E+00  1.14427E+03   8.369   8.611
 0.330 -1.71690E-01 -3.46706E-01 -1.23425E-01 -1.33314E+00 -2.11148E+01  2.01354E+01   3.211  9.90793E+08  1.75055E+09  1.03602E+10  1.40468E+09  1.05617E+10  7.69794E+00  1.15172E+03   8.644   8.627
 0.340  1.45377E-03 -3.08664E-03 -1.18701E-02 -4.28282E+00 -2.77657E+00  3.55539E+00   1.902  7.20270E+08  1.72235E+09  1.00139E+10  9.65925E+08  5.71326E+09  1.13404E+01  1.16659E+03   8.757   8.669
 0.350  1.87411E-02 -3.21469E-02 -1.20427E-02  1.40250E+00 -1.32515E+00 -1.72017E+00   2.198  6.96617E+08  1.29173E+09  1.15665E+10  1.18699E+09  7.36680E+09  6.85457E+00  1.21241E+03   8.705   8.673
 0.360  1.85846E-02 -1.15898E-01  6.99463E-04 -6.80863E+00 -6.68950E+00  5.83207E+00   1.783  4.22193E+08  8.17415E+08  1.11615E+10  9.48622E+08  5.38852E+09  3.86859E+00  1.29393E+03   8.781   8.703
