  26
 0.110  9.00000E-01  4.75215E+07  1.11804E+07  1.24420E+07  4.57797E+07  8.95565E+06  2.78679E+08  1.43815E-01
 0.120  1.05000E+00  1.86467E+07  2.53921E+07  2.97611E+07  1.74413E+07  1.58309E+07  3.16757E+08  9.00407E-02
 0.130  1.31250E+00  8.14213E+07  4.16510E+07  5.02997E+07  8.06765E+07  2.86204E+06  6.44820E+08  4.17890E-02
 0.140  1.53750E+00  1.32895E+08  1.26273E+08  1.47325E+08  1.24545E+08  7.94358E+07  1.04006E+09  9.92766E-01
 0.150  1.83750E+00  1.85534E+08  1.77094E+08  2.10660E+08  1.78369E+08  4.87017E+07  1.14856E+09  6.31057E-01
 0.160  2.32500E+00  3.15551E+08  3.36873E+08  3.97068E+08  3.00695E+08  1.45974E+08  2.13848E+09  2.05692E+00
 0.170  2.92500E+00  8.14595E+08  5.39598E+08  6.45201E+08  7.69734E+08  1.69208E+08  4.01882E+09  1.94998E+00
 0.180  3.30000E+00  1.02324E+09  1.42631E+09  1.67378E+09  9.44115E+08  8.04280E+08  5.77678E+09  9.77555E+00
 0.190  3.93750E+00  1.04183E+09  2.07608E+09  2.51245E+09  9.60554E+08  4.29428E+08  7.83744E+09  4.60192E+00
 0.200  4.35000E+00  1.57034E+09  2.56189E+09  3.12059E+09  1.45253E+09  5.91845E+08  9.94425E+09  7.93516E+00
 0.210  4.68750E+00  1.57915E+09  3.23652E+09  3.99713E+09  1.42388E+09  5.17011E+08  1.08468E+10  5.66387E+00
 0.220  4.91250E+00  1.18678E+09  4.93971E+09  6.11835E+09  1.06402E+09  1.01364E+09  1.39395E+10  1.06433E+01
 0.230  5.13750E+00  1.14371E+09  5.47967E+09  6.89723E+09  9.97805E+08  4.56350E+08  1.47259E+10  4.72051E+00
 0.240  5.36250E+00  1.02776E+09  6.04090E+09  7.66757E+09  8.89271E+08  5.26773E+08  1.48841E+10  5.97530E+00
 0.250  5.70000E+00  7.24433E+08  6.60078E+09  8.45151E+09  6.06618E+08  4.38518E+08  1.65040E+10  4.24435E+00
 0.260  6.07500E+00  7.37723E+08  6.89785E+09  8.91919E+09  5.90609E+08  2.80588E+08  1.77883E+10  3.07661E+00
 0.270  6.52500E+00  4.43246E+08  7.24702E+09  9.43520E+09  3.48169E+08  3.14178E+08  1.92726E+10  3.45182E+00
 0.280  7.38750E+00  4.44795E+08  7.45621E+09  9.79211E+09  3.17468E+08  1.71013E+08  2.23963E+10  1.68383E+00
 0.290  8.70000E+00  1.62293E+09  7.57777E+09  1.00319E+10  1.26108E+09  9.42734E+07  2.83061E+10  1.06081E+00
 0.300  9.86250E+00  2.88118E+09  8.14552E+09  1.07538E+10  2.27560E+09  5.09328E+08  3.25925E+10  6.95863E+00
 0.310  1.05375E+01  2.75730E+09  9.26195E+09  1.21520E+10  2.12199E+09  8.32740E+08  3.45713E+10  8.88439E+00
 0.320  1.12125E+01  3.86140E+09  1.09834E+10  1.44303E+10  3.21334E+09  7.68255E+08  4.38454E+10  7.93010E+00
 0.330  1.16250E+01  2.43042E+09  1.13958E+10  1.49381E+10  1.88476E+09  8.63650E+08  4.00143E+10  8.00450E+00
 0.340  1.21125E+01  2.07294E+09  1.26781E+10  1.66068E+10  1.54199E+09  1.07854E+09  4.21092E+10  1.17796E+01
 0.350  1.24500E+01  2.50611E+09  1.84391E+10  2.41828E+10  1.92327E+09  1.11231E+09  6.04177E+10  1.22090E+01
 0.360  1.26750E+01  1.36853E+09  2.00567E+10  2.65335E+10  1.01652E+09  6.45749E+08  5.77714E+10  5.81679E+00
