  26
 0.110   0.900  1.11804E+07  1.24420E+07  1.11278E+07  7.49879E+01  0.00000E+00  0.00000E+00  0.00000E+00  1.11804E+07  1.24420E+07  1.11278E+07
 0.120   1.000  2.43491E+07  2.85264E+07  2.41860E+07  1.26186E+02  6.74368E+06  8.20195E+06  6.63752E+06  1.76054E+07  2.03244E+07  1.75485E+07
 0.130   1.078  3.49898E+07  4.22262E+07  3.45858E+07  2.17389E+02  1.26914E+07  1.55571E+07  1.24857E+07  2.22984E+07  2.66690E+07  2.21001E+07
 0.140   1.326  1.17827E+08  1.37422E+08  1.16975E+08  1.52002E+02  2.04727E+07  2.54972E+07  2.00153E+07  9.73547E+07  1.11924E+08  9.69596E+07
 0.150   1.359  1.62563E+08  1.93096E+08  1.61190E+08  1.94442E+02  2.52818E+07  3.16058E+07  2.46958E+07  1.37281E+08  1.61490E+08  1.36494E+08
 0.160   1.721  3.25028E+08  3.82962E+08  3.22568E+08  1.89744E+02  4.34919E+07  5.46540E+07  4.24865E+07  2.81536E+08  3.28308E+08  2.80082E+08
 0.170   2.073  4.92844E+08  5.89990E+08  4.88811E+08  2.23525E+02  6.07647E+07  7.67306E+07  5.93145E+07  4.32079E+08  5.13260E+08  4.29497E+08
 0.180   2.053  1.25815E+09  1.47537E+09  1.25101E+09  1.73167E+02  1.22950E+08  1.55061E+08  1.20265E+08  1.13520E+09  1.32031E+09  1.13074E+09
 0.190   3.098  1.98497E+09  2.40204E+09  1.97008E+09  2.43744E+02  4.07562E+08  5.10035E+08  4.01105E+08  1.57741E+09  1.89201E+09  1.56897E+09
 0.200   3.361  2.25656E+09  2.75847E+09  2.23728E+09  2.93974E+02  2.99686E+08  3.81286E+08  2.93659E+08  1.95687E+09  2.37718E+09  1.94362E+09
 0.210   3.342  2.87200E+09  3.54306E+09  2.84498E+09  3.39355E+02  4.29164E+08  5.43155E+08  4.21413E+08  2.44284E+09  2.99990E+09  2.42357E+09
 0.220   1.970  3.86559E+09  4.77379E+09  3.82690E+09  3.73994E+02  7.75200E+08  9.91327E+08  7.61051E+08  3.09039E+09  3.78247E+09  3.06585E+09
 0.230   2.466  4.64111E+09  5.82542E+09  4.58752E+09  4.50064E+02  9.57993E+08  1.23350E+09  9.39324E+08  3.68312E+09  4.59191E+09  3.64819E+09
 0.240   2.382  5.12916E+09  6.49498E+09  5.06254E+09  5.24127E+02  9.45199E+08  1.23095E+09  9.23684E+08  4.18396E+09  5.26402E+09  4.13886E+09
 0.250   2.080  5.50578E+09  7.02588E+09  5.42753E+09  5.94434E+02  8.98995E+08  1.17991E+09  8.76062E+08  4.60678E+09  5.84597E+09  4.55147E+09
 0.260   2.164  5.81596E+09  7.49903E+09  5.72264E+09  6.92410E+02  9.17916E+08  1.21312E+09  8.91971E+08  4.89805E+09  6.28591E+09  4.83067E+09
 0.270   1.437  5.52613E+09  7.16650E+09  5.43104E+09  7.70322E+02  6.81062E+08  9.06484E+08  6.59369E+08  4.84507E+09  6.26002E+09  4.77167E+09
 0.280   1.000  5.06412E+09  6.61886E+09  4.96985E+09  8.63931E+02  5.28757E+08  7.07652E+08  5.10481E+08  4.53537E+09  5.91121E+09  4.45937E+09
 0.290   7.007  7.49925E+09  9.92753E+09  7.32645E+09  1.06173E+03  1.81201E+09  2.42886E+09  1.74973E+09  5.68725E+09  7.49867E+09  5.57672E+09
 0.300   4.391  7.74844E+09  1.02283E+10  7.56749E+09  1.11307E+03  1.58138E+09  2.12979E+09  1.52334E+09  6.16706E+09  8.09853E+09  6.04415E+09
 0.310   3.563  8.59670E+09  1.12755E+10  8.40404E+09  1.10395E+03  1.45895E+09  1.97203E+09  1.40206E+09  7.13775E+09  9.30343E+09  7.00199E+09
 0.320   4.279  9.64717E+09  1.26708E+10  9.42950E+09  1.14427E+03  1.63547E+09  2.21396E+09  1.56933E+09  8.01169E+09  1.04568E+10  7.86017E+09
 0.330   3.211  1.03602E+10  1.35784E+10  1.01257E+10  1.15172E+03  1.40468E+09  1.90787E+09  1.34294E+09  8.95555E+09  1.16706E+10  8.78274E+09
 0.340   1.902  1.00139E+10  1.30962E+10  9.78558E+09  1.16659E+03  9.65925E+08  1.31502E+09  9.18796E+08  9.04795E+09  1.17812E+10  8.86679E+09
 0.350   2.198  1.15665E+10  1.51983E+10  1.12969E+10  1.21241E+03  1.18699E+09  1.61290E+09  1.12930E+09  1.03796E+10  1.35854E+10  1.01676E+10
 0.360   1.783  1.11615E+10  1.47520E+10  1.08861E+10  1.29393E+03  9.48622E+08  1.29315E+09  8.97696E+08  1.02129E+10  1.34589E+10  9.98837E+09
