  38
 0.130   1.253   0.794  4.10192E+06  4.81609E+06  4.05630E+06  1.87493E+02  0.00000E+00  0.00000E+00  0.00000E+00  4.10192E+06  4.81609E+06  4.05630E+06
 0.140   1.796   1.250  6.67530E+06  7.89384E+06  6.59848E+06  2.13189E+02  1.06834E+06  1.32360E+06  1.04818E+06  5.60696E+06  6.57024E+06  5.55031E+06
 0.150   2.096   1.696  9.92229E+06  1.19483E+07  9.80676E+06  2.45455E+02  2.62413E+06  3.25454E+06  2.58106E+06  7.29816E+06  8.69380E+06  7.22570E+06
 0.160   2.432   1.425  6.77782E+06  8.16408E+06  6.68564E+06  2.95583E+02  1.35158E+06  1.69833E+06  1.32269E+06  5.42624E+06  6.46574E+06  5.36296E+06
 0.170   2.646   1.506  2.28400E+07  2.67587E+07  2.26310E+07  2.25504E+02  3.07705E+06  3.89889E+06  3.01024E+06  1.97629E+07  2.28598E+07  1.96207E+07
 0.180   2.660   2.014  1.45182E+07  1.74024E+07  1.43547E+07  2.89457E+02  1.76026E+06  2.25038E+06  1.71417E+06  1.27580E+07  1.51520E+07  1.26405E+07
 0.190   2.989   2.200  2.70066E+07  3.10500E+07  2.68244E+07  1.93162E+02  2.02079E+06  2.55540E+06  1.98305E+06  2.49858E+07  2.84946E+07  2.48413E+07
 0.200   3.344   2.150  4.28422E+07  5.10108E+07  4.25587E+07  2.20982E+02  3.43942E+06  4.36351E+06  3.37830E+06  3.94028E+07  4.66473E+07  3.91804E+07
 0.210   3.588   2.852  3.47709E+07  4.32695E+07  3.43392E+07  4.09781E+02  6.52468E+06  8.33316E+06  6.40247E+06  2.82463E+07  3.49363E+07  2.79368E+07
 0.220   4.424   2.838  9.36615E+07  1.11932E+08  9.29212E+07  2.82840E+02  6.54505E+06  8.44694E+06  6.39568E+06  8.71165E+07  1.03485E+08  8.65255E+07
 0.230   4.935   3.446  1.06610E+08  1.29169E+08  1.05349E+08  4.06530E+02  1.53585E+07  2.00134E+07  1.48988E+07  9.12510E+07  1.09156E+08  9.04504E+07
 0.240   3.178   1.991  6.70401E+07  8.21430E+07  6.63374E+07  4.05874E+02  4.88565E+06  6.42220E+06  4.72527E+06  6.21544E+07  7.57208E+07  6.16121E+07
 0.250   4.244   1.573  8.30057E+07  1.03959E+08  8.18998E+07  5.25000E+02  9.42628E+06  1.22466E+07  9.18237E+06  7.35794E+07  9.17125E+07  7.27174E+07
 0.260   4.670   2.548  1.30401E+08  1.64370E+08  1.28609E+08  5.72805E+02  2.19133E+07  2.85613E+07  2.13935E+07  1.08488E+08  1.35809E+08  1.07215E+08
 0.270   6.002   2.759  2.42994E+08  2.98087E+08  2.40636E+08  4.38222E+02  3.95546E+07  5.17633E+07  3.86943E+07  2.03439E+08  2.46324E+08  2.01942E+08
 0.280   5.189   3.564  1.56187E+08  2.02261E+08  1.53719E+08  7.31783E+02  4.35814E+07  5.72416E+07  4.26994E+07  1.12606E+08  1.45019E+08  1.11019E+08
 0.290   4.180   1.617  4.18327E+08  5.04825E+08  4.14914E+08  4.07952E+02  4.26726E+07  5.63054E+07  4.17129E+07  3.75654E+08  4.48520E+08  3.73202E+08
 0.300   5.731   2.319  5.99267E+08  7.43218E+08  5.94373E+08  4.47218E+02  7.11123E+07  9.36102E+07  6.96540E+07  5.28155E+08  6.49607E+08  5.24719E+08
 0.310   5.510   1.578  5.23819E+08  6.43707E+08  5.19699E+08  4.39064E+02  3.62189E+07  4.81836E+07  3.52732E+07  4.87600E+08  5.95523E+08  4.84426E+08
 0.320   5.578   2.566  2.32124E+08  2.94635E+08  2.28458E+08  8.09449E+02  3.37285E+07  4.53617E+07  3.25654E+07  1.98396E+08  2.49273E+08  1.95893E+08
 0.330   5.116   2.166  3.23281E+08  4.03975E+08  3.19333E+08  6.62548E+02  2.68948E+07  3.62441E+07  2.59541E+07  2.96386E+08  3.67731E+08  2.93379E+08
 0.340   5.090   1.371  5.43878E+08  6.79133E+08  5.38289E+08  6.15073E+02  3.77682E+07  5.06503E+07  3.66682E+07  5.06110E+08  6.28483E+08  5.01621E+08
 0.350   5.867   1.518  7.63461E+08  9.75994E+08  7.55209E+08  6.97226E+02  5.44862E+07  7.31421E+07  5.29804E+07  7.08975E+08  9.02851E+08  7.02228E+08
 0.360   5.277   1.500  6.96959E+08  9.05902E+08  6.87486E+08  8.86192E+02  6.49236E+07  8.78877E+07  6.30491E+07  6.32035E+08  8.18014E+08  6.24437E+08
 0.370   3.961   1.569  7.40063E+08  9.63699E+08  7.29974E+08  9.11369E+02  5.35843E+07  7.26625E+07  5.19033E+07  6.86479E+08  8.91037E+08  6.78071E+08
 0.380   7.524   2.391  4.09529E+08  5.48133E+08  4.00792E+08  1.33732E+03  6.29328E+07  8.59904E+07  6.07519E+07  3.46596E+08  4.62143E+08  3.40040E+08
 0.390   8.360   2.341  4.58713E+08  6.16005E+08  4.48717E+08  1.39149E+03  7.20524E+07  9.87626E+07  6.95522E+07  3.86661E+08  5.17242E+08  3.79165E+08
 0.400   8.614   2.737  4.47605E+08  6.05581E+08  4.36442E+08  1.57979E+03  7.99521E+07  1.10014E+08  7.70681E+07  3.67653E+08  4.95568E+08  3.59374E+08
 0.410   7.348   2.140  4.31385E+08  5.82791E+08  4.20278E+08  1.63441E+03  6.51462E+07  8.99267E+07  6.25994E+07  3.66239E+08  4.92865E+08  3.57679E+08
 0.420  11.206   3.940  6.03388E+08  8.12867E+08  5.88326E+08  1.63259E+03  9.78884E+07  1.34932E+08  9.41608E+07  5.05500E+08  6.77936E+08  4.94165E+08
 0.430   6.697   3.329  8.93436E+08  1.18646E+09  8.73531E+08  1.51789E+03  1.09302E+08  1.51525E+08  1.04990E+08  7.84135E+08  1.03494E+09  7.68541E+08
 0.440  13.918  11.100  5.73247E+08  7.55438E+08  5.59687E+08  1.49995E+03  6.16381E+07  8.45896E+07  5.88838E+07  5.11609E+08  6.70848E+08  5.00804E+08
 0.450   9.700   3.725  1.27884E+09  1.66502E+09  1.25192E+09  1.41188E+03  1.47236E+08  2.05366E+08  1.40723E+08  1.13161E+09  1.45966E+09  1.11120E+09
 0.460  10.537   3.496  1.26595E+09  1.66438E+09  1.23917E+09  1.43825E+03  1.48356E+08  2.06225E+08  1.41936E+08  1.11759E+09  1.45815E+09  1.09723E+09
 0.470  10.796   2.548  1.32401E+09  1.72636E+09  1.29735E+09  1.35754E+03  1.22839E+08  1.71495E+08  1.17046E+08  1.20117E+09  1.55487E+09  1.18030E+09
 0.480   8.831   3.106  2.25099E+09  2.85921E+09  2.21610E+09  1.07187E+03  1.40168E+08  1.95926E+08  1.33221E+08  2.11082E+09  2.66328E+09  2.08288E+09
 0.490   9.453   3.356  1.91789E+09  2.49396E+09  1.88145E+09  1.30459E+03  1.60036E+08  2.22511E+08  1.52482E+08  1.75785E+09  2.27145E+09  1.72897E+09
 0.500   8.793   2.082  2.29573E+09  2.99752E+09  2.25103E+09  1.34817E+03  2.04341E+08  2.84409E+08  1.95198E+08  2.09138E+09  2.71311E+09  2.05583E+09
