  38
 0.130  7.24638E+07  2.94897E+07  3.51970E+07  6.90086E+07  7.06454E+06  6.48479E+08  8.57884E-02
 0.140  4.58696E+07  5.02283E+07  5.96346E+07  4.32435E+07  2.28784E+07  7.12911E+08  2.44580E-01
 0.150  2.36069E+07  6.04969E+07  7.35472E+07  2.13438E+07  8.25912E+06  7.81333E+08  9.32148E-02
 0.160  1.18724E+07  5.75630E+07  7.10147E+07  1.02552E+07  6.04032E+06  7.33862E+08  9.00207E-02
 0.170  3.95042E+07  6.71649E+07  8.30408E+07  3.70319E+07  1.04709E+07  7.84659E+08  1.50885E-01
 0.180  2.66950E+07  7.69645E+07  9.55669E+07  2.45104E+07  9.35332E+06  7.13410E+08  9.62883E-02
 0.190  8.03527E+07  1.20993E+08  1.47874E+08  7.61227E+07  3.53144E+07  8.46264E+08  4.76704E-01
 0.200  3.11610E+07  1.62089E+08  1.99665E+08  2.69618E+07  3.42497E+07  8.30302E+08  2.37829E-01
 0.210  1.67513E+07  1.64764E+08  2.07169E+08  1.51238E+07  9.92046E+06  8.49673E+08  1.05994E-01
 0.220  4.39966E+07  2.64838E+08  3.24068E+08  4.00382E+07  9.32212E+07  9.14355E+08  1.37588E+00
 0.230  4.51543E+07  2.74996E+08  3.46520E+08  4.23458E+07  1.20193E+07  9.91091E+08  1.41021E-01
 0.240  1.49534E+08  4.26887E+08  5.24720E+08  1.43562E+08  1.32505E+08  9.33892E+08  1.40924E+00
 0.250  1.30609E+08  4.96544E+08  6.19958E+08  1.26058E+08  5.99083E+07  9.13440E+08  5.50168E-01
 0.260  1.15950E+08  5.90244E+08  7.41026E+08  1.09159E+08  7.32878E+07  9.32562E+08  8.62824E-01
 0.270  1.51564E+08  6.61436E+08  8.38498E+08  1.45095E+08  6.85885E+07  9.58667E+08  5.26987E-01
 0.280  1.25806E+08  6.91915E+08  8.87462E+08  1.20734E+08  3.76615E+07  9.33975E+08  3.46515E-01
 0.290  3.64170E+08  1.20065E+09  1.49755E+09  3.56422E+08  3.32821E+08  1.27443E+09  4.62038E+00
 0.300  3.12304E+08  1.35807E+09  1.71597E+09  3.05295E+08  1.30264E+08  1.22288E+09  1.54634E+00
 0.310  2.59519E+08  1.75531E+09  2.21485E+09  2.53564E+08  2.64571E+08  1.27434E+09  2.33513E+00
 0.320  1.16164E+08  1.86781E+09  2.37758E+09  1.12089E+08  2.00712E+08  1.20708E+09  2.11239E+00
 0.330  2.19407E+08  2.32181E+09  2.96439E+09  2.13349E+08  3.17591E+08  1.42175E+09  3.75405E+00
 0.340  2.53155E+08  2.56086E+09  3.28433E+09  2.46135E+08  2.70027E+08  1.41909E+09  3.55946E+00
 0.350  1.38625E+08  2.59692E+09  3.35976E+09  1.33898E+08  1.83958E+08  1.30934E+09  1.61856E+00
 0.360  1.03749E+08  2.36104E+09  3.08940E+09  9.88597E+07  7.98176E+07  1.13284E+09  9.08490E-01
 0.370  8.77942E+07  2.26402E+09  2.98706E+09  8.39153E+07  8.34257E+07  1.12827E+09  9.40278E-01
 0.380  6.30586E+07  2.12439E+09  2.82177E+09  5.96968E+07  5.61570E+07  1.00764E+09  5.19703E-01
 0.390  4.48761E+07  2.06863E+09  2.77069E+09  4.22216E+07  2.03016E+07  9.84856E+08  2.10426E-01
 0.400  4.35750E+07  2.14675E+09  2.89310E+09  4.07082E+07  1.76438E+07  1.01296E+09  2.20360E-01
 0.410  3.12479E+07  2.03162E+09  2.75004E+09  2.88422E+07  1.73837E+07  9.47444E+08  1.66867E-01
 0.420  2.34085E+07  2.06903E+09  2.81446E+09  2.18903E+07  9.61147E+06  9.94833E+08  1.00426E-01
 0.430  5.23036E+07  1.82002E+09  2.48226E+09  5.01635E+07  7.53758E+06  8.78605E+08  9.33268E-02
 0.440  1.47506E+08  2.03036E+09  2.75936E+09  1.41950E+08  7.40163E+07  9.67231E+08  9.53106E-01
 0.450  3.18970E+08  2.72761E+09  3.58292E+09  3.08595E+08  5.52283E+08  1.10025E+09  6.38000E+00
 0.460  8.17985E+07  2.84328E+09  3.77595E+09  7.84170E+07  9.36510E+07  1.07731E+09  8.01674E-01
 0.470  4.52177E+07  2.84537E+09  3.81795E+09  4.30049E+07  2.96621E+07  1.10873E+09  2.77550E-01
 0.480  1.14941E+08  2.57832E+09  3.47754E+09  1.10405E+08  3.67359E+07  1.02651E+09  4.34255E-01
 0.490  1.91212E+08  2.59747E+09  3.49180E+09  1.84293E+08  1.16269E+08  1.03540E+09  1.32162E+00
 0.500  2.03052E+08  3.36565E+09  4.50363E+09  1.96911E+08  2.03616E+08  1.29962E+09  2.13235E+00
