  38
 0.130  2.25143E-02  5.22638E-02  2.45906E-02  1.50559E+01 -3.06691E+01 -4.18863E+01   1.253  9.75897E+07  1.01533E+08  3.70234E+07  0.00000E+00  9.32895E+08  1.00691E-01  2.25577E+02   7.363   7.338
 0.140  1.41162E-01 -3.45354E-01 -2.20860E-01 -6.94032E+00 -5.40542E+01 -6.38208E+01   1.796  2.03494E+08  2.31308E+08  8.58971E+07  1.46045E+07  1.77683E+09  4.58092E-01  2.02210E+02   7.355   7.437
 0.150  6.90546E-02  3.37414E-01  1.35810E-01 -4.14574E+01  2.74047E+01  3.34226E+01   2.096  1.82223E+08  1.89239E+08  1.08260E+08  2.51236E+07  2.41766E+09  2.63711E-01  2.57586E+02   7.585   7.456
 0.160  3.46436E-01  1.01993E-01  4.80558E-01  5.20405E+00 -2.53408E+01  4.32191E+00   2.432  1.93124E+08  1.93229E+08  1.23285E+08  2.84209E+07  2.90028E+09  2.19612E-01  3.22693E+02   7.582   7.468
 0.170 -2.45004E-01  3.87852E-01 -5.15842E-01  2.31692E+01 -3.15113E+01 -2.97519E+01   2.646  3.20293E+08  3.30851E+08  1.71930E+08  3.85327E+07  3.47027E+09  5.55725E-01  3.42026E+02   7.649   7.502
 0.180 -2.52472E-01 -3.92253E-02 -6.31653E-01  2.81762E+01 -1.71448E+01  1.48134E+01   2.660  1.95722E+08  2.02304E+08  2.01591E+08  4.87153E+07  3.34790E+09  2.57171E-01  3.91450E+02   7.605   7.539
 0.190  2.73366E-01  9.39241E-01  1.75516E-01 -8.81078E+00 -9.00512E+00  1.95570E+01   2.989  4.81802E+08  5.21233E+08  3.17312E+08  7.69250E+07  4.41157E+09  1.11487E+00  3.73900E+02   7.714   7.577
 0.200  5.64347E-04  1.39405E-01 -3.32088E-01 -1.32163E+01 -3.56320E+00  1.33344E+01   3.344  3.39986E+08  3.79718E+08  4.14529E+08  8.82058E+07  4.90707E+09  6.14447E-01  3.89444E+02   7.817   7.657
 0.210  5.07835E-01  1.16046E-01 -8.70240E-02  6.21919E+00  5.94243E+00  2.55149E+01   3.588  5.45685E+08  5.29203E+08  4.63120E+08  1.03876E+08  5.76597E+09  4.31556E-01  4.75728E+02   7.725   7.655
 0.220  1.54868E-01 -2.60299E-01 -4.27795E-01 -5.15173E+00  2.67673E+00  6.90372E+00   4.424  1.06502E+09  1.13667E+09  7.40905E+08  1.56789E+08  8.52018E+09  2.90694E+00  4.37533E+02   7.914   7.705
 0.230  4.83027E-01 -9.72144E-02 -9.57383E-01  2.46288E+01 -3.89159E+01  1.19267E+01   4.935  1.71062E+09  1.68554E+09  9.24014E+08  2.07468E+08  1.33029E+10  2.07298E+00  4.85188E+02   7.762   7.701
 0.240 -1.49593E-01 -1.53716E-01  2.72514E-01  8.41989E+00 -1.13860E+00  6.56802E+00   3.178  7.26067E+08  9.86244E+08  1.10009E+09  1.14868E+08  5.66205E+09  3.21005E+00  4.25569E+02   8.119   7.869
 0.250  1.49250E-01 -3.18468E-03  1.43439E-01 -6.02833E+01  5.07795E+01  5.56211E+01   4.244  1.17768E+09  1.22963E+09  1.48834E+09  2.89486E+08  9.06664E+09  1.68951E+00  4.78594E+02   7.956   7.897
 0.260  2.87560E-01  1.26506E-01  7.81079E-03 -1.67899E+01  6.47739E+00  2.45598E+01   4.670  1.20042E+09  1.27026E+09  1.79130E+09  3.61106E+08  1.00202E+10  1.97031E+00  5.33623E+02   8.050   7.930
 0.270 -2.85414E-01  6.61226E-02  4.26404E-01 -2.62812E+01  4.01091E+01  3.39210E+01   6.002  1.50443E+09  1.52523E+09  2.20925E+09  4.91568E+08  1.51598E+10  2.26999E+00  5.96428E+02   8.073   7.947
 0.280  7.38415E-02  7.43267E-01 -8.00200E-02 -2.99392E+01  1.87607E+01 -2.50411E+00   5.189  1.51167E+09  1.45963E+09  2.21957E+09  4.31302E+08  1.23070E+10  8.74009E-01  6.98224E+02   7.973   7.971
 0.290  2.30492E-01  1.95722E-02  8.39245E-02 -1.92290E+00 -1.12561E+01  4.25750E+00   4.180  1.55459E+09  2.00813E+09  2.75823E+09  3.74144E+08  9.96495E+09  7.58294E+00  6.48185E+02   8.208   8.065
 0.300  5.92294E-01 -4.02478E-01  4.09136E-01 -1.76200E+01  1.91210E+01  1.04137E+01   5.731  1.62872E+09  1.71931E+09  3.32804E+09  5.32051E+08  1.46978E+10  2.92998E+00  7.19132E+02   8.193   8.138
 0.310 -2.13475E-01  2.88802E-01  4.81208E-01  1.26827E+01 -1.02489E+01 -8.36481E+00   5.510  1.44504E+09  1.71347E+09  3.85505E+09  5.25684E+08  1.42970E+10  4.12057E+00  7.43074E+02   8.259   8.218
 0.320 -5.82327E-01 -2.26751E-01  5.91976E-01  1.11271E+01 -3.66660E+00 -3.56622E+01   5.578  1.56276E+09  1.69370E+09  4.22519E+09  5.49307E+08  1.47466E+10  3.11348E+00  8.18740E+02   8.231   8.272
 0.330 -3.16984E-01  4.01833E-02 -9.85556E-02  6.21348E+00  3.91373E+00 -5.01666E+00   5.116  1.36315E+09  1.64614E+09  4.64788E+09  5.16505E+08  1.36836E+10  4.96223E+00  8.64276E+02   8.315   8.313
 0.340 -5.80842E-01  3.36257E-02  9.56037E-02 -2.08026E+01  3.27487E+00 -2.86487E+00   5.090  1.28633E+09  1.53552E+09  5.09176E+09  5.17957E+08  1.37408E+10  4.88814E+00  9.23596E+02   8.306   8.353
 0.350 -1.05308E-01  5.12319E-02  1.02367E-01  7.45661E+00 -1.23815E+01  1.41320E+01   5.867  1.02652E+09  1.15970E+09  5.52204E+09  5.96226E+08  1.65298E+10  2.18154E+00  1.01536E+03   8.295   8.378
 0.360  1.31711E-01 -1.89103E-01  4.31525E-01  2.45623E+01 -1.81375E+00  3.92976E+00   5.277  1.07005E+09  1.13132E+09  5.57350E+09  5.44911E+08  1.43954E+10  2.14275E+00  1.11892E+03   8.270   8.395
 0.370  4.23107E-01  1.62348E-01 -1.47845E-01  1.32870E+01  1.86528E+01 -3.68975E+00   3.961  6.95880E+08  7.73575E+08  5.26987E+09  3.87429E+08  9.67314E+09  1.55617E+00  1.20831E+03   8.315   8.423
 0.380  1.12973E-01  1.82350E-01  6.42259E-02 -2.20372E+01 -6.04057E+00  1.17550E+01   7.524  1.19518E+09  1.14977E+09  6.19411E+09  7.44855E+08  2.19679E+10  1.11110E+00  1.37044E+03   8.227   8.387
 0.390 -3.22093E-01 -3.40169E-02  1.42962E-01  1.40445E+00 -3.03420E+00 -1.27189E+00   8.360  7.54151E+08  6.62098E+08  6.25156E+09  7.76526E+08  2.48509E+10  3.60591E-01  1.51946E+03   8.259   8.387
 0.400 -1.46115E-01  4.78635E-01  1.03633E+00 -2.31672E+01 -3.07802E+00  6.31092E+00   8.614  1.22929E+09  1.09600E+09  6.29055E+09  7.92988E+08  2.55596E+10  4.82790E-01  1.66788E+03   8.155   8.387
 0.410 -7.26756E-02  2.17505E-01 -1.14817E-01  3.82162E+01  9.46176E+00  8.70245E+00   7.348  1.39247E+09  1.31176E+09  6.21530E+09  7.25540E+08  2.17222E+10  4.14861E-01  1.80306E+03   8.125   8.393
 0.420  4.10804E-01  6.27592E-02 -5.80371E-02  6.35392E+00 -4.03971E+00 -1.17771E+01  11.206  2.16543E+09  1.92762E+09  6.48738E+09  8.87393E+08  3.65976E+10  3.45258E-01  1.96165E+03   8.068   8.380
 0.430 -9.67630E-01 -2.78042E-01 -5.78997E-01 -2.26891E+01  2.41793E+01 -2.18250E+01   6.697  1.81359E+09  1.77586E+09  6.32184E+09  6.78431E+08  1.97254E+10  1.57193E+00  2.04526E+03   8.105   8.392
 0.440  3.55717E+00 -8.36318E-01 -1.36648E+00 -6.53671E+01  3.78381E+01  1.32036E+01  13.918  4.86064E+09  4.48811E+09  7.81838E+09  1.67034E+09  6.10291E+10  3.99255E+00  2.15744E+03   8.038   8.330
 0.450 -1.52239E+00  5.69695E-01 -1.21931E-01  2.30011E+01  1.92928E+01 -2.04722E+01   9.700  3.87771E+09  4.36278E+09  8.10252E+09  9.00293E+08  3.61884E+10  1.01544E+01  1.96507E+03   8.218   8.363
 0.460 -2.47681E-01  5.10920E-01 -2.72138E-01  2.69360E+01  1.89712E+01  7.96759E+00  10.537  2.59507E+09  2.48946E+09  8.42295E+09  9.60771E+08  3.54211E+10  1.43723E+00  2.05863E+03   8.227   8.382
 0.470  7.02185E-01 -8.82124E-01  6.87476E-01 -7.93033E+00  6.01788E+00 -6.02857E+00  10.796  3.86419E+09  3.64008E+09  9.00349E+09  1.31930E+09  4.04945E+10  2.30015E+00  2.19334E+03   8.172   8.369
 0.480  9.18688E-01  2.88142E-01 -5.05275E-01 -2.04788E+01 -3.27048E+01  7.43742E+00   8.831  3.57682E+09  3.96427E+09  1.03740E+10  1.68224E+09  4.07129E+10  9.67970E+00  2.11845E+03   8.304   8.351
 0.490 -3.12648E-01  7.39610E-01  2.50114E-01 -1.81809E+01  1.85336E+01 -2.67124E+01   9.453  3.03418E+09  3.02434E+09  1.15066E+10  2.44443E+09  3.95779E+10  2.86974E+00  2.20252E+03   8.324   8.339
 0.500 -8.99878E-01  5.87120E-01  2.63555E-02  2.38265E+01  1.34687E+01 -2.79651E+01   8.793  2.98362E+09  3.09291E+09  1.31428E+10  3.59846E+09  3.88546E+10  4.32209E+00  2.21442E+03   8.369   8.341
