  38
 0.130  1.07500E+01  1.56160E+10  7.90342E+01
 0.140  1.35000E+01  2.43302E+10  8.80319E+01
 0.150  1.57500E+01  3.14820E+10  9.27097E+01
 0.160  1.77500E+01  3.69604E+10  9.46245E+01
 0.170  1.97500E+01  4.37550E+10  9.76033E+01
 0.180  2.17500E+01  4.80902E+10  9.75063E+01
 0.190  2.37500E+01  5.32237E+10  9.81646E+01
 0.200  2.65000E+01  6.33180E+10  1.01362E+02
 0.210  2.95000E+01  7.66593E+10  1.05707E+02
 0.220  3.45000E+01  1.06610E+11  1.15272E+02
 0.230  3.75000E+01  1.20058E+11  1.17331E+02
 0.240  4.05000E+01  1.31046E+11  1.17956E+02
 0.250  4.27500E+01  1.37934E+11  1.17788E+02
 0.260  4.47500E+01  1.41980E+11  1.16802E+02
 0.270  4.65000E+01  1.42933E+11  1.14967E+02
 0.280  4.85000E+01  1.42482E+11  1.12394E+02
 0.290  5.00000E+01  1.43544E+11  1.11107E+02
 0.300  5.15000E+01  1.42071E+11  1.08914E+02
 0.310  5.35000E+01  1.45811E+11  1.08256E+02
 0.320  5.50000E+01  1.44927E+11  1.06446E+02
 0.330  5.72500E+01  1.48982E+11  1.05782E+02
 0.340  6.02500E+01  1.59999E+11  1.06860E+02
 0.350  6.25000E+01  1.64690E+11  1.06446E+02
 0.360  6.52500E+01  1.73393E+11  1.06895E+02
 0.370  6.90000E+01  1.90249E+11  1.08886E+02
 0.380  7.75000E+01  2.51614E+11  1.18155E+02
 0.390  8.42500E+01  3.00430E+11  1.23829E+02
 0.400  9.30000E+01  3.75726E+11  1.31804E+02
 0.410  9.75000E+01  4.05394E+11  1.33712E+02
 0.420  1.01000E+02  4.22703E+11  1.34150E+02
 0.430  1.04750E+02  4.39974E+11  1.34391E+02
 0.440  1.08000E+02  4.55947E+11  1.34735E+02
 0.450  1.11000E+02  4.63860E+11  1.34050E+02
 0.460  1.13750E+02  4.71174E+11  1.33459E+02
 0.470  1.16500E+02  4.77514E+11  1.32759E+02
 0.480  1.19000E+02  4.80007E+11  1.31700E+02
 0.490  1.20500E+02  4.71172E+11  1.29667E+02
 0.500  1.22000E+02  4.64178E+11  1.27908E+02
