  38
 0.130  2.25143E-02  5.22638E-02  2.45906E-02  1.50559E+01 -3.06691E+01 -4.18863E+01 -5.57874E-01  8.04218E-01 -2.04967E-01  1.52378E+01   1.253   0.794  9.38728E+07  9.09822E+07  4.10192E+06  0.00000E+00  9.25329E+07  2.06002E-02  1.87493E+02   7.355   7.287
 0.140  1.41162E-01 -3.45354E-01 -2.20860E-01 -6.94032E+00 -5.40542E+01 -6.38208E+01  4.72229E-01  8.51656E-01 -2.27336E-01  3.59634E+01   1.796   1.250  2.01543E+08  1.93061E+08  6.67530E+06  1.06834E+06  1.63450E+08  3.93068E-02  2.13189E+02   7.378   7.432
 0.150  6.90546E-02  3.37414E-01  1.35810E-01 -4.14574E+01  2.74047E+01  3.34226E+01 -6.92219E-01 -5.24572E-01  4.95638E-01  6.19455E+01   2.096   1.696  2.27672E+08  2.11852E+08  9.92229E+06  2.62413E+06  1.91717E+08  2.82412E-02  2.45455E+02   7.555   7.435
 0.160  3.46436E-01  1.01993E-01  4.80558E-01  5.20405E+00 -2.53408E+01  4.32191E+00 -4.75308E-01 -8.34154E-01 -2.79766E-01  5.56927E+01   2.432   1.425  1.95986E+08  1.81646E+08  6.77782E+06  1.35158E+06  2.19984E+08  3.24366E-02  2.95583E+02   7.568   7.453
 0.170 -2.45004E-01  3.87852E-01 -5.15842E-01  2.31692E+01 -3.15113E+01 -2.97519E+01 -8.13731E-01 -5.21969E-01  2.55715E-01  1.09224E+02   2.646   1.506  3.42941E+08  3.26525E+08  2.28400E+07  3.07705E+06  2.78264E+08  1.94943E-01  2.25504E+02   7.635   7.526
 0.180 -2.52472E-01 -3.92253E-02 -6.31653E-01  2.81762E+01 -1.71448E+01  1.48134E+01 -5.56323E-01 -8.29262E-01 -5.31838E-02  7.22709E+01   2.660   2.014  2.15716E+08  1.97829E+08  1.45182E+07  1.76026E+06  2.47835E+08  7.33552E-02  2.89457E+02   7.588   7.537
 0.190  2.73366E-01  9.39241E-01  1.75516E-01 -8.81078E+00 -9.00512E+00  1.95570E+01  8.25863E-01 -5.60555E-01  6.10640E-02  6.94377E+01   2.989   2.200  4.97432E+08  4.71005E+08  2.70066E+07  2.02079E+06  2.81839E+08  2.71139E-01  1.93162E+02   7.709   7.610
 0.200  5.64347E-04  1.39405E-01 -3.32088E-01 -1.32163E+01 -3.56320E+00  1.33344E+01 -1.50167E-01 -9.28413E-01  3.39852E-01  6.83122E+01   3.344   2.150  3.51499E+08  3.28368E+08  4.28422E+07  3.43942E+06  2.89238E+08  1.81973E-01  2.20982E+02   7.809   7.686
 0.210  5.07835E-01  1.16046E-01 -8.70240E-02  6.21919E+00  5.94243E+00  2.55149E+01  5.52244E-01 -8.06271E-01 -2.12024E-01  1.10441E+02   3.588   2.852  6.42751E+08  5.80968E+08  3.47709E+07  6.52468E+06  3.15925E+08  5.51544E-02  4.09781E+02   7.710   7.661
 0.220  1.54868E-01 -2.60299E-01 -4.27795E-01 -5.15173E+00  2.67673E+00  6.90372E+00  2.55618E-01 -9.66757E-01  6.35158E-03  1.02271E+02   4.424   2.838  1.06890E+09  9.78883E+08  9.36615E+07  6.54505E+06  4.74304E+08  6.35731E-01  2.82840E+02   7.907   7.750
 0.230  4.83027E-01 -9.72144E-02 -9.57383E-01  2.46288E+01 -3.89159E+01  1.19267E+01 -7.03247E-01 -7.10263E-01 -3.11354E-02  2.05670E+02   4.935   3.446  1.72497E+09  1.59525E+09  1.06610E+08  1.53585E+07  1.25788E+09  5.67667E-01  4.06530E+02   7.763   7.695
 0.240 -1.49593E-01 -1.53716E-01  2.72514E-01  8.41989E+00 -1.13860E+00  6.56802E+00  3.16138E-01 -8.98816E-01 -3.03622E-01  5.02301E+01   3.178   1.991  7.44068E+08  7.05865E+08  6.70401E+07  4.88565E+06  3.98232E+08  2.70956E-01  4.05874E+02   8.117   7.890
 0.250  1.49250E-01 -3.18468E-03  1.43439E-01 -6.02833E+01  5.07795E+01  5.56211E+01 -4.07986E-01 -8.95562E-01  1.77528E-01  9.01130E+01   4.244   1.573  1.02314E+09  9.70376E+08  8.30057E+07  9.42628E+06  5.74236E+08  1.49840E-01  5.25000E+02   7.943   7.877
 0.260  2.87560E-01  1.26506E-01  7.81079E-03 -1.67899E+01  6.47739E+00  2.45598E+01 -6.93408E-01 -7.01529E-01 -1.64449E-01  1.18605E+02   4.670   2.548  1.13058E+09  1.04332E+09  1.30401E+08  2.19133E+07  7.93721E+08  2.12290E-01  5.72805E+02   8.047   7.916
 0.270 -2.85414E-01  6.61226E-02  4.26404E-01 -2.62812E+01  4.01091E+01  3.39210E+01 -7.20126E-01 -6.04181E-01 -3.41150E-01  2.05212E+02   6.002   2.759  1.32713E+09  1.26301E+09  2.42994E+08  3.95546E+07  1.27276E+09  9.72078E-01  4.38222E+02   8.065   7.961
 0.280  7.38415E-02  7.43267E-01 -8.00200E-02 -2.99392E+01  1.87607E+01 -2.50411E+00 -8.75740E-01 -2.52194E-01  4.11676E-01  1.62653E+02   5.189   3.564  1.51871E+09  1.38007E+09  1.56187E+08  4.35814E+07  1.06209E+09  1.74583E-02  7.31783E+02   7.967   7.945
 0.290  2.30492E-01  1.95722E-02  8.39245E-02 -1.92290E+00 -1.12561E+01  4.25750E+00 -6.12478E-01 -7.62232E-01 -2.09458E-01  1.50840E+02   4.180   1.617  1.34176E+09  1.44111E+09  4.18327E+08  4.26726E+07  8.46680E+08  2.81540E+00  4.07952E+02   8.225   8.113
 0.300  5.92294E-01 -4.02478E-01  4.09136E-01 -1.76200E+01  1.91210E+01  1.04137E+01 -7.03668E-01 -7.08392E-01 -5.50554E-02  1.54394E+02   5.731   2.319  1.44450E+09  1.42339E+09  5.99267E+08  7.11123E+07  1.25481E+09  1.08952E+00  4.47218E+02   8.203   8.258
 0.310 -2.13475E-01  2.88802E-01  4.81208E-01  1.26827E+01 -1.02489E+01 -8.36481E+00 -2.36090E-01 -9.28899E-01  2.85322E-01  1.67249E+02   5.510   1.578  1.25535E+09  1.31955E+09  5.23819E+08  3.62189E+07  8.36038E+08  1.67822E+00  4.39064E+02   8.274   8.411
 0.320 -5.82327E-01 -2.26751E-01  5.91976E-01  1.11271E+01 -3.66660E+00 -3.56622E+01  7.21246E-01 -4.44306E-01  5.31410E-01  2.25151E+02   5.578   2.566  1.42558E+09  1.35650E+09  2.32124E+08  3.37285E+07  1.13484E+09  7.85860E-01  8.09449E+02   8.241   8.212
 0.330 -3.16984E-01  4.01833E-02 -9.85556E-02  6.21348E+00  3.91373E+00 -5.01666E+00  1.69918E-01 -7.39931E-01  6.50868E-01  1.48278E+02   5.116   2.166  1.18248E+09  1.16609E+09  3.23281E+08  2.68948E+07  8.77524E+08  1.25208E+00  6.62548E+02   8.337   8.328
 0.340 -5.80842E-01  3.36257E-02  9.56037E-02 -2.08026E+01  3.27487E+00 -2.86487E+00 -5.81537E-02 -9.88038E-01  1.42823E-01  1.52700E+02   5.090   1.371  1.09312E+09  1.17210E+09  5.43878E+08  3.77682E+07  8.07938E+08  2.21627E+00  6.15073E+02   8.330   8.402
 0.350 -1.05308E-01  5.12319E-02  1.02367E-01  7.45661E+00 -1.23815E+01  1.41320E+01  5.63370E-02 -9.89675E-01 -1.31791E-01  2.17094E+02   5.867   1.518  8.70774E+08  9.00348E+08  7.63461E+08  5.44862E+07  9.72302E+08  8.55004E-01  6.97226E+02   8.312   8.510
 0.360  1.31711E-01 -1.89103E-01  4.31525E-01  2.45623E+01 -1.81375E+00  3.92976E+00  6.09147E-03 -9.93773E-01 -1.11256E-01  2.02640E+02   5.277   1.500  8.96974E+08  8.97052E+08  6.96959E+08  6.49236E+07  9.20840E+08  8.59132E-01  8.86192E+02   8.278   8.453
 0.370  4.23107E-01  1.62348E-01 -1.47845E-01  1.32870E+01  1.86528E+01 -3.68975E+00  2.27786E-01 -9.17817E-01 -3.25153E-01  1.50421E+02   3.961   1.569  6.22107E+08  6.37957E+08  7.40063E+08  5.35843E+07  7.06925E+08  8.08285E-01  9.11369E+02   8.322   8.472
 0.380  1.12973E-01  1.82350E-01  6.42259E-02 -2.20372E+01 -6.04057E+00  1.17550E+01  2.96207E-01 -8.97278E-01  3.27343E-01  3.59006E+02   7.524   2.391  1.03649E+09  9.36324E+08  4.09529E+08  6.29328E+07  1.40795E+09  1.49771E-01  1.33732E+03   8.235   8.305
 0.390 -3.22093E-01 -3.40169E-02  1.42962E-01  1.40445E+00 -3.03420E+00 -1.27189E+00  3.11944E-01 -9.18913E-01  2.41432E-01  3.58948E+02   8.360   2.341  6.36069E+08  5.62759E+08  4.58713E+08  7.20524E+07  1.50979E+09  6.78295E-02  1.39149E+03   8.264   8.352
 0.400 -1.46115E-01  4.78635E-01  1.03633E+00 -2.31672E+01 -3.07802E+00  6.31092E+00  2.11191E-01 -9.16526E-01  3.39675E-01  5.03793E+02   8.614   2.737  1.06525E+09  9.54152E+08  4.47605E+08  7.99521E+07  1.68821E+09  9.82131E-02  1.57979E+03   8.168   8.324
 0.410 -7.26756E-02  2.17505E-01 -1.14817E-01  3.82162E+01  9.46176E+00  8.70245E+00  2.91876E-01 -9.27654E-01  2.32951E-01  5.15333E+02   7.348   2.140  1.25609E+09  1.19011E+09  4.31385E+08  6.51462E+07  1.33104E+09  1.82814E-01  1.63441E+03   8.133   8.326
 0.420  4.10804E-01  6.27592E-02 -5.80371E-02  6.35392E+00 -4.03971E+00 -1.17771E+01  1.84893E-01 -9.31147E-01  3.14292E-01  5.92859E+02  11.206   3.940  1.84931E+09  1.69309E+09  6.03388E+08  9.78884E+07  2.52466E+09  2.27505E-01  1.63259E+03   8.076   8.327
 0.430 -9.67630E-01 -2.78042E-01 -5.78997E-01 -2.26891E+01  2.41793E+01 -2.18250E+01  2.26601E-01 -9.59273E-01 -1.68665E-01  4.24377E+02   6.697   3.329  1.64018E+09  1.61153E+09  8.93436E+08  1.09302E+08  1.61912E+09  1.39361E+00  1.51789E+03   8.122   8.314
 0.440  3.55717E+00 -8.36318E-01 -1.36648E+00 -6.53671E+01  3.78381E+01  1.32036E+01  8.26209E-01 -5.48458E-01 -1.28737E-01  2.15903E+02  13.918  11.100  4.91143E+09  4.20308E+09  5.73247E+08  6.16381E+07  3.28812E+09  6.15024E-01  1.49995E+03   8.038   8.288
 0.450 -1.52239E+00  5.69695E-01 -1.21931E-01  2.30011E+01  1.92928E+01 -2.04722E+01  1.20545E-01 -4.04447E-01 -9.06583E-01  4.54933E+02   9.700   3.725  3.43887E+09  3.32513E+09  1.27884E+09  1.47236E+08  3.16931E+09  3.21627E+00  1.41188E+03   8.229   8.272
 0.460 -2.47681E-01  5.10920E-01 -2.72138E-01  2.69360E+01  1.89712E+01  7.96759E+00  6.05654E-02 -4.44910E-01 -8.93525E-01  6.02127E+02  10.537   3.496  2.28451E+09  2.17763E+09  1.26595E+09  1.48356E+08  2.84699E+09  7.15071E-01  1.43825E+03   8.222   8.291
 0.470  7.02185E-01 -8.82124E-01  6.87476E-01 -7.93033E+00  6.01788E+00 -6.02857E+00  1.20578E-03 -5.02494E-01 -8.64580E-01  6.28713E+02  10.796   2.548  3.22725E+09  3.11979E+09  1.32401E+09  1.22839E+08  2.61204E+09  1.97953E+00  1.35754E+03   8.171   8.361
 0.480  9.18688E-01  2.88142E-01 -5.05275E-01 -2.04788E+01 -3.27048E+01  7.43742E+00 -2.20864E-01 -2.65373E-01 -9.38508E-01  4.29260E+02   8.831   3.106  3.15307E+09  3.40682E+09  2.25099E+09  1.40168E+08  3.27141E+09  6.62758E+00  1.07187E+03   8.311   8.324
 0.490 -3.12648E-01  7.39610E-01  2.50114E-01 -1.81809E+01  1.85336E+01 -2.67124E+01 -4.99509E-01 -4.80524E-01 -7.20824E-01  4.85539E+02   9.453   3.356  2.70253E+09  2.66542E+09  1.91789E+09  1.60036E+08  3.04535E+09  1.86901E+00  1.30459E+03   8.327   8.347
 0.500 -8.99878E-01  5.87120E-01  2.63555E-02  2.38265E+01  1.34687E+01 -2.79651E+01 -3.13805E-01 -6.56043E-01 -6.86392E-01  5.90045E+02   8.793   2.082  2.48173E+09  2.55092E+09  2.29573E+09  2.04341E+08  2.54162E+09  2.91139E+00  1.34817E+03   8.374   8.390
