  38
 0.130         4750  0.26572E-02 -0.12843E-01  0.27015E-01 -0.31478E+02 -0.14052E+02 -0.42286E+02 -0.55787E+00  0.80422E+00 -0.20497E+00   1.253   0.794
 0.140        22802 -0.64396E-02 -0.45316E-02  0.64396E-02 -0.99630E+01 -0.90751E+01 -0.76350E+02  0.47223E+00  0.85166E+00 -0.22734E+00   1.796   1.250
 0.150        20958 -0.19930E-01  0.51103E-03  0.28106E-02 -0.12447E+02  0.67397E+02  0.52276E+02 -0.69222E+00 -0.52457E+00  0.49564E+00   2.096   1.696
 0.160        38845  0.17168E-01 -0.23163E-01  0.38150E-02  0.10461E+02  0.27927E+02 -0.13693E+02 -0.47531E+00 -0.83415E+00 -0.27977E+00   2.432   1.425
 0.170        47338  0.14478E-02  0.72392E-02 -0.40539E-02  0.20173E+02 -0.14179E+02 -0.25924E+02 -0.81373E+00 -0.52197E+00  0.25571E+00   2.646   1.506
 0.180        11187 -0.64413E-02  0.00000E+00  0.36807E-02 -0.36579E+02 -0.13374E+01 -0.23524E+02 -0.55632E+00 -0.82926E+00 -0.53184E-01   2.660   2.014
 0.190        88584 -0.13593E-01  0.32363E-02 -0.97090E-02  0.63972E+00 -0.47215E+02 -0.49104E+01  0.82586E+00 -0.56056E+00  0.61064E-01   2.989   2.200
 0.200       102706  0.00000E+00  0.76662E-02 -0.27257E-02 -0.88256E+01  0.44085E+02  0.45876E+01 -0.15017E+00 -0.92841E+00  0.33985E+00   3.344   2.150
 0.210         5870 -0.60813E-02  0.16455E-01  0.10374E-01  0.45916E+01 -0.13540E+02  0.50263E+02  0.55224E+00 -0.80627E+00 -0.21202E+00   3.588   2.852
 0.220       102968 -0.56209E-02  0.80567E-02 -0.37473E-02  0.27242E+02 -0.10224E+02 -0.11039E+02  0.25562E+00 -0.96676E+00  0.63516E-02   4.424   2.838
 0.230       144240 -0.16067E-01 -0.21553E-02  0.39187E-02  0.44980E+02  0.50775E+02 -0.27594E+02 -0.70325E+00 -0.71026E+00 -0.31135E-01   4.935   3.446
 0.240       152536  0.53139E-02 -0.53139E-02 -0.94015E-02  0.27474E+02  0.98061E+02 -0.29187E+02  0.31614E+00 -0.89882E+00 -0.30362E+00   3.178   1.991
 0.250       208165 -0.21288E-02  0.97924E-02 -0.34060E-02 -0.54153E+02  0.91924E+02  0.38323E+02 -0.40799E+00 -0.89556E+00  0.17753E+00   4.244   1.573
 0.260       241136 -0.10185E-01 -0.66423E-03  0.88565E-02  0.27171E+02  0.24881E+02  0.97474E+02 -0.69341E+00 -0.70153E+00 -0.16445E+00   4.670   2.548
 0.270       286711  0.41395E-02 -0.34496E-02 -0.91989E-03  0.58792E+01  0.23242E+02 -0.27926E+02 -0.72013E+00 -0.60418E+00 -0.34115E+00   6.002   2.759
 0.280       214925 -0.47693E-02  0.38155E-02  0.81078E-02  0.26628E+02  0.10208E+03  0.40528E+01 -0.87574E+00 -0.25219E+00  0.41168E+00   5.189   3.564
 0.290       347283  0.19761E-02 -0.34582E-02 -0.14821E-02  0.62736E+02 -0.11154E+03  0.34043E+02 -0.61248E+00 -0.76223E+00 -0.20946E+00   4.180   1.617
 0.300       347387  0.10220E-02 -0.51101E-03  0.15330E-02  0.14955E+03 -0.12008E+02  0.94739E+02 -0.70367E+00 -0.70839E+00 -0.55055E-01   5.731   2.319
 0.310       222592 -0.15839E-02 -0.15839E-02  0.36957E-02 -0.11802E+03 -0.10539E+02  0.60098E+02 -0.23609E+00 -0.92890E+00  0.28532E+00   5.510   1.578
 0.320       357090  0.21800E-02 -0.16350E-02 -0.54500E-03 -0.33787E+02  0.62816E+02  0.24710E+02  0.72125E+00 -0.44431E+00  0.53141E+00   5.578   2.566
 0.330       234522 -0.56202E-03  0.28101E-03 -0.56202E-03 -0.66296E+02 -0.15567E+03 -0.21119E+03  0.16992E+00 -0.73993E+00  0.65087E+00   5.116   2.166
 0.340       408616 -0.57914E-03 -0.86871E-03  0.00000E+00  0.80649E+02  0.71973E+02 -0.11824E+03 -0.58154E-01 -0.98804E+00  0.14282E+00   5.090   1.371
 0.350       635352 -0.17882E-02  0.20863E-02  0.59608E-03  0.29818E+01  0.68362E+02 -0.77058E+01  0.56337E-01 -0.98968E+00 -0.13179E+00   5.867   1.518
 0.360       212381  0.61315E-03  0.15329E-02 -0.24526E-02  0.86857E+01 -0.53064E+02 -0.90011E+00  0.60915E-02 -0.99377E+00 -0.11126E+00   5.277   1.500
 0.370       622391 -0.12608E-02  0.50431E-02 -0.63039E-03 -0.21123E+03  0.33183E+02  0.22886E+03  0.22779E+00 -0.91782E+00 -0.32515E+00   3.961   1.569
 0.380       483235  0.25897E-02 -0.12949E-02  0.00000E+00  0.19439E+02 -0.29920E+02  0.36678E+02  0.29621E+00 -0.89728E+00  0.32734E+00   7.524   2.391
 0.390       747506 -0.39862E-02  0.19931E-02 -0.66437E-03 -0.17039E+02  0.15687E+03 -0.13046E+02  0.31194E+00 -0.91891E+00  0.24143E+00   8.360   2.341
 0.400       712190  0.00000E+00 -0.13628E-02  0.27256E-02 -0.48538E+02  0.65432E+02 -0.89462E+02  0.21119E+00 -0.91653E+00  0.33967E+00   8.614   2.737
 0.410       875672 -0.20947E-02 -0.69825E-03 -0.13965E-02  0.56481E+02  0.11612E+03 -0.69144E+02  0.29188E+00 -0.92765E+00  0.23295E+00   7.348   2.140
 0.420       362743  0.00000E+00 -0.28614E-02  0.14307E-02  0.16511E+03 -0.12260E+03  0.21075E+02  0.18489E+00 -0.93115E+00  0.31429E+00  11.206   3.940
 0.430       764372  0.00000E+00  0.00000E+00  0.00000E+00 -0.18090E+01 -0.82737E+02  0.19227E+02  0.22660E+00 -0.95927E+00 -0.16866E+00   6.697   3.329
 0.440       430818 -0.74944E-03 -0.74944E-03  0.37472E-02 -0.23310E+02  0.39866E+02  0.80349E+02  0.82621E+00 -0.54846E+00 -0.12874E+00  13.918  11.100
 0.450       495182  0.22991E-02  0.15327E-02 -0.76636E-03  0.58001E+02  0.11682E+03 -0.34417E+00  0.12054E+00 -0.40445E+00 -0.90658E+00   9.700   3.725
 0.460       386583 -0.23503E-02 -0.78344E-03 -0.78344E-03  0.85507E+02  0.31783E+02  0.49209E+02  0.60565E-01 -0.44491E+00 -0.89353E+00  10.537   3.496
 0.470       540207 -0.36019E-02  0.24012E-02 -0.16008E-02 -0.28702E+02 -0.27766E+03  0.96120E+02  0.12058E-02 -0.50249E+00 -0.86458E+00  10.796   2.548
 0.480      1115968 -0.40881E-02 -0.49057E-02  0.81762E-03 -0.12926E+03 -0.14076E+02  0.38308E+02 -0.22086E+00 -0.26537E+00 -0.93851E+00   8.831   3.106
 0.490       641270 -0.41728E-03  0.83457E-03  0.00000E+00 -0.22806E+02  0.16523E+03 -0.92421E+02 -0.49951E+00 -0.48052E+00 -0.72082E+00   9.453   3.356
 0.500      1338686 -0.17030E-02  0.17030E-02  0.00000E+00 -0.47122E+02  0.18323E+02 -0.75050E+02 -0.31380E+00 -0.65604E+00 -0.68639E+00   8.793   2.082
