  38
 0.130   1.253  1.00691E-01  1.16234E-01  9.61059E-02
 0.140   1.796  4.58092E-01  4.38900E-01  4.32931E-01
 0.150   2.096  2.63711E-01  2.74101E-01  2.63689E-01
 0.160   2.432  2.19612E-01  2.21851E-01  1.99384E-01
 0.170   2.646  5.55725E-01  6.02800E-01  4.32115E-01
 0.180   2.660  2.57171E-01  2.42897E-01  3.15775E-01
 0.190   2.989  1.11487E+00  1.20061E+00  9.00553E-01
 0.200   3.344  6.14447E-01  5.29803E-01  9.33876E-01
 0.210   3.588  4.31556E-01  4.05450E-01  4.24063E-01
 0.220   4.424  2.90694E+00  2.75960E+00  2.33177E+00
 0.230   4.935  2.07298E+00  2.36788E+00  1.52424E+00
 0.240   3.178  3.21005E+00  2.88396E+00  3.66023E+00
 0.250   4.244  1.68951E+00  1.68485E+00  1.74583E+00
 0.260   4.670  1.97031E+00  1.87113E+00  2.17545E+00
 0.270   6.002  2.26999E+00  2.23760E+00  2.54064E+00
 0.280   5.189  8.74009E-01  9.39904E-01  1.00243E+00
 0.290   4.180  7.58294E+00  7.77780E+00  6.55462E+00
 0.300   5.731  2.92998E+00  3.31402E+00  2.73221E+00
 0.310   5.510  4.12057E+00  4.21894E+00  4.44859E+00
 0.320   5.578  3.11348E+00  3.02810E+00  3.11283E+00
 0.330   5.116  4.96223E+00  4.64050E+00  4.84418E+00
 0.340   5.090  4.88814E+00  4.99313E+00  4.23439E+00
 0.350   5.867  2.18154E+00  2.02007E+00  2.72274E+00
 0.360   5.277  2.14275E+00  2.16506E+00  1.92364E+00
 0.370   3.961  1.55617E+00  1.51694E+00  1.59792E+00
 0.380   7.524  1.11110E+00  1.06189E+00  1.29647E+00
 0.390   8.360  3.60591E-01  3.63356E-01  3.78455E-01
 0.400   8.614  4.82790E-01  4.99825E-01  4.20186E-01
 0.410   7.348  4.14861E-01  4.24956E-01  4.24891E-01
 0.420  11.206  3.45258E-01  3.26736E-01  4.61684E-01
 0.430   6.697  1.57193E+00  1.50344E+00  1.51981E+00
 0.440  13.918  3.99255E+00  3.95890E+00  3.60471E+00
 0.450   9.700  1.01544E+01  9.11360E+00  1.09049E+01
 0.460  10.537  1.43723E+00  1.35565E+00  1.77875E+00
 0.470  10.796  2.30015E+00  2.42026E+00  2.08205E+00
 0.480   8.831  9.67970E+00  8.89774E+00  9.90319E+00
 0.490   9.453  2.86974E+00  2.91595E+00  3.03997E+00
 0.500   8.793  4.32209E+00  4.15741E+00  4.75794E+00
