  38
 0.130   1.253  3.70234E+07  4.42434E+07  3.65250E+07  2.25577E+02  0.00000E+00  0.00000E+00  0.00000E+00  3.70234E+07  4.42434E+07  3.65250E+07
 0.140   1.796  8.58971E+07  1.01542E+08  8.49846E+07  2.02210E+02  1.46045E+07  1.80504E+07  1.43451E+07  7.12926E+07  8.34917E+07  7.06395E+07
 0.150   2.096  1.08260E+08  1.30801E+08  1.06919E+08  2.57586E+02  2.51236E+07  3.11267E+07  2.46933E+07  8.31366E+07  9.96746E+07  8.22260E+07
 0.160   2.432  1.23285E+08  1.51118E+08  1.21483E+08  3.22693E+02  2.84209E+07  3.55888E+07  2.78520E+07  9.48641E+07  1.15530E+08  9.36306E+07
 0.170   2.646  1.71930E+08  2.10071E+08  1.69441E+08  3.42026E+02  3.85327E+07  4.86539E+07  3.76970E+07  1.33397E+08  1.61417E+08  1.31744E+08
 0.180   2.660  2.01591E+08  2.49376E+08  1.98469E+08  3.91450E+02  4.87153E+07  6.15350E+07  4.76898E+07  1.52876E+08  1.87841E+08  1.50780E+08
 0.190   2.989  3.17312E+08  3.87942E+08  3.12960E+08  3.73900E+02  7.69250E+07  9.73684E+07  7.53783E+07  2.40387E+08  2.90574E+08  2.37581E+08
 0.200   3.344  4.14529E+08  5.11518E+08  4.09078E+08  3.89444E+02  8.82058E+07  1.12424E+08  8.63507E+07  3.26324E+08  3.99094E+08  3.22727E+08
 0.210   3.588  4.63120E+08  5.80965E+08  4.56060E+08  4.75728E+02  1.03876E+08  1.33500E+08  1.01455E+08  3.59244E+08  4.47465E+08  3.54605E+08
 0.220   4.424  7.40905E+08  9.13570E+08  7.31175E+08  4.37533E+02  1.56789E+08  2.02361E+08  1.53114E+08  5.84116E+08  7.11209E+08  5.78061E+08
 0.230   4.935  9.24014E+08  1.15009E+09  9.11216E+08  4.85188E+02  2.07468E+08  2.68406E+08  2.02361E+08  7.16546E+08  8.81685E+08  7.08855E+08
 0.240   3.178  1.10009E+09  1.35443E+09  1.08768E+09  4.25569E+02  1.14868E+08  1.50085E+08  1.11536E+08  9.85217E+08  1.20435E+09  9.76147E+08
 0.250   4.244  1.48834E+09  1.86240E+09  1.47069E+09  4.78594E+02  2.89486E+08  3.69381E+08  2.84050E+08  1.19885E+09  1.49302E+09  1.18664E+09
 0.260   4.670  1.79130E+09  2.26021E+09  1.76880E+09  5.33623E+02  3.61106E+08  4.66515E+08  3.53954E+08  1.43019E+09  1.79370E+09  1.41485E+09
 0.270   6.002  2.20925E+09  2.80845E+09  2.17964E+09  5.96428E+02  4.91568E+08  6.40777E+08  4.81519E+08  1.71768E+09  2.16767E+09  1.69812E+09
 0.280   5.189  2.21957E+09  2.85852E+09  2.18587E+09  6.98224E+02  4.31302E+08  5.67573E+08  4.21038E+08  1.78826E+09  2.29094E+09  1.76483E+09
 0.290   4.180  2.75823E+09  3.48580E+09  2.72096E+09  6.48185E+02  3.74144E+08  4.96115E+08  3.64249E+08  2.38409E+09  2.98969E+09  2.35671E+09
 0.300   5.731  3.32804E+09  4.26340E+09  3.28011E+09  7.19132E+02  5.32051E+08  7.06493E+08  5.17894E+08  2.79599E+09  3.55690E+09  2.76222E+09
 0.310   5.510  3.85505E+09  4.94430E+09  3.79990E+09  7.43074E+02  5.25684E+08  7.02896E+08  5.10598E+08  3.32937E+09  4.24140E+09  3.28930E+09
 0.320   5.578  4.22519E+09  5.46751E+09  4.16055E+09  8.18740E+02  5.49307E+08  7.38238E+08  5.32445E+08  3.67588E+09  4.72928E+09  3.62811E+09
 0.330   5.116  4.64788E+09  6.02437E+09  4.57480E+09  8.64276E+02  5.16505E+08  6.97855E+08  4.99238E+08  4.13138E+09  5.32651E+09  4.07556E+09
 0.340   5.090  5.09176E+09  6.62754E+09  5.00860E+09  9.23596E+02  5.17957E+08  7.02365E+08  4.99499E+08  4.57380E+09  5.92517E+09  4.50910E+09
 0.350   5.867  5.52204E+09  7.24815E+09  5.42487E+09  1.01536E+03  5.96226E+08  8.10186E+08  5.74397E+08  4.92582E+09  6.43797E+09  4.85047E+09
 0.360   5.277  5.57350E+09  7.37295E+09  5.46777E+09  1.11892E+03  5.44911E+08  7.43284E+08  5.23474E+08  5.02859E+09  6.62967E+09  4.94430E+09
 0.370   3.961  5.26987E+09  7.00994E+09  5.16378E+09  1.20831E+03  3.87429E+08  5.30038E+08  3.70366E+08  4.88244E+09  6.47990E+09  4.79341E+09
 0.380   7.524  6.19411E+09  8.30630E+09  6.05427E+09  1.37044E+03  7.44855E+08  1.01983E+09  7.14400E+08  5.44926E+09  7.28647E+09  5.33987E+09
 0.390   8.360  6.25156E+09  8.44691E+09  6.09606E+09  1.51946E+03  7.76526E+08  1.06715E+09  7.43104E+08  5.47504E+09  7.37976E+09  5.35296E+09
 0.400   8.614  6.29055E+09  8.54801E+09  6.11973E+09  1.66788E+03  7.92988E+08  1.09308E+09  7.57235E+08  5.49756E+09  7.45493E+09  5.36249E+09
 0.410   7.348  6.21530E+09  8.48106E+09  6.03298E+09  1.80306E+03  7.25540E+08  1.00250E+09  6.90869E+08  5.48976E+09  7.47856E+09  5.34211E+09
 0.420  11.206  6.48738E+09  8.88492E+09  6.28123E+09  1.96165E+03  8.87393E+08  1.22935E+09  8.43694E+08  5.59999E+09  7.65557E+09  5.43753E+09
 0.430   6.697  6.32184E+09  8.65489E+09  6.11187E+09  2.04526E+03  6.78431E+08  9.41099E+08  6.42628E+08  5.64341E+09  7.71379E+09  5.46925E+09
 0.440  13.918  7.81838E+09  1.06680E+10  7.54577E+09  2.15744E+03  1.67034E+09  2.31418E+09  1.59034E+09  6.14805E+09  8.35386E+09  5.95543E+09
 0.450   9.700  8.10252E+09  1.08608E+10  7.84281E+09  1.96507E+03  9.00293E+08  1.25146E+09  8.50779E+08  7.20223E+09  9.60932E+09  6.99203E+09
 0.460  10.537  8.42295E+09  1.13829E+10  8.14116E+09  2.05863E+03  9.60771E+08  1.33452E+09  9.07646E+08  7.46218E+09  1.00484E+10  7.23351E+09
 0.470  10.796  9.00349E+09  1.22291E+10  8.68509E+09  2.19334E+03  1.31930E+09  1.83574E+09  1.24844E+09  7.68419E+09  1.03934E+10  7.43665E+09
 0.480   8.831  1.03740E+10  1.39483E+10  1.00204E+10  2.11845E+03  1.68224E+09  2.33667E+09  1.59607E+09  8.69172E+09  1.16117E+10  8.42431E+09
 0.490   9.453  1.15066E+10  1.55749E+10  1.11062E+10  2.20252E+03  2.44443E+09  3.39326E+09  2.33213E+09  9.06216E+09  1.21816E+10  8.77404E+09
 0.500   8.793  1.31428E+10  1.78141E+10  1.26931E+10  2.21442E+03  3.59846E+09  4.97451E+09  3.45597E+09  9.54436E+09  1.28396E+10  9.23716E+09
