  41
 0.140   1.184   0.580  4.70180E+06  5.40066E+06  4.67487E+06  1.25359E+02  0.00000E+00  0.00000E+00  0.00000E+00  4.70180E+06  5.40066E+06  4.67487E+06
 0.150   1.580   0.896  5.00557E+06  5.89460E+06  4.96438E+06  1.86956E+02  6.78350E+05  8.40531E+05  6.67848E+05  4.32722E+06  5.05407E+06  4.29653E+06
 0.160   1.860   1.036  3.96494E+06  4.67636E+06  3.92576E+06  2.36745E+02  7.95073E+05  9.96360E+05  7.82754E+05  3.16987E+06  3.68000E+06  3.14300E+06
 0.170   1.808   1.326  4.78834E+06  5.86408E+06  4.72483E+06  3.25368E+02  7.95443E+05  1.01214E+06  7.76069E+05  3.99290E+06  4.85194E+06  3.94876E+06
 0.180   2.323   0.908  1.09343E+07  1.30416E+07  1.08202E+07  2.75762E+02  1.72356E+06  2.17845E+06  1.68584E+06  9.21075E+06  1.08631E+07  9.13434E+06
 0.190   2.235   1.558  9.94777E+06  1.22524E+07  9.78432E+06  4.39815E+02  2.21643E+06  2.83223E+06  2.16122E+06  7.73134E+06  9.42018E+06  7.62310E+06
 0.200   2.156   1.207  1.13999E+07  1.38084E+07  1.12413E+07  3.93977E+02  2.01853E+06  2.59369E+06  1.96532E+06  9.38136E+06  1.12147E+07  9.27598E+06
 0.210   2.213   1.573  1.25962E+07  1.50652E+07  1.24588E+07  3.40827E+02  1.68305E+06  2.16414E+06  1.63760E+06  1.09131E+07  1.29011E+07  1.08212E+07
 0.220   3.470   2.225  2.30963E+07  2.80341E+07  2.28521E+07  3.54958E+02  2.97413E+06  3.82644E+06  2.89732E+06  2.01222E+07  2.42077E+07  1.99548E+07
 0.230   3.943   1.834  3.48310E+07  4.35172E+07  3.43510E+07  4.82465E+02  6.91436E+06  8.94653E+06  6.75559E+06  2.79167E+07  3.45707E+07  2.75954E+07
 0.240   4.026   2.733  4.89666E+07  5.95578E+07  4.84488E+07  3.97430E+02  6.81056E+06  8.89241E+06  6.62925E+06  4.21560E+07  5.06654E+07  4.18195E+07
 0.250   4.537   2.293  3.83999E+07  4.65226E+07  3.80292E+07  3.81173E+02  4.40789E+06  5.69361E+06  4.30712E+06  3.39920E+07  4.08290E+07  3.37221E+07
 0.260   2.959   2.127  5.25779E+07  6.46256E+07  5.20541E+07  4.21413E+02  4.84095E+06  6.30740E+06  4.71715E+06  4.77370E+07  5.83182E+07  4.73370E+07
 0.270   4.265   1.586  6.74269E+07  8.47541E+07  6.65303E+07  5.75740E+02  8.44478E+06  1.11524E+07  8.19514E+06  5.89821E+07  7.36017E+07  5.83352E+07
 0.280   4.917   2.915  5.67996E+07  7.26782E+07  5.58743E+07  7.24029E+02  8.86863E+06  1.17483E+07  8.58684E+06  4.79309E+07  6.09299E+07  4.72875E+07
 0.290   5.192   3.593  6.53492E+07  8.22412E+07  6.44174E+07  6.56726E+02  7.49375E+06  9.95965E+06  7.24747E+06  5.78555E+07  7.22815E+07  5.71699E+07
 0.300   4.375   2.240  8.87488E+07  1.10869E+08  8.76377E+07  6.11441E+02  9.84868E+06  1.29051E+07  9.57812E+06  7.89002E+07  9.79639E+07  7.80595E+07
 0.310   5.022   3.046  8.61174E+07  1.11385E+08  8.46861E+07  8.49013E+02  9.26568E+06  1.24495E+07  8.94872E+06  7.68517E+07  9.89360E+07  7.57374E+07
 0.320   7.925   5.193  1.01645E+08  1.32329E+08  9.98527E+07  9.33127E+02  1.24843E+07  1.67865E+07  1.20702E+07  8.91604E+07  1.15543E+08  8.77825E+07
 0.330   5.661   4.130  8.60612E+07  1.09865E+08  8.45150E+07  9.28536E+02  8.89792E+06  1.20637E+07  8.53198E+06  7.71633E+07  9.78018E+07  7.59830E+07
 0.340   9.337   6.371  8.07435E+07  1.05283E+08  7.91252E+07  1.05463E+03  9.94721E+06  1.35307E+07  9.50112E+06  7.07963E+07  9.17527E+07  6.96241E+07
 0.350   7.435   5.564  9.21837E+07  1.20306E+08  9.02643E+07  1.14873E+03  1.27567E+07  1.73753E+07  1.22533E+07  7.94271E+07  1.02931E+08  7.80110E+07
 0.360   9.694   5.983  1.89776E+08  2.48192E+08  1.86438E+08  1.04098E+03  6.41293E+07  8.57704E+07  6.26423E+07  1.25647E+08  1.62422E+08  1.23796E+08
 0.370   9.900   6.411  3.26221E+08  4.01614E+08  3.22680E+08  6.72134E+02  7.28131E+07  9.65127E+07  7.13675E+07  2.53408E+08  3.05101E+08  2.51313E+08
 0.380  11.289   6.556  5.11914E+08  6.40124E+08  5.06528E+08  6.83882E+02  1.19740E+08  1.59670E+08  1.17248E+08  3.92173E+08  4.80453E+08  3.89280E+08
 0.390  10.835   5.496  6.62927E+08  8.22995E+08  6.56781E+08  6.35140E+02  1.07655E+08  1.45811E+08  1.05047E+08  5.55272E+08  6.77184E+08  5.51734E+08
 0.400  10.915   5.443  1.20107E+09  1.45217E+09  1.19458E+09  4.06774E+02  9.03829E+07  1.20936E+08  8.84193E+07  1.11069E+09  1.33123E+09  1.10616E+09
 0.410  12.392   7.994  1.23026E+09  1.51474E+09  1.22318E+09  4.58042E+02  1.01500E+08  1.36518E+08  9.92776E+07  1.12876E+09  1.37822E+09  1.12391E+09
 0.420  10.694   4.840  2.78063E+09  3.35312E+09  2.76852E+09  3.64454E+02  2.05205E+08  2.79157E+08  1.99987E+08  2.57542E+09  3.07397E+09  2.56853E+09
 0.430  12.712   5.883  3.32954E+09  4.08262E+09  3.31627E+09  3.69691E+02  1.35076E+08  1.82245E+08  1.32071E+08  3.19446E+09  3.90038E+09  3.18420E+09
 0.440   8.107   2.692  5.26777E+09  6.37775E+09  5.25123E+09  3.18877E+02  1.02994E+08  1.39052E+08  1.00636E+08  5.16477E+09  6.23870E+09  5.15059E+09
 0.450  11.844   5.826  5.72202E+09  7.09429E+09  5.70025E+09  3.97791E+02  3.05076E+08  3.99841E+08  3.01079E+08  5.41694E+09  6.69444E+09  5.39917E+09
 0.460  10.741   3.804  7.19145E+09  9.12024E+09  7.15906E+09  4.96059E+02  3.09959E+08  4.12070E+08  3.05412E+08  6.88150E+09  8.70817E+09  6.85365E+09
 0.470  10.115   2.690  8.16867E+09  1.04670E+10  8.12742E+09  5.72624E+02  2.22411E+08  2.99505E+08  2.18388E+08  7.94626E+09  1.01675E+10  7.90903E+09
 0.480  11.226   4.727  8.98759E+09  1.16920E+10  8.93288E+09  6.95590E+02  3.75315E+08  5.00802E+08  3.69835E+08  8.61227E+09  1.11912E+10  8.56305E+09
 0.490  12.463   5.818  7.48682E+09  9.85875E+09  7.43170E+09  8.33157E+02  4.18478E+08  5.64556E+08  4.11435E+08  7.06834E+09  9.29419E+09  7.02026E+09
 0.500  11.757   6.521  2.58703E+09  3.45949E+09  2.55655E+09  1.20514E+03  2.22100E+08  3.07571E+08  2.16221E+08  2.36493E+09  3.15192E+09  2.34033E+09
 0.510   6.582   4.550  5.42072E+09  7.19571E+09  5.36920E+09  1.05570E+03  1.21196E+08  1.68035E+08  1.17664E+08  5.29952E+09  7.02767E+09  5.25154E+09
 0.520   8.810   3.423  9.76753E+09  1.27895E+10  9.68653E+09  9.58282E+02  2.21523E+08  3.04443E+08  2.16650E+08  9.54601E+09  1.24851E+10  9.46988E+09
 0.530   5.555   2.368  8.60148E+09  1.10209E+10  8.53781E+09  8.41456E+02  1.16846E+08  1.59154E+08  1.13922E+08  8.48463E+09  1.08617E+10  8.42388E+09
 0.540   7.875   4.183  7.65755E+09  9.91462E+09  7.59257E+09  9.29644E+02  2.13799E+08  2.89936E+08  2.09092E+08  7.44375E+09  9.62469E+09  7.38348E+09
