  41
 0.140   9.500   1.184  8.56753E+09  4.45032E+08  5.04327E+07  6.09575E+07  8.07206E+09  4.67270E+07  2.31660E+07  2.78429E+07  5.65174E+08  4.67121E+08  5.05236E+07  6.10707E+07  8.48443E+09  6.51823E+07  2.89561E+07  3.47826E+07  7.98377E+08
 0.150  12.250   1.580  1.49512E+10  8.68242E+08  6.75657E+07  8.23741E+07  1.40154E+10  4.93716E+07  3.62214E+07  4.39775E+07  7.66535E+08  6.06635E+08  6.71186E+07  8.18185E+07  1.14195E+10  6.70767E+07  4.39352E+07  5.33267E+07  1.10142E+09
 0.160  14.250   1.860  1.98778E+10  1.45982E+09  8.27125E+07  1.00891E+08  1.83352E+10  1.21412E+08  4.96651E+07  6.09067E+07  1.15637E+09  1.11805E+09  8.16133E+07  9.95212E+07  1.41289E+10  1.92027E+08  5.66377E+07  6.95213E+07  1.67133E+09
 0.170  16.250   1.808  2.45563E+10  1.75345E+09  1.21192E+08  1.47460E+08  2.26816E+10  7.75321E+07  6.77735E+07  8.30152E+07  1.33271E+09  1.08858E+09  1.17900E+08  1.43440E+08  1.59243E+10  9.80522E+07  7.18802E+07  8.79801E+07  1.55726E+09
 0.180  18.000   2.323  2.71740E+10  1.93766E+09  1.37017E+08  1.69112E+08  2.50994E+10  1.10765E+08  8.07959E+07  1.00115E+08  1.60964E+09  1.08246E+09  1.34467E+08  1.65884E+08  1.48928E+10  1.74865E+08  9.06332E+07  1.12186E+08  2.31191E+09
 0.190  19.500   2.235  3.01761E+10  2.43927E+09  1.79724E+08  2.20560E+08  2.75571E+10  2.08665E+08  9.51525E+07  1.17894E+08  1.67515E+09  1.26252E+09  1.75308E+08  2.15025E+08  1.36253E+10  2.54776E+08  1.03486E+08  1.27833E+08  1.99507E+09
 0.200  21.000   2.156  3.23490E+10  2.80471E+09  2.31738E+08  2.85386E+08  2.93126E+10  2.24448E+08  1.37244E+08  1.68662E+08  1.91891E+09  1.45826E+09  2.25229E+08  2.77131E+08  1.42486E+10  2.30658E+08  1.38698E+08  1.70457E+08  1.98202E+09
 0.210  24.000   2.213  4.13481E+10  3.44857E+09  2.82551E+08  3.51745E+08  3.76170E+10  2.57318E+08  1.78863E+08  2.22168E+08  2.38033E+09  1.58900E+09  2.68691E+08  3.34048E+08  1.47212E+10  2.33591E+08  1.72521E+08  2.14241E+08  2.12568E+09
 0.220  26.500   3.470  4.89527E+10  3.98988E+09  3.37071E+08  4.21901E+08  4.46258E+10  2.72413E+08  2.38299E+08  2.96950E+08  3.22194E+09  1.81963E+09  3.24075E+08  4.05271E+08  1.83401E+10  4.89923E+08  2.66286E+08  3.32061E+08  4.73797E+09
 0.230  30.250   3.943  6.35818E+10  5.08749E+09  4.29949E+08  5.38587E+08  5.80644E+10  4.17136E+08  2.80260E+08  3.53521E+08  3.67563E+09  2.01120E+09  3.83390E+08  4.80727E+08  1.75450E+10  6.20121E+08  3.11908E+08  3.92515E+08  5.34138E+09
 0.240  33.000   4.026  7.25698E+10  5.55069E+09  5.44652E+08  6.80597E+08  6.64745E+10  3.18882E+08  3.90208E+08  4.86689E+08  4.48032E+09  1.73205E+09  5.04957E+08  6.30552E+08  2.01020E+10  4.73687E+08  4.17770E+08  5.20933E+08  5.96767E+09
 0.250  35.250   4.537  7.81051E+10  5.82087E+09  5.97221E+08  7.55790E+08  7.16870E+10  5.16337E+08  4.23699E+08  5.37395E+08  4.94141E+09  2.25526E+09  5.36191E+08  6.77614E+08  1.97376E+10  8.33073E+08  4.69551E+08  5.93955E+08  6.98528E+09
 0.260  37.000   2.959  8.19448E+10  5.98339E+09  6.95590E+08  8.82470E+08  7.52658E+10  6.59828E+08  5.15467E+08  6.51907E+08  5.14726E+09  2.05042E+09  6.38276E+08  8.08102E+08  1.98134E+10  5.24166E+08  4.66355E+08  5.89815E+08  3.72584E+09
 0.270  38.750   4.265  8.34110E+10  6.03236E+09  7.90641E+08  1.00893E+09  7.65880E+10  4.68283E+08  6.04741E+08  7.67674E+08  5.07684E+09  1.95970E+09  7.29301E+08  9.28421E+08  1.77315E+10  5.21470E+08  6.22286E+08  7.90324E+08  5.78925E+09
 0.280  39.750   4.917  8.19183E+10  6.08624E+09  8.26698E+08  1.06787E+09  7.50054E+10  3.64832E+08  6.65445E+08  8.56987E+08  5.67227E+09  1.49289E+09  7.87166E+08  1.01570E+09  1.80806E+10  5.63951E+08  7.13393E+08  9.19203E+08  7.58421E+09
 0.290  41.500   5.192  8.40947E+10  6.76632E+09  8.66044E+08  1.12654E+09  7.64624E+10  4.20737E+08  6.74355E+08  8.76634E+08  5.48721E+09  1.83699E+09  8.08139E+08  1.04964E+09  1.77500E+10  7.48582E+08  7.24849E+08  9.41960E+08  7.54887E+09
 0.300  46.250   4.375  1.05289E+11  9.27655E+09  9.74327E+08  1.26524E+09  9.50380E+10  1.16255E+09  8.03213E+08  1.04084E+09  6.85101E+09  2.24637E+09  9.05282E+08  1.17377E+09  1.77755E+10  1.08163E+09  7.88086E+08  1.02148E+09  6.35625E+09
 0.310  55.500   5.022  1.67107E+11  1.59195E+10  1.28912E+09  1.66991E+09  1.49899E+11  8.00365E+08  9.42305E+08  1.22163E+09  8.10889E+09  1.51288E+09  1.03326E+09  1.34185E+09  1.74842E+10  6.97431E+08  9.18157E+08  1.18984E+09  7.05079E+09
 0.320  62.750   7.925  2.19932E+11  2.20700E+10  1.63470E+09  2.11227E+09  1.96228E+11  6.97711E+08  1.02112E+09  1.33691E+09  9.73574E+09  1.76400E+09  1.06764E+09  1.39895E+09  1.84575E+10  1.14485E+09  1.04939E+09  1.37450E+09  1.33745E+10
 0.330  71.000   5.661  2.89712E+11  3.03858E+10  2.13441E+09  2.74653E+09  2.57191E+11  1.63155E+09  1.12707E+09  1.47434E+09  1.20849E+10  2.62828E+09  1.16564E+09  1.52569E+09  1.99036E+10  1.18067E+09  1.08340E+09  1.41713E+09  8.68612E+09
 0.340  75.750   9.337  3.23718E+11  3.45247E+10  2.50647E+09  3.23297E+09  2.86687E+11  1.99612E+09  1.19861E+09  1.58077E+09  1.38613E+10  2.92550E+09  1.22988E+09  1.62241E+09  2.01348E+10  2.67407E+09  1.22377E+09  1.61426E+09  1.83477E+10
 0.350  79.500   7.435  3.44467E+11  3.64446E+10  3.02953E+09  3.88730E+09  3.04993E+11  2.03617E+09  1.51965E+09  1.96518E+09  1.39673E+10  2.99304E+09  1.54718E+09  2.00126E+09  1.93790E+10  1.80472E+09  1.50904E+09  1.95152E+09  1.27370E+10
 0.360  82.750   9.694  3.59492E+11  3.78100E+10  3.30350E+09  4.28517E+09  3.18378E+11  3.47807E+09  1.69974E+09  2.22658E+09  1.74138E+10  4.51944E+09  1.83158E+09  2.39864E+09  2.42106E+10  4.33591E+09  1.81107E+09  2.37202E+09  2.29645E+10
 0.370  87.500   9.900  3.84853E+11  4.03472E+10  4.12761E+09  5.30710E+09  3.40378E+11  4.95356E+09  2.55739E+09  3.27483E+09  2.36301E+10  6.54001E+09  2.75048E+09  3.51576E+09  2.89155E+10  6.43118E+09  2.73467E+09  3.49564E+09  2.84776E+10
 0.380  92.000  11.289  4.18621E+11  4.30060E+10  4.72510E+09  6.12492E+09  3.70890E+11  4.70043E+09  3.28905E+09  4.24100E+09  2.53631E+10  5.45166E+09  3.43506E+09  4.42953E+09  2.87806E+10  6.76675E+09  3.64434E+09  4.70060E+09  3.45086E+10
 0.390  98.250  10.835  4.69663E+11  4.80919E+10  5.45204E+09  7.09515E+09  4.16119E+11  8.43074E+09  3.86651E+09  4.98469E+09  2.91049E+10  8.64360E+09  3.89668E+09  5.02368E+09  2.98639E+10  9.61914E+09  4.03730E+09  5.20507E+09  3.35897E+10
 0.400 104.500  10.915  5.29113E+11  5.26518E+10  7.95724E+09  1.02384E+10  4.68504E+11  1.06299E+10  5.73499E+09  7.26531E+09  3.51462E+10  1.00076E+10  5.64275E+09  7.14830E+09  3.30883E+10  1.12873E+10  5.82863E+09  7.38495E+09  3.73053E+10
 0.410 108.000  12.392  5.48252E+11  5.38240E+10  9.17942E+09  1.18946E+10  4.85248E+11  8.81788E+09  6.83249E+09  8.75114E+09  3.71830E+10  7.85851E+09  6.63603E+09  8.49810E+09  3.32109E+10  1.06381E+10  7.16131E+09  9.18009E+09  4.57160E+10
 0.420 112.000  10.694  5.67633E+11  5.27867E+10  1.20046E+10  1.53605E+10  5.02841E+11  1.16187E+10  9.98007E+09  1.26426E+10  4.80067E+10  1.01399E+10  9.66083E+09  1.22237E+10  3.97159E+10  1.09660E+10  9.86436E+09  1.24898E+10  4.44850E+10
 0.430 116.500  12.712  5.98663E+11  5.47777E+10  1.40141E+10  1.80719E+10  5.29871E+11  9.05261E+09  1.13674E+10  1.45463E+10  4.50427E+10  7.01971E+09  1.09216E+10  1.39665E+10  3.61299E+10  1.06352E+10  1.15933E+10  1.48387E+10  5.10841E+10
 0.440 120.750   8.107  6.23684E+11  5.50298E+10  1.68482E+10  2.16694E+10  5.51806E+11  1.47985E+10  1.45595E+10  1.85583E+10  4.53248E+10  1.30794E+10  1.40716E+10  1.79149E+10  3.54528E+10  1.08218E+10  1.32794E+10  1.68888E+10  2.68664E+10
 0.450 126.500  11.844  6.63681E+11  5.48086E+10  1.92329E+10  2.49636E+10  5.89640E+11  9.69091E+09  1.66772E+10  2.14878E+10  4.90621E+10  7.06892E+09  1.57833E+10  2.03189E+10  3.51899E+10  8.95248E+09  1.64433E+10  2.11807E+10  4.47264E+10
 0.460 134.500  10.741  7.61964E+11  5.80121E+10  2.09256E+10  2.75524E+10  6.83026E+11  1.05896E+10  1.77660E+10  2.32360E+10  5.15227E+10  7.71876E+09  1.69056E+10  2.20939E+10  3.48418E+10  8.24445E+09  1.71748E+10  2.24508E+10  3.84127E+10
 0.470 149.000  10.115  9.86736E+11  6.87997E+10  3.12473E+10  4.15845E+10  8.86689E+11  9.73972E+09  1.91826E+10  2.52956E+10  6.21164E+10  6.66056E+09  1.77903E+10  2.34356E+10  3.66715E+10  6.76185E+09  1.78455E+10  2.35086E+10  3.72592E+10
 0.480 156.500  11.226  1.08420E+12  7.18717E+10  3.22043E+10  4.32161E+10  9.80128E+11  9.08591E+09  1.98233E+10  2.64154E+10  6.54303E+10  5.71460E+09  1.81887E+10  2.42219E+10  3.50086E+10  6.49766E+09  1.87697E+10  2.49956E+10  4.12164E+10
 0.490 162.500  12.463  1.15149E+12  7.49340E+10  3.28103E+10  4.43691E+10  1.04375E+12  9.81262E+09  2.02641E+10  2.72418E+10  6.97399E+10  5.08908E+09  1.85714E+10  2.49523E+10  3.53235E+10  7.58978E+09  1.95435E+10  2.62576E+10  4.81128E+10
 0.500 168.250  11.757  1.20530E+12  7.64675E+10  3.42191E+10  4.63595E+10  1.09461E+12  1.31811E+10  2.45409E+10  3.30834E+10  1.03336E+11  7.03454E+09  2.01386E+10  2.70775E+10  4.20111E+10  8.38031E+09  2.08674E+10  2.80664E+10  5.43970E+10
 0.510 172.750   6.582  1.24921E+12  7.68952E+10  3.70644E+10  5.00839E+10  1.13525E+12  1.14389E+10  2.37866E+10  3.19041E+10  9.53826E+10  7.71740E+09  2.19706E+10  2.94308E+10  4.19784E+10  4.55987E+09  1.92855E+10  2.58043E+10  2.28298E+10
 0.520 177.750   8.810  1.28567E+12  7.72419E+10  3.98134E+10  5.38144E+10  1.16862E+12  1.18457E+10  2.60445E+10  3.48871E+10  7.90256E+10  6.19713E+09  2.40518E+10  3.21542E+10  3.61750E+10  5.45795E+09  2.32729E+10  3.10923E+10  3.03623E+10
 0.530 182.500   5.555  1.32744E+12  7.66801E+10  4.35095E+10  5.86455E+10  1.20725E+12  1.33855E+10  2.95032E+10  3.93200E+10  7.91406E+10  8.33378E+09  2.78538E+10  3.70398E+10  3.79770E+10  4.32449E+09  2.34986E+10  3.10928E+10  1.77131E+10
 0.540 188.500   7.875  1.38425E+12  8.03057E+10  4.59588E+10  6.21918E+10  1.25799E+12  1.58982E+10  3.27459E+10  4.39074E+10  1.06566E+11  8.65857E+09  3.01313E+10  4.02553E+10  4.45145E+10  6.89632E+09  2.87161E+10  3.83006E+10  3.16727E+10
