  41
 0.140  5.08383E+07  2.46894E+07  2.96587E+07  4.82572E+07  5.37509E+06  6.11981E+08  8.27572E-02
 0.150  4.07361E+07  2.96629E+07  3.60165E+07  3.87275E+07  6.37398E+06  5.63594E+08  6.53461E-02
 0.160  7.33339E+07  3.79266E+07  4.64234E+07  7.12491E+07  5.61086E+06  6.96449E+08  7.39626E-02
 0.170  2.81879E+07  4.53508E+07  5.56986E+07  2.49835E+07  1.01584E+07  6.41661E+08  8.78805E-02
 0.180  5.65805E+07  5.38610E+07  6.66826E+07  5.45698E+07  6.34694E+06  6.81900E+08  1.08329E-01
 0.190  3.95896E+07  4.71137E+07  5.91867E+07  3.74682E+07  3.78948E+06  6.13477E+08  4.73139E-02
 0.200  7.35423E+07  7.07217E+07  8.75960E+07  6.98593E+07  1.49251E+07  6.46649E+08  1.98455E-01
 0.210  9.53187E+07  8.66157E+07  1.07653E+08  9.17731E+07  1.27151E+07  6.69762E+08  1.68547E-01
 0.220  1.08177E+07  1.00694E+08  1.26011E+08  8.66724E+06  1.60626E+07  6.86722E+08  1.25221E-01
 0.230  3.29654E+07  1.05882E+08  1.34968E+08  3.16826E+07  2.56292E+06  6.94454E+08  2.32996E-02
 0.240  1.85901E+07  1.46670E+08  1.83043E+08  1.67405E+07  3.74533E+07  7.14740E+08  5.20102E-01
 0.250  5.05913E+07  1.51937E+08  1.94681E+08  4.85569E+07  1.07993E+06  7.33945E+08  1.87401E-02
 0.260  6.05534E+07  1.61261E+08  2.06166E+08  5.74018E+07  1.62524E+07  7.29621E+08  1.68944E-01
 0.270  7.37780E+07  2.28534E+08  2.87809E+08  6.88541E+07  4.49109E+07  6.99941E+08  3.62944E-01
 0.280  8.68071E+06  2.25451E+08  2.87901E+08  7.86211E+06  1.79914E+07  6.50557E+08  1.95845E-01
 0.290  4.07315E+06  2.12305E+08  2.75937E+08  3.38371E+06  3.31662E+06  6.18133E+08  3.46688E-02
 0.300  1.64265E+08  2.61777E+08  3.41394E+08  1.59823E+08  1.23546E+07  7.45833E+08  2.25855E-01
 0.310  7.91205E+07  3.12700E+08  4.03831E+08  7.58955E+07  1.57507E+07  7.02352E+08  1.69137E-01
 0.320  1.92119E+07  3.06406E+08  3.99224E+08  1.72037E+07  1.58890E+07  6.41079E+08  1.35045E-01
 0.330  8.70749E+07  3.86093E+08  4.99931E+08  8.22878E+07  5.05485E+07  6.91627E+08  6.76062E-01
 0.340  4.13380E+07  3.94130E+08  5.18298E+08  3.92253E+07  7.24189E+06  7.30453E+08  6.40310E-02
 0.350  7.92816E+06  4.72640E+08  6.05224E+08  6.75719E+06  1.16149E+08  6.23038E+08  8.02630E-01
 0.360  1.07969E+08  4.84922E+08  6.33143E+08  1.03220E+08  1.31334E+07  6.04498E+08  2.10763E-01
 0.370  9.83511E+06  4.70192E+08  6.12426E+08  8.82184E+06  3.92798E+07  5.61350E+08  3.61442E-01
 0.380  9.12936E+07  6.62819E+08  8.69585E+08  8.76203E+07  3.95415E+07  7.61131E+08  4.09685E-01
 0.390  7.77643E+07  7.59288E+08  9.94080E+08  7.20113E+07  6.60482E+07  8.27309E+08  8.37195E-01
 0.400  5.30921E+08  1.17712E+09  1.50341E+09  5.20283E+08  2.50690E+08  1.02717E+09  3.69997E+00
 0.410  2.44472E+08  1.68222E+09  2.12940E+09  2.38453E+08  2.75948E+08  9.90011E+08  2.26827E+00
 0.420  4.93312E+08  2.35307E+09  2.98335E+09  4.83246E+08  3.95946E+08  1.20625E+09  4.00223E+00
 0.430  4.49818E+08  3.22343E+09  4.08380E+09  4.40058E+08  5.20059E+08  1.33869E+09  5.66467E+00
 0.440  2.84836E+08  3.53852E+09  4.54766E+09  2.76349E+08  2.62620E+08  1.33271E+09  3.30503E+00
 0.450  1.58310E+08  3.30464E+09  4.30619E+09  1.53161E+08  1.47693E+08  1.13334E+09  1.45253E+00
 0.460  1.02734E+08  3.36519E+09  4.43947E+09  9.86068E+07  7.38589E+07  1.10757E+09  7.07006E-01
 0.470  1.05921E+08  3.22228E+09  4.29536E+09  1.01833E+08  6.57324E+07  1.03574E+09  7.60280E-01
 0.480  6.90951E+07  3.08886E+09  4.15738E+09  6.63581E+07  3.49651E+07  9.66898E+08  3.84244E-01
 0.490  6.54867E+07  3.28164E+09  4.44519E+09  6.12078E+07  4.49430E+07  1.08346E+09  5.62576E-01
 0.500  2.72552E+08  3.48398E+09  4.71039E+09  2.64058E+08  1.80752E+08  1.11048E+09  2.59676E+00
 0.510  8.21837E+08  5.01353E+09  6.58830E+09  8.11524E+08  8.28606E+08  1.37428E+09  9.68738E+00
 0.520  4.92233E+08  6.29306E+09  8.25258E+09  4.83813E+08  6.34483E+08  1.45243E+09  5.90680E+00
 0.530  4.45217E+08  6.63336E+09  8.67804E+09  4.35377E+08  7.63233E+08  1.39140E+09  7.86223E+00
 0.540  5.62563E+08  6.69028E+09  8.82347E+09  5.53925E+08  3.82720E+08  1.35607E+09  4.70671E+00
