  41
 0.140         9322 -0.19093E-01  0.13842E-01 -0.15274E-01  0.13351E+02  0.76437E+01 -0.21101E+01 -0.12479E+00  0.39493E+00 -0.91019E+00   1.184   0.580
 0.150        47376 -0.18923E-01  0.14832E-01  0.10229E-02  0.17026E+02 -0.66816E+01  0.55410E+02 -0.22169E+00  0.64368E+00 -0.73248E+00   1.580   0.896
 0.160        10530 -0.49068E-02  0.76328E-02  0.10904E-01 -0.20636E+01  0.16352E+02 -0.22735E+02  0.44109E+00 -0.89379E+00 -0.81117E-01   1.860   1.036
 0.170        30881  0.92713E-02  0.16225E-01 -0.57946E-02 -0.14146E+02  0.73799E+02 -0.90468E+01  0.66110E+00 -0.48307E+00  0.57410E+00   1.808   1.326
 0.180        68881 -0.18414E-01 -0.23324E-01  0.00000E+00 -0.20960E+01  0.36300E+01  0.81819E+02  0.30479E+00 -0.80666E+00 -0.50635E+00   2.323   0.908
 0.190        49653  0.20713E-01 -0.64728E-03 -0.25891E-01 -0.68124E+00  0.40212E+02  0.20755E+01 -0.46409E+00 -0.82356E+00  0.32615E+00   2.235   1.558
 0.200        81755  0.15672E-01 -0.14991E-01  0.16354E-01  0.20714E+02 -0.24311E+02  0.49515E+02 -0.37404E+00  0.59134E+00  0.71443E+00   2.156   1.207
 0.210        64412  0.14316E-02  0.28631E-02  0.14316E-01  0.15587E+02  0.15103E+02  0.17008E+02  0.79391E+00  0.16841E+00  0.58425E+00   2.213   1.573
 0.220         2677  0.10497E-01 -0.82477E-02 -0.14996E-02  0.79108E+01 -0.90176E+01  0.21990E+02 -0.13236E+00  0.20103E-01  0.99100E+00   3.470   2.225
 0.230        57174 -0.27436E-01 -0.31355E-02  0.23516E-02 -0.21597E+02  0.36438E+01  0.21063E+02 -0.62249E+00  0.30984E-01  0.78201E+00   3.943   1.834
 0.240       106585 -0.24538E-02  0.65435E-02  0.14723E-01  0.20114E+01  0.12007E+02 -0.23461E+01 -0.84535E+00 -0.23784E+00  0.47834E+00   4.026   2.733
 0.250        81305  0.17041E-02 -0.12780E-01 -0.23857E-01  0.12749E+02  0.31580E+02  0.43918E+02 -0.80878E+00 -0.19438E+00 -0.55505E+00   4.537   2.293
 0.260       159399  0.15058E-01  0.15058E-01  0.17716E-02  0.48178E+02 -0.43961E+02 -0.17931E+02 -0.98670E+00 -0.54878E-01 -0.15302E+00   2.959   2.127
 0.270       201946 -0.91999E-03  0.10120E-01  0.91999E-03  0.46300E+02  0.27112E+02 -0.90037E+01 -0.86456E+00 -0.21090E+00  0.45613E+00   4.265   1.586
 0.280       203398 -0.10495E-01  0.95412E-03  0.85871E-02 -0.25349E+02 -0.38465E+01 -0.89556E+00 -0.31339E+00 -0.56048E+00  0.76658E+00   4.917   2.915
 0.290        65555  0.19765E-02  0.11859E-01  0.98823E-03 -0.14820E+02  0.29353E+02  0.78166E+02 -0.30962E-01 -0.59794E+00  0.80094E+00   5.192   3.593
 0.300       253176  0.14314E-01  0.40898E-02 -0.30673E-02  0.31944E+02 -0.43791E+02 -0.80027E+02 -0.40447E+00 -0.69197E+00  0.59798E+00   4.375   2.240
 0.310       268197  0.52809E-02  0.42248E-02 -0.10562E-01  0.10036E+02  0.59931E+01 -0.90194E+01 -0.35541E+00  0.25280E+00  0.89988E+00   5.022   3.046
 0.320       221825 -0.76300E-02  0.13080E-01  0.76300E-02  0.44889E+01 -0.14612E+02 -0.72857E-01 -0.20578E+00  0.63588E+00  0.74384E+00   7.925   5.193
 0.330       160164 -0.22484E-02  0.13491E-01  0.22484E-02  0.42101E+02  0.32904E+02  0.45177E+02  0.33231E+00  0.89260E+00 -0.30470E+00   5.661   4.130
 0.340       356914 -0.34773E-02 -0.57956E-02 -0.23182E-02 -0.50262E+02 -0.65048E+02 -0.33529E+02 -0.36415E+00  0.35248E+00 -0.86206E+00   9.337   6.371
 0.350       406014  0.59645E-02  0.83503E-02 -0.11929E-02  0.81713E+01  0.42091E+02 -0.38161E+01  0.55878E+00  0.80413E+00  0.20284E+00   7.435   5.564
 0.360       407634  0.73597E-02 -0.73597E-02 -0.12266E-02 -0.10714E+01 -0.11919E+02 -0.66029E+01 -0.76078E-01  0.55188E-01 -0.99557E+00   9.694   5.983
 0.370       454165 -0.88250E-02 -0.37822E-02  0.75643E-02 -0.38130E+01 -0.10720E+02 -0.11636E+02 -0.49291E+00  0.77998E+00 -0.38557E+00   9.900   6.411
 0.380       417925 -0.38842E-02 -0.38842E-02  0.77684E-02  0.84319E+01  0.52640E+02 -0.11949E+03 -0.87075E-01  0.64910E+00 -0.75570E+00  11.289   6.556
 0.390       537528 -0.39875E-02  0.66458E-02  0.39875E-02 -0.94285E+02  0.32202E+01 -0.48643E+02  0.17610E+00  0.81898E+00 -0.54613E+00  10.835   5.496
 0.400       572969 -0.40897E-02 -0.27265E-02  0.00000E+00  0.22222E+01  0.37896E+02 -0.14834E+03 -0.96924E-01  0.92267E+00 -0.37320E+00  10.915   5.443
 0.410       607402  0.00000E+00  0.00000E+00  0.41912E-02 -0.36942E+02  0.71449E+01 -0.15461E+02 -0.43254E+00  0.81697E+00 -0.38141E+00  12.392   7.994
 0.420       705904  0.00000E+00  0.14309E-02  0.14309E-02  0.64725E+02 -0.15058E+03 -0.15639E+02 -0.62209E+00  0.75668E+00 -0.20112E+00  10.694   4.840
 0.430       684447  0.14647E-02 -0.14647E-02  0.29295E-02  0.34016E+02  0.12237E+03  0.17017E+02 -0.59452E+00  0.78972E+00 -0.15127E+00  12.712   5.883
 0.440       732466  0.29983E-02  0.00000E+00  0.00000E+00  0.11983E+03  0.65469E+02 -0.31460E+02 -0.50582E+00  0.85558E+00 -0.11013E+00   8.107   2.692
 0.450       951672  0.15331E-02  0.00000E+00  0.00000E+00 -0.11880E+03  0.48255E+02  0.37702E+02 -0.71818E+00  0.66673E+00 -0.19924E+00  11.844   5.826
 0.460       544818  0.00000E+00  0.15675E-02 -0.15675E-02  0.95098E+02  0.64927E+02  0.24091E+02 -0.62558E+00  0.76372E+00 -0.15930E+00  10.741   3.804
 0.470       659125  0.00000E+00  0.00000E+00  0.16010E-02 -0.15395E+03 -0.72212E+01  0.59632E+02 -0.51072E+00  0.85788E+00 -0.56637E-01  10.115   2.690
 0.480      1540089 -0.16354E-02 -0.16354E-02  0.00000E+00  0.20025E+02 -0.79467E+02 -0.58008E+02 -0.35782E+00  0.92448E+00 -0.13152E+00  11.226   4.727
 0.490       772785  0.00000E+00  0.50071E-02  0.16690E-02 -0.12227E+03  0.44187E+00 -0.96159E+02  0.10202E+00  0.99041E+00 -0.93172E-01  12.463   5.818
 0.500       295915  0.00000E+00  0.17032E-02  0.00000E+00  0.95211E+02  0.18858E+03 -0.19297E+03  0.68767E+00  0.67279E+00 -0.27288E+00  11.757   6.521
 0.510      1931418 -0.17373E-02  0.17373E-02  0.00000E+00  0.20300E+02  0.87305E+02 -0.34916E+02  0.33011E+00  0.82029E+00 -0.46706E+00   6.582   4.550
 0.520       759464  0.00000E+00  0.17716E-02  0.00000E+00  0.69268E+02 -0.16954E+03  0.95175E+02  0.20349E-01  0.98912E+00 -0.14569E+00   8.810   3.423
 0.530       269678  0.36121E-02  0.00000E+00 -0.36121E-02  0.64547E+02 -0.36350E+03  0.85213E+02  0.11148E-01  0.86508E+00 -0.50151E+00   5.555   2.368
 0.540       851354  0.00000E+00  0.18392E-02  0.18392E-02  0.47835E+02  0.25230E+03 -0.19781E+03  0.23172E+00  0.62640E+00 -0.74426E+00   7.875   4.183
