  41
 0.140  9.50000E+00  8.56753E+09  6.22731E+01
 0.150  1.22500E+01  1.49512E+10  7.24442E+01
 0.160  1.42500E+01  1.98778E+10  7.74481E+01
 0.170  1.62500E+01  2.45563E+10  8.06100E+01
 0.180  1.80000E+01  2.71740E+10  8.05703E+01
 0.190  1.95000E+01  3.01761E+10  8.15734E+01
 0.200  2.10000E+01  3.23490E+10  8.13870E+01
 0.210  2.40000E+01  4.13481E+10  8.60709E+01
 0.220  2.65000E+01  4.89527E+10  8.91251E+01
 0.230  3.02500E+01  6.35818E+10  9.50688E+01
 0.240  3.30000E+01  7.25698E+10  9.72423E+01
 0.250  3.52500E+01  7.81051E+10  9.76100E+01
 0.260  3.70000E+01  8.19448E+10  9.75875E+01
 0.270  3.87500E+01  8.34110E+10  9.62077E+01
 0.280  3.97500E+01  8.19183E+10  9.41361E+01
 0.290  4.15000E+01  8.40947E+10  9.33457E+01
 0.300  4.62500E+01  1.05289E+11  9.89395E+01
 0.310  5.55000E+01  1.67107E+11  1.13785E+02
 0.320  6.27500E+01  2.19932E+11  1.22764E+02
 0.330  7.10000E+01  2.89712E+11  1.32461E+02
 0.340  7.57500E+01  3.23718E+11  1.35558E+02
 0.350  7.95000E+01  3.44467E+11  1.36497E+02
 0.360  8.27500E+01  3.59492E+11  1.36677E+02
 0.370  8.75000E+01  3.84853E+11  1.37524E+02
 0.380  9.20000E+01  4.18621E+11  1.39879E+02
 0.390  9.82500E+01  4.69663E+11  1.43371E+02
 0.400  1.04500E+02  5.29113E+11  1.47554E+02
 0.410  1.08000E+02  5.48252E+11  1.47745E+02
 0.420  1.12000E+02  5.67633E+11  1.47625E+02
 0.430  1.16500E+02  5.98663E+11  1.48649E+02
 0.440  1.20750E+02  6.23684E+11  1.49030E+02
 0.450  1.26500E+02  6.63681E+11  1.50200E+02
 0.460  1.34500E+02  7.61964E+11  1.56077E+02
 0.470  1.49000E+02  9.86736E+11  1.68749E+02
 0.480  1.56500E+02  1.08420E+12  1.72597E+02
 0.490  1.62500E+02  1.15149E+12  1.74557E+02
 0.500  1.68250E+02  1.20530E+12  1.75511E+02
 0.510  1.72750E+02  1.24921E+12  1.76336E+02
 0.520  1.77750E+02  1.28567E+12  1.76358E+02
 0.530  1.82500E+02  1.32744E+12  1.76852E+02
 0.540  1.88500E+02  1.38425E+12  1.77699E+02
