  41
 0.100   0.900   0.686  1.00049E+06  1.12087E+06  9.91388E+05  1.11530E+02  0.00000E+00  0.00000E+00  0.00000E+00  1.00049E+06  1.12087E+06  9.91388E+05
 0.110   1.000   0.587  7.02193E+06  8.12724E+06  6.97586E+06  1.09683E+02  3.46727E+05  4.18193E+05  3.42235E+05  6.67520E+06  7.70904E+06  6.63362E+06
 0.120   1.116   0.647  5.86231E+06  7.05604E+06  5.78524E+06  2.12591E+02  4.99296E+05  6.12722E+05  4.89564E+05  5.36302E+06  6.44332E+06  5.29568E+06
 0.130   1.285   0.849  1.23617E+07  1.38129E+07  1.22979E+07  9.67035E+01  7.43977E+05  9.18933E+05  7.28989E+05  1.16177E+07  1.28939E+07  1.15689E+07
 0.140   1.441   0.500  1.02324E+07  1.19960E+07  1.01276E+07  1.95393E+02  1.58243E+06  1.95428E+06  1.55727E+06  8.64999E+06  1.00418E+07  8.57034E+06
 0.150   1.872   1.106  1.68365E+07  2.05852E+07  1.66000E+07  2.94119E+02  3.79613E+06  4.71319E+06  3.72825E+06  1.30404E+07  1.58720E+07  1.28718E+07
 0.160   2.322   1.229  4.83083E+07  5.88274E+07  4.75462E+07  3.39790E+02  1.65695E+07  2.07887E+07  1.62372E+07  3.17388E+07  3.80386E+07  3.13090E+07
 0.170   2.913   2.119  2.48648E+07  3.04888E+07  2.44983E+07  3.48757E+02  5.80529E+06  7.36235E+06  5.67042E+06  1.90595E+07  2.31265E+07  1.88279E+07
 0.180   3.206   1.479  1.12280E+08  1.29648E+08  1.11567E+08  1.76790E+02  2.03636E+07  2.52431E+07  2.00893E+07  9.19165E+07  1.04405E+08  9.14778E+07
 0.190   3.471   2.415  1.36790E+08  1.64822E+08  1.35654E+08  2.51212E+02  2.61081E+07  3.29055E+07  2.56420E+07  1.10682E+08  1.31917E+08  1.10012E+08
 0.200   3.396   1.685  1.23624E+08  1.52011E+08  1.22336E+08  3.33906E+02  4.50095E+07  5.61951E+07  4.44661E+07  7.86143E+07  9.58157E+07  7.78704E+07
 0.210   4.266   2.430  1.11613E+08  1.35284E+08  1.10410E+08  3.49913E+02  2.96120E+07  3.77540E+07  2.90785E+07  8.20012E+07  9.75303E+07  8.13316E+07
 0.220   4.374   1.997  2.57298E+08  3.10679E+08  2.55235E+08  2.95898E+02  5.03832E+07  6.45792E+07  4.94799E+07  2.06915E+08  2.46100E+08  2.05755E+08
 0.230   4.047   2.107  2.08252E+08  2.59653E+08  2.05621E+08  4.60334E+02  5.72003E+07  7.33088E+07  5.60956E+07  1.51052E+08  1.86344E+08  1.49525E+08
 0.240   4.650   1.439  2.40034E+08  3.03561E+08  2.36325E+08  5.71101E+02  7.37120E+07  9.57233E+07  7.18956E+07  1.66322E+08  2.07838E+08  1.64429E+08
 0.250   4.256   1.232  3.72405E+08  4.50206E+08  3.68489E+08  4.11666E+02  5.94568E+07  7.79187E+07  5.77618E+07  3.12948E+08  3.72288E+08  3.10727E+08
 0.260   5.858   1.686  5.21020E+08  6.49820E+08  5.14835E+08  5.02341E+02  1.05311E+08  1.38458E+08  1.02543E+08  4.15710E+08  5.11362E+08  4.12292E+08
 0.270   5.617   1.501  6.64389E+08  8.27894E+08  6.57007E+08  5.03538E+02  1.19845E+08  1.57575E+08  1.16815E+08  5.44543E+08  6.70318E+08  5.40192E+08
 0.280   7.074   2.330  8.48432E+08  1.07079E+09  8.37752E+08  5.88030E+02  1.80221E+08  2.37909E+08  1.75464E+08  6.68211E+08  8.32881E+08  6.62289E+08
 0.290   7.282   2.212  1.01326E+09  1.28291E+09  1.00069E+09  6.09508E+02  2.14294E+08  2.81135E+08  2.09041E+08  7.98966E+08  1.00178E+09  7.91651E+08
 0.300   7.865   3.217  9.92051E+08  1.27463E+09  9.77666E+08  7.29672E+02  2.46683E+08  3.26147E+08  2.40264E+08  7.45368E+08  9.48482E+08  7.37402E+08
 0.310   9.192   5.268  1.24290E+09  1.58982E+09  1.22601E+09  7.15134E+02  3.93805E+08  5.15472E+08  3.85675E+08  8.49098E+08  1.07435E+09  8.40337E+08
 0.320   5.345   1.936  1.22403E+09  1.50949E+09  1.20952E+09  6.29767E+02  2.20476E+08  2.93913E+08  2.14275E+08  1.00355E+09  1.21557E+09  9.95244E+08
 0.330   9.163   4.974  2.55244E+09  3.16288E+09  2.53017E+09  5.12412E+02  4.62184E+08  6.06273E+08  4.52427E+08  2.09025E+09  2.55660E+09  2.07775E+09
 0.340   8.480   3.281  3.11802E+09  3.87481E+09  3.09171E+09  5.24022E+02  5.35083E+08  7.04647E+08  5.23862E+08  2.58294E+09  3.17016E+09  2.56785E+09
 0.350   7.233   2.294  4.62149E+09  5.64621E+09  4.59357E+09  4.08521E+02  3.80047E+08  5.06967E+08  3.70365E+08  4.24144E+09  5.13925E+09  4.22321E+09
 0.360   9.985   3.032  5.50346E+09  6.88449E+09  5.46755E+09  4.69541E+02  5.99732E+08  7.87588E+08  5.87983E+08  4.90373E+09  6.09690E+09  4.87957E+09
 0.370   9.780   2.355  5.06157E+09  6.40778E+09  5.02383E+09  5.53911E+02  4.85604E+08  6.45693E+08  4.74800E+08  4.57596E+09  5.76209E+09  4.54903E+09
 0.380  10.372   3.282  5.65390E+09  7.22519E+09  5.60774E+09  6.24812E+02  5.96688E+08  7.94511E+08  5.83679E+08  5.05721E+09  6.43068E+09  5.02407E+09
 0.390   8.956   2.072  6.00502E+09  7.75627E+09  5.95061E+09  7.15576E+02  4.94024E+08  6.60746E+08  4.82307E+08  5.51099E+09  7.09552E+09  5.46830E+09
 0.400  10.574   2.578  7.54826E+09  9.83130E+09  7.47438E+09  7.97163E+02  7.85201E+08  1.04801E+09  7.69379E+08  6.76306E+09  8.78329E+09  6.70500E+09
 0.410  11.074   2.974  8.24936E+09  1.08528E+10  8.15984E+09  9.02750E+02  9.01820E+08  1.20743E+09  8.83675E+08  7.34754E+09  9.64537E+09  7.27617E+09
 0.420  10.585   2.741  9.03149E+09  1.19428E+10  8.92480E+09  1.00174E+03  8.75206E+08  1.18459E+09  8.55281E+08  8.15629E+09  1.07582E+10  8.06951E+09
 0.430  10.960   3.596  1.02807E+10  1.36757E+10  1.01502E+10  1.09546E+03  1.06910E+09  1.45234E+09  1.04493E+09  9.21156E+09  1.22234E+10  9.10528E+09
 0.440  10.853   2.050  9.89581E+09  1.32503E+10  9.75975E+09  1.20689E+03  8.77838E+08  1.19676E+09  8.56321E+08  9.01797E+09  1.20535E+10  8.90343E+09
 0.450  11.485   2.477  1.08789E+10  1.46263E+10  1.07205E+10  1.29784E+03  1.02119E+09  1.40000E+09  9.95349E+08  9.85768E+09  1.32263E+10  9.72520E+09
 0.460  11.119   1.845  1.02120E+10  1.38151E+10  1.00517E+10  1.41742E+03  8.19813E+08  1.12780E+09  7.97191E+08  9.39220E+09  1.26873E+10  9.25446E+09
 0.470  12.295   2.305  1.14154E+10  1.55008E+10  1.12274E+10  1.50929E+03  1.07112E+09  1.47410E+09  1.04258E+09  1.03442E+10  1.40267E+10  1.01849E+10
 0.480  12.408   1.924  1.10930E+10  1.51357E+10  1.08982E+10  1.62955E+03  9.61386E+08  1.32908E+09  9.34129E+08  1.01316E+10  1.38066E+10  9.96403E+09
 0.490  12.650   2.172  1.15864E+10  1.58940E+10  1.13696E+10  1.75905E+03  1.04383E+09  1.45035E+09  1.01311E+09  1.05426E+10  1.44436E+10  1.03565E+10
 0.500  12.485   1.902  1.14094E+10  1.57203E+10  1.11838E+10  1.88024E+03  9.84002E+08  1.36869E+09  9.54155E+08  1.04254E+10  1.43516E+10  1.02297E+10
