  41
 0.100   0.900   0.686  1.00053E-02  1.25892E-02  6.42593E-03
 0.110   1.000   0.587  4.04209E-02  3.43992E-02  5.39643E-02
 0.120   1.116   0.647  6.61944E-03  8.59123E-03  5.12805E-03
 0.130   1.285   0.849  1.64734E-01  1.97955E-01  1.00567E-01
 0.140   1.441   0.500  6.77888E-02  8.40417E-02  5.03733E-02
 0.150   1.872   1.106  1.70537E-02  1.86490E-02  1.86111E-02
 0.160   2.322   1.229  1.71125E-01  1.96418E-01  1.22026E-01
 0.170   2.913   2.119  5.26845E-02  4.26861E-02  5.79079E-02
 0.180   3.206   1.479  1.06233E+00  1.23009E+00  7.29775E-01
 0.190   3.471   2.415  2.82211E-01  1.66928E-01  5.72785E-01
 0.200   3.396   1.685  2.26898E-01  2.77012E-01  1.54755E-01
 0.210   4.266   2.430  5.83050E-01  6.53930E-01  4.29093E-01
 0.220   4.374   1.997  1.03372E+00  9.49237E-01  1.13377E+00
 0.230   4.047   2.107  3.38754E-01  3.73837E-01  3.07762E-01
 0.240   4.650   1.439  2.19519E-01  2.26442E-01  2.48541E-01
 0.250   4.256   1.232  2.36815E+00  2.65763E+00  1.74202E+00
 0.260   5.858   1.686  1.03978E+00  9.45472E-01  1.10297E+00
 0.270   5.617   1.501  1.75554E+00  1.73967E+00  1.58051E+00
 0.280   7.074   2.330  1.44722E+00  1.37516E+00  1.51604E+00
 0.290   7.282   2.212  1.39808E+00  1.34300E+00  1.39902E+00
 0.300   7.865   3.217  7.08414E-01  7.02389E-01  7.16763E-01
 0.310   9.192   5.268  1.62797E+00  1.55810E+00  1.71096E+00
 0.320   5.345   1.936  6.93568E+00  8.37131E+00  4.72422E+00
 0.330   9.163   4.974  5.46638E+00  5.13488E+00  6.48580E+00
 0.340   8.480   3.281  8.97960E+00  9.67031E+00  7.69399E+00
 0.350   7.233   2.294  1.79843E+01  1.84460E+01  1.69574E+01
 0.360   9.985   3.032  6.21716E+00  5.77907E+00  7.50902E+00
 0.370   9.780   2.355  7.12283E+00  6.91177E+00  7.26716E+00
 0.380  10.372   3.282  5.95947E+00  6.02814E+00  6.17883E+00
 0.390   8.956   2.072  5.43918E+00  5.39903E+00  5.64131E+00
 0.400  10.574   2.578  4.93465E+00  4.72530E+00  5.71199E+00
 0.410  11.074   2.974  3.35261E+00  3.07930E+00  3.96493E+00
 0.420  10.585   2.741  5.84600E+00  6.01483E+00  5.65935E+00
 0.430  10.960   3.596  4.79452E+00  4.68257E+00  5.00203E+00
 0.440  10.853   2.050  3.79798E+00  3.78989E+00  3.82909E+00
 0.450  11.485   2.477  3.85750E+00  3.60373E+00  4.49827E+00
 0.460  11.119   1.845  2.77728E+00  2.93596E+00  2.54211E+00
 0.470  12.295   2.305  2.60435E+00  2.41848E+00  3.23592E+00
 0.480  12.408   1.924  2.74540E+00  2.86433E+00  2.79522E+00
 0.490  12.650   2.172  1.77367E+00  1.73274E+00  1.99753E+00
 0.500  12.485   1.902  1.60305E+00  1.64259E+00  1.59375E+00
