  41
 0.100 -4.57641E-02  1.20438E-01  8.23222E-02  1.50461E+01  2.89002E+01  1.62607E+01 -1.10490E-01  9.35443E-01 -3.35764E-01  9.24888E+00   0.900   0.686  7.15090E+07  6.91346E+07  1.00049E+06  0.00000E+00  3.30059E+07  1.00053E-02  1.11530E+02   7.462   7.405
 0.110  1.94354E-01  8.84166E-03 -1.01512E-01  3.44401E+01  4.45916E+01  7.58786E+00  5.43930E-01 -3.44038E-01  7.65361E-01  2.37053E+01   1.000   0.587  4.86038E+07  5.10830E+07  7.02193E+06  3.46727E+05  7.11664E+07  4.04209E-02  1.09683E+02   7.441   7.557
 0.120 -4.97971E-02  1.70401E-01 -1.11831E-01  3.19627E+01  3.73613E+01  1.77612E+01  2.50138E-01 -5.77959E-01 -7.76784E-01  1.17471E+01   1.116   0.647  8.87111E+07  8.62510E+07  5.86231E+06  4.99296E+05  7.61547E+07  6.61944E-03  2.12591E+02   7.403   7.599
 0.130 -1.59123E-01 -5.94211E-02 -8.46995E-02  7.62871E+00 -7.03103E+00  7.50276E+00 -9.65449E-02  8.08019E-01 -5.81192E-01  2.19158E+01   1.285   0.849  1.53110E+08  1.55779E+08  1.23617E+07  7.43977E+05  7.98127E+07  1.64734E-01  9.67035E+01   7.688   7.583
 0.140 -1.29969E-02  1.57882E-01  1.78502E-01 -1.53853E+00  1.99582E+01  2.24744E+01 -3.71178E-01 -6.09576E-01  7.00460E-01  9.75116E+00   1.441   0.500  7.97255E+07  8.03627E+07  1.02324E+07  1.58243E+06  1.07747E+08  6.77888E-02  1.95393E+02   7.909   7.726
 0.150  5.08926E-01 -1.81955E-01 -3.55693E-01  6.77778E+00  7.58990E+00 -2.40824E+01  3.93244E-01  1.84715E-01  9.00688E-01  4.26611E+01   1.872   1.106  1.39592E+08  1.33838E+08  1.68365E+07  3.79613E+06  1.83237E+08  1.70537E-02  2.94119E+02   7.771   7.656
 0.160 -4.39203E-02 -3.49808E-02 -2.72868E-02  3.64213E+01 -4.36846E+01  9.20063E+00 -1.43473E-01 -4.08329E-01  9.01490E-01  4.32484E+01   2.322   1.229  3.40457E+08  3.26226E+08  4.83083E+07  1.65695E+07  5.68167E+08  1.71125E-01  3.39790E+02   7.914   7.698
 0.170  2.36828E-01 -1.71170E-01 -6.80062E-02 -1.44697E+00 -2.70112E-01 -2.10124E+01 -5.30928E-01 -1.49056E-01  8.34205E-01  1.22846E+02   2.913   2.119  2.20770E+08  2.05935E+08  2.48648E+07  5.80529E+06  4.23340E+08  5.26845E-02  3.48757E+02   7.816   7.824
 0.180 -3.96243E-01 -3.56938E-01  1.83520E-01  4.11090E+01 -4.18011E+01  4.68484E+00  3.74072E-02  1.19148E-01  9.92172E-01  1.85072E+02   3.206   1.479  9.11737E+08  9.20381E+08  1.12280E+08  2.03636E+07  5.42228E+08  1.06233E+00  1.76790E+02   7.920   7.823
 0.190 -4.35464E-01 -3.59263E-01  1.14805E-01  1.47202E+01 -2.05913E+01 -1.23433E+01  1.02689E-01  3.57602E-01  9.28211E-01  1.21550E+02   3.471   2.415  3.45081E+08  3.54100E+08  1.36790E+08  2.61081E+07  6.74667E+08  2.82211E-01  2.51212E+02   8.125   7.910
 0.200  3.44131E-01 -4.34514E-01 -1.69783E-01  4.57551E+01  2.39386E+00 -2.01739E+01 -1.79232E-02  3.02573E-01  9.52958E-01  1.63196E+02   3.396   1.685  4.57896E+08  4.36505E+08  1.23624E+08  4.50095E+07  5.50957E+08  2.26898E-01  3.33906E+02   8.013   7.926
 0.210 -3.00032E-01  4.75060E-01 -2.80838E-01 -5.12300E+00 -2.45266E+01 -4.07617E+00 -3.82563E-01  2.37494E-01  8.92884E-01  2.33096E+02   4.266   2.430  1.06277E+09  1.01672E+09  1.11613E+08  2.96120E+07  7.28125E+08  5.83050E-01  3.49913E+02   7.986   7.951
 0.220 -1.00475E+00  2.66703E-01 -3.19966E-01 -2.16421E+01  4.67473E+00 -1.44045E+00 -2.01790E-01  4.07836E-01  8.90478E-01  1.66457E+02   4.374   1.997  1.01229E+09  1.02219E+09  2.57298E+08  5.03832E+07  1.00298E+09  1.03372E+00  2.95898E+02   8.171   7.983
 0.230  5.38040E-01 -6.54003E-01  3.97091E-01  4.57150E+01 -8.99794E+00 -1.66231E+00 -1.20995E-02  5.84865E-01  8.11040E-01  1.73649E+02   4.047   2.107  5.95228E+08  5.69118E+08  2.08252E+08  5.72003E+07  8.36620E+08  3.38754E-01  4.60334E+02   8.240   8.015
 0.240  2.11792E-01 -3.00344E-01  2.11934E-01  2.01220E+01 -3.85260E+00 -6.15509E-01 -9.76339E-04  4.54591E-01  8.90700E-01  1.60199E+02   4.650   1.439  6.79367E+08  6.51518E+08  2.40034E+08  7.37120E+07  1.07348E+09  2.19519E-01  5.71101E+02   8.182   8.152
 0.250 -1.99603E-01 -4.27355E-01  2.96321E-01  5.54735E+01 -1.81136E+01  4.83495E+00 -3.54262E-02  5.17923E-01  8.54693E-01  1.82496E+02   4.256   1.232  9.23472E+08  1.02299E+09  3.72405E+08  5.94568E+07  8.84674E+08  2.36815E+00  4.11666E+02   8.321   8.345
 0.260  5.01151E-01 -4.77897E-01  3.22765E-01  1.76995E+01 -8.00876E+00  9.42490E+00 -9.83569E-02  1.79828E-01  9.78768E-01  2.85142E+02   5.858   1.686  7.19119E+08  7.38282E+08  5.21020E+08  1.05311E+08  1.38683E+09  1.03978E+00  5.02341E+02   8.358   8.458
 0.270 -2.45692E-01 -3.13187E-01  1.97434E-03  2.18917E+00 -1.45217E+01  9.25414E-01 -1.64364E-01  1.09009E-01  9.80358E-01  3.60443E+02   5.617   1.501  1.05909E+09  1.12753E+09  6.64389E+08  1.19845E+08  1.32622E+09  1.75554E+00  5.03538E+02   8.291   8.496
 0.280 -5.73230E-01 -5.66977E-02 -6.71697E-02  4.51448E+00 -9.50065E+00  3.76040E+00 -1.91850E-01  1.26590E-01  9.73226E-01  4.34117E+02   7.074   2.330  1.02763E+09  1.04090E+09  8.48432E+08  1.80221E+08  2.00139E+09  1.44722E+00  5.88030E+02   8.296   8.499
 0.290 -1.28768E+00 -1.16148E+00 -2.09751E-01  3.53258E+00 -4.60921E+01  4.80779E-02 -2.09688E-01  1.34640E-01  9.68454E-01  4.93118E+02   7.282   2.212  1.02943E+09  1.03611E+09  1.01326E+09  2.14294E+08  2.08220E+09  1.39808E+00  6.09508E+02   8.299   8.508
 0.300  5.74074E-01 -3.07290E-01  8.42341E-01  1.99552E+01  3.19656E+00 -2.41098E+01 -3.48809E-01  3.62387E-01  8.64296E-01  5.69931E+02   7.865   3.217  1.47453E+09  1.38859E+09  9.92051E+08  2.46683E+08  2.44460E+09  7.08414E-01  7.29672E+02   8.187   8.470
 0.310  6.91468E-02  3.54995E-01 -1.23942E+00 -2.91071E+01 -2.60634E+01 -4.91880E+00 -3.11849E-01  6.44121E-01  6.98469E-01  6.50100E+02   9.192   5.268  3.28481E+09  3.02101E+09  1.24290E+09  3.93805E+08  3.53329E+09  1.62797E+00  7.15134E+02   8.107   8.379
 0.320  1.33696E+00  1.63529E-01 -2.56919E-01  1.97913E+01  1.50766E+01 -3.22077E+01 -3.04346E-02  8.55029E-01  5.17687E-01  3.43253E+02   5.345   1.936  4.36469E+09  4.57499E+09  1.22403E+09  2.20476E+08  2.05410E+09  6.93568E+00  6.29767E+02   8.165   8.327
 0.330  3.55212E-01  6.58135E-01 -4.10191E-01  3.80897E+00 -1.55309E+01 -4.18264E+01 -7.20337E-01  6.59855E-01  2.13789E-01  5.66767E+02   9.163   4.974  4.09276E+09  4.18762E+09  2.55244E+09  4.62184E+08  3.49064E+09  5.46638E+00  5.12412E+02   8.295   8.407
 0.340  1.72601E-01 -6.12995E-01 -5.38054E-01  2.22237E+01  5.79291E+00  1.01258E+01 -8.13434E-01  5.28729E-01  2.42427E-01  5.88776E+02   8.480   3.281  5.82588E+09  6.09706E+09  3.11802E+09  5.35083E+08  3.04245E+09  8.97960E+00  5.24022E+02   8.275   8.453
 0.350  2.55022E-01  2.45971E-01  2.78496E-01 -6.67153E+00  1.04998E+01  5.05330E+00 -8.66143E-01  4.73530E-01  1.59891E-01  6.32475E+02   7.233   2.294  4.71545E+09  5.84668E+09  4.62149E+09  3.80047E+08  2.61478E+09  1.79843E+01  4.08521E+02   8.422   8.455
 0.360 -5.83844E-01 -4.74182E-01 -7.09832E-01 -8.22310E+00 -1.52648E+01  3.41967E+01 -7.99700E-01  5.95808E-01  7.41140E-02  8.78408E+02   9.985   3.032  4.36100E+09  4.66670E+09  5.50346E+09  5.99732E+08  3.44558E+09  6.21716E+00  4.69541E+02   8.439   8.459
 0.370 -8.33827E-01 -1.04995E+00 -8.49677E-01 -1.81091E+01 -2.52359E+01  2.37304E+01 -7.45181E-01  6.61614E-01  8.34999E-02  1.01912E+03   9.780   2.355  4.87750E+09  5.20439E+09  5.06157E+09  4.85604E+08  3.03288E+09  7.12283E+00  5.53911E+02   8.432   8.474
 0.380 -1.37612E+00 -1.14545E+00 -5.90788E-01 -6.34860E+00 -8.53574E+00  3.20131E+01 -6.53951E-01  7.49769E-01  1.00967E-01  9.59393E+02  10.372   3.282  4.70164E+09  4.86494E+09  5.65390E+09  5.96688E+08  3.63971E+09  5.95947E+00  6.24812E+02   8.459   8.449
 0.390 -3.95418E-01 -1.46248E-01 -6.46729E-01 -2.05791E+01 -9.43309E+00  7.45401E+00 -7.38117E-01  6.54480E-01  1.63826E-01  8.64626E+02   8.956   2.072  3.70684E+09  3.98482E+09  6.00502E+09  4.94024E+08  2.73625E+09  5.43918E+00  7.15576E+02   8.501   8.496
 0.400 -2.17388E-02  4.51923E-02  3.17229E-01 -8.56414E+00 -8.68695E+00  4.89098E+00 -6.62364E-01  7.45061E-01  7.84708E-02  1.03607E+03  10.574   2.578  4.21144E+09  4.45397E+09  7.54826E+09  7.85201E+08  3.36693E+09  4.93465E+00  7.97163E+02   8.492   8.484
 0.410 -6.20931E-01 -3.88475E-01  8.16348E-01  2.02243E+00 -2.42364E-01  8.77807E+00 -6.91536E-01  7.09405E-01  1.36097E-01  1.05598E+03  11.074   2.974  4.14764E+09  4.21088E+09  8.24936E+09  9.01820E+08  3.72617E+09  3.35261E+00  9.02750E+02   8.520   8.490
 0.420 -1.35327E-01 -2.14641E-01  4.05156E-01 -1.26793E+00 -5.97666E+00 -1.02182E+00 -7.30698E-01  6.77636E-01  8.30071E-02  1.14708E+03  10.585   2.741  4.83959E+09  5.03328E+09  9.03149E+09  8.75206E+08  3.60088E+09  5.84600E+00  1.00174E+03   8.509   8.498
 0.430  5.12326E-02  5.95992E-02  8.74225E-01  1.28967E+01  1.18597E+01  1.44978E+00 -7.56848E-01  6.52926E-01  2.94757E-02  1.11336E+03  10.960   3.596  4.08137E+09  4.17159E+09  1.02807E+10  1.06910E+09  4.14220E+09  4.79452E+00  1.09546E+03   8.547   8.495
 0.440 -4.89065E-01 -5.62525E-01 -3.32304E-01 -6.59265E+00 -6.37017E+00  1.07969E+01 -7.23338E-01  6.89898E-01  2.86703E-02  1.14182E+03  10.853   2.050  4.02179E+09  4.13256E+09  9.89581E+09  8.77838E+08  3.28754E+09  3.79798E+00  1.20689E+03   8.546   8.513
 0.450 -2.08042E-01  5.26489E-02 -1.99983E-01  3.30868E+00 -6.49759E+00 -6.12870E-01 -6.83767E-01  7.29283E-01  2.46593E-02  1.26828E+03  11.485   2.477  4.01053E+09  4.11888E+09  1.08789E+10  1.02119E+09  3.82561E+09  3.85750E+00  1.29784E+03   8.553   8.508
 0.460 -8.64170E-01 -6.67137E-01 -5.34778E-01 -1.40613E+01 -1.97035E+01  1.95423E+01 -7.02895E-01  7.09855E-01  4.52181E-02  1.31848E+03  11.119   1.845  3.70218E+09  3.73883E+09  1.02120E+10  8.19813E+08  3.12118E+09  2.77728E+00  1.41742E+03   8.564   8.524
 0.470 -5.18076E-01 -4.34880E-01 -6.04374E-02 -8.70348E+00 -2.91957E+00 -1.54374E+00 -6.93658E-01  7.20170E-01  1.39028E-02  1.30581E+03  12.295   2.305  3.29496E+09  3.35230E+09  1.14154E+10  1.07112E+09  3.79875E+09  2.60435E+00  1.50929E+03   8.590   8.516
 0.480  9.63153E-01  6.79058E-01 -7.43184E-01 -2.34139E+01 -2.30905E+01 -1.79247E+01 -6.92498E-01  7.21191E-01  1.81855E-02  1.35705E+03  12.408   1.924  3.09154E+09  3.15384E+09  1.10930E+10  9.61386E+08  3.37716E+09  2.74540E+00  1.62955E+03   8.593   8.524
 0.490  6.28881E-02  2.54674E-01 -6.96814E-01 -2.34092E+01 -2.17431E+01 -1.98703E+00 -6.67171E-01  7.43429E-01  4.68610E-02  1.45005E+03  12.650   2.172  3.01714E+09  3.00736E+09  1.15864E+10  1.04383E+09  3.62308E+09  1.77367E+00  1.75905E+03   8.595   8.524
 0.500  8.10594E-02 -1.23789E-01  1.12869E+00  4.01587E+00  3.68405E+00 -1.01616E+01 -6.80465E-01  7.32577E-01  1.72687E-02  1.42076E+03  12.485   1.902  2.92919E+09  2.91464E+09  1.14094E+10  9.84002E+08  3.39129E+09  1.60305E+00  1.88024E+03   8.595   8.528
