  41
 0.100  6.00000E+00  6.28152E+09  6.70951E+01
 0.110  7.25000E+00  7.98734E+09  6.88282E+01
 0.120  9.00000E+00  1.16944E+10  7.47484E+01
 0.130  1.12500E+01  1.73810E+10  8.15071E+01
 0.140  1.27500E+01  2.09423E+10  8.40410E+01
 0.150  1.57500E+01  3.26055E+10  9.43494E+01
 0.160  1.82500E+01  4.18572E+10  9.93089E+01
 0.170  2.15000E+01  5.58651E+10  1.05703E+02
 0.180  2.35000E+01  6.30600E+10  1.07418E+02
 0.190  2.57500E+01  6.91683E+10  1.07473E+02
 0.200  2.80000E+01  7.72483E+10  1.08918E+02
 0.210  3.20000E+01  9.99333E+10  1.15882E+02
 0.220  3.52500E+01  1.14554E+11  1.18212E+02
 0.230  3.77500E+01  1.23923E+11  1.18810E+02
 0.240  4.05000E+01  1.34550E+11  1.19522E+02
 0.250  4.22500E+01  1.35848E+11  1.17584E+02
 0.260  4.42500E+01  1.38512E+11  1.16017E+02
 0.270  4.65000E+01  1.42888E+11  1.14949E+02
 0.280  5.00000E+01  1.60141E+11  1.17355E+02
 0.290  5.37500E+01  1.80036E+11  1.20012E+02
 0.300  6.10000E+01  2.33309E+11  1.28243E+02
 0.310  6.70000E+01  2.81432E+11  1.34395E+02
 0.320  7.17500E+01  3.14091E+11  1.37199E+02
 0.330  7.55000E+01  3.32500E+11  1.37612E+02
 0.340  7.90000E+01  3.44932E+11  1.37021E+02
 0.350  8.20000E+01  3.52262E+11  1.35913E+02
 0.360  8.40000E+01  3.49277E+11  1.33715E+02
 0.370  8.57500E+01  3.44234E+11  1.31385E+02
 0.380  8.75000E+01  3.40206E+11  1.29301E+02
 0.390  8.95000E+01  3.37655E+11  1.27368E+02
 0.400  9.17500E+01  3.34558E+11  1.25218E+02
 0.410  9.35000E+01  3.31554E+11  1.23482E+02
 0.420  9.62500E+01  3.32641E+11  1.21905E+02
 0.430  9.85000E+01  3.34938E+11  1.20920E+02
 0.440  1.01000E+02  3.35839E+11  1.19575E+02
 0.450  1.03000E+02  3.35545E+11  1.18356E+02
 0.460  1.05000E+02  3.36595E+11  1.17407E+02
 0.470  1.07250E+02  3.38880E+11  1.16562E+02
 0.480  1.10000E+02  3.41488E+11  1.15538E+02
 0.490  1.12000E+02  3.43618E+11  1.14859E+02
 0.500  1.14500E+02  3.45498E+11  1.13908E+02
