  41
 0.100   0.900  2.84018E+07  3.28723E+07  2.80916E+07  1.38084E+02  0.00000E+00  0.00000E+00  0.00000E+00  2.84018E+07  3.28723E+07  2.80916E+07
 0.110   1.000  4.23492E+07  4.94663E+07  4.19788E+07  1.34194E+02  2.90546E+06  3.50719E+06  2.86377E+06  3.94437E+07  4.59591E+07  3.91150E+07
 0.120   1.116  4.94822E+07  5.88772E+07  4.88469E+07  2.01851E+02  5.68466E+06  6.95176E+06  5.58416E+06  4.37975E+07  5.19254E+07  4.32627E+07
 0.130   1.285  9.62839E+07  1.13411E+08  9.52035E+07  1.95300E+02  1.37789E+07  1.69155E+07  1.35472E+07  8.25049E+07  9.64956E+07  8.16563E+07
 0.140   1.441  1.47242E+08  1.75867E+08  1.45623E+08  2.14609E+02  2.26946E+07  2.78372E+07  2.23550E+07  1.24548E+08  1.48029E+08  1.23268E+08
 0.150   1.872  1.78317E+08  2.17848E+08  1.75819E+08  2.92008E+02  3.41122E+07  4.23774E+07  3.35181E+07  1.44205E+08  1.75471E+08  1.42301E+08
 0.160   2.322  3.18148E+08  3.84411E+08  3.13891E+08  2.97581E+02  7.91831E+07  9.92549E+07  7.76557E+07  2.38965E+08  2.85156E+08  2.36236E+08
 0.170   2.913  3.74084E+08  4.62535E+08  3.68360E+08  3.65108E+02  1.18567E+08  1.48645E+08  1.16331E+08  2.55517E+08  3.13890E+08  2.52029E+08
 0.180   3.206  5.93943E+08  7.26303E+08  5.85611E+08  3.60054E+02  2.11849E+08  2.66718E+08  2.07993E+08  3.82093E+08  4.59585E+08  3.77618E+08
 0.190   3.471  7.69229E+08  9.50313E+08  7.58466E+08  3.87347E+02  2.32745E+08  2.96093E+08  2.27944E+08  5.36484E+08  6.54220E+08  5.30522E+08
 0.200   3.396  8.08816E+08  1.01643E+09  7.95696E+08  4.74553E+02  2.68311E+08  3.42342E+08  2.62738E+08  5.40505E+08  6.74086E+08  5.32958E+08
 0.210   4.266  1.05550E+09  1.33335E+09  1.03689E+09  5.38790E+02  3.93748E+08  5.06175E+08  3.84805E+08  6.61752E+08  8.27170E+08  6.52088E+08
 0.220   4.374  1.41599E+09  1.76909E+09  1.39372E+09  5.14000E+02  4.31848E+08  5.58903E+08  4.21586E+08  9.84139E+08  1.21018E+09  9.72131E+08
 0.230   4.047  1.44267E+09  1.81850E+09  1.41864E+09  5.67928E+02  3.55196E+08  4.62521E+08  3.45405E+08  1.08747E+09  1.35598E+09  1.07324E+09
 0.240   4.650  1.99009E+09  2.54049E+09  1.95381E+09  6.52140E+02  8.17253E+08  1.05643E+09  7.98411E+08  1.17283E+09  1.48406E+09  1.15540E+09
 0.250   4.256  2.26819E+09  2.86455E+09  2.22995E+09  6.32378E+02  7.09603E+08  9.25861E+08  6.91407E+08  1.55858E+09  1.93869E+09  1.53855E+09
 0.260   5.858  2.84049E+09  3.64089E+09  2.78932E+09  7.12907E+02  1.01927E+09  1.33389E+09  9.93532E+08  1.82122E+09  2.30700E+09  1.79579E+09
 0.270   5.617  3.06661E+09  3.95475E+09  3.00800E+09  7.88545E+02  1.03250E+09  1.36087E+09  1.00402E+09  2.03412E+09  2.59389E+09  2.00398E+09
 0.280   7.074  3.48340E+09  4.52550E+09  3.41155E+09  8.79440E+02  1.24236E+09  1.64610E+09  1.20603E+09  2.24104E+09  2.87941E+09  2.20552E+09
 0.290   7.282  3.85237E+09  5.02831E+09  3.76969E+09  9.50478E+02  1.37959E+09  1.83386E+09  1.33799E+09  2.47278E+09  3.19445E+09  2.43169E+09
 0.300   7.865  3.99411E+09  5.26039E+09  3.90076E+09  1.06685E+03  1.43496E+09  1.91801E+09  1.38853E+09  2.55914E+09  3.34237E+09  2.51223E+09
 0.310   9.192  4.66298E+09  6.14629E+09  4.55176E+09  1.12551E+03  1.81061E+09  2.42171E+09  1.75281E+09  2.85238E+09  3.72458E+09  2.79895E+09
 0.320   5.345  5.09400E+09  6.55092E+09  4.98541E+09  1.03655E+03  1.37791E+09  1.85813E+09  1.32745E+09  3.71609E+09  4.69278E+09  3.65796E+09
 0.330   9.163  7.75037E+09  9.94171E+09  7.60869E+09  9.28323E+02  2.21875E+09  2.96994E+09  2.14506E+09  5.53161E+09  6.97177E+09  5.46363E+09
 0.340   8.480  8.82709E+09  1.13631E+10  8.67172E+09  9.39203E+02  2.34946E+09  3.15050E+09  2.27264E+09  6.47763E+09  8.21261E+09  6.39908E+09
 0.350   7.233  1.05979E+10  1.35508E+10  1.04296E+10  8.85251E+02  2.12335E+09  2.87100E+09  2.04609E+09  8.47459E+09  1.06798E+10  8.38353E+09
 0.360   9.985  1.26970E+10  1.64647E+10  1.24890E+10  9.54292E+02  2.92714E+09  3.94617E+09  2.82882E+09  9.76984E+09  1.25186E+10  9.66022E+09
 0.370   9.780  1.34689E+10  1.76223E+10  1.32367E+10  1.04401E+03  2.97942E+09  4.03542E+09  2.87507E+09  1.04895E+10  1.35869E+10  1.03617E+10
 0.380  10.372  1.44904E+10  1.90802E+10  1.42304E+10  1.12355E+03  3.12599E+09  4.24823E+09  3.01313E+09  1.13645E+10  1.48320E+10  1.12172E+10
 0.390   8.956  1.44731E+10  1.91945E+10  1.41981E+10  1.22402E+03  2.85195E+09  3.89218E+09  2.74221E+09  1.16211E+10  1.53024E+10  1.14559E+10
 0.400  10.574  1.59218E+10  2.12295E+10  1.56052E+10  1.31833E+03  3.32888E+09  4.55279E+09  3.20147E+09  1.25929E+10  1.66767E+10  1.24038E+10
 0.410  11.074  1.66661E+10  2.23714E+10  1.63150E+10  1.43147E+03  3.56101E+09  4.88288E+09  3.42159E+09  1.31051E+10  1.74886E+10  1.28934E+10
 0.420  10.585  1.69757E+10  2.28754E+10  1.66007E+10  1.53630E+03  3.42842E+09  4.72415E+09  3.28645E+09  1.35473E+10  1.81513E+10  1.33143E+10
 0.430  10.960  1.76698E+10  2.39025E+10  1.72644E+10  1.63205E+03  3.51262E+09  4.85137E+09  3.36409E+09  1.41572E+10  1.90511E+10  1.39004E+10
 0.440  10.853  1.80234E+10  2.44975E+10  1.75886E+10  1.74975E+03  3.51474E+09  4.86672E+09  3.35992E+09  1.45087E+10  1.96308E+10  1.42286E+10
 0.450  11.485  1.88675E+10  2.57280E+10  1.83941E+10  1.85341E+03  3.72567E+09  5.17390E+09  3.55802E+09  1.51418E+10  2.05541E+10  1.48361E+10
 0.460  11.119  1.88513E+10  2.58306E+10  1.83554E+10  1.98001E+03  3.59313E+09  5.00197E+09  3.42507E+09  1.52582E+10  2.08286E+10  1.49303E+10
 0.470  12.295  1.98026E+10  2.72189E+10  1.92619E+10  2.09067E+03  3.93657E+09  5.48820E+09  3.75155E+09  1.58660E+10  2.17307E+10  1.55103E+10
 0.480  12.408  2.00546E+10  2.76755E+10  1.94785E+10  2.23012E+03  3.99566E+09  5.58563E+09  3.80014E+09  1.60590E+10  2.20899E+10  1.56783E+10
 0.490  12.650  2.02504E+10  2.80529E+10  1.96449E+10  2.36066E+03  3.97433E+09  5.57042E+09  3.77516E+09  1.62761E+10  2.24825E+10  1.58698E+10
 0.500  12.485  2.03094E+10  2.82356E+10  1.96750E+10  2.49832E+03  3.93392E+09  5.52189E+09  3.73071E+09  1.63755E+10  2.27138E+10  1.59443E+10
