  41
 0.100   0.900  1.66031E-01  1.91114E-01  1.39502E-01
 0.110   1.000  1.93699E-01  1.50269E-01  2.87780E-01
 0.120   1.116  1.49197E-01  1.76734E-01  1.13355E-01
 0.130   1.285  5.44275E-01  6.07532E-01  4.36260E-01
 0.140   1.441  4.38702E-01  4.18313E-01  5.81752E-01
 0.150   1.872  2.14805E-01  2.29896E-01  2.22498E-01
 0.160   2.322  1.36264E+00  1.53517E+00  9.83949E-01
 0.170   2.913  2.18080E-01  1.68445E-01  4.07892E-01
 0.180   3.206  1.98910E+00  2.24530E+00  1.42781E+00
 0.190   3.471  1.02014E+00  6.98833E-01  1.76172E+00
 0.200   3.396  5.01581E-01  5.54510E-01  4.09159E-01
 0.210   4.266  1.18447E+00  1.26420E+00  1.02419E+00
 0.220   4.374  3.41587E+00  3.47328E+00  3.07947E+00
 0.230   4.047  1.67690E+00  1.69332E+00  1.77224E+00
 0.240   4.650  1.05176E+00  1.16499E+00  1.00136E+00
 0.250   4.256  5.00332E+00  5.05398E+00  4.32994E+00
 0.260   5.858  1.72971E+00  1.57699E+00  1.92404E+00
 0.270   5.617  2.37831E+00  2.32320E+00  2.28687E+00
 0.280   7.074  1.95884E+00  1.85744E+00  2.16719E+00
 0.290   7.282  1.85927E+00  1.74527E+00  1.92932E+00
 0.300   7.865  9.12763E-01  8.94790E-01  9.26881E-01
 0.310   9.192  2.42345E+00  2.42707E+00  2.42242E+00
 0.320   5.345  1.59354E+01  1.89787E+01  1.08850E+01
 0.330   9.163  7.21923E+00  6.67823E+00  9.51860E+00
 0.340   8.480  1.20123E+01  1.28245E+01  1.04216E+01
 0.350   7.233  1.92935E+01  1.96656E+01  1.84262E+01
 0.360   9.985  6.65122E+00  6.16888E+00  8.02262E+00
 0.370   9.780  7.92501E+00  7.49941E+00  8.40881E+00
 0.380  10.372  6.96972E+00  7.05467E+00  7.24144E+00
 0.390   8.956  5.91480E+00  5.80281E+00  6.25473E+00
 0.400  10.574  5.13111E+00  4.89244E+00  6.01091E+00
 0.410  11.074  3.43763E+00  3.14752E+00  4.11381E+00
 0.420  10.585  5.93852E+00  6.10199E+00  5.74346E+00
 0.430  10.960  4.87771E+00  4.77271E+00  5.07062E+00
 0.440  10.853  3.92396E+00  3.90505E+00  3.97879E+00
 0.450  11.485  3.89772E+00  3.63460E+00  4.56241E+00
 0.460  11.119  2.95908E+00  3.11060E+00  2.72573E+00
 0.470  12.295  2.66537E+00  2.48042E+00  3.29699E+00
 0.480  12.408  2.78360E+00  2.89589E+00  2.85136E+00
 0.490  12.650  1.81163E+00  1.76843E+00  2.03881E+00
 0.500  12.485  1.66421E+00  1.70668E+00  1.64976E+00
