  38
 0.130   1.182   0.856  1.16730E+06  1.37238E+06  1.15518E+06  1.85051E+02  0.00000E+00  0.00000E+00  0.00000E+00  1.16730E+06  1.37238E+06  1.15518E+06
 0.140   1.357   0.857  1.41442E+06  1.69630E+06  1.39298E+06  2.67240E+02  2.07526E+05  2.56014E+05  2.04139E+05  1.20690E+06  1.44029E+06  1.18885E+06
 0.150   1.678   1.062  4.74050E+06  5.65688E+06  4.69371E+06  2.11604E+02  1.19445E+06  1.45666E+06  1.18228E+06  3.54606E+06  4.20022E+06  3.51143E+06
 0.160   2.031   1.235  5.73005E+06  7.04242E+06  5.65074E+06  3.10482E+02  1.52736E+06  1.88985E+06  1.50517E+06  4.20268E+06  5.15258E+06  4.14557E+06
 0.170   2.073   1.821  4.01774E+06  5.06540E+06  3.94145E+06  4.48627E+02  1.05389E+06  1.33445E+06  1.03144E+06  2.96384E+06  3.73094E+06  2.91001E+06
 0.180   2.249   1.494  3.25305E+06  4.13034E+06  3.17767E+06  5.47780E+02  6.77334E+05  8.65625E+05  6.58250E+05  2.57571E+06  3.26472E+06  2.51942E+06
 0.190   2.910   1.449  1.72869E+07  1.98839E+07  1.71194E+07  2.54005E+02  3.17543E+06  4.03734E+06  3.10816E+06  1.41115E+07  1.58466E+07  1.40113E+07
 0.200   3.372   1.747  1.64302E+07  1.99304E+07  1.62470E+07  3.31705E+02  3.29226E+06  4.19037E+06  3.22405E+06  1.31379E+07  1.57400E+07  1.30229E+07
 0.210   3.906   2.671  3.93257E+07  4.69578E+07  3.87809E+07  4.00693E+02  1.30375E+07  1.68644E+07  1.26872E+07  2.62883E+07  3.00934E+07  2.60936E+07
 0.220   4.330   3.014  2.28300E+07  2.85185E+07  2.24750E+07  4.92997E+02  9.00150E+06  1.14559E+07  8.83536E+06  1.38286E+07  1.70626E+07  1.36396E+07
 0.230   4.670   2.326  3.28774E+07  3.85679E+07  3.25678E+07  3.18720E+02  6.75032E+06  8.70663E+06  6.59687E+06  2.61271E+07  2.98613E+07  2.59709E+07
 0.240   4.484   3.068  2.99880E+07  3.57817E+07  2.96314E+07  4.09353E+02  6.89821E+06  8.98275E+06  6.70985E+06  2.30898E+07  2.67989E+07  2.29216E+07
 0.250   5.060   3.598  4.14785E+07  5.06071E+07  4.10325E+07  4.17641E+02  1.40348E+07  1.79194E+07  1.37786E+07  2.74437E+07  3.26877E+07  2.72539E+07
 0.260   5.084   2.917  5.12255E+07  6.35614E+07  5.05659E+07  5.22969E+02  1.66103E+07  2.15528E+07  1.62575E+07  3.46152E+07  4.20086E+07  3.43084E+07
 0.270   5.720   3.291  7.09135E+07  8.78031E+07  7.00058E+07  5.48805E+02  1.95512E+07  2.56985E+07  1.90951E+07  5.13623E+07  6.21046E+07  5.09106E+07
 0.280   6.030   3.027  1.19078E+08  1.46851E+08  1.17369E+08  6.10367E+02  2.98446E+07  3.96679E+07  2.88979E+07  8.92337E+07  1.07183E+08  8.84706E+07
 0.290   7.204   4.126  1.32219E+08  1.66459E+08  1.30110E+08  7.13363E+02  4.32953E+07  5.75780E+07  4.20466E+07  8.89233E+07  1.08881E+08  8.80638E+07
 0.300   6.192   3.794  1.29684E+08  1.66275E+08  1.27243E+08  8.63684E+02  4.93866E+07  6.58631E+07  4.79155E+07  8.02972E+07  1.00412E+08  7.93278E+07
 0.310   7.581   3.393  1.99090E+08  2.49767E+08  1.96533E+08  6.56224E+02  5.22575E+07  6.96240E+07  5.09297E+07  1.46832E+08  1.80143E+08  1.45604E+08
 0.320   6.961   3.370  1.83805E+08  2.35514E+08  1.81086E+08  7.79417E+02  4.58922E+07  6.14431E+07  4.46040E+07  1.37913E+08  1.74071E+08  1.36482E+08
 0.330   7.881   4.614  1.06441E+08  1.38425E+08  1.04331E+08  1.02009E+03  3.59528E+07  4.85316E+07  3.47502E+07  7.04882E+07  8.98931E+07  6.95805E+07
 0.340   8.270   3.601  1.73134E+08  2.26590E+08  1.69690E+08  1.07277E+03  5.52852E+07  7.44033E+07  5.35233E+07  1.17849E+08  1.52187E+08  1.16167E+08
 0.350   5.261   3.702  8.73956E+07  1.12354E+08  8.58105E+07  9.92433E+02  1.82346E+07  2.46771E+07  1.75605E+07  6.91609E+07  8.76767E+07  6.82500E+07
 0.360   4.575   2.969  2.07362E+08  2.68409E+08  2.03388E+08  1.07184E+03  5.86635E+07  7.95851E+07  5.65040E+07  1.48699E+08  1.88824E+08  1.46884E+08
 0.370   7.029   4.160  2.37022E+08  3.06441E+08  2.32679E+08  1.07153E+03  5.93329E+07  8.08238E+07  5.70591E+07  1.77689E+08  2.25617E+08  1.75620E+08
 0.380   6.962   4.524  1.83857E+08  2.38015E+08  1.80545E+08  1.08610E+03  3.80231E+07  5.18702E+07  3.64827E+07  1.45833E+08  1.86145E+08  1.44063E+08
 0.390   5.202   2.778  2.32680E+08  3.01680E+08  2.28579E+08  1.10292E+03  4.47281E+07  6.13253E+07  4.28278E+07  1.87952E+08  2.40355E+08  1.85751E+08
 0.400  11.031   4.959  3.65649E+08  4.78939E+08  3.58918E+08  1.19060E+03  8.52860E+07  1.16662E+08  8.19710E+07  2.80363E+08  3.62277E+08  2.76947E+08
 0.410   7.905   2.117  4.17418E+08  5.36583E+08  4.11169E+08  1.00724E+03  5.31270E+07  7.30073E+07  5.06756E+07  3.64291E+08  4.63576E+08  3.60494E+08
 0.420   8.887   3.818  4.11331E+08  5.44939E+08  4.03409E+08  1.32306E+03  7.82850E+07  1.07810E+08  7.48919E+07  3.33046E+08  4.37129E+08  3.28517E+08
 0.430   7.438   3.272  3.79388E+08  5.06391E+08  3.71614E+08  1.44133E+03  7.30980E+07  1.00330E+08  6.99907E+07  3.06290E+08  4.06061E+08  3.01623E+08
 0.440  10.101   2.852  4.24386E+08  5.69012E+08  4.15183E+08  1.55538E+03  9.03968E+07  1.24051E+08  8.65726E+07  3.33989E+08  4.44961E+08  3.28611E+08
 0.450   9.939   3.436  5.04197E+08  6.73037E+08  4.93706E+08  1.53013E+03  9.68159E+07  1.33270E+08  9.26261E+07  4.07382E+08  5.39767E+08  4.01080E+08
 0.460   9.311   4.550  5.50130E+08  7.37035E+08  5.38318E+08  1.60392E+03  1.04567E+08  1.44527E+08  9.99100E+07  4.45563E+08  5.92508E+08  4.38408E+08
 0.470  11.771   4.931  5.52270E+08  7.46168E+08  5.39293E+08  1.76873E+03  1.12137E+08  1.55645E+08  1.06850E+08  4.40133E+08  5.90523E+08  4.32444E+08
 0.480  13.665   4.157  5.94119E+08  8.08126E+08  5.79264E+08  1.90120E+03  1.23377E+08  1.71719E+08  1.17498E+08  4.70742E+08  6.36407E+08  4.61765E+08
 0.490  13.559   4.093  6.26799E+08  8.57902E+08  6.10373E+08  2.01232E+03  1.22412E+08  1.70616E+08  1.16396E+08  5.04387E+08  6.87286E+08  4.93977E+08
 0.500  14.636   3.231  6.26603E+08  8.60856E+08  6.09327E+08  2.13602E+03  1.20448E+08  1.68142E+08  1.14275E+08  5.06155E+08  6.92714E+08  4.95052E+08
