  38
 0.130   9.500   1.182  1.06254E+10  8.42806E+08  5.30135E+07  6.22462E+07  9.72959E+09  4.70007E+07  1.62219E+07  1.93979E+07  5.48297E+08  8.85419E+08  5.30218E+07  6.22565E+07  1.00038E+10  7.61193E+07  2.19210E+07  2.60423E+07  7.63043E+08
 0.140  10.750   1.357  1.27730E+10  8.32517E+08  8.50818E+07  1.00973E+08  1.18554E+10  9.60360E+07  2.58194E+07  3.08974E+07  6.86223E+08  7.71654E+08  8.43628E+07  1.00112E+08  1.10522E+10  1.22418E+08  3.40816E+07  4.07343E+07  9.68977E+08
 0.150  12.250   1.678  1.48129E+10  8.45805E+08  1.11874E+08  1.35191E+08  1.38552E+10  1.10320E+07  4.83324E+07  5.83056E+07  8.99889E+08  6.99741E+08  1.10071E+08  1.32968E+08  1.20041E+10  3.24811E+07  6.28356E+07  7.58427E+07  1.47255E+09
 0.160  14.750   2.031  2.13906E+10  1.42997E+09  1.34587E+08  1.65392E+08  1.98261E+10  2.97568E+07  5.26572E+07  6.52792E+07  1.02002E+09  6.90200E+08  1.16394E+08  1.43487E+08  1.16574E+10  7.77036E+07  6.58275E+07  8.15896E+07  1.59260E+09
 0.170  16.000   2.073  2.32620E+10  1.74837E+09  1.52115E+08  1.88002E+08  2.13615E+10  4.95068E+07  6.11825E+07  7.68823E+07  1.24932E+09  1.06940E+09  1.48050E+08  1.82912E+08  1.41625E+10  8.61284E+07  7.53098E+07  9.45342E+07  1.80011E+09
 0.180  18.000   2.249  2.80221E+10  2.27361E+09  1.68198E+08  2.10623E+08  2.55803E+10  4.35871E+07  6.63381E+07  8.41635E+07  1.34975E+09  9.89887E+08  1.41779E+08  1.77661E+08  1.19950E+10  6.62529E+07  7.92562E+07  1.00455E+08  1.86828E+09
 0.190  21.000   2.910  3.72094E+10  3.00042E+09  2.00637E+08  2.51715E+08  3.40083E+10  8.32275E+07  8.04436E+07  1.02746E+08  1.92282E+09  1.47278E+09  1.67504E+08  2.09904E+08  1.42799E+10  2.72222E+08  1.09789E+08  1.37934E+08  3.08967E+09
 0.200  25.250   3.372  5.62289E+10  4.48741E+09  3.30726E+08  4.13403E+08  5.14107E+10  1.25462E+08  1.23628E+08  1.55304E+08  2.69160E+09  1.46653E+09  2.36930E+08  2.95356E+08  1.89928E+10  2.45187E+08  1.52390E+08  1.90985E+08  4.21736E+09
 0.210  29.000   3.906  7.39124E+10  5.77695E+09  5.15232E+08  6.30364E+08  6.76202E+10  2.47615E+08  1.99997E+08  2.46819E+08  3.98016E+09  2.39685E+09  4.65579E+08  5.67238E+08  2.63191E+10  6.59620E+08  2.72188E+08  3.31403E+08  6.26197E+09
 0.220  32.000   4.330  8.62675E+10  6.61544E+09  5.54237E+08  6.96255E+08  7.90978E+10  1.32243E+08  1.56674E+08  1.98309E+08  3.38073E+09  2.09719E+09  4.60473E+08  5.78738E+08  2.38096E+10  3.69308E+08  1.97112E+08  2.48867E+08  5.73621E+09
 0.230  34.500   4.670  9.49704E+10  7.69178E+09  6.68634E+08  8.35143E+08  8.66100E+10  5.93434E+08  2.74820E+08  3.44070E+08  5.01482E+09  3.41118E+09  6.00747E+08  7.48405E+08  2.39382E+10  1.14267E+09  3.69461E+08  4.61972E+08  8.31574E+09
 0.240  36.500   4.484  9.75061E+10  8.14495E+09  8.40377E+08  1.05279E+09  8.85208E+10  4.67157E+08  3.66830E+08  4.60419E+08  5.54873E+09  2.58172E+09  7.42932E+08  9.27340E+08  2.33513E+10  7.52741E+08  4.55375E+08  5.70033E+08  7.62694E+09
 0.250  38.000   5.060  9.90228E+10  8.24708E+09  9.17530E+08  1.16415E+09  8.98582E+10  3.83511E+08  4.18872E+08  5.31151E+08  6.12322E+09  2.56563E+09  8.27991E+08  1.04814E+09  2.19848E+10  8.50945E+08  5.42875E+08  6.87741E+08  9.20790E+09
 0.260  39.500   5.084  9.95549E+10  8.69813E+09  9.99636E+08  1.27656E+09  8.98571E+10  5.78506E+08  4.98335E+08  6.37134E+08  6.57142E+09  3.17694E+09  9.36386E+08  1.19359E+09  2.28240E+10  1.05723E+09  6.27305E+08  8.00800E+08  9.47045E+09
 0.270  42.250   5.720  1.09098E+11  9.94501E+09  1.15811E+09  1.47902E+09  9.79947E+10  4.70938E+08  5.79511E+08  7.44259E+08  7.23369E+09  3.35104E+09  1.05961E+09  1.34991E+09  2.28447E+10  8.82767E+08  7.58264E+08  9.72458E+08  1.12918E+10
 0.280  46.000   6.030  1.26603E+11  1.14114E+10  1.34679E+09  1.71969E+09  1.13845E+11  8.83709E+08  7.10636E+08  9.12237E+08  8.86911E+09  3.65537E+09  1.22376E+09  1.56234E+09  2.57511E+10  1.64240E+09  9.11369E+08  1.16724E+09  1.31253E+10
 0.290  52.250   7.204  1.66577E+11  1.33069E+10  1.93466E+09  2.48674E+09  1.51335E+11  6.95276E+08  9.20554E+08  1.18689E+09  1.13722E+10  3.25697E+09  1.44527E+09  1.84983E+09  2.94147E+10  1.74469E+09  1.21923E+09  1.56594E+09  1.87140E+10
 0.300  55.500   6.192  1.79982E+11  1.32352E+10  2.20547E+09  2.83232E+09  1.64541E+11  2.28844E+09  1.59111E+09  2.04031E+09  2.05614E+10  4.50566E+09  2.06695E+09  2.65178E+09  4.23373E+10  2.63395E+09  1.70423E+09  2.18619E+09  2.37826E+10
 0.310  58.500   7.581  1.92979E+11  1.28184E+10  2.73434E+09  3.49752E+09  1.77426E+11  1.11727E+09  1.36837E+09  1.73711E+09  1.21394E+10  3.31479E+09  1.99047E+09  2.52710E+09  2.85231E+10  1.98036E+09  1.69583E+09  2.15286E+09  1.85423E+10
 0.320  61.750   6.961  2.07304E+11  1.20949E+10  2.84715E+09  3.69960E+09  1.92362E+11  1.24598E+09  1.56530E+09  2.02789E+09  1.18923E+10  2.17419E+09  2.00022E+09  2.59213E+09  2.25429E+10  1.41021E+09  1.69556E+09  2.19686E+09  1.40209E+10
 0.330  68.000   7.881  2.49039E+11  1.52544E+10  3.23890E+09  4.24423E+09  2.30545E+11  1.29884E+09  1.94873E+09  2.56310E+09  1.77880E+10  2.23039E+09  2.43931E+09  3.20994E+09  2.95759E+10  1.66433E+09  2.16977E+09  2.85452E+09  2.20689E+10
 0.340  72.250   8.270  2.72529E+11  1.71829E+10  3.33762E+09  4.40981E+09  2.52008E+11  1.58524E+09  1.92862E+09  2.55257E+09  1.94914E+10  2.48552E+09  2.30207E+09  3.04768E+09  2.97414E+10  1.97421E+09  2.07765E+09  2.75060E+09  2.32717E+10
 0.350  74.750   5.261  2.80212E+11  1.74630E+10  3.49773E+09  4.63377E+09  2.59251E+11  3.03362E+09  2.29188E+09  3.03128E+09  2.53954E+10  4.02667E+09  2.68573E+09  3.55525E+09  3.87534E+10  2.05533E+09  1.80484E+09  2.38428E+09  1.50366E+10
 0.360  77.750   4.575  2.88969E+11  1.73002E+10  4.09892E+09  5.37055E+09  2.67570E+11  3.32667E+09  2.83024E+09  3.69643E+09  2.54247E+10  4.28698E+09  3.12775E+09  4.09352E+09  3.59631E+10  1.88699E+09  2.01195E+09  2.61354E+09  1.15063E+10
 0.370  80.000   7.029  2.94744E+11  1.64462E+10  4.78144E+09  6.24864E+09  2.73516E+11  2.43454E+09  3.31722E+09  4.30130E+09  2.28703E+10  3.27766E+09  3.61586E+09  4.69822E+09  3.05882E+10  2.00188E+09  3.12180E+09  4.04303E+09  1.91176E+10
 0.380  82.500   6.962  2.98934E+11  1.52956E+10  5.00127E+09  6.60458E+09  2.78638E+11  2.69998E+09  3.61021E+09  4.73865E+09  2.45723E+10  3.36334E+09  3.86577E+09  5.07851E+09  3.13158E+10  2.09603E+09  3.34543E+09  4.38678E+09  1.96210E+10
 0.390  84.250   5.202  2.97809E+11  1.46543E+10  5.35197E+09  7.08206E+09  2.77803E+11  2.58867E+09  4.30811E+09  5.66742E+09  2.98977E+10  3.01083E+09  4.51650E+09  5.94917E+09  3.62495E+10  1.71409E+09  3.46803E+09  4.53806E+09  1.55735E+10
 0.400  86.250  11.031  2.98193E+11  1.41236E+10  5.72855E+09  7.62201E+09  2.78341E+11  1.38406E+09  4.44319E+09  5.87239E+09  2.72785E+10  1.87557E+09  4.67065E+09  6.18064E+09  3.30415E+10  2.22437E+09  4.81281E+09  6.37395E+09  3.73403E+10
 0.410  87.750   7.905  2.93876E+11  1.35625E+10  5.90034E+09  7.89542E+09  2.74414E+11  2.27216E+09  4.80022E+09  6.38988E+09  2.97478E+10  2.57877E+09  4.96107E+09  6.60883E+09  3.46450E+10  1.98173E+09  4.63680E+09  6.16805E+09  2.61859E+10
 0.420  89.500   8.887  2.92782E+11  1.31535E+10  6.03604E+09  8.13103E+09  2.73592E+11  1.91450E+09  4.90804E+09  6.58689E+09  2.98154E+10  2.28224E+09  5.05411E+09  6.78452E+09  3.40540E+10  1.89228E+09  4.89771E+09  6.57290E+09  2.95505E+10
 0.430  91.500   7.438  2.92606E+11  1.26176E+10  6.29978E+09  8.49860E+09  2.73688E+11  2.07659E+09  5.24921E+09  7.04999E+09  3.13621E+10  2.27489E+09  5.37323E+09  7.21866E+09  3.48549E+10  1.65117E+09  4.92274E+09  6.60516E+09  2.43038E+10
 0.440  93.750  10.101  2.95144E+11  1.21046E+10  6.44874E+09  8.74720E+09  2.76590E+11  1.88250E+09  5.40654E+09  7.30447E+09  3.24465E+10  2.02235E+09  5.49537E+09  7.42680E+09  3.50536E+10  2.04965E+09  5.50846E+09  7.44486E+09  3.54779E+10
 0.450  96.250   9.939  3.01496E+11  1.16778E+10  6.77707E+09  9.19974E+09  2.83041E+11  1.21210E+09  5.79172E+09  7.83047E+09  3.41550E+10  1.26538E+09  5.84388E+09  7.90260E+09  3.57578E+10  1.25630E+09  5.83578E+09  7.89143E+09  3.54977E+10
 0.460  98.250   9.311  3.02468E+11  1.09172E+10  6.92744E+09  9.44641E+09  2.84624E+11  9.80937E+08  5.93511E+09  8.06305E+09  3.34308E+10  1.00119E+09  5.95586E+09  8.09186E+09  3.41278E+10  9.19847E+08  5.86382E+09  7.96429E+09  3.13384E+10
 0.470 100.250  11.771  3.02321E+11  1.04719E+10  6.97565E+09  9.56745E+09  2.84874E+11  1.04794E+09  6.02961E+09  8.24425E+09  3.51018E+10  1.04249E+09  6.02674E+09  8.24026E+09  3.49995E+10  1.38494E+09  6.21431E+09  8.50202E+09  4.21999E+10
 0.480 102.750  13.665  3.08509E+11  1.03404E+10  7.09754E+09  9.75703E+09  2.91071E+11  1.25811E+09  6.22240E+09  8.52935E+09  3.73280E+10  1.22030E+09  6.18866E+09  8.48220E+09  3.61653E+10  1.91502E+09  6.50337E+09  8.92327E+09  5.17750E+10
 0.490 105.250  13.559  3.12841E+11  1.03232E+10  7.09845E+09  9.81414E+09  2.95420E+11  1.21097E+09  6.19569E+09  8.54596E+09  3.78450E+10  1.05929E+09  6.12949E+09  8.45321E+09  3.56085E+10  2.06544E+09  6.45581E+09  8.91087E+09  5.09913E+10
 0.500 107.500  14.636  3.16863E+11  1.03297E+10  7.09924E+09  9.85775E+09  2.99434E+11  1.43088E+09  6.24423E+09  8.65396E+09  3.85575E+10  1.14030E+09  6.15688E+09  8.53190E+09  3.54201E+10  2.78868E+09  6.53007E+09  9.05595E+09  5.50602E+10
