  38
 0.130  9.50000E+00  1.06254E+10  6.93498E+01
 0.140  1.07500E+01  1.27730E+10  7.14785E+01
 0.150  1.22500E+01  1.48129E+10  7.21085E+01
 0.160  1.47500E+01  2.13906E+10  7.89678E+01
 0.170  1.60000E+01  2.32620E+10  7.90674E+01
 0.180  1.80000E+01  2.80221E+10  8.18179E+01
 0.190  2.10000E+01  3.72094E+10  8.72872E+01
 0.200  2.52500E+01  5.62289E+10  9.78550E+01
 0.210  2.90000E+01  7.39124E+10  1.04687E+02
 0.220  3.20000E+01  8.62675E+10  1.07667E+02
 0.230  3.45000E+01  9.49704E+10  1.08797E+02
 0.240  3.65000E+01  9.75061E+10  1.07178E+02
 0.250  3.80000E+01  9.90228E+10  1.05855E+02
 0.260  3.95000E+01  9.95549E+10  1.04104E+02
 0.270  4.22500E+01  1.09098E+11  1.05373E+02
 0.280  4.60000E+01  1.26603E+11  1.08787E+02
 0.290  5.22500E+01  1.66577E+11  1.17084E+02
 0.300  5.55000E+01  1.79982E+11  1.18087E+02
 0.310  5.85000E+01  1.92979E+11  1.19100E+02
 0.320  6.17500E+01  2.07304E+11  1.20149E+02
 0.330  6.80000E+01  2.49039E+11  1.25491E+02
 0.340  7.22500E+01  2.72529E+11  1.27357E+02
 0.350  7.47500E+01  2.80212E+11  1.26961E+02
 0.360  7.77500E+01  2.88969E+11  1.26418E+02
 0.370  8.00000E+01  2.94744E+11  1.25867E+02
 0.380  8.25000E+01  2.98934E+11  1.24823E+02
 0.390  8.42500E+01  2.97809E+11  1.23287E+02
 0.400  8.62500E+01  2.98193E+11  1.21928E+02
 0.410  8.77500E+01  2.93876E+11  1.20003E+02
 0.420  8.95000E+01  2.92782E+11  1.18603E+02
 0.430  9.15000E+01  2.92606E+11  1.17264E+02
 0.440  9.37500E+01  2.95144E+11  1.16350E+02
 0.450  9.62500E+01  3.01496E+11  1.16058E+02
 0.460  9.82500E+01  3.02468E+11  1.15056E+02
 0.470  1.00250E+02  3.02321E+11  1.13874E+02
 0.480  1.02750E+02  3.08509E+11  1.13626E+02
 0.490  1.05250E+02  3.12841E+11  1.13054E+02
 0.500  1.07500E+02  3.16863E+11  1.12581E+02
