  38
 0.130        18008  0.34539E-01 -0.20590E-01 -0.15830E-01  0.26266E+02 -0.21619E+02  0.29627E+01 -0.57218E+00 -0.56622E+00  0.59330E+00   1.182   0.856
 0.140          523  0.17649E-01  0.18961E-01  0.88245E-02 -0.39727E+01 -0.54094E+01  0.12850E+02 -0.87546E+00 -0.54608E-01  0.48019E+00   1.357   0.857
 0.150        16630  0.18394E-01  0.14434E-01  0.18394E-01 -0.29248E+02  0.41052E+02 -0.37384E+02  0.22018E+00 -0.73186E+00 -0.64491E+00   1.678   1.062
 0.160        29858  0.59975E-02 -0.18810E-01 -0.36667E-01 -0.20732E+02 -0.36046E+02  0.43708E+02 -0.14577E-05 -0.40875E+00 -0.91264E+00   2.031   1.235
 0.170        30466 -0.63736E-02 -0.81119E-02 -0.12602E-01 -0.78934E+01  0.34652E+02 -0.39547E+02  0.92464E+00 -0.37000E+00 -0.90213E-01   2.073   1.821
 0.180        18290 -0.11036E-01 -0.12568E-01  0.10729E-01 -0.24153E+02  0.25903E+02 -0.17248E+02  0.94706E+00 -0.30375E+00 -0.10395E+00   2.249   1.494
 0.190        29525 -0.10683E-01  0.13596E-01  0.97116E-03  0.12893E+02  0.33201E+02 -0.26052E+02  0.71905E+00 -0.69495E+00 -0.21360E-02   2.910   1.449
 0.200        29604 -0.95418E-02 -0.12950E-01  0.13972E-01  0.79397E+01 -0.57293E+02  0.47454E+01  0.78971E+00 -0.26160E+00 -0.55490E+00   3.372   1.747
 0.210        53367 -0.20030E-01  0.10730E-02  0.59018E-02 -0.15997E+02 -0.28025E+02  0.26196E+02  0.23905E-01 -0.28532E+00  0.95814E+00   3.906   2.671
 0.220        30798 -0.10494E-01  0.37478E-03  0.46847E-02  0.25359E+02  0.62241E+01 -0.25829E+02 -0.42067E+00  0.15853E+00  0.89326E+00   4.330   3.014
 0.230        22263  0.18413E-01  0.39177E-03  0.78354E-03 -0.35365E+02  0.42469E+02  0.30372E+02  0.96394E-01  0.30247E+00  0.94827E+00   4.670   2.326
 0.240        29611 -0.17176E-01  0.20448E-01  0.61344E-03 -0.21928E+02 -0.95180E+01 -0.30467E+02 -0.34792E-01  0.90773E+00  0.41812E+00   4.484   3.068
 0.250         3280  0.80904E-02  0.17033E-02  0.85163E-02 -0.11329E+00  0.12703E+02  0.90678E+02 -0.93826E-01  0.53633E+00  0.83878E+00   5.060   3.598
 0.260        28587 -0.14173E-01 -0.33218E-01  0.31004E-02  0.24656E+02 -0.61365E+02  0.15498E+02  0.25492E+00  0.31156E+00  0.91540E+00   5.084   2.917
 0.270        29144 -0.96591E-02 -0.11499E-01 -0.68994E-03  0.22195E+02 -0.15806E+02 -0.96343E+01  0.14112E+00  0.33527E+00  0.93149E+00   5.720   3.291
 0.280       285868 -0.11445E-01  0.19076E-01  0.78687E-02 -0.45358E+02  0.20725E+02 -0.40607E+02  0.25177E+00 -0.17120E+00  0.95252E+00   6.030   3.027
 0.290       279393 -0.98788E-03  0.88909E-02 -0.11114E-01  0.54357E+02  0.36991E+02  0.14014E+02  0.33976E+00  0.18779E-01  0.94032E+00   7.204   4.126
 0.300       805335 -0.21972E-01 -0.61317E-02  0.38323E-02 -0.17967E+02  0.18528E+02 -0.18139E+02 -0.49476E+00  0.17701E+00  0.85081E+00   6.192   3.794
 0.310       287677  0.21123E-02 -0.84492E-02  0.47527E-02  0.89198E+01  0.35154E+02  0.17651E+01 -0.92361E+00  0.27148E+00  0.27064E+00   7.581   3.393
 0.320       255290 -0.16349E-02  0.00000E+00  0.11717E-01 -0.28764E+02 -0.62526E+02 -0.58838E+02 -0.86558E+00  0.42074E+00  0.27158E+00   6.961   3.370
 0.330       904335 -0.19676E-01 -0.29795E-01 -0.33731E-02  0.53841E+01 -0.88358E+00  0.26349E+02 -0.96788E+00  0.14876E+00  0.20267E+00   7.881   4.614
 0.340      1385822  0.11583E-02 -0.52125E-02  0.13321E-01  0.29599E+02  0.56250E+01  0.38177E+02 -0.97477E+00  0.19770E+00  0.10365E+00   8.270   3.601
 0.350       320208 -0.65576E-02  0.23846E-02 -0.14307E-01 -0.27289E+02  0.41215E+02 -0.67689E+01 -0.60632E+00 -0.79077E+00 -0.84034E-01   5.261   3.702
 0.360      1770527 -0.85848E-02 -0.10424E-01 -0.12264E-02 -0.15000E+02  0.88001E+01  0.19692E+01 -0.87663E+00 -0.32060E+00 -0.35879E+00   4.575   2.969
 0.370      2067869 -0.10084E-01  0.75627E-02 -0.12604E-02 -0.99221E+00 -0.13192E+01 -0.32086E+02 -0.74694E+00 -0.62295E+00 -0.23241E+00   7.029   4.160
 0.380      2222292  0.64738E-03  0.12948E-02  0.12948E-02 -0.21887E+02 -0.66158E+02  0.13188E+02  0.51206E-01 -0.75576E+00  0.65284E+00   6.962   4.524
 0.390      2283595 -0.86353E-02 -0.19928E-02  0.26570E-02 -0.14094E+02  0.41575E+02 -0.26673E+02 -0.61425E-01 -0.83988E+00  0.53928E+00   5.202   2.778
 0.400      2307703 -0.34066E-02  0.12945E-01  0.13626E-02 -0.99128E+01 -0.38015E+02 -0.78194E+02  0.43566E+00 -0.60829E+00  0.66347E+00  11.031   4.959
 0.410      2330638  0.41895E-02  0.69825E-02 -0.34912E-02 -0.69922E+02 -0.44677E+02 -0.17601E+02  0.46658E+00 -0.33037E+00  0.82046E+00   7.905   2.117
 0.420      2258706  0.28621E-02  0.71552E-03 -0.71552E-03 -0.71546E+02 -0.63680E+01  0.10337E+03  0.30941E+00 -0.22224E+00  0.92460E+00   8.887   3.818
 0.430      2424204  0.43943E-02 -0.21972E-02 -0.21972E-02 -0.71893E+02 -0.10196E+03  0.47465E+02  0.20942E+00 -0.19972E+00  0.95721E+00   7.438   3.272
 0.440      2073144 -0.14989E-02  0.44968E-02 -0.29978E-02  0.10036E+03  0.11937E+03 -0.93438E+02  0.42439E+00 -0.30236E+00  0.85351E+00  10.101   2.852
 0.450      2402888  0.30657E-02 -0.22993E-02 -0.30657E-02  0.73384E+02  0.10109E+03 -0.38625E+02  0.55136E+00 -0.10386E+00  0.82778E+00   9.939   3.436
 0.460      2549926 -0.78343E-03 -0.78343E-03  0.39172E-02 -0.80748E+02 -0.13922E+01  0.75151E+02  0.57367E+00 -0.10939E+00  0.81175E+00   9.311   4.550
 0.470      2480422  0.80060E-03  0.00000E+00 -0.24018E-02  0.56104E+02  0.26362E+02  0.18949E+02  0.58046E+00 -0.99292E-01  0.80821E+00  11.771   4.931
 0.480      3112023  0.16352E-02  0.16352E-02  0.00000E+00  0.25646E+02  0.45405E+02 -0.50789E+02  0.69281E+00 -0.27366E+00  0.66718E+00  13.665   4.157
 0.490      2584863  0.83460E-03 -0.33384E-02  0.00000E+00  0.20288E+02 -0.83197E+02 -0.70985E+02  0.77624E+00 -0.39359E+00  0.49248E+00  13.559   4.093
 0.500      3123674  0.34072E-02  0.17036E-02  0.85180E-03  0.76093E+02  0.39417E+02 -0.45321E+02  0.73533E+00 -0.44406E+00  0.51195E+00  14.636   3.231
