  38
 0.130  6.84505E-02  1.02434E-01  1.17071E-01  5.68306E+01  3.39281E+01  6.50933E+00   1.182  7.61193E+07  7.75849E+07  2.19210E+07  0.00000E+00  7.63043E+08  7.56545E-02  2.11460E+02   7.200   7.069
 0.140  2.15424E-01  8.34445E-03  1.70243E-01  4.32903E+01 -4.02760E+00 -1.85918E-02   1.357  1.22418E+08  1.27403E+08  3.40816E+07  7.01398E+06  9.68977E+08  1.08024E-01  2.37453E+02   7.193   7.143
 0.150 -2.86915E-01 -5.23146E-02 -2.99389E-01  4.35474E+01  2.20088E+01  4.57763E+00   1.678  3.24811E+07  4.79843E+07  6.28356E+07  1.67317E+07  1.47255E+09  6.76967E-02  2.36158E+02   7.362   7.259
 0.160  4.59602E-03  4.88080E-01 -7.77246E-02  8.20909E+01  2.48694E+01  1.00117E+01   2.031  7.77036E+07  7.48009E+07  6.58275E+07  1.98109E+07  1.59260E+09  7.26595E-03  3.41285E+02   6.986   7.253
 0.170  8.27314E-01  2.85185E-01 -2.29816E-01  8.80814E+01  5.29634E+01  3.91879E+00   2.073  8.61284E+07  8.27912E+07  7.53098E+07  2.77403E+07  1.80011E+09  1.99585E-02  4.31446E+02   6.941   7.239
 0.180  3.20340E-01  3.40684E-01  1.34539E-01  4.40988E+01  2.94080E+01  4.91366E+01   2.249  6.62529E+07  6.30797E+07  7.92562E+07  3.05794E+07  1.86828E+09  1.08905E-02  5.20064E+02   7.057   7.243
 0.190  1.52251E-01  3.03522E-01 -1.53519E+00  3.49229E+01  1.50507E+01  4.14154E+01   2.910  2.72222E+08  2.57057E+08  1.09789E+08  4.88998E+07  3.08967E+09  2.16334E-01  5.47710E+02   7.233   7.213
 0.200 -5.14548E-01  5.79800E-01 -8.97134E-01  3.26261E+01  4.15284E+01  4.31137E+01   3.372  2.45187E+08  2.43860E+08  1.52390E+08  6.30781E+07  4.21736E+09  2.21254E-01  5.37804E+02   7.307   7.236
 0.210 -9.30663E-01 -3.00362E-01 -4.35942E-01 -3.24643E+01 -5.04628E+01  6.47218E+00   3.906  6.59620E+08  6.71546E+08  2.72188E+08  8.88555E+07  6.26197E+09  1.42958E+00  4.24123E+02   7.666   7.358
 0.220 -4.51013E-01 -1.44062E+00 -7.30274E-01  3.48388E+01  6.08753E+01  4.46389E+01   4.330  3.69308E+08  3.22483E+08  1.97112E+08  7.38020E+07  5.73621E+09  8.56180E-02  5.95894E+02   7.460   7.371
 0.230 -4.31713E-01 -3.45156E-01  4.58753E-01  2.83152E+01 -9.55225E+00 -1.50724E+01   4.670  1.14267E+09  1.05745E+09  3.69461E+08  1.40583E+08  8.31574E+09  9.27135E-01  5.45328E+02   7.573   7.401
 0.240 -4.54331E-01 -2.07973E-01 -7.52072E-01 -2.80959E+01  6.10943E+00  9.66202E+00   4.484  7.52741E+08  7.21795E+08  4.55375E+08  1.68274E+08  7.62694E+09  7.47774E-01  5.49752E+02   7.699   7.469
 0.250  6.57731E-01 -6.93214E-01 -7.32720E-02  1.62661E+01  2.59799E+01  2.12889E+01   5.060  8.50945E+08  7.74384E+08  5.42875E+08  2.42953E+08  9.20790E+09  5.49848E-01  6.12433E+02   7.709   7.509
 0.260  5.09367E-02  2.13935E-01 -1.77411E-01  1.99762E+01  2.10727E+01 -2.82447E+00   5.084  1.05723E+09  9.65394E+08  6.27305E+08  2.68475E+08  9.47045E+09  5.79521E-01  6.65595E+02   7.723   7.542
 0.270  7.00834E-01 -1.08102E-01 -2.94438E-01 -1.12354E+01  3.78504E+01 -6.77510E+00   5.720  8.82767E+08  7.51632E+08  7.58264E+08  3.13381E+08  1.12918E+10  6.30246E-01  7.18663E+02   7.800   7.566
 0.280 -3.26327E-01  4.28517E-01  4.71304E-01 -3.67439E+01 -3.89176E+01 -8.49207E+00   6.030  1.64240E+09  1.53009E+09  9.11369E+08  3.76093E+08  1.31253E+10  1.20708E+00  7.53127E+02   7.739   7.589
 0.290 -4.17511E-01  1.62630E-01  5.17518E-01 -1.85761E+01  1.90368E+01  2.13348E+01   7.204  1.74469E+09  1.55964E+09  1.21923E+09  5.08718E+08  1.87140E+10  1.32119E+00  7.73623E+02   7.858   7.632
 0.300  1.80753E-01 -1.77329E-02 -1.74371E-01 -1.39997E+01 -1.56477E+01  3.80784E+01   6.192  2.63395E+09  2.56360E+09  1.70423E+09  7.91389E+08  2.37826E+10  3.27916E+00  8.54017E+02   7.869   7.645
 0.310  1.99656E-01 -9.52437E-01  7.79908E-01  2.27822E+01  5.63252E+01 -8.75959E+00   7.581  1.98036E+09  1.91582E+09  1.69583E+09  4.76637E+08  1.85423E+10  2.47202E+00  7.19244E+02   7.988   7.785
 0.320  7.30601E-02 -2.50879E-01  7.28915E-01  4.96432E+01  9.03785E+01 -1.60272E+01   6.961  1.41021E+09  1.25409E+09  1.69556E+09  4.99024E+08  1.40209E+10  6.73201E-01  8.53711E+02   7.848   7.789
 0.330  8.89973E-01  1.11339E+00  1.23282E+00  2.27331E+01  6.43938E+01  4.18943E+00   7.881  1.66433E+09  1.42110E+09  2.16977E+09  8.20257E+08  2.20689E+10  5.70956E-01  1.03274E+03   7.812   7.765
 0.340  2.05393E-01  1.07840E-01  3.16790E-01  1.95608E+01  2.19539E+01  8.63424E+00   8.270  1.97421E+09  1.70418E+09  2.07765E+09  8.01253E+08  2.32717E+10  7.13133E-01  1.15064E+03   7.830   7.766
 0.350 -2.24489E-01  6.28074E-02 -4.86828E-02  1.90471E+01  4.44349E+01 -1.23423E+01   5.261  2.05533E+09  1.98818E+09  1.80484E+09  6.16790E+08  1.50366E+10  1.76969E+00  1.20989E+03   7.861   7.791
 0.360  9.24860E-01  2.15604E-01 -1.02677E-01 -7.24335E+01 -1.89941E+01  5.43699E+01   4.575  1.88699E+09  2.03538E+09  2.01195E+09  5.20312E+08  1.15063E+10  3.80545E+00  1.10452E+03   8.050   7.852
 0.370 -3.67978E-01 -2.27114E-01  2.55997E-01 -4.67956E+01 -2.20046E+01  4.51458E+01   7.029  2.00188E+09  2.16342E+09  3.12180E+09  8.17215E+08  1.91176E+10  3.41940E+00  1.05196E+03   8.112   7.923
 0.380 -7.11358E-01  3.28666E-02  1.07211E+00 -2.46875E+01 -2.71157E+01  3.84919E-01   6.962  2.09603E+09  2.00292E+09  3.34543E+09  8.54625E+08  1.96210E+10  1.55536E+00  1.14177E+03   8.055   7.939
 0.390  6.51972E-02 -5.39031E-02  1.07590E-01 -1.03067E+01  6.29324E-01 -6.12711E+00   5.202  1.71409E+09  1.87414E+09  3.46803E+09  7.80118E+08  1.55735E+10  3.68564E+00  1.14425E+03   8.176   7.982
 0.400  6.19224E-01  2.84196E-03  8.71682E-02 -1.77970E+01  1.26385E+00  6.39182E+00  11.031  2.22437E+09  2.00776E+09  4.81281E+09  1.34893E+09  3.73403E+10  7.60288E-01  1.27532E+03   8.169   7.989
 0.410 -1.70434E+00 -3.47674E-01  8.57695E-01 -3.65945E+01 -4.48511E+01  5.04319E+00   7.905  1.98173E+09  1.95981E+09  4.63680E+09  1.10876E+09  2.61859E+10  2.33052E+00  1.34936E+03   8.172   8.021
 0.420 -1.56631E+00 -7.00530E-01  5.33418E-01 -2.87532E+00 -4.97356E+01 -1.58635E+01   8.887  1.89228E+09  1.74695E+09  4.89771E+09  1.21623E+09  2.95505E+10  1.04442E+00  1.47960E+03   8.114   8.023
 0.430 -6.18837E-01 -5.59666E-01  4.06286E-01  6.39024E+00 -3.44497E+01 -9.28893E+00   7.438  1.65117E+09  1.67677E+09  4.92274E+09  1.08664E+09  2.43038E+10  3.06760E+00  1.52817E+03   8.180   8.052
 0.440 -7.56063E-01 -1.19526E+00  1.94974E-01  5.59781E+00 -3.90466E+01 -8.33483E+00  10.101  2.04965E+09  1.97057E+09  5.50846E+09  1.35593E+09  3.54779E+10  1.43704E+00  1.67119E+03   8.157   8.058
 0.450 -1.90132E-01 -2.66125E-01 -1.95364E-01 -8.05293E+00  3.69927E+00 -8.53020E-01   9.939  1.25630E+09  1.24299E+09  5.83578E+09  1.35971E+09  3.54977E+10  1.51888E+00  1.73273E+03   8.279   8.094
 0.460  3.65483E-01  1.28993E+00  2.70586E-01 -1.84132E+01 -1.74930E+01  1.39397E+01   9.311  9.19847E+08  9.04959E+08  5.86382E+09  1.27315E+09  3.13384E+10  1.49829E+00  1.82725E+03   8.270   8.125
 0.470 -8.03734E-01 -3.47877E-01  1.41708E+00 -2.57747E+00  5.27487E-02  3.70775E-01  11.771  1.38494E+09  1.22697E+09  6.21431E+09  1.47229E+09  4.21999E+10  6.65395E-01  1.99909E+03   8.163   8.125
 0.480  4.33944E-01  8.10787E-01 -4.59000E-01  2.13703E+00  8.70745E+00  9.10960E+00  13.665  1.91502E+09  1.72565E+09  6.50337E+09  1.60268E+09  5.17750E+10  1.99015E+00  2.13357E+03   8.122   8.125
 0.490 -1.25329E-01  5.98890E-01  2.65676E-01  3.26855E+00 -4.99250E+00  7.17606E+00  13.559  2.06544E+09  1.83134E+09  6.45581E+09  1.56020E+09  5.09913E+10  2.84507E-01  2.28873E+03   8.062   8.129
 0.500 -1.24863E+00  3.49827E-01  2.32429E+00 -2.68043E+01 -3.37331E+01 -7.52536E+00  14.636  2.78868E+09  2.56441E+09  6.53007E+09  1.61372E+09  5.50602E+10  2.09433E-01  2.45515E+03   8.004   8.126
