  43
 0.140  10.000   1.213  1.01817E+10  7.07650E+08  4.86498E+07  5.90147E+07  9.42539E+09  3.52286E+07  1.37782E+07  1.67047E+07  4.00061E+08  7.07650E+08  4.86498E+07  5.90147E+07  9.42539E+09  4.81789E+07  1.61691E+07  1.96135E+07  5.31337E+08
 0.150  12.000   1.659  1.43303E+10  1.12234E+09  7.33916E+07  8.76614E+07  1.31345E+10  3.07626E+07  2.55896E+07  3.12949E+07  8.72453E+08  9.49336E+08  7.30151E+07  8.71920E+07  1.16335E+10  7.13486E+07  3.35755E+07  4.09066E+07  1.43364E+09
 0.160  13.750   1.566  1.77426E+10  1.46404E+09  9.96998E+07  1.20663E+08  1.61789E+10  1.12428E+08  3.19542E+07  3.83801E+07  7.19229E+08  1.07094E+09  9.60274E+07  1.16149E+08  1.30154E+10  1.31150E+08  3.56956E+07  4.29306E+07  8.91159E+08
 0.170  15.500   1.950  2.09227E+10  1.69840E+09  1.62014E+08  1.93852E+08  1.90623E+10  9.02175E+07  7.69614E+07  9.11215E+07  1.00822E+09  1.19668E+09  1.60000E+08  1.91336E+08  1.29833E+10  1.78927E+08  9.45903E+07  1.12035E+08  1.46398E+09
 0.180  17.000   2.174  2.32838E+10  1.76746E+09  1.75232E+08  2.16177E+08  2.13411E+10  6.18038E+07  7.62687E+07  9.44796E+07  1.11538E+09  9.12473E+08  1.67997E+08  2.07260E+08  1.23307E+10  9.54038E+07  9.22732E+07  1.14325E+08  1.64240E+09
 0.190  19.250   2.393  2.89690E+10  2.54549E+09  1.84177E+08  2.30563E+08  2.62394E+10  1.05703E+08  8.70882E+07  1.09405E+08  1.40919E+09  1.19451E+09  1.69156E+08  2.11853E+08  1.21176E+10  1.57170E+08  1.01545E+08  1.27510E+08  1.92897E+09
 0.200  24.250   2.775  5.02293E+10  5.23849E+09  3.18742E+08  3.96240E+08  4.46721E+10  3.26219E+08  1.39347E+08  1.72787E+08  2.10016E+09  1.58367E+09  2.03835E+08  2.54156E+08  1.29496E+10  3.79524E+08  1.51073E+08  1.87628E+08  2.53946E+09
 0.210  27.250   3.777  6.13558E+10  6.76261E+09  4.11238E+08  5.10642E+08  5.41820E+10  1.82815E+08  2.15075E+08  2.67728E+08  3.20772E+09  2.46625E+09  3.84276E+08  4.77209E+08  2.01149E+10  5.10104E+08  2.62445E+08  3.26933E+08  5.53634E+09
 0.220  29.250   3.613  6.66285E+10  7.35081E+09  4.66791E+08  5.87407E+08  5.88109E+10  2.51937E+08  1.93732E+08  2.45116E+08  2.54170E+09  2.33186E+09  3.40987E+08  4.31034E+08  1.99452E+10  3.41475E+08  2.14534E+08  2.71503E+08  3.62491E+09
 0.230  32.250   3.944  7.80678E+10  8.67799E+09  5.54499E+08  6.96736E+08  6.88353E+10  3.97157E+08  2.80280E+08  3.55376E+08  3.82095E+09  3.15843E+09  4.69341E+08  5.89963E+08  1.65631E+10  5.58499E+08  3.25016E+08  4.12140E+08  5.16297E+09
 0.240  35.750   4.901  9.38421E+10  1.10173E+10  6.20832E+08  7.89239E+08  8.22039E+10  3.37847E+08  2.94141E+08  3.75682E+08  4.06538E+09  2.87782E+09  5.44868E+08  6.94002E+08  1.75680E+10  6.67448E+08  3.60598E+08  4.59976E+08  6.65206E+09
 0.250  42.250   5.691  1.32911E+11  1.62333E+10  7.55912E+08  9.65097E+08  1.15922E+11  7.94718E+08  3.87138E+08  4.98031E+08  6.15464E+09  4.42068E+09  5.84900E+08  7.46365E+08  2.14744E+10  1.59419E+09  4.55732E+08  5.85089E+08  9.51468E+09
 0.260  47.250   6.084  1.66312E+11  2.07392E+10  1.14388E+09  1.42973E+09  1.44428E+11  1.10589E+09  5.88256E+08  7.40162E+08  8.61179E+09  6.06236E+09  9.19904E+08  1.14476E+09  2.58897E+10  1.95742E+09  7.15026E+08  8.94416E+08  1.27514E+10
 0.270  53.000   5.524  2.14532E+11  2.64074E+10  1.67907E+09  2.09473E+09  1.86445E+11  1.77533E+09  9.50841E+08  1.18263E+09  1.01344E+10  3.91386E+09  1.24226E+09  1.54491E+09  2.38448E+10  1.89323E+09  9.77054E+08  1.21486E+09  1.07238E+10
 0.280  58.000   6.760  2.56917E+11  3.10171E+10  1.99117E+09  2.51333E+09  2.23908E+11  1.41744E+09  1.16447E+09  1.46571E+09  1.10601E+10  2.90370E+09  1.44364E+09  1.81958E+09  2.32051E+10  1.69141E+09  1.26163E+09  1.58932E+09  1.37790E+10
 0.290  61.750   6.637  2.79090E+11  3.34262E+10  2.21954E+09  2.82920E+09  2.43445E+11  2.31534E+09  1.39574E+09  1.77324E+09  1.34642E+10  4.83060E+09  1.64831E+09  2.09725E+09  2.64370E+10  2.61060E+09  1.44203E+09  1.83214E+09  1.48369E+10
 0.300  65.000   8.442  2.94118E+11  3.55763E+10  2.66989E+09  3.39135E+09  2.55872E+11  2.45927E+09  1.61515E+09  2.07357E+09  1.62464E+10  6.59658E+09  2.02264E+09  2.57222E+09  2.84789E+10  4.73674E+09  1.84217E+09  2.35737E+09  2.30206E+10
 0.310  67.250   8.601  2.97373E+11  3.80974E+10  3.25636E+09  4.13686E+09  2.56019E+11  2.51238E+09  2.05763E+09  2.61456E+09  1.62036E+10  5.32042E+09  2.36403E+09  3.00230E+09  2.69080E+10  3.99282E+09  2.24981E+09  2.85893E+09  2.21142E+10
 0.320  69.500   8.013  3.02445E+11  4.09528E+10  3.62435E+09  4.65078E+09  2.57868E+11  3.86048E+09  2.35723E+09  3.01574E+09  1.68243E+10  6.08807E+09  2.71158E+09  3.46954E+09  2.74514E+10  4.46717E+09  2.49573E+09  3.19332E+09  2.02650E+10
 0.330  71.750   9.473  3.03225E+11  4.25134E+10  4.47793E+09  5.72132E+09  2.56234E+11  2.93207E+09  2.98122E+09  3.79660E+09  1.78946E+10  5.90081E+09  3.46077E+09  4.40018E+09  2.74092E+10  5.26964E+09  3.38704E+09  4.30774E+09  2.55782E+10
 0.340  74.000   9.957  3.06759E+11  4.37062E+10  5.26326E+09  6.73578E+09  2.57790E+11  3.38324E+09  3.31368E+09  4.27789E+09  1.91153E+10  7.56949E+09  3.98262E+09  5.09469E+09  2.87655E+10  7.49240E+09  3.97073E+09  5.08020E+09  2.85946E+10
 0.350  77.250   9.421  3.21951E+11  4.62927E+10  6.18574E+09  7.94992E+09  2.69472E+11  3.27320E+09  3.78076E+09  4.89931E+09  2.09234E+10  6.27633E+09  4.30879E+09  5.56636E+09  2.97176E+10  5.57420E+09  4.17439E+09  5.39613E+09  2.74242E+10
 0.360  81.250  10.910  3.44620E+11  4.94527E+10  6.86370E+09  8.87899E+09  2.88303E+11  4.25180E+09  4.23346E+09  5.51340E+09  2.22265E+10  5.80612E+09  4.77226E+09  6.19826E+09  2.94845E+10  6.94852E+09  5.01064E+09  6.49879E+09  3.31793E+10
 0.370  89.500  11.197  4.15362E+11  5.71965E+10  8.81491E+09  1.14011E+10  3.49351E+11  6.93689E+09  5.39752E+09  7.00669E+09  2.64735E+10  8.64485E+09  5.94112E+09  7.69217E+09  3.09168E+10  1.07976E+10  6.45159E+09  8.33858E+09  3.61506E+10
 0.380  94.250  12.195  4.48697E+11  6.00586E+10  1.05139E+10  1.35648E+10  3.78124E+11  7.77467E+09  6.26899E+09  8.14173E+09  2.95378E+10  8.69471E+09  6.56043E+09  8.50618E+09  3.20405E+10  1.34191E+10  7.51071E+09  9.68337E+09  4.18466E+10
 0.390 100.000  12.708  4.88633E+11  6.31216E+10  1.16676E+10  1.51786E+10  4.13844E+11  7.41554E+09  7.23276E+09  9.45791E+09  3.44255E+10  7.41554E+09  7.23276E+09  9.45791E+09  3.44255E+10  1.16971E+10  8.44355E+09  1.10129E+10  4.83151E+10
 0.400 106.750  12.404  5.47743E+11  6.65110E+10  1.36441E+10  1.77621E+10  4.67588E+11  1.04857E+10  9.35195E+09  1.21661E+10  3.88874E+10  8.72041E+09  8.81477E+09  1.14927E+10  3.55454E+10  1.43593E+10  1.03593E+10  1.34373E+10  4.77502E+10
 0.410 113.750  15.385  6.12490E+11  7.20825E+10  1.47640E+10  1.93907E+10  5.25644E+11  6.36413E+09  8.92149E+09  1.17796E+10  3.75995E+10  4.52398E+09  7.99851E+09  1.05924E+10  3.11664E+10  1.47023E+10  1.11206E+10  1.45802E+10  5.80246E+10
 0.420 122.750  14.927  7.07879E+11  8.44916E+10  1.76022E+10  2.32779E+10  6.05785E+11  1.09311E+10  1.10741E+10  1.46230E+10  4.39901E+10  7.48561E+09  9.55918E+09  1.26553E+10  3.29316E+10  1.54947E+10  1.22831E+10  1.61888E+10  5.70758E+10
 0.430 129.250  15.400  7.66173E+11  8.95352E+10  1.95670E+10  2.58633E+10  6.57070E+11  1.36885E+10  1.29311E+10  1.70432E+10  5.00381E+10  7.65781E+09  1.05713E+10  1.40013E+10  3.50698E+10  1.70988E+10  1.42324E+10  1.87430E+10  6.29344E+10
 0.440 134.500  13.578  8.10183E+11  8.92115E+10  2.38776E+10  3.11410E+10  6.97094E+11  1.20445E+10  1.38609E+10  1.83774E+10  5.59511E+10  7.31949E+09  1.12372E+10  1.49426E+10  3.65508E+10  1.22134E+10  1.39462E+10  1.84894E+10  5.67006E+10
 0.450 138.750  16.428  8.31754E+11  8.68344E+10  2.84008E+10  3.69603E+10  7.16519E+11  1.98170E+10  2.23390E+10  2.89361E+10  7.15089E+10  1.49035E+10  1.87918E+10  2.42107E+10  4.25010E+10  2.43605E+10  2.40232E+10  3.11322E+10  9.20586E+10
 0.460 144.250  17.388  8.75146E+11  8.16435E+10  3.63608E+10  4.70531E+10  7.57142E+11  8.50748E+09  1.37199E+10  1.72583E+10  3.32136E+10  4.63965E+09  1.20684E+10  1.51425E+10  1.62368E+10  1.14937E+10  1.54501E+10  1.94445E+10  4.91908E+10
 0.470 147.500  17.606  8.81400E+11  7.82823E+10  3.73798E+10  4.92059E+10  7.65738E+11  8.00342E+09  2.91935E+10  3.82599E+10  5.90926E+10  5.28369E+09  2.49956E+10  3.26864E+10  3.57603E+10  1.01225E+10  3.06177E+10  4.01527E+10  7.42918E+10
 0.480 151.000  13.227  8.91515E+11  7.49070E+10  3.95964E+10  5.25113E+10  7.77012E+11  8.99910E+09  3.19325E+10  4.21446E+10  6.77087E+10  5.28908E+09  2.69870E+10  3.54895E+10  3.82989E+10  7.50001E+09  3.03290E+10  3.99833E+10  5.65452E+10
 0.490 153.500  18.439  8.92456E+11  7.29184E+10  4.07406E+10  5.45236E+10  7.78797E+11  9.87029E+09  3.36510E+10  4.48729E+10  7.14041E+10  6.04186E+09  2.80935E+10  3.73460E+10  3.98172E+10  1.21312E+10  3.51567E+10  4.69108E+10  9.01371E+10
 0.500 155.500  14.714  8.81135E+11  7.11864E+10  4.18922E+10  5.64908E+10  7.68056E+11  1.09554E+10  3.47750E+10  4.67843E+10  7.50901E+10  5.20185E+09  2.94337E+10  3.95139E+10  4.18179E+10  1.02877E+10  3.43063E+10  4.61434E+10  7.00779E+10
 0.510 158.000  20.673  8.77513E+11  7.00423E+10  4.28589E+10  5.81836E+10  7.64612E+11  8.71809E+09  3.50080E+10  4.74773E+10  7.42191E+10  3.32665E+09  2.95345E+10  3.99927E+10  4.00470E+10  1.51376E+10  3.73397E+10  5.06614E+10  1.04816E+11
 0.520 160.250  22.229  8.72055E+11  6.98587E+10  4.32578E+10  5.91571E+10  7.58939E+11  8.08726E+09  3.54193E+10  4.84265E+10  7.63246E+10  2.97630E+09  2.94610E+10  4.02231E+10  4.00688E+10  1.47835E+10  3.84838E+10  5.26311E+10  1.17036E+11
 0.530 162.500  19.544  8.65119E+11  6.98282E+10  4.34285E+10  5.97855E+10  7.51862E+11  7.76600E+09  3.58322E+10  4.93222E+10  7.81682E+10  2.21049E+09  2.92902E+10  4.02865E+10  3.97291E+10  9.99384E+09  3.73503E+10  5.14251E+10  9.89574E+10
 0.540 164.500  21.795  8.56407E+11  6.95579E+10  4.36137E+10  6.03675E+10  7.43236E+11  6.94333E+09  3.54965E+10  4.91635E+10  7.77207E+10  2.54083E+09  2.95234E+10  4.08660E+10  3.95723E+10  1.28778E+10  3.80379E+10  5.26769E+10  1.11439E+11
 0.550 166.750  20.689  8.50801E+11  6.97902E+10  4.38909E+10  6.10210E+10  7.37120E+11  8.56612E+09  3.56593E+10  4.96252E+10  7.92677E+10  2.42464E+09  2.90552E+10  4.04214E+10  3.92532E+10  1.18016E+10  3.77970E+10  5.25909E+10  1.04730E+11
 0.560 169.250  23.094  8.47036E+11  7.01114E+10  4.42100E+10  6.16863E+10  7.32714E+11  6.46935E+09  3.60428E+10  5.03927E+10  7.98080E+10  2.14494E+09  2.88133E+10  4.02769E+10  3.85040E+10  1.16419E+10  3.89605E+10  5.44566E+10  1.19339E+11
