  43
 0.140         4335  0.33386E-02 -0.14308E-01  0.14547E-01 -0.29384E+01  0.27912E+02 -0.19238E+02 -0.30514E-01 -0.99820E+00 -0.51717E-01   1.213   0.850
 0.150        28373 -0.30692E-02  0.18415E-01 -0.10998E-01 -0.14652E+02  0.16360E+02 -0.11663E+03 -0.61539E+00 -0.76552E+00  0.18781E+00   1.659   1.213
 0.160         3801 -0.54535E-02  0.43628E-02  0.11998E-01  0.14415E+02 -0.15876E+02  0.10255E+02 -0.88589E+00 -0.20466E+00  0.41630E+00   1.566   1.089
 0.170        34872 -0.13329E-01 -0.17386E-02 -0.20863E-01 -0.19958E+02  0.33537E+01  0.41166E+01 -0.14516E+00 -0.73827E+00 -0.65870E+00   1.950   1.398
 0.180        34481 -0.85899E-02  0.85899E-02  0.34973E-01 -0.19681E+02 -0.15306E+02 -0.23485E+02 -0.84545E+00 -0.50296E+00  0.17957E+00   2.174   0.976
 0.190         3580 -0.11661E-01  0.38870E-02  0.21378E-01  0.44417E+02 -0.34695E+02 -0.53965E+02 -0.33340E+00 -0.60694E+00  0.72144E+00   2.393   1.969
 0.200        36007  0.10901E-01  0.68130E-03  0.17033E-02 -0.23802E+02 -0.39865E+02 -0.40776E+01 -0.58541E+00  0.68457E+00  0.43435E+00   2.775   1.765
 0.210        77449 -0.14316E-01 -0.71581E-02 -0.39370E-02 -0.79420E+00  0.14436E+02 -0.14768E+01 -0.52999E+00  0.44589E+00  0.72131E+00   3.777   2.084
 0.220        79562 -0.18741E-01  0.44977E-02  0.48725E-02 -0.17758E+02 -0.24829E+02 -0.43351E+01 -0.27762E+00 -0.10625E+00  0.95480E+00   3.613   2.333
 0.230        77408  0.23510E-02  0.23510E-01 -0.23510E-02 -0.49866E+02 -0.10108E+01  0.43653E+02 -0.53954E+00  0.14603E+00  0.82920E+00   3.944   2.071
 0.240        23664  0.49061E-02  0.20442E-01  0.11039E-01 -0.11437E+02 -0.64301E+01  0.40147E+02 -0.69986E+00  0.53762E+00  0.47027E+00   4.901   3.197
 0.250        79563  0.85169E-02 -0.85169E-03 -0.46843E-02 -0.96612E+01  0.12194E+01  0.51987E+01 -0.69114E+00  0.43545E+00  0.57681E+00   5.691   2.944
 0.260       101906 -0.15944E-01 -0.88577E-03  0.13287E-01 -0.31331E+01  0.10476E+02  0.47066E+02 -0.37125E+00  0.77992E+00  0.50388E+00   6.084   3.437
 0.270       130638  0.36798E-02  0.10119E-01  0.91995E-02 -0.63509E+02  0.17991E+02  0.24351E+01 -0.17284E+00 -0.50807E-01  0.98364E+00   5.524   3.418
 0.280       141966  0.38153E-02  0.47691E-02 -0.28615E-02  0.31006E+02  0.77639E+01 -0.32853E+02 -0.30832E+00  0.46797E+00  0.82821E+00   6.760   3.684
 0.290       133106 -0.29656E-02  0.59313E-02 -0.29656E-02 -0.41750E+02  0.25083E+01  0.58740E+02 -0.29470E+00  0.70569E+00  0.64432E+00   6.637   3.862
 0.300       197155  0.71538E-02  0.51099E-02 -0.97088E-02  0.31011E+02  0.14466E+01 -0.21721E+02 -0.32810E+00  0.44696E+00  0.83221E+00   8.442   4.300
 0.310       196484 -0.21118E-02 -0.95032E-02 -0.52796E-03  0.52191E+02 -0.72662E+01 -0.14195E+02 -0.55950E+00  0.34174E+00  0.75510E+00   8.601   4.760
 0.320       327693 -0.10902E-02 -0.10902E-02  0.21803E-02  0.87402E+02 -0.30512E+02  0.32493E+02 -0.39013E+00  0.20521E+00  0.89760E+00   8.013   3.778
 0.330       173150  0.11242E-02 -0.22484E-02 -0.44968E-02 -0.33536E+02 -0.49877E+02  0.67379E+02 -0.32202E-02  0.77257E-01  0.99701E+00   9.473   3.673
 0.340       132552 -0.81135E-02 -0.23181E-02 -0.57953E-02  0.49783E+02  0.42630E+02 -0.30361E+02  0.63869E-01  0.19874E+00  0.97797E+00   9.957   3.511
 0.350       372466 -0.11928E-02  0.71569E-02  0.59641E-02 -0.53707E+02  0.33933E+00 -0.83860E+01  0.18853E-01 -0.17058E-01  0.99968E+00   9.421   4.573
 0.360       745507  0.49053E-02  0.00000E+00 -0.36790E-02 -0.41825E+02 -0.76464E+01 -0.40359E+02 -0.13578E+00  0.86325E-01  0.98697E+00  10.910   3.458
 0.370       842760 -0.37821E-02 -0.12607E-02 -0.56732E-02  0.10772E+03 -0.90481E+02  0.36151E+02 -0.13211E+00  0.18969E+00  0.97292E+00  11.197   3.841
 0.380       892030 -0.12943E-02  0.00000E+00 -0.32359E-02  0.57434E+02 -0.21634E+02  0.17227E+02  0.16309E-02  0.24373E+00  0.96984E+00  12.195   4.147
 0.390       858427  0.13285E-02 -0.53140E-02  0.00000E+00 -0.62002E+02  0.16122E+02 -0.48825E+02 -0.87656E-01  0.15726E+00  0.98366E+00  12.708   5.717
 0.400       902871 -0.27261E-02 -0.54521E-02 -0.34076E-02 -0.78637E+02  0.18789E+02  0.20137E+02 -0.55249E-01  0.32292E-01  0.99795E+00  12.404   5.016
 0.410       901516 -0.13966E-02 -0.41897E-02  0.76812E-02 -0.10303E+02  0.24995E+02  0.29036E+02  0.47957E-01  0.12602E-01  0.99877E+00  15.385   7.339
 0.420       922157 -0.14306E-02  0.14306E-02  0.35764E-02 -0.40682E+02  0.25243E+02 -0.45466E+02 -0.31221E-01  0.50726E-01  0.99822E+00  14.927   4.966
 0.430       969922  0.87954E-02  0.00000E+00  0.36648E-02  0.13157E+02  0.31431E+02  0.11327E+02 -0.69881E-01 -0.10127E+00  0.99240E+00  15.400   5.017
 0.440       812657 -0.29988E-02  0.00000E+00 -0.37485E-02 -0.21510E+02  0.37562E+01  0.41569E+02 -0.10357E+00  0.54875E-02  0.99461E+00  13.578   5.314
 0.450      1137739  0.00000E+00  0.00000E+00 -0.22991E-02 -0.31117E+02 -0.25572E+03  0.87929E+02 -0.18291E+00 -0.29299E+00  0.93846E+00  16.428   4.572
 0.460      1193031  0.31349E-02 -0.31349E-02  0.78373E-03  0.14250E+02  0.92029E+02 -0.36209E+03 -0.24197E+00 -0.38205E+00  0.89190E+00  17.388   6.287
 0.470      1487823  0.16011E-02  0.00000E+00 -0.16011E-02  0.45913E+01 -0.25383E+03 -0.30688E+03  0.37470E+00 -0.24973E+00  0.89288E+00  17.606   9.176
 0.480      1228300  0.00000E+00  0.32709E-02 -0.16354E-02 -0.31571E+03  0.95040E+02 -0.45717E+02  0.30670E+00 -0.27166E+00  0.91221E+00  13.227   3.769
 0.490      1173111 -0.33380E-02  0.00000E+00 -0.16690E-02  0.39812E+02  0.24288E+03 -0.27654E+03  0.16881E+00 -0.28293E+00  0.94417E+00  18.439   3.213
 0.500      1614670  0.51117E-02 -0.17039E-02  0.17039E-02  0.22181E+03  0.16649E+03  0.14220E+03  0.15628E+00 -0.31578E+00  0.93588E+00  14.714   2.695
 0.510      1679814  0.00000E+00 -0.17377E-02  0.00000E+00 -0.23140E+03 -0.14770E+03 -0.60358E+02 -0.45424E-01 -0.27781E+00  0.95956E+00  20.673   3.845
 0.520      1282462  0.17713E-02 -0.35425E-02  0.17713E-02  0.54371E+02  0.93240E+02 -0.19008E+03 -0.14806E-01 -0.25919E+00  0.96571E+00  22.229   4.386
 0.530      1199974  0.00000E+00  0.00000E+00  0.36104E-02 -0.21205E+03 -0.17912E+03  0.26524E+03  0.61163E-01 -0.28293E+00  0.95719E+00  19.544   2.947
 0.540      1693663 -0.18396E-02  0.00000E+00  0.18396E-02 -0.34418E+02  0.59799E+02  0.28455E+03  0.37960E-01 -0.30524E+00  0.95152E+00  21.795   3.509
 0.550      1690955 -0.18741E-02 -0.18741E-02  0.18741E-02  0.29769E+03  0.30654E+03  0.13689E+02  0.12529E-01 -0.35134E+00  0.93616E+00  20.689   3.905
 0.560      1646209  0.19090E-02  0.19090E-02 -0.38180E-02  0.33153E+03  0.14882E+03  0.17464E+03 -0.15745E-01 -0.35303E+00  0.93548E+00  23.094   3.270
