  43
 0.140  6.56553E-03 -1.00960E-01 -2.54767E-02  1.87825E+01  8.53222E-01  3.95528E+01 -3.05138E-02 -9.98195E-01 -5.17173E-02  2.34196E+01   1.213   0.850  4.91783E+07  4.70572E+07  2.92117E+06  0.00000E+00  5.71160E+07  1.28706E-02  2.39175E+02   7.121   7.143
 0.150  1.88988E-01  3.44887E-01  1.51319E-01 -3.11810E+01 -2.30648E+00 -2.17960E+01 -6.15387E-01 -7.65524E-01  1.87807E-01  4.85934E+01   1.659   1.213  9.12060E+07  8.50209E+07  3.25054E+06  7.01252E+05  1.45741E+08  2.98766E-02  1.93784E+02   7.373   7.208
 0.160  3.69986E-02 -1.89568E-01  2.30162E-02 -1.77359E+01  9.50645E+00 -1.67824E+01 -8.85893E-01 -2.04662E-01  4.16302E-01  4.97455E+00   1.566   1.089  1.32924E+08  1.27344E+08  3.00265E+06  7.17362E+05  9.54427E+07  1.35894E-02  3.31872E+02   7.459   7.321
 0.170  3.01180E-02 -4.97884E-02 -4.38098E-01 -5.17880E+00  5.31148E+00 -1.48565E+01 -1.45160E-01 -7.38268E-01 -6.58702E-01  3.89304E+01   1.950   1.398  1.91356E+08  1.77454E+08  1.57379E+07  3.80926E+06  1.38675E+08  1.25209E-01  1.75754E+02   7.645   7.523
 0.180  4.24459E-01 -7.96116E-02  4.05929E-01 -9.10292E-02  7.30099E+00  4.30296E+00 -8.45447E-01 -5.02964E-01  1.79571E-01  7.71975E+01   2.174   0.976  8.98784E+07  8.52552E+07  9.38291E+06  2.87126E+06  1.83403E+08  5.52679E-03  4.21588E+02   7.437   7.457
 0.190  6.58972E-02  1.99462E-01  1.64088E-01 -3.69302E+01 -4.96501E+00 -1.44288E+01 -3.33399E-01 -6.06936E-01  7.21438E-01  3.02157E+01   2.393   1.969  2.08503E+08  1.93764E+08  7.75709E+06  2.53259E+06  2.02359E+08  6.84729E-03  5.24819E+02   7.323   7.420
 0.200  9.04537E-02  1.54522E-02 -7.19319E-02  7.17032E+00 -1.84566E+01  2.29381E+01 -5.85409E-01  6.84573E-01  4.34346E-01  1.46487E+01   2.775   1.765  3.71933E+08  3.49385E+08  1.17194E+07  3.18953E+06  2.01777E+08  4.68833E-02  4.19394E+02   7.529   7.473
 0.210 -3.14634E-01  5.16261E-01 -8.48229E-01 -3.98750E+01 -2.69978E+01 -2.17565E+00 -5.29994E-01  4.45887E-01  7.21312E-01  1.64924E+02   3.777   2.084  4.81482E+08  4.48184E+08  5.34291E+07  2.76824E+07  1.07165E+09  1.79411E-01  3.87799E+02   7.599   7.406
 0.220  2.19206E-01  5.75088E-01  4.16948E-01 -4.61424E+01  9.60314E+00 -6.73043E+00 -2.77620E-01 -1.06248E-01  9.54797E-01  1.00408E+02   3.613   2.333  3.47562E+08  3.06685E+08  2.17499E+07  7.28413E+06  4.19266E+08  2.95568E-02  6.17548E+02   7.577   7.487
 0.230 -4.25812E-01  2.82579E-01 -3.69793E-01 -1.77868E+01 -7.20398E+00 -6.13763E+00 -5.39544E-01  1.46029E-01  8.29197E-01  1.30037E+02   3.944   2.071  5.48792E+08  4.97856E+08  3.65694E+07  9.94019E+06  4.94922E+08  1.85628E-01  5.00032E+02   7.576   7.504
 0.240 -5.59412E-01 -7.48823E-04 -2.98753E-01 -1.63190E+00  4.43105E+00 -2.80410E+00 -6.99865E-01  5.37622E-01  4.70267E-01  1.79359E+02   4.901   3.197  6.95068E+08  6.13135E+08  7.47077E+07  2.61562E+07  9.26659E+08  7.37767E-02  4.53937E+02   7.653   7.530
 0.250 -1.18112E+00 -6.71764E-01  7.33570E-02  3.52685E+01 -1.48385E+00  1.47257E+01 -6.91141E-01  4.35451E-01  5.76807E-01  2.83687E+02   5.691   2.944  1.55692E+09  1.40735E+09  6.63937E+07  2.28821E+07  1.00123E+09  1.85039E-01  6.02166E+02   7.573   7.516
 0.260  3.33269E-01 -9.26876E-01  6.41689E-01  8.01034E+00 -8.67571E+00  9.34675E+00 -3.71248E-01  7.79925E-01  5.03877E-01  2.11195E+02   6.084   3.437  1.95487E+09  1.83410E+09  1.65018E+08  4.48535E+07  1.64855E+09  7.00396E-01  3.72606E+02   7.712   7.523
 0.270  7.52743E-01 -1.09936E+00  1.78958E-01  6.82472E+00  3.78750E+01 -5.42545E+00 -1.72837E-01 -5.08069E-02  9.83639E-01  1.40237E+02   5.524   3.418  1.78950E+09  1.64040E+09  8.86646E+07  6.47017E+06  7.05678E+08  6.32378E-01  2.71548E+02   7.824   7.669
 0.280 -3.59279E-01 -8.96827E-01  3.37057E-01  2.60998E+01  2.05701E+01  7.48229E+00 -3.08322E-01  4.67975E-01  8.28213E-01  1.55295E+02   6.760   3.684  1.59949E+09  1.41283E+09  1.79974E+08  4.27478E+07  1.30461E+09  1.62607E-01  3.99176E+02   7.873   7.676
 0.290  2.26233E-01  1.40850E-01 -5.20211E-01 -1.85969E+01 -1.01891E+01  3.23016E+01 -2.94697E-01  7.05691E-01  6.44324E-01  3.43856E+02   6.637   3.862  2.56486E+09  2.36615E+09  2.53362E+08  7.04532E+07  1.72919E+09  7.54607E-01  5.12141E+02   7.828   7.715
 0.300 -1.23216E+00 -1.33214E+00  5.33550E-01  2.83446E+01 -1.11002E+01  6.74239E-01 -3.28104E-01  4.46965E-01  8.32208E-01  6.13680E+02   8.442   4.300  4.54878E+09  4.18950E+09  2.23523E+08  4.29124E+07  1.93089E+09  1.34784E+00  4.32160E+02   7.796   7.707
 0.310  5.59008E-01 -1.58549E-01 -2.43533E-01  2.59435E+01  3.37436E+01 -1.95855E+01 -5.59497E-01  3.41739E-01  7.55101E-01  2.87982E+02   8.601   4.760  3.87887E+09  3.49159E+09  2.58826E+08  4.61226E+07  1.89647E+09  1.36781E+00  4.48471E+02   7.973   7.826
 0.320  7.74341E-01  8.04376E-01  3.15820E-01 -4.08512E+01  3.26719E+00  1.91435E+01 -3.90131E-01  2.05209E-01  8.97601E-01  3.07053E+02   8.013   3.778  4.10758E+09  3.83251E+09  2.54793E+08  4.69789E+07  1.72678E+09  5.75880E-01  5.86033E+02   7.991   7.831
 0.330 -1.21719E+00  9.55894E-01  6.78859E-01 -3.89037E+01 -3.33169E+01  6.94291E+00 -3.22019E-03  7.72571E-02  9.97006E-01  5.96736E+02   9.473   3.673  4.79685E+09  4.58923E+09  6.04702E+08  8.25052E+07  2.33436E+09  2.94172E+00  4.02387E+02   7.994   7.892
 0.340 -5.14578E-01  2.73021E+00 -6.37130E-01 -8.73261E+01 -2.34746E+01  1.62987E+01  6.38692E-02  1.98738E-01  9.77969E-01  9.83323E+02   9.957   3.511  6.78963E+09  6.59159E+09  8.90964E+08  1.04204E+08  2.38806E+09  5.37531E+00  3.58887E+02   7.932   7.844
 0.350  2.42535E-01  2.82442E+00 -5.28878E-02 -7.17093E+01  2.26747E+01 -3.87374E+00  1.88527E-02 -1.70580E-02  9.99677E-01  7.64099E+02   9.421   4.573  5.24260E+09  5.00060E+09  8.28195E+08  1.17673E+08  2.59292E+09  2.76091E+00  4.66989E+02   8.018   7.966
 0.360  3.73308E-02  2.04172E+00 -2.82479E-01 -3.84552E+01  4.20767E+00 -1.35815E+01 -1.35777E-01  8.63252E-02  9.86971E-01  7.56987E+02  10.910   3.458  6.10545E+09  5.89308E+09  1.27997E+09  2.61933E+08  2.79602E+09  2.89256E+00  4.53900E+02   8.049   7.940
 0.370 -8.64812E-01  1.21906E+00 -2.46674E-01 -2.78582E+01  5.85951E+00 -7.41353E+00 -1.32114E-01  1.89689E-01  9.72915E-01  8.94259E+02  11.197   3.841  9.67771E+09  9.47413E+09  2.30944E+09  5.18909E+08  3.47027E+09  6.61655E+00  4.38298E+02   8.053   7.946
 0.380  6.22118E-01  9.01531E-02  1.89123E-02  2.02422E+01  3.34561E+01 -7.19685E+00  1.63087E-03  2.43730E-01  9.69842E-01  1.12686E+03  12.195   4.147  1.17654E+10  1.16013E+10  2.98784E+09  4.80162E+08  3.80216E+09  1.00545E+01  4.21178E+02   8.057   7.978
 0.390  1.66231E-01 -7.06435E-01  4.22746E-01  1.45941E+01  2.35444E+01 -1.92956E+01 -8.76560E-02  1.57258E-01  9.83660E-01  1.02352E+03  12.708   5.717  1.08528E+10  1.02901E+10  3.60326E+09  7.39773E+08  5.26365E+09  5.43318E+00  5.39509E+02   8.092   7.991
 0.400  1.28709E-01  1.72616E+00  4.59047E-01 -1.70624E+01  1.40672E+01 -1.77733E+01 -5.52485E-02  3.22915E-02  9.97950E-01  1.19466E+03  12.404   5.016  1.33163E+10  1.31741E+10  5.05990E+09  9.66191E+08  5.23696E+09  1.32556E+01  5.16283E+02   8.149   8.024
 0.410 -4.98303E-01 -2.65839E+00 -5.33442E-01  2.09226E+01  2.98119E+01 -2.30622E+01  4.79568E-02  1.26023E-02  9.98770E-01  1.18760E+03  15.385   7.339  1.38746E+10  1.29709E+10  5.30911E+09  9.74647E+08  7.08147E+09  5.92867E+00  6.18254E+02   8.168   8.047
 0.420 -2.48208E+00  5.55178E-01 -4.11869E-01  3.71601E+01 -2.15837E+01  8.83336E+00 -3.12214E-02  5.07264E-02  9.98224E-01  1.10050E+03  14.927   4.966  1.37751E+10  1.33272E+10  4.92757E+09  8.29620E+08  5.85368E+09  5.72306E+00  6.86086E+02   8.188   8.078
 0.430  7.35093E-01 -5.96082E-01  2.51346E-01  2.26284E+01 -1.66555E+01 -1.93847E+00 -6.98812E-02 -1.01270E-01  9.92402E-01  1.22254E+03  15.400   5.017  1.48556E+10  1.45123E+10  5.68409E+09  8.67470E+08  6.26139E+09  1.01628E+01  6.98244E+02   8.230   8.108
 0.440  6.30291E-01 -6.62726E-01  2.28298E-01  4.05303E+00  1.40504E+01 -1.87029E+01 -1.03568E-01  5.48749E-03  9.94607E-01  1.08445E+03  13.578   5.314  1.11284E+10  1.08178E+10  5.34177E+09  5.69041E+08  5.91737E+09  6.91515E+00  7.34953E+02   8.272   8.158
 0.450  3.57641E+00 -3.52220E-01  1.84210E+00  5.46163E+01  1.41852E+02  5.77049E+01 -1.82914E-01 -2.92992E-01  9.38455E-01  1.70372E+03  16.428   4.572  2.08529E+10  2.04138E+10  1.08654E+10  1.44661E+09  2.32268E+10  1.21971E+01  1.27902E+03   8.324   8.160
 0.460 -1.91437E+00  7.49326E-01  7.27468E-01 -3.15997E+00 -7.71179E+01 -3.99415E+01 -2.41971E-01 -3.82053E-01  8.91900E-01  8.94745E+02  17.388   6.287  9.67378E+09  8.99992E+09  1.52230E+09  4.09666E+08  5.70004E+09  2.57653E+00  6.03578E+02   8.423   8.255
 0.470 -2.49078E+00 -1.24450E+00  1.28035E+00  2.88361E+01 -1.33315E+02 -9.61021E+01  3.74704E-01 -2.49734E-01  8.92877E-01  1.27845E+03  17.606   9.176  9.52769E+09  8.60376E+09  4.59921E+09  1.34610E+09  1.05867E+10  1.08909E+00  1.06011E+03   8.436   8.210
 0.480  9.15095E-01 -7.73405E-01 -2.72336E-01 -3.70912E+01  5.03916E+01  2.78312E+01  3.06702E-01 -2.71661E-01  9.12214E-01  8.92732E+02  13.227   3.769  6.41400E+09  6.35494E+09  4.92782E+09  1.26796E+09  5.91845E+09  5.57675E+00  1.02225E+03   8.520   8.347
 0.490 -2.69368E+00  1.97207E-01  6.28976E-01 -3.31680E+00  1.65529E+01 -3.28549E+00  1.68813E-01 -2.82932E-01  9.44167E-01  1.29408E+03  18.439   3.213  9.96734E+09  9.69362E+09  6.21112E+09  1.50383E+09  7.43813E+09  5.21429E+00  1.12698E+03   8.440   8.346
 0.500  1.06840E+00  1.44845E+00  3.67179E-01  3.11659E+00  4.84510E+01  2.17409E+01  1.56276E-01 -3.15778E-01  9.35875E-01  1.51416E+03  14.714   2.695  8.62743E+09  8.65720E+09  6.84464E+09  1.27129E+09  6.10567E+09  6.26326E+00  1.12025E+03   8.454   8.467
 0.510 -3.40582E-01  3.13718E+00  1.15286E+00 -3.89142E+01  1.60659E+01 -8.27912E+00 -4.54245E-02 -2.77806E-01  9.59563E-01  2.50145E+03  20.673   3.845  1.26816E+10  1.23412E+10  8.80257E+09  1.65481E+09  9.78321E+09  4.69023E+00  1.20822E+03   8.367   8.465
 0.520  1.22967E-01  2.82907E+00  1.07350E+00 -3.32413E+01  1.36373E+01  5.68037E+00 -1.48059E-02 -2.59186E-01  9.65714E-01  2.65015E+03  22.229   4.386  1.27926E+10  1.22192E+10  9.90289E+09  2.00912E+09  1.12399E+10  2.76609E+00  1.30723E+03   8.359   8.461
 0.530 -3.59378E-01  1.67032E+00  5.51067E-01 -1.93393E+01 -5.64528E+00 -1.08055E+01  6.11633E-02 -2.82928E-01  9.57189E-01  2.20787E+03  19.544   2.947  8.43021E+09  8.15833E+09  8.91780E+09  1.52904E+09  7.84983E+09  1.87341E+00  1.38685E+03   8.410   8.495
 0.540  6.18686E-01  1.15867E+00  3.19520E-01 -1.92393E+01  1.55187E+01  3.55338E+00  3.79603E-02 -3.05236E-01  9.51520E-01  2.63841E+03  21.795   3.509  1.09229E+10  1.04779E+10  9.71072E+09  1.80784E+09  9.33851E+09  2.01648E+00  1.55063E+03   8.362   8.464
 0.550 -4.41954E-01  1.65913E+00  5.87768E-01 -3.22739E+01  1.94418E+01 -7.11328E+00  1.25294E-02 -3.51344E-01  9.36163E-01  2.49430E+03  20.689   3.905  1.00934E+10  9.64902E+09  1.00470E+10  1.90115E+09  9.72327E+09  1.96256E+00  1.69294E+03   8.365   8.454
 0.560 -8.52303E-01  1.73550E+00  7.20782E-01 -2.77124E+01  1.68552E+01  6.88744E+00 -1.57455E-02 -3.53029E-01  9.35480E-01  2.60379E+03  23.094   3.270  9.85974E+09  9.45980E+09  9.94809E+09  1.92857E+09  9.36295E+09  9.70955E-01  1.81302E+03   8.347   8.452
