  43
 0.140  1.00000E+01  1.01817E+10  6.61674E+01
 0.150  1.20000E+01  1.43303E+10  7.16590E+01
 0.160  1.37500E+01  1.77426E+10  7.44889E+01
 0.170  1.55000E+01  2.09227E+10  7.61864E+01
 0.180  1.70000E+01  2.32838E+10  7.67426E+01
 0.190  1.92500E+01  2.89690E+10  8.04425E+01
 0.200  2.42500E+01  5.02293E+10  9.43750E+01
 0.210  2.72500E+01  6.13558E+10  9.83963E+01
 0.220  2.92500E+01  6.66285E+10  9.89695E+01
 0.230  3.22500E+01  7.80678E+10  1.02025E+02
 0.240  3.57500E+01  9.38421E+10  1.06242E+02
 0.250  4.22500E+01  1.32911E+11  1.16306E+02
 0.260  4.72500E+01  1.66312E+11  1.23025E+02
 0.270  5.30000E+01  2.14532E+11  1.31930E+02
 0.280  5.80000E+01  2.56917E+11  1.38012E+02
 0.290  6.17500E+01  2.79090E+11  1.39408E+02
 0.300  6.50000E+01  2.94118E+11  1.39489E+02
 0.310  6.72500E+01  2.97373E+11  1.37892E+02
 0.320  6.95000E+01  3.02445E+11  1.36793E+02
 0.330  7.17500E+01  3.03225E+11  1.34805E+02
 0.340  7.40000E+01  3.06759E+11  1.33511E+02
 0.350  7.72500E+01  3.21951E+11  1.33869E+02
 0.360  8.12500E+01  3.44620E+11  1.35049E+02
 0.370  8.95000E+01  4.15362E+11  1.41266E+02
 0.380  9.42500E+01  4.48697E+11  1.43077E+02
 0.390  1.00000E+02  4.88633E+11  1.44953E+02
 0.400  1.06750E+02  5.47743E+11  1.48538E+02
 0.410  1.13750E+02  6.12490E+11  1.52163E+02
 0.420  1.22750E+02  7.07879E+11  1.57472E+02
 0.430  1.29250E+02  7.66173E+11  1.59655E+02
 0.440  1.34500E+02  8.10183E+11  1.60940E+02
 0.450  1.38750E+02  8.31754E+11  1.60552E+02
 0.460  1.44250E+02  8.75146E+11  1.61516E+02
 0.470  1.47500E+02  8.81400E+11  1.60297E+02
 0.480  1.51000E+02  8.91515E+11  1.59335E+02
 0.490  1.53500E+02  8.92456E+11  1.58115E+02
 0.500  1.55500E+02  8.81135E+11  1.56095E+02
 0.510  1.58000E+02  8.77513E+11  1.54537E+02
 0.520  1.60250E+02  8.72055E+11  1.52970E+02
 0.530  1.62500E+02  8.65119E+11  1.51302E+02
 0.540  1.64500E+02  8.56407E+11  1.49621E+02
 0.550  1.66750E+02  8.50801E+11  1.48121E+02
 0.560  1.69250E+02  8.47036E+11  1.46697E+02
