  25
 0.120   0.946   0.752  3.22985E-05  4.76989E-06  3.38254E-04
 0.130   1.248   0.574  2.34719E-03  3.13002E-03  1.37265E-03
 0.140   1.650   1.277  2.81891E-02  3.10840E-02  2.15009E-02
 0.150   2.416   1.911  2.30987E-03  1.38953E-03  9.01961E-03
 0.160   2.483   1.786  2.14534E-01  2.48578E-01  1.51489E-01
 0.170   2.628   1.685  7.15949E-02  8.72850E-02  6.70922E-02
 0.180   3.384   1.941  2.49380E-01  2.71161E-01  2.06086E-01
 0.190   2.353   1.298  1.17305E+00  1.31885E+00  8.20168E-01
 0.200   1.456   0.508  1.27631E+00  1.11812E+00  1.44766E+00
 0.210   3.983   1.242  3.34048E-01  3.49762E-01  2.94231E-01
 0.220   4.427   1.629  5.80328E-01  5.34479E-01  6.09521E-01
 0.230   6.165   2.045  3.57071E-01  3.88211E-01  3.21528E-01
 0.240   5.899   4.155  5.10331E+00  5.48109E+00  3.47725E+00
 0.250   6.026   4.525  2.70222E-01  2.82733E-01  4.37612E-01
 0.260   4.292   2.245  5.59278E+00  6.39959E+00  3.91754E+00
 0.270   4.172   1.423  1.06490E+01  1.06513E+01  9.30691E+00
 0.280   5.980   2.044  6.91396E+00  7.48555E+00  5.45143E+00
 0.290   5.230   1.663  5.11347E+00  5.11305E+00  5.40539E+00
 0.300   3.440   1.104  1.61209E+01  1.52231E+01  1.49664E+01
 0.310   4.014   1.616  1.37411E+01  1.42551E+01  1.22303E+01
 0.320   7.031   2.112  1.21211E+01  1.25991E+01  1.06584E+01
 0.330   6.587   1.475  1.93140E+01  1.98017E+01  1.78005E+01
 0.340   7.041   1.736  2.01411E+01  2.02054E+01  2.04243E+01
 0.350   7.178   1.677  1.40267E+01  1.48000E+01  1.20782E+01
 0.360   3.046   0.794  2.00624E+01  2.19846E+01  1.65364E+01
