  25
 0.120   0.946   0.752  1.01749E+06  1.23596E+06  1.00262E+06  2.34115E+02  0.00000E+00  0.00000E+00  0.00000E+00  1.01749E+06  1.23596E+06  1.00262E+06
 0.130   1.248   0.574  9.06902E+05  1.09704E+06  8.90156E+05  2.90712E+02  1.94893E+05  2.39115E+05  1.91801E+05  7.12009E+05  8.57921E+05  6.98355E+05
 0.140   1.650   1.277  4.55671E+06  5.42322E+06  4.49880E+06  2.36741E+02  1.07401E+06  1.33497E+06  1.05391E+06  3.48270E+06  4.08825E+06  3.44489E+06
 0.150   2.416   1.911  8.43872E+06  1.03844E+07  8.28677E+06  3.45383E+02  4.52484E+06  5.60090E+06  4.43806E+06  3.91388E+06  4.78354E+06  3.84871E+06
 0.160   2.483   1.786  2.03380E+07  2.31545E+07  2.02170E+07  1.40511E+02  4.34301E+06  5.36171E+06  4.28660E+06  1.59950E+07  1.77928E+07  1.59304E+07
 0.170   2.628   1.685  3.49500E+07  4.23395E+07  3.45141E+07  2.96807E+02  2.12190E+07  2.61676E+07  2.09310E+07  1.37310E+07  1.61719E+07  1.35832E+07
 0.180   3.384   1.941  3.30127E+07  3.82440E+07  3.28746E+07  1.39605E+02  6.98990E+06  8.68534E+06  6.90713E+06  2.60228E+07  2.95586E+07  2.59675E+07
 0.190   2.353   1.298  1.02138E+08  1.16254E+08  1.01816E+08  1.12620E+02  1.13617E+07  1.43231E+07  1.11725E+07  9.07767E+07  1.01931E+08  9.06434E+07
 0.200   1.456   0.508  1.91284E+08  2.21748E+08  1.90806E+08  1.09280E+02  5.62559E+06  7.18354E+06  5.50119E+06  1.85658E+08  2.14564E+08  1.85305E+08
 0.210   3.983   1.242  1.38384E+08  1.69581E+08  1.37232E+08  3.05939E+02  3.43980E+07  4.31792E+07  3.39459E+07  1.03986E+08  1.26402E+08  1.03286E+08
 0.220   4.427   1.629  2.55107E+08  3.13532E+08  2.53111E+08  3.14733E+02  5.25736E+07  6.68099E+07  5.18544E+07  2.02533E+08  2.46722E+08  2.01256E+08
 0.230   6.165   2.045  3.10850E+08  3.89224E+08  3.07801E+08  4.06952E+02  6.57759E+07  8.41222E+07  6.47251E+07  2.45074E+08  3.05102E+08  2.43076E+08
 0.240   5.899   4.155  5.48950E+08  6.49762E+08  5.45416E+08  2.77356E+02  7.43656E+07  9.69163E+07  7.27945E+07  4.74585E+08  5.52846E+08  4.72621E+08
 0.250   6.026   4.525  2.91031E+08  3.62983E+08  2.88037E+08  4.58572E+02  5.05818E+07  6.51054E+07  4.95487E+07  2.40449E+08  2.97878E+08  2.38488E+08
 0.260   4.292   2.245  6.34049E+08  7.48005E+08  6.29914E+08  3.04047E+02  6.57032E+07  8.54819E+07  6.42831E+07  5.68346E+08  6.62524E+08  5.65631E+08
 0.270   4.172   1.423  1.40852E+09  1.66156E+09  1.40145E+09  2.49752E+02  1.30519E+08  1.69014E+08  1.28035E+08  1.27800E+09  1.49255E+09  1.27341E+09
 0.280   5.980   2.044  9.83012E+08  1.17673E+09  9.75264E+08  3.71156E+02  1.82974E+08  2.38095E+08  1.79371E+08  8.00038E+08  9.38633E+08  7.95893E+08
 0.290   5.230   1.663  1.39718E+09  1.69118E+09  1.38761E+09  3.46652E+02  1.84496E+08  2.41950E+08  1.80424E+08  1.21268E+09  1.44923E+09  1.20719E+09
 0.300   3.440   1.104  2.72057E+09  3.25267E+09  2.70691E+09  2.80154E+02  1.13036E+08  1.49709E+08  1.09886E+08  2.60753E+09  3.10296E+09  2.59702E+09
 0.310   4.014   1.616  3.37580E+09  4.11159E+09  3.35533E+09  3.53490E+02  1.84405E+08  2.43489E+08  1.79656E+08  3.19139E+09  3.86810E+09  3.17567E+09
 0.320   7.031   2.112  3.26611E+09  4.01764E+09  3.24133E+09  4.38482E+02  3.31219E+08  4.38921E+08  3.22617E+08  2.93489E+09  3.57872E+09  2.91871E+09
 0.330   6.587   1.475  5.81823E+09  7.12862E+09  5.78419E+09  3.73435E+02  3.10741E+08  4.12957E+08  3.02159E+08  5.50749E+09  6.71566E+09  5.48203E+09
 0.340   7.041   1.736  7.13231E+09  8.79378E+09  7.08694E+09  4.13149E+02  5.19349E+08  6.86773E+08  5.06468E+08  6.61296E+09  8.10701E+09  6.58047E+09
 0.350   7.178   1.677  6.67709E+09  8.41739E+09  6.61504E+09  5.78656E+02  8.59733E+08  1.13158E+09  8.39261E+08  5.81736E+09  7.28581E+09  5.77577E+09
 0.360   3.046   0.794  4.69791E+09  5.83471E+09  4.64948E+09  6.04766E+02  4.60278E+08  6.17711E+08  4.43638E+08  4.23763E+09  5.21700E+09  4.20584E+09
