  25
 0.120   7.000   0.946  5.58768E+09  3.65002E+08  2.52906E+07  3.04346E+07  5.19739E+09  6.56927E+06  1.06139E+07  1.28897E+07  1.89805E+08  7.24058E+08  2.87967E+07  3.46487E+07  7.98393E+09  1.34636E+07  1.27180E+07  1.54290E+07  3.01459E+08
 0.130   9.500   1.248  1.10036E+10  9.15133E+08  4.99827E+07  6.04791E+07  1.00385E+10  2.58857E+07  1.29266E+07  1.59184E+07  3.30225E+08  9.79066E+08  5.25016E+07  6.34751E+07  1.07061E+10  4.50776E+07  1.52149E+07  1.86787E+07  5.02488E+08
 0.140  11.750   1.650  1.69402E+10  1.62111E+09  8.35808E+07  1.00002E+08  1.52355E+10  1.61667E+07  1.72186E+07  2.11830E+07  5.16039E+08  1.37696E+09  8.34116E+07  9.97910E+07  1.36930E+10  3.49968E+07  2.19224E+07  2.67655E+07  9.40543E+08
 0.150  16.750   2.416  3.85275E+10  4.03301E+09  2.39732E+08  2.87095E+08  3.42547E+10  7.87007E+06  2.37726E+07  2.95069E+07  8.08935E+08  2.06912E+09  1.69691E+08  2.03899E+08  1.91102E+10  4.44801E+07  3.25071E+07  4.01750E+07  1.64448E+09
 0.160  19.500   2.483  5.07072E+10  5.43464E+09  5.20399E+08  6.06396E+08  4.47522E+10  2.57508E+08  1.22718E+08  1.42299E+08  2.12269E+09  3.41509E+09  5.03551E+08  5.85533E+08  2.82880E+10  4.07891E+08  1.68014E+08  1.94791E+08  3.33634E+09
 0.170  22.000   2.628  6.00680E+10  6.03959E+09  7.19081E+08  8.64117E+08  5.33093E+10  3.37895E+08  2.55734E+08  3.04396E+08  2.78580E+09  2.79040E+09  6.67818E+08  7.99941E+08  2.42405E+10  4.53245E+08  3.11417E+08  3.70718E+08  3.73416E+09
 0.180  25.250   3.384  7.69546E+10  7.52144E+09  9.54991E+08  1.16135E+09  6.84782E+10  4.56372E+08  4.49469E+08  5.41745E+08  4.20181E+09  3.09827E+09  8.87048E+08  1.07690E+09  2.69318E+10  7.48867E+08  5.63973E+08  6.80579E+08  6.28966E+09
 0.190  27.250   2.353  8.16429E+10  7.54263E+09  1.58311E+09  1.89046E+09  7.25172E+10  1.35553E+09  1.00037E+09  1.17488E+09  6.47414E+09  3.79019E+09  1.51285E+09  1.80341E+09  3.18411E+10  1.20319E+09  9.03912E+08  1.05802E+09  5.21260E+09
 0.200  28.750   1.456  8.30383E+10  6.01188E+09  2.34068E+09  2.83578E+09  7.46858E+10  5.01929E+08  1.73602E+09  2.07879E+09  5.87039E+09  2.41705E+09  2.24236E+09  2.71119E+09  2.73918E+10  3.30514E+08  1.29772E+09  1.53900E+09  2.43770E+09
 0.210  30.250   3.983  8.24412E+10  5.48581E+09  2.47452E+09  3.07990E+09  7.44809E+10  3.07307E+08  1.89258E+09  2.33970E+09  6.16828E+09  1.94636E+09  2.40875E+09  2.99556E+09  2.61955E+10  5.08621E+08  2.07411E+09  2.56965E+09  8.88449E+09
 0.220  32.250   4.427  8.76593E+10  5.92695E+09  2.55622E+09  3.23460E+09  7.91762E+10  3.04153E+08  1.97574E+09  2.49094E+09  6.77768E+09  1.99470E+09  2.45979E+09  3.10966E+09  2.59868E+10  5.06690E+08  2.19337E+09  2.76824E+09  1.02088E+10
 0.230  46.500   6.165  2.27156E+11  1.82950E+10  4.47508E+09  5.67547E+09  2.04386E+11  6.14112E+08  2.25509E+09  2.88911E+09  1.14456E+10  2.20168E+09  2.52490E+09  3.23586E+09  2.93231E+10  1.01441E+09  2.40660E+09  3.08297E+09  1.64055E+10
 0.240  52.000   5.899  2.75816E+11  2.13389E+10  6.61826E+09  8.15746E+09  2.47858E+11  2.63478E+09  3.44796E+09  4.27954E+09  2.10593E+10  7.28073E+09  4.68104E+09  5.76634E+09  5.78487E+10  2.93210E+09  3.61183E+09  4.48122E+09  2.57640E+10
 0.250  56.000   6.026  3.05011E+11  2.07476E+10  7.89016E+09  9.91485E+09  2.76373E+11  1.31085E+09  4.30029E+09  5.43268E+09  1.90326E+10  3.73535E+09  6.04625E+09  7.60517E+09  4.42667E+10  1.50963E+09  4.54172E+09  5.73346E+09  2.13553E+10
 0.260  60.250   4.292  3.42855E+11  2.19881E+10  8.82855E+09  1.11812E+10  3.12038E+11  4.48427E+09  6.08247E+09  7.67841E+09  2.67644E+10  6.68362E+09  7.48508E+09  9.45321E+09  5.14875E+10  3.03382E+09  5.38869E+09  6.79991E+09  1.69971E+10
 0.270  67.000   4.172  4.29335E+11  2.70720E+10  1.37353E+10  1.73157E+10  3.88528E+11  4.40638E+09  9.36130E+09  1.16682E+10  3.39731E+10  5.99335E+09  1.03714E+10  1.29643E+10  5.59359E+10  2.93305E+09  7.99845E+09  9.92950E+09  1.82378E+10
 0.280  72.750   5.980  4.95525E+11  3.03563E+10  1.55849E+10  1.98304E+10  4.49584E+11  5.00239E+09  1.12101E+10  1.41426E+10  4.01961E+10  6.47870E+09  1.19795E+10  1.51328E+10  5.99556E+10  4.09089E+09  1.06291E+10  1.34010E+10  3.13840E+10
 0.290  83.500   5.230  6.78994E+11  3.82280E+10  2.40881E+10  3.10339E+10  6.16678E+11  4.20523E+09  1.27279E+10  1.62477E+10  4.84702E+10  5.09960E+09  1.32027E+10  1.68578E+10  6.12285E+10  2.64895E+09  1.11643E+10  1.42416E+10  2.61077E+10
 0.300  89.000   3.440  7.31866E+11  3.68249E+10  2.71288E+10  3.49718E+10  6.67913E+11  4.81670E+09  1.51395E+10  1.93027E+10  5.01025E+10  5.21729E+09  1.54120E+10  1.96567E+10  5.80105E+10  1.90922E+09  1.17618E+10  1.49291E+10  1.51973E+10
 0.310  93.000   4.014  7.69446E+11  3.46466E+10  3.00058E+10  3.88196E+10  7.04794E+11  6.80605E+09  1.85577E+10  2.37816E+10  6.40544E+10  7.41067E+09  1.92864E+10  2.47303E+10  7.08537E+10  2.94256E+09  1.44120E+10  1.83748E+10  1.99844E+10
 0.320  97.250   7.031  8.07601E+11  3.37465E+10  3.29270E+10  4.27817E+10  7.40928E+11  8.05545E+09  2.23979E+10  2.88221E+10  6.52665E+10  8.28990E+09  2.25450E+10  2.90145E+10  6.74479E+10  5.63933E+09  2.07872E+10  2.67183E+10  4.42563E+10
 0.330 107.250   6.587  9.92656E+11  4.20295E+10  4.62714E+10  6.00359E+10  9.04355E+11  9.42129E+09  2.54339E+10  3.28787E+10  7.46632E+10  8.97268E+09  2.51311E+10  3.24784E+10  6.90075E+10  6.39527E+09  2.29158E+10  2.95720E+10  4.20412E+10
 0.340 118.500   7.041  1.22403E+12  5.62178E+10  5.13442E+10  6.69241E+10  1.11647E+12  8.58517E+09  3.12470E+10  4.06423E+10  1.01422E+11  7.98735E+09  2.92722E+10  3.80042E+10  8.14423E+10  5.84736E+09  2.62990E+10  3.40934E+10  5.12652E+10
 0.350 125.500   7.178  1.33160E+12  6.31395E+10  5.41489E+10  7.11149E+10  1.21431E+12  9.09660E+09  3.76492E+10  4.94919E+10  1.26714E+11  6.84277E+09  3.48536E+10  4.57539E+10  9.16707E+10  5.21271E+09  3.18201E+10  4.17010E+10  5.84228E+10
 0.360 130.500   3.046  1.38221E+12  6.38851E+10  6.06627E+10  7.94080E+10  1.25766E+12  8.96928E+09  4.02993E+10  5.27748E+10  1.16352E+11  7.34222E+09  3.83163E+10  5.01029E+10  8.28847E+10  3.83941E+09  2.16156E+10  2.81826E+10  1.63283E+10
