  25
 0.120        57993 -0.96110E-02  0.89975E-02  0.40898E-03  0.33219E+02 -0.15669E+02 -0.20558E+02 -0.32706E+00 -0.64534E+00  0.69034E+00   0.946   0.752
 0.130        60605 -0.33209E-02  0.79701E-02  0.14612E-01 -0.36597E+02 -0.44174E+02 -0.50797E+01  0.63072E+00  0.23558E-01  0.77565E+00   1.248   0.574
 0.140        12561  0.28612E-02 -0.12398E-01  0.95373E-02  0.46593E+01 -0.37228E+02  0.10980E+02  0.74270E+00  0.40990E+00  0.52950E+00   1.650   1.277
 0.150        11041 -0.66444E-02 -0.38333E-02 -0.19166E-01  0.67057E+00  0.38483E+02 -0.21111E+02 -0.11036E+00 -0.57183E+00  0.81291E+00   2.416   1.911
 0.160        60350  0.54511E-03 -0.73589E-02 -0.10630E-01 -0.32745E+02 -0.20319E+02  0.94143E+01  0.80903E+00  0.10406E+00  0.57848E+00   2.483   1.786
 0.170       141304 -0.26355E-01  0.81091E-02  0.10136E-01 -0.13337E+02 -0.79630E+01 -0.13956E+02  0.95194E+00 -0.30248E+00  0.48067E-01   2.628   1.685
 0.180       234215 -0.16559E-01  0.91992E-03 -0.11346E-01 -0.11100E+02  0.65381E+02  0.14294E+02  0.84669E+00  0.43317E+00 -0.30898E+00   3.384   1.941
 0.190       429630 -0.51795E-02 -0.45321E-02 -0.32372E-02 -0.89143E+02 -0.53062E+02 -0.31568E+02  0.91619E+00  0.29067E+00 -0.27588E+00   2.353   1.298
 0.200       472217 -0.27257E-02  0.23850E-02 -0.10221E-02  0.51362E+02  0.29577E+02  0.46997E+02  0.83005E+00 -0.18720E+00 -0.52533E+00   1.456   0.508
 0.210       637211  0.71553E-03 -0.71553E-02 -0.10733E-02 -0.11718E+03  0.37753E+02 -0.61804E+02  0.62787E+00  0.62682E+00  0.46139E+00   3.983   1.242
 0.220       561284 -0.37471E-03 -0.44966E-02 -0.14989E-02  0.86670E+01 -0.62271E+01 -0.13456E+03  0.82067E+00  0.13402E+00  0.55547E+00   4.427   1.629
 0.230       588194 -0.39177E-02  0.00000E+00 -0.11753E-02 -0.55782E+02  0.47288E+02  0.41887E+02  0.79818E+00  0.14915E+00  0.58366E+00   6.165   2.045
 0.240       572777  0.00000E+00  0.00000E+00  0.00000E+00 -0.39067E+02 -0.10126E+03  0.77077E+02 -0.20053E-02  0.52776E+00  0.84939E+00   5.899   4.155
 0.250      1279859  0.42584E-03  0.21292E-02 -0.25551E-02  0.57645E+01  0.16366E+02 -0.41828E+02 -0.22840E+00 -0.35966E+00  0.90470E+00   6.026   4.525
 0.260       534933 -0.44287E-02  0.31001E-02  0.13286E-02  0.49394E+02  0.64692E+01 -0.28561E+02 -0.35906E+00 -0.45208E+00  0.81651E+00   4.292   2.245
 0.270       936523 -0.13796E-02  0.45987E-03  0.18395E-02  0.30301E+02 -0.29942E+02  0.13617E+03 -0.43757E+00 -0.15620E+00  0.88552E+00   4.172   1.423
 0.280      1333115 -0.33383E-02  0.14307E-02 -0.95379E-03 -0.92271E+01 -0.58845E+00 -0.41007E+02 -0.39196E+00  0.71298E+00  0.58140E+00   5.980   2.044
 0.290       855214 -0.14817E-02  0.98780E-03  0.39512E-02 -0.32433E+02  0.51883E+01  0.28140E+02 -0.30542E+00  0.73412E+00  0.60646E+00   5.230   1.663
 0.300       551845  0.45995E-02  0.00000E+00 -0.51105E-03  0.19470E+03 -0.56852E+02 -0.91817E+02 -0.17550E+00  0.55046E+00  0.81621E+00   3.440   1.104
 0.310       503669 -0.15843E-02 -0.52811E-03  0.10562E-02 -0.17272E+01 -0.14192E+02 -0.75873E+00 -0.35258E+00  0.44796E+00  0.82160E+00   4.014   1.616
 0.320      2457989 -0.54512E-03  0.27256E-02 -0.10902E-02 -0.10218E+02  0.15568E+03  0.25579E+02 -0.87183E-03  0.58122E+00  0.81375E+00   7.031   2.112
 0.330      2429720  0.28099E-02  0.56199E-03  0.00000E+00  0.44905E+02  0.25611E+02 -0.86741E+02 -0.30333E-01  0.64320E+00  0.76510E+00   6.587   1.475
 0.340      2689076  0.00000E+00  0.00000E+00  0.40532E-02 -0.81791E+02 -0.20790E+02  0.27706E+01 -0.15246E+00  0.80048E+00  0.57964E+00   7.041   1.736
 0.350      3820544  0.59615E-03  0.23846E-02  0.11923E-02 -0.17809E+03  0.58531E+02  0.29258E+02 -0.28727E+00  0.80793E+00  0.51452E+00   7.178   1.677
 0.360      4576722  0.00000E+00  0.00000E+00  0.61326E-03 -0.42099E+02  0.24309E+02  0.78809E+02 -0.27244E+00  0.89347E+00  0.35706E+00   3.046   0.794
