  25
 0.120  1.05000E+00  1.80503E+07  1.33098E+07  1.61355E+07  1.77857E+07  6.34033E+05  3.57578E+08  3.37286E-03
 0.130  1.42500E+00  5.52623E+07  1.60778E+07  1.97136E+07  5.33008E+07  9.27111E+05  6.18382E+08  1.52398E-02
 0.140  1.76250E+00  4.21318E+07  2.34174E+07  2.85216E+07  3.60704E+07  5.82922E+06  1.05511E+09  6.36763E-02
 0.150  2.51250E+00  5.32209E+07  3.34263E+07  4.12865E+07  4.74129E+07  2.15038E+06  1.76361E+09  9.62210E-03
 0.160  2.92500E+00  5.37448E+08  2.01064E+08  2.32535E+08  4.90737E+08  1.21297E+08  4.44806E+09  1.90764E+00
 0.170  3.30000E+00  6.11641E+08  3.94449E+08  4.70026E+08  5.49712E+08  1.32044E+08  5.33457E+09  1.36617E+00
 0.180  3.78750E+00  9.47155E+08  6.11726E+08  7.38296E+08  8.64137E+08  1.53423E+08  7.32398E+09  1.77308E+00
 0.190  4.08750E+00  1.86888E+09  1.27912E+09  1.51530E+09  1.72818E+09  5.52598E+08  1.14517E+10  8.29732E+00
 0.200  4.31250E+00  8.29440E+08  1.99378E+09  2.39938E+09  7.35643E+08  6.67020E+08  9.70307E+09  5.66542E+00
 0.210  4.53750E+00  6.73930E+08  2.15873E+09  2.67687E+09  6.03358E+08  1.47703E+08  1.04877E+10  1.25661E+00
 0.220  4.83750E+00  6.14746E+08  2.24993E+09  2.84033E+09  5.28331E+08  9.19220E+07  1.14319E+10  9.87852E-01
 0.230  6.97500E+00  1.23261E+09  2.44716E+09  3.13529E+09  1.04494E+09  6.03260E+07  1.91146E+10  6.58275E-01
 0.240  7.80000E+00  4.46137E+09  4.06398E+09  5.03477E+09  4.01136E+09  1.21313E+09  4.00767E+10  1.93719E+01
 0.250  8.40000E+00  2.77747E+09  5.70155E+09  7.17840E+09  2.33557E+09  4.09855E+08  3.52485E+10  3.22960E+00
 0.260  9.03750E+00  6.22109E+09  7.22057E+09  9.11823E+09  5.47479E+09  9.09707E+08  4.53324E+10  1.24061E+01
 0.270  1.00500E+01  6.02009E+09  1.03801E+10  1.29754E+10  5.28617E+09  2.41215E+09  5.62807E+10  2.58630E+01
 0.280  1.09125E+01  6.91972E+09  1.21386E+10  1.53400E+10  5.97199E+09  1.38580E+09  6.69100E+10  1.60816E+01
 0.290  1.25250E+01  6.16391E+09  1.36722E+10  1.74627E+10  5.15729E+09  1.19629E+09  8.16660E+10  1.25647E+01
 0.300  1.33500E+01  7.05385E+09  1.58835E+10  2.02749E+10  5.81430E+09  2.07857E+09  8.37042E+10  2.42424E+01
 0.310  1.39500E+01  1.05667E+10  2.08404E+10  2.67497E+10  9.01452E+09  2.29043E+09  1.08900E+11  2.78144E+01
 0.320  1.45875E+01  1.24294E+10  2.38452E+10  3.07123E+10  1.06366E+10  2.13148E+09  1.02725E+11  2.33178E+01
 0.330  1.60875E+01  1.23986E+10  2.66881E+10  3.45419E+10  1.06639E+10  2.11814E+09  1.15497E+11  2.37887E+01
 0.340  1.77750E+01  1.01563E+10  3.69266E+10  4.82441E+10  8.41460E+09  2.34889E+09  1.65713E+11  2.51983E+01
 0.350  1.88250E+01  1.64154E+10  5.07913E+10  6.65738E+10  1.38607E+10  2.34082E+09  2.30086E+11  2.73812E+01
 0.360  1.95750E+01  1.29248E+10  4.22872E+10  5.54571E+10  1.04390E+10  3.56822E+09  1.93906E+11  4.08091E+01
