  25
 0.120  1.55852E+07  1.30381E+07  1.58164E+07  1.53708E+07  5.65164E+05  3.28812E+08  2.20990E-03
 0.130  2.91141E+07  1.34555E+07  1.65530E+07  2.83366E+07  4.47419E+05  3.58659E+08  8.02584E-03
 0.140  1.04530E+07  1.55070E+07  1.91365E+07  9.14136E+06  2.34564E+06  3.96902E+08  1.78746E-02
 0.150  6.75619E+05  1.50305E+07  1.88072E+07  3.59748E+05  3.44118E+05  3.26567E+08  6.82992E-04
 0.160  8.40804E+07  4.23933E+07  4.89103E+07  7.82657E+07  2.59023E+07  5.01407E+08  4.60038E-01
 0.170  5.21531E+07  7.78987E+07  9.34365E+07  4.77618E+07  2.52531E+07  7.00856E+08  2.10985E-01
 0.180  1.27977E+08  1.29740E+08  1.55960E+08  1.21389E+08  3.71456E+07  9.08036E+08  4.99389E-01
 0.190  5.24578E+08  4.38057E+08  5.04657E+08  5.10315E+08  2.61498E+08  1.38741E+09  4.35762E+00
 0.200  2.76004E+08  1.05799E+09  1.24699E+09  2.67539E+08  5.45464E+08  1.42225E+09  4.75843E+00
 0.210  7.04575E+07  1.09683E+09  1.34152E+09  6.65094E+07  1.14745E+08  1.29014E+09  8.70603E-01
 0.220  3.99244E+07  1.05203E+09  1.31935E+09  3.70074E+07  2.39955E+07  1.22280E+09  2.62407E-01
 0.230  5.51269E+07  1.05232E+09  1.34101E+09  5.24674E+07  2.55690E+07  1.24674E+09  2.45539E-01
 0.240  4.15762E+06  1.02788E+09  1.32279E+09  3.82718E+06  3.47590E+07  1.19378E+09  2.96513E-01
 0.250  1.40866E+08  1.69644E+09  2.13213E+09  1.34606E+08  1.35817E+08  1.20925E+09  1.55424E+00
 0.260  4.52529E+08  1.94719E+09  2.44686E+09  4.41179E+08  3.62964E+08  1.61554E+09  4.75664E+00
 0.270  4.93792E+08  3.07756E+09  3.81409E+09  4.79068E+08  8.83462E+08  1.94203E+09  1.00681E+01
 0.280  3.27875E+08  3.63688E+09  4.57471E+09  3.20072E+08  4.01551E+08  2.11254E+09  4.38096E+00
 0.290  3.32275E+08  3.72818E+09  4.75218E+09  3.23870E+08  2.91363E+08  2.03622E+09  3.27430E+00
 0.300  5.62013E+08  4.91811E+09  6.19732E+09  5.47101E+08  1.02166E+09  2.31656E+09  1.28151E+01
 0.310  1.16014E+09  6.27408E+09  7.88351E+09  1.14450E+09  1.20383E+09  2.42622E+09  1.50180E+01
 0.320  6.14327E+08  7.41598E+09  9.38699E+09  6.04589E+08  9.43426E+08  2.57330E+09  9.20211E+00
 0.330  1.59700E+08  5.27202E+09  6.80370E+09  1.53952E+08  1.92530E+08  1.99440E+09  2.00983E+00
 0.340  1.48104E+08  5.14317E+09  6.70994E+09  1.43030E+08  1.15247E+08  1.77733E+09  1.23074E+00
 0.350  1.45736E+08  4.75005E+09  6.25087E+09  1.41269E+08  1.19576E+08  1.85390E+09  1.33110E+00
 0.360  1.06187E+09  5.08885E+09  6.62091E+09  1.04885E+09  6.02142E+08  1.79030E+09  8.46271E+00
