  25
 0.120 -9.60166E-03 -2.13949E-02 -6.01419E-02  4.50121E+01 -3.81730E+01 -3.97054E+01 -3.27059E-01 -6.45341E-01  6.90338E-01  9.36645E+00   0.946   0.752  1.55753E+07  1.53593E+07  1.01749E+06  0.00000E+00  3.36710E+07  3.22985E-05  2.34115E+02   6.844   7.152
 0.130 -3.27746E-01 -1.95098E-01  2.06042E-01 -2.56020E+01  7.78608E+00  7.70571E+00  6.30723E-01  2.35576E-02  7.75650E-01  1.68262E+01   1.248   0.574  4.27503E+07  4.19543E+07  9.06902E+05  1.94893E+05  4.78045E+07  2.34719E-03  2.90712E+02   7.120   7.114
 0.140 -5.23549E-04 -5.15774E-02 -2.43361E-01 -4.18608E-01  1.66628E+01 -1.11258E+01  7.42705E-01  4.09901E-01  5.29500E-01  3.22642E+01   1.650   1.277  4.24111E+07  3.84163E+07  4.55671E+06  1.07401E+06  1.34933E+08  2.81891E-02  2.36741E+02   7.301   7.087
 0.150 -1.13062E+00 -6.19833E-01 -1.72282E-01  5.81512E+01 -2.19328E+01  1.00237E+01 -1.10360E-01 -5.71835E-01  8.12912E-01  9.83803E+01   2.416   1.911  5.45369E+07  4.89223E+07  8.43872E+06  4.52484E+06  3.28064E+08  2.30987E-03  3.45383E+02   7.442   7.116
 0.160 -2.04168E-01 -8.88620E-01  3.83144E-01  2.00381E+01  2.45787E+01 -6.03208E+01  8.09033E-01  1.04058E-01  5.78479E-01  2.25984E+01   2.483   1.786  4.31650E+08  4.08800E+08  2.03380E+07  4.34301E+06  2.60555E+08  2.14534E-01  1.40511E+02   7.839   7.573
 0.170 -1.11356E-01 -1.24523E-01 -6.14563E-01  5.52258E+01  8.25683E+01 -6.39437E+01  9.51944E-01 -3.02477E-01  4.80667E-02  4.43633E+01   2.628   1.685  4.41218E+08  4.08123E+08  3.49500E+07  2.12190E+07  5.22441E+08  7.15949E-02  2.96807E+02   7.787   7.537
 0.180 -3.14776E-01  1.86846E-02 -6.69238E-02  1.62473E+01  2.77577E+01  9.75966E+00  8.46695E-01  4.33173E-01 -3.08980E-01  8.37307E+01   3.384   1.941  7.37560E+08  6.94297E+08  3.30127E+07  6.98990E+06  2.44593E+08  2.49380E-01  1.39605E+02   7.836   7.664
 0.190 -1.49251E-01  3.27771E-01  2.47217E-02  2.11741E+01 -3.07061E+01 -2.35938E+01  9.16188E-01  2.90672E-01 -2.75880E-01  2.08915E+01   2.353   1.298  1.06175E+09  1.08539E+09  1.02138E+08  1.13617E+07  3.29144E+08  1.17305E+00  1.12620E+02   8.074   7.930
 0.200 -1.18322E-02  1.08941E-03 -3.59633E-03 -1.76450E+00  2.96859E+00  1.87233E+00  8.30052E-01 -1.87203E-01 -5.25327E-01  8.51936E+00   1.456   0.508  2.72214E+08  3.92668E+08  1.91284E+08  5.62559E+06  1.38592E+08  1.27631E+00  1.09280E+02   8.614   8.400
 0.210  3.38680E-01  2.70697E-01 -4.24904E-01  4.28337E+00  7.25392E+00  1.53049E+01  6.27871E-01  6.26817E-01  4.61388E-01  1.34613E+02   3.983   1.242  4.40561E+08  4.32467E+08  1.38384E+08  3.43980E+07  5.24104E+08  3.34048E-01  3.05939E+02   8.297   8.094
 0.220 -1.47506E-01  7.48769E-01 -1.74989E-01 -1.64412E+01 -3.88917E+00  2.27990E+01  8.20668E-01  1.34017E-01  5.55468E-01  2.02413E+02   4.427   1.629  4.45663E+08  4.48835E+08  2.55107E+08  5.25736E+07  6.92292E+08  5.80328E-01  3.14733E+02   8.172   8.187
 0.230 -6.86277E-01  6.02223E-01  6.47417E-01 -2.65629E+01 -4.56490E+01  2.66764E+01  7.98182E-01  1.49146E-01  5.83662E-01  3.61320E+02   6.165   2.045  8.71233E+08  7.99055E+08  3.10850E+08  6.57759E+07  1.12943E+09  3.57071E-01  4.06952E+02   8.009   8.207
 0.240 -1.95824E+00  8.84418E-02  2.14915E+00  2.82504E+01 -2.52694E+01 -2.46643E+01 -2.00530E-03  5.27762E-01  8.49390E-01  2.55091E+02   5.899   4.155  3.03922E+09  3.11642E+09  5.48950E+08  7.43656E+07  2.00762E+09  5.10331E+00  2.77356E+02   8.157   8.088
 0.250 -1.18816E-01  2.84495E-01  4.28257E-01 -9.00355E+00 -1.95583E+01 -2.58276E+01 -2.28404E-01 -3.59664E-01  9.04696E-01  1.90532E+02   6.026   4.525  1.56032E+09  1.37469E+09  2.91031E+08  5.05818E+07  1.11630E+09  2.70222E-01  4.58572E+02   8.288   8.236
 0.260 -1.77307E-01 -1.03790E-01  1.68405E-01 -1.16768E+01 -1.68584E+01  3.76481E+00 -3.59061E-01 -4.52083E-01  8.16514E-01  2.33444E+02   4.292   2.245  2.86044E+09  3.04380E+09  6.34049E+08  6.57032E+07  1.05902E+09  5.59278E+00  3.04047E+02   8.326   8.325
 0.270 -1.02426E-01 -1.21181E-02 -3.19344E-02  8.81160E-01 -7.85189E+00  7.12324E+00 -4.37566E-01 -1.56198E-01  8.85516E-01  2.05830E+02   4.172   1.423  2.49681E+09  3.18886E+09  1.40852E+09  1.30519E+08  1.07647E+09  1.06490E+01  2.49752E+02   8.472   8.342
 0.280 -1.31724E-01 -3.10736E-01  1.96170E-01  1.96800E+01 -2.23388E+01 -1.86014E+01 -3.91961E-01  7.12979E-01  5.81402E-01  4.21914E+02   5.980   2.044  3.59599E+09  3.84894E+09  9.83012E+08  1.82974E+08  2.04030E+09  6.91396E+00  3.71156E+02   8.391   8.223
 0.290 -3.17426E-01 -7.75679E-02  4.09783E-02 -2.70343E+01 -1.01418E+01 -4.56214E+00 -3.05424E-01  7.34117E-01  6.06456E-01  2.74616E+02   5.230   1.663  2.31482E+09  2.65982E+09  1.39718E+09  1.84496E+08  1.76835E+09  5.11347E+00  3.46652E+02   8.472   8.327
 0.300 -2.43565E-01 -3.97750E-02 -4.55434E-02  7.62030E+00 -9.78962E+00  1.11039E+01 -1.75499E-01  5.50460E-01  8.16207E-01  1.55822E+02   3.440   1.104  1.54051E+09  2.78709E+09  2.72057E+09  1.13036E+08  1.02310E+09  1.61209E+01  2.80154E+02   8.648   8.532
 0.310  2.81610E-02  8.95980E-02 -6.78206E-02  7.36834E+00 -1.82606E+01 -1.51424E+01 -3.52585E-01  4.47955E-01  8.21596E-01  1.98562E+02   4.014   1.616  2.60001E+09  3.55218E+09  3.37580E+09  1.84405E+08  1.39714E+09  1.37411E+01  3.53490E+02   8.575   8.581
 0.320  7.50406E-01 -7.80935E-02 -8.62649E-03  1.27026E+01  4.06476E+01 -1.43515E+01 -8.71826E-04  5.81218E-01  8.13748E-01  5.55476E+02   7.031   2.112  4.80153E+09  5.43199E+09  3.26611E+09  3.31219E+08  3.18752E+09  1.21211E+01  4.38482E+02   8.493   8.535
 0.330 -2.56900E-01  2.36591E-01 -3.07903E-01 -2.11038E+01 -1.91652E+01  7.22259E+00 -3.03329E-02  6.43200E-01  7.65097E-01  7.30311E+02   6.587   1.475  5.41947E+09  6.70826E+09  5.81823E+09  3.10741E+08  2.60663E+09  1.93140E+01  3.73435E+02   8.465   8.575
 0.340 -7.47806E-01 -8.37194E-02  1.99167E-01 -1.64819E+01 -4.50194E+00  5.80930E+00 -1.52462E-01  8.00483E-01  5.79640E-01  7.44658E+02   7.041   1.736  4.81479E+09  6.33189E+09  7.13231E+09  5.19349E+08  3.44783E+09  2.01411E+01  4.13149E+02   8.562   8.536
 0.350  1.75274E-01  1.56429E-01 -2.03248E-01 -5.03505E+01 -2.77779E+01  3.49696E+01 -2.87266E-01  8.07930E-01  5.14517E-01  7.45034E+02   7.178   1.677  4.47490E+09  5.30930E+09  6.67709E+09  8.59733E+08  3.66931E+09  1.40267E+01  5.78656E+02   8.590   8.558
 0.360 -1.84087E-01 -1.21903E-01  7.42509E-02  5.63358E+01 -8.62903E+00  1.51867E+01 -2.72437E-01  8.93469E-01  3.57058E-01  2.38343E+02   3.046   0.794  3.33485E+09  4.73747E+09  4.69791E+09  4.60278E+08  1.15246E+09  2.00624E+01  6.04766E+02   8.643   8.637
