  25
 0.120  7.00000E+00  5.58768E+09  5.85870E+01
 0.130  9.50000E+00  1.10036E+10  7.05734E+01
 0.140  1.17500E+01  1.69402E+10  7.87362E+01
 0.150  1.67500E+01  3.85275E+10  9.94516E+01
 0.160  1.95000E+01  5.07072E+10  1.05743E+02
 0.170  2.20000E+01  6.00680E+10  1.08354E+02
 0.180  2.52500E+01  7.69546E+10  1.14478E+02
 0.190  2.72500E+01  8.16429E+10  1.13504E+02
 0.200  2.87500E+01  8.30383E+10  1.11443E+02
 0.210  3.02500E+01  8.24412E+10  1.08254E+02
 0.220  3.22500E+01  8.76593E+10  1.08111E+02
 0.230  4.65000E+01  2.27156E+11  1.44934E+02
 0.240  5.20000E+01  2.75816E+11  1.51023E+02
 0.250  5.60000E+01  3.05011E+11  1.53038E+02
 0.260  6.02500E+01  3.42855E+11  1.56427E+02
 0.270  6.70000E+01  4.29335E+11  1.65995E+02
 0.280  7.27500E+01  4.95525E+11  1.71140E+02
 0.290  8.35000E+01  6.78994E+11  1.86992E+02
 0.300  8.90000E+01  7.31866E+11  1.88042E+02
 0.310  9.30000E+01  7.69446E+11  1.88617E+02
 0.320  9.72500E+01  8.07601E+11  1.88968E+02
 0.330  1.07250E+02  9.92656E+11  1.99496E+02
 0.340  1.18500E+02  1.22403E+12  2.10752E+02
 0.350  1.25500E+02  1.33160E+12  2.13599E+02
 0.360  1.30500E+02  1.38221E+12  2.13411E+02
