  25
 0.120   0.946  2.12952E-03  2.24221E-03  6.58032E-03
 0.130   1.248  1.18593E-02  1.45455E-02  7.95525E-03
 0.140   1.650  5.36974E-02  5.46204E-02  5.46074E-02
 0.150   2.416  8.15425E-03  4.52404E-03  2.71369E-02
 0.160   2.483  1.53093E+00  1.69353E+00  1.09539E+00
 0.170   2.628  1.15770E+00  1.10302E+00  1.27893E+00
 0.180   3.384  1.63259E+00  1.62318E+00  1.60642E+00
 0.190   2.353  7.28933E+00  8.33263E+00  5.07420E+00
 0.200   1.456  5.05223E+00  4.32545E+00  6.56393E+00
 0.210   3.983  1.21251E+00  1.09785E+00  1.59282E+00
 0.220   4.427  9.34244E-01  9.00952E-01  1.00144E+00
 0.230   6.165  6.35140E-01  6.67022E-01  6.32582E-01
 0.240   5.899  1.70189E+01  1.88776E+01  1.17164E+01
 0.250   6.026  2.64016E+00  2.56684E+00  3.90193E+00
 0.260   4.292  1.09579E+01  1.19278E+01  8.81038E+00
 0.270   4.172  2.41002E+01  2.21917E+01  2.48818E+01
 0.280   5.980  1.42535E+01  1.46302E+01  1.40064E+01
 0.290   5.230  9.20476E+00  9.34241E+00  9.58650E+00
 0.300   3.440  2.20544E+01  2.05792E+01  2.14721E+01
 0.310   4.014  2.19878E+01  2.15112E+01  2.06936E+01
 0.320   7.031  2.16776E+01  2.12246E+01  2.26617E+01
 0.330   6.587  2.25627E+01  2.23858E+01  2.24822E+01
 0.340   7.041  2.27417E+01  2.26164E+01  2.37157E+01
 0.350   7.178  1.79081E+01  1.84436E+01  1.63631E+01
 0.360   3.046  3.19920E+01  3.42709E+01  2.77310E+01
