  21
 0.110       886043        17129       394663
 0.120      1536663        33825       713994
 0.130      2389798        54323      1106406
 0.140      3380956        93106      1551569
 0.150      5373565       146716      2521686
 0.160      7077608       199339      3297066
 0.170      8873474       317361      4156234
 0.180     11113727       426862      5243868
 0.190     12774153       517967      6076425
 0.200     15813035       720117      7657018
 0.210     18619340       941337      8953135
 0.220     20612700      1190358      9956528
 0.230     23295243      1487159     11170396
 0.240     26943077      1934969     12897261
 0.250     30361958      2409814     14421089
 0.260     32378662      2735135     15522924
 0.270     34388828      3162659     16527644
 0.280     36184396      3711495     17416978
 0.290     39780225      4213534     18956569
 0.300     41540593      4866277     19895171
 0.310     43786198      5557070     20893001
