  28
 0.100   0.713   0.557  5.03320E+05  5.94847E+05  4.98988E+05  1.30352E+02  0.00000E+00  0.00000E+00  0.00000E+00  5.03320E+05  5.94847E+05  4.98988E+05
 0.110   1.000   0.703  2.21812E+06  2.56812E+06  2.19899E+06  1.33123E+02  4.17512E+05  5.06017E+05  4.11337E+05  1.80061E+06  2.06211E+06  1.78765E+06
 0.120   1.330   0.687  1.31947E+07  1.50085E+07  1.31274E+07  9.45662E+01  1.06692E+06  1.30079E+06  1.04955E+06  1.21277E+07  1.37077E+07  1.20778E+07
 0.130   1.330   0.538  4.55229E+07  5.19174E+07  4.52982E+07  1.04084E+02  5.79333E+06  7.08295E+06  5.71092E+06  3.97296E+07  4.48345E+07  3.95873E+07
 0.140   1.347   0.662  3.55476E+07  4.20900E+07  3.52875E+07  1.64262E+02  7.00178E+06  8.54850E+06  6.92119E+06  2.85458E+07  3.35415E+07  2.83663E+07
 0.150   2.051   0.919  5.90010E+07  7.10424E+07  5.83934E+07  2.37719E+02  1.54067E+07  1.91825E+07  1.51621E+07  4.35943E+07  5.18599E+07  4.32313E+07
 0.160   2.377   1.383  4.60159E+07  5.37896E+07  4.57347E+07  1.64680E+02  3.78332E+06  4.74233E+06  3.71832E+06  4.22326E+07  4.90473E+07  4.20164E+07
 0.170   1.749   0.500  2.90528E+08  3.23033E+08  2.89941E+08  6.82238E+01  5.40630E+06  6.79759E+06  5.29470E+06  2.85122E+08  3.16235E+08  2.84647E+08
 0.180   2.646   1.074  7.26872E+08  8.48088E+08  7.24730E+08  1.15147E+02  2.53755E+07  3.12448E+07  2.51049E+07  7.01497E+08  8.16844E+08  6.99625E+08
 0.190   2.343   0.500  4.85185E+08  5.63485E+08  4.83374E+08  1.37036E+02  1.56433E+07  1.99001E+07  1.53197E+07  4.69542E+08  5.43585E+08  4.68054E+08
 0.200   2.517   0.555  1.29243E+09  1.53440E+09  1.28724E+09  1.66289E+02  4.40659E+07  5.48469E+07  4.35030E+07  1.24836E+09  1.47955E+09  1.24373E+09
 0.210   1.845   0.500  2.37353E+09  2.84885E+09  2.36192E+09  2.08507E+02  4.10835E+07  5.20420E+07  4.04297E+07  2.33245E+09  2.79681E+09  2.32149E+09
 0.220   2.926   0.500  2.86741E+09  3.51950E+09  2.84908E+09  2.77520E+02  7.90157E+07  9.96437E+07  7.79908E+07  2.78840E+09  3.41985E+09  2.77109E+09
 0.230   3.450   0.754  3.14893E+09  3.94211E+09  3.12196E+09  3.74189E+02  1.26259E+08  1.61012E+08  1.24517E+08  3.02267E+09  3.78110E+09  2.99744E+09
 0.240   4.232   1.396  3.47341E+09  4.39664E+09  3.43687E+09  4.65001E+02  1.92106E+08  2.47240E+08  1.89183E+08  3.28131E+09  4.14940E+09  3.24769E+09
 0.250   3.456   0.539  3.46241E+09  4.39603E+09  3.42189E+09  5.28553E+02  1.09973E+08  1.43320E+08  1.07850E+08  3.35244E+09  4.25271E+09  3.31404E+09
 0.260   5.034   0.958  3.86743E+09  4.95085E+09  3.81807E+09  5.96124E+02  2.11071E+08  2.73043E+08  2.07477E+08  3.65635E+09  4.67781E+09  3.61059E+09
 0.270   5.383   1.002  3.94982E+09  5.11214E+09  3.89251E+09  6.98472E+02  2.33692E+08  3.05501E+08  2.29219E+08  3.71613E+09  4.80664E+09  3.66330E+09
 0.280   6.304   1.419  3.52624E+09  4.56532E+09  3.47289E+09  7.52292E+02  2.38219E+08  3.13464E+08  2.33157E+08  3.28803E+09  4.25186E+09  3.23973E+09
 0.290   8.438   3.565  2.72469E+09  3.46981E+09  2.68658E+09  7.10680E+02  3.45577E+08  4.54616E+08  3.38346E+08  2.37912E+09  3.01520E+09  2.34823E+09
 0.300   3.738   0.799  4.68471E+09  6.07222E+09  4.60785E+09  8.69767E+02  1.85947E+08  2.49339E+08  1.80731E+08  4.49876E+09  5.82288E+09  4.42712E+09
 0.310   5.599   2.796  5.58405E+09  7.25476E+09  5.49445E+09  8.82589E+02  3.70512E+08  4.89384E+08  3.61850E+08  5.21353E+09  6.76538E+09  5.13260E+09
 0.320   4.215   0.871  5.15166E+09  6.38169E+09  5.09265E+09  6.40289E+02  4.62648E+08  6.06711E+08  4.54603E+08  4.68901E+09  5.77498E+09  4.63804E+09
 0.330   2.550   0.500  6.63699E+09  8.24459E+09  6.57221E+09  5.76866E+02  4.36692E+08  5.74623E+08  4.29479E+08  6.20030E+09  7.66997E+09  6.14274E+09
 0.340   4.569   1.445  8.72659E+09  1.10094E+10  8.64224E+09  6.06700E+02  8.96651E+08  1.16554E+09  8.83879E+08  7.82994E+09  9.84381E+09  7.75836E+09
 0.350   7.935   2.850  3.77036E+09  4.87837E+09  3.71425E+09  8.93169E+02  7.66963E+08  1.01602E+09  7.52300E+08  3.00340E+09  3.86235E+09  2.96195E+09
 0.360  11.418   3.057  7.85141E+09  1.01972E+10  7.74847E+09  8.51333E+02  1.58797E+09  2.13050E+09  1.55507E+09  6.26343E+09  8.06668E+09  6.19340E+09
 0.370  13.783   4.112  1.03168E+10  1.34691E+10  1.01828E+10  8.83306E+02  1.22319E+09  1.63815E+09  1.19821E+09  9.09357E+09  1.18309E+10  8.98458E+09
