  28
 0.100  4.75000E+00  3.04111E+09  5.24691E+01
 0.110  7.50000E+00  8.54146E+09  6.99793E+01
 0.120  9.50000E+00  1.34589E+10  7.80508E+01
 0.130  1.15000E+01  1.89371E+10  8.41476E+01
 0.140  1.35000E+01  2.40468E+10  8.75177E+01
 0.150  1.62500E+01  3.47933E+10  9.59523E+01
 0.160  2.02500E+01  5.43095E+10  1.07389E+02
 0.170  2.37500E+01  7.48748E+10  1.16431E+02
 0.180  2.70000E+01  9.14885E+10  1.20708E+02
 0.190  2.95000E+01  1.01594E+11  1.21690E+02
 0.200  3.12500E+01  1.05736E+11  1.20621E+02
 0.210  3.30000E+01  1.06504E+11  1.17804E+02
 0.220  3.47500E+01  1.07927E+11  1.15564E+02
 0.230  3.67500E+01  1.12432E+11  1.14697E+02
 0.240  3.87500E+01  1.16534E+11  1.13717E+02
 0.250  4.05000E+01  1.17397E+11  1.11644E+02
 0.260  4.32500E+01  1.29161E+11  1.13320E+02
 0.270  5.07500E+01  1.87768E+11  1.26133E+02
 0.280  6.02500E+01  2.81639E+11  1.41776E+02
 0.290  6.50000E+01  3.21563E+11  1.45851E+02
 0.300  7.02500E+01  3.63375E+11  1.49138E+02
 0.310  7.82500E+01  4.55938E+11  1.58287E+02
 0.320  8.35000E+01  5.09192E+11  1.61932E+02
 0.330  8.82500E+01  5.48299E+11  1.63450E+02
 0.340  9.50000E+01  6.28900E+11  1.68719E+02
 0.350  9.90000E+01  6.57185E+11  1.68951E+02
 0.360  1.03000E+02  6.91637E+11  1.69924E+02
 0.370  1.08750E+02  7.52087E+11  1.72446E+02
