  28
 0.100         9559  0.88649E-02  0.34096E-03 -0.78421E-02  0.25993E+02 -0.13399E+02 -0.26213E+01 -0.14783E+00 -0.69512E+00  0.70353E+00   0.713   0.557
 0.110        14555 -0.78777E-02 -0.26259E-02  0.25884E-01 -0.85867E+01  0.32079E+02 -0.27630E+02 -0.74674E+00  0.65785E+00 -0.98052E-01   1.000   0.703
 0.120        34856 -0.12265E-01 -0.20441E-02  0.63368E-02 -0.11998E+02 -0.48623E+02  0.75378E+01 -0.85770E+00  0.37576E+00  0.35094E+00   1.330   0.687
 0.130       157106 -0.11521E-01  0.39879E-02  0.00000E+00  0.12331E+02  0.97172E+01  0.10922E+02 -0.74915E+00  0.55622E+00  0.35971E+00   1.330   0.538
 0.140       152799  0.71622E-02 -0.47748E-03 -0.88334E-02 -0.47381E+02 -0.23357E+01  0.12022E+02 -0.57409E+00  0.27629E+00  0.77077E+00   1.347   0.662
 0.150       159487  0.20467E-02  0.25584E-02  0.25584E-02 -0.62903E+02  0.13706E+02 -0.57090E+02 -0.29310E+00  0.88381E+00  0.36467E+00   2.051   0.919
 0.160       206820 -0.49115E-02 -0.81858E-03  0.68215E-02 -0.61083E+02  0.98445E+01  0.22071E+02  0.55260E+00  0.28167E+00  0.78441E+00   2.377   1.383
 0.170       312815  0.28959E-02  0.11584E-02 -0.57918E-03  0.25176E+02 -0.84762E+02  0.12342E+03  0.64759E+00  0.27983E+00  0.70874E+00   1.749   0.500
 0.180       204865 -0.12276E-02 -0.30690E-02  0.15345E-02  0.78175E+02 -0.35902E+02  0.29666E+03 -0.16616E+00  0.45758E+00  0.87351E+00   2.646   1.074
 0.190       402578  0.12946E-02  0.00000E+00  0.12946E-02  0.56471E+02 -0.99128E+02 -0.40892E+02  0.54901E+00 -0.82965E+00 -0.10137E+00   2.343   0.500
 0.200       572277  0.13629E-02 -0.17036E-02  0.68146E-03 -0.15299E+02  0.44200E+02 -0.55585E+02  0.65688E+00 -0.74100E+00 -0.13939E+00   2.517   0.555
 0.210       339987  0.71641E-03 -0.10746E-02 -0.17910E-02 -0.12800E+03 -0.22328E+03  0.27358E+03  0.85668E+00 -0.44894E+00  0.25409E+00   1.845   0.500
 0.220       425823 -0.75041E-03 -0.15008E-02 -0.75041E-03  0.21072E+02 -0.28412E+03  0.20452E+02  0.87072E+00 -0.45767E+00  0.17994E+00   2.926   0.500
 0.230       742359 -0.15681E-02 -0.31362E-02  0.78405E-03  0.12741E+03 -0.17073E+03 -0.26574E+03  0.86018E+00 -0.50482E+00  0.72478E-01   3.450   0.754
 0.240       321463  0.81848E-03 -0.16370E-02  0.24554E-02 -0.58263E+02 -0.32984E+02 -0.10811E+03  0.79341E+00 -0.59531E+00  0.12692E+00   4.232   1.396
 0.250       363190 -0.85271E-03 -0.85271E-03  0.85271E-03  0.79359E+02 -0.12267E+02 -0.26885E+03  0.92091E+00 -0.35939E+00  0.15088E+00   3.456   0.539
 0.260       412774 -0.17716E-02 -0.31003E-02 -0.44290E-03 -0.85390E+02 -0.39686E+03 -0.11148E+03  0.92053E+00 -0.37930E+00 -0.93566E-01   5.034   0.958
 0.270       190849 -0.91965E-03  0.91965E-03 -0.13795E-02 -0.38522E+03 -0.20313E+03  0.13314E+03  0.88501E+00 -0.42295E+00 -0.19463E+00   5.383   1.002
 0.280       896641  0.00000E+00  0.23868E-02 -0.28642E-02 -0.11966E+02  0.15310E+03 -0.69316E+02  0.70537E+00 -0.46879E+00 -0.53169E+00   6.304   1.419
 0.290       273342 -0.98959E-03 -0.19792E-02 -0.14844E-02 -0.31657E+03 -0.23756E+03 -0.52202E+02  0.36800E+00 -0.41923E+00 -0.82995E+00   8.438   3.565
 0.300       321314  0.10232E-02  0.15348E-02  0.51160E-03  0.42732E+03 -0.12394E+03 -0.22490E+03  0.66500E+00 -0.21430E+00 -0.71543E+00   3.738   0.799
 0.310       904116 -0.10568E-02  0.15852E-02 -0.31704E-02 -0.29837E+03  0.33223E+02 -0.15249E+03  0.54745E+00 -0.14211E+00 -0.82469E+00   5.599   2.796
 0.320       941009  0.10920E-02 -0.16381E-02 -0.16381E-02 -0.55509E+02 -0.41985E+03  0.90404E+02  0.53758E+00  0.44259E+00 -0.71772E+00   4.215   0.871
 0.330       729248  0.00000E+00 -0.56279E-03  0.28140E-02  0.12826E+03  0.19425E+03  0.28291E+02  0.59507E+00  0.51857E+00 -0.61398E+00   2.550   0.500
 0.340      2703025 -0.11588E-02 -0.11588E-02 -0.11588E-02  0.19781E+03 -0.18648E+03  0.14216E+03  0.41871E+00  0.43214E+00 -0.79871E+00   4.569   1.445
 0.350       763778  0.11930E-02  0.11930E-02 -0.59648E-03  0.27192E+03  0.16653E+03  0.24267E+03 -0.15931E+00  0.19672E+00 -0.96743E+00   7.935   2.850
 0.360       189723  0.12269E-02 -0.12269E-02  0.12269E-02  0.51558E+03  0.45408E+02  0.10926E+02 -0.26998E-01  0.21038E+00 -0.97725E+00  11.418   3.057
 0.370       614215 -0.12614E-02  0.00000E+00 -0.18922E-02 -0.18201E+03 -0.14903E+03 -0.22073E+03 -0.75195E-02  0.40052E+00 -0.91626E+00  13.783   4.112
