  28
 0.100   0.713  1.23431E+07  1.45291E+07  1.22271E+07  1.33607E+02  0.00000E+00  0.00000E+00  0.00000E+00  1.23431E+07  1.45291E+07  1.22271E+07
 0.110   1.000  2.89843E+07  3.35574E+07  2.87331E+07  1.33335E+02  4.24048E+06  5.14054E+06  4.17850E+06  2.47438E+07  2.84169E+07  2.45546E+07
 0.120   1.330  5.87413E+07  6.85669E+07  5.82861E+07  1.37389E+02  7.76039E+06  9.43599E+06  7.64710E+06  5.09809E+07  5.91309E+07  5.06390E+07
 0.130   1.330  1.89354E+08  2.16065E+08  1.88353E+08  1.07934E+02  2.71996E+07  3.32438E+07  2.67948E+07  1.62154E+08  1.82821E+08  1.61558E+08
 0.140   1.347  2.67569E+08  3.16541E+08  2.65695E+08  1.59088E+02  4.67400E+07  5.72934E+07  4.61039E+07  2.20829E+08  2.59247E+08  2.19591E+08
 0.150   2.051  4.09970E+08  4.94162E+08  4.06098E+08  2.22919E+02  8.84831E+07  1.09976E+08  8.70582E+07  3.21487E+08  3.84186E+08  3.19039E+08
 0.160   2.377  6.38980E+08  7.64779E+08  6.33052E+08  2.31235E+02  1.06204E+08  1.33572E+08  1.04083E+08  5.32777E+08  6.31207E+08  5.28969E+08
 0.170   1.749  1.25951E+09  1.47238E+09  1.25189E+09  1.70124E+02  1.02169E+08  1.28710E+08  1.00022E+08  1.15734E+09  1.34367E+09  1.15187E+09
 0.180   2.646  2.09929E+09  2.52372E+09  2.08384E+09  2.24219E+02  2.62726E+08  3.29487E+08  2.58087E+08  1.83656E+09  2.19424E+09  1.82576E+09
 0.190   2.343  3.26924E+09  3.92273E+09  3.24668E+09  2.28081E+02  2.45963E+08  3.12737E+08  2.40771E+08  3.02328E+09  3.60999E+09  3.00591E+09
 0.200   2.517  4.17692E+09  5.10565E+09  4.14282E+09  2.85594E+02  3.24378E+08  4.13841E+08  3.17463E+08  3.85255E+09  4.69181E+09  3.82536E+09
 0.210   1.845  5.03964E+09  6.21040E+09  4.99386E+09  3.33464E+02  2.73400E+08  3.52243E+08  2.66550E+08  4.76624E+09  5.85815E+09  4.72731E+09
 0.220   2.926  5.92075E+09  7.42239E+09  5.85535E+09  4.17629E+02  4.73713E+08  6.10309E+08  4.62700E+08  5.44704E+09  6.81208E+09  5.39264E+09
 0.230   3.450  6.24172E+09  7.94110E+09  6.15804E+09  5.19931E+02  5.44232E+08  7.07410E+08  5.30381E+08  5.69749E+09  7.23369E+09  5.62766E+09
 0.240   4.232  6.68121E+09  8.57865E+09  6.57743E+09  6.18425E+02  6.68079E+08  8.72736E+08  6.50166E+08  6.01313E+09  7.70591E+09  5.92727E+09
 0.250   3.456  7.02973E+09  9.06755E+09  6.91030E+09  6.97803E+02  5.94691E+08  7.82568E+08  5.76827E+08  6.43504E+09  8.28498E+09  6.33348E+09
 0.260   5.034  7.57961E+09  9.85288E+09  7.43855E+09  7.89474E+02  7.75211E+08  1.02272E+09  7.51568E+08  6.80440E+09  8.83016E+09  6.68698E+09
 0.270   5.383  7.75051E+09  1.01624E+10  7.59087E+09  9.02621E+02  8.05712E+08  1.06915E+09  7.79094E+08  6.94479E+09  9.09322E+09  6.81178E+09
 0.280   6.304  8.20046E+09  1.07841E+10  8.01992E+09  9.94625E+02  8.77915E+08  1.17060E+09  8.46731E+08  7.32254E+09  9.61346E+09  7.17319E+09
 0.290   8.438  9.35491E+09  1.22688E+10  9.14638E+09  1.03754E+03  1.25986E+09  1.67718E+09  1.21731E+09  8.09505E+09  1.05916E+10  7.92907E+09
 0.300   3.738  9.21566E+09  1.20981E+10  9.00705E+09  1.09497E+03  6.62849E+08  8.92190E+08  6.34836E+08  8.55281E+09  1.12059E+10  8.37222E+09
 0.310   5.599  1.46321E+10  1.90885E+10  1.43523E+10  9.73708E+02  4.87389E+09  6.30606E+09  4.79631E+09  9.75822E+09  1.27825E+10  9.55595E+09
 0.320   4.215  1.65930E+10  2.13801E+10  1.63001E+10  9.30027E+02  4.05159E+09  5.31359E+09  3.97937E+09  1.25415E+10  1.60665E+10  1.23207E+10
 0.330   2.550  1.69428E+10  2.18762E+10  1.66492E+10  9.41924E+02  3.25724E+09  4.30748E+09  3.19635E+09  1.36856E+10  1.75687E+10  1.34528E+10
 0.340   4.569  2.09970E+10  2.73719E+10  2.06224E+10  1.00370E+03  4.57701E+09  6.08779E+09  4.48173E+09  1.64200E+10  2.12841E+10  1.61406E+10
 0.350   7.935  2.36173E+10  3.11017E+10  2.31633E+10  1.10554E+03  5.87317E+09  7.86665E+09  5.74115E+09  1.77441E+10  2.32351E+10  1.74221E+10
 0.360  11.418  2.72359E+10  3.61602E+10  2.66798E+10  1.20827E+03  8.67102E+09  1.16622E+10  8.47516E+09  1.85649E+10  2.44980E+10  1.82047E+10
 0.370  13.783  2.65645E+10  3.53769E+10  2.59858E+10  1.30673E+03  6.85420E+09  9.27549E+09  6.67470E+09  1.97103E+10  2.61014E+10  1.93111E+10
