  28
 0.100   0.713  2.01637E-02  1.12218E-02  6.95553E-02
 0.110   1.000  2.18534E-01  2.57057E-01  1.45779E-01
 0.120   1.330  3.38391E-01  3.44898E-01  3.47397E-01
 0.130   1.330  1.85904E+00  2.11684E+00  1.35871E+00
 0.140   1.347  9.09276E-01  9.38290E-01  1.02149E+00
 0.150   2.051  1.05034E+00  1.16176E+00  9.59856E-01
 0.160   2.377  3.13269E+00  3.32433E+00  2.44080E+00
 0.170   1.749  1.02896E+01  1.08628E+01  7.74244E+00
 0.180   2.646  5.66483E+00  5.91324E+00  6.07080E+00
 0.190   2.343  1.35824E+01  1.27583E+01  1.31635E+01
 0.200   2.517  7.65452E+00  7.66243E+00  8.74769E+00
 0.210   1.845  1.02973E+01  1.01878E+01  1.02000E+01
 0.220   2.926  4.50032E+00  4.03543E+00  5.78246E+00
 0.230   3.450  2.97786E+00  2.86980E+00  3.13584E+00
 0.240   4.232  3.82224E+00  3.87836E+00  3.48040E+00
 0.250   3.456  5.34802E+00  5.44567E+00  4.87671E+00
 0.260   5.034  2.73828E+00  2.58788E+00  3.20046E+00
 0.270   5.383  1.95298E+00  2.02010E+00  1.90226E+00
 0.280   6.304  4.75858E+00  4.76391E+00  4.07994E+00
 0.290   8.438  8.70953E+00  9.19498E+00  7.40821E+00
 0.300   3.738  7.37628E+00  7.75036E+00  7.93369E+00
 0.310   5.599  6.92279E+00  6.86857E+00  7.17662E+00
 0.320   4.215  3.03727E+01  3.00735E+01  2.86720E+01
 0.330   2.550  1.90514E+01  1.87707E+01  1.99067E+01
 0.340   4.569  1.35850E+01  1.32759E+01  1.37244E+01
 0.350   7.935  8.61197E+00  8.74695E+00  8.28629E+00
 0.360  11.418  7.29714E+00  7.41962E+00  7.56015E+00
 0.370  13.783  8.79087E+00  8.92113E+00  9.70108E+00
