  17
 0.100  11.000   1.000  3.46134E+10  3.67603E+09  9.55718E+08  1.09692E+09  2.99817E+10  3.27699E+08  3.10743E+08  3.51729E+08  1.32423E+09  3.31000E+09  9.45938E+08  1.08559E+09  2.74922E+10  3.05643E+08  3.01693E+08  3.41332E+08  1.14648E+09
 0.110  15.250   1.181  6.80437E+10  6.64914E+09  2.60896E+09  3.00224E+09  5.87856E+10  6.11113E+08  9.43253E+08  1.08023E+09  3.14662E+09  3.79591E+09  2.27664E+09  2.61497E+09  4.02869E+10  4.81334E+08  8.71751E+08  9.97208E+08  2.05643E+09
 0.120  19.000   1.485  1.06379E+11  9.11466E+09  5.00260E+09  5.80146E+09  9.22615E+10  2.51539E+09  3.63758E+09  4.20448E+09  9.13698E+09  6.24443E+09  4.93252E+09  5.71875E+09  6.86593E+10  2.17016E+09  3.40970E+09  3.94108E+09  6.29573E+09
 0.130  22.250   1.453  1.37092E+11  9.98182E+09  8.11251E+09  9.54239E+09  1.18998E+11  3.51545E+09  6.53789E+09  7.65380E+09  1.23553E+10  5.74869E+09  7.74073E+09  9.09476E+09  6.37267E+10  2.87192E+09  5.86947E+09  6.87812E+09  7.16136E+09
 0.140  26.000   1.749  1.72567E+11  1.15767E+10  1.14939E+10  1.37166E+10  1.49497E+11  3.26997E+09  9.84579E+09  1.17139E+10  1.62313E+10  6.13224E+09  1.11369E+10  1.32833E+10  7.21880E+10  2.51675E+09  8.96320E+09  1.06646E+10  9.86344E+09
 0.150  29.250   2.041  2.01375E+11  1.20694E+10  1.49140E+10  1.79835E+10  1.74391E+11  3.73755E+09  1.33169E+10  1.60271E+10  2.04042E+10  6.64247E+09  1.43634E+10  1.73068E+10  7.06756E+10  2.98442E+09  1.23209E+10  1.48309E+10  1.33005E+10
 0.160  32.750   2.455  2.33014E+11  1.24470E+10  1.85053E+10  2.25443E+10  2.02061E+11  3.68955E+09  1.69161E+10  2.05743E+10  2.43585E+10  6.10849E+09  1.79505E+10  2.18515E+10  7.30706E+10  3.12397E+09  1.59683E+10  1.94267E+10  1.76299E+10
 0.170  35.750   2.691  2.53344E+11  1.24149E+10  2.17022E+10  2.67282E+10  2.19227E+11  3.81747E+09  2.01256E+10  2.47645E+10  2.88637E+10  6.06499E+09  2.11415E+10  2.60216E+10  7.91974E+10  3.03549E+09  1.91717E+10  2.36116E+10  2.09964E+10
 0.180  39.750   2.427  2.95454E+11  1.46666E+10  2.48875E+10  3.09287E+10  2.55900E+11  2.72821E+09  2.30787E+10  2.86566E+10  3.18763E+10  4.71107E+09  2.39267E+10  2.97247E+10  7.61088E+10  1.98507E+09  2.08705E+10  2.59324E+10  1.86182E+10
 0.190  43.500   2.444  3.29125E+11  1.62509E+10  2.73620E+10  3.43289E+10  2.85512E+11  3.69757E+09  2.53668E+10  3.18195E+10  3.62169E+10  6.00425E+09  2.63718E+10  3.30720E+10  8.10950E+10  2.86268E+09  2.28650E+10  2.87070E+10  1.97503E+10
 0.200  47.250   2.238  3.63283E+11  1.68530E+10  3.04937E+10  3.84891E+10  3.15936E+11  3.48951E+09  2.83613E+10  3.57806E+10  4.14453E+10  5.27332E+09  2.90059E+10  3.66055E+10  8.41832E+10  2.31568E+09  2.39224E+10  3.01887E+10  1.85304E+10
 0.210  51.250   2.888  3.98302E+11  1.83057E+10  3.30743E+10  4.20563E+10  3.46922E+11  2.84963E+09  3.09069E+10  3.92790E+10  4.61707E+10  5.21340E+09  3.15977E+10  4.01658E+10  8.74300E+10  2.07433E+09  2.88896E+10  3.67025E+10  2.51088E+10
 0.220  54.250   3.679  4.15502E+11  1.79158E+10  3.55087E+10  4.54076E+10  3.62077E+11  3.45790E+09  3.33178E+10  4.25839E+10  4.87221E+10  4.85618E+09  3.38520E+10  4.32690E+10  8.25208E+10  2.60868E+09  3.24406E+10  4.14729E+10  3.27835E+10
 0.230  57.500   2.991  4.33630E+11  1.84238E+10  3.73470E+10  4.80844E+10  3.77859E+11  2.88947E+09  3.52117E+10  4.53108E+10  5.25688E+10  4.18342E+09  3.56868E+10  4.59252E+10  8.39769E+10  2.02132E+09  3.29911E+10  4.24694E+10  2.70690E+10
 0.240  61.250   2.845  4.61436E+11  2.10101E+10  3.92021E+10  5.07972E+10  4.01224E+11  2.96676E+09  3.70379E+10  4.79676E+10  5.71192E+10  3.92145E+09  3.74514E+10  4.85087E+10  8.65038E+10  1.91333E+09  3.39550E+10  4.39984E+10  2.61832E+10
 0.250  64.750   2.625  4.85922E+11  2.28384E+10  4.12900E+10  5.36913E+10  4.21794E+11  3.40602E+09  3.89974E+10  5.06850E+10  6.01233E+10  4.26837E+09  3.93266E+10  5.11168E+10  8.64793E+10  2.07211E+09  3.43486E+10  4.46684E+10  2.39874E+10
 0.260  69.000   3.276  5.21245E+11  2.50104E+10  4.37052E+10  5.70561E+10  4.52529E+11  3.10886E+09  4.11296E+10  5.36759E+10  6.49728E+10  4.21456E+09  4.14126E+10  5.40481E+10  8.78036E+10  1.86014E+09  3.83893E+10  5.01149E+10  3.11769E+10
