  17
 0.100  1.10000E+01  3.46134E+10  1.16322E+02
 0.110  1.52500E+01  6.80437E+10  1.38514E+02
 0.120  1.90000E+01  1.06379E+11  1.55162E+02
 0.130  2.22500E+01  1.37092E+11  1.62770E+02
 0.140  2.60000E+01  1.72567E+11  1.68938E+02
 0.150  2.92500E+01  2.01375E+11  1.72058E+02
 0.160  3.27500E+01  2.33014E+11  1.74912E+02
 0.170  3.57500E+01  2.53344E+11  1.74563E+02
 0.180  3.97500E+01  2.95454E+11  1.78777E+02
 0.190  4.35000E+01  3.29125E+11  1.80372E+02
 0.200  4.72500E+01  3.63283E+11  1.81826E+02
 0.210  5.12500E+01  3.98302E+11  1.82807E+02
 0.220  5.42500E+01  4.15502E+11  1.81477E+02
 0.230  5.75000E+01  4.33630E+11  1.80078E+02
 0.240  6.12500E+01  4.61436E+11  1.79985E+02
 0.250  6.47500E+01  4.85922E+11  1.79638E+02
 0.260  6.90000E+01  5.21245E+11  1.80231E+02
