  17
 0.100  5.73546E-02  6.08176E-02 -1.79449E-02 -1.26375E+01  1.83815E+00  3.09262E+01   1.000  3.05643E+08  5.40340E+08  3.01693E+08  0.00000E+00  1.14648E+09  2.99586E+00  6.81270E+01   8.250   8.102
 0.110 -5.36952E-02 -4.89810E-03 -2.18800E-02 -6.40057E+00  1.81352E+00  3.78394E+00   1.181  4.81334E+08  1.04610E+09  8.71751E+08  8.51572E+07  2.05643E+09  7.92707E+00  8.46994E+01   8.526   8.277
 0.120 -5.33149E-02  5.96322E-02  6.02231E-02  1.29386E+01 -1.49691E+01  1.99491E+01   1.485  2.17016E+09  3.84945E+09  3.40970E+09  9.97527E+08  6.29573E+09  2.23232E+01  1.13769E+02   8.428   8.410
 0.130  1.17553E-02  2.75388E-03  4.26488E-02  3.25943E+01 -1.95615E+01 -1.51515E+01   1.453  2.87192E+09  5.63929E+09  5.86947E+09  1.11077E+09  7.16136E+09  3.06818E+01  1.38933E+02   8.547   8.475
 0.140  3.03775E-02  1.43498E-02  1.03236E-01  1.01364E+01 -1.12711E+01  1.10017E+01   1.749  2.51675E+09  5.55867E+09  8.96320E+09  1.47923E+09  9.86344E+09  3.08021E+01  1.77393E+02   8.654   8.541
 0.150 -2.57874E-01  1.87059E-01 -4.07382E-02  3.24516E-02  4.03959E+00  2.68119E+01   2.041  2.98442E+09  5.93831E+09  1.23209E+10  1.91192E+09  1.33005E+10  3.30281E+01  2.22728E+02   8.603   8.575
 0.160  3.38826E-02 -1.13326E-02  4.73774E-02  2.15808E+00 -4.33081E-01 -7.30062E-01   2.455  3.12397E+09  6.42526E+09  1.59683E+10  2.39205E+09  1.76299E+10  3.70443E+01  2.69369E+02   8.668   8.586
 0.170  2.18912E-02 -4.47412E-02  1.26271E-02 -6.07612E-01 -3.71210E+00  3.87363E+00   2.691  3.03549E+09  5.60038E+09  1.91717E+10  2.84188E+09  2.09964E+10  2.93670E+01  3.30474E+02   8.652   8.608
 0.180  2.88142E-02 -2.55758E-02  3.79570E-02  1.18083E+01 -1.21033E+01 -1.17644E+01   2.427  1.98507E+09  4.51944E+09  2.08705E+10  2.69929E+09  1.86182E+10  2.84077E+01  3.93222E+02   8.753   8.637
 0.190  7.38687E-02 -7.83062E-02 -2.61877E-02 -4.19284E+00  4.50093E+00 -1.92151E+01   2.444  2.86268E+09  4.73394E+09  2.28650E+10  2.91626E+09  1.97503E+10  2.26876E+01  4.69149E+02   8.591   8.650
 0.200  9.50769E-04  8.01499E-03  6.85731E-02  6.19966E+00  9.85873E-01  1.91187E+00   2.238  2.31568E+09  4.68881E+09  2.39224E+10  2.79250E+09  1.85304E+10  2.56384E+01  5.31860E+02   8.692   8.663
 0.210  8.07284E-02 -2.73131E-02  1.26298E-01  6.97966E+00 -1.00093E+01 -9.95235E+00   2.888  2.07433E+09  4.18755E+09  2.88896E+10  3.85503E+09  2.51088E+10  2.21125E+01  5.93189E+02   8.727   8.655
 0.220  7.43637E-02 -8.65739E-02 -8.80100E-03  3.26983E+00 -4.06063E+00 -5.33214E+00   3.679  2.60868E+09  4.65933E+09  3.24406E+10  4.56105E+09  3.27835E+10  2.36065E+01  6.66435E+02   8.609   8.651
 0.230 -1.17628E-01  1.04245E-01  4.94645E-02  6.51591E-01  9.65582E+00  2.89799E+01   2.991  2.02132E+09  3.53936E+09  3.29911E+10  4.03836E+09  2.70690E+10  1.70658E+01  7.49116E+02   8.679   8.665
 0.240 -2.45338E-02 -6.48994E-02 -1.09937E-01 -3.12563E+00  5.61479E+00  5.51957E+00   2.845  1.91333E+09  3.29253E+09  3.39550E+10  3.91693E+09  2.61832E+10  1.54923E+01  8.41822E+02   8.694   8.673
 0.250 -8.93854E-02  1.11592E-01  8.40393E-02  2.15613E+01  1.52049E+01  1.81612E+01   2.625  2.07211E+09  3.68796E+09  3.43486E+10  3.66794E+09  2.39874E+10  2.06119E+01  9.22728E+02   8.640   8.682
 0.260  5.19513E-02 -2.29551E-02  4.37106E-02  7.64510E+00 -1.29029E+01 -1.62543E+01   3.276  1.86014E+09  3.42447E+09  3.83893E+10  4.60284E+09  3.11769E+10  1.79128E+01  9.96011E+02   8.677   8.672
