  17
 0.100       173839 -0.15341E-02 -0.85225E-03  0.23011E-02  0.20606E+02  0.33090E+02 -0.11190E+02  0.82913E+00 -0.42299E+00  0.36554E+00   1.000   0.500
 0.110       375157  0.56201E-03  0.11240E-02 -0.56201E-03  0.45134E+02 -0.19197E+03 -0.15403E+03  0.65804E-01  0.72191E+00 -0.68885E+00   1.181   0.500
 0.120       227280  0.61370E-03  0.00000E+00 -0.61370E-03 -0.17511E+03  0.22249E+02 -0.23643E+03  0.69909E+00  0.70992E+00  0.85397E-01   1.485   0.500
 0.130       529074 -0.22142E-03 -0.13285E-02  0.99637E-03  0.21812E+03 -0.33632E+03  0.30164E+02  0.60167E+00  0.79844E+00 -0.22045E-01   1.453   0.500
 0.140       587092  0.19086E-02 -0.71573E-03  0.19086E-02  0.23728E+03 -0.88828E+02  0.60725E+02  0.60911E+00  0.76534E+00 -0.20795E+00   1.749   0.500
 0.150       537019  0.33230E-02 -0.28118E-02  0.00000E+00  0.43748E+03  0.21012E+03 -0.34823E+03  0.58424E+00  0.78719E+00 -0.19748E+00   2.041   0.500
 0.160       243335 -0.16349E-02 -0.16349E-02 -0.27248E-03  0.30561E+02  0.27174E+03  0.19684E+03  0.66116E+00  0.71501E+00 -0.22724E+00   2.455   0.500
 0.170       552082  0.57939E-03 -0.14485E-02  0.72424E-03 -0.46240E+02  0.54945E+01 -0.11260E+03  0.63104E+00  0.74828E+00 -0.20463E+00   2.691   0.500
 0.180      1131171  0.91964E-03  0.12262E-02  0.15327E-03  0.31246E+03  0.43946E+03  0.13082E+03  0.59195E+00  0.78752E+00 -0.17149E+00   2.427   0.500
 0.190       493581  0.32394E-03 -0.32394E-03  0.16197E-03 -0.82106E+02 -0.23688E+02  0.17076E+03  0.55563E+00  0.80721E+00 -0.19924E+00   2.444   0.500
 0.200       637235  0.00000E+00 -0.34085E-03 -0.34085E-03  0.51552E+02  0.34254E+03  0.15440E+03  0.60591E+00  0.76753E+00 -0.20920E+00   2.238   0.500
 0.210      2402882 -0.35795E-03 -0.17897E-02 -0.53692E-03 -0.64607E+03  0.10066E-01 -0.33921E+03  0.59796E+00  0.74725E+00 -0.28993E+00   2.888   0.500
 0.220      1412850  0.37514E-03  0.37514E-03  0.37514E-03 -0.24107E+03  0.15344E+03 -0.49816E+03  0.60085E+00  0.74606E+00 -0.28701E+00   3.679   0.500
 0.230      6791946  0.00000E+00  0.39178E-03  0.17630E-02  0.72327E+02 -0.15416E+03 -0.39381E+03  0.60628E+00  0.73111E+00 -0.31291E+00   2.991   0.506
 0.240       316342  0.81878E-03  0.00000E+00  0.20469E-02 -0.30140E+02 -0.45281E+03  0.13282E+03  0.57094E+00  0.74974E+00 -0.33455E+00   2.845   0.500
 0.250       397485  0.85161E-03 -0.42581E-03 -0.42581E-03  0.25477E+03 -0.29175E+03  0.22135E+03  0.52168E+00  0.76706E+00 -0.37346E+00   2.625   0.500
 0.260       586869  0.44298E-03 -0.17719E-02  0.00000E+00  0.35679E+03  0.31991E+03  0.20269E+03  0.50248E+00  0.79876E+00 -0.33089E+00   3.276   0.500
