  17
 0.100  5.73546E-02  6.08176E-02 -1.79449E-02 -1.26375E+01  1.83815E+00  3.09262E+01  8.29130E-01 -4.22991E-01  3.65542E-01  1.32269E+01   1.000   0.500  2.88286E+08  3.13855E+08  3.97747E+07  0.00000E+00  1.21798E+08  4.04962E-01  6.15680E+01   8.261   7.953
 0.110 -5.36952E-02 -4.89810E-03 -2.18800E-02 -6.40057E+00  1.81352E+00  3.78394E+00  6.58042E-02  7.21910E-01 -6.88851E-01  3.29869E+00   1.181   0.500  4.44915E+08  4.71262E+08  5.57947E+07  9.26163E+06  1.53058E+08  4.35962E-01  9.41613E+01   8.547   8.250
 0.120 -5.33149E-02  5.96322E-02  6.02231E-02  1.29386E+01 -1.49691E+01  1.99491E+01  6.99086E-01  7.09920E-01  8.53975E-02  8.18830E+01   1.485   0.500  2.04014E+09  2.86356E+09  1.03787E+09  1.08808E+08  4.76050E+08  1.35261E+01  5.52636E+01   8.445   8.397
 0.130  1.17553E-02  2.75388E-03  4.26488E-02  3.25943E+01 -1.95615E+01 -1.51515E+01  6.01670E-01  7.98440E-01 -2.20453E-02  1.48830E+02   1.453   0.500  2.76162E+09  5.10968E+09  3.21150E+09  1.73940E+08  5.47881E+08  2.79847E+01  7.84878E+01   8.560   8.517
 0.140  3.03775E-02  1.43498E-02  1.03236E-01  1.01364E+01 -1.12711E+01  1.10017E+01  6.09110E-01  7.65338E-01 -2.07948E-01  1.75750E+02   1.749   0.500  2.38350E+09  5.17094E+09  5.61396E+09  3.53702E+08  7.32365E+08  2.88751E+01  1.18471E+02   8.672   8.585
 0.150 -2.57874E-01  1.87059E-01 -4.07382E-02  3.24516E-02  4.03959E+00  2.68119E+01  5.84237E-01  7.87190E-01 -1.97480E-01  2.65228E+02   2.041   0.500  2.80081E+09  5.56723E+09  8.21650E+09  5.69898E+08  9.41957E+08  3.10353E+01  1.61048E+02   8.621   8.613
 0.160  3.38826E-02 -1.13326E-02  4.73774E-02  2.15808E+00 -4.33081E-01 -7.30062E-01  6.61158E-01  7.15006E-01 -2.27237E-01  2.81060E+02   2.455   0.500  2.93232E+09  6.03861E+09  1.07160E+10  7.69595E+08  1.23402E+09  3.46783E+01  2.01847E+02   8.685   8.613
 0.170  2.18912E-02 -4.47412E-02  1.26271E-02 -6.07612E-01 -3.71210E+00  3.87363E+00  6.31040E-01  7.48276E-01 -2.04627E-01  3.72012E+02   2.691   0.500  2.56203E+09  4.99119E+09  1.29426E+10  9.48755E+08  1.45010E+09  2.72315E+01  2.56267E+02   8.700   8.639
 0.180  2.88142E-02 -2.55758E-02  3.79570E-02  1.18083E+01 -1.21033E+01 -1.17644E+01  5.91949E-01  7.87521E-01 -1.71486E-01  3.28857E+02   2.427   0.500  1.78468E+09  4.17649E+09  1.40026E+10  9.62002E+08  1.33936E+09  2.67178E+01  3.12213E+02   8.781   8.658
 0.190  7.38687E-02 -7.83062E-02 -2.61877E-02 -4.19284E+00  4.50093E+00 -1.92151E+01  5.55625E-01  8.07206E-01 -1.99245E-01  3.93302E+02   2.444   0.500  2.51713E+09  4.30548E+09  1.56549E+10  1.17842E+09  1.43596E+09  2.12879E+01  3.83235E+02   8.626   8.668
 0.200  9.50769E-04  8.01499E-03  6.85731E-02  6.19966E+00  9.85873E-01  1.91187E+00  6.05910E-01  7.67533E-01 -2.09204E-01  3.10023E+02   2.238   0.500  2.09406E+09  4.35171E+09  1.58552E+10  1.14074E+09  1.43804E+09  2.42536E+01  4.31579E+02   8.722   8.672
 0.210  8.07284E-02 -2.73131E-02  1.26298E-01  6.97966E+00 -1.00093E+01 -9.95235E+00  5.97960E-01  7.47252E-01 -2.89929E-01  3.56075E+02   2.888   0.500  1.72603E+09  3.66378E+09  1.91653E+10  1.69945E+09  1.74574E+09  2.02309E+01  4.88376E+02   8.780   8.669
 0.220  7.43637E-02 -8.65739E-02 -8.80100E-03  3.26983E+00 -4.06063E+00 -5.33214E+00  6.00854E-01  7.46056E-01 -2.87010E-01  4.88524E+02   3.679   0.500  2.26610E+09  4.19565E+09  2.15865E+10  2.00429E+09  2.04213E+09  2.21643E+01  5.55109E+02   8.646   8.668
 0.230 -1.17628E-01  1.04245E-01  4.94645E-02  6.51591E-01  9.65582E+00  2.89799E+01  6.06275E-01  7.31106E-01 -3.12911E-01  5.37238E+02   2.991   0.506  1.61634E+09  3.04003E+09  2.21764E+10  1.89991E+09  1.87976E+09  1.54215E+01  6.27941E+02   8.730   8.676
 0.240 -2.45338E-02 -6.48994E-02 -1.09937E-01 -3.12563E+00  5.61479E+00  5.51957E+00  5.70942E-01  7.49736E-01 -3.34547E-01  4.93235E+02   2.845   0.500  1.68543E+09  2.98725E+09  2.27506E+10  1.85617E+09  1.86695E+09  1.43024E+01  7.11358E+02   8.721   8.682
 0.250 -8.93854E-02  1.11592E-01  8.40393E-02  2.15613E+01  1.52049E+01  1.81612E+01  5.21676E-01  7.67063E-01 -3.73456E-01  5.05910E+02   2.625   0.500  1.76423E+09  3.27030E+09  2.19061E+10  1.70839E+09  1.76976E+09  1.88898E+01  7.76555E+02   8.680   8.680
 0.260  5.19513E-02 -2.29551E-02  4.37106E-02  7.64510E+00 -1.29029E+01 -1.62543E+01  5.02482E-01  7.98762E-01 -3.30894E-01  5.43422E+02   3.276   0.500  1.55013E+09  2.93718E+09  2.38805E+10  2.16695E+09  2.05942E+09  1.55249E+01  8.37998E+02   8.719   8.672
