  17
 0.100  1.65000E+00  4.35357E+08  3.49212E+08  3.96188E+08  4.15865E+08  2.71072E+08  2.32504E+09  3.29092E+00
 0.110  2.28750E+00  1.31757E+09  1.72900E+09  1.97974E+09  1.27388E+09  1.09492E+09  6.64358E+09  1.56184E+01
 0.120  2.85000E+00  3.26892E+09  3.94126E+09  4.55652E+09  3.13607E+09  1.98373E+09  1.62062E+10  2.63293E+01
 0.130  3.33750E+00  4.00195E+09  6.96672E+09  8.16199E+09  3.82208E+09  3.36177E+09  2.01042E+10  3.71058E+01
 0.140  3.90000E+00  4.02683E+09  1.04208E+10  1.24123E+10  3.84786E+09  3.43769E+09  2.60664E+10  3.44477E+01
 0.150  4.38750E+00  4.45901E+09  1.37957E+10  1.66077E+10  4.20445E+09  3.43722E+09  3.11491E+10  3.81888E+01
 0.160  4.91250E+00  4.68492E+09  1.74382E+10  2.12127E+10  4.40398E+09  3.72708E+09  3.73023E+10  4.09984E+01
 0.170  5.36250E+00  4.77972E+09  2.06851E+10  2.54511E+10  4.42390E+09  3.05514E+09  4.42554E+10  3.38298E+01
 0.180  5.96250E+00  3.41128E+09  2.35862E+10  2.92927E+10  3.09775E+09  2.86137E+09  4.82194E+10  3.08268E+01
 0.190  6.52500E+00  4.63246E+09  2.58202E+10  3.23920E+10  4.13179E+09  2.32029E+09  5.48047E+10  2.69662E+01
 0.200  7.08750E+00  4.30229E+09  2.87800E+10  3.63156E+10  3.78584E+09  2.73281E+09  6.24000E+10  2.83581E+01
 0.210  7.68750E+00  3.95220E+09  3.12908E+10  3.97725E+10  3.41676E+09  2.28838E+09  6.87377E+10  2.30155E+01
 0.220  8.13750E+00  4.27913E+09  3.37158E+10  4.30925E+10  3.69743E+09  2.35465E+09  6.99016E+10  2.61007E+01
 0.230  8.62500E+00  3.76650E+09  3.55919E+10  4.58017E+10  3.09349E+09  1.78290E+09  7.47531E+10  1.89452E+01
 0.240  9.18750E+00  3.69535E+09  3.73799E+10  4.84150E+10  3.05355E+09  1.58664E+09  8.07513E+10  1.67187E+01
 0.250  9.71250E+00  4.18835E+09  3.93075E+10  5.10917E+10  3.33815E+09  1.89796E+09  8.44178E+10  2.28928E+01
 0.260  1.03500E+01  4.33913E+09  4.14343E+10  5.40767E+10  3.40653E+09  1.81586E+09  9.03233E+10  2.00490E+01
