  20
 0.100   1.214   0.638  2.97053E+07  3.34657E+07  2.96126E+07  5.92683E+01  0.00000E+00  0.00000E+00  0.00000E+00  2.97053E+07  3.34657E+07  2.96126E+07
 0.110   1.370   0.801  2.73062E+07  3.04544E+07  2.72130E+07  6.34008E+01  3.64328E+06  4.39040E+06  3.59665E+06  2.36629E+07  2.60640E+07  2.36163E+07
 0.120   1.660   0.578  1.88162E+08  2.13857E+08  1.87461E+08  8.11082E+01  4.12304E+07  4.92804E+07  4.08820E+07  1.46931E+08  1.64577E+08  1.46579E+08
 0.130   1.652   0.500  1.55106E+09  1.75539E+09  1.54706E+09  6.99837E+01  6.52350E+07  7.95069E+07  6.44624E+07  1.48583E+09  1.67588E+09  1.48260E+09
 0.140   1.648   0.500  3.98974E+09  4.59658E+09  3.97671E+09  9.26934E+01  1.33706E+08  1.63540E+08  1.32112E+08  3.85604E+09  4.43304E+09  3.84459E+09
 0.150   2.476   0.500  5.76343E+09  6.79567E+09  5.73510E+09  1.39262E+02  3.01732E+08  3.69593E+08  2.98440E+08  5.46169E+09  6.42608E+09  5.43666E+09
 0.160   3.159   0.500  8.06033E+09  9.63815E+09  8.00870E+09  1.84553E+02  4.74559E+08  5.84505E+08  4.69198E+08  7.58577E+09  9.05365E+09  7.53950E+09
 0.170   3.328   0.516  9.62013E+09  1.16946E+10  9.54044E+09  2.43702E+02  6.41028E+08  7.96964E+08  6.32986E+08  8.97910E+09  1.08976E+10  8.90746E+09
 0.180   3.178   0.550  1.10138E+10  1.34887E+10  1.09070E+10  2.93870E+02  7.37077E+08  9.26594E+08  7.26204E+08  1.02767E+10  1.25621E+10  1.01808E+10
 0.190   4.051   0.834  1.34376E+10  1.66505E+10  1.32861E+10  3.54241E+02  1.40261E+09  1.76777E+09  1.38238E+09  1.20350E+10  1.48828E+10  1.19037E+10
 0.200   3.406   0.500  1.35162E+10  1.68175E+10  1.33485E+10  4.04748E+02  9.80458E+08  1.25334E+09  9.62485E+08  1.25357E+10  1.55641E+10  1.23860E+10
 0.210   3.708   0.868  1.60174E+10  2.01047E+10  1.57999E+10  4.62034E+02  1.50747E+09  1.93301E+09  1.47898E+09  1.45099E+10  1.81717E+10  1.43209E+10
 0.220   4.354   0.766  1.75917E+10  2.22134E+10  1.73344E+10  5.18329E+02  1.67073E+09  2.15560E+09  1.63664E+09  1.59210E+10  2.00578E+10  1.56977E+10
 0.230   4.143   0.534  1.75842E+10  2.22958E+10  1.73105E+10  5.73743E+02  1.36215E+09  1.77079E+09  1.33079E+09  1.62220E+10  2.05250E+10  1.59797E+10
 0.240   2.945   0.500  1.67522E+10  2.12554E+10  1.64794E+10  6.19849E+02  9.81083E+08  1.28597E+09  9.53798E+08  1.57711E+10  1.99694E+10  1.55256E+10
 0.250   2.828   0.500  1.75409E+10  2.24217E+10  1.72398E+10  6.80185E+02  1.01982E+09  1.33715E+09  9.90828E+08  1.65211E+10  2.10845E+10  1.62489E+10
 0.260   3.585   0.500  1.93174E+10  2.49522E+10  1.89561E+10  7.68617E+02  1.52281E+09  1.99558E+09  1.48301E+09  1.77946E+10  2.29567E+10  1.74731E+10
 0.270   3.781   0.549  1.95176E+10  2.53723E+10  1.91208E+10  8.59246E+02  1.70777E+09  2.25009E+09  1.66103E+09  1.78099E+10  2.31222E+10  1.74597E+10
 0.280   2.651   0.553  1.57850E+10  2.04745E+10  1.54485E+10  9.18312E+02  1.10433E+09  1.46476E+09  1.06775E+09  1.46806E+10  1.90098E+10  1.43807E+10
 0.290   1.613   0.500  1.29230E+10  1.64118E+10  1.26800E+10  8.21036E+02  5.05068E+08  6.73429E+08  4.82956E+08  1.24180E+10  1.57384E+10  1.21970E+10
