  20
 0.100  1.05000E+01  3.05084E+10  1.11776E+02
 0.110  1.47500E+01  6.43981E+10  1.37017E+02
 0.120  1.87500E+01  1.03823E+11  1.54306E+02
 0.130  2.22500E+01  1.35616E+11  1.61892E+02
 0.140  2.57500E+01  1.68680E+11  1.67833E+02
 0.150  2.90000E+01  1.97245E+11  1.71017E+02
 0.160  3.25000E+01  2.29787E+11  1.74363E+02
 0.170  3.52500E+01  2.47600E+11  1.73792E+02
 0.180  3.95000E+01  2.91717E+11  1.78204E+02
 0.190  4.32500E+01  3.27050E+11  1.80322E+02
 0.200  4.72500E+01  3.63847E+11  1.81967E+02
 0.210  5.10000E+01  3.94569E+11  1.82394E+02
 0.220  5.42500E+01  4.14547E+11  1.81268E+02
 0.230  5.75000E+01  4.28821E+11  1.79076E+02
 0.240  6.07500E+01  4.47983E+11  1.78071E+02
 0.250  6.50000E+01  4.84698E+11  1.79066E+02
 0.260  7.17500E+01  5.85772E+11  1.87365E+02
 0.270  7.97500E+01  7.20763E+11  1.97136E+02
 0.280  8.55000E+01  7.97364E+11  2.00253E+02
 0.290  9.12500E+01  8.76877E+11  2.03277E+02
