  20
 0.100   1.214  1.25583E+08  1.41514E+08  1.25055E+08  6.94446E+01  0.00000E+00  0.00000E+00  0.00000E+00  1.25583E+08  1.41514E+08  1.25055E+08
 0.110   1.370  4.57587E+08  5.18145E+08  4.55653E+08  7.84576E+01  6.33490E+07  7.61832E+07  6.26169E+07  3.94238E+08  4.41962E+08  3.93036E+08
 0.120   1.660  1.93930E+09  2.24021E+09  1.92977E+09  1.01526E+02  5.21872E+08  6.25991E+08  5.16876E+08  1.41743E+09  1.61422E+09  1.41290E+09
 0.130   1.652  3.85798E+09  4.49289E+09  3.83649E+09  1.23488E+02  6.27462E+08  7.68786E+08  6.18808E+08  3.23052E+09  3.72410E+09  3.21768E+09
 0.140   1.648  6.77690E+09  7.97950E+09  6.73485E+09  1.47569E+02  7.85141E+08  9.72453E+08  7.72154E+08  5.99176E+09  7.00705E+09  5.96269E+09
 0.150   2.476  9.64024E+09  1.15754E+10  9.56036E+09  2.03325E+02  1.37509E+09  1.71144E+09  1.35117E+09  8.26515E+09  9.86400E+09  8.20919E+09
 0.160   3.159  1.26535E+10  1.53658E+10  1.25277E+10  2.53596E+02  1.81588E+09  2.27779E+09  1.78066E+09  1.08376E+10  1.30880E+10  1.07470E+10
 0.170   3.328  1.48252E+10  1.82465E+10  1.46485E+10  3.16848E+02  2.05311E+09  2.59725E+09  2.00812E+09  1.27721E+10  1.56493E+10  1.26404E+10
 0.180   3.178  1.68494E+10  2.08898E+10  1.66212E+10  3.75024E+02  2.07986E+09  2.65394E+09  2.02800E+09  1.47696E+10  1.82359E+10  1.45932E+10
 0.190   4.051  1.98124E+10  2.48004E+10  1.95119E+10  4.38983E+02  2.84399E+09  3.63430E+09  2.77357E+09  1.69684E+10  2.11661E+10  1.67383E+10
 0.200   3.406  2.13605E+10  2.68867E+10  2.10041E+10  5.03505E+02  2.58312E+09  3.33520E+09  2.50776E+09  1.87774E+10  2.35515E+10  1.84963E+10
 0.210   3.708  2.38114E+10  3.02001E+10  2.33819E+10  5.69339E+02  2.87193E+09  3.72361E+09  2.78342E+09  2.09394E+10  2.64765E+10  2.05985E+10
 0.220   4.354  2.67672E+10  3.41276E+10  2.62522E+10  6.32455E+02  3.42460E+09  4.45435E+09  3.31612E+09  2.33426E+10  2.96732E+10  2.29361E+10
 0.230   4.143  2.83215E+10  3.63049E+10  2.77356E+10  7.06211E+02  3.33642E+09  4.36630E+09  3.21983E+09  2.49851E+10  3.19386E+10  2.45157E+10
 0.240   2.945  2.68565E+10  3.45248E+10  2.62586E+10  7.81231E+02  2.37359E+09  3.12823E+09  2.27358E+09  2.44829E+10  3.13966E+10  2.39850E+10
 0.250   2.828  2.80124E+10  3.62411E+10  2.73515E+10  8.57680E+02  2.38367E+09  3.14520E+09  2.27828E+09  2.56288E+10  3.30959E+10  2.50732E+10
 0.260   3.585  3.23555E+10  4.21903E+10  3.15428E+10  9.45472E+02  3.40960E+09  4.49660E+09  3.26938E+09  2.89459E+10  3.76937E+10  2.82734E+10
 0.270   3.781  3.41950E+10  4.48231E+10  3.32783E+10  1.03877E+03  3.68845E+09  4.88442E+09  3.53101E+09  3.05065E+10  3.99387E+10  2.97473E+10
 0.280   2.651  3.03701E+10  3.98225E+10  2.95003E+10  1.12937E+03  2.44744E+09  3.25803E+09  2.32043E+09  2.79226E+10  3.65644E+10  2.71799E+10
 0.290   1.613  2.68726E+10  3.48170E+10  2.61292E+10  1.10242E+03  1.40472E+09  1.87157E+09  1.31555E+09  2.54679E+10  3.29454E+10  2.48136E+10
