  20
 0.100   1.214  1.30634E+00  1.47854E+00  1.09052E+00
 0.110   1.370  4.78125E+00  5.53975E+00  3.49197E+00
 0.120   1.660  1.23346E+01  1.26190E+01  1.27710E+01
 0.130   1.652  2.24760E+01  2.24671E+01  2.18354E+01
 0.140   1.648  3.31768E+01  3.13390E+01  3.43477E+01
 0.150   2.476  2.63036E+01  2.72466E+01  2.63829E+01
 0.160   3.159  2.79116E+01  2.74018E+01  2.93114E+01
 0.170   3.328  2.25047E+01  2.14050E+01  2.43470E+01
 0.180   3.178  2.55638E+01  2.62999E+01  2.53719E+01
 0.190   4.051  2.06588E+01  2.04357E+01  2.22570E+01
 0.200   3.406  2.82546E+01  2.90244E+01  2.54546E+01
 0.210   3.708  1.93021E+01  1.90664E+01  2.08577E+01
 0.220   4.354  2.10435E+01  2.04550E+01  2.26054E+01
 0.230   4.143  2.28986E+01  2.23177E+01  2.33169E+01
 0.240   2.945  2.64938E+01  2.66120E+01  2.62078E+01
 0.250   2.828  1.47193E+01  1.37796E+01  1.79173E+01
 0.260   3.585  1.06792E+01  1.06871E+01  1.08503E+01
 0.270   3.781  1.22545E+01  1.22069E+01  1.19440E+01
 0.280   2.651  2.23068E+01  2.46105E+01  1.88818E+01
 0.290   1.613  3.48135E+01  3.30415E+01  3.84824E+01
