[dsname, z, center[0], center[1], center[2], Rvir, pathname]
['VELA05', 3.9949029691483045, 0.5148277282714844, 0.4754219055175781, 0.4882926940917969, 19.75, '/project/projectdirs/mp363/VELA_ANALYSIS/VELA05/10MpcBox_csf512_a0.200.d', 0, 0, 1]
[R, n_th, n_phi, n_r, r_max, num_lines, line_reached]
[0.013810906474496726, 12, 12, 10, 0.5, 200, 210]
ions
[O VI, Ne VIII, H I, C III, O IV, N III, Mg II, O V, O III, N IV, Mg X, N V, S IV, O II, S III, S II, S V, S VI, N II]
[0.00000000e+00 2.35619449e+00 4.71238898e+00 1.15090887e-03 3.38731904e+00 5.14827728e-01 4.65656120e-01 4.78526908e-01 5.12602767e-01 4.85514796e-01 4.97596442e-01 2.56576309e+13 1.84356051e+12 5.37578981e+18 7.28971146e+14 2.69855083e+14 1.61690162e+14 1.07457058e+14 4.60215211e+13 8.69555333e+14 4.30783407e+13 4.48810497e+11 1.20523447e+13 7.60296844e+12 1.22302965e+15 4.88590027e+13 6.48243780e+13 1.70302957e+12 1.85042115e+12 2.67205847e+14 3.14451681e-03]
[1.00000000e+00 1.04719755e+00 2.09439510e+00 2.30181775e-03 3.68112267e+00 5.08847430e-01 4.85780085e-01 4.95198147e-01 5.23436066e-01 4.68303727e-01 4.79554837e-01 6.40487929e+13 3.14519201e+12 3.79411553e+16 1.40686883e+14 1.87960239e+14 3.65825137e+13 1.36150671e+12 5.36366387e+13 2.02421883e+14 2.60378166e+13 2.83513181e+11 1.71839211e+13 4.02907215e+12 5.14033295e+13 7.46120174e+12 1.18648540e+12 1.42248223e+12 2.22646172e+12 7.15890977e+12 3.09620857e-03]
[2.00000000e+00 5.23598776e-01 5.23598776e+00 3.06909033e-03 3.75728514e+00 5.18280455e-01 4.69441608e-01 5.00253290e-01 5.08801540e-01 4.76076127e-01 4.75171467e-01 3.84615538e+13 1.13332127e+12 1.24662215e+17 8.67828127e+13 1.81362107e+14 2.17095517e+13 2.21939924e+11 5.48693310e+13 1.04753484e+14 2.43991623e+13 1.56910231e+11 1.35598041e+13 3.76337793e+12 1.03240508e+13 3.38245372e+12 2.46943004e+11 1.39415256e+12 2.17745364e+12 1.44010656e+12 1.38290695e-03]
[3.00000000e+00 2.09439510e+00 2.61799388e+00 1.15090887e-03 1.64089393e+00 5.04469548e-01 4.81402203e-01 4.81387241e-01 5.24203846e-01 4.70194119e-01 4.97132109e-01 3.53440150e+13 2.37022050e+12 1.30645914e+18 5.70941184e+14 2.16514511e+14 1.22225592e+14 3.75293877e+13 5.28873700e+13 6.87612078e+14 3.39165427e+13 1.99707401e+11 1.28224151e+13 5.57786288e+12 9.88903348e+14 3.88870815e+13 2.59092429e+13 1.50128016e+12 1.84225594e+12 1.75374672e+14 1.77429665e-03]
[4.00000000e+00 5.23598776e-01 2.61799388e+00 3.83636291e-04 1.98184992e+00 5.08847430e-01 4.78874632e-01 5.00253290e-01 5.21483963e-01 4.71932802e-01 4.76692866e-01 6.41808407e+13 2.86717928e+12 1.03053777e+20 1.72762764e+15 6.12511163e+14 2.45693764e+14 1.17438950e+15 1.51191754e+14 1.30998965e+15 8.00752739e+13 3.08845919e+11 2.78708046e+13 1.44855054e+13 7.35544600e+15 1.28180542e+14 7.00558562e+14 5.20649901e+12 3.85307302e+12 2.06429369e+15 2.62763953e-03]
[5.00000000e+00 2.35619449e+00 0.00000000e+00 3.45272662e-03 5.42168142e+00 5.24593514e-01 4.75421906e-01 4.78526908e-01 5.02050485e-01 4.79785123e-01 4.93880694e-01 2.91021484e+13 2.46152357e+12 1.22497598e+17 8.97488477e+13 1.16985721e+14 2.27126278e+13 1.08886448e+12 3.01021926e+13 1.21179759e+14 1.57846898e+13 3.89969134e+11 9.19086531e+12 2.44550157e+12 3.84357805e+13 4.64993472e+12 9.20898831e+11 8.86824226e+11 1.39213963e+12 5.77868599e+12 2.85818393e-03]
[6.00000000e+00 1.30899694e+00 5.75958653e+00 2.68545404e-03 3.46633317e+00 5.26380777e-01 4.68751750e-01 4.91867220e-01 5.01578216e-01 4.77301928e-01 4.83224766e-01 3.17103782e+13 3.34624705e+12 5.76652445e+15 2.67487952e+13 8.02552557e+13 5.62861743e+12 1.98004590e+10 3.55439692e+13 2.50369256e+13 9.65988071e+12 5.39426909e+11 8.84404656e+12 1.16029470e+12 1.14745305e+12 7.26510132e+11 3.09107178e+10 5.75680266e+11 1.21369846e+12 1.86195680e+11 2.90542014e-03]
[7.00000000e+00 0.00000000e+00 5.23598776e-01 3.45272662e-03 3.47561865e+00 5.14827728e-01 4.75421906e-01 5.02103601e-01 5.19894327e-01 4.71039002e-01 4.75306506e-01 2.11702835e+13 1.51822980e+12 9.29938590e+16 4.64781708e+13 8.57943138e+13 1.14610333e+13 2.65727824e+11 2.07385215e+13 6.22466785e+13 1.09385530e+13 2.80429680e+11 7.53311753e+12 1.68229839e+12 1.05265592e+13 2.11960334e+12 2.50110554e+11 6.49450413e+11 1.08703932e+12 1.48787944e+12 1.51253005e-03]
[8.00000000e+00 7.85398163e-01 4.18879020e+00 1.91818145e-03 1.24735257e+00 5.09944835e-01 4.66964487e-01 4.98058480e-01 5.21937497e-01 4.85320922e-01 4.81260209e-01 3.38681740e+13 2.34252841e+12 8.41584084e+16 5.06737102e+13 9.23749362e+13 1.28253810e+13 5.09951115e+11 4.02588920e+13 6.34862533e+13 1.24898244e+13 4.03966469e+11 9.67784517e+12 1.50136316e+12 1.78374486e+13 2.34140803e+12 4.33961105e+11 6.33794907e+11 1.45365152e+12 2.76153287e+12 2.77324722e-03]
[9.00000000e+00 1.83259571e+00 2.61799388e+00 3.06909033e-03 3.91208361e+00 5.03274680e-01 4.82092061e-01 4.84718168e-01 5.28915827e-01 4.72252982e-01 4.87665821e-01 4.45249883e+13 3.08277629e+12 6.12635212e+15 6.47256870e+13 2.02268218e+14 1.32617573e+13 4.96780015e+10 5.03149835e+13 7.14859443e+13 2.40239350e+13 3.68056921e+11 1.91125894e+13 3.26042761e+12 3.28461732e+12 1.74815623e+12 6.64916787e+10 1.72084213e+12 3.04971607e+12 4.34503737e+11 2.41165899e-03]
[1.00000000e+01 1.04719755e+00 3.14159265e+00 2.30181775e-03 2.51947530e+00 5.02867132e-01 4.75421906e-01 4.95198147e-01 5.27786000e-01 4.79112131e-01 4.83866915e-01 2.93973449e+13 2.14512623e+12 6.22679583e+14 9.36022429e+12 4.19561407e+13 2.04107272e+12 1.49309743e+09 3.16860243e+13 7.31900678e+12 5.36893643e+12 7.78009269e+11 6.17064670e+12 4.47816353e+11 1.50605385e+11 1.72474871e+11 4.48347767e+09 2.75629739e+11 6.71948508e+11 3.42944581e+10 5.39784031e-03]
[1.10000000e+01 1.30899694e+00 0.00000000e+00 2.30181775e-03 4.20271362e+00 5.28168040e-01 4.75421906e-01 4.91867220e-01 5.02876356e-01 4.73206380e-01 4.80986653e-01 1.84363566e+13 1.12395738e+12 7.22779036e+17 3.14147754e+14 2.02057431e+14 8.41193045e+13 7.02807018e+12 2.91323747e+13 4.61643437e+14 3.08938820e+13 2.31341539e+11 1.03399935e+13 5.36422840e+12 2.33956738e+14 1.99415669e+13 5.51021073e+12 1.37962633e+12 1.65925560e+12 3.59606155e+13 1.85685230e-03]
[1.20000000e+01 2.09439510e+00 4.18879020e+00 3.83636291e-04 1.75276660e+00 5.08847430e-01 4.65063726e-01 4.81387241e-01 5.20494634e-01 4.85514869e-01 4.95846077e-01 5.36895760e+13 9.22960320e+12 1.20714008e+19 7.05509900e+14 3.18404601e+14 1.34594320e+14 2.00260014e+14 8.29173238e+13 7.27336811e+14 4.33612498e+13 1.38621961e+12 1.35910060e+13 7.14275652e+12 1.83720732e+15 5.02938591e+13 1.22001988e+14 2.27205507e+12 1.89211924e+12 4.39230634e+14 3.81800815e-03]
[1.30000000e+01 1.57079633e+00 0.00000000e+00 3.06909033e-03 3.42870069e+00 5.28638635e-01 4.75421906e-01 4.88292694e-01 5.01674578e-01 4.69675165e-01 4.86595877e-01 3.11399911e+13 2.69814779e+12 5.04081304e+16 3.47066320e+13 7.15354056e+13 8.90190280e+12 3.32868533e+11 3.01924785e+13 4.94889042e+13 9.34023343e+12 3.65618443e+11 8.07989708e+12 1.10457700e+12 1.21221943e+13 1.66187451e+12 2.98732175e+11 6.01340510e+11 1.11524515e+12 1.87208060e+12 2.02241144e-03]
[1.40000000e+01 1.30899694e+00 3.14159265e+00 2.30181775e-03 1.10821386e+00 5.01487417e-01 4.75421906e-01 4.91867220e-01 5.28856798e-01 4.73395437e-01 4.88740723e-01 2.51839109e+13 2.31096842e+12 2.80225604e+17 2.94567145e+14 1.94435767e+14 8.03993171e+13 6.21556918e+12 3.78270186e+13 4.43008470e+14 3.06024404e+13 4.52768045e+11 1.01375023e+13 5.20100192e+12 2.05252882e+14 1.88453585e+13 4.96850113e+12 1.22961994e+12 1.51582734e+12 3.21585859e+13 2.36351302e-03]
[1.50000000e+01 1.04719755e+00 4.18879020e+00 3.06909033e-03 5.45505147e+00 5.08847430e-01 4.65063726e-01 4.95198147e-01 5.22928903e-01 4.81349335e-01 4.77893362e-01 4.72266029e+13 2.24652590e+12 7.33148905e+16 5.46920200e+13 1.51752180e+14 1.29378264e+13 5.14414731e+11 6.88404967e+13 6.23101684e+13 1.83103323e+13 3.96150135e+11 1.70602284e+13 1.90239036e+12 1.77612317e+13 2.01419876e+12 4.24693503e+11 1.10850024e+12 2.61404446e+12 2.78158893e+12 2.66810997e-03]
[1.60000000e+01 1.04719755e+00 1.57079633e+00 3.06909033e-03 4.93696846e+00 5.14827728e-01 4.87382501e-01 4.95198147e-01 5.13493329e-01 4.66951714e-01 4.76657197e-01 3.50336322e+13 1.72612370e+12 1.23736597e+17 1.84306773e+14 1.94195538e+14 4.92899538e+13 2.22395423e+12 3.55594281e+13 2.73638620e+14 2.77807788e+13 2.03910262e+11 1.29944619e+13 4.66217503e+12 7.92547083e+13 1.06081501e+13 1.91919741e+12 1.35406896e+12 1.87059677e+12 1.18587358e+13 1.78328902e-03]
[1.70000000e+01 2.35619449e+00 2.61799388e+00 3.06909033e-03 3.27353526e+00 5.06370310e-01 4.80304798e-01 4.78526908e-01 5.26335059e-01 4.75636986e-01 4.97035956e-01 1.90687343e+13 2.19065975e+12 2.02350542e+16 1.54937641e+13 4.96448813e+13 3.07083569e+12 1.25608090e+10 1.92019256e+13 1.43998939e+13 5.74427702e+12 5.62846867e+11 5.83268637e+12 6.56391362e+11 7.07926360e+11 3.83218844e+11 1.75916192e+10 3.70334772e+11 8.51387711e+11 1.05970252e+11 5.11582796e-03]
[1.80000000e+01 1.30899694e+00 5.75958653e+00 3.06909033e-03 4.16925847e+00 5.26380777e-01 4.68751750e-01 4.91867220e-01 5.03426310e-01 4.78428660e-01 4.79933468e-01 1.73047367e+13 9.18514344e+11 2.54562282e+17 1.33488669e+14 1.77788073e+14 3.44244766e+13 1.53126544e+12 2.88457712e+13 1.91271285e+14 2.37938334e+13 1.87753508e+11 1.20150693e+13 3.84052945e+12 5.51009446e+13 7.10687795e+12 1.30896322e+12 1.41064826e+12 2.00514929e+12 8.13123300e+12 1.49403866e-03]
[1.90000000e+01 2.61799388e-01 3.66519143e+00 2.68545404e-03 1.99329257e+00 5.11732098e-01 4.73634643e-01 5.01633005e-01 5.20751090e-01 4.81337981e-01 4.76687447e-01 2.47187138e+13 3.43351002e+12 1.13881150e+15 1.70552891e+13 6.65614766e+13 3.33063137e+12 8.01855594e+09 2.41379276e+13 1.83332748e+13 7.81607021e+12 8.08549855e+11 7.77649631e+12 8.82072478e+11 6.52835010e+11 3.66084515e+11 1.06269105e+10 5.65387476e+11 1.13513140e+12 8.17251733e+10 3.72678885e-03]
[2.00000000e+01 2.09439510e+00 3.14159265e+00 0.00000000e+00 3.78372179e+00 5.02867132e-01 4.75421906e-01 4.81387241e-01 5.26788324e-01 4.75421906e-01 4.95198147e-01 6.02695669e+13 1.72301808e+12 4.28995843e+22 2.51287701e+15 3.50430455e+14 2.51140813e+14 2.46321045e+17 1.07190430e+14 1.31172612e+15 4.88320013e+13 2.94197045e+11 1.33376461e+13 9.38081156e+12 1.96089546e+16 2.74040446e+14 2.20841540e+17 4.11842537e+12 1.59358561e+12 2.15728094e+16 2.07968581e-03]
[2.10000000e+01 2.09439510e+00 4.71238898e+00 1.53454516e-03 5.28780740e+00 5.14827728e-01 4.63461310e-01 4.81387241e-01 5.16487669e-01 4.88515748e-01 4.92897422e-01 4.77648675e+13 4.02123125e+12 7.35385072e+18 2.77891162e+14 1.48679912e+14 6.57358260e+13 4.24909789e+13 3.58872515e+13 3.57896965e+14 2.30710911e+13 5.89148868e+11 9.98175351e+12 4.06115866e+12 3.52231625e+14 1.81265905e+13 2.54850255e+13 8.26137118e+11 1.05211316e+12 8.81145588e+13 2.98255217e-03]
[2.20000000e+01 1.83259571e+00 1.57079633e+00 1.53454516e-03 4.45662842e-02 5.14827728e-01 4.88762217e-01 4.84718168e-01 5.11780438e-01 4.62279953e-01 4.91954760e-01 8.32967497e+13 3.54227762e+12 1.50921267e+17 2.53121238e+14 1.78644113e+14 6.38444429e+13 8.34827390e+12 8.98694910e+13 3.39408995e+14 2.64665010e+13 4.34661270e+11 1.80523299e+13 3.57517042e+12 2.59870671e+14 1.60971986e+13 6.17348046e+12 1.05787980e+12 2.02889175e+12 4.20374571e+13 2.96664880e-03]
[2.30000000e+01 1.83259571e+00 3.66519143e+00 1.53454516e-03 1.36850776e-01 5.03274680e-01 4.68751750e-01 4.84718168e-01 5.27657079e-01 4.79339661e-01 4.92225451e-01 3.45048963e+13 4.21986737e+12 5.43925192e+16 3.85078852e+13 8.15430993e+13 1.00868835e+13 5.02388364e+11 4.54875754e+13 4.47606394e+13 1.07307089e+13 7.40271834e+11 7.85657941e+12 1.37770653e+12 1.63757572e+13 1.70811074e+12 3.99016358e+11 5.42037930e+11 1.04715604e+12 2.71581822e+12 3.81672990e-03]
[2.40000000e+01 0.00000000e+00 2.61799388e+00 3.45272662e-03 2.92607610e+00 5.14827728e-01 4.75421906e-01 5.02103601e-01 5.19340589e-01 4.80373103e-01 4.75306506e-01 2.41666472e+13 2.92195191e+12 3.72078442e+15 3.37783043e+13 7.17872123e+13 8.21216124e+12 5.77372632e+10 2.23711405e+13 3.76310782e+13 9.07730548e+12 6.84239002e+11 6.02595901e+12 1.41115941e+12 2.72059080e+12 1.24712712e+12 7.81917569e+10 5.29699713e+11 9.06356761e+11 4.40199856e+11 3.85741470e-03]
[2.50000000e+01 1.04719755e+00 0.00000000e+00 1.53454516e-03 5.45146066e+00 5.26788324e-01 4.75421906e-01 4.95198147e-01 5.04140677e-01 4.77476607e-01 4.79519281e-01 2.62159257e+13 1.80434301e+12 1.74447284e+17 2.04263101e+14 1.25849520e+14 5.55578889e+13 4.24795668e+12 2.79043817e+13 3.07226834e+14 2.04149877e+13 3.99533778e+11 7.88136356e+12 3.33016421e+12 1.42768456e+14 1.31298395e+13 3.38367191e+12 7.76053496e+11 1.07189541e+12 2.17197901e+13 2.68611219e-03]
[2.60000000e+01 1.30899694e+00 5.23598776e-01 3.06909033e-03 5.54375105e-01 5.26380777e-01 4.82092061e-01 4.91867220e-01 5.00570601e-01 4.73073271e-01 4.87935197e-01 1.30286063e+13 2.73660786e+12 9.69583991e+15 4.20358766e+13 3.92336916e+13 1.17944556e+13 3.28663046e+11 8.05740586e+12 6.64627231e+13 6.03202057e+12 9.48700671e+11 2.77773350e+12 1.05615105e+12 1.31765450e+13 2.51928829e+12 3.20118990e+11 2.41071639e+11 3.02449676e+11 1.79638393e+12 5.17362302e-03]
[2.70000000e+01 1.83259571e+00 3.14159265e+00 1.91818145e-03 2.91350262e+00 5.01487417e-01 4.75421906e-01 4.84718168e-01 5.27691985e-01 4.79123376e-01 4.92629192e-01 3.21796013e+13 3.12215191e+12 7.44591304e+17 3.77774879e+14 1.26738349e+14 7.85531032e+13 2.76307730e+13 4.85776167e+13 4.22730352e+14 1.90734464e+13 8.74986594e+11 8.01288896e+12 3.10583834e+12 7.19811802e+14 2.58332371e+13 1.88465970e+13 8.07013944e+11 1.07651738e+12 1.27977458e+14 7.63006732e-03]
[2.80000000e+01 1.30899694e+00 2.09439510e+00 1.15090887e-03 4.10436906e+00 5.08157573e-01 4.86974954e-01 4.91867220e-01 5.22342958e-01 4.65025859e-01 4.82924255e-01 3.13300033e+13 2.92198767e+12 1.76827956e+18 4.84009197e+14 2.38334752e+14 1.20997753e+14 2.38543405e+13 4.33744437e+13 6.59160186e+14 3.72287862e+13 4.34978244e+11 1.20158095e+13 6.72583504e+12 5.48789146e+14 3.17249689e+13 1.62704385e+13 1.54495722e+12 1.78505306e+12 9.60828077e+13 3.31671274e-03]
[2.90000000e+01 7.85398163e-01 1.04719755e+00 2.30181775e-03 5.90056273e+00 5.19710621e-01 4.83879324e-01 4.98058480e-01 5.07028878e-01 4.70339166e-01 4.77593826e-01 3.22670543e+13 1.28704829e+12 1.24886983e+17 3.25410972e+14 2.54563752e+14 8.94788359e+13 5.28559534e+12 5.05765541e+13 4.83926894e+14 3.87401864e+13 1.51444047e+11 1.33894280e+13 6.63065489e+12 1.85214755e+14 1.98376360e+13 4.36163782e+12 1.74557211e+12 2.17995677e+12 2.73674696e+13 1.60492037e-03]
[3.00000000e+01 7.85398163e-01 1.57079633e+00 2.30181775e-03 6.15890069e+00 5.14827728e-01 4.85187691e-01 4.98058480e-01 5.10321757e-01 4.66319916e-01 4.78394609e-01 1.95048096e+13 2.14734977e+12 4.39648413e+16 1.04030447e+14 1.40103864e+14 2.75771358e+13 8.07358290e+11 2.78699797e+13 1.43835489e+14 1.92485033e+13 4.84370665e+11 8.35877927e+12 3.30322843e+12 3.03027430e+13 5.34013467e+12 7.41530487e+11 9.98368512e+11 1.40542069e+12 4.47560638e+12 2.84472504e-03]
[3.10000000e+01 2.61799388e+00 5.23598776e-01 7.67272582e-04 5.33725932e+00 5.20808026e-01 4.78874632e-01 4.76332098e-01 5.07485693e-01 4.72217955e-01 4.99595130e-01 3.24282094e+13 2.09391985e+12 4.02641503e+19 1.25863411e+15 3.38651091e+14 2.67690471e+14 4.64769413e+14 5.36334016e+13 1.48080701e+15 6.02800871e+13 1.87466803e+11 1.18192867e+13 1.09849812e+13 2.39981767e+15 8.80685134e+13 2.77022417e+14 1.93585939e+12 1.55962322e+12 7.14789877e+14 2.03763339e-03]
[3.20000000e+01 7.85398163e-01 3.66519143e+00 2.30181775e-03 1.52422617e+00 5.06370310e-01 4.70539013e-01 4.98058480e-01 5.25938469e-01 4.81592592e-01 4.82000146e-01 1.83447853e+13 1.69327032e+12 1.07960632e+16 3.89553533e+13 7.40023910e+13 9.56331594e+12 8.57878898e+10 1.69788986e+13 5.24806119e+13 1.01875579e+13 5.44401862e+11 5.31431335e+12 1.75594746e+12 4.47924891e+12 1.66092434e+12 1.01266253e+11 5.91293818e+11 7.33127678e+11 5.83639549e+11 4.27515652e-03]
[3.30000000e+01 5.23598776e-01 1.04719755e+00 2.68545404e-03 1.42302671e+00 5.18280455e-01 4.81402203e-01 5.00253290e-01 5.08571682e-01 4.66138583e-01 4.79379235e-01 4.55229517e+13 3.76527576e+12 1.77300626e+16 1.15081642e+14 1.36887230e+14 3.25614293e+13 7.80155192e+11 4.02850389e+13 1.70763327e+14 1.86490066e+13 3.56987653e+11 1.03486497e+13 3.12706351e+12 3.02566020e+13 6.50778103e+12 8.12151553e+11 8.30608485e+11 1.26564879e+12 4.58834269e+12 3.51441912e-03]
[3.40000000e+01 1.83259571e+00 4.71238898e+00 1.91818145e-03 1.55908531e+00 5.14827728e-01 4.62081594e-01 4.84718168e-01 5.14872228e-01 4.87525129e-01 4.95469407e-01 4.39552434e+13 2.92756268e+12 4.51381521e+17 4.94589619e+14 2.77079047e+14 1.16911206e+14 2.07472108e+13 5.40155994e+13 6.14040355e+14 3.93168268e+13 3.17784409e+11 1.40985768e+13 7.19994319e+12 5.96502382e+14 3.13435920e+13 1.47282757e+13 1.75932845e+12 2.20333774e+12 1.00747146e+14 2.63126489e-03]
[3.50000000e+01 0.00000000e+00 5.75958653e+00 3.06909033e-03 2.90055397e+00 5.14827728e-01 4.75421906e-01 5.02103601e-01 5.10679605e-01 4.71097869e-01 4.75139544e-01 1.19267284e+13 1.97274365e+12 6.51955291e+16 4.86164025e+13 6.33923145e+13 1.26454404e+13 6.19480618e+11 1.46258149e+13 6.66023875e+13 8.62627265e+12 3.92802732e+11 4.20324845e+12 1.40572521e+12 2.15551401e+13 2.55966152e+12 5.20905945e+11 4.72625576e+11 6.95599842e+11 3.32080890e+12 2.06342510e-03]
[3.60000000e+01 7.85398163e-01 1.57079633e+00 2.30181775e-03 7.77802075e-01 5.14827728e-01 4.85187691e-01 4.98058480e-01 5.11592460e-01 4.63668681e-01 4.81045843e-01 6.34520818e+13 2.16346895e+12 4.06038108e+16 2.11333919e+14 2.23882559e+14 5.69758349e+13 3.22997617e+12 7.86477264e+13 3.02060179e+14 3.20103291e+13 3.66364609e+11 1.97376182e+13 4.39525493e+12 1.14109707e+14 1.21616251e+13 2.65194435e+12 1.56926408e+12 2.97039376e+12 1.65498949e+13 5.73476004e-03]
[3.70000000e+01 1.30899694e+00 3.66519143e+00 1.53454516e-03 1.43089627e+00 5.03274680e-01 4.68751750e-01 4.91867220e-01 5.27129159e-01 4.82032989e-01 4.87679489e-01 2.44816097e+13 3.52943124e+12 4.10012237e+16 8.28316944e+13 6.54997862e+13 2.32983734e+13 1.69468696e+12 2.74691470e+13 1.22728543e+14 9.71360588e+12 7.79814087e+11 4.59524271e+12 1.56366928e+12 5.65648342e+13 5.23398726e+12 1.39642864e+12 3.87500154e+11 5.77816903e+11 9.19600432e+12 6.86281748e-03]
[3.80000000e+01 1.57079633e+00 5.75958653e+00 1.91818145e-03 3.65073199e+00 5.26788324e-01 4.68516452e-01 4.88292694e-01 5.01435605e-01 4.79322640e-01 4.86440530e-01 2.88561485e+13 2.15132290e+12 1.64324113e+17 2.91021883e+14 2.48773396e+14 7.80273624e+13 5.11980768e+12 4.55073238e+13 4.17827336e+14 3.64872125e+13 3.68418170e+11 1.26420302e+13 6.49442781e+12 1.73223400e+14 1.73596818e+13 4.07376387e+12 1.69085113e+12 1.98393255e+12 2.63418607e+13 2.29706521e-03]
[3.90000000e+01 1.57079633e+00 3.14159265e+00 3.45272662e-03 1.90455614e+00 5.01016822e-01 4.75421906e-01 4.88292694e-01 5.27813916e-01 4.77616572e-01 4.94622284e-01 3.32706080e+13 2.21896670e+12 3.50678721e+16 4.96848009e+13 1.08240431e+14 1.21969515e+13 2.37237678e+11 3.28091406e+13 6.83245236e+13 1.31773555e+13 3.46647282e+11 1.15492885e+13 1.76417568e+12 9.89748468e+12 2.22526715e+12 2.36407742e+11 8.07612135e+11 1.59901940e+12 1.34941992e+12 2.74712096e-03]
[4.00000000e+01 1.04719755e+00 5.23598776e+00 3.06909033e-03 2.00720389e+00 5.20808026e-01 4.65063726e-01 4.95198147e-01 5.05581224e-01 4.86371836e-01 4.86418998e-01 4.51306124e+13 1.15025835e+12 1.52549960e+16 1.43850716e+14 3.68187733e+14 3.36841955e+13 1.42285755e+11 8.79237478e+13 1.46684012e+14 4.35042643e+13 2.64902773e+11 2.68831180e+13 6.80335501e+12 7.78871380e+12 4.39128664e+12 2.03416412e+11 2.89028533e+12 4.88653572e+12 1.28250522e+12 2.31346104e-03]
[4.10000000e+01 5.23598776e-01 1.04719755e+00 1.53454516e-03 5.35581967e+00 5.18280455e-01 4.81402203e-01 5.00253290e-01 5.10889111e-01 4.72260060e-01 4.75258215e-01 2.98547377e+13 2.95426499e+12 6.11046910e+18 5.96134325e+14 1.55909506e+14 1.18104916e+14 9.62934915e+13 3.80161600e+13 6.48241400e+14 2.58464084e+13 4.99943730e+11 7.80762027e+12 4.59943473e+12 1.21955355e+15 4.09631610e+13 5.92355985e+13 9.36097782e+11 1.01940430e+12 2.59555684e+14 2.18627244e-03]
[4.20000000e+01 7.85398163e-01 5.23598776e-01 1.91818145e-03 7.44164431e-01 5.23285147e-01 4.80304798e-01 4.98058480e-01 5.03557256e-01 4.72142749e-01 4.80532619e-01 4.50700785e+13 1.15570948e+12 5.27342604e+16 1.85775941e+14 2.92860209e+14 4.68055485e+13 1.30288976e+12 6.45253298e+13 2.53368216e+14 3.89094248e+13 9.37312582e+10 2.22483161e+13 6.01488589e+12 5.07873805e+13 8.93524948e+12 1.19228816e+12 2.26211472e+12 3.63339383e+12 7.07752755e+12 1.34859532e-03]
[4.30000000e+01 1.04719755e+00 2.09439510e+00 3.45272662e-03 4.97637486e+00 5.08847430e-01 4.85780085e-01 4.95198147e-01 5.17320263e-01 4.67608620e-01 4.76198845e-01 3.11726245e+13 1.25413560e+12 1.27116603e+17 2.07959503e+14 1.80216065e+14 5.52208591e+13 4.13955204e+12 3.65471915e+13 3.09418985e+14 2.55135296e+13 2.05412013e+11 1.38227620e+13 3.94556378e+12 1.39479882e+14 1.28195704e+13 3.30632574e+12 1.29914721e+12 2.03013514e+12 2.12963759e+13 2.55977409e-03]
[4.40000000e+01 2.61799388e+00 2.61799388e+00 2.68545404e-03 1.34885165e+00 5.08847430e-01 4.78874632e-01 4.76332098e-01 5.16150728e-01 4.73317988e-01 5.02384931e-01 4.06922942e+13 1.78089271e+12 2.05900201e+16 7.24978662e+13 1.65238903e+14 1.70654642e+13 3.01428718e+11 4.97099653e+13 9.02434617e+13 1.99652273e+13 3.61353608e+11 1.65025920e+13 2.64330437e+12 1.23894334e+13 2.90977504e+12 3.02668851e+11 1.25963577e+12 2.48253230e+12 1.75027090e+12 2.06468460e-03]
[4.50000000e+01 2.61799388e-01 5.23598776e-01 2.30181775e-03 1.48738415e+00 5.17923358e-01 4.77209168e-01 5.01633005e-01 5.07841757e-01 4.71825417e-01 4.76486612e-01 3.64897581e+13 2.08477926e+12 1.50118219e+17 2.43015471e+14 1.95931911e+14 6.82464426e+13 3.21627151e+12 4.53858859e+13 3.63216041e+14 2.97456403e+13 4.59735890e+11 1.07732646e+13 5.17651431e+12 1.16075713e+14 1.47303964e+13 2.76108978e+12 1.20723363e+12 1.54493892e+12 1.68443748e+13 2.50464797e-03]
[4.60000000e+01 1.57079633e+00 4.71238898e+00 2.68545404e-03 6.13735920e-01 5.14827728e-01 4.61610999e-01 4.88292694e-01 5.19137735e-01 4.88724996e-01 4.91329069e-01 3.64081674e+13 3.21008971e+12 4.93164042e+16 7.89768653e+13 1.13495034e+14 2.12342575e+13 3.66223551e+11 2.77717056e+13 1.05725822e+14 1.45025893e+13 6.73323018e+11 8.59154738e+12 2.66517647e+12 1.48833079e+13 3.90807324e+12 3.90190573e+11 7.45538524e+11 1.10339306e+12 2.29118172e+12 4.34052334e-03]
[4.70000000e+01 7.85398163e-01 2.09439510e+00 3.06909033e-03 2.36996046e+00 5.09944835e-01 4.83879324e-01 4.98058480e-01 5.24674816e-01 4.66956082e-01 4.81946493e-01 2.14461530e+13 2.03101277e+12 1.22201375e+14 7.46453150e+11 5.66140482e+12 9.72908975e+10 3.24170581e+06 9.69152065e+12 2.46986365e+11 7.89953779e+11 3.40796262e+11 2.56382307e+12 1.27439658e+10 1.10653318e+09 1.00003509e+09 4.65592999e+06 2.47871410e+10 1.70007080e+11 3.05727632e+08 4.42804808e-03]
[4.80000000e+01 5.23598776e-01 4.18879020e+00 2.68545404e-03 5.66134554e+00 5.11375002e-01 4.69441608e-01 5.00253290e-01 5.20534774e-01 4.76736281e-01 4.75236279e-01 3.69141925e+13 2.48445663e+12 2.83008935e+16 7.98677060e+13 1.40877457e+14 2.03936609e+13 3.01142752e+11 3.90949590e+13 1.06105657e+14 1.89310641e+13 2.69624218e+11 1.16234448e+13 2.94454683e+12 1.31331904e+13 3.61239649e+12 3.25773183e+11 1.03723383e+12 1.74002742e+12 1.84775314e+12 1.69658678e-03]
[4.90000000e+01 1.04719755e+00 4.18879020e+00 3.83636291e-04 3.10498385e+00 5.08847430e-01 4.65063726e-01 4.95198147e-01 5.20146656e-01 4.86167484e-01 4.81416877e-01 6.34940354e+13 9.71349492e+12 8.93676696e+19 1.21333398e+15 4.15185249e+14 1.90422476e+14 1.33046238e+15 1.55942655e+14 9.98939521e+14 5.91209945e+13 1.51830427e+12 2.13256210e+13 8.24072126e+12 3.74805208e+15 8.73695415e+13 8.30083919e+14 3.10431917e+12 2.74826528e+12 1.40142904e+15 3.54832070e-03]
[5.00000000e+01 1.04719755e+00 5.23598776e-01 3.45272662e-03 4.17359303e+00 5.25185908e-01 4.81402203e-01 4.95198147e-01 5.09296691e-01 4.68259373e-01 4.76819808e-01 1.78168450e+13 1.72040304e+12 2.20986372e+15 1.88174465e+13 6.95585454e+13 3.58027761e+12 7.91689107e+09 2.07523308e+13 1.80895258e+13 7.68433454e+12 5.22687634e+11 7.52145333e+12 8.90422450e+11 5.80577823e+11 4.05291718e+11 1.28587150e+10 5.62312399e+11 1.17770640e+12 8.81499504e+10 2.65797620e-03]
[5.10000000e+01 2.35619449e+00 3.66519143e+00 3.06909033e-03 2.70388831e+00 5.06370310e-01 4.70539013e-01 4.78526908e-01 5.18613498e-01 4.83874328e-01 4.99389273e-01 2.41159021e+13 1.82177209e+12 1.65839912e+16 3.59279370e+13 9.88231483e+13 7.36429128e+12 2.58378257e+10 2.92783895e+13 3.28693431e+13 1.17181836e+13 4.24300955e+11 9.17223213e+12 1.60573703e+12 1.52313127e+12 9.30940265e+11 3.81501825e+10 7.72598420e+11 1.49564909e+12 2.38724263e+11 2.83334822e-03]
[5.20000000e+01 2.35619449e+00 1.57079633e+00 1.15090887e-03 3.70672698e+00 5.14827728e-01 4.85187691e-01 4.78526908e-01 5.16764937e-01 4.64854954e-01 4.97122380e-01 1.87666900e+13 1.25819091e+12 5.90723187e+19 6.44881743e+14 1.96741225e+14 1.36777637e+14 2.28230432e+14 3.49836969e+13 7.44139104e+14 3.27323801e+13 2.11215830e+11 8.25544611e+12 5.82021223e+12 1.25093349e+15 4.44548476e+13 1.35543624e+14 1.21450391e+12 1.23611427e+12 3.58356328e+14 1.34349755e-03]
[5.30000000e+01 1.04719755e+00 2.09439510e+00 2.30181775e-03 6.26378401e+00 5.08847430e-01 4.85780085e-01 4.95198147e-01 5.16691386e-01 4.63113669e-01 4.81498860e-01 6.52111777e+13 3.22314453e+12 4.92341368e+15 1.00126513e+14 1.85428120e+14 3.19567170e+13 1.20654047e+11 8.54567651e+13 1.32775973e+14 2.27675913e+13 4.69807402e+11 1.22981677e+13 4.25386066e+12 8.24418385e+12 4.81632719e+12 2.68784733e+11 9.98647740e+11 1.33961356e+12 1.86100367e+12 5.03460240e-03]
[5.40000000e+01 2.61799388e+00 5.75958653e+00 1.91818145e-03 4.72033725e+00 5.20808026e-01 4.71969179e-01 4.76332098e-01 5.06126424e-01 4.80480481e-01 4.98125970e-01 2.93271146e+13 4.19942922e+12 4.32509620e+18 3.23570657e+14 4.36127823e+13 5.86720721e+13 5.85391657e+13 1.75703400e+13 3.19374368e+14 8.70410358e+12 7.90097277e+11 4.00339669e+12 1.33968563e+12 7.79611559e+14 2.26670766e+13 3.52690535e+13 2.47312184e+11 3.37683617e+11 1.65885505e+14 3.95694830e-03]
[5.50000000e+01 2.61799388e+00 3.66519143e+00 3.06909033e-03 1.07382735e+00 5.08847430e-01 4.71969179e-01 4.76332098e-01 5.18001219e-01 4.73955405e-01 5.02317240e-01 1.11752951e+13 1.16566181e+12 2.37654344e+16 1.22690375e+14 1.83958011e+14 3.15662194e+13 3.48569188e+11 2.40222705e+13 1.61271523e+14 2.37222392e+13 2.59736531e+11 8.89731813e+12 4.49205940e+12 1.57765027e+13 5.82297951e+12 4.36055886e+11 1.26828706e+12 1.50377412e+12 2.36087982e+12 1.73642633e-03]
[5.60000000e+01 7.85398163e-01 5.75958653e+00 3.45272662e-03 5.01770509e-01 5.23285147e-01 4.70539013e-01 4.98058480e-01 5.07838889e-01 4.86239013e-01 4.81388517e-01 2.87370488e+13 2.58776433e+12 1.22916444e+16 5.61458262e+13 1.30660889e+14 1.28987187e+13 7.59120871e+10 3.15746239e+13 6.58055202e+13 1.64641490e+13 4.20993896e+11 1.05979536e+13 2.57058221e+12 4.15200221e+12 2.01240824e+12 1.03105334e+11 1.03612712e+12 1.62827442e+12 5.92642641e+11 2.16941932e-03]
[5.70000000e+01 1.83259571e+00 1.57079633e+00 1.91818145e-03 4.38484488e-01 5.14827728e-01 4.88762217e-01 4.84718168e-01 5.11387325e-01 4.62752822e-01 4.93357586e-01 5.79181768e+13 3.06944737e+12 1.24180609e+17 5.26114731e+14 3.13819888e+14 1.51777195e+14 8.71539115e+12 7.09839684e+13 8.32045468e+14 5.24079766e+13 4.93617614e+11 1.63582456e+13 9.10005810e+12 3.09258005e+14 3.43798805e+13 7.35243435e+12 1.81104940e+12 2.15948422e+12 4.55336714e+13 3.06561974e-03]
[5.80000000e+01 2.61799388e-01 3.66519143e+00 2.30181775e-03 3.45402289e+00 5.11732098e-01 4.73634643e-01 5.01633005e-01 5.14510947e-01 4.80228664e-01 4.74954148e-01 2.97387166e+13 2.73799511e+12 4.15643910e+18 1.54175132e+14 1.56331601e+14 3.63401707e+13 9.33147312e+12 2.33716127e+13 1.99997562e+14 2.26093260e+13 2.43211514e+11 9.14382167e+12 4.14306677e+12 1.42565228e+14 8.69367249e+12 5.78233985e+12 1.18858969e+12 1.27778089e+12 2.85206601e+13 1.65157196e-03]
[5.90000000e+01 2.61799388e+00 3.66519143e+00 2.68545404e-03 1.88202837e-01 5.08847430e-01 4.71969179e-01 4.76332098e-01 5.22437878e-01 4.73835352e-01 5.00306703e-01 2.57261896e+13 1.30283260e+12 1.04674381e+17 1.12139345e+14 1.09523280e+14 2.96988576e+13 2.11607377e+12 3.24870024e+13 1.61824651e+14 1.51958153e+13 9.05769569e+10 8.63988797e+12 2.26064458e+12 7.02830254e+13 6.69370120e+12 1.71330361e+12 7.49985004e+11 1.22548322e+12 1.10334341e+13 9.18430563e-04]
[6.00000000e+01 1.57079633e+00 3.14159265e+00 2.68545404e-03 5.77874313e+00 5.01016822e-01 4.75421906e-01 4.88292694e-01 5.28130818e-01 4.70806418e-01 4.85744555e-01 2.56054626e+13 1.64681000e+12 6.02430055e+16 1.06090900e+14 1.87644402e+14 2.74966264e+13 4.67450081e+11 3.76744845e+13 1.44503168e+14 2.51303940e+13 4.31646139e+11 1.11346600e+13 4.45785541e+12 1.93161859e+13 4.78746942e+12 4.70905275e+11 1.53194858e+12 1.81402279e+12 2.84262789e+12 3.09698031e-03]
[6.10000000e+01 2.09439510e+00 2.61799388e+00 2.68545404e-03 3.12532351e+00 5.04469548e-01 4.81402203e-01 4.81387241e-01 5.27403641e-01 4.74248166e-01 4.95018518e-01 3.16245005e+13 2.19725983e+12 7.03515475e+16 1.61069823e+14 1.96677875e+14 4.25180203e+13 2.88428454e+12 4.95654982e+13 2.23068211e+14 2.60845194e+13 4.93947403e+11 1.37879441e+13 4.05408026e+12 9.69648349e+13 8.95970802e+12 2.38462993e+12 1.51105245e+12 2.37787551e+12 1.58526739e+13 4.65643751e-03]
[6.20000000e+01 2.35619449e+00 3.66519143e+00 1.91818145e-03 6.03294478e-01 5.06370310e-01 4.70539013e-01 4.78526908e-01 5.23368661e-01 4.76739845e-01 4.99397229e-01 2.98592746e+13 1.93313019e+12 1.93194575e+17 2.91487264e+14 1.27499023e+14 7.97641145e+13 7.28248445e+12 3.30957677e+13 4.44373699e+14 2.29260798e+13 2.62409955e+11 7.92253964e+12 3.61976196e+12 2.44554100e+14 1.96612552e+13 5.74087937e+12 7.93092089e+11 9.77238301e+11 3.73784622e+13 2.11904258e-03]
[6.30000000e+01 1.57079633e+00 5.23598776e-01 3.45272662e-03 2.32838428e+00 5.26788324e-01 4.82327359e-01 4.88292694e-01 5.05883133e-01 4.64942023e-01 4.93159687e-01 1.39903471e+13 2.04077744e+12 3.58002118e+16 6.91753438e+13 8.73058249e+13 1.85576729e+13 3.20525849e+11 1.21205957e+13 1.01218282e+14 1.22583260e+13 5.92851741e+11 4.70937334e+12 2.28259123e+12 1.36522455e+13 3.68156078e+12 3.51251836e+11 5.94698015e+11 6.54648682e+11 1.92211012e+12 4.14779060e-03]
[6.40000000e+01 1.83259571e+00 5.75958653e+00 2.68545404e-03 2.23577772e-01 5.26380777e-01 4.68751750e-01 4.84718168e-01 5.06531960e-01 4.86147720e-01 4.92864900e-01 4.10017141e+13 1.80302292e+12 1.54622283e+17 2.35421339e+14 2.02666809e+14 5.84795291e+13 6.47608115e+12 4.82499170e+13 3.21871415e+14 2.71258410e+13 3.85300362e+11 1.75900101e+13 3.89600693e+12 2.07543189e+14 1.43055627e+13 4.87245535e+12 1.48987294e+12 2.65115635e+12 3.27258678e+13 3.67099789e-03]
[6.50000000e+01 2.61799388e+00 5.75958653e+00 2.30181775e-03 1.51721078e+00 5.20808026e-01 4.71969179e-01 4.76332098e-01 5.12532635e-01 4.77027819e-01 5.02195056e-01 2.04977219e+13 1.71566522e+12 5.53000297e+16 3.46934339e+13 8.33874894e+13 7.89130829e+12 1.86259744e+11 2.18045426e+13 4.21443912e+13 9.69308138e+12 3.40486930e+11 8.21943460e+12 1.26276949e+12 6.99579570e+12 1.34909889e+12 1.74055421e+11 6.47276677e+11 1.27502207e+12 1.06372675e+12 1.79879530e-03]
[6.60000000e+01 1.83259571e+00 2.09439510e+00 3.06909033e-03 2.12887536e+00 5.08157573e-01 4.86974954e-01 4.84718168e-01 5.23270440e-01 4.67144933e-01 4.96606653e-01 2.48519114e+13 2.44856354e+12 6.71618051e+16 1.38433113e+14 1.46386928e+14 3.60468516e+13 2.07413979e+12 2.77495787e+13 1.96506213e+14 2.08398874e+13 3.34697067e+11 9.56113028e+12 3.50502970e+12 7.24836751e+13 7.78648176e+12 1.67918740e+12 1.10796457e+12 1.45604666e+12 1.07239519e+13 2.43468059e-03]
[6.70000000e+01 1.83259571e+00 5.75958653e+00 1.91818145e-03 4.84093043e+00 5.26380777e-01 4.68751750e-01 4.84718168e-01 5.02893221e-01 4.82874750e-01 4.88159120e-01 3.05651743e+13 1.01454464e+12 1.16259288e+19 4.58417510e+14 1.86512800e+14 1.00180682e+14 4.56398273e+13 4.23413504e+13 5.52657078e+14 2.77913886e+13 1.50451442e+11 1.43142551e+13 4.11182214e+12 7.31344373e+14 3.05893490e+13 2.93350140e+13 1.36379773e+12 2.26332941e+12 1.39074152e+14 1.40958853e-03]
[6.80000000e+01 2.09439510e+00 2.61799388e+00 1.53454516e-03 2.97928277e+00 5.04469548e-01 4.81402203e-01 4.81387241e-01 5.26350872e-01 4.72244927e-01 4.95540563e-01 4.52399025e+13 3.24844209e+12 1.01776814e+17 1.91440491e+14 2.35905615e+14 4.51308556e+13 5.78458644e+12 7.33982756e+13 2.41451505e+14 2.94538887e+13 4.71911060e+11 1.95782954e+13 4.01628891e+12 1.79979364e+14 1.07277908e+13 4.29157572e+12 1.85608144e+12 3.09042233e+12 2.97729239e+13 3.07280541e-03]
[6.90000000e+01 1.83259571e+00 1.57079633e+00 2.68545404e-03 3.67392876e+00 5.14827728e-01 4.88762217e-01 4.84718168e-01 5.19370352e-01 4.61879540e-01 4.89151090e-01 3.13442762e+13 3.44790654e+12 3.68603461e+16 1.26568305e+14 1.36778657e+14 3.49863286e+13 1.02311705e+12 2.89353615e+13 1.91544755e+14 1.99109915e+13 5.90638319e+11 9.06436752e+12 3.39558224e+12 3.97339100e+13 7.21840018e+12 9.80803542e+11 9.10405250e+11 1.25059118e+12 5.62113789e+12 3.22112454e-03]
[7.00000000e+01 1.30899694e+00 1.04719755e+00 1.53454516e-03 4.44717113e+00 5.21497884e-01 4.86974954e-01 4.91867220e-01 5.09312533e-01 4.64270211e-01 4.81918531e-01 4.87467365e+13 3.11861025e+12 2.06613737e+18 4.50863501e+14 2.40736922e+14 9.98833048e+13 3.15843368e+13 5.91744139e+13 5.27941781e+14 3.39740312e+13 5.02309039e+11 1.47494436e+13 5.88262505e+12 7.06389577e+14 2.90002628e+13 2.05546854e+13 1.53998866e+12 2.20973642e+12 1.27759117e+14 2.89025304e-03]
[7.10000000e+01 1.83259571e+00 5.75958653e+00 3.45272662e-03 2.76947634e+00 5.26380777e-01 4.68751750e-01 4.84718168e-01 5.01390146e-01 4.75973871e-01 4.94006544e-01 5.83042082e+13 1.95733397e+12 8.92320342e+15 3.26990787e+13 1.26085800e+14 7.61549704e+12 2.02807250e+10 7.06149456e+13 2.95869455e+13 1.61566947e+13 3.16407938e+11 1.59091422e+13 1.54780985e+12 1.20720395e+12 6.98632689e+11 2.86368746e+10 8.89585855e+11 2.28214599e+12 1.95822132e+11 2.51234339e-03]
[7.20000000e+01 1.57079633e+00 3.66519143e+00 1.91818145e-03 9.22428443e-01 5.02867132e-01 4.68516452e-01 4.88292694e-01 5.27708238e-01 4.80208780e-01 4.91321472e-01 1.07709375e+13 1.92934236e+12 5.42778904e+17 3.85080786e+14 1.54404332e+14 9.66128139e+13 1.42057355e+13 1.68090958e+13 5.35403618e+14 2.62466697e+13 5.55885408e+11 5.75008373e+12 4.71278065e+12 4.23942042e+14 2.57635231e+13 1.03370198e+13 9.54979205e+11 8.32308001e+11 6.92242222e+13 3.39823586e-03]
[7.30000000e+01 2.61799388e+00 2.09439510e+00 2.30181775e-03 2.07569361e+00 5.11375002e-01 4.81402203e-01 4.76332098e-01 5.18367814e-01 4.73683418e-01 5.01915012e-01 4.16910504e+13 3.16292853e+12 4.27869611e+17 2.76537162e+14 1.98416095e+14 6.43060817e+13 1.21988565e+13 4.92871554e+13 3.49227461e+14 2.72795196e+13 3.73661672e+11 1.42341608e+13 4.29297998e+12 3.33256669e+14 1.72904806e+13 8.55267928e+12 1.35992974e+12 2.08220893e+12 5.76571240e+13 2.26195615e-03]
[7.40000000e+01 1.83259571e+00 2.61799388e+00 3.06909033e-03 4.33374756e+00 5.03274680e-01 4.82092061e-01 4.84718168e-01 5.28185992e-01 4.70267168e-01 4.86319106e-01 3.22553818e+13 1.00074547e+12 2.58829243e+17 1.79345292e+14 2.78500096e+14 4.51530348e+13 2.11881143e+12 5.31495028e+13 2.51641512e+14 3.60457649e+13 1.91371412e+11 2.14690521e+13 5.31106111e+12 7.53466472e+13 9.12599748e+12 1.78077458e+12 2.30583966e+12 3.66593691e+12 1.11887096e+13 1.76191043e-03]
[7.50000000e+01 7.85398163e-01 1.04719755e+00 3.45272662e-03 4.73385028e+00 5.19710621e-01 4.83879324e-01 4.98058480e-01 5.12479920e-01 4.71642910e-01 4.74374061e-01 4.69481699e+13 2.27167208e+12 5.58574888e+16 1.15932095e+14 1.35755353e+14 2.99685758e+13 1.55531570e+12 3.85612231e+13 1.61205156e+14 1.91451440e+13 2.22334122e+11 1.17447294e+13 3.11518516e+12 5.42633268e+13 6.34551903e+12 1.29214752e+12 9.52320447e+11 1.46397412e+12 8.23617757e+12 1.62077169e-03]
[7.60000000e+01 1.83259571e+00 5.23598776e-01 2.68545404e-03 4.76274654e+00 5.26380777e-01 4.82092061e-01 4.84718168e-01 5.02386560e-01 4.68545430e-01 4.86649722e-01 3.21505165e+13 1.03274748e+12 8.41766722e+17 1.93110667e+14 1.86345731e+14 4.72085256e+13 6.95025247e+12 5.19076011e+13 2.33035560e+14 2.50117643e+13 2.63718745e+11 1.05528264e+13 4.51740619e+12 1.80853850e+14 1.08416047e+13 4.82817553e+12 1.23855274e+12 1.69175297e+12 3.13325790e+13 2.11604607e-03]
[7.70000000e+01 2.09439510e+00 5.75958653e+00 2.68545404e-03 1.73850352e+00 5.25185908e-01 4.69441608e-01 4.81387241e-01 5.06661276e-01 4.79120625e-01 4.99446011e-01 2.61694055e+13 2.62194935e+12 1.70901438e+17 3.64285582e+13 4.08225263e+13 9.50501988e+12 5.22950705e+11 1.42603528e+13 5.24073940e+13 5.80160775e+12 2.91517421e+11 4.66543333e+12 8.98066254e+11 1.82827360e+13 2.06954092e+12 4.32655680e+11 2.81001949e+11 4.81291512e+11 2.74159087e+12 2.20449338e-03]
[7.80000000e+01 1.30899694e+00 3.66519143e+00 3.06909033e-03 3.40228701e+00 5.03274680e-01 4.68751750e-01 4.91867220e-01 5.22589599e-01 4.86588420e-01 4.83396584e-01 2.39721476e+13 2.45201221e+12 4.15000427e+15 4.07655546e+13 1.30491105e+14 8.36850701e+12 2.81956378e+10 3.12439541e+13 4.56175515e+13 1.57039421e+13 4.28873239e+11 1.18034444e+13 2.13453888e+12 2.00613783e+12 1.05753387e+12 3.64600344e+10 1.15604560e+12 1.97390964e+12 2.54145173e+11 3.00572155e-03]
[7.90000000e+01 5.23598776e-01 5.23598776e+00 1.91818145e-03 4.74812997e+00 5.18280455e-01 4.69441608e-01 5.00253290e-01 5.13202597e-01 4.78508281e-01 4.74660804e-01 2.27498284e+13 4.04407515e+11 4.74624959e+17 3.72686758e+14 1.95183897e+14 9.79802948e+13 1.03452993e+13 2.96627403e+13 5.35267959e+14 3.03494673e+13 1.33277128e+10 9.43671508e+12 5.43999007e+12 3.31107644e+14 2.43810351e+13 7.95880420e+12 1.19748033e+12 1.35408717e+12 5.30798799e+13 6.18637533e-04]
[8.00000000e+01 0.00000000e+00 4.18879020e+00 1.15090887e-03 5.70992949e+00 5.14827728e-01 4.75421906e-01 5.02103601e-01 5.15874642e-01 4.73380877e-01 4.74577200e-01 3.95660517e+13 2.10863433e+12 5.39304920e+18 3.63445284e+14 1.47684849e+14 7.56723271e+13 8.56842898e+13 5.57705465e+13 4.06296882e+14 2.29000591e+13 2.44841915e+11 8.61412940e+12 3.78367789e+12 7.22788732e+14 2.46794688e+13 5.01994060e+13 8.73429602e+11 9.48449327e+11 1.84308173e+14 1.80211261e-03]
[8.10000000e+01 5.23598776e-01 0.00000000e+00 3.06909033e-03 5.52940675e-01 5.21733182e-01 4.75421906e-01 5.00253290e-01 5.05525809e-01 4.80521011e-01 4.78475211e-01 5.57280994e+13 1.89713349e+12 1.50813005e+16 1.02688314e+14 2.52763303e+14 2.43345814e+13 2.79630648e+11 7.22434144e+13 1.17392236e+14 3.09369266e+13 1.73486513e+11 2.21874808e+13 4.28660420e+12 1.18301040e+13 3.61885787e+12 3.08061062e+11 1.99701341e+12 3.67902390e+12 1.81223962e+12 1.79779062e-03]
[8.20000000e+01 1.83259571e+00 0.00000000e+00 3.06909033e-03 6.03253273e+00 5.28168040e-01 4.75421906e-01 4.84718168e-01 5.01738095e-01 4.81226672e-01 4.90261386e-01 3.65466462e+13 2.84565220e+12 5.25697969e+15 7.00532668e+13 2.05632636e+14 1.71428629e+13 3.90978619e+10 6.12849567e+13 7.14702762e+13 2.34155390e+13 4.49646915e+11 1.70681983e+13 3.45501437e+12 2.86057402e+12 1.95426051e+12 6.69271648e+10 1.57603623e+12 2.95648493e+12 5.38896926e+11 2.54878138e-03]
[8.30000000e+01 2.87979327e+00 2.61799388e+00 1.53454516e-03 4.73325663e+00 5.11732098e-01 4.77209168e-01 4.74952383e-01 5.20404753e-01 4.72128514e-01 5.00680511e-01 2.05146350e+13 6.53950813e+11 1.06589150e+18 2.19907823e+14 1.31962694e+14 4.93867341e+13 1.17255183e+13 3.01918603e+13 2.71526200e+14 1.96380877e+13 3.31219009e+10 8.35773299e+12 3.28190603e+12 3.03577974e+14 1.39723530e+13 7.99397027e+12 9.27660985e+11 1.21849783e+12 5.27606961e+13 6.61201021e-04]
[8.40000000e+01 0.00000000e+00 1.04719755e+00 3.45272662e-03 6.14503036e+00 5.14827728e-01 4.75421906e-01 5.02103601e-01 5.09542566e-01 4.79538618e-01 4.75306506e-01 3.42714851e+13 1.31683383e+12 1.05311864e+16 6.31001280e+13 2.01179758e+14 1.20145163e+13 2.63204046e+10 5.30040547e+13 5.75380725e+13 2.30653161e+13 3.06991071e+11 1.86119916e+13 3.01346365e+12 1.95939147e+12 1.37832087e+12 4.11932417e+10 1.66048985e+12 3.16269035e+12 2.92180168e+11 2.73892219e-03]
[8.50000000e+01 1.57079633e+00 1.04719755e+00 3.45272662e-03 4.51800782e+00 5.21733182e-01 4.87382501e-01 4.88292694e-01 5.09455295e-01 4.63528523e-01 4.81719585e-01 2.05085080e+13 2.25433617e+12 2.05922034e+17 1.00177146e+14 5.66177109e+13 2.65438878e+13 2.56975004e+12 1.41249915e+13 1.45286852e+14 8.78584413e+12 3.38865889e+11 4.31707692e+12 1.42851587e+12 8.41379554e+13 6.52010865e+12 2.01205828e+12 3.44769239e+11 5.17806971e+11 1.32935750e+13 1.72268841e-03]
[8.60000000e+01 5.23598776e-01 1.04719755e+00 7.67272582e-04 3.84680505e+00 5.18280455e-01 4.81402203e-01 5.00253290e-01 5.12826088e-01 4.69621530e-01 4.75872351e-01 4.88107640e+13 1.87514709e+12 1.03469281e+19 6.38247203e+14 3.46569968e+14 1.42458072e+14 1.14205775e+14 8.48071765e+13 7.50745290e+14 4.65032162e+13 2.40200370e+11 1.74626945e+13 8.75871183e+12 1.13250600e+15 4.24885764e+13 6.91537579e+13 2.23451279e+12 2.69445655e+12 2.67342328e+14 1.78503997e-03]
[8.70000000e+01 1.57079633e+00 1.57079633e+00 3.06909033e-03 9.59140564e-01 5.14827728e-01 4.89232812e-01 4.88292694e-01 5.11386972e-01 4.62268756e-01 4.93198345e-01 5.91056778e+13 2.42597248e+12 3.47077793e+16 1.43803889e+14 2.76001387e+14 3.56739504e+13 5.98205325e+11 6.76746784e+13 1.84795595e+14 3.42903213e+13 3.69518568e+11 2.27627604e+13 5.26726948e+12 2.42058683e+13 6.28263628e+12 6.39483850e+11 2.07464180e+12 3.48389931e+12 3.73530625e+12 3.04408317e-03]
[8.80000000e+01 2.35619449e+00 4.18879020e+00 7.67272582e-04 5.55586130e+00 5.09944835e-01 4.66964487e-01 4.78526908e-01 5.21046896e-01 4.83904873e-01 4.97308073e-01 4.61247321e+13 1.27090947e+12 4.96829253e+19 9.21457108e+14 2.60606798e+14 1.49333725e+14 3.73792766e+14 8.92097275e+13 8.09742758e+14 3.68774941e+13 1.23494042e+11 1.75625369e+13 5.23539238e+12 2.57277241e+15 6.46474731e+13 2.30563602e+14 1.81988388e+12 2.41720730e+12 6.33778635e+14 2.38482150e-03]
[8.90000000e+01 7.85398163e-01 1.04719755e+00 3.06909033e-03 4.16524888e+00 5.19710621e-01 4.83879324e-01 4.98058480e-01 5.14686301e-01 4.68942293e-01 4.75373554e-01 3.46434356e+13 1.77100852e+12 1.37348979e+15 1.72384924e+13 6.90873529e+13 2.98929697e+12 2.30615206e+09 3.41795438e+13 1.14423333e+13 8.01780146e+12 3.64017853e+11 9.66993395e+12 7.10724871e+11 2.28765368e+11 2.14447905e+11 4.22780981e+09 5.06962690e+11 1.38453574e+12 4.07219045e+10 4.09690170e-03]
[9.00000000e+01 1.57079633e+00 3.66519143e+00 3.06909033e-03 4.16470400e+00 5.02867132e-01 4.68516452e-01 4.88292694e-01 5.24658633e-01 4.84700579e-01 4.83177120e-01 2.42528157e+13 1.03561024e+12 3.41513590e+17 3.68145025e+14 2.37521079e+14 9.98774002e+13 7.65062357e+12 3.82150632e+13 5.44936526e+14 3.60906537e+13 1.80903726e+11 1.18399039e+13 6.40746298e+12 2.57829729e+14 2.33614924e+13 6.14255813e+12 1.53949555e+12 1.80701355e+12 3.98334824e+13 1.23850563e-03]
[9.10000000e+01 1.04719755e+00 5.75958653e+00 1.91818145e-03 2.20037798e+00 5.25185908e-01 4.69441608e-01 4.95198147e-01 5.02217881e-01 4.80118678e-01 4.84178418e-01 3.83650744e+13 1.87795874e+12 4.61302689e+17 7.75768887e+14 3.06305322e+14 1.95972789e+14 3.01143959e+13 7.78565745e+13 1.06878854e+15 5.31484764e+13 2.37296362e+11 1.56955531e+13 8.11393482e+12 9.06164208e+14 5.26791473e+13 2.18072765e+13 1.96140114e+12 2.25973377e+12 1.46094985e+14 1.86009874e-03]
[9.20000000e+01 1.57079633e+00 1.04719755e+00 1.15090887e-03 2.73617942e+00 5.21733182e-01 4.87382501e-01 4.88292694e-01 5.09795498e-01 4.62489977e-01 4.89197392e-01 8.35626637e+13 3.39674361e+12 4.11742954e+17 2.50889479e+14 3.07309933e+14 5.49841082e+13 1.04924602e+13 1.10579709e+14 2.86407116e+14 4.04716867e+13 5.05229794e+11 2.88925821e+13 5.31757237e+12 2.95147965e+14 1.37580937e+13 7.35101697e+12 2.42991369e+12 4.55782444e+12 5.06227877e+13 4.67516782e-03]
[9.30000000e+01 1.04719755e+00 4.18879020e+00 3.45272662e-03 2.10010821e+00 5.08847430e-01 4.65063726e-01 4.95198147e-01 5.18967012e-01 4.89356811e-01 4.86807400e-01 4.81913847e+13 3.44118952e+12 1.82956890e+16 7.28284358e+13 1.49622494e+14 1.76423842e+13 2.10909746e+11 4.79285530e+13 9.29655125e+13 1.90273610e+13 5.29290876e+11 1.47655533e+13 2.71963853e+12 9.79187151e+12 3.07952123e+12 2.38454152e+11 1.04619443e+12 2.04131034e+12 1.33013698e+12 2.62609852e-03]
[9.40000000e+01 1.83259571e+00 4.71238898e+00 2.30181775e-03 3.81263762e+00 5.14827728e-01 4.62081594e-01 4.84718168e-01 5.11271344e-01 4.89130003e-01 4.89042547e-01 3.57050348e+13 2.80746449e+12 4.11169631e+17 5.96684631e+14 2.91417811e+14 1.50091085e+14 2.13892479e+13 4.67565694e+13 8.21655341e+14 4.67032622e+13 4.75814988e+11 1.37170948e+13 8.38637436e+12 6.40787121e+14 3.92125033e+13 1.55900750e+13 1.80125919e+12 2.04023635e+12 1.05446205e+14 3.34248742e-03]
[9.50000000e+01 1.83259571e+00 3.14159265e+00 2.68545404e-03 6.50405054e-01 5.01487417e-01 4.75421906e-01 4.84718168e-01 5.26851288e-01 4.71226112e-01 4.94819354e-01 6.34903861e+12 9.70760746e+11 1.35830662e+17 4.28949937e+14 2.82094254e+14 1.23230595e+14 5.52771823e+12 1.71012260e+13 6.88836882e+14 4.43922829e+13 2.38294056e+11 8.72926890e+12 8.45170599e+12 1.99197406e+14 2.77047713e+13 4.97857410e+12 1.67310773e+12 1.31603303e+12 3.00052302e+13 1.44189785e-03]
[9.60000000e+01 1.04719755e+00 3.66519143e+00 1.15090887e-03 2.21011176e-01 5.04469548e-01 4.69441608e-01 4.95198147e-01 5.26451126e-01 4.79548375e-01 4.81870431e-01 3.24187032e+13 2.24524890e+12 3.30428102e+17 3.48250900e+14 2.78331650e+14 8.60694582e+13 1.19689995e+13 6.42858320e+13 4.61775453e+14 4.12011416e+13 6.32349264e+11 1.49484294e+13 7.02128720e+12 3.38949855e+14 2.11357112e+13 8.46985163e+12 1.93215844e+12 2.40640994e+12 5.65174972e+13 3.84137838e-03]
[9.70000000e+01 2.61799388e+00 4.18879020e+00 1.53454516e-03 6.83188985e-01 5.11375002e-01 4.69441608e-01 4.76332098e-01 5.19453192e-01 4.78702011e-01 5.01069768e-01 5.18451352e+13 2.71683539e+12 9.71641457e+17 2.54958199e+14 1.19284363e+14 5.44430833e+13 1.51268239e+13 5.37844609e+13 2.99480940e+14 1.69007103e+13 2.42981293e+11 1.28283586e+13 2.24036486e+12 4.16025179e+14 1.69030971e+13 1.04592304e+13 7.84454290e+11 1.59148765e+12 7.15943118e+13 1.89536110e-03]
[9.80000000e+01 1.57079633e+00 2.09439510e+00 1.91818145e-03 2.06469762e+00 5.07922275e-01 4.87382501e-01 4.88292694e-01 5.23161922e-01 4.64589442e-01 4.91638458e-01 4.03319733e+13 2.58485603e+12 2.42947783e+16 7.22534231e+13 1.34738068e+14 1.77262055e+13 2.17453278e+11 3.40279824e+13 9.35689977e+13 1.73503198e+13 3.67830737e+11 1.16520828e+13 2.75237450e+12 9.83932687e+12 3.15936078e+12 2.49729871e+11 9.85523156e+11 1.60749266e+12 1.38554096e+12 3.02152656e-03]
[9.90000000e+01 1.30899694e+00 0.00000000e+00 2.30181775e-03 5.17776205e+00 5.28168040e-01 4.75421906e-01 4.91867220e-01 5.02900745e-01 4.77459707e-01 4.80895633e-01 2.97436621e+13 1.82673248e+12 4.73474387e+17 3.34499124e+14 1.10839944e+14 8.20978064e+13 1.37770422e+13 2.55467713e+13 4.53543044e+14 1.95255441e+13 3.54912793e+11 7.74375788e+12 3.07813754e+12 4.18126392e+14 2.27529429e+13 9.99270029e+12 7.16078224e+11 1.01906171e+12 6.80296645e+13 2.20620762e-03]
[1.00000000e+02 1.83259571e+00 4.71238898e+00 3.45272662e-03 1.59191442e+00 5.14827728e-01 4.62081594e-01 4.84718168e-01 5.14686263e-01 4.86232087e-01 4.98123325e-01 2.24464709e+13 1.92799792e+12 1.22442391e+16 4.16519371e+13 6.29814812e+13 1.10119279e+13 1.78901845e+11 1.72533393e+13 6.05487448e+13 9.14657981e+12 4.70383751e+11 5.17452795e+12 1.49813474e+12 7.98172026e+12 2.08684836e+12 1.89313353e+11 4.60127491e+11 6.61093663e+11 1.05829636e+12 2.53456821e-03]
[1.01000000e+02 1.57079633e+00 5.23598776e-01 1.15090887e-03 2.15236246e+00 5.26788324e-01 4.82327359e-01 4.88292694e-01 5.03579811e-01 4.67472882e-01 4.90209457e-01 1.78879394e+13 2.16921303e+12 7.47552502e+18 4.69246794e+14 1.26957836e+14 9.92741318e+13 1.07312414e+14 2.97194978e+13 5.37865782e+14 2.25380612e+13 6.02329748e+11 6.70660997e+12 3.55447432e+12 9.00688732e+14 3.21174809e+13 6.38823377e+13 7.98626642e+11 1.07036497e+12 2.15594290e+14 5.93241687e-03]
[1.02000000e+02 2.87979327e+00 4.18879020e+00 3.06909033e-03 3.87337049e+00 5.13040465e-01 4.72326276e-01 4.74952383e-01 5.14602842e-01 4.83948358e-01 4.99961396e-01 2.14069726e+13 1.64784161e+12 2.14407112e+17 3.56201652e+14 3.19756249e+14 9.76649318e+13 3.89906897e+12 3.72798372e+13 5.38849582e+14 4.76978623e+13 3.71712178e+11 1.48594462e+13 8.67631178e+12 1.44664966e+14 2.10200504e+13 3.45092386e+12 2.16332332e+12 2.38333309e+12 2.06841746e+13 2.37580515e-03]
[1.03000000e+02 2.09439510e+00 1.04719755e+00 1.53454516e-03 6.85628607e-01 5.20808026e-01 4.85780085e-01 4.81387241e-01 5.07358723e-01 4.67207232e-01 4.96786265e-01 3.64167593e+13 2.64144128e+12 5.19311608e+17 6.61784727e+14 5.27538169e+14 1.72082471e+14 1.97593903e+13 8.59995046e+13 9.14526520e+14 7.46420506e+13 4.80137616e+11 2.01381164e+13 1.42786450e+13 5.46839330e+14 4.08250472e+13 1.45560590e+13 3.37712735e+12 3.26120504e+12 9.51647922e+13 2.87260753e-03]
[1.04000000e+02 2.35619449e+00 1.57079633e+00 2.30181775e-03 4.37527124e+00 5.14827728e-01 4.85187691e-01 4.78526908e-01 5.16329747e-01 4.62891637e-01 4.94762500e-01 1.96922559e+13 1.90101754e+12 1.62172583e+19 2.27390308e+14 1.42655744e+14 5.54144906e+13 3.47514210e+13 2.29733687e+13 2.97575332e+14 2.06826714e+13 2.41599332e+11 7.10717321e+12 3.84533756e+12 2.65093133e+14 1.45203915e+13 2.05617922e+13 8.97808587e+11 1.00205446e+12 7.09774059e+13 1.76478308e-03]
[1.05000000e+02 7.85398163e-01 4.18879020e+00 3.45272662e-03 4.15283449e+00 5.09944835e-01 4.66964487e-01 4.98058480e-01 5.14332097e-01 4.81675513e-01 4.75095418e-01 2.17015281e+13 1.87767234e+12 7.19327027e+16 8.60095036e+13 1.04924854e+14 2.32253859e+13 8.21185262e+11 2.56677097e+13 1.24631282e+14 1.45116932e+13 3.20763478e+11 7.77096607e+12 2.27215983e+12 3.05492800e+13 4.71538554e+12 7.53538334e+11 7.44237805e+11 1.19774124e+12 4.44116134e+12 1.43167820e-03]
[1.06000000e+02 7.85398163e-01 1.04719755e+00 2.30181775e-03 8.00790358e-01 5.19710621e-01 4.83879324e-01 4.98058480e-01 5.06187469e-01 4.66778874e-01 4.81097833e-01 3.90385546e+13 2.58779375e+12 4.62846074e+16 2.84407518e+14 2.77106827e+14 7.99072296e+13 2.68744294e+12 4.79065731e+13 4.34354345e+14 3.93767707e+13 4.41675368e+11 1.59798084e+13 6.92769258e+12 1.01584391e+14 1.67687013e+13 2.50916110e+12 1.82016037e+12 2.44324663e+12 1.49422780e+13 2.62407061e-03]
[1.07000000e+02 1.04719755e+00 1.04719755e+00 2.30181775e-03 2.38191651e-01 5.20808026e-01 4.85780085e-01 4.95198147e-01 5.04920723e-01 4.67088046e-01 4.82503038e-01 3.22383868e+13 2.36138135e+12 4.13718959e+16 1.02914539e+14 1.03720435e+14 2.81739503e+13 1.03953256e+12 2.69001519e+13 1.55317242e+14 1.52809996e+13 3.58928108e+11 8.36639922e+12 2.43396727e+12 3.94149647e+13 5.99078902e+12 9.35903632e+11 6.76029297e+11 1.08725107e+12 5.49080241e+12 2.49425878e-03]
[1.08000000e+02 1.30899694e+00 1.04719755e+00 3.45272662e-03 2.99829958e+00 5.21497884e-01 4.86974954e-01 4.91867220e-01 5.14174358e-01 4.61029007e-01 4.85855701e-01 7.62686064e+12 1.80144871e+12 4.65812220e+16 2.14448699e+13 3.28510763e+13 5.54060097e+12 1.43279956e+11 7.04404954e+12 3.02085518e+13 4.50924752e+12 6.76794043e+11 2.45466526e+12 7.13611746e+11 5.65430309e+12 1.05868556e+12 1.34620567e+11 2.56690792e+11 3.86109319e+11 7.88314307e+11 5.31421109e-03]
[1.09000000e+02 1.30899694e+00 4.71238898e+00 2.30181775e-03 4.55824330e+00 5.14827728e-01 4.62081594e-01 4.91867220e-01 5.14130522e-01 4.87237837e-01 4.80481179e-01 4.09929412e+13 3.26163892e+12 3.14696635e+18 1.10588383e+14 1.12696541e+14 2.69003128e+13 2.43621029e+13 4.94302228e+13 1.27493519e+14 1.57598225e+13 4.82710660e+11 8.57720282e+12 2.57016392e+12 1.41173788e+14 6.37173789e+12 1.38951808e+13 6.98684826e+11 1.17430052e+12 4.48791885e+13 3.15371238e-03]
[1.10000000e+02 7.85398163e-01 4.18879020e+00 3.45272662e-03 6.27224612e+00 5.09944835e-01 4.66964487e-01 4.98058480e-01 5.25194524e-01 4.79979976e-01 4.79058253e-01 1.67790688e+13 1.46470165e+12 8.41176878e+16 3.85838979e+13 5.44436823e+13 1.01414722e+13 3.06091966e+11 1.33040634e+13 5.60863629e+13 7.18762823e+12 3.49814315e+11 4.86208525e+12 1.13606798e+12 1.17603043e+13 2.04757736e+12 2.84567464e+11 3.84859124e+11 6.37131634e+11 1.67042741e+12 2.35434549e-03]
[1.11000000e+02 2.09439510e+00 5.23598776e+00 1.91818145e-03 3.02878043e+00 5.20808026e-01 4.65063726e-01 4.81387241e-01 5.05798208e-01 4.83510025e-01 4.95437292e-01 4.46270295e+13 2.79336795e+12 6.95009988e+16 4.24705773e+14 5.02680034e+14 1.19823034e+14 3.91304966e+12 1.08081011e+14 6.10482833e+14 7.10898161e+13 5.28148704e+11 2.06010889e+13 1.25737674e+13 1.47611030e+14 2.43700698e+13 3.66839585e+12 3.31334663e+12 3.11402513e+12 2.16830386e+13 3.84358187e-03]
[1.12000000e+02 2.87979327e+00 4.18879020e+00 1.53454516e-03 6.10562474e+00 5.13040465e-01 4.72326276e-01 4.74952383e-01 5.19453457e-01 4.77429182e-01 5.01330374e-01 2.12687028e+13 1.90610252e+12 1.34910758e+17 1.45867115e+14 1.20557602e+14 3.78244704e+13 3.79424717e+12 2.89797082e+13 2.00201182e+14 1.71201715e+13 3.51690002e+11 7.36883709e+12 2.83261114e+12 1.20264778e+14 8.87548803e+12 2.93958994e+12 8.52321890e+11 1.19458063e+12 1.97739941e+13 1.82254911e-03]
[1.13000000e+02 2.35619449e+00 4.18879020e+00 1.91818145e-03 4.61438342e-02 5.09944835e-01 4.66964487e-01 4.78526908e-01 5.22843097e-01 4.81713245e-01 4.97996720e-01 1.42167248e+13 1.05717959e+12 5.53123862e+17 1.54685560e+14 1.28169967e+14 3.71779144e+13 5.31194240e+12 2.16119919e+13 2.03300250e+14 1.86142510e+13 1.65339474e+11 7.10244127e+12 3.25880629e+12 1.50641090e+14 9.25276659e+12 3.80256298e+12 9.32730920e+11 1.16146542e+12 2.54487127e+13 1.06401055e-03]
[1.14000000e+02 7.85398163e-01 3.14159265e+00 3.45272662e-03 2.54846815e+00 5.05061943e-01 4.75421906e-01 4.98058480e-01 5.26658175e-01 4.80976932e-01 4.81757897e-01 6.25994362e+13 2.95535248e+12 7.94859346e+15 8.61255712e+13 2.25584667e+14 1.91900860e+13 1.04625120e+11 7.31933658e+13 9.16330133e+13 2.84499661e+13 6.43893807e+11 2.13518765e+13 3.90131781e+12 5.57684955e+12 2.68997882e+12 1.38280959e+11 1.76241140e+12 3.25856938e+12 8.17355592e+11 4.68520608e-03]
[1.15000000e+02 2.35619449e+00 4.18879020e+00 0.00000000e+00 1.35981752e-01 5.09944835e-01 4.66964487e-01 4.78526908e-01 5.19710621e-01 4.83879324e-01 4.98058480e-01 1.52895022e+14 1.47712400e+13 3.59398260e+22 2.47800379e+15 5.70573470e+14 3.33353571e+14 2.02673367e+17 2.75926098e+14 1.83404729e+15 7.79301480e+13 1.24203749e+12 2.77391643e+13 1.60496373e+13 1.12410942e+16 2.20535744e+14 1.81360291e+17 5.94167265e+12 4.01239264e+12 1.42836213e+16 2.19886073e-03]
[1.16000000e+02 1.57079633e+00 3.66519143e+00 3.83636291e-04 2.48230901e-01 5.02867132e-01 4.68516452e-01 4.88292694e-01 5.27150835e-01 4.81678172e-01 4.88481132e-01 4.84966653e+13 4.07866443e+12 9.21857404e+18 5.97485159e+14 4.38059153e+14 1.39304384e+14 1.57596283e+14 1.32510272e+14 7.72735234e+14 6.10871930e+13 1.06748674e+12 1.31854772e+13 1.05215844e+13 1.71528441e+15 4.45757724e+13 9.83041354e+13 4.07703438e+12 1.65177359e+12 4.03684572e+14 5.11045940e-03]
[1.17000000e+02 1.30899694e+00 5.23598776e+00 7.67272582e-04 1.19792748e+00 5.21497884e-01 4.63868857e-01 4.91867220e-01 5.08476835e-01 4.87538288e-01 4.86107455e-01 5.02891805e+13 2.23509194e+12 3.51548529e+18 7.73145665e+14 4.68242192e+14 1.88997858e+14 6.50729068e+13 9.76312596e+13 1.01075985e+15 6.87681637e+13 2.27749177e+11 2.31449069e+13 1.18383017e+13 9.85307671e+14 5.00933269e+13 4.03590936e+13 3.08439747e+12 3.48029406e+12 2.00023252e+14 3.07711341e-03]
[1.18000000e+02 1.83259571e+00 4.71238898e+00 3.83636291e-04 1.21947252e+00 5.14827728e-01 4.62081594e-01 4.84718168e-01 5.15091676e-01 4.88565546e-01 4.92560054e-01 9.94293501e+13 4.88048885e+12 2.07948435e+19 8.78683220e+14 4.42911061e+14 1.53035849e+14 4.85411273e+14 1.79925971e+14 8.18112379e+14 6.00206680e+13 1.96608177e+12 2.00670432e+13 1.00780838e+13 3.29197647e+15 6.23723838e+13 2.87744322e+14 3.24612560e+12 2.06124877e+12 8.87184241e+14 3.03900297e-03]
[1.19000000e+02 0.00000000e+00 3.66519143e+00 3.45272662e-03 2.39766944e+00 5.14827728e-01 4.75421906e-01 5.02103601e-01 5.16291829e-01 4.81959235e-01 4.75306506e-01 3.17762598e+13 3.53217769e+12 1.16598136e+15 9.16452895e+12 2.39442151e+13 2.13866243e+12 1.30416539e+10 1.33524983e+13 1.17953641e+13 3.34543303e+12 5.09792258e+11 4.27696248e+12 4.51364449e+11 7.81395298e+11 3.31231410e+11 1.59330786e+10 1.87735458e+11 3.70609532e+11 9.80056360e+10 2.39273421e-03]
[1.20000000e+02 1.04719755e+00 5.23598776e-01 2.30181775e-03 4.32592162e-01 5.25185908e-01 4.81402203e-01 4.95198147e-01 5.01865744e-01 4.72698774e-01 4.83223808e-01 4.77396200e+13 2.35151586e+12 1.04122293e+16 6.91995236e+13 1.69701637e+14 1.53529540e+13 1.13551864e+11 5.32021687e+13 7.10541949e+13 2.11142841e+13 3.20762259e+11 1.55927537e+13 2.95081086e+12 5.39717862e+12 2.19048938e+12 1.35716458e+11 1.30569431e+12 2.45286167e+12 7.97684988e+11 2.01597970e-03]
[1.21000000e+02 2.09439510e+00 2.09439510e+00 2.68545404e-03 4.14648670e+00 5.08847430e-01 4.85780085e-01 4.81387241e-01 5.24148797e-01 4.64930976e-01 4.91090199e-01 2.96185802e+13 1.81944199e+12 2.43027378e+17 2.65308962e+14 1.59153138e+14 7.17437422e+13 6.03819999e+12 3.32986388e+13 3.98153787e+14 2.37419964e+13 3.59371137e+11 1.16636452e+13 3.67182407e+12 2.03379697e+14 1.73363459e+13 4.84827140e+12 9.92539126e+11 1.63182557e+12 3.13123101e+13 2.31130456e-03]
[1.22000000e+02 2.09439510e+00 3.66519143e+00 3.06909033e-03 2.44862711e-01 5.04469548e-01 4.69441608e-01 4.81387241e-01 5.26970233e-01 4.75719792e-01 4.96127260e-01 2.48593573e+13 2.29002418e+12 1.51325814e+16 2.97962658e+13 6.29667481e+13 7.68404812e+12 1.03720530e+11 2.99291178e+13 3.84355931e+13 8.69904241e+12 3.74199822e+11 6.26596572e+12 1.11889635e+12 4.44159952e+12 1.30600406e+12 1.15702588e+11 4.28393648e+11 7.97306817e+11 6.41881250e+11 3.28903985e-03]
[1.23000000e+02 1.83259571e+00 4.71238898e+00 1.15090887e-03 1.88688096e+00 5.14827728e-01 4.62081594e-01 4.84718168e-01 5.14114685e-01 4.88105771e-01 4.93948464e-01 7.13672861e+13 3.03703630e+12 3.55278827e+17 6.81759575e+14 4.22496808e+14 1.74860077e+14 2.27696102e+13 1.25421655e+14 9.25611784e+14 6.48300083e+13 3.62802377e+11 2.09818778e+13 1.10107112e+13 6.92702570e+14 4.36464956e+13 1.66271620e+13 2.65609079e+12 3.06523670e+12 1.12638036e+14 3.16351192e-03]
[1.24000000e+02 0.00000000e+00 3.66519143e+00 3.06909033e-03 5.23691587e+00 5.14827728e-01 4.75421906e-01 5.02103601e-01 5.11836540e-01 4.70229892e-01 4.75139544e-01 2.22160985e+13 1.50632875e+12 9.67019128e+16 1.26310731e+14 1.25063612e+14 3.18881181e+13 2.76792677e+12 3.05811663e+13 1.62921766e+14 1.70668863e+13 2.10595215e+11 7.98270155e+12 2.87128239e+12 9.03788876e+13 7.06982424e+12 2.11519122e+12 9.02407799e+11 1.32755859e+12 1.42198422e+13 1.65044075e-03]
[1.25000000e+02 2.09439510e+00 1.57079633e+00 3.45272662e-03 5.84570856e+00 5.14827728e-01 4.87382501e-01 4.81387241e-01 5.08759369e-01 4.62756446e-01 4.92327850e-01 3.85684215e+13 3.63125308e+12 1.38670134e+16 7.33006254e+13 1.09099872e+14 1.90734298e+13 3.46963507e+11 2.92065972e+13 1.01833186e+14 1.52250214e+13 6.46539187e+11 9.13102027e+12 2.46163821e+12 1.47583966e+13 3.60242443e+12 3.59969692e+11 7.81653563e+11 1.22450818e+12 2.01388722e+12 4.28354845e-03]
[1.26000000e+02 7.85398163e-01 1.57079633e+00 3.06909033e-03 2.16168414e+00 5.14827728e-01 4.85187691e-01 4.98058480e-01 5.18165870e-01 4.62602629e-01 4.82510608e-01 3.78442349e+13 1.77708096e+12 2.65630390e+17 6.56565996e+13 1.12421264e+14 1.54979035e+13 9.79790467e+11 3.52953271e+13 8.21554964e+13 1.47941621e+13 3.94827582e+11 1.10447901e+13 2.16111421e+12 3.06886702e+13 3.05622304e+12 7.60535261e+11 8.65162274e+11 1.54015971e+12 5.03178055e+12 2.38840570e-03]
[1.27000000e+02 7.85398163e-01 3.66519143e+00 0.00000000e+00 4.99732643e+00 5.06370310e-01 4.70539013e-01 4.98058480e-01 5.23285147e-01 4.80304798e-01 4.78526908e-01 6.70045281e+13 1.48736324e+13 4.43831389e+22 1.56982885e+15 4.42584654e+14 1.63769109e+14 2.46216124e+17 1.52921431e+14 8.60690163e+14 6.06959384e+13 3.04954857e+12 2.02132937e+13 1.20822033e+13 1.23726476e+16 1.85639824e+14 2.14239511e+17 3.97658743e+12 3.10926312e+12 1.84768525e+16 3.16903111e-03]
[1.28000000e+02 1.83259571e+00 3.66519143e+00 1.53454516e-03 2.50120702e+00 5.03274680e-01 4.68751750e-01 4.84718168e-01 5.24607961e-01 4.83892860e-01 4.93583971e-01 4.20249278e+13 3.45015112e+12 2.54732052e+16 1.65276946e+14 2.26707090e+14 4.57695011e+13 8.21692610e+11 5.14187968e+13 2.19816454e+14 2.93920318e+13 4.34159423e+11 1.21567925e+13 5.83349856e+12 3.33756200e+13 8.10709991e+12 8.32014364e+11 1.47862626e+12 1.87210671e+12 5.13630673e+12 2.51837084e-03]
[1.29000000e+02 5.23598776e-01 4.18879020e+00 3.06909033e-03 5.89498438e-01 5.11375002e-01 4.69441608e-01 5.00253290e-01 5.23871872e-01 4.81125466e-01 4.78567344e-01 3.19637694e+12 1.50751737e+12 9.27152679e+16 3.89506499e+13 3.49379470e+13 1.10072621e+13 3.11685240e+11 3.16316849e+12 6.01345962e+13 5.07708178e+12 5.78573769e+11 1.33969940e+12 9.92342777e+11 1.19781168e+13 2.32653259e+12 3.11114320e+11 2.14028978e+11 1.89210431e+11 1.76663173e+12 2.65108440e-03]
[1.30000000e+02 5.23598776e-01 3.14159265e+00 3.45272662e-03 1.89692608e+00 5.07922275e-01 4.75421906e-01 5.00253290e-01 5.26816750e-01 4.77568213e-01 4.80219401e-01 1.69306819e+13 1.96745745e+12 3.28801689e+15 4.52606807e+13 1.00993428e+14 1.08867182e+13 8.56863093e+10 1.84031502e+13 6.29125675e+13 1.35395935e+13 6.89205361e+11 7.54810838e+12 2.25325813e+12 4.88525780e+12 1.79922517e+12 9.75015139e+10 8.77570351e+11 1.16849897e+12 5.94507866e+11 3.61754977e-03]
[1.31000000e+02 7.85398163e-01 1.57079633e+00 2.30181775e-03 1.89463969e+00 5.14827728e-01 4.85187691e-01 4.98058480e-01 5.16272731e-01 4.62877806e-01 4.81836719e-01 3.19452987e+13 3.84108679e+12 3.97277496e+16 8.48176237e+13 6.92583692e+13 2.48274898e+13 7.53443992e+11 2.39133520e+13 1.35275938e+14 1.07357116e+13 6.44167736e+11 5.08475907e+12 1.85666356e+12 2.89545094e+13 5.31402649e+12 7.44276904e+11 3.66000680e+11 4.37223620e+11 4.28185304e+12 3.09627461e-03]
[1.32000000e+02 1.57079633e+00 3.66519143e+00 7.67272582e-04 5.15033468e+00 5.02867132e-01 4.68516452e-01 4.88292694e-01 5.27076378e-01 4.81743379e-01 4.86905112e-01 1.39268003e+13 2.57538784e+12 5.65405048e+19 8.47981761e+14 1.22873601e+14 1.23890983e+14 4.55546015e+14 2.70827362e+13 6.64704556e+14 1.97836903e+13 6.48270961e+11 4.14319467e+12 3.77608111e+12 2.54498544e+15 6.05929440e+13 2.66859114e+14 7.45107416e+11 5.88866415e+11 7.63740628e+14 3.32148138e-03]
[1.33000000e+02 2.61799388e-01 3.14159265e+00 1.53454516e-03 1.17391972e+00 5.11253203e-01 4.75421906e-01 5.01633005e-01 5.21075896e-01 4.74242836e-01 4.75843685e-01 3.43466350e+13 2.20581506e+12 2.39044840e+17 4.81425147e+13 9.05116688e+13 1.09884086e+13 8.60146272e+11 3.72213246e+13 5.52125474e+13 1.09059509e+13 3.85792853e+11 1.04455922e+13 1.28864826e+12 2.70561645e+13 2.17726658e+12 6.55567739e+11 6.42101820e+11 1.48651210e+12 4.40775600e+12 1.99486317e-03]
[1.34000000e+02 1.04719755e+00 3.14159265e+00 1.53454516e-03 6.23842959e+00 5.02867132e-01 4.75421906e-01 4.95198147e-01 5.26573779e-01 4.72374641e-01 4.81353522e-01 4.61371563e+13 1.85229249e+12 1.49917092e+17 2.18707053e+14 2.75915509e+14 5.65618496e+13 2.72562558e+12 6.68588836e+13 3.04410965e+14 3.88571484e+13 1.65587920e+11 1.81837062e+13 6.31007541e+12 9.39659052e+13 1.16479113e+13 2.24699384e+12 2.01976929e+12 2.80231278e+12 1.42050311e+13 1.67645616e-03]
[1.35000000e+02 1.83259571e+00 1.04719755e+00 1.91818145e-03 4.39200530e+00 5.21497884e-01 4.86974954e-01 4.84718168e-01 5.08854063e-01 4.62681811e-01 4.88315609e-01 3.54194816e+13 4.32990052e+12 2.38163933e+18 4.87484263e+14 1.40472608e+14 1.13905883e+14 3.04459103e+13 2.69658679e+13 6.27954218e+14 2.46007309e+13 4.88448193e+11 7.12367312e+12 4.30685687e+12 7.39199151e+14 3.35309315e+13 2.05752325e+13 8.41835940e+11 8.84487290e+11 1.29681381e+14 3.13081992e-03]
[1.36000000e+02 1.04719755e+00 2.09439510e+00 3.06909033e-03 4.69657093e+00 5.08847430e-01 4.85780085e-01 4.95198147e-01 5.19107474e-01 4.68198725e-01 4.76527533e-01 3.53891716e+13 1.47142672e+12 8.55341257e+17 2.00589173e+14 1.24447810e+14 4.76408628e+13 8.78951054e+12 3.38110769e+13 2.65255162e+14 1.74295296e+13 2.47780919e+11 1.14916769e+13 2.59511294e+12 2.44789197e+14 1.29701504e+13 6.22478435e+12 8.09317099e+11 1.50033811e+12 4.12925114e+13 2.45832681e-03]
[1.37000000e+02 2.35619449e+00 5.23598776e+00 3.45272662e-03 5.65468588e+00 5.19710621e-01 4.66964487e-01 4.78526908e-01 5.13536962e-01 4.88495806e-01 4.94690224e-01 4.72844971e+13 3.25679159e+12 6.86265328e+15 1.53622409e+13 5.95493081e+13 3.43290411e+12 3.21805054e+10 3.60578579e+13 1.72515557e+13 7.44563216e+12 7.44687421e+11 9.87847449e+12 6.61771945e+11 1.44720860e+12 4.22979792e+11 3.42700776e+10 4.42638215e+11 1.15357563e+12 2.04771763e+11 3.95919347e-03]
[1.38000000e+02 5.23598776e-01 4.71238898e+00 3.45272662e-03 3.79545154e+00 5.14827728e-01 4.68516452e-01 5.00253290e-01 5.09510230e-01 4.78386068e-01 4.75008896e-01 2.69895347e+13 1.63349933e+12 9.22862407e+16 7.31052024e+13 1.39323874e+14 1.85894131e+13 3.55663271e+11 4.13168543e+13 9.37224739e+13 1.85288005e+13 2.16760289e+11 1.05861968e+13 2.70151312e+12 1.41596681e+13 3.19455752e+12 3.55082333e+11 1.05478903e+12 1.74629831e+12 2.05938894e+12 1.20336215e-03]
[1.39000000e+02 1.57079633e+00 5.75958653e+00 3.06909033e-03 2.31339349e+00 5.26788324e-01 4.68516452e-01 4.88292694e-01 5.01410856e-01 4.78489501e-01 4.92707099e-01 1.87896187e+13 1.92919282e+12 8.74933108e+16 2.36762180e+14 1.56565270e+14 6.64477845e+13 3.48558289e+12 2.03759684e+13 3.71576145e+14 2.57533383e+13 4.68288019e+11 6.48695532e+12 4.78810805e+12 1.24305696e+14 1.50725332e+13 2.96718789e+12 9.59247588e+11 8.09942410e+11 1.82490634e+13 4.27752034e-03]
[1.40000000e+02 2.35619449e+00 5.23598776e+00 0.00000000e+00 1.35015748e+00 5.19710621e-01 4.66964487e-01 4.78526908e-01 5.09944835e-01 4.83879324e-01 4.98058480e-01 7.45821191e+13 1.31491559e+13 3.89805372e+22 2.14976196e+15 5.23043657e+14 2.76335031e+14 2.15274151e+17 1.09103912e+14 1.43484610e+15 7.56559801e+13 1.35142660e+12 1.51672928e+13 1.25895227e+13 1.30726681e+16 2.05951479e+14 1.90471563e+17 6.76616929e+12 2.08322722e+12 1.46659030e+16 4.76246754e-03]
[1.41000000e+02 1.83259571e+00 5.23598776e+00 3.45272662e-03 4.13921724e+00 5.21497884e-01 4.63868857e-01 4.84718168e-01 5.04681201e-01 4.85730180e-01 4.86216927e-01 2.95244271e+13 2.01012460e+12 1.72268213e+17 6.95042664e+13 1.14109362e+14 1.72349461e+13 1.18996984e+12 3.49585250e+13 9.27295106e+13 1.36364982e+13 3.16451892e+11 1.17617034e+13 1.69683973e+12 3.97450758e+13 3.59601637e+12 9.57185837e+11 8.51247831e+11 1.79650136e+12 6.29225656e+12 1.94092051e-03]
[1.42000000e+02 1.57079633e+00 4.71238898e+00 3.45272662e-03 4.92790436e+00 5.14827728e-01 4.61610999e-01 4.88292694e-01 5.16260374e-01 4.88408094e-01 4.81748399e-01 1.83002877e+13 1.62490555e+12 2.37533245e+16 3.26125365e+13 5.43870644e+13 8.47774163e+12 2.05039189e+11 1.61912199e+13 4.61217716e+13 6.75484612e+12 2.74822641e+11 5.52409962e+12 9.71869404e+11 8.02087415e+12 1.66228997e+12 2.04524701e+11 3.67446393e+11 7.21413081e+11 1.16414819e+12 1.80898808e-03]
[1.43000000e+02 1.04719755e+00 5.23598776e+00 3.45272662e-03 6.23170603e-01 5.20808026e-01 4.65063726e-01 4.95198147e-01 5.12938299e-01 4.89574544e-01 4.85185570e-01 3.41421446e+13 2.18822699e+12 2.05014060e+16 8.75650660e+13 1.60541421e+14 2.12970340e+13 2.57344785e+11 3.67860717e+13 1.10812014e+14 2.04377751e+13 3.06274806e+11 1.25695371e+13 3.28250202e+12 1.17901057e+13 3.76303689e+12 2.93654462e+11 1.17021069e+12 1.90209267e+12 1.62932278e+12 2.35720130e-03]
[1.44000000e+02 1.04719755e+00 2.09439510e+00 3.45272662e-03 5.05064686e+00 5.08847430e-01 4.85780085e-01 4.95198147e-01 5.16945725e-01 4.67307197e-01 4.76326619e-01 3.67274632e+13 1.16910078e+12 4.82405764e+16 1.33376284e+14 2.18037760e+14 3.51407516e+13 1.13502216e+12 5.33552858e+13 1.78506903e+14 2.68184340e+13 1.98477561e+11 1.69817708e+13 4.14065912e+12 4.13796816e+13 6.55460824e+12 1.03382588e+12 1.59719764e+12 2.77888200e+12 6.33244521e+12 2.52408840e-03]
[1.45000000e+02 7.85398163e-01 1.57079633e+00 2.68545404e-03 4.45806324e+00 5.14827728e-01 4.85187691e-01 4.98058480e-01 5.16154168e-01 4.69623267e-01 4.75277922e-01 2.15995524e+13 3.18395190e+12 6.20628574e+16 1.07213268e+14 5.94405039e+13 2.97072345e+13 2.09694783e+12 1.40730313e+13 1.66441860e+14 1.01592461e+13 6.15059107e+11 4.31172033e+12 1.63912617e+12 7.29681262e+13 7.01679266e+12 1.70391410e+12 3.92075373e+11 4.97226300e+11 1.07273642e+13 3.09613748e-03]
[1.46000000e+02 7.85398163e-01 4.18879020e+00 3.45272662e-03 5.05747748e+00 5.09944835e-01 4.66964487e-01 4.98058480e-01 5.19152738e-01 4.78380582e-01 4.74652244e-01 5.29006492e+13 3.13858470e+12 1.14487796e+15 1.66776644e+13 7.50609184e+13 3.21141047e+12 2.41677752e+09 4.52988263e+13 1.18520388e+13 9.25386834e+12 3.01320667e+11 1.16905386e+13 7.33508678e+11 2.34140536e+11 2.07072516e+11 4.20326560e+09 5.30621950e+11 1.50580460e+12 4.18607472e+10 2.03876702e-03]
[1.47000000e+02 1.57079633e+00 2.09439510e+00 3.06909033e-03 1.11828809e+00 5.07922275e-01 4.87382501e-01 4.88292694e-01 5.19135452e-01 4.62721022e-01 4.93681630e-01 3.67431763e+13 1.25685691e+12 1.89799517e+16 1.20293606e+14 2.56255843e+14 3.04229808e+13 2.67835439e+11 7.19675382e+13 1.37016783e+14 3.22001053e+13 3.40659403e+11 1.76580887e+13 5.06303819e+12 1.20165580e+13 4.57299898e+12 3.27404352e+11 1.88402034e+12 3.06587814e+12 1.87852484e+12 2.72674353e-03]
[1.48000000e+02 1.57079633e+00 3.14159265e+00 2.68545404e-03 2.91587278e+00 5.01016822e-01 4.75421906e-01 4.88292694e-01 5.28130818e-01 4.80560334e-01 4.89472647e-01 1.91781501e+13 1.97421178e+12 3.38877648e+17 4.08931168e+14 1.63528662e+14 1.04781771e+14 1.35426343e+13 2.59897745e+13 5.76000045e+14 2.81996293e+13 9.36763229e+11 7.92400479e+12 4.81257005e+12 4.25979071e+14 2.73272124e+13 1.00208847e+13 1.02370100e+12 1.15907693e+12 6.73130615e+13 6.77611707e-03]
[1.49000000e+02 1.83259571e+00 1.57079633e+00 2.68545404e-03 2.34333122e+00 5.14827728e-01 4.88762217e-01 4.84718168e-01 5.18507451e-01 4.63549312e-01 4.95382764e-01 2.44769809e+13 2.02775712e+12 2.98918773e+16 1.28204882e+14 1.63271932e+14 3.46598135e+13 6.56067063e+11 2.59355507e+13 1.76465153e+14 2.18239683e+13 3.68612381e+11 8.24011105e+12 4.26125170e+12 2.64903610e+13 6.58048609e+12 6.88804907e+11 1.08534212e+12 1.22916616e+12 3.95580494e+12 2.50339009e-03]
[1.50000000e+02 2.09439510e+00 5.23598776e+00 2.68545404e-03 5.68103223e+00 5.20808026e-01 4.65063726e-01 4.81387241e-01 5.12083541e-01 4.88864751e-01 4.92358070e-01 6.33434844e+13 3.80807318e+12 4.85272357e+15 4.31237443e+13 1.18462159e+14 9.68457950e+12 8.45333909e+10 4.62188918e+13 5.29195591e+13 1.41343521e+13 4.19804471e+11 1.54743244e+13 1.77145368e+12 4.25854175e+12 1.56211103e+12 1.01225250e+11 8.63725042e+11 1.90326474e+12 5.72579982e+11 2.91622152e-03]
[1.51000000e+02 1.83259571e+00 1.57079633e+00 2.30181775e-03 2.98707880e+00 5.14827728e-01 4.88762217e-01 4.84718168e-01 5.19314627e-01 4.62625491e-01 4.92444995e-01 3.08591348e+13 2.98473587e+12 1.59194205e+17 3.95939322e+13 7.20641388e+13 9.56647955e+12 5.16322670e+11 2.40669629e+13 5.32572363e+13 8.94262506e+12 5.59076223e+11 8.31690121e+12 1.19846661e+12 1.78658198e+13 1.92224767e+12 4.17777247e+11 5.61882411e+11 1.07848632e+12 2.69979346e+12 3.98093041e-03]
[1.52000000e+02 2.09439510e+00 5.23598776e-01 1.15090887e-03 5.48639184e-01 5.25185908e-01 4.81402203e-01 4.81387241e-01 5.04080523e-01 4.71476992e-01 4.96186478e-01 4.73646396e+13 3.59917153e+12 1.65820205e+17 2.78300463e+14 2.88703644e+14 7.10365394e+13 6.58179664e+12 7.39450914e+13 3.86140664e+14 4.01690118e+13 6.29172068e+11 2.06258926e+13 6.15501656e+12 2.09948904e+14 1.62704143e+13 5.09241218e+12 2.23044261e+12 3.36678814e+12 3.45320360e+13 3.29131486e-03]
[1.53000000e+02 2.87979327e+00 5.23598776e+00 3.45272662e-03 4.56270743e+00 5.16614991e-01 4.72326276e-01 4.74952383e-01 5.09082694e-01 4.83374562e-01 4.99121876e-01 3.96346749e+13 1.22960172e+12 1.22723415e+17 2.23634409e+14 4.60784911e+14 5.21330863e+13 6.12306972e+11 8.49263484e+13 2.40734223e+14 5.64229493e+13 2.96352912e+11 2.81197253e+13 9.69911229e+12 2.49033131e+13 7.97714749e+12 6.35278225e+11 3.59299988e+12 5.27816561e+12 3.95402849e+12 2.95579459e-03]
[1.54000000e+02 2.09439510e+00 2.09439510e+00 2.30181775e-03 4.51771229e+00 5.08847430e-01 4.85780085e-01 4.81387241e-01 5.22519857e-01 4.63855654e-01 4.91151902e-01 1.82393413e+13 1.78553811e+12 1.85498123e+17 1.24728512e+14 1.45650067e+14 3.26001013e+13 1.65613079e+12 2.38654730e+13 1.77266248e+14 2.03761904e+13 2.94459259e+11 8.47096264e+12 3.56658030e+12 5.62157562e+13 6.84625005e+12 1.36561749e+12 1.08554862e+12 1.34681263e+12 8.70348573e+12 1.91527314e-03]
[1.55000000e+02 1.30899694e+00 1.57079633e+00 3.06909033e-03 6.02678172e+00 5.14827728e-01 4.88762217e-01 4.91867220e-01 5.09031605e-01 4.63110238e-01 4.83420593e-01 7.67976195e+13 2.80498826e+12 1.34125231e+16 8.87109390e+13 1.93087660e+14 2.14705042e+13 2.27360097e+11 7.02617222e+13 1.05266839e+14 2.34811420e+13 4.97412045e+11 2.08664976e+13 3.42570206e+12 1.03087582e+13 3.54200722e+12 2.63814618e+11 1.31366857e+12 2.68525554e+12 1.50463880e+12 5.15196938e-03]
[1.56000000e+02 1.04719755e+00 4.18879020e+00 1.15090887e-03 3.99749932e+00 5.08847430e-01 4.65063726e-01 4.95198147e-01 5.19031400e-01 4.85710294e-01 4.79934775e-01 4.40968920e+13 2.95340844e+12 1.26963283e+19 4.73292459e+14 2.28002152e+14 9.25830723e+13 1.47171361e+14 6.99201075e+13 4.80292435e+14 3.37718780e+13 4.31656160e+11 1.45775954e+13 5.22418669e+12 9.34606907e+14 3.08722105e+13 8.68036413e+13 1.55352198e+12 2.19358791e+12 2.54093025e+14 2.81092569e-03]
[1.57000000e+02 2.61799388e+00 5.75958653e+00 3.83636291e-04 6.11205421e+00 5.20808026e-01 4.71969179e-01 4.76332098e-01 5.09131968e-01 4.79583046e-01 5.00178759e-01 6.51415056e+13 4.15395597e+12 6.17416727e+19 1.71519942e+15 4.53929864e+14 2.67438797e+14 8.29347326e+14 1.13565414e+14 1.51627104e+15 6.42968808e+13 4.24088382e+11 2.55685890e+13 1.13291920e+13 5.41671450e+15 1.24125417e+14 4.93339707e+14 3.17162564e+12 3.62958550e+12 1.47323272e+15 2.96779235e-03]
[1.58000000e+02 5.23598776e-01 1.57079633e+00 1.15090887e-03 3.45832929e+00 5.14827728e-01 4.82327359e-01 5.00253290e-01 5.17007491e-01 4.69182903e-01 4.76057496e-01 2.87411682e+13 3.36478270e+12 6.28073006e+18 3.87527919e+14 5.07381846e+13 7.42782662e+13 5.36646252e+13 1.50535104e+13 4.10463030e+14 1.00527939e+13 4.78490167e+11 4.27730033e+12 1.63304393e+12 8.64105976e+14 2.73939527e+13 3.33357816e+13 2.78939173e+11 3.93995829e+11 1.73775928e+14 3.04598696e-03]
[1.59000000e+02 1.83259571e+00 3.66519143e+00 3.83636291e-04 1.54935325e+00 5.03274680e-01 4.68751750e-01 4.84718168e-01 5.26208216e-01 4.81973444e-01 4.92605136e-01 2.99318673e+13 4.65133435e+12 1.07778066e+18 5.42761460e+14 1.47119735e+14 1.02058220e+14 5.99030990e+13 5.76443249e+13 5.53922574e+14 1.95835825e+13 2.45795677e+12 5.26269579e+12 3.91835491e+12 1.29932311e+15 3.81981188e+13 3.81164982e+13 7.80689375e+11 6.25525840e+11 2.42951130e+14 6.43023783e-03]
[1.60000000e+02 1.57079633e+00 3.14159265e+00 3.06909033e-03 3.90731672e+00 5.01016822e-01 4.75421906e-01 4.88292694e-01 5.27980878e-01 4.79741432e-01 4.84139875e-01 1.85155615e+13 1.39287671e+12 3.43889972e+16 1.35774727e+14 1.52259664e+14 3.72092760e+13 9.87330604e+11 2.37002475e+13 2.07762188e+14 2.18456370e+13 3.88660240e+11 8.97001736e+12 3.80232387e+12 3.94268088e+13 7.71600036e+12 9.61131089e+11 1.04052806e+12 1.32189374e+12 5.44433409e+12 3.25620474e-03]
[1.61000000e+02 2.87979327e+00 2.61799388e+00 3.45272662e-03 5.23490538e+00 5.11732098e-01 4.77209168e-01 4.74952383e-01 5.20923106e-01 4.68042163e-01 4.99333850e-01 2.61353223e+13 6.47441740e+11 8.90329938e+16 6.77237789e+13 9.71496034e+13 1.76989585e+13 7.08743669e+11 2.70884396e+13 9.94937479e+13 1.30858177e+13 8.64630338e+10 9.24019868e+12 1.92293626e+12 2.61831827e+13 3.62102278e+12 6.19877776e+11 7.34414465e+11 1.27118067e+12 3.76092116e+12 9.26457679e-04]
[1.62000000e+02 7.85398163e-01 3.14159265e+00 1.91818145e-03 1.00712721e+00 5.05061943e-01 4.75421906e-01 4.98058480e-01 5.26679073e-01 4.73391659e-01 4.80983869e-01 2.64530227e+13 1.19858372e+12 1.08948014e+18 6.56018196e+14 3.43169244e+14 1.36745743e+14 4.47544455e+13 5.42112330e+13 7.18511270e+14 4.74092643e+13 2.72469344e+11 1.64492520e+13 8.97983779e+12 1.09159425e+15 4.14095435e+13 2.94443969e+13 2.35919410e+12 3.01029597e+12 1.93610335e+14 2.36962126e-03]
[1.63000000e+02 1.30899694e+00 4.71238898e+00 3.45272662e-03 2.53207536e+00 5.14827728e-01 4.62081594e-01 4.91867220e-01 5.09334830e-01 4.88958209e-01 4.88636087e-01 3.65487663e+13 2.79705140e+12 1.22512515e+16 1.54266470e+14 2.95623171e+14 3.85300320e+13 5.35151885e+11 5.57594970e+13 2.09612387e+14 3.90630148e+13 6.54300623e+11 2.01845672e+13 6.46467582e+12 2.43917742e+13 6.72415158e+12 5.53076932e+11 2.44094207e+12 3.29756209e+12 3.22930868e+12 4.00148727e-03]
[1.64000000e+02 1.30899694e+00 5.75958653e+00 3.45272662e-03 1.99827934e+00 5.26380777e-01 4.68751750e-01 4.91867220e-01 5.01209397e-01 4.80077392e-01 4.90820311e-01 1.63999021e+13 2.28295982e+12 8.65788837e+15 6.69132514e+13 1.23193211e+14 1.66822175e+13 1.11229575e+11 2.11630084e+13 7.86331164e+13 1.56209921e+13 3.72716289e+11 6.79098787e+12 2.95376929e+12 5.78406693e+12 2.64531185e+12 1.46610416e+11 9.17628888e+11 1.18360403e+12 8.55546167e+11 2.78615477e-03]
[1.65000000e+02 1.57079633e+00 1.57079633e+00 3.06909033e-03 1.86940744e+00 5.14827728e-01 4.89232812e-01 4.88292694e-01 5.16590537e-01 4.62268756e-01 4.94019536e-01 2.82765227e+13 2.88255563e+12 1.89392387e+16 1.41772815e+13 3.73442474e+13 3.52100120e+12 3.27499508e+10 2.09768135e+13 1.56820040e+13 5.14142514e+12 4.04676075e+11 4.95451243e+12 5.64449743e+11 1.45737458e+12 4.90969603e+11 3.82125135e+10 2.63655365e+11 6.23990145e+11 2.16053067e+11 2.17203252e-03]
[1.66000000e+02 7.85398163e-01 2.09439510e+00 2.30181775e-03 5.57788988e+00 5.09944835e-01 4.83879324e-01 4.98058480e-01 5.15542602e-01 4.67268495e-01 4.76711117e-01 1.10861903e+13 1.96147951e+12 1.54268119e+17 3.09352337e+14 1.27603891e+14 8.59046415e+13 6.94057603e+12 1.33607858e+13 4.81754476e+14 2.36967450e+13 6.03585958e+11 4.79065616e+12 4.11956183e+12 2.36847626e+14 2.08924980e+13 5.53920779e+12 7.84862167e+11 6.60682214e+11 3.53874502e+13 4.40592030e-03]
[1.67000000e+02 1.57079633e+00 5.23598776e+00 7.67272582e-04 3.45294927e+00 5.21733182e-01 4.63461310e-01 4.88292694e-01 5.06680429e-01 4.86616414e-01 4.87823310e-01 5.24521937e+13 3.40197489e+12 1.75463095e+20 5.69352116e+14 5.26927454e+14 1.43230567e+14 1.22880146e+15 1.13200567e+14 7.38483605e+14 6.80544213e+13 5.76388078e+11 2.79197411e+13 1.21105726e+13 6.68832029e+14 3.72626448e+13 8.55474577e+14 3.87860058e+12 4.79617438e+12 5.94341773e+14 3.66004322e-03]
[1.68000000e+02 1.04719755e+00 3.66519143e+00 3.83636291e-04 2.23867444e+00 5.04469548e-01 4.69441608e-01 4.95198147e-01 5.25201170e-01 4.81959504e-01 4.81914071e-01 5.38250334e+13 3.23354705e+12 4.47029972e+18 1.50097974e+15 4.91458109e+14 3.18321393e+14 1.94758394e+14 1.19850009e+14 1.76474489e+15 7.00550518e+13 5.00306963e+11 1.43998246e+13 1.54675204e+13 3.52289424e+15 1.05950290e+14 1.23294425e+14 2.84103044e+12 1.91673425e+12 7.00879851e+14 3.03842815e-03]
[1.69000000e+02 1.57079633e+00 4.71238898e+00 3.45272662e-03 6.24368756e+00 5.14827728e-01 4.61610999e-01 4.88292694e-01 5.21521777e-01 4.88408094e-01 4.88028157e-01 3.28224610e+13 3.40393340e+12 1.68018134e+16 2.96002474e+13 7.85344686e+13 6.80236498e+12 8.08762783e+10 2.81365786e+13 3.66875696e+13 9.43464160e+12 7.14386017e+11 9.41467607e+12 1.14644415e+12 3.70663484e+12 1.10325783e+12 8.88373141e+10 5.87172245e+11 1.28821487e+12 5.02599587e+11 3.46334064e-03]
[1.70000000e+02 1.83259571e+00 1.57079633e+00 1.91818145e-03 3.41355340e+00 5.14827728e-01 4.88762217e-01 4.84718168e-01 5.18487955e-01 4.62071082e-01 4.90813301e-01 3.32479411e+13 3.63471356e+12 2.24028987e+16 1.75425672e+13 4.05818196e+13 4.16524455e+12 5.49300865e+10 1.95836654e+13 2.20672377e+13 5.31256347e+12 5.79270226e+11 5.77276252e+12 6.57666928e+11 2.46348580e+12 7.02659282e+11 5.96332766e+10 2.96222584e+11 6.39812456e+11 3.34984439e+11 3.14916908e-03]
[1.71000000e+02 2.35619449e+00 3.66519143e+00 3.45272662e-03 6.00417774e+00 5.06370310e-01 4.70539013e-01 4.78526908e-01 5.27130038e-01 4.75088136e-01 4.96170710e-01 1.12824135e+13 9.13127051e+11 1.63389025e+17 8.92747956e+13 5.45395655e+13 2.40533096e+13 2.02010294e+12 1.07192669e+13 1.33658696e+14 8.36385762e+12 2.85290312e+11 3.89800775e+12 1.30928705e+12 6.81714440e+13 5.76666424e+12 1.60820009e+12 3.74181125e+11 5.66420447e+11 1.03759657e+13 1.61601238e-03]
[1.72000000e+02 0.00000000e+00 4.71238898e+00 3.06909033e-03 3.10882034e+00 5.14827728e-01 4.75421906e-01 5.02103601e-01 5.08838933e-01 4.75618242e-01 4.75139544e-01 4.22678122e+13 2.56198103e+12 9.97214613e+16 2.44054640e+14 2.40355634e+14 6.72661485e+13 2.40405525e+12 4.27433396e+13 3.78532101e+14 3.69392103e+13 2.10316189e+11 1.47029159e+13 6.26938639e+12 9.25198378e+13 1.42886846e+13 2.15622283e+12 1.75959494e+12 2.13212448e+12 1.26443220e+13 1.76851458e-03]
[1.73000000e+02 1.30899694e+00 1.04719755e+00 1.91818145e-03 1.54590706e+00 5.21497884e-01 4.86974954e-01 4.91867220e-01 5.07710922e-01 4.63284369e-01 4.88455413e-01 3.88203587e+13 4.16561496e+12 6.77866988e+14 1.21652143e+13 4.72571921e+13 2.99222102e+12 4.80704446e+09 3.52631918e+13 9.25800047e+12 6.43296864e+12 8.89059414e+11 6.86521155e+12 5.85529128e+11 2.85294736e+11 2.15693861e+11 7.84070612e+09 3.26179938e+11 8.94022883e+11 6.24912136e+10 5.13784091e-03]
[1.74000000e+02 1.04719755e+00 0.00000000e+00 3.45272662e-03 6.02508323e-01 5.26788324e-01 4.75421906e-01 4.95198147e-01 5.01683084e-01 4.80941549e-01 4.85087510e-01 4.34197420e+13 2.48390261e+12 3.15146397e+16 1.92124511e+14 3.04526194e+14 4.85400879e+13 9.51547633e+11 6.10509042e+13 2.49723671e+14 4.05857907e+13 3.37059697e+11 1.96092522e+13 6.86436621e+12 3.87497599e+13 8.86754390e+12 9.37721360e+11 2.25783064e+12 3.21321982e+12 5.44300058e+12 2.30467524e-03]
[1.75000000e+02 1.04719755e+00 5.23598776e-01 3.45272662e-03 2.19635822e+00 5.25185908e-01 4.81402203e-01 4.95198147e-01 5.04697932e-01 4.65043830e-01 4.86502690e-01 1.48688872e+13 9.57143060e+11 1.37022592e+17 8.14682570e+13 9.55560590e+13 2.22859928e+13 5.55479793e+11 1.28387850e+13 1.26027790e+14 1.41096189e+13 2.32327918e+11 5.41531099e+12 2.55195784e+12 2.23659680e+13 4.55857686e+12 5.45147574e+11 7.10605682e+11 7.57387463e+11 3.12035535e+12 2.33175490e-03]
[1.76000000e+02 1.57079633e+00 2.61799388e+00 1.15090887e-03 3.49119808e+00 5.02867132e-01 4.82327359e-01 4.88292694e-01 5.27783248e-01 4.70430535e-01 4.87506983e-01 7.35417201e+13 3.48028828e+12 1.73596437e+17 2.43493227e+14 3.07121871e+14 6.04265949e+13 7.79701334e+12 1.16141413e+14 3.13663402e+14 4.22812059e+13 3.25894619e+11 2.32585611e+13 6.30553344e+12 2.15833017e+14 1.34743413e+13 5.58815221e+12 2.22287089e+12 3.54029447e+12 3.72040018e+13 2.80905051e-03]
[1.77000000e+02 2.35619449e+00 0.00000000e+00 2.30181775e-03 5.83110095e-01 5.24593514e-01 4.75421906e-01 4.78526908e-01 5.07095724e-01 4.79212523e-01 4.99560765e-01 5.62575331e+13 4.45450532e+12 1.26319928e+15 3.21779241e+13 1.23097184e+14 6.74422605e+12 4.56446454e+09 6.57163076e+13 2.38812983e+13 1.62147088e+13 8.81452315e+11 1.41530276e+13 1.61479597e+12 4.82072397e+11 7.39776174e+11 2.13088738e+10 9.46565468e+11 1.88732496e+12 1.20105108e+11 4.44912041e-03]
[1.78000000e+02 1.57079633e+00 5.23598776e-01 7.67272582e-04 2.51304093e+00 5.26788324e-01 4.82327359e-01 4.88292694e-01 5.03523638e-01 4.67464406e-01 4.89193577e-01 2.67397057e+13 1.42821583e+12 8.86695423e+19 1.02934419e+15 9.09920034e+13 1.22319572e+14 1.24521756e+15 2.87707639e+13 5.76661193e+14 1.73574683e+13 4.93244118e+11 7.18351607e+12 2.64432363e+12 3.77329601e+15 7.30721671e+13 7.39677514e+14 5.89922260e+11 9.52485074e+11 1.44725273e+15 5.68470876e-03]
[1.79000000e+02 1.57079633e+00 5.23598776e-01 2.68545404e-03 5.12850103e+00 5.26788324e-01 4.82327359e-01 4.88292694e-01 5.02241390e-01 4.70615902e-01 4.83470416e-01 1.58957005e+13 2.30882344e+12 4.99594266e+17 3.00402933e+14 1.07778621e+14 7.66926460e+13 1.11334356e+13 1.94367593e+13 4.27134969e+14 1.98614048e+13 4.05482051e+11 4.54165872e+12 3.40408048e+12 3.38895152e+14 2.04708999e+13 8.19936703e+12 6.84534426e+11 6.00028836e+11 5.50041029e+13 1.98930894e-03]
[1.80000000e+02 1.04719755e+00 1.57079633e+00 1.15090887e-03 4.20804061e+00 5.14827728e-01 4.87382501e-01 4.95198147e-01 5.15936210e-01 4.64548067e-01 4.79695746e-01 5.05939674e+13 3.03573061e+12 5.50095890e+17 3.81663197e+14 1.57245737e+14 9.89088394e+13 1.48272323e+13 6.01983348e+13 5.48182952e+14 2.64710298e+13 3.26191876e+11 1.05501016e+13 4.10562623e+12 4.35102338e+14 2.63055465e+13 1.09844795e+13 8.29604707e+11 1.09675093e+12 7.30563442e+13 2.61559448e-03]
[1.81000000e+02 1.57079633e+00 3.66519143e+00 3.06909033e-03 2.29958731e+00 5.02867132e-01 4.68516452e-01 4.88292694e-01 5.24223445e-01 4.85454346e-01 4.92762616e-01 3.80192800e+13 2.24588739e+12 2.92907638e+15 3.44680858e+13 1.22895468e+14 7.10949315e+12 2.02982790e+10 4.02842833e+13 3.95307509e+13 1.52968177e+13 5.40789219e+11 1.33474543e+13 1.89958884e+12 1.60813292e+12 8.17661137e+11 2.44756218e+10 1.09538442e+12 2.00538410e+12 1.90183687e+11 2.84180801e-03]
[1.82000000e+02 1.04719755e+00 5.75958653e+00 1.15090887e-03 2.62045111e-01 5.25185908e-01 4.69441608e-01 4.95198147e-01 5.05391573e-01 4.83428179e-01 4.81949575e-01 4.39062104e+13 2.54233493e+12 4.07877310e+17 3.48697698e+14 2.91008409e+14 9.14201970e+13 1.13177542e+13 9.17304032e+13 4.80268504e+14 3.67428699e+13 3.00521114e+11 1.68536303e+13 6.31313269e+12 3.54887469e+14 2.25933409e+13 8.64920158e+12 1.85196365e+12 2.57806195e+12 6.20301203e+13 2.47459552e-03]
[1.83000000e+02 2.09439510e+00 4.71238898e+00 2.30181775e-03 2.48828009e+00 5.14827728e-01 4.63461310e-01 4.81387241e-01 5.11221837e-01 4.85676973e-01 4.97400561e-01 2.55742321e+13 1.31407926e+12 6.34155146e+16 3.00783902e+14 2.22134479e+14 8.32978021e+13 4.41200135e+12 3.38971359e+13 4.70560925e+14 3.58206082e+13 4.36676329e+11 1.25582456e+13 6.04705479e+12 1.60241017e+14 1.87726381e+13 3.70559300e+12 1.56231181e+12 1.87328481e+12 2.26999441e+13 5.39526211e-03]
[1.84000000e+02 1.04719755e+00 1.04719755e+00 3.45272662e-03 4.19533300e+00 5.20808026e-01 4.85780085e-01 4.95198147e-01 5.13528362e-01 4.66548125e-01 4.76756273e-01 3.64967346e+13 3.18310064e+12 1.17153993e+15 1.59434056e+13 6.23337068e+13 2.87913879e+12 3.02331831e+09 3.32037008e+13 1.18678736e+13 7.36182986e+12 5.09652594e+11 8.77915870e+12 6.98757509e+11 2.77914295e+11 2.43931499e+11 5.44688957e+09 4.63272953e+11 1.17281316e+12 4.70679693e+10 2.30975779e-03]
[1.85000000e+02 2.09439510e+00 1.04719755e+00 1.53454516e-03 3.47234840e+00 5.20808026e-01 4.85780085e-01 4.81387241e-01 5.11171399e-01 4.63318992e-01 4.94255778e-01 4.09330194e+13 3.50257469e+12 1.88349626e+17 1.72510583e+14 1.77932573e+14 4.58577217e+13 2.69649011e+12 4.16637479e+13 2.50377413e+14 2.46559323e+13 4.35523025e+11 1.25215138e+13 4.08761899e+12 8.92998438e+13 1.01140115e+13 2.23970053e+12 1.18530461e+12 1.67952008e+12 1.43087996e+13 2.30669311e-03]
[1.86000000e+02 1.30899694e+00 5.23598776e-01 1.91818145e-03 5.85066341e+00 5.26380777e-01 4.82092061e-01 4.91867220e-01 5.02126394e-01 4.72072460e-01 4.83247644e-01 4.51225767e+13 4.26270977e+12 1.56915637e+17 3.03467940e+14 1.91866631e+14 8.19755910e+13 7.66194759e+12 7.42091369e+13 4.40889838e+14 2.97067327e+13 6.96011836e+11 1.10218065e+13 4.61738733e+12 2.46375389e+14 1.96675125e+13 5.92820573e+12 1.06377154e+12 1.33121950e+12 3.89680472e+13 4.45611791e-03]
[1.87000000e+02 1.83259571e+00 0.00000000e+00 3.06909033e-03 5.05108649e+00 5.28168040e-01 4.75421906e-01 4.84718168e-01 5.00660020e-01 4.77412805e-01 4.86237958e-01 2.32246852e+13 2.14132196e+12 2.27453933e+17 1.50027870e+14 1.21293280e+14 3.94238918e+13 3.30175483e+12 2.50937581e+13 2.11346890e+14 1.74629135e+13 3.29042770e+11 7.48378808e+12 2.91620734e+12 1.07080643e+14 9.12884136e+12 2.58216942e+12 8.15307800e+11 1.15386865e+12 1.69961749e+13 1.77755062e-03]
[1.88000000e+02 7.85398163e-01 2.09439510e+00 3.45272662e-03 3.58003322e+00 5.09944835e-01 4.83879324e-01 4.98058480e-01 5.23666505e-01 4.72243938e-01 4.77099040e-01 2.26784690e+13 4.37445997e+12 1.23129091e+15 1.35431803e+13 3.78966834e+13 2.74149649e+12 8.52971174e+09 1.42680144e+13 1.24993314e+13 4.69606923e+12 5.13257208e+11 4.19292410e+12 6.29512904e+11 5.48447517e+11 3.39314609e+11 1.23865933e+10 3.05118642e+11 5.71920209e+11 8.10828966e+10 3.87679165e-03]
[1.89000000e+02 1.57079633e+00 1.04719755e+00 1.91818145e-03 1.44042034e+00 5.21733182e-01 4.87382501e-01 4.88292694e-01 5.07625759e-01 4.63935752e-01 4.92060333e-01 5.04871252e+13 5.35590386e+12 5.71669279e+15 5.40981759e+13 1.16970652e+14 1.29362137e+13 7.45679534e+10 4.43557852e+13 6.13792810e+13 1.54137141e+13 7.72492526e+11 1.05289519e+13 2.40106652e+12 3.98417326e+12 2.00351542e+12 1.03878484e+11 8.47646042e+11 1.34058325e+12 5.96097669e+11 4.01343251e-03]
[1.90000000e+02 1.57079633e+00 5.75958653e+00 2.30181775e-03 5.52368006e+00 5.26788324e-01 4.68516452e-01 4.88292694e-01 5.04839119e-01 4.84991291e-01 4.85165932e-01 3.93428662e+13 2.91788979e+12 1.63132117e+16 1.16737271e+14 2.27045101e+14 2.88476058e+13 4.12397123e+11 4.75640953e+13 1.52256003e+14 2.83745289e+13 3.81416101e+11 1.75546541e+13 4.48633743e+12 1.79476893e+13 5.04866748e+12 4.43456103e+11 1.75593714e+12 2.78649689e+12 2.53140415e+12 2.69986476e-03]
[1.91000000e+02 2.09439510e+00 1.57079633e+00 1.53454516e-03 9.48273459e-01 5.14827728e-01 4.87382501e-01 4.81387241e-01 5.13049128e-01 4.64846673e-01 4.97259782e-01 6.68023424e+13 2.52082005e+12 3.64141303e+17 7.75129127e+14 4.75248375e+14 2.05211759e+14 2.03139193e+13 1.00110377e+14 1.09530411e+15 7.22864017e+13 3.04712744e+11 2.30587283e+13 1.30905424e+13 6.50438060e+14 4.92663780e+13 1.54852506e+13 2.95146490e+12 3.41197216e+12 1.03336056e+14 2.78450983e-03]
[1.92000000e+02 1.04719755e+00 2.09439510e+00 3.45272662e-03 1.72009823e+00 5.08847430e-01 4.85780085e-01 4.95198147e-01 5.22970095e-01 4.63311917e-01 4.87536798e-01 2.60241832e+13 1.95080924e+12 1.64904644e+16 1.14772686e+13 4.15512439e+13 2.23653617e+12 1.89769919e+10 2.28476085e+13 1.06950229e+13 4.68777870e+12 5.25445391e+11 6.69809109e+12 3.93139440e+11 8.73174806e+11 2.93407322e+11 2.17163926e+10 2.67873846e+11 8.36569310e+11 1.23753881e+11 3.63695795e-03]
[1.93000000e+02 2.61799388e-01 4.18879020e+00 7.67272582e-04 2.87758359e+00 5.13040465e-01 4.72326276e-01 5.01633005e-01 5.15521656e-01 4.79582013e-01 4.75096945e-01 2.29611648e+13 1.39258468e+12 7.52255490e+18 1.54444829e+15 3.22306860e+14 2.31890476e+14 2.78692106e+14 5.85975136e+13 1.24701706e+15 5.19972979e+13 2.27044482e+11 1.10271890e+13 1.01723761e+13 4.83694403e+15 1.04925035e+14 1.67217371e+14 2.06474694e+12 1.68563152e+12 9.47069263e+14 1.68348487e-03]
[1.94000000e+02 2.61799388e+00 2.61799388e+00 1.91818145e-03 1.23286166e+00 5.08847430e-01 4.78874632e-01 4.76332098e-01 5.17375673e-01 4.72496143e-01 5.01818340e-01 4.50405237e+13 1.85102198e+12 5.22712708e+16 2.40617169e+14 3.68387011e+14 6.24789201e+13 1.50349746e+12 7.98000377e+13 3.01141903e+14 4.77815592e+13 2.00609218e+11 2.12092101e+13 8.36712334e+12 5.66805900e+13 1.11425481e+13 1.39561613e+12 2.61456507e+12 3.81018129e+12 8.54162749e+12 1.61389272e-03]
[1.95000000e+02 1.04719755e+00 4.71238898e+00 1.53454516e-03 3.06095521e+00 5.14827728e-01 4.63461310e-01 4.95198147e-01 5.11787321e-01 4.87359045e-01 4.81684497e-01 5.76117651e+13 3.17933441e+12 1.66465090e+17 5.04527608e+14 4.06178526e+14 1.35390056e+14 1.05658879e+13 9.28160531e+13 7.32606630e+14 6.07407337e+13 2.65158642e+11 2.38263736e+13 9.99675945e+12 3.52812695e+14 3.09045362e+13 8.25668463e+12 2.88976859e+12 3.76123564e+12 5.37263748e+13 2.49946488e-03]
[1.96000000e+02 1.57079633e+00 3.66519143e+00 3.83636291e-04 5.40911245e-01 5.02867132e-01 4.68516452e-01 4.88292694e-01 5.27107842e-01 4.81752637e-01 4.88687624e-01 3.61468911e+13 6.23398541e+12 6.51225489e+17 8.07023638e+14 5.28285038e+14 2.18159896e+14 3.71383447e+13 1.21469222e+14 1.16228730e+15 6.12227652e+13 1.39687884e+12 1.35918044e+13 1.18323207e+13 1.04252421e+15 5.86461252e+13 2.97806321e+13 2.99355397e+12 2.03066992e+12 2.00807099e+14 5.69146941e-03]
[1.97000000e+02 2.09439510e+00 4.18879020e+00 3.06909033e-03 5.87129422e+00 5.08847430e-01 4.65063726e-01 4.81387241e-01 5.25878160e-01 4.83580068e-01 4.92791795e-01 2.38563876e+13 2.61307850e+12 1.39946098e+16 4.49071927e+13 7.57271112e+13 1.15723898e+13 3.65050956e+11 1.99588972e+13 6.58916039e+13 1.00286331e+13 6.34783514e+11 7.27167202e+12 1.45868294e+12 1.41158997e+13 2.26088369e+12 3.26620620e+11 6.06328745e+11 1.01151088e+12 1.94637486e+12 3.47938221e-03]
[1.98000000e+02 2.09439510e+00 3.14159265e+00 1.53454516e-03 4.18335255e+00 5.02867132e-01 4.75421906e-01 4.81387241e-01 5.27958676e-01 4.76961407e-01 4.92833153e-01 2.42820325e+13 2.19500977e+12 4.33775877e+17 2.77102872e+14 1.31515027e+14 6.43020717e+13 1.29021592e+13 2.61251938e+13 3.52634297e+14 2.00452036e+13 5.33481580e+11 8.08773168e+12 3.37520415e+12 3.65264909e+14 1.81372476e+13 9.08308779e+12 8.63634676e+11 1.15260333e+12 6.16648740e+13 2.56832709e-03]
[1.99000000e+02 1.57079633e+00 4.18879020e+00 1.53454516e-03 4.78927911e+00 5.07922275e-01 4.63461310e-01 4.88292694e-01 5.21851627e-01 4.87119039e-01 4.85251388e-01 6.68910618e+13 3.60035930e+12 1.38457183e+18 3.67850822e+14 2.11568757e+14 6.56174320e+13 3.74169730e+13 8.40240858e+13 3.32611507e+14 2.80573513e+13 5.18416560e+11 1.83677556e+13 4.21659285e+12 8.26894945e+14 2.31957245e+13 2.38654544e+13 1.41960023e+12 2.76715453e+12 1.52734917e+14 3.16680214e-03]
