  21
 0.100  3.01491E+07  3.29109E+07  3.83379E+07  2.82970E+07  1.57179E+07  4.02722E+08  1.46849E-01
 0.110  1.11570E+08  4.85941E+07  5.71214E+07  1.09359E+08  1.71934E+07  6.01672E+08  2.12214E-01
 0.120  1.37621E+08  1.95809E+08  2.23646E+08  1.33388E+08  1.47995E+08  6.91378E+08  1.97195E+00
 0.130  4.55734E+08  4.76231E+08  5.49783E+08  4.48975E+08  2.63562E+08  1.28382E+09  3.77372E+00
 0.140  4.53664E+08  1.00548E+09  1.17344E+09  4.48449E+08  5.16015E+08  1.46556E+09  5.54702E+00
 0.150  3.69023E+08  1.39611E+09  1.66271E+09  3.61690E+08  4.30700E+08  1.60598E+09  4.49704E+00
 0.160  3.44496E+08  1.82336E+09  2.19923E+09  3.39525E+08  4.45292E+08  1.79587E+09  5.20194E+00
 0.170  1.14891E+09  2.68380E+09  3.22377E+09  1.13112E+09  8.10952E+08  2.37526E+09  1.15530E+01
 0.180  5.51801E+08  3.71767E+09  4.51936E+09  5.44070E+08  9.26785E+08  2.52158E+09  9.04821E+00
 0.190  7.79333E+08  4.56359E+09  5.60055E+09  7.69126E+08  8.87747E+08  2.72220E+09  9.80261E+00
 0.200  6.70230E+08  5.33903E+09  6.62517E+09  6.58367E+08  7.02524E+08  2.87234E+09  7.78689E+00
 0.210  4.64174E+08  6.00073E+09  7.52899E+09  4.57127E+08  5.96502E+08  2.86827E+09  5.97578E+00
 0.220  4.02504E+08  6.31057E+09  8.02508E+09  3.95814E+08  3.24286E+08  2.92855E+09  3.43962E+00
 0.230  4.80075E+08  6.86650E+09  8.78096E+09  4.73298E+08  4.58993E+08  3.03396E+09  4.74991E+00
 0.240  3.23589E+08  7.35083E+09  9.45395E+09  3.16591E+08  4.32273E+08  3.09067E+09  4.94091E+00
 0.250  2.27555E+08  7.53331E+09  9.78249E+09  2.23417E+08  2.43942E+08  3.07271E+09  2.50098E+00
 0.260  1.54415E+08  7.61704E+09  9.97331E+09  1.51526E+08  1.61981E+08  3.04951E+09  1.68183E+00
 0.270  1.07217E+08  7.66338E+09  1.01151E+10  1.05139E+08  9.04514E+07  3.11486E+09  9.14575E-01
 0.280  9.75312E+07  7.55444E+09  1.00354E+10  9.53406E+07  8.20235E+07  3.03072E+09  9.17174E-01
 0.290  3.83811E+08  7.95953E+09  1.05861E+10  3.77137E+08  2.76636E+08  3.11170E+09  3.59148E+00
 0.300  3.60481E+08  1.02827E+10  1.35071E+10  3.55602E+08  5.23668E+08  3.39512E+09  5.59146E+00
