  21
 0.100        60934  0.44401E-02  0.85386E-03  0.15369E-02 -0.16595E+02  0.77227E+01 -0.23773E+02 -0.84255E+00  0.43822E+00  0.31316E+00   0.750   0.500
 0.110        49867 -0.37511E-02 -0.33760E-02  0.20631E-02  0.60412E+00 -0.18304E+02 -0.19844E+02  0.36457E+00  0.26277E+00 -0.89333E+00   1.000   0.603
 0.120       176186  0.24539E-02 -0.40898E-03 -0.14314E-02  0.52319E+02 -0.90697E+01  0.41989E+02 -0.85110E+00  0.29582E+00  0.43372E+00   1.127   0.500
 0.130       225986  0.31015E-02  0.13292E-02  0.66460E-03 -0.15622E+02  0.30561E+02 -0.68259E+02 -0.87253E+00 -0.39776E+00  0.28370E+00   1.018   0.500
 0.140       175932  0.23895E-02  0.00000E+00 -0.47790E-03 -0.45928E+02  0.29132E+03  0.11749E+03 -0.95293E+00  0.12459E+00  0.27642E+00   1.000   0.500
 0.150       162779 -0.51152E-03  0.00000E+00 -0.46037E-02 -0.10113E+03  0.91445E+02 -0.22552E+02 -0.88671E+00  0.40578E+00  0.22154E+00   1.000   0.500
 0.160       236483  0.21807E-02  0.00000E+00 -0.81776E-03  0.13220E+03 -0.15454E+03 -0.11499E+03 -0.99520E+00  0.38098E-01 -0.90177E-01   1.614   0.500
 0.170        82690  0.57997E-03  0.28998E-03 -0.17399E-02  0.88457E+02  0.90869E+02  0.30157E+02  0.32285E+00 -0.69764E+00  0.63958E+00   1.002   0.500
 0.180       305550  0.61438E-03  0.21503E-02  0.21503E-02 -0.14650E+03 -0.22307E+03 -0.70828E+02  0.45710E+00 -0.80601E+00  0.37604E+00   2.241   0.783
 0.190       185891 -0.12963E-02  0.32407E-03 -0.32407E-03  0.11194E+03 -0.32145E+03  0.28772E+03  0.29053E+00 -0.94305E+00  0.16200E+00   1.646   0.500
 0.200        21100  0.13629E-02 -0.27257E-02 -0.34072E-03  0.27992E+03 -0.13147E+03 -0.46752E+03  0.44653E+00 -0.89046E+00  0.87679E-01   1.614   0.500
 0.210       616159  0.14310E-02  0.71550E-03  0.10732E-02  0.20492E+03 -0.13926E+03  0.26300E+03  0.41309E+00 -0.89166E+00  0.18519E+00   1.724   0.500
 0.220       152723 -0.75112E-03 -0.15022E-02 -0.18778E-02  0.16147E+03 -0.13085E+03 -0.81613E+02  0.45058E+00 -0.88014E+00  0.14941E+00   1.700   0.500
 0.230      1430534 -0.15698E-02 -0.15698E-02  0.78488E-03  0.72632E+02  0.21688E+03  0.30814E+03  0.54208E+00 -0.83625E+00 -0.82689E-01   1.582   0.500
 0.240       640304  0.16353E-02  0.40883E-03  0.00000E+00  0.26106E+02  0.33958E+02  0.24639E+02  0.86288E+00 -0.49249E+00 -0.11350E+00   1.739   0.637
 0.250      1606124 -0.17063E-02 -0.85317E-03 -0.17063E-02  0.33717E+03 -0.13327E+03 -0.22134E+03  0.94841E+00 -0.28066E+00 -0.14745E+00   2.130   0.726
 0.260       159052  0.88647E-03 -0.44324E-03  0.26594E-02  0.10101E+03  0.41931E+02 -0.14040E+03  0.99432E+00 -0.83192E-01 -0.66445E-01   4.562   0.673
 0.270      2622944  0.00000E+00  0.92050E-03  0.27615E-02 -0.45229E+02  0.28114E+03  0.81726E+02  0.97761E+00  0.24333E-01 -0.20903E+00   6.404   0.989
 0.280      1127502  0.00000E+00  0.95483E-03  0.19097E-02 -0.26429E+03 -0.27123E+02  0.24769E+03  0.98469E+00  0.64279E-01 -0.16206E+00   6.180   1.802
 0.290      3131194  0.29717E-02  0.49528E-03 -0.49528E-03 -0.13100E+03  0.21699E+03 -0.22956E+03  0.90175E+00 -0.35626E-01 -0.43078E+00   4.618   1.412
 0.300      2203413 -0.10225E-02 -0.10225E-02  0.30676E-02  0.96590E+02 -0.21391E+03 -0.32878E+03  0.84731E+00 -0.71993E-01 -0.52619E+00   3.684   0.934
