  21
 0.100   0.750  1.40303E-01  1.49447E-01  1.74579E-01
 0.110   1.000  2.12214E-01  2.32025E-01  1.92391E-01
 0.120   1.127  2.05555E+00  2.02431E+00  1.72098E+00
 0.130   1.018  3.78610E+00  3.99511E+00  2.97788E+00
 0.140   1.000  5.54702E+00  5.40622E+00  5.77293E+00
 0.150   1.000  4.49704E+00  4.64003E+00  4.78092E+00
 0.160   1.614  5.35214E+00  5.25942E+00  5.13718E+00
 0.170   1.002  1.15557E+01  1.26737E+01  9.12856E+00
 0.180   2.241  1.03976E+01  9.82876E+00  1.15597E+01
 0.190   1.646  1.23073E+01  1.18041E+01  1.27645E+01
 0.200   1.614  1.07359E+01  1.11456E+01  1.06991E+01
 0.210   1.724  7.10812E+00  6.84681E+00  7.68953E+00
 0.220   1.700  5.48818E+00  5.65458E+00  5.46779E+00
 0.230   1.582  5.89582E+00  5.85307E+00  6.38431E+00
 0.240   1.739  6.04239E+00  5.94816E+00  6.09092E+00
 0.250   2.130  3.86523E+00  3.77098E+00  4.29298E+00
 0.260   4.562  2.78265E+00  2.50647E+00  3.28076E+00
 0.270   6.404  1.65787E+00  1.60518E+00  1.97578E+00
 0.280   6.180  3.39895E+00  3.44543E+00  3.05936E+00
 0.290   4.618  1.13959E+01  1.11954E+01  1.01722E+01
 0.300   3.684  1.10054E+01  1.10248E+01  1.16957E+01
