  21
 0.110   1.246   1.040  4.28825E+06  4.91703E+06  4.26624E+06  9.60824E+01  0.00000E+00  0.00000E+00  0.00000E+00  4.28825E+06  4.91703E+06  4.26624E+06
 0.120   1.484   0.996  6.98073E+06  8.27193E+06  6.91552E+06  1.68882E+02  1.91922E+06  2.34115E+06  1.89383E+06  5.06151E+06  5.93078E+06  5.02169E+06
 0.130   1.897   0.991  1.86630E+07  2.22510E+07  1.84653E+07  1.99979E+02  5.73990E+06  7.09479E+06  5.64075E+06  1.29231E+07  1.51562E+07  1.28246E+07
 0.140   2.436   1.052  4.54292E+07  5.17338E+07  4.51381E+07  1.33009E+02  9.96072E+06  1.22296E+07  9.80819E+06  3.54684E+07  3.95041E+07  3.53299E+07
 0.150   3.114   1.285  1.14476E+08  1.35122E+08  1.13687E+08  1.67929E+02  3.63903E+07  4.45909E+07  3.59699E+07  7.80858E+07  9.05315E+07  7.77171E+07
 0.160   2.688   1.268  1.37056E+08  1.63296E+08  1.36086E+08  1.90969E+02  4.94192E+07  6.11449E+07  4.88332E+07  8.76368E+07  1.02151E+08  8.72531E+07
 0.170   4.114   1.371  3.94907E+08  4.61190E+08  3.92776E+08  1.58869E+02  7.51673E+07  9.37642E+07  7.41121E+07  3.19740E+08  3.67426E+08  3.18664E+08
 0.180   3.242   1.325  3.16458E+08  3.80178E+08  3.13875E+08  2.44687E+02  7.04191E+07  8.90809E+07  6.92074E+07  2.46039E+08  2.91098E+08  2.44668E+08
 0.190   3.485   0.833  1.08511E+09  1.24724E+09  1.08119E+09  1.30790E+02  6.36321E+07  8.10281E+07  6.23975E+07  1.02148E+09  1.16621E+09  1.01879E+09
 0.200   4.420   1.559  1.65119E+09  1.94194E+09  1.64411E+09  1.66553E+02  1.26081E+08  1.60352E+08  1.23942E+08  1.52511E+09  1.78159E+09  1.52017E+09
 0.210   4.605   1.221  2.33587E+09  2.75097E+09  2.32451E+09  1.92027E+02  1.55596E+08  2.00145E+08  1.52404E+08  2.18027E+09  2.55083E+09  2.17211E+09
 0.220   3.071   0.812  3.28834E+09  3.86615E+09  3.27411E+09  1.87375E+02  1.05617E+08  1.36254E+08  1.03166E+08  3.18272E+09  3.72990E+09  3.17094E+09
 0.230   3.103   1.138  2.39415E+09  2.88579E+09  2.37996E+09  2.57215E+02  1.33180E+08  1.70432E+08  1.30434E+08  2.26097E+09  2.71535E+09  2.24952E+09
 0.240   4.656   1.273  2.13525E+09  2.47385E+09  2.12547E+09  1.91332E+02  3.01908E+08  3.80669E+08  2.97452E+08  1.83334E+09  2.09318E+09  1.82801E+09
 0.250   6.125   1.358  5.32120E+09  6.26117E+09  5.30175E+09  1.77829E+02  5.13582E+08  6.52847E+08  5.05718E+08  4.80762E+09  5.60833E+09  4.79603E+09
 0.260   6.276   1.894  8.23225E+09  9.91716E+09  8.19575E+09  2.32989E+02  1.05567E+09  1.33832E+09  1.04282E+09  7.17658E+09  8.57884E+09  7.15293E+09
 0.270   4.458   0.869  9.33667E+09  1.12820E+10  9.29349E+09  2.56614E+02  5.86067E+08  7.51461E+08  5.76848E+08  8.75060E+09  1.05305E+10  8.71664E+09
 0.280   4.843   0.818  1.29547E+10  1.58226E+10  1.28906E+10  2.90254E+02  8.76683E+08  1.12008E+09  8.64842E+08  1.20780E+10  1.47025E+10  1.20258E+10
 0.290   5.160   1.023  1.59098E+10  1.98599E+10  1.58097E+10  3.80452E+02  1.53064E+09  1.96033E+09  1.51217E+09  1.43792E+10  1.78995E+10  1.42975E+10
 0.300   4.642   0.617  1.54092E+10  1.92890E+10  1.53041E+10  4.22484E+02  9.94202E+08  1.29026E+09  9.79338E+08  1.44150E+10  1.79987E+10  1.43248E+10
 0.310   4.579   0.864  1.33109E+10  1.69641E+10  1.31822E+10  5.64816E+02  1.00903E+09  1.31440E+09  9.91104E+08  1.23019E+10  1.56497E+10  1.21911E+10
