  21
 0.110   9.500   1.246  1.82365E+10  1.37642E+09  1.58804E+08  1.87051E+08  1.67012E+10  3.11371E+07  4.25973E+07  5.01068E+07  7.03682E+08  1.47689E+09  1.59385E+08  1.87748E+08  1.74436E+10  8.43112E+07  5.95772E+07  6.98537E+07  1.11838E+09
 0.120  12.000   1.484  2.73926E+10  2.40206E+09  2.17355E+08  2.58653E+08  2.47732E+10  1.25092E+08  7.85020E+07  9.40378E+07  1.35989E+09  1.99036E+09  2.14892E+08  2.55699E+08  2.14232E+10  1.77824E+08  9.78009E+07  1.16957E+08  1.90287E+09
 0.130  16.000   1.897  5.27654E+10  5.37311E+09  5.16730E+08  6.06668E+08  4.68755E+10  1.75376E+08  1.58465E+08  1.88438E+08  2.17964E+09  2.81656E+09  3.89848E+08  4.58218E+08  2.46216E+10  2.31969E+08  1.84203E+08  2.18523E+08  2.74049E+09
 0.140  20.250   2.436  8.37290E+10  7.29094E+09  1.31179E+09  1.52279E+09  7.51263E+10  6.86717E+08  2.90221E+08  3.30728E+08  2.22062E+09  4.33258E+09  1.21836E+09  1.40892E+09  4.51177E+10  8.45120E+08  3.63354E+08  4.16828E+08  3.37907E+09
 0.150  23.750   3.114  1.09457E+11  8.70088E+09  2.01208E+09  2.38681E+09  9.87442E+10  8.01153E+08  7.98407E+08  9.39197E+08  5.04159E+09  4.38917E+09  1.86585E+09  2.20686E+09  4.45979E+10  1.16112E+09  9.87745E+08  1.16219E+09  7.77958E+09
 0.160  29.500   2.688  1.73611E+11  1.53279E+10  2.95556E+09  3.55030E+09  1.55328E+11  1.62904E+09  1.63730E+09  1.95359E+09  8.86661E+09  5.36218E+09  2.62597E+09  3.15017E+09  5.21441E+10  1.46434E+09  1.51661E+09  1.80784E+09  7.63999E+09
 0.170  33.500   4.114  2.15205E+11  1.91335E+10  4.75938E+09  5.69217E+09  1.91312E+11  1.43779E+09  2.55263E+09  3.06875E+09  1.09055E+10  6.87792E+09  3.95542E+09  4.75022E+09  5.69242E+10  1.72705E+09  2.84482E+09  3.42437E+09  1.49799E+10
 0.180  37.250   3.242  2.48309E+11  2.18440E+10  6.10258E+09  7.42111E+09  2.20362E+11  1.35897E+09  3.59536E+09  4.37021E+09  1.27368E+10  4.93234E+09  4.74139E+09  5.77680E+09  5.21413E+10  1.19819E+09  3.38941E+09  4.11546E+09  1.03279E+10
 0.190  40.250   3.485  2.67054E+11  2.37216E+10  7.53435E+09  9.22959E+09  2.35798E+11  2.22903E+09  5.09593E+09  6.21042E+09  1.53239E+10  5.45838E+09  6.60877E+09  8.08895E+09  5.57686E+10  1.82977E+09  4.84359E+09  5.89815E+09  1.24993E+10
 0.200  44.500   4.420  3.08916E+11  2.88955E+10  9.29621E+09  1.14687E+10  2.70724E+11  2.72838E+09  6.71336E+09  8.25270E+09  1.89837E+10  7.37051E+09  8.17121E+09  1.00594E+10  5.67082E+10  2.70083E+09  6.69988E+09  8.23609E+09  1.88102E+10
 0.210  52.000   4.605  4.31096E+11  4.27622E+10  1.38404E+10  1.70531E+10  3.74494E+11  4.18448E+09  9.47518E+09  1.16682E+10  2.67995E+10  8.23677E+09  1.07691E+10  1.32773E+10  5.84898E+10  3.62976E+09  9.17989E+09  1.13036E+10  2.28284E+10
 0.220  58.250   3.071  5.17046E+11  4.98553E+10  1.79970E+10  2.22132E+10  4.49194E+11  6.65547E+09  1.34143E+10  1.64894E+10  3.57802E+10  1.04056E+10  1.45392E+10  1.78860E+10  6.79977E+10  4.67387E+09  1.13247E+10  1.38914E+10  1.49305E+10
 0.230  65.500   3.103  6.52259E+11  5.93331E+10  2.46925E+10  3.06069E+10  5.68233E+11  5.69592E+09  1.79166E+10  2.21500E+10  4.26342E+10  9.29499E+09  1.88448E+10  2.33110E+10  6.94471E+10  3.18903E+09  1.51886E+10  1.87481E+10  1.62366E+10
 0.240  69.750   4.656  6.93396E+11  5.81636E+10  3.09066E+10  3.84493E+10  6.04326E+11  7.10425E+09  2.26843E+10  2.82522E+10  5.07195E+10  1.09508E+10  2.41799E+10  3.01149E+10  7.57874E+10  4.62897E+09  2.05692E+10  2.56224E+10  3.03204E+10
 0.250  73.500   6.125  7.17653E+11  5.44168E+10  3.63341E+10  4.55924E+10  6.26902E+11  6.74850E+09  2.73220E+10  3.42645E+10  5.91438E+10  1.06297E+10  2.88218E+10  3.61078E+10  8.14227E+10  5.55925E+09  2.62980E+10  3.29973E+10  4.80975E+10
 0.260  76.750   6.276  7.28766E+11  5.09286E+10  4.04032E+10  5.12214E+10  6.37434E+11  8.74949E+09  3.11074E+10  3.93925E+10  6.25685E+10  1.18117E+10  3.35878E+10  4.25055E+10  8.54753E+10  6.61622E+09  2.95268E+10  3.74250E+10  4.92817E+10
 0.270  80.000   4.458  7.37006E+11  4.54243E+10  4.56241E+10  5.81113E+10  6.45958E+11  9.50839E+09  3.61816E+10  4.59441E+10  6.78064E+10  1.05706E+10  3.75912E+10  4.77372E+10  8.58700E+10  6.61442E+09  3.06325E+10  3.89629E+10  3.31717E+10
 0.280  84.250   4.843  7.75467E+11  4.19242E+10  5.04377E+10  6.46636E+10  6.83105E+11  8.80763E+09  4.14147E+10  5.28959E+10  7.27695E+10  9.62853E+09  4.25623E+10  5.43801E+10  8.78750E+10  5.76334E+09  3.57234E+10  4.56375E+10  3.75881E+10
 0.290  96.750   5.160  1.06715E+12  6.89826E+10  6.85486E+10  8.78024E+10  9.29618E+11  8.18923E+09  4.49123E+10  5.79706E+10  8.40229E+10  8.33769E+09  4.51101E+10  5.82292E+10  8.69522E+10  4.94264E+09  3.88297E+10  5.01153E+10  4.12693E+10
 0.300 103.000   4.642  1.16092E+12  6.55375E+10  7.84679E+10  1.00542E+11  1.01692E+12  6.58374E+09  4.91372E+10  6.37281E+10  9.90847E+10  6.49589E+09  4.89623E+10  6.34971E+10  9.57182E+10  3.77470E+09  3.99727E+10  5.17988E+10  3.68755E+10
 0.310 108.250   4.579  1.21906E+12  5.14659E+10  9.38150E+10  1.20189E+11  1.07378E+12  6.60551E+09  4.81557E+10  6.29653E+10  9.49148E+10  6.04710E+09  4.74202E+10  6.19986E+10  8.54351E+10  2.57547E+09  3.89164E+10  5.08792E+10  3.23520E+10
