  21
 0.110  8.58908E-02  1.75881E-02  5.54617E-02  1.54198E+01  1.24639E+01 -4.32935E+00  2.95959E-01  9.54030E-01  4.72850E-02  3.27912E+01   1.246   1.040  9.15101E+07  8.78899E+07  4.28825E+06  0.00000E+00  6.66769E+07  2.63305E-02  9.60824E+01   7.624   7.500
 0.120  5.58922E-02 -1.47654E-01  1.10558E-01  6.10602E+01  3.58211E+01 -1.11185E+00  5.59084E-03  6.86298E-02  9.97627E-01  1.29960E+01   1.484   0.996  1.75042E+08  1.65592E+08  6.98073E+06  1.91922E+06  1.56051E+08  3.19399E-02  1.68882E+02   7.535   7.423
 0.130  1.56078E-01  9.20201E-02 -1.10571E-01  2.76109E+01  2.63937E+01 -2.93369E+01  2.20192E-01 -9.29132E-01 -2.97035E-01  1.26004E+01   1.897   0.991  2.26243E+08  2.13887E+08  1.86630E+07  5.73990E+06  3.13930E+08  7.68988E-02  1.99979E+02   7.653   7.447
 0.140  3.77949E-01 -2.29563E-01 -9.52437E-02 -3.33941E+01  2.27129E+01 -7.64367E+00  6.19478E-01 -2.90838E-02  7.84475E-01  4.39682E+01   2.436   1.052  8.13685E+08  7.94732E+08  4.54292E+07  9.96072E+06  3.65642E+08  4.47878E-01  1.33009E+02   7.928   7.743
 0.150  1.29189E-01  5.83993E-01 -1.27769E-01  9.35546E+00  3.42910E+01 -1.11413E+00  1.65676E-01  5.11979E-01  8.42870E-01  5.01846E+01   3.114   1.285  1.05964E+09  1.04357E+09  1.14476E+08  3.63903E+07  8.70291E+08  5.17692E-01  1.67929E+02   8.127   7.839
 0.160 -3.06445E-01 -5.15547E-01  1.59088E-02 -1.00391E+01 -2.45959E+01 -1.47438E+01  9.75378E-01 -1.14252E-01  1.88636E-01  8.35544E+01   2.688   1.268  1.31965E+09  1.30076E+09  1.37056E+08  4.94192E+07  6.19048E+08  5.33843E-01  1.90969E+02   8.106   7.978
 0.170 -4.36798E-02  2.10338E-01 -6.97242E-02 -2.51830E+01 -1.47167E+01  9.22590E+00  1.02048E-02  7.91366E-02  9.96812E-01  1.28250E+02   4.114   1.371  1.46958E+09  1.58322E+09  3.94907E+08  7.51673E+07  1.48684E+09  2.91207E+00  1.58869E+02   8.289   8.238
 0.180 -2.77383E-03 -8.91065E-02  8.80037E-02 -6.93706E+00  1.28750E+01 -1.39415E+01  2.31707E-01  1.06201E-01  9.66971E-01  4.78032E+01   3.242   1.325  1.04729E+09  1.08099E+09  3.16458E+08  7.04191E+07  9.01219E+08  1.21712E+00  2.44687E+02   8.445   8.324
 0.190  6.81392E-03 -1.17397E-01 -6.58532E-03  8.58121E+00 -8.12795E+00  3.12860E+00  4.18152E-01  4.07089E-02  9.07464E-01  1.19623E+02   3.485   0.833  1.56054E+09  2.18024E+09  1.08511E+09  6.36321E+07  7.89315E+08  9.93387E+00  1.30790E+02   8.449   8.539
 0.200 -1.18298E-01 -2.19123E-01 -1.21974E-01 -7.61632E+00  1.44448E+00  5.55495E+00 -2.61513E-01 -3.21442E-01  9.10102E-01  1.90813E+02   4.420   1.559  2.45537E+09  3.14296E+09  1.65119E+09  1.26081E+08  1.47429E+09  9.83625E+00  1.66553E+02   8.394   8.558
 0.210  1.04743E-01 -6.21406E-03  9.06965E-02 -5.56538E+00  2.49600E+01  2.37296E+01 -4.84954E-01 -5.17291E-01  7.05145E-01  2.33556E+02   4.605   1.221  3.06259E+09  4.07704E+09  2.33587E+09  1.55596E+08  1.67465E+09  1.52957E+01  1.92027E+02   8.427   8.500
 0.220 -5.85580E-02  1.57886E-01  1.23230E-01 -3.97515E+00  1.47639E+01  4.05673E+01 -3.22249E-01 -6.88774E-01  6.49419E-01  1.57924E+02   3.071   0.812  3.92422E+09  5.40248E+09  3.28834E+09  1.05617E+08  9.91923E+08  2.17472E+01  1.87375E+02   8.458   8.548
 0.230  8.36462E-02  1.97035E-02 -3.39108E-03 -5.96657E+00 -4.33548E-01 -9.77295E+00  3.31754E-01 -8.14643E-01  4.75706E-01  1.18958E+02   3.103   1.138  2.73142E+09  3.44757E+09  2.39415E+09  1.33180E+08  1.01504E+09  8.52072E+00  2.57215E+02   8.636   8.591
 0.240  3.84548E-02 -3.68188E-01 -3.75404E-01  5.68998E+00 -1.61485E+01 -3.60123E+01  9.12273E-01  5.33652E-02  4.06092E-01  3.40119E+02   4.656   1.273  3.94591E+09  5.14892E+09  2.13525E+09  3.01908E+08  1.75114E+09  1.87527E+01  1.91332E+02   8.541   8.373
 0.250 -8.76250E-02 -7.46967E-01  2.72028E-01  4.43922E+00 -5.32338E+01 -1.58405E+01  9.40836E-01  8.69677E-02  3.27511E-01  6.28390E+02   6.125   1.358  4.79494E+09  7.26758E+09  5.32120E+09  5.13582E+08  2.97311E+09  2.86698E+01  1.77829E+02   8.525   8.421
 0.260  1.57896E-01 -1.67867E-01 -3.82762E-01 -1.24053E+01  6.30700E+01  1.13849E+01  9.71671E-01  1.46081E-01  1.85785E-01  8.14113E+02   6.276   1.894  5.82055E+09  7.80605E+09  8.23225E+09  1.05567E+09  3.83883E+09  2.79413E+01  2.32989E+02   8.520   8.440
 0.270  1.01753E-01  2.22107E-01 -3.12798E-01 -6.76221E+00 -1.06362E+01  3.89625E+01  9.63246E-01  1.16587E-01  2.42001E-01  6.74252E+02   4.458   0.869  5.49278E+09  8.26573E+09  9.33667E+09  5.86067E+08  1.92839E+09  3.81334E+01  2.56614E+02   8.566   8.510
 0.280 -5.08355E-02 -1.07486E-01  4.37986E-01  1.80731E+01 -5.13032E+01  1.02852E+01  9.35639E-01  2.26510E-01  2.70690E-01  8.22727E+02   4.843   0.818  4.79980E+09  7.54611E+09  1.29547E+10  8.76683E+08  2.00937E+09  3.26728E+01  2.90254E+02   8.614   8.551
 0.290 -9.38043E-03 -4.80407E-02 -1.01047E-01 -8.71407E+00  3.76084E+01  1.04288E+01  9.38663E-01  1.46716E-01  3.12067E-01  7.63605E+02   5.160   1.023  4.15324E+09  5.78334E+09  1.59098E+10  1.53064E+09  2.53289E+09  2.03145E+01  3.80452E+02   8.644   8.564
 0.300 -1.96849E-01  3.73069E-01  3.31099E-01 -3.57656E+00 -1.64609E+01 -4.98588E-01  9.08767E-01  1.25359E-01  3.98029E-01  8.50222E+02   4.642   0.617  3.13408E+09  5.41945E+09  1.54092E+10  9.94202E+08  1.70001E+09  2.92039E+01  4.22484E+02   8.688   8.598
 0.310  1.79513E-01  2.54471E-01 -7.62388E-02 -2.95141E+01  3.61326E+01  1.51501E+01  6.70823E-01 -1.00067E-01  7.34836E-01  3.87321E+02   4.579   0.864  2.08916E+09  3.19688E+09  1.33109E+10  1.00903E+09  1.94643E+09  1.31639E+01  5.64816E+02   8.729   8.611
