  21
 0.110  9.50000E+00  1.82365E+10  9.08537E+01
 0.120  1.20000E+01  2.73926E+10  9.90742E+01
 0.130  1.60000E+01  5.27654E+10  1.19083E+02
 0.140  2.02500E+01  8.37290E+10  1.33340E+02
 0.150  2.37500E+01  1.09457E+11  1.40775E+02
 0.160  2.95000E+01  1.73611E+11  1.59079E+02
 0.170  3.35000E+01  2.15205E+11  1.66203E+02
 0.180  3.72500E+01  2.48309E+11  1.69304E+02
 0.190  4.02500E+01  2.67054E+11  1.68908E+02
 0.200  4.45000E+01  3.08916E+11  1.72772E+02
 0.210  5.20000E+01  4.31096E+11  1.88808E+02
 0.220  5.82500E+01  5.17046E+11  1.95367E+02
 0.230  6.55000E+01  6.52259E+11  2.06930E+02
 0.240  6.97500E+01  6.93396E+11  2.06753E+02
 0.250  7.35000E+01  7.17653E+11  2.04903E+02
 0.260  7.67500E+01  7.28766E+11  2.02064E+02
 0.270  8.00000E+01  7.37006E+11  1.99033E+02
 0.280  8.42500E+01  7.75467E+11  1.98944E+02
 0.290  9.67500E+01  1.06715E+12  2.17782E+02
 0.300  1.03000E+02  1.16092E+12  2.20149E+02
 0.310  1.08250E+02  1.21906E+12  2.20056E+02
