  21
 0.110  8.58908E-02  1.75881E-02  5.54617E-02  1.54198E+01  1.24639E+01 -4.32935E+00   1.246  8.43112E+07  1.00228E+08  5.95772E+07  0.00000E+00  1.11838E+09  2.11656E-01  1.24651E+02   7.633   7.484
 0.120  5.58922E-02 -1.47654E-01  1.10558E-01  6.10602E+01  3.58211E+01 -1.11185E+00   1.484  1.77824E+08  1.85490E+08  9.78009E+07  3.07255E+07  1.90287E+09  2.62782E-01  1.90332E+02   7.539   7.450
 0.130  1.56078E-01  9.20201E-02 -1.10571E-01  2.76109E+01  2.63937E+01 -2.93369E+01   1.897  2.31969E+08  2.82847E+08  1.84203E+08  4.87667E+07  2.74049E+09  8.99991E-01  1.90962E+02   7.658   7.524
 0.140  3.77949E-01 -2.29563E-01 -9.52437E-02 -3.33941E+01  2.27129E+01 -7.64367E+00   2.436  8.45120E+08  1.00879E+09  3.63354E+08  8.89255E+07  3.37907E+09  3.49498E+00  1.24970E+02   7.929   7.707
 0.150  1.29189E-01  5.83993E-01 -1.27769E-01  9.35546E+00  3.42910E+01 -1.11413E+00   3.114  1.16112E+09  1.50853E+09  9.87745E+08  2.54711E+08  7.77958E+09  4.91111E+00  1.61245E+02   8.119   7.878
 0.160 -3.06445E-01 -5.15547E-01  1.59088E-02 -1.00391E+01 -2.45959E+01 -1.47438E+01   2.688  1.46434E+09  1.85959E+09  1.51661E+09  4.22813E+08  7.63999E+09  5.18952E+00  1.89219E+02   8.085   8.043
 0.170 -4.36798E-02  2.10338E-01 -6.97242E-02 -2.51830E+01 -1.47167E+01  9.22590E+00   4.114  1.72705E+09  2.43644E+09  2.84482E+09  8.36619E+08  1.49799E+10  9.34574E+00  2.26725E+02   8.272   8.114
 0.180 -2.77383E-03 -8.91065E-02  8.80037E-02 -6.93706E+00  1.28750E+01 -1.39415E+01   3.242  1.19819E+09  1.84871E+09  3.38941E+09  7.54622E+08  1.03279E+10  8.87998E+00  2.64822E+02   8.417   8.268
 0.190  6.81392E-03 -1.17397E-01 -6.58532E-03  8.58121E+00 -8.12795E+00  3.12860E+00   3.485  1.82977E+09  2.89495E+09  4.84359E+09  9.66747E+08  1.24993E+10  1.53067E+01  2.96964E+02   8.411   8.354
 0.200 -1.18298E-01 -2.19123E-01 -1.21974E-01 -7.61632E+00  1.44448E+00  5.55495E+00   4.420  2.70083E+09  3.90035E+09  6.69988E+09  1.30265E+09  1.88102E+10  1.52130E+01  3.39428E+02   8.379   8.410
 0.210  1.04743E-01 -6.21406E-03  9.06965E-02 -5.56538E+00  2.49600E+01  2.37296E+01   4.605  3.62976E+09  5.37554E+09  9.17989E+09  1.63809E+09  2.28284E+10  2.28715E+01  3.63893E+02   8.408   8.421
 0.220 -5.85580E-02  1.57886E-01  1.23230E-01 -3.97515E+00  1.47639E+01  4.05673E+01   3.071  4.67387E+09  7.29452E+09  1.13247E+10  1.30898E+09  1.49305E+10  3.58620E+01  3.64653E+02   8.419   8.473
 0.230  8.36462E-02  1.97035E-02 -3.39108E-03 -5.96657E+00 -4.33548E-01 -9.77295E+00   3.103  3.18903E+09  6.06050E+09  1.51886E+10  1.53732E+09  1.62366E+10  2.97374E+01  3.82771E+02   8.606   8.521
 0.240  3.84548E-02 -3.68188E-01 -3.75404E-01  5.68998E+00 -1.61485E+01 -3.60123E+01   4.656  4.62897E+09  7.47813E+09  2.05692E+10  2.90156E+09  3.03204E+10  3.45621E+01  4.36564E+02   8.511   8.523
 0.250 -8.76250E-02 -7.46967E-01  2.72028E-01  4.43922E+00 -5.32338E+01 -1.58405E+01   6.125  5.55925E+09  8.79110E+09  2.62980E+10  4.42040E+09  4.80975E+10  3.64634E+01  4.87058E+02   8.515   8.515
 0.260  1.57896E-01 -1.67867E-01 -3.82762E-01 -1.24053E+01  6.30700E+01  1.13849E+01   6.276  6.61622E+09  8.84805E+09  2.95268E+10  4.94779E+09  4.92817E+10  3.23995E+01  5.55455E+02   8.501   8.519
 0.270  1.01753E-01  2.22107E-01 -3.12798E-01 -6.76221E+00 -1.06362E+01  3.89625E+01   4.458  6.61442E+09  9.78968E+09  3.06325E+10  3.77751E+09  3.31717E+10  4.42185E+01  6.11316E+02   8.544   8.547
 0.280 -5.08355E-02 -1.07486E-01  4.37986E-01  1.80731E+01 -5.13032E+01  1.02852E+01   4.843  5.76334E+09  8.72622E+09  3.57234E+10  4.49142E+09  3.75881E+10  3.64909E+01  6.60345E+02   8.593   8.554
 0.290 -9.38043E-03 -4.80407E-02 -1.01047E-01 -8.71407E+00  3.76084E+01  1.04288E+01   5.160  4.94264E+09  6.66604E+09  3.88297E+10  5.25403E+09  4.12693E+10  2.29075E+01  7.48848E+02   8.622   8.558
 0.300 -1.96849E-01  3.73069E-01  3.31099E-01 -3.57656E+00 -1.64609E+01 -4.98588E-01   4.642  3.77470E+09  6.23915E+09  3.99727E+10  4.74300E+09  3.68755E+10  3.17314E+01  8.26639E+02   8.681   8.575
 0.310  1.79513E-01  2.54471E-01 -7.62388E-02 -2.95141E+01  3.61326E+01  1.51501E+01   4.579  2.57547E+09  3.99107E+09  3.89164E+10  3.94621E+09  3.23520E+10  1.75079E+01  9.44663E+02   8.703   8.591
