  21
 0.110  3.61019E+07  4.61274E+07  5.42493E+07  3.32713E+07  1.49265E+07  7.74184E+08  1.48971E-01
 0.120  9.20316E+07  6.24843E+07  7.49129E+07  8.73294E+07  1.04352E+07  1.00373E+09  1.47669E-01
 0.130  7.51721E+07  9.04943E+07  1.08092E+08  7.00495E+07  3.10869E+07  1.02352E+09  3.63915E-01
 0.140  3.07361E+08  1.05852E+08  1.16621E+08  2.96390E+08  8.93034E+07  3.10688E+08  1.57312E+00
 0.150  3.69078E+08  3.38022E+08  3.94137E+08  3.58620E+08  1.69908E+08  1.16793E+09  2.10491E+00
 0.160  2.95397E+08  6.17663E+08  7.32656E+08  2.85796E+08  2.28855E+08  1.51736E+09  2.47653E+00
 0.170  4.48907E+08  1.17055E+09  1.38937E+09  4.39614E+08  4.83830E+08  1.66385E+09  5.38490E+00
 0.180  4.83261E+08  1.74602E+09  2.09512E+09  4.72512E+08  4.93924E+08  1.79703E+09  6.09452E+00
 0.190  7.87320E+08  2.81379E+09  3.37069E+09  7.77842E+08  9.70306E+08  2.10498E+09  1.28304E+01
 0.200  6.25747E+08  3.42173E+09  4.15282E+09  6.14238E+08  9.17580E+08  2.05884E+09  9.91872E+00
 0.210  7.98325E+08  4.02952E+09  4.94048E+09  7.84258E+08  8.66429E+08  2.22470E+09  8.78216E+00
 0.220  1.75139E+09  6.43690E+09  7.83615E+09  1.73220E+09  1.91748E+09  2.89487E+09  2.51321E+01
 0.230  1.31126E+09  7.84762E+09  9.62800E+09  1.29610E+09  1.74164E+09  2.88274E+09  1.68017E+01
 0.240  5.95171E+08  8.97239E+09  1.11587E+10  5.86736E+08  1.27607E+09  2.95781E+09  1.13976E+01
 0.250  3.01487E+08  8.34729E+09  1.05475E+10  2.94572E+08  5.66107E+08  2.75603E+09  5.62916E+00
 0.260  1.56019E+08  7.66947E+09  9.84269E+09  1.51662E+08  2.20400E+08  2.65336E+09  2.03896E+00
 0.270  3.18779E+08  7.81808E+09  1.01290E+10  3.11806E+08  2.23616E+08  2.64962E+09  3.07426E+00
 0.280  1.74942E+08  7.18021E+09  9.35704E+09  1.69724E+08  2.26378E+08  2.40885E+09  2.16206E+00
 0.290  1.63691E+08  5.89422E+09  7.74041E+09  1.59147E+08  1.07641E+08  2.17249E+09  1.14613E+00
 0.300  8.83647E+07  6.13416E+09  8.09349E+09  8.47265E+07  9.15891E+07  2.19834E+09  9.45619E-01
 0.310  4.76630E+08  5.98078E+09  7.87271E+09  4.68440E+08  2.28223E+08  1.95774E+09  3.58420E+00
