  21
 0.110   1.246  5.95772E+07  6.98537E+07  5.91534E+07  1.24651E+02  0.00000E+00  0.00000E+00  0.00000E+00  5.95772E+07  6.98537E+07  5.91534E+07
 0.120   1.484  9.78009E+07  1.16957E+08  9.67374E+07  1.90332E+02  3.07255E+07  3.74920E+07  3.02935E+07  6.70754E+07  7.94655E+07  6.64439E+07
 0.130   1.897  1.84203E+08  2.18523E+08  1.82338E+08  1.90962E+02  4.87667E+07  6.01071E+07  4.79586E+07  1.35436E+08  1.58416E+08  1.34379E+08
 0.140   2.436  3.63354E+08  4.16828E+08  3.61295E+08  1.24970E+02  8.89255E+07  1.08637E+08  8.77885E+07  2.74428E+08  3.08191E+08  2.73506E+08
 0.150   3.114  9.87745E+08  1.16219E+09  9.81232E+08  1.61245E+02  2.54711E+08  3.13230E+08  2.51430E+08  7.33035E+08  8.48965E+08  7.29802E+08
 0.160   2.688  1.51661E+09  1.80784E+09  1.50591E+09  1.89219E+02  4.22813E+08  5.23038E+08  4.17419E+08  1.09380E+09  1.28480E+09  1.08850E+09
 0.170   4.114  2.84482E+09  3.42437E+09  2.82212E+09  2.26725E+02  8.36619E+08  1.04702E+09  8.24536E+08  2.00820E+09  2.37735E+09  1.99759E+09
 0.180   3.242  3.38941E+09  4.11546E+09  3.35954E+09  2.64822E+02  7.54622E+08  9.54642E+08  7.41564E+08  2.63478E+09  3.16082E+09  2.61798E+09
 0.190   3.485  4.84359E+09  5.89815E+09  4.79803E+09  2.96964E+02  9.66747E+08  1.23090E+09  9.48401E+08  3.87684E+09  4.66725E+09  3.84963E+09
 0.200   4.420  6.69988E+09  8.23609E+09  6.63129E+09  3.39428E+02  1.30265E+09  1.66819E+09  1.27593E+09  5.39723E+09  6.56790E+09  5.35536E+09
 0.210   4.605  9.17989E+09  1.13036E+10  9.08419E+09  3.63893E+02  1.63809E+09  2.10861E+09  1.60207E+09  7.54180E+09  9.19496E+09  7.48212E+09
 0.220   3.071  1.13247E+10  1.38914E+10  1.12133E+10  3.64653E+02  1.30898E+09  1.69800E+09  1.27569E+09  1.00157E+10  1.21934E+10  9.93763E+09
 0.230   3.103  1.51886E+10  1.87481E+10  1.50392E+10  3.82771E+02  1.53732E+09  1.99556E+09  1.49651E+09  1.36513E+10  1.67525E+10  1.35427E+10
 0.240   4.656  2.05692E+10  2.56224E+10  2.03466E+10  4.36564E+02  2.90156E+09  3.74955E+09  2.83416E+09  1.76676E+10  2.18729E+10  1.75124E+10
 0.250   6.125  2.62980E+10  3.29973E+10  2.59887E+10  4.87058E+02  4.42040E+09  5.72607E+09  4.31991E+09  2.18776E+10  2.72712E+10  2.16688E+10
 0.260   6.276  2.95268E+10  3.74250E+10  2.91452E+10  5.55455E+02  4.94779E+09  6.43509E+09  4.83221E+09  2.45790E+10  3.09899E+10  2.43130E+10
 0.270   4.458  3.06325E+10  3.89629E+10  3.02099E+10  6.11316E+02  3.77751E+09  4.94765E+09  3.67336E+09  2.68550E+10  3.40152E+10  2.65366E+10
 0.280   4.843  3.57234E+10  4.56375E+10  3.52026E+10  6.60345E+02  4.49142E+09  5.89765E+09  4.36540E+09  3.12320E+10  3.97398E+10  3.08372E+10
 0.290   5.160  3.88297E+10  5.01153E+10  3.81949E+10  7.48848E+02  5.25403E+09  6.91909E+09  5.10514E+09  3.35757E+10  4.31962E+10  3.30897E+10
 0.300   4.642  3.99727E+10  5.17988E+10  3.92516E+10  8.26639E+02  4.74300E+09  6.28465E+09  4.59211E+09  3.52297E+10  4.55142E+10  3.46595E+10
 0.310   4.579  3.89164E+10  5.08792E+10  3.81040E+10  9.44663E+02  3.94621E+09  5.25729E+09  3.79870E+09  3.49701E+10  4.56219E+10  3.43053E+10
