  33
 0.120   0.675   0.500  2.99809E+05  3.46534E+05  2.97383E+05  1.43797E+02  0.00000E+00  0.00000E+00  0.00000E+00  2.99809E+05  3.46534E+05  2.97383E+05
 0.130   0.900   0.650  9.77929E+05  1.13011E+06  9.72285E+05  1.21172E+02  2.17315E+05  2.65630E+05  2.14984E+05  7.60614E+05  8.64480E+05  7.57301E+05
 0.140   1.000   0.729  1.76341E+06  2.10375E+06  1.74307E+06  2.24735E+02  6.76933E+05  8.44134E+05  6.62682E+05  1.08648E+06  1.25962E+06  1.08038E+06
 0.150   1.000   0.608  3.36537E+06  3.74345E+06  3.35550E+06  7.77786E+01  1.22808E+05  1.54748E+05  1.20137E+05  3.24256E+06  3.58870E+06  3.23536E+06
 0.160   1.468   0.680  1.06601E+07  1.22842E+07  1.06185E+07  1.11380E+02  7.59299E+05  9.61197E+05  7.39727E+05  9.90078E+06  1.13230E+07  9.87874E+06
 0.170   1.542   0.762  1.57728E+07  1.80560E+07  1.57115E+07  1.21747E+02  1.29351E+06  1.59784E+06  1.27616E+06  1.44793E+07  1.64582E+07  1.44353E+07
 0.180   1.565   0.833  3.11208E+07  3.66674E+07  3.09868E+07  1.53173E+02  2.78128E+06  3.43451E+06  2.75506E+06  2.83395E+07  3.32329E+07  2.82318E+07
 0.190   1.697   0.790  7.83911E+07  9.31844E+07  7.79617E+07  1.93474E+02  1.02164E+07  1.29718E+07  1.00500E+07  6.81747E+07  8.02125E+07  6.79117E+07
 0.200   2.062   0.500  3.64592E+07  4.31441E+07  3.61471E+07  2.78772E+02  9.76616E+06  1.23662E+07  9.61083E+06  2.66931E+07  3.07780E+07  2.65362E+07
 0.210   2.509   0.588  1.50789E+08  1.78344E+08  1.50101E+08  1.85029E+02  7.13366E+06  9.19659E+06  6.98896E+06  1.43656E+08  1.69148E+08  1.43112E+08
 0.220   2.940   0.840  2.19441E+08  2.62406E+08  2.18301E+08  2.19049E+02  1.03959E+07  1.33521E+07  1.01969E+07  2.09045E+08  2.49054E+08  2.08104E+08
 0.230   2.367   0.797  3.84253E+08  4.76603E+08  3.79418E+08  4.65239E+02  2.12508E+08  2.74271E+08  2.08506E+08  1.71746E+08  2.02332E+08  1.70913E+08
 0.240   2.184   0.537  2.99989E+08  3.63970E+08  2.97243E+08  3.72078E+02  9.90658E+07  1.28675E+08  9.71965E+07  2.00923E+08  2.35294E+08  2.00046E+08
 0.250   2.392   0.544  4.65316E+08  5.62026E+08  4.61695E+08  3.38339E+02  1.07887E+08  1.40307E+08  1.05685E+08  3.57429E+08  4.21718E+08  3.56010E+08
 0.260   1.348   0.500  7.67284E+08  9.39625E+08  7.61529E+08  3.55339E+02  1.11480E+08  1.47032E+08  1.08685E+08  6.55803E+08  7.92593E+08  6.52844E+08
 0.270   1.603   0.500  1.16880E+09  1.43008E+09  1.16029E+09  3.63535E+02  1.30963E+08  1.73362E+08  1.27421E+08  1.03783E+09  1.25671E+09  1.03287E+09
 0.280   1.303   0.500  1.41400E+09  1.75718E+09  1.40313E+09  4.09599E+02  1.31079E+08  1.74247E+08  1.27358E+08  1.28292E+09  1.58293E+09  1.27577E+09
 0.290   3.839   0.602  1.31105E+09  1.65023E+09  1.29858E+09  5.10932E+02  1.44241E+08  1.92679E+08  1.39854E+08  1.16681E+09  1.45755E+09  1.15872E+09
 0.300   3.348   1.066  1.54017E+09  1.96143E+09  1.52381E+09  5.87948E+02  1.64352E+08  2.20556E+08  1.59012E+08  1.37582E+09  1.74088E+09  1.36480E+09
 0.310   5.567   2.254  1.53611E+09  1.98419E+09  1.51633E+09  7.20244E+02  2.13038E+08  2.85610E+08  2.06253E+08  1.32307E+09  1.69858E+09  1.31008E+09
 0.320   4.569   1.148  1.45084E+09  1.88217E+09  1.43070E+09  7.98915E+02  1.83960E+08  2.47658E+08  1.77852E+08  1.26688E+09  1.63451E+09  1.25285E+09
 0.330   5.318   0.948  1.77501E+09  2.29618E+09  1.75060E+09  8.19161E+02  1.81918E+08  2.45991E+08  1.75176E+08  1.59309E+09  2.05019E+09  1.57542E+09
 0.340   5.365   0.998  1.96036E+09  2.54624E+09  1.93206E+09  8.82662E+02  2.12193E+08  2.85225E+08  2.04528E+08  1.74817E+09  2.26102E+09  1.72753E+09
 0.350   4.640   0.687  1.59903E+09  2.08230E+09  1.57425E+09  9.54461E+02  1.80486E+08  2.43044E+08  1.73673E+08  1.41855E+09  1.83926E+09  1.40058E+09
 0.360   5.349   0.909  1.82083E+09  2.37514E+09  1.79261E+09  9.68632E+02  2.39877E+08  3.20516E+08  2.31668E+08  1.58096E+09  2.05462E+09  1.56094E+09
 0.370   4.552   0.671  1.75949E+09  2.29986E+09  1.73027E+09  1.05587E+03  1.91196E+08  2.58458E+08  1.83420E+08  1.56829E+09  2.04141E+09  1.54685E+09
 0.380   5.417   0.937  2.20881E+09  2.91289E+09  2.17182E+09  1.10648E+03  2.80302E+08  3.76906E+08  2.70509E+08  1.92851E+09  2.53598E+09  1.90131E+09
 0.390   5.673   0.859  2.12114E+09  2.81563E+09  2.08290E+09  1.20883E+03  2.82100E+08  3.80638E+08  2.72056E+08  1.83904E+09  2.43499E+09  1.81084E+09
 0.400   5.822   0.696  2.08434E+09  2.78642E+09  2.04334E+09  1.32747E+03  2.71462E+08  3.67368E+08  2.61302E+08  1.81288E+09  2.41906E+09  1.78204E+09
 0.410   6.228   0.619  2.05156E+09  2.75830E+09  2.00783E+09  1.43890E+03  2.82818E+08  3.83691E+08  2.72436E+08  1.76874E+09  2.37461E+09  1.73540E+09
 0.420   6.525   0.945  2.15174E+09  2.90781E+09  2.10283E+09  1.54709E+03  3.17541E+08  4.32845E+08  3.05227E+08  1.83420E+09  2.47497E+09  1.79760E+09
 0.430   7.190   1.590  2.29181E+09  3.11369E+09  2.23709E+09  1.65604E+03  4.06466E+08  5.55766E+08  3.91328E+08  1.88534E+09  2.55792E+09  1.84576E+09
 0.440   6.343   1.134  1.94843E+09  2.66081E+09  1.89579E+09  1.84830E+03  3.25835E+08  4.48084E+08  3.11882E+08  1.62260E+09  2.21272E+09  1.58391E+09
