  33
 0.120   4.500   0.675  1.36292E+09  1.70402E+08  7.95909E+06  9.48730E+06  1.18455E+09  1.04158E+07  1.84145E+06  2.18272E+06  3.13431E+07  4.43036E+08  1.21501E+07  1.45776E+07  2.74090E+09  1.74307E+07  2.14595E+06  2.53735E+06  5.45387E+07
 0.130   6.000   0.900  2.53643E+09  3.29201E+08  1.87839E+07  2.23564E+07  2.18845E+09  1.04722E+07  7.27570E+06  8.45327E+06  9.71055E+07  6.01757E+08  2.00427E+07  2.38870E+07  3.62707E+09  1.88652E+07  9.58208E+06  1.11811E+07  1.99698E+08
 0.140   7.500   1.000  4.03322E+09  5.58933E+08  2.85331E+07  3.42696E+07  3.44575E+09  8.63171E+06  1.07453E+07  1.29272E+07  1.38508E+08  8.06099E+08  3.51310E+07  4.22862E+07  4.80240E+09  2.55721E+07  1.31656E+07  1.58206E+07  2.21065E+08
 0.150  10.000   1.000  7.80678E+09  1.12535E+09  7.46866E+07  8.84869E+07  6.60675E+09  1.29746E+08  3.02346E+07  3.48350E+07  2.73691E+08  1.12535E+09  7.46866E+07  8.84869E+07  6.60675E+09  1.29746E+08  3.02346E+07  3.48350E+07  2.73691E+08
 0.160  11.500   1.468  9.86868E+09  1.31985E+09  2.21122E+08  2.58630E+08  8.32771E+09  6.73807E+07  1.24281E+08  1.44114E+08  3.64644E+08  1.17114E+09  2.20343E+08  2.57643E+08  7.56883E+09  1.04673E+08  1.31523E+08  1.52649E+08  5.20944E+08
 0.170  12.750   1.542  1.11787E+10  1.37683E+09  2.93665E+08  3.53588E+08  9.50819E+09  1.34674E+08  1.87947E+08  2.26028E+08  5.12880E+08  1.14927E+09  2.89974E+08  3.48912E+08  7.42125E+09  1.70551E+08  2.01087E+08  2.41883E+08  6.71425E+08
 0.180  13.750   1.565  1.20338E+10  1.44412E+09  3.70377E+08  4.52014E+08  1.02194E+10  1.49352E+08  2.52567E+08  3.06987E+08  6.14974E+08  1.05436E+09  3.46102E+08  4.21532E+08  6.70460E+09  1.74501E+08  2.62992E+08  3.19547E+08  7.41760E+08
 0.190  16.250   1.697  1.69097E+10  1.90170E+09  4.89357E+08  6.01556E+08  1.45186E+10  1.57094E+08  3.26722E+08  4.00180E+08  7.42259E+08  1.04052E+09  4.31484E+08  5.30383E+08  7.56217E+09  1.64712E+08  3.30257E+08  4.04489E+08  7.84077E+08
 0.200  19.000   2.062  2.37383E+10  2.49272E+09  7.56023E+08  9.24300E+08  2.04895E+10  4.23722E+08  4.96231E+08  6.05539E+08  1.82755E+09  1.59212E+09  7.50299E+08  9.16927E+08  1.27187E+10  4.65314E+08  5.19683E+08  6.33533E+08  2.09267E+09
 0.210  22.750   2.509  3.38608E+10  2.67237E+09  1.04835E+09  1.29034E+09  3.01401E+10  1.74007E+08  7.44964E+08  9.09710E+08  1.75089E+09  1.04243E+09  9.16287E+08  1.12575E+09  1.19106E+10  1.90254E+08  7.57275E+08  9.25202E+08  2.00363E+09
 0.220  30.500   2.940  7.19244E+10  5.08887E+09  3.16196E+09  3.97566E+09  6.36735E+10  2.97313E+08  8.96247E+08  1.11436E+09  2.80459E+09  1.14814E+09  1.03107E+09  1.28497E+09  1.26884E+10  2.84583E+08  8.91473E+08  1.10824E+09  2.66367E+09
 0.230  34.000   2.367  8.51666E+10  5.48444E+09  3.81413E+09  4.78464E+09  7.58680E+10  1.26044E+09  2.64627E+09  3.30244E+09  9.35804E+09  2.65041E+09  2.89732E+09  3.61954E+09  2.79324E+10  1.02137E+09  2.46681E+09  3.07573E+09  5.95727E+09
 0.240  37.250   2.184  1.02124E+11  5.70159E+09  4.91378E+09  6.16157E+09  9.15087E+10  8.10706E+08  3.14785E+09  3.92225E+09  7.68630E+09  2.07727E+09  3.72019E+09  4.64804E+09  2.65649E+10  6.14095E+08  2.82215E+09  3.51141E+09  3.80715E+09
 0.250  40.000   2.392  1.09172E+11  5.48227E+09  5.50518E+09  6.96993E+09  9.81842E+10  8.87681E+08  3.74388E+09  4.71288E+09  8.47586E+09  1.97017E+09  4.27253E+09  5.39390E+09  2.47480E+10  6.80568E+08  3.41043E+09  4.28865E+09  4.41996E+09
 0.260  41.750   1.348  1.11570E+11  5.39730E+09  5.95582E+09  7.62480E+09  1.00217E+11  5.80613E+08  4.16788E+09  5.30490E+09  8.56590E+09  1.40629E+09  4.54477E+09  5.79207E+09  2.35259E+10  3.13175E+08  3.33532E+09  4.23438E+09  2.17739E+09
 0.270  43.000   1.603  1.07322E+11  5.05110E+09  6.37453E+09  8.20595E+09  9.58967E+10  5.91634E+08  4.68616E+09  5.99495E+09  9.47568E+09  1.09240E+09  5.11699E+09  6.56112E+09  2.43791E+10  4.21006E+08  3.95260E+09  5.03993E+09  2.84374E+09
 0.280  44.500   1.303  1.08856E+11  4.99565E+09  6.78544E+09  8.79611E+09  9.70747E+10  4.26027E+08  5.00208E+09  6.45950E+09  9.96204E+09  8.66569E+08  5.43267E+09  7.02990E+09  2.50229E+10  2.87713E+08  4.05479E+09  5.21934E+09  2.26261E+09
 0.290  46.500   3.839  1.14182E+11  5.25458E+09  7.26970E+09  9.48514E+09  1.01658E+11  7.03554E+08  6.08465E+09  7.92264E+09  1.33871E+10  1.33175E+09  6.87458E+09  8.96022E+09  3.05743E+10  6.07999E+08  5.87629E+09  7.64649E+09  1.03582E+10
 0.300  48.500   3.348  1.17069E+11  5.73019E+09  7.58514E+09  9.96657E+09  1.03753E+11  5.24067E+08  6.46123E+09  8.48438E+09  1.37896E+10  1.16071E+09  6.96976E+09  9.15920E+09  2.97138E+10  3.46446E+08  6.03366E+09  7.91366E+09  8.70375E+09
 0.310  50.500   5.567  1.19917E+11  6.25122E+09  7.70965E+09  1.02100E+10  1.05956E+11  8.04247E+08  6.52835E+09  8.63938E+09  1.40081E+10  1.83489E+09  7.17863E+09  9.50126E+09  3.09803E+10  9.46747E+08  6.62407E+09  8.76681E+09  1.58266E+10
 0.320  52.750   4.569  1.22859E+11  6.79932E+09  7.84648E+09  1.04534E+10  1.08213E+11  1.28027E+09  6.75221E+09  8.98753E+09  1.48749E+10  1.95646E+09  7.28724E+09  9.70655E+09  2.99641E+10  1.09677E+09  6.58111E+09  8.75924E+09  1.24638E+10
 0.330  53.750   5.318  1.21424E+11  6.94505E+09  8.14992E+09  1.08715E+10  1.06329E+11  1.24037E+09  6.97006E+09  9.29987E+09  1.50525E+10  1.95580E+09  7.55446E+09  1.00791E+10  2.99791E+10  1.22824E+09  6.95659E+09  9.28205E+09  1.48584E+10
 0.340  55.750   5.365  1.21102E+11  6.86144E+09  8.37699E+09  1.12205E+10  1.05863E+11  1.17330E+09  7.27802E+09  9.74166E+09  1.57022E+10  1.73114E+09  7.93522E+09  1.06235E+10  2.99344E+10  1.10410E+09  7.23053E+09  9.67895E+09  1.49833E+10
 0.350  57.000   4.640  1.19419E+11  6.67585E+09  8.56297E+09  1.15089E+10  1.04180E+11  1.45150E+09  7.48493E+09  1.00518E+10  1.57042E+10  1.87445E+09  8.00556E+09  1.07505E+10  2.82104E+10  1.20985E+09  7.17890E+09  9.64502E+09  1.22410E+10
 0.360  58.000   5.349  1.16954E+11  6.34649E+09  8.79296E+09  1.18576E+10  1.01815E+11  1.07811E+09  7.68803E+09  1.03587E+10  1.59367E+10  1.53400E+09  8.31616E+09  1.12051E+10  2.87219E+10  9.97909E+08  7.56021E+09  1.01898E+10  1.44741E+10
 0.370  59.750   4.552  1.17887E+11  6.04027E+09  9.06007E+09  1.22435E+10  1.02786E+11  1.22870E+09  7.96509E+09  1.07538E+10  1.66492E+10  1.53508E+09  8.51793E+09  1.14994E+10  2.86104E+10  9.86326E+08  7.44762E+09  1.00694E+10  1.20496E+10
 0.380  61.000   5.417  1.17007E+11  5.83174E+09  9.21641E+09  1.25051E+10  1.01959E+11  8.33243E+08  8.16598E+09  1.10714E+10  1.70110E+10  1.23953E+09  8.70309E+09  1.17993E+10  2.86108E+10  7.13907E+08  7.92653E+09  1.07532E+10  1.47984E+10
 0.390  62.250   5.673  1.16605E+11  5.59438E+09  9.29411E+09  1.26620E+10  1.01716E+11  9.25742E+08  8.20183E+09  1.11672E+10  1.70955E+10  1.25234E+09  8.72950E+09  1.18843E+10  2.79014E+10  8.38819E+08  8.01920E+09  1.09222E+10  1.53756E+10
 0.400  64.000   5.822  1.19625E+11  5.28483E+09  9.35422E+09  1.27902E+10  1.04986E+11  8.70040E+08  8.36889E+09  1.14342E+10  1.74940E+10  1.27163E+09  8.81924E+09  1.20506E+10  2.75399E+10  7.27871E+08  8.18039E+09  1.11787E+10  1.56838E+10
 0.410  71.000   6.228  1.53805E+11  6.83994E+09  1.29989E+10  1.77695E+10  1.33967E+11  9.16332E+08  8.57879E+09  1.17585E+10  1.98538E+10  1.22515E+09  8.87390E+09  1.21653E+10  2.78478E+10  7.74851E+08  8.39424E+09  1.15056E+10  1.72097E+10
 0.420  76.500   6.525  1.78058E+11  9.79159E+09  1.33144E+10  1.82537E+10  1.54952E+11  8.69290E+08  8.65049E+09  1.18924E+10  2.13417E+10  1.13912E+09  8.90265E+09  1.22395E+10  2.77822E+10  7.11979E+08  8.42605E+09  1.15852E+10  1.79801E+10
 0.430  82.000   7.190  2.05422E+11  1.24229E+10  1.33593E+10  1.83846E+10  1.79640E+11  1.05838E+09  8.73878E+09  1.20464E+10  2.25966E+10  1.25532E+09  8.90054E+09  1.22707E+10  2.74393E+10  9.19240E+08  8.57028E+09  1.18137E+10  1.97094E+10
 0.440  91.250   6.343  2.66543E+11  1.71720E+10  1.35266E+10  1.86700E+10  2.35844E+11  1.13580E+09  8.83895E+09  1.22151E+10  2.55935E+10  1.20166E+09  8.91161E+09  1.23161E+10  2.79550E+10  7.73863E+08  8.36151E+09  1.15572E+10  1.73201E+10
