  33
 0.120  1.09196E-01 -4.94699E-03 -2.89456E-02 -6.24531E+00  1.10123E+01  7.44652E+00  5.00578E-01 -6.18562E-01  6.05642E-01  4.78797E+00   0.675   0.500  1.80152E+07  1.80733E+07  2.99809E+05  0.00000E+00  4.40633E+06  1.80617E-03  1.43797E+02   7.303   7.392
 0.130 -1.65338E-01 -1.16486E-01  2.59162E-01  1.22851E+01  6.20127E+00 -2.78721E+01  6.56734E-01 -6.63370E-01 -3.58664E-01  5.04879E+00   0.900   0.650  1.95991E+07  1.93380E+07  9.77929E+05  2.17315E+05  1.87892E+07  9.36079E-03  1.21172E+02   7.524   7.472
 0.140  3.08073E-02  1.88186E-01 -5.63490E-02  1.43939E+01  3.97610E-01  5.68598E+00  9.28304E-01 -1.55312E-01 -3.37831E-01  1.80900E+01   1.000   0.729  2.84333E+07  2.79766E+07  1.76341E+06  6.76933E+05  3.09274E+07  8.51205E-03  2.24735E+02   7.600   7.499
 0.150  4.75390E-03  1.57051E-03  1.15247E-01 -1.38398E+01 -1.96378E+00 -1.61021E+01  4.97766E-01 -6.88214E-01 -5.27817E-01  1.01522E+01   1.000   0.608  1.21369E+08  1.20889E+08  3.36537E+06  1.22808E+05  2.08677E+07  4.75140E-02  7.77786E+01   7.744   7.650
 0.160 -2.04429E-02 -2.01084E-01 -3.70474E-02  1.06454E+00  1.24052E+00 -1.85022E+01  9.77660E-01 -5.61229E-02  2.02561E-01  1.37702E+01   1.468   0.680  9.08995E+07  9.54035E+07  1.06601E+07  7.59299E+05  3.96570E+07  8.42494E-02  1.11380E+02   8.332   8.135
 0.170 -3.61663E-02  1.34503E-01  9.26483E-03  1.01741E+01 -4.09095E+00 -1.57253E+00 -8.13064E-01  5.78178E-01 -6.80985E-02  1.97561E+01   1.542   0.762  1.55769E+08  1.58253E+08  1.57728E+07  1.29351E+06  4.82202E+07  1.50202E-01  1.21747E+02   7.916   7.980
 0.180 -5.39684E-02  1.10023E-01 -3.20870E-01 -1.63028E+01 -1.92189E+01 -2.35426E+01 -8.86343E-01  3.27061E-01  3.27762E-01  3.44382E+01   1.565   0.833  1.56898E+08  1.65964E+08  3.11208E+07  2.78128E+06  4.44790E+07  1.54549E-01  1.53173E+02   8.146   8.131
 0.190 -1.11597E-01 -1.07568E-01 -3.69454E-01  1.35880E+00 -1.26504E+00  1.84065E+01 -4.53638E-01  8.67608E-01 -2.03637E-01  2.07067E+01   1.697   0.790  1.54051E+08  1.78086E+08  7.83911E+07  1.02164E+07  8.23900E+07  4.27087E-01  1.93474E+02   8.273   8.266
 0.200 -4.27953E-02 -1.62043E-01 -5.40988E-01  4.90012E+01  1.57465E+00  1.14258E+01 -8.97503E-02 -9.39407E-01  3.30845E-01  3.96180E+01   2.062   0.500  4.13735E+08  4.17171E+08  3.64592E+07  9.76616E+06  2.27549E+08  2.65321E-01  2.78772E+02   8.151   8.016
 0.210 -5.19679E-02  9.86601E-05 -1.34096E-01  1.89108E+00 -1.24564E+00 -3.27596E+00  1.67620E-01 -9.79760E-01 -1.09425E-01  1.92144E+01   2.509   0.588  1.50111E+08  1.98146E+08  1.50789E+08  7.13366E+06  1.35266E+08  6.36737E-01  1.85029E+02   8.548   8.424
 0.220 -2.87556E-02  4.95808E-02 -2.73043E-01  1.14762E+01  8.06010E+00 -1.37803E+01  2.44530E-01 -8.88762E-01 -3.87695E-01  5.77622E+01   2.940   0.840  2.36425E+08  2.92657E+08  2.19441E+08  1.03959E+07  1.84068E+08  9.58604E-01  2.19049E+02   8.410   8.599
 0.230 -8.33053E-02 -3.81166E-02  3.95320E-02 -1.30790E+02  6.49156E+01  1.61299E+01 -4.71687E-01 -5.12195E-01 -7.17752E-01  8.59058E+01   2.367   0.797  9.17805E+08  9.78510E+08  3.84253E+08  2.12508E+08  7.38102E+08  1.35211E+00  4.65239E+02   8.374   8.430
 0.240 -1.91300E-03 -3.23745E-02 -7.66759E-02  1.00026E+00 -3.12134E+00 -1.23952E+01 -9.11518E-01  3.78457E-01 -1.60948E-01  3.26460E+01   2.184   0.537  4.96884E+08  5.98004E+08  2.99989E+08  9.90658E+07  1.96289E+08  1.59862E+00  3.72078E+02   8.686   8.623
 0.250  7.35628E-02 -5.14913E-02 -3.27897E-01  8.04999E+00 -2.63294E+01  7.43718E+00 -9.96074E-01  3.03413E-02 -8.31671E-02  1.06046E+02   2.392   0.544  5.68641E+08  7.26606E+08  4.65316E+08  1.07887E+08  2.34782E+08  2.29877E+00  3.38339E+02   8.597   8.544
 0.260  1.66965E-02  5.61738E-03 -1.96599E-02  6.95749E-01 -1.85554E-01  5.26104E+00 -8.41500E-01  2.79276E-01 -4.62475E-01  3.35120E+01   1.348   0.500  2.91616E+08  4.80713E+08  7.67284E+08  1.11480E+08  1.77168E+08  2.38730E+00  3.55339E+02   8.745   8.754
 0.270  3.45098E-02  5.18018E-02  3.23654E-02 -1.21371E+00 -2.34769E+00  9.12302E+00 -9.58416E-01  2.84933E-01  1.58407E-02  8.53111E+01   1.603   0.500  4.07522E+08  7.34122E+08  1.16880E+09  1.30963E+08  2.43429E+08  4.32989E+00  3.63535E+02   8.649   8.722
 0.280  1.37641E-03 -5.08851E-02 -1.19080E-02  3.77781E+00 -1.02024E+01 -2.14575E+00 -9.21371E-01  3.84993E-01  5.34406E-02  7.18503E+01   1.303   0.500  2.72471E+08  4.91938E+08  1.41400E+09  1.31079E+08  2.12335E+08  2.62937E+00  4.09599E+02   8.724   8.730
 0.290 -9.03887E-02 -1.57298E-01  4.28926E-01  5.84815E+01  3.35668E+00  2.88833E+01 -3.84492E-01  8.83765E-01  2.66693E-01  1.62780E+02   3.839   0.602  4.90311E+08  6.57834E+08  1.31105E+09  1.44241E+08  4.86775E+08  2.11387E+00  5.10932E+02   8.528   8.735
 0.300  1.83117E-01  1.89236E-02  8.84107E-02 -7.04784E+00 -3.25022E+00  2.07043E+01 -5.12917E-01  7.83345E-01  3.51121E-01  1.15874E+02   3.348   1.066  3.02312E+08  4.04446E+08  1.54017E+09  1.64352E+08  5.99510E+08  1.28996E+00  5.87948E+02   8.623   8.751
 0.310 -8.44108E-02 -3.67162E-01  6.85913E-02  6.88245E+00 -1.11207E+01  7.40717E+00 -3.61907E-01  9.22323E-01  1.35437E-01  3.80533E+02   5.567   2.254  8.34031E+08  8.45209E+08  1.53611E+09  2.13038E+08  1.38184E+09  1.00476E+00  7.20244E+02   8.293   8.738
 0.320  4.35061E-01  2.19637E-01 -2.44241E-01 -2.80804E+00 -2.00090E+00 -4.35338E+00 -3.88405E-01  8.75921E-01  2.86188E-01  3.54317E+02   4.569   1.148  9.34053E+08  9.88055E+08  1.45084E+09  1.83960E+08  7.41593E+08  1.42706E+00  7.98915E+02   8.270   8.722
 0.330  2.27571E-01 -2.94139E-02 -1.97192E-01  1.45006E+01 -3.94784E-01  1.58527E+01 -5.19973E-01  8.19995E-01  2.39242E-01  3.87050E+02   5.318   0.948  1.01982E+09  1.16267E+09  1.77501E+09  1.81918E+08  7.46249E+08  2.59933E+00  8.19161E+02   8.314   8.700
 0.340  2.27141E-01  2.21757E-01 -6.29670E-01  1.26914E+01  1.37209E+01  7.32893E+00 -7.65086E-01  6.00232E-01  2.33163E-01  4.12388E+02   5.365   0.998  9.26836E+08  1.06731E+09  1.96036E+09  2.12193E+08  7.72271E+08  2.33470E+00  8.82662E+02   8.389   8.679
 0.350  3.99981E-01 -9.05928E-02  7.11644E-01  2.42759E+01  4.36608E+01  2.57224E+01 -8.82084E-01  3.78575E-01  2.80372E-01  4.67232E+02   4.640   0.687  1.02404E+09  1.12876E+09  1.59903E+09  1.80486E+08  5.57026E+08  2.06075E+00  9.54461E+02   8.382   8.668
 0.360  6.48971E-03 -2.83658E-01 -3.60355E-01  1.40588E+00  1.93150E+00  2.00059E+01 -9.64802E-01  2.21884E-01  1.41157E-01  4.38717E+02   5.349   0.909  8.23866E+08  9.15413E+08  1.82083E+09  2.39877E+08  7.09502E+08  1.31007E+00  9.68632E+02   8.440   8.623
 0.370  8.40671E-02 -2.53360E-01 -1.03856E-01 -7.79818E+00 -1.06738E+01  1.46539E+01 -9.90858E-01  1.27731E-01  4.34216E-02  4.41729E+02   4.552   0.671  8.19886E+08  9.81076E+08  1.75949E+09  1.91196E+08  5.47466E+08  2.13274E+00  1.05587E+03   8.474   8.636
 0.380 -1.71932E-02 -4.86665E-01 -4.94090E-01 -4.06878E+00 -4.51242E+00 -2.02619E+01 -9.90860E-01  2.23705E-02  1.33025E-01  3.70672E+02   5.417   0.937  6.12188E+08  6.69880E+08  2.20881E+09  2.80302E+08  7.54646E+08  8.11566E-01  1.10648E+03   8.540   8.616
 0.390  1.32944E-01 -3.76309E-01 -8.74447E-01  3.74738E+00  8.95619E+00 -1.76215E+01 -9.53188E-01 -2.04305E-01  2.22919E-01  4.31778E+02   5.673   0.859  7.10955E+08  7.63972E+08  2.12114E+09  2.82100E+08  7.17068E+08  9.23414E-01  1.20883E+03   8.538   8.611
 0.400  6.90711E-02 -3.15265E-01 -4.77267E-01 -1.10247E+01  2.30679E+01 -1.81747E+01 -9.06544E-01 -3.17693E-01  2.77939E-01  4.40276E+02   5.822   0.696  6.22090E+08  6.57499E+08  2.08434E+09  2.71462E+08  6.32100E+08  6.87599E-01  1.32747E+03   8.566   8.620
 0.410  5.98738E-02 -1.07033E-01 -3.15439E-01 -1.05604E+01  1.83254E+01 -2.16329E+01 -8.46294E-01 -4.20048E-01  3.27637E-01  4.76345E+02   6.228   0.619  6.63750E+08  6.87217E+08  2.05156E+09  2.82818E+08  6.15722E+08  4.72111E-01  1.43890E+03   8.571   8.619
 0.420  3.54001E-01 -5.27542E-01 -5.26512E-01 -9.17659E+00  1.76529E+01 -1.78115E+01 -7.86131E-01 -4.96070E-01  3.68664E-01  4.87310E+02   6.525   0.945  6.20578E+08  6.33457E+08  2.15174E+09  3.17541E+08  8.25147E+08  3.43073E-01  1.54709E+03   8.569   8.597
 0.430  1.01901E-01 -6.48128E-01 -8.84551E-01 -1.30870E+01  1.76163E+01 -1.37455E+01 -7.26039E-01 -5.63336E-01  3.94359E-01  5.33771E+02   7.190   1.590  8.13968E+08  8.09030E+08  2.29181E+09  4.06466E+08  1.16419E+09  2.94577E-01  1.65604E+03   8.546   8.565
 0.440  3.82814E-01 -4.38547E-01 -3.75342E-01 -1.62573E+01  1.31359E+01 -1.15262E+01 -6.61098E-01 -6.03843E-01  4.45335E-01  5.29541E+02   6.343   1.134  6.78950E+08  6.77505E+08  1.94843E+09  3.25835E+08  9.01219E+08  2.48248E-01  1.84830E+03   8.551   8.583
