  33
 0.120  4.50000E+00  1.36292E+09  3.60880E+01
 0.130  6.00000E+00  2.53643E+09  4.26354E+01
 0.140  7.50000E+00  4.03322E+09  4.80872E+01
 0.150  1.00000E+01  7.80678E+09  5.79389E+01
 0.160  1.15000E+01  9.86868E+09  6.07456E+01
 0.170  1.27500E+01  1.11787E+10  6.14009E+01
 0.180  1.37500E+01  1.20338E+10  6.13458E+01
 0.190  1.62500E+01  1.69097E+10  6.68921E+01
 0.200  1.90000E+01  2.37383E+10  7.32963E+01
 0.210  2.27500E+01  3.38608E+10  8.00004E+01
 0.220  3.05000E+01  7.19244E+10  1.00698E+02
 0.230  3.40000E+01  8.51666E+10  1.03784E+02
 0.240  3.72500E+01  1.02124E+11  1.08576E+02
 0.250  4.00000E+01  1.09172E+11  1.08333E+02
 0.260  4.17500E+01  1.11570E+11  1.07196E+02
 0.270  4.30000E+01  1.07322E+11  1.03596E+02
 0.280  4.45000E+01  1.08856E+11  1.02560E+02
 0.290  4.65000E+01  1.14182E+11  1.02756E+02
 0.300  4.85000E+01  1.17069E+11  1.01879E+02
 0.310  5.05000E+01  1.19917E+11  1.01048E+02
 0.320  5.27500E+01  1.22859E+11  1.00075E+02
 0.330  5.37500E+01  1.21424E+11  9.85594E+01
 0.340  5.57500E+01  1.21102E+11  9.66467E+01
 0.350  5.70000E+01  1.19419E+11  9.49146E+01
 0.360  5.80000E+01  1.16954E+11  9.31168E+01
 0.370  5.97500E+01  1.17887E+11  9.21081E+01
 0.380  6.10000E+01  1.17007E+11  9.08186E+01
 0.390  6.22500E+01  1.16605E+11  8.97475E+01
 0.400  6.40000E+01  1.19625E+11  8.96512E+01
 0.410  7.10000E+01  1.53805E+11  9.65141E+01
 0.420  7.65000E+01  1.78058E+11  1.00042E+02
 0.430  8.20000E+01  2.05422E+11  1.03789E+02
 0.440  9.12500E+01  2.66543E+11  1.12073E+02
