  25
 0.100        53738 -0.24711E-02  0.57943E-02  0.93731E-02 -0.14821E+02 -0.20253E+02  0.20738E+02  0.76795E+00 -0.59479E+00  0.23765E+00   0.900   0.500
 0.110        40296 -0.74968E-03 -0.56226E-02 -0.10308E-01 -0.21371E+01  0.81982E+01  0.33266E+02 -0.38837E+00  0.62475E+00  0.67739E+00   1.000   0.521
 0.120         3873 -0.25553E-02  0.15740E-01 -0.59282E-02 -0.16833E+02  0.22788E+02 -0.29524E+02 -0.53321E+00  0.20850E+00  0.81989E+00   1.102   0.746
 0.130       119646  0.91944E-02  0.22155E-03  0.11742E-01  0.29820E+02  0.11196E+02 -0.48653E+01 -0.90777E+00  0.11702E+00 -0.40281E+00   1.668   1.018
 0.140       113260  0.20267E-02  0.34573E-02 -0.71531E-03  0.41850E+02  0.82936E+02 -0.35545E+01 -0.53803E+00  0.65313E+00  0.53287E+00   2.176   1.299
 0.150       212274 -0.28142E-02  0.16630E-02  0.76752E-03 -0.31333E+02 -0.15234E+02  0.25608E+01 -0.65126E+00  0.67915E+00  0.33855E+00   2.634   1.650
 0.160       217284 -0.29993E-02  0.19086E-02 -0.57258E-02  0.12775E+02 -0.35402E+01 -0.40167E+01 -0.78665E+00 -0.36149E+00 -0.50050E+00   2.546   0.953
 0.170       271814 -0.18821E-02 -0.86865E-03  0.00000E+00  0.13216E+03 -0.17685E+03 -0.18597E+03 -0.90193E+00 -0.36729E+00 -0.22721E+00   3.294   1.798
 0.180       103833 -0.32199E-02  0.00000E+00  0.12266E-02  0.48745E+02 -0.12501E+03  0.15298E+03 -0.91370E+00 -0.25513E+00 -0.31632E+00   2.506   0.684
 0.190        40250  0.32361E-03 -0.17799E-02  0.22653E-02 -0.31521E+03 -0.25557E+03  0.28675E+02 -0.69417E+00 -0.50820E+00 -0.50976E+00   1.958   0.500
 0.200       932337 -0.85222E-03  0.11931E-02  0.68177E-03 -0.13233E+03  0.16162E+03 -0.22725E+02 -0.96658E+00  0.15178E-01  0.25593E+00   2.513   0.805
 0.210      1117499 -0.53708E-03  0.00000E+00  0.71610E-03 -0.87219E+02 -0.14905E+03  0.16512E+03 -0.92284E+00 -0.27022E+00  0.27450E+00   1.730   0.500
 0.220       768608 -0.93699E-03 -0.56219E-03 -0.74959E-03  0.10176E+03 -0.20654E+02  0.17634E+03 -0.90332E+00 -0.39257E+00  0.17293E+00   3.513   0.689
 0.230       425770 -0.23508E-02 -0.11754E-02  0.15672E-02  0.82363E+02  0.20343E+03  0.28361E+03 -0.93758E+00 -0.34714E+00  0.21059E-01   4.000   1.237
 0.240      1942660  0.22496E-02  0.00000E+00  0.12271E-02 -0.64375E+02  0.77793E+02 -0.10927E+03 -0.96481E+00 -0.26245E+00  0.16292E-01   4.714   1.074
 0.250       380120  0.85206E-03  0.19171E-02 -0.21301E-02  0.29678E+03  0.11460E+03 -0.31289E+03 -0.95643E+00 -0.21645E+00 -0.19593E+00   5.040   0.920
 0.260       359468 -0.88589E-03  0.11074E-02  0.22147E-02 -0.28887E+01 -0.15378E+03 -0.14900E+03 -0.88537E+00 -0.24465E+00 -0.39530E+00   5.175   1.238
 0.270       788925 -0.92007E-03  0.46003E-03  0.18401E-02  0.29240E+03  0.13222E+03  0.80445E+02 -0.90816E+00 -0.19478E+00 -0.37055E+00   6.498   1.355
 0.280       753864 -0.95405E-03  0.95405E-03  0.00000E+00 -0.12667E+02 -0.11373E+03  0.26183E+03 -0.95211E+00 -0.10664E+00 -0.28655E+00   6.608   1.093
 0.290      1238605 -0.98789E-03  0.74092E-03  0.49395E-03 -0.28499E+02  0.39523E+02  0.12045E+03 -0.96656E+00 -0.74089E-01 -0.24552E+00   7.754   1.389
 0.300       169831  0.15342E-02  0.20457E-02 -0.10228E-02  0.29592E+03  0.25654E+03 -0.14130E+03 -0.97875E+00  0.20055E-01 -0.20406E+00   8.056   1.507
 0.310       503066  0.21128E-02  0.29052E-02  0.00000E+00  0.34533E+03 -0.62881E+02 -0.39012E+03 -0.98788E+00  0.11254E+00 -0.10691E+00   8.550   2.080
 0.320      3801567  0.00000E+00 -0.19082E-02 -0.38165E-02  0.36018E+02 -0.22909E+03 -0.40654E+02 -0.99603E+00  0.80735E-01 -0.37624E-01   8.816   2.109
 0.330       972697  0.56217E-03  0.28108E-03  0.56217E-03 -0.63640E+02 -0.53158E+02  0.32634E+03 -0.97707E+00  0.21015E+00  0.34366E-01   9.316   1.674
 0.340      7530065 -0.57916E-03 -0.26062E-02  0.11583E-02  0.12379E+03 -0.14936E+03 -0.59621E+02 -0.98303E+00  0.17913E+00  0.39675E-01  10.055   2.815
