  25
 0.100  6.00000E+00  5.88947E+09  6.49676E+01
 0.110  7.50000E+00  8.51918E+09  6.98880E+01
 0.120  9.00000E+00  1.16996E+10  7.47651E+01
 0.130  1.30000E+01  2.86998E+10  9.74320E+01
 0.140  1.77500E+01  5.72516E+10  1.17768E+02
 0.150  2.10000E+01  7.58056E+10  1.24588E+02
 0.160  2.50000E+01  1.05144E+11  1.34480E+02
 0.170  2.82500E+01  1.28296E+11  1.39744E+02
 0.180  3.17500E+01  1.51639E+11  1.43307E+02
 0.190  3.52500E+01  1.76847E+11  1.46877E+02
 0.200  3.77500E+01  1.85997E+11  1.45555E+02
 0.210  4.02500E+01  1.94745E+11  1.44240E+02
 0.220  4.30000E+01  2.05797E+11  1.43456E+02
 0.230  4.57500E+01  2.15306E+11  1.42255E+02
 0.240  4.90000E+01  2.33048E+11  1.43007E+02
 0.250  5.25000E+01  2.54965E+11  1.44509E+02
 0.260  5.52500E+01  2.65270E+11  1.43685E+02
 0.270  5.72500E+01  2.64276E+11  1.40889E+02
 0.280  5.97500E+01  2.70347E+11  1.39485E+02
 0.290  6.25000E+01  2.78756E+11  1.38486E+02
 0.300  6.50000E+01  2.82753E+11  1.36767E+02
 0.310  6.75000E+01  2.89109E+11  1.35710E+02
 0.320  7.02500E+01  2.98067E+11  1.35073E+02
 0.330  7.32500E+01  3.09661E+11  1.34826E+02
 0.340  7.62500E+01  3.20098E+11  1.34356E+02
