  36
 0.150   1.002   0.525  1.16542E+06  1.37975E+06  1.15768E+06  1.69090E+02  0.00000E+00  0.00000E+00  0.00000E+00  1.16542E+06  1.37975E+06  1.15768E+06
 0.160   1.459   0.982  1.79993E+06  2.18836E+06  1.78161E+06  2.58825E+02  1.36271E+06  1.67646E+06  1.34708E+06  4.37225E+05  5.11894E+05  4.34529E+05
 0.170   2.003   1.408  7.09663E+06  8.22651E+06  7.06131E+06  1.47046E+02  2.26475E+06  2.80086E+06  2.23630E+06  4.83189E+06  5.42565E+06  4.82501E+06
 0.180   1.998   0.743  2.64135E+07  3.02135E+07  2.63468E+07  9.30649E+01  2.76572E+06  3.43849E+06  2.72458E+06  2.36478E+07  2.67750E+07  2.36222E+07
 0.190   2.422   1.584  1.70364E+07  2.05512E+07  1.68992E+07  2.55887E+02  7.60338E+06  9.54430E+06  7.49897E+06  9.43298E+06  1.10069E+07  9.40020E+06
 0.200   2.765   1.386  6.08333E+07  7.23212E+07  6.04658E+07  2.19452E+02  1.48475E+07  1.87268E+07  1.46513E+07  4.59858E+07  5.35944E+07  4.58145E+07
 0.210   3.128   1.286  1.11817E+08  1.30639E+08  1.11259E+08  1.92931E+02  2.04817E+07  2.60335E+07  2.01782E+07  9.13355E+07  1.04606E+08  9.10806E+07
 0.220   3.806   2.373  1.02311E+08  1.25689E+08  1.01295E+08  3.68825E+02  3.72299E+07  4.79509E+07  3.65559E+07  6.50811E+07  7.77380E+07  6.47395E+07
 0.230   3.962   1.236  7.11630E+07  8.82775E+07  7.03828E+07  4.30730E+02  2.21230E+07  2.86747E+07  2.16868E+07  4.90401E+07  5.96029E+07  4.86960E+07
 0.240   4.456   2.663  1.18012E+08  1.49878E+08  1.16383E+08  5.59161E+02  4.27375E+07  5.56597E+07  4.18727E+07  7.52747E+07  9.42184E+07  7.45099E+07
 0.250   4.828   3.436  2.15258E+08  2.71181E+08  2.12288E+08  5.73640E+02  6.65292E+07  8.71783E+07  6.49820E+07  1.48729E+08  1.84002E+08  1.47306E+08
 0.260   2.833   1.465  1.99014E+08  2.36657E+08  1.97639E+08  3.16729E+02  2.14404E+07  2.83966E+07  2.08355E+07  1.77574E+08  2.08260E+08  1.76803E+08
 0.270   3.065   1.102  3.52246E+08  4.32220E+08  3.48644E+08  4.62534E+02  7.42077E+07  9.71399E+07  7.23252E+07  2.78039E+08  3.35080E+08  2.76319E+08
 0.280   4.178   1.890  4.62757E+08  5.71472E+08  4.57546E+08  5.20316E+02  1.51240E+08  1.98066E+08  1.47808E+08  3.11516E+08  3.73406E+08  3.09737E+08
 0.290   3.812   1.437  1.29863E+09  1.57468E+09  1.29024E+09  3.44080E+02  1.75705E+08  2.31799E+08  1.71369E+08  1.12293E+09  1.34288E+09  1.11887E+09
 0.300   4.394   1.736  1.85705E+09  2.28180E+09  1.84450E+09  3.85149E+02  2.30400E+08  3.04892E+08  2.24735E+08  1.62665E+09  1.97691E+09  1.61977E+09
 0.310   5.801   1.663  1.59410E+09  1.97352E+09  1.58298E+09  4.19096E+02  2.13172E+08  2.80571E+08  2.08776E+08  1.38093E+09  1.69295E+09  1.37420E+09
 0.320   5.368   1.880  2.52285E+09  3.14946E+09  2.50458E+09  4.56278E+02  2.80888E+08  3.72594E+08  2.74403E+08  2.24196E+09  2.77687E+09  2.23018E+09
 0.330   4.253   1.197  1.83967E+09  2.31117E+09  1.82491E+09  5.20946E+02  1.58350E+08  2.11449E+08  1.54236E+08  1.68132E+09  2.09972E+09  1.67068E+09
 0.340   4.246   1.345  2.38822E+09  3.05174E+09  2.36688E+09  6.03761E+02  2.12194E+08  2.81817E+08  2.06913E+08  2.17602E+09  2.76992E+09  2.15997E+09
 0.350   3.052   1.066  2.67944E+09  3.45424E+09  2.65275E+09  6.95036E+02  1.63734E+08  2.19162E+08  1.58897E+08  2.51571E+09  3.23508E+09  2.49386E+09
 0.360   4.477   1.355  2.19304E+09  2.85719E+09  2.16663E+09  8.34324E+02  3.33071E+08  4.38864E+08  3.26153E+08  1.85997E+09  2.41833E+09  1.84047E+09
 0.370   4.994   1.784  2.41857E+09  3.16275E+09  2.38831E+09  8.89531E+02  3.45851E+08  4.60216E+08  3.38167E+08  2.07272E+09  2.70253E+09  2.05014E+09
 0.380   5.356   1.766  2.06757E+09  2.73440E+09  2.03743E+09  1.04153E+03  3.34651E+08  4.49653E+08  3.26508E+08  1.73292E+09  2.28475E+09  1.71092E+09
 0.390   5.163   1.778  2.20080E+09  2.93726E+09  2.16540E+09  1.17060E+03  3.09118E+08  4.18847E+08  3.00639E+08  1.89168E+09  2.51841E+09  1.86476E+09
 0.400   4.880   1.250  1.26455E+09  1.69601E+09  1.24136E+09  1.32564E+03  1.89367E+08  2.57172E+08  1.83659E+08  1.07518E+09  1.43884E+09  1.05770E+09
 0.410  10.023   2.177  8.73779E+08  1.16151E+09  8.56647E+08  1.38433E+03  2.80520E+08  3.77525E+08  2.73640E+08  5.93259E+08  7.83983E+08  5.83008E+08
 0.420   8.339   2.021  8.92242E+08  1.20071E+09  8.73063E+08  1.55203E+03  2.17445E+08  2.96019E+08  2.11266E+08  6.74797E+08  9.04696E+08  6.61797E+08
 0.430   9.796   2.295  8.20691E+08  1.09518E+09  8.03189E+08  1.53996E+03  2.34552E+08  3.18046E+08  2.28225E+08  5.86140E+08  7.77134E+08  5.74964E+08
 0.440   8.549   2.025  1.08672E+09  1.45269E+09  1.06326E+09  1.60662E+03  2.36070E+08  3.24436E+08  2.28611E+08  8.50651E+08  1.12825E+09  8.34646E+08
 0.450   9.487   2.353  1.43477E+09  1.90622E+09  1.40595E+09  1.52999E+03  3.28795E+08  4.50056E+08  3.19109E+08  1.10597E+09  1.45616E+09  1.08684E+09
 0.460   9.459   2.940  2.62156E+09  3.51968E+09  2.56659E+09  1.67316E+03  4.84054E+08  6.68199E+08  4.68455E+08  2.13751E+09  2.85148E+09  2.09813E+09
 0.470   5.735   1.836  4.14553E+09  5.64310E+09  4.04834E+09  1.92252E+03  4.50950E+08  6.30791E+08  4.32429E+08  3.69458E+09  5.01230E+09  3.61591E+09
 0.480   7.263   2.562  4.98705E+09  6.76423E+09  4.87307E+09  1.90413E+03  5.85610E+08  8.18093E+08  5.62279E+08  4.40144E+09  5.94614E+09  4.31079E+09
 0.490   6.341   1.767  5.27924E+09  7.11917E+09  5.16174E+09  1.87932E+03  5.29563E+08  7.42035E+08  5.07330E+08  4.74968E+09  6.37713E+09  4.65441E+09
 0.500   6.242   1.138  4.96786E+09  6.72133E+09  4.85514E+09  1.94132E+03  4.74905E+08  6.60433E+08  4.55416E+08  4.49295E+09  6.06089E+09  4.39972E+09
