  36
 0.150  8.61524E-02 -2.58266E-01  1.21479E-02 -1.75472E+01  1.16842E+01  2.16315E-02   1.002  1.25944E+07  1.64629E+07  9.67652E+06  0.00000E+00  1.02509E+08  1.96335E-02  1.63144E+02   7.476   7.451
 0.160  3.46713E-01 -3.25718E-02 -9.15960E-02 -2.56326E+01  9.60453E+00  7.43384E-01   1.459  4.36743E+07  4.46227E+07  2.26037E+07  1.06239E+07  4.02556E+08  5.36370E-02  2.57441E+02   7.521   7.436
 0.170 -2.43654E-01  2.50202E-01  5.33431E-01 -6.66906E+01  4.50120E+01 -1.24356E+01   2.003  1.89291E+08  1.94559E+08  4.64252E+07  2.05586E+07  1.10707E+09  1.19725E-01  2.55356E+02   7.492   7.446
 0.180 -1.02712E-01 -5.92360E-03  6.32815E-02 -1.91924E+01  2.15553E+01 -1.84219E+01   1.998  3.02321E+08  4.08966E+08  1.83791E+08  3.54926E+07  1.43538E+09  1.44629E+00  1.15903E+02   7.931   7.779
 0.190  3.31776E-01  9.32509E-02 -1.01631E-01  1.54206E+01 -2.78822E+01  1.13902E+01   2.422  1.11905E+08  1.25406E+08  2.01245E+08  5.05278E+07  1.46905E+09  1.46640E-01  2.19281E+02   7.940   7.844
 0.200 -2.17159E-01 -1.08796E-01  7.21307E-03  1.67113E+01  2.18991E+00  1.02776E+01   2.765  3.91445E+08  4.23876E+08  2.96632E+08  1.05875E+08  2.22752E+09  9.86807E-01  2.80646E+02   8.054   7.869
 0.210 -3.27371E-01  2.10622E-01  4.58808E-01 -2.45095E+01  2.60394E+00  5.91318E+00   3.128  7.28458E+08  8.02144E+08  5.25560E+08  1.49551E+08  3.54319E+09  1.90105E+00  3.03237E+02   8.015   7.898
 0.220  4.15419E-01 -2.55454E-01 -7.95764E-01  8.00315E+00 -3.73458E+01  1.85625E+01   3.806  4.22893E+08  4.50720E+08  6.76645E+08  1.85508E+08  4.19840E+09  8.53914E-01  3.53204E+02   8.180   7.964
 0.230 -9.52579E-02 -3.60340E-01  5.71254E-01 -1.34373E+01  2.51542E+00  1.52191E+01   3.962  4.90283E+08  4.72505E+08  7.20171E+08  2.07712E+08  5.00650E+09  6.48705E-01  4.60224E+02   8.177   7.992
 0.240 -4.63002E-01 -8.04365E-01 -3.68623E-01  2.06979E-01  1.58036E+01  1.10307E+01   4.456  5.12095E+08  5.15817E+08  8.69958E+08  2.52712E+08  6.39466E+09  5.47005E-01  5.32468E+02   8.245   8.055
 0.250 -7.92916E-01  4.62270E-01 -4.63755E-01  1.86292E+01  1.04208E+01  3.53988E+01   4.828  9.31175E+08  8.90459E+08  1.00554E+09  3.01081E+08  7.33579E+09  9.88134E-01  6.18943E+02   8.111   8.058
 0.260  1.62839E-01 -5.36930E-01 -2.05188E-01 -3.90785E+00 -2.14406E+01  3.73271E+01   2.833  1.06591E+09  1.28059E+09  1.10926E+09  2.14637E+08  3.89470E+09  3.47208E+00  5.64085E+02   8.214   8.139
 0.270 -3.18255E-02 -2.67917E-02  1.00570E-01 -1.34166E+00 -1.67753E+01 -3.69668E+00   3.065  1.10068E+09  1.54410E+09  1.96946E+09  3.91783E+08  5.84454E+09  5.84291E+00  4.90105E+02   8.415   8.256
 0.280  3.37594E-01 -2.33408E-02 -1.44517E-01  2.26366E+01  1.23361E+01 -3.14442E+01   4.178  1.52070E+09  1.91521E+09  2.90577E+09  6.59295E+08  8.39522E+09  5.96316E+00  5.22830E+02   8.384   8.347
 0.290  1.11081E-01  3.43624E-01 -1.59849E-01  7.01208E+00 -1.29776E+01 -3.07281E+00   3.812  1.31513E+09  1.79606E+09  3.60191E+09  6.30683E+08  7.94153E+09  6.29493E+00  5.28437E+02   8.456   8.420
 0.300  1.11963E-01 -1.67118E-01 -3.71360E-01 -2.08092E+01 -2.44043E+01  1.53176E+01   4.394  1.75919E+09  2.11720E+09  4.39264E+09  8.08278E+08  9.67256E+09  5.99547E+00  5.85544E+02   8.418   8.442
 0.310 -1.53939E-02  1.19270E-01  6.08007E-02  7.55149E+00  3.82250E+00  7.10106E-02   5.801  2.14421E+09  2.57795E+09  5.52144E+09  1.08784E+09  1.36804E+10  6.39420E+00  6.35581E+02   8.450   8.451
 0.320  2.01198E-02  1.11121E-01  2.57924E-01  6.85602E-01 -3.09135E+00 -1.23513E+00   5.368  1.73555E+09  2.13102E+09  6.19008E+09  1.10743E+09  1.28982E+10  6.13095E+00  6.97159E+02   8.510   8.476
 0.330  1.57924E-02 -8.99189E-02  2.18883E-01  3.40924E+00 -7.12651E+00  5.59854E+00   4.253  1.70881E+09  2.05852E+09  6.35581E+09  8.99190E+08  1.02490E+10  5.99251E+00  7.70798E+02   8.513   8.506
 0.340  5.15115E-02  2.02167E-01 -2.07404E-01 -9.88244E-01  5.03128E+00 -1.47780E+01   4.246  1.16903E+09  1.35611E+09  6.68896E+09  9.08538E+08  1.04235E+10  2.64723E+00  8.65575E+02   8.601   8.522
 0.350 -8.92739E-02 -6.19248E-03  1.18155E-01 -1.03674E+00  1.23860E-01 -1.03462E+01   3.052  6.27534E+08  9.60100E+08  6.18661E+09  6.01779E+08  7.10308E+09  4.08603E+00  9.58595E+02   8.665   8.565
 0.360 -1.40598E-01 -3.27561E-03 -4.69624E-02 -9.07333E+00 -3.22351E+01 -4.99003E+00   4.477  1.29194E+09  1.45860E+09  7.62850E+09  1.15548E+09  1.15442E+10  3.35353E+00  1.04658E+03   8.554   8.541
 0.370  7.83596E-02 -1.28288E-02  8.05995E-02  3.02842E+00  7.58688E+00 -1.11746E+01   4.994  1.00118E+09  1.20279E+09  8.21357E+09  1.29868E+09  1.31457E+10  3.11659E+00  1.13838E+03   8.607   8.543
 0.380 -1.20238E-02  2.02881E-01 -9.86263E-02  1.42282E+01 -8.25754E+00 -3.00615E+01   5.356  9.67434E+08  1.06253E+09  8.58802E+09  1.43525E+09  1.44232E+10  2.21326E+00  1.26950E+03   8.613   8.544
 0.390  7.16938E-02 -8.32084E-02  1.25870E-02 -2.08746E+00 -9.11383E-02 -1.66411E-01   5.163  8.59921E+08  9.28302E+08  8.67029E+09  1.38684E+09  1.40814E+10  1.63159E+00  1.39168E+03   8.624   8.554
 0.400  4.78718E-02 -1.84878E-01 -2.97657E-01  1.24461E+01 -3.41651E+00  1.00717E+01   4.880  8.47417E+08  9.09357E+08  8.70361E+09  1.33475E+09  1.32774E+10  1.26021E+00  1.51442E+03   8.604   8.562
 0.410  2.92565E-01  1.57451E+00  1.22719E+00 -2.14653E+01  2.00944E+01 -4.71286E+00  10.023  2.04877E+09  1.99006E+09  9.97681E+09  2.26464E+09  2.91269E+10  1.44610E+00  1.65826E+03   8.433   8.532
 0.420  4.06810E-01 -8.47851E-01  4.78458E-01  7.59007E+00  6.47409E-01  1.85046E+01   8.339  1.48153E+09  1.42992E+09  9.72598E+09  1.99829E+09  2.36380E+10  1.01529E+00  1.80699E+03   8.464   8.542
 0.430  2.15656E-01 -1.95704E-01  4.08338E-01  5.72829E+00  5.85565E+00 -2.64749E+00   9.796  2.50236E+09  2.37916E+09  1.01231E+10  2.25484E+09  2.86892E+10  1.34583E+00  1.93383E+03   8.373   8.536
 0.440  1.12986E-01 -4.39327E-01 -3.26466E-01  1.04637E+01 -4.96905E+00  6.94092E+00   8.549  2.53813E+09  2.51247E+09  1.01968E+10  2.15059E+09  2.74204E+10  2.79655E+00  2.05445E+03   8.352   8.539
 0.450  3.56964E-01 -1.60898E-01  2.31661E-01  3.47094E+00  9.10303E+00  1.21841E+01   9.487  3.13293E+09  3.12125E+09  1.07080E+10  2.24827E+09  2.95601E+10  2.74827E+00  2.12684E+03   8.364   8.536
 0.460  2.34915E-01  4.96067E-01  4.04168E-02 -6.67153E+00  4.31726E-01 -9.58273E-01   9.459  2.96181E+09  2.96403E+09  1.10551E+10  2.24829E+09  2.87419E+10  3.12817E+00  2.20919E+03   8.391   8.536
 0.470  1.13977E-02 -1.85813E-01 -2.69097E-01 -1.83639E+01 -1.29036E+01  2.75946E+00   5.735  1.65696E+09  1.78645E+09  1.03030E+10  1.57069E+09  1.68530E+10  2.87056E+00  2.32652E+03   8.488   8.561
 0.480  2.84809E-01  2.24794E-01 -1.12689E-01 -4.82292E+00 -1.26429E+01 -1.99297E+01   7.263  2.52876E+09  2.65523E+09  1.13178E+10  1.93820E+09  2.25140E+10  3.41948E+00  2.38019E+03   8.489   8.549
 0.490  7.63698E-02 -1.23256E-02 -2.23615E-01  1.58398E+00 -4.84759E+00 -6.96032E+00   6.341  1.91589E+09  2.18004E+09  1.15838E+10  1.75207E+09  1.91600E+10  4.60934E+00  2.42048E+03   8.583   8.558
 0.500 -5.05096E-02  7.56283E-02  2.40174E-01  7.87888E-01  4.08794E-02 -4.57679E+00   6.242  2.07999E+09  2.23736E+09  1.19041E+10  1.78677E+09  1.87808E+10  3.52004E+00  2.50494E+03   8.595   8.561
