  36
 0.150  1.08750E+00  1.57622E+07  1.03942E+07  1.23908E+07  1.46747E+07  5.00518E+06  1.28532E+08  2.07230E-02
 0.160  1.68750E+00  5.35636E+07  2.43939E+07  2.95768E+07  5.05782E+07  3.88094E+06  5.31503E+08  6.13895E-02
 0.170  2.21250E+00  2.40537E+08  5.16248E+07  6.21443E+07  2.28920E+08  1.69413E+07  1.35582E+09  1.64216E-01
 0.180  2.47500E+00  4.03829E+08  2.05549E+08  2.37870E+08  3.73556E+08  1.39028E+08  2.07438E+09  1.57726E+00
 0.190  2.81250E+00  1.58620E+08  2.26595E+08  2.75032E+08  1.40392E+08  3.00786E+07  1.94569E+09  1.76749E-01
 0.200  3.41250E+00  5.54414E+08  3.52588E+08  4.31093E+08  4.98830E+08  6.90017E+07  3.18461E+09  1.01980E+00
 0.210  3.82500E+00  1.00095E+09  5.84263E+08  7.11193E+08  9.04475E+08  1.57859E+08  4.83906E+09  2.24425E+00
 0.220  4.27500E+00  5.88522E+08  7.12380E+08  8.80911E+08  4.97550E+08  1.02776E+08  5.01831E+09  9.57336E-01
 0.230  5.10000E+00  6.78720E+08  8.02063E+08  1.01103E+09  5.57805E+08  5.08571E+07  7.14307E+09  7.07190E-01
 0.240  5.47500E+00  8.44159E+08  9.61452E+08  1.22193E+09  7.16316E+08  8.20433E+07  8.52284E+09  6.25734E-01
 0.250  5.77500E+00  1.40341E+09  1.13627E+09  1.44032E+09  1.18648E+09  1.66783E+08  9.36553E+09  1.97015E+00
 0.260  6.07500E+00  1.97917E+09  1.66136E+09  2.08111E+09  1.74909E+09  3.15657E+08  1.08645E+10  3.82864E+00
 0.270  6.30000E+00  2.02711E+09  2.66401E+09  3.32541E+09  1.79903E+09  5.49264E+08  1.42465E+10  6.41637E+00
 0.280  6.52500E+00  2.82106E+09  3.25484E+09  4.06861E+09  2.53779E+09  5.47056E+08  1.35921E+10  6.63301E+00
 0.290  6.78750E+00  2.60680E+09  4.22015E+09  5.29430E+09  2.26472E+09  7.00632E+08  1.51150E+10  7.48107E+00
 0.300  7.08750E+00  2.78792E+09  4.88006E+09  6.18889E+09  2.45464E+09  5.09895E+08  1.60148E+10  6.24247E+00
 0.310  7.46250E+00  2.91254E+09  5.74199E+09  7.31963E+09  2.59631E+09  6.56919E+08  1.77340E+10  6.72577E+00
 0.320  7.98750E+00  2.55497E+09  6.55851E+09  8.42354E+09  2.22400E+09  5.82164E+08  1.91706E+10  6.32555E+00
 0.330  8.47500E+00  2.66241E+09  7.12255E+09  9.22055E+09  2.32497E+09  5.05681E+08  2.07033E+10  6.46983E+00
 0.340  8.88750E+00  1.92334E+09  7.58228E+09  9.91564E+09  1.68017E+09  2.85695E+08  2.34603E+10  2.77871E+00
 0.350  9.30000E+00  2.37038E+09  8.21653E+09  1.07833E+10  1.99558E+09  5.26873E+08  2.68301E+10  5.48812E+00
 0.360  9.71250E+00  2.25981E+09  8.58547E+09  1.13515E+10  1.91241E+09  2.91706E+08  2.61841E+10  3.61081E+00
 0.370  1.00500E+01  1.78068E+09  9.17550E+09  1.22010E+10  1.49478E+09  3.00519E+08  2.74353E+10  3.15167E+00
 0.380  1.03875E+01  2.03720E+09  9.38242E+09  1.25734E+10  1.74314E+09  1.99259E+08  2.84975E+10  2.29587E+00
 0.390  1.07250E+01  2.34162E+09  9.68776E+09  1.30573E+10  2.05719E+09  1.77477E+08  3.10812E+10  2.02988E+00
 0.400  1.11375E+01  2.24972E+09  9.90049E+09  1.34160E+10  1.98446E+09  1.47663E+08  3.25853E+10  1.47428E+00
 0.410  1.17000E+01  2.79110E+09  1.01709E+10  1.38446E+10  2.51894E+09  1.35653E+08  3.42496E+10  1.50415E+00
 0.420  1.24125E+01  2.92775E+09  1.02649E+10  1.40419E+10  2.58162E+09  1.15855E+08  3.58769E+10  1.30029E+00
 0.430  1.31250E+01  3.70249E+09  1.05044E+10  1.44146E+10  3.28557E+09  1.44044E+08  3.95456E+10  1.63739E+00
 0.440  1.37250E+01  4.52237E+09  1.09549E+10  1.50456E+10  3.99808E+09  2.54046E+08  4.66327E+10  3.28943E+00
 0.450  1.42500E+01  4.75735E+09  1.13557E+10  1.55949E+10  4.23314E+09  2.88656E+08  4.67896E+10  3.24439E+00
 0.460  1.47750E+01  4.54581E+09  1.17740E+10  1.61709E+10  3.92241E+09  3.52958E+08  4.70282E+10  3.56917E+00
 0.470  1.52250E+01  4.38020E+09  1.22080E+10  1.67891E+10  3.83006E+09  3.03992E+08  5.01309E+10  3.47715E+00
 0.480  1.56375E+01  4.43193E+09  1.27412E+10  1.75321E+10  3.87791E+09  3.56395E+08  5.28507E+10  3.78973E+00
 0.490  1.60125E+01  3.84404E+09  1.34567E+10  1.84783E+10  3.23839E+09  5.06384E+08  5.28599E+10  5.48697E+00
 0.500  1.63125E+01  3.57847E+09  1.37735E+10  1.89781E+10  3.05642E+09  3.02927E+08  5.31669E+10  3.73043E+00
