  36
 0.150  8.61524E-02 -2.58266E-01  1.21479E-02 -1.75472E+01  1.16842E+01  2.16315E-02 -1.83784E-01 -4.47566E-01 -8.75162E-01  8.56657E+00   1.002   0.525  1.25653E+07  1.24068E+07  1.16542E+06  0.00000E+00  1.50480E+07  3.48018E-03  1.69090E+02   7.450   7.412
 0.160  3.46713E-01 -3.25718E-02 -9.15960E-02 -2.56326E+01  9.60453E+00  7.43384E-01 -3.56242E-01  1.28932E-01  9.25456E-01  5.07449E+00   1.459   0.982  4.35480E+07  4.13314E+07  1.79993E+06  1.36271E+06  3.20082E+07  2.36184E-03  2.58825E+02   7.522   7.427
 0.170 -2.43654E-01  2.50202E-01  5.33431E-01 -6.66906E+01  4.50120E+01 -1.24356E+01 -4.25551E-01 -9.04926E-01 -3.84632E-03  8.92234E+01   2.003   1.408  2.00461E+08  1.94902E+08  7.09663E+06  2.26475E+06  1.21798E+08  4.86603E-02  1.47046E+02   7.484   7.386
 0.180 -1.02712E-01 -5.92360E-03  6.32815E-02 -1.91924E+01  2.15553E+01 -1.84219E+01 -4.37250E-01 -8.62298E-01 -2.55452E-01  4.55904E+01   1.998   0.743  2.84833E+08  2.91383E+08  2.64135E+07  2.76572E+06  1.68521E+08  2.21003E-01  9.30649E+01   7.923   7.866
 0.190  3.31776E-01  9.32509E-02 -1.01631E-01  1.54206E+01 -2.78822E+01  1.13902E+01 -5.07587E-01 -8.06241E-01 -3.03860E-01  5.28928E+01   2.422   1.584  1.21561E+08  1.14740E+08  1.70364E+07  7.60338E+06  2.01943E+08  5.84712E-02  2.55887E+02   7.941   7.749
 0.200 -2.17159E-01 -1.08796E-01  7.21307E-03  1.67113E+01  2.18991E+00  1.02776E+01 -1.63382E-01 -9.63346E-01 -2.12768E-01  7.23913E+01   2.765   1.386  3.79453E+08  3.77963E+08  6.08333E+07  1.48475E+07  2.44343E+08  3.95745E-01  2.19452E+02   8.049   7.912
 0.210 -3.27371E-01  2.10622E-01  4.58808E-01 -2.45095E+01  2.60394E+00  5.91318E+00 -5.92757E-01 -7.96275E-01 -1.20772E-01  1.31073E+02   3.128   1.286  6.63155E+08  6.79439E+08  1.11817E+08  2.04817E+07  4.45289E+08  9.61140E-01  1.92931E+02   8.018   7.921
 0.220  4.15419E-01 -2.55454E-01 -7.95764E-01  8.00315E+00 -3.73458E+01  1.85625E+01 -8.02813E-01 -5.40720E-01 -2.51225E-01  1.30771E+02   3.806   2.373  4.31542E+08  3.99172E+08  1.02311E+08  3.72299E+07  5.60269E+08  3.38592E-01  3.68825E+02   8.168   7.924
 0.230 -9.52579E-02 -3.60340E-01  5.71254E-01 -1.34373E+01  2.51542E+00  1.52191E+01 -9.79092E-01 -8.34106E-02 -1.85531E-01  1.07931E+02   3.962   1.236  4.15650E+08  3.96712E+08  7.11630E+07  2.21230E+07  4.31321E+08  2.38833E-01  4.30730E+02   8.182   7.985
 0.240 -4.63002E-01 -8.04365E-01 -3.68623E-01  2.06979E-01  1.58036E+01  1.10307E+01 -9.78772E-01  1.28839E-01 -1.59390E-01  1.48223E+02   4.456   2.663  5.36911E+08  4.82312E+08  1.18012E+08  4.27375E+07  7.82664E+08  1.84418E-01  5.59161E+02   8.225   7.992
 0.250 -7.92916E-01  4.62270E-01 -4.63755E-01  1.86292E+01  1.04208E+01  3.53988E+01 -6.48471E-01  6.87494E-01 -3.26860E-01  1.86758E+02   4.828   3.436  1.08830E+09  9.80339E+08  2.15258E+08  6.65292E+07  1.06883E+09  5.80367E-01  5.73640E+02   8.101   8.027
 0.260  1.62839E-01 -5.36930E-01 -2.05188E-01 -3.90785E+00 -2.14406E+01  3.73271E+01 -9.43895E-01 -1.64164E-02 -3.29838E-01  1.00184E+02   2.833   1.465  9.76525E+08  1.03796E+09  1.99014E+08  2.14404E+07  3.50760E+08  1.46222E+00  3.16729E+02   8.222   8.180
 0.270 -3.18255E-02 -2.67917E-02  1.00570E-01 -1.34166E+00 -1.67753E+01 -3.69668E+00 -5.73228E-01  4.30493E-02 -8.18265E-01  7.97321E+01   3.065   1.102  9.57583E+08  1.02285E+09  3.52246E+08  7.42077E+07  7.61048E+08  1.48408E+00  4.62534E+02   8.435   8.224
 0.280  3.37594E-01 -2.33408E-02 -1.44517E-01  2.26366E+01  1.23361E+01 -3.14442E+01 -9.29329E-01  3.44648E-01 -1.32538E-01  1.32443E+02   4.178   1.890  1.41207E+09  1.45412E+09  4.62757E+08  1.51240E+08  1.05652E+09  1.64237E+00  5.20316E+02   8.397   8.239
 0.290  1.11081E-01  3.43624E-01 -1.59849E-01  7.01208E+00 -1.29776E+01 -3.07281E+00 -8.25740E-01  1.10876E-01 -5.53047E-01  1.76958E+02   3.812   1.437  1.17111E+09  1.53879E+09  1.29863E+09  1.75705E+08  1.12295E+09  5.09439E+00  3.44080E+02   8.473   8.527
 0.300  1.11963E-01 -1.67118E-01 -3.71360E-01 -2.08092E+01 -2.44043E+01  1.53176E+01 -7.75346E-01  3.28287E-01 -5.39505E-01  2.23485E+02   4.394   1.736  1.52499E+09  1.86050E+09  1.85705E+09  2.30400E+08  1.52750E+09  5.37287E+00  3.85149E+02   8.442   8.557
 0.310 -1.53939E-02  1.19270E-01  6.08007E-02  7.55149E+00  3.82250E+00  7.10106E-02 -9.16080E-01  3.93813E-01 -7.55556E-02  2.72055E+02   5.801   1.663  1.81264E+09  2.06859E+09  1.59410E+09  2.13172E+08  1.48718E+09  3.87009E+00  4.19096E+02   8.460   8.520
 0.320  2.01198E-02  1.11121E-01  2.57924E-01  6.85602E-01 -3.09135E+00 -1.23513E+00 -9.31560E-01  3.30439E-01 -1.51677E-01  2.83184E+02   5.368   1.880  1.46428E+09  1.81023E+09  2.52285E+09  2.80888E+08  1.64472E+09  5.14037E+00  4.56278E+02   8.530   8.549
 0.330  1.57924E-02 -8.99189E-02  2.18883E-01  3.40924E+00 -7.12651E+00  5.59854E+00 -9.63880E-01  2.41523E-01  1.12256E-01  3.13036E+02   4.253   1.197  1.48015E+09  1.72854E+09  1.83967E+09  1.58350E+08  1.04904E+09  4.44804E+00  5.20946E+02   8.521   8.557
 0.340  5.15115E-02  2.02167E-01 -2.07404E-01 -9.88244E-01  5.03128E+00 -1.47780E+01 -9.88995E-01  1.47475E-01 -1.18446E-02  2.90066E+02   4.246   1.345  1.04524E+09  1.18241E+09  2.38822E+09  2.12194E+08  1.14357E+09  1.97001E+00  6.03761E+02   8.608   8.585
 0.350 -8.92739E-02 -6.19248E-03  1.18155E-01 -1.03674E+00  1.23860E-01 -1.03462E+01 -8.84561E-01  2.20148E-01 -4.11201E-01  1.52986E+02   3.052   1.066  5.44573E+08  7.72605E+08  2.67944E+09  1.63734E+08  8.78190E+08  3.08128E+00  6.95036E+02   8.688   8.634
 0.360 -1.40598E-01 -3.27561E-03 -4.69624E-02 -9.07333E+00 -3.22351E+01 -4.99003E+00 -9.63158E-01  2.09745E-01  1.68328E-01  2.75981E+02   4.477   1.355  1.11079E+09  1.19356E+09  2.19304E+09  3.33071E+08  1.28956E+09  1.86312E+00  8.34324E+02   8.565   8.579
 0.370  7.83596E-02 -1.28288E-02  8.05995E-02  3.02842E+00  7.58688E+00 -1.11746E+01 -9.91271E-01 -2.18336E-02 -1.30018E-01  2.16360E+02   4.994   1.784  8.45421E+08  9.32907E+08  2.41857E+09  3.45851E+08  1.37727E+09  1.52137E+00  8.89531E+02   8.632   8.584
 0.380 -1.20238E-02  2.02881E-01 -9.86263E-02  1.42282E+01 -8.25754E+00 -3.00615E+01 -9.93809E-01 -6.06237E-02  9.31019E-02  2.81909E+02   5.356   1.766  8.56405E+08  8.78910E+08  2.06757E+09  3.34651E+08  1.49774E+09  1.10281E+00  1.04153E+03   8.624   8.568
 0.390  7.16938E-02 -8.32084E-02  1.25870E-02 -2.08746E+00 -9.11383E-02 -1.66411E-01 -9.90275E-01 -2.20898E-02  1.37357E-01  2.99656E+02   5.163   1.778  7.84760E+08  7.90953E+08  2.20080E+09  3.09118E+08  1.48094E+09  6.84470E-01  1.17060E+03   8.635   8.596
 0.400  4.78718E-02 -1.84878E-01 -2.97657E-01  1.24461E+01 -3.41651E+00  1.00717E+01 -9.60686E-01 -2.11553E-01  1.79800E-01  3.66552E+02   4.880   1.250  7.47390E+08  7.48457E+08  1.26455E+09  1.89367E+08  1.02352E+09  4.05350E-01  1.32564E+03   8.600   8.568
 0.410  2.92565E-01  1.57451E+00  1.22719E+00 -2.14653E+01  2.00944E+01 -4.71286E+00 -8.08356E-01 -3.77863E-01  4.51420E-01  7.69360E+02  10.023   2.177  1.77923E+09  1.73826E+09  8.73779E+08  2.80520E+08  1.87028E+09  7.73037E-01  1.38433E+03   8.444   8.447
 0.420  4.06810E-01 -8.47851E-01  4.78458E-01  7.59007E+00  6.47409E-01  1.85046E+01 -8.86568E-01 -3.47201E-01  3.05694E-01  6.19681E+02   8.339   2.021  1.29289E+09  1.24464E+09  8.92242E+08  2.17445E+08  1.48568E+09  5.29822E-01  1.55203E+03   8.484   8.487
 0.430  2.15656E-01 -1.95704E-01  4.08338E-01  5.72829E+00  5.85565E+00 -2.64749E+00 -8.37325E-01 -4.18040E-01  3.52321E-01  7.75093E+02   9.796   2.295  2.16344E+09  2.09283E+09  8.20691E+08  2.34552E+08  1.71863E+09  7.87062E-01  1.53996E+03   8.393   8.450
 0.440  1.12986E-01 -4.39327E-01 -3.26466E-01  1.04637E+01 -4.96905E+00  6.94092E+00 -8.84512E-01 -3.04411E-01  3.53516E-01  5.77291E+02   8.549   2.025  2.17553E+09  2.15178E+09  1.08672E+09  2.36070E+08  1.68679E+09  1.30570E+00  1.60662E+03   8.370   8.479
 0.450  3.56964E-01 -1.60898E-01  2.31661E-01  3.47094E+00  9.10303E+00  1.21841E+01 -8.68797E-01 -2.07310E-01  4.49683E-01  7.43450E+02   9.487   2.353  2.75470E+09  2.73441E+09  1.43477E+09  3.28795E+08  2.09425E+09  1.45187E+00  1.52999E+03   8.374   8.459
 0.460  2.34915E-01  4.96067E-01  4.04168E-02 -6.67153E+00  4.31726E-01 -9.58273E-01 -9.36679E-01  8.43504E-02  3.39880E-01  6.27745E+02   9.459   2.940  2.54468E+09  2.56283E+09  2.62156E+09  4.84054E+08  2.55368E+09  2.30706E+00  1.67316E+03   8.415   8.512
 0.470  1.13977E-02 -1.85813E-01 -2.69097E-01 -1.83639E+01 -1.29036E+01  2.75946E+00 -8.56496E-01  5.15670E-01  2.23497E-02  4.83894E+02   5.735   1.836  1.47783E+09  1.62081E+09  4.14553E+09  4.50950E+08  1.88765E+09  2.67281E+00  1.92252E+03   8.501   8.599
 0.480  2.84809E-01  2.24794E-01 -1.12689E-01 -4.82292E+00 -1.26429E+01 -1.99297E+01 -8.23202E-01  5.65651E-01  4.87695E-02  5.79803E+02   7.263   2.562  2.27109E+09  2.43096E+09  4.98705E+09  5.85610E+08  2.58843E+09  3.28059E+00  1.90413E+03   8.502   8.584
 0.490  7.63698E-02 -1.23256E-02 -2.23615E-01  1.58398E+00 -4.84759E+00 -6.96032E+00 -8.14011E-01  5.77094E-01  6.59366E-02  5.90666E+02   6.341   1.767  1.70253E+09  2.01396E+09  5.27924E+09  5.29563E+08  2.07280E+09  4.59923E+00  1.87932E+03   8.593   8.592
 0.500 -5.05096E-02  7.56283E-02  2.40174E-01  7.87888E-01  4.08794E-02 -4.57679E+00 -8.29873E-01  5.50065E-01  9.34814E-02  6.41029E+02   6.242   1.138  1.79977E+09  1.99745E+09  4.96786E+09  4.74905E+08  1.71514E+09  3.36317E+00  1.94132E+03   8.604   8.606
