  36
 0.150        25337 -0.27212E-01 -0.32578E-01 -0.17886E-02 -0.27202E+01 -0.10722E+01  0.75023E+00 -0.18378E+00 -0.44757E+00 -0.87516E+00   1.002   0.525
 0.160        19615 -0.17991E-01 -0.17991E-01 -0.27531E-01 -0.31441E+02 -0.80946E+01 -0.24866E+02 -0.35624E+00  0.12893E+00  0.92546E+00   1.459   0.982
 0.170        34323  0.14192E-01 -0.53583E-02 -0.36205E-02  0.21390E+02 -0.12263E+02  0.20414E+02 -0.42555E+00 -0.90493E+00 -0.38463E-02   2.003   1.408
 0.180        54209 -0.18247E-01  0.10427E-01 -0.82802E-02  0.19178E+02  0.67720E+00  0.37456E+02 -0.43725E+00 -0.86230E+00 -0.25545E+00   1.998   0.743
 0.190        70821  0.25897E-02  0.16186E-03  0.11006E-01 -0.41094E+01  0.47019E+01  0.78657E+01 -0.50759E+00 -0.80624E+00 -0.30386E+00   2.422   1.584
 0.200        91709 -0.52832E-02  0.15338E-02  0.66466E-02 -0.15206E+01  0.10162E+01 -0.34957E+00 -0.16338E+00 -0.96335E+00 -0.21277E+00   2.765   1.386
 0.210        93293  0.64399E-02  0.46511E-02 -0.35777E-02 -0.35170E+01 -0.66491E+01  0.32146E+01 -0.59276E+00 -0.79627E+00 -0.12077E+00   3.128   1.286
 0.220        91674  0.11241E-02  0.26230E-02 -0.37471E-03 -0.24716E+01  0.17132E+01 -0.30760E+01 -0.80281E+00 -0.54072E+00 -0.25123E+00   3.806   2.373
 0.230        91652  0.64656E-02  0.97963E-02 -0.11756E-02  0.39030E+02 -0.10655E+02  0.11635E+02 -0.97909E+00 -0.83411E-01 -0.18553E+00   3.962   1.236
 0.240       148672 -0.10225E-02  0.32720E-02  0.18405E-02 -0.55163E+01 -0.22468E+01  0.71296E+01 -0.97877E+00  0.12884E+00 -0.15939E+00   4.456   2.663
 0.250       149756  0.17041E-02 -0.34081E-02 -0.38341E-02  0.14898E+02 -0.76895E+01  0.11823E+02 -0.64847E+00  0.68749E+00 -0.32686E+00   4.828   3.436
 0.260       207251 -0.11071E-02 -0.88567E-03  0.88567E-03  0.66754E+01  0.15756E+01 -0.15992E+02 -0.94389E+00 -0.16416E-01 -0.32984E+00   2.833   1.465
 0.270       263284  0.92020E-03  0.20704E-02  0.16103E-02 -0.38071E+02 -0.75968E+02  0.75895E+01 -0.57323E+00  0.43049E-01 -0.81826E+00   3.065   1.102
 0.280       228950 -0.19078E-02  0.21462E-02  0.14308E-02 -0.13014E+03  0.13711E+02  0.23197E+02 -0.92933E+00  0.34465E+00 -0.13254E+00   4.178   1.890
 0.290       142285  0.19762E-02  0.49405E-03  0.00000E+00 -0.84369E+01  0.18737E+02 -0.12421E+03 -0.82574E+00  0.11088E+00 -0.55305E+00   3.812   1.437
 0.300       158416  0.51106E-03  0.43440E-02  0.38329E-02  0.14170E+03  0.33134E+02 -0.12060E+02 -0.77535E+00  0.32829E+00 -0.53951E+00   4.394   1.736
 0.310       407945  0.13203E-02  0.52813E-03  0.79219E-03  0.40236E+02 -0.10166E+03 -0.69906E+02 -0.91608E+00  0.39381E+00 -0.75556E-01   5.801   1.663
 0.320        28723 -0.10901E-02 -0.54503E-03  0.21801E-02  0.59356E+01 -0.20053E+03 -0.41498E+02 -0.93156E+00  0.33044E+00 -0.15168E+00   5.368   1.880
 0.330       319429  0.56234E-03 -0.11247E-02 -0.11247E-02 -0.20403E+02  0.13828E+01  0.17719E+03 -0.96388E+00  0.24152E+00  0.11226E+00   4.253   1.197
 0.340       666419 -0.26063E-02  0.28959E-03 -0.20271E-02 -0.72597E+02  0.52273E+02  0.80975E+02 -0.98899E+00  0.14748E+00 -0.11845E-01   4.246   1.345
 0.350      1327081  0.20871E-02 -0.29816E-03 -0.11927E-02 -0.59042E+01  0.59703E+02 -0.26779E+01 -0.88456E+00  0.22015E+00 -0.41120E+00   3.052   1.066
 0.360       243979  0.30662E-03 -0.91985E-03 -0.61324E-03 -0.22147E+03 -0.16766E+03  0.11892E+03 -0.96316E+00  0.20975E+00  0.16833E+00   4.477   1.355
 0.370      1496469  0.63014E-03  0.25206E-02 -0.15754E-02  0.63594E+02  0.21368E+02 -0.69273E+02 -0.99127E+00 -0.21834E-01 -0.13002E+00   4.994   1.784
 0.380       264960 -0.12947E-02  0.00000E+00  0.64736E-03  0.38493E+02 -0.12141E+02 -0.15186E+02 -0.99381E+00 -0.60624E-01  0.93102E-01   5.356   1.766
 0.390      1976385 -0.66420E-03  0.33210E-03 -0.19926E-02  0.33071E+02 -0.62483E+02 -0.22065E+02 -0.99028E+00 -0.22090E-01  0.13736E+00   5.163   1.778
 0.400       450928 -0.13625E-02  0.20437E-02 -0.17031E-02 -0.73802E+02  0.44643E+02  0.17096E+01 -0.96069E+00 -0.21155E+00  0.17980E+00   4.880   1.250
 0.410       252166  0.13967E-02  0.13967E-02 -0.13967E-02 -0.45648E+02  0.21815E+02 -0.22042E+02 -0.80836E+00 -0.37786E+00  0.45142E+00  10.023   2.177
 0.420      2240306 -0.25045E-02  0.71557E-03 -0.28623E-02  0.81117E+02  0.43590E+02 -0.45071E+02 -0.88657E+00 -0.34720E+00  0.30569E+00   8.339   2.021
 0.430      2240361  0.18315E-02  0.10989E-02  0.00000E+00 -0.58456E+01  0.10227E+03 -0.18447E+03 -0.83732E+00 -0.41804E+00  0.35232E+00   9.796   2.295
 0.440       259818 -0.22487E-02 -0.33731E-02  0.74958E-03 -0.25932E+02 -0.20501E+02 -0.65701E+02 -0.88451E+00 -0.30441E+00  0.35352E+00   8.549   2.025
 0.450      1786560 -0.76661E-03  0.00000E+00 -0.15332E-02  0.32046E+02  0.50583E+02 -0.19027E+03 -0.86880E+00 -0.20731E+00  0.44968E+00   9.487   2.353
 0.460      1741072 -0.39181E-03 -0.31345E-02  0.15673E-02 -0.11231E+03  0.52413E+02 -0.74170E+02 -0.93668E+00  0.84350E-01  0.33988E+00   9.459   2.940
 0.470      2608973 -0.24020E-02  0.24020E-02  0.16013E-02 -0.19557E+02  0.19352E+02 -0.25681E+02 -0.85650E+00  0.51567E+00  0.22350E-01   5.735   1.836
 0.480      2452267 -0.12267E-02  0.40889E-03  0.81778E-03  0.83965E+02 -0.66320E+02  0.14657E+03 -0.82320E+00  0.56565E+00  0.48769E-01   7.263   2.562
 0.490      2700493  0.00000E+00  0.20862E-02 -0.41724E-03 -0.65332E+02  0.66724E+02  0.10941E+03 -0.81401E+00  0.57709E+00  0.65937E-01   6.341   1.767
 0.500       573582  0.85153E-03 -0.85153E-03  0.34061E-02 -0.14134E+02 -0.18792E+02  0.37446E+01 -0.82987E+00  0.55007E+00  0.93481E-01   6.242   1.138
