  36
 0.150   1.002  1.96335E-02  1.53668E-02  5.01672E-02
 0.160   1.459  5.36370E-02  6.07814E-02  3.62333E-02
 0.170   2.003  1.19725E-01  1.21588E-01  1.46536E-01
 0.180   1.998  1.44629E+00  1.35766E+00  1.41974E+00
 0.190   2.422  1.46640E-01  1.13984E-01  3.03154E-01
 0.200   2.765  9.86807E-01  1.02768E+00  7.38833E-01
 0.210   3.128  1.90105E+00  2.11805E+00  1.48753E+00
 0.220   3.806  8.53914E-01  8.31704E-01  1.09375E+00
 0.230   3.962  6.48705E-01  7.33074E-01  5.09680E-01
 0.240   4.456  5.47005E-01  4.49014E-01  8.53612E-01
 0.250   4.828  9.88134E-01  9.25352E-01  1.03630E+00
 0.260   2.833  3.47208E+00  3.68763E+00  3.01279E+00
 0.270   3.065  5.84291E+00  5.79163E+00  5.71761E+00
 0.280   4.178  5.96316E+00  6.19628E+00  5.58468E+00
 0.290   3.812  6.29493E+00  6.06642E+00  6.56364E+00
 0.300   4.394  5.99547E+00  6.51541E+00  5.43583E+00
 0.310   5.801  6.39420E+00  5.83807E+00  7.20218E+00
 0.320   5.368  6.13095E+00  5.82734E+00  6.40909E+00
 0.330   4.253  5.99251E+00  6.12437E+00  5.25219E+00
 0.340   4.246  2.64723E+00  2.52353E+00  3.11379E+00
 0.350   3.052  4.08603E+00  3.80422E+00  4.20865E+00
 0.360   4.477  3.35353E+00  3.50001E+00  3.05204E+00
 0.370   4.994  3.11659E+00  3.05709E+00  3.31118E+00
 0.380   5.356  2.21326E+00  2.18407E+00  2.14269E+00
 0.390   5.163  1.63159E+00  1.66899E+00  1.63076E+00
 0.400   4.880  1.26021E+00  1.29356E+00  1.36123E+00
 0.410  10.023  1.44610E+00  1.41445E+00  1.47833E+00
 0.420   8.339  1.01529E+00  1.05700E+00  9.51714E-01
 0.430   9.796  1.34583E+00  1.40863E+00  1.21072E+00
 0.440   8.549  2.79655E+00  3.11440E+00  2.32642E+00
 0.450   9.487  2.74827E+00  2.73047E+00  2.96860E+00
 0.460   9.459  3.12817E+00  2.88504E+00  3.40260E+00
 0.470   5.735  2.87056E+00  2.84836E+00  2.81885E+00
 0.480   7.263  3.41948E+00  3.35058E+00  3.59780E+00
 0.490   6.341  4.60934E+00  4.17699E+00  4.78292E+00
 0.500   6.242  3.52004E+00  3.48739E+00  3.19610E+00
