  39
 0.120   0.562   0.500  2.68709E+05  2.96075E+05  2.66855E+05  1.00828E+02  0.00000E+00  0.00000E+00  0.00000E+00  2.68709E+05  2.96075E+05  2.66855E+05
 0.130   0.638   0.500  3.69760E+05  4.52708E+05  3.63674E+05  2.83317E+02  1.56061E+05  1.93548E+05  1.53381E+05  2.13699E+05  2.59160E+05  2.10293E+05
 0.140   0.900   0.500  7.64228E+05  9.43455E+05  7.51189E+05  3.19471E+02  2.65466E+05  3.33165E+05  2.59514E+05  4.98763E+05  6.10290E+05  4.91676E+05
 0.150   1.086   0.657  1.37422E+06  1.59031E+06  1.36537E+06  1.43109E+02  1.37475E+05  1.73809E+05  1.33950E+05  1.23674E+06  1.41650E+06  1.23142E+06
 0.160   1.000   0.617  6.35177E+06  7.21018E+06  6.32912E+06  9.95318E+01  6.94157E+05  8.52884E+05  6.84466E+05  5.65761E+06  6.35730E+06  5.64466E+06
 0.170   1.474   0.913  3.90380E+06  4.64765E+06  3.87553E+06  1.96979E+02  6.05938E+05  7.55717E+05  5.92870E+05  3.29786E+06  3.89193E+06  3.28266E+06
 0.180   1.675   1.220  1.03709E+07  1.20070E+07  1.03221E+07  1.46507E+02  7.08414E+05  8.99061E+05  6.92773E+05  9.66247E+06  1.11079E+07  9.62930E+06
 0.190   1.891   0.898  2.28742E+07  2.59932E+07  2.28000E+07  1.19211E+02  5.54767E+05  7.05848E+05  5.44199E+05  2.23194E+07  2.52874E+07  2.22558E+07
 0.200   1.308   0.503  1.48930E+08  1.72412E+08  1.48650E+08  9.46488E+01  5.89483E+05  7.50391E+05  5.76222E+05  1.48340E+08  1.71662E+08  1.48074E+08
 0.210   1.919   1.173  4.10781E+07  4.96766E+07  4.08022E+07  2.57161E+02  1.05218E+07  1.30268E+07  1.04201E+07  3.05563E+07  3.66499E+07  3.03821E+07
 0.220   2.095   0.536  3.95603E+08  4.69939E+08  3.94012E+08  1.85174E+02  3.49958E+07  4.41429E+07  3.45858E+07  3.60608E+08  4.25796E+08  3.59426E+08
 0.230   2.029   0.819  7.54967E+08  8.97277E+08  7.51711E+08  2.02261E+02  7.93457E+07  1.01155E+08  7.82412E+07  6.75621E+08  7.96122E+08  6.73470E+08
 0.240   2.059   0.570  7.78944E+08  9.32297E+08  7.75742E+08  2.10621E+02  4.60416E+07  5.85040E+07  4.54533E+07  7.32903E+08  8.73793E+08  7.30288E+08
 0.250   2.518   0.590  9.45346E+08  1.14268E+09  9.40824E+08  2.50850E+02  4.93200E+07  6.28232E+07  4.86839E+07  8.96026E+08  1.07986E+09  8.92140E+08
 0.260   1.618   0.500  1.71969E+09  2.10101E+09  1.71047E+09  2.93533E+02  4.68520E+07  6.06071E+07  4.60836E+07  1.67284E+09  2.04041E+09  1.66438E+09
 0.290   4.427   0.660  1.53815E+09  1.96532E+09  1.52102E+09  6.00258E+02  2.32152E+08  3.08967E+08  2.26620E+08  1.30599E+09  1.65636E+09  1.29440E+09
 0.310   4.538   0.578  1.52616E+09  1.97554E+09  1.50566E+09  7.57849E+02  2.43376E+08  3.25760E+08  2.37222E+08  1.28278E+09  1.64978E+09  1.26844E+09
 0.330   4.022   0.788  2.07001E+09  2.71180E+09  2.03726E+09  9.40019E+02  2.88783E+08  3.90044E+08  2.80476E+08  1.78123E+09  2.32176E+09  1.75679E+09
 0.360   4.428   0.622  2.73879E+09  3.63045E+09  2.68825E+09  1.15900E+03  3.19707E+08  4.36082E+08  3.08982E+08  2.41908E+09  3.19437E+09  2.37927E+09
 0.370   6.055   0.906  3.01747E+09  4.02120E+09  2.95901E+09  1.24497E+03  4.15556E+08  5.64106E+08  4.02278E+08  2.60191E+09  3.45709E+09  2.55673E+09
 0.380   7.334   0.732  3.00390E+09  4.02345E+09  2.94171E+09  1.35220E+03  3.96755E+08  5.40938E+08  3.83426E+08  2.60714E+09  3.48251E+09  2.55829E+09
 0.390   5.630   0.712  3.04413E+09  4.09439E+09  2.97804E+09  1.44571E+03  3.85384E+08  5.26658E+08  3.71691E+08  2.65874E+09  3.56773E+09  2.60635E+09
 0.401   5.539   0.796  3.16174E+09  4.27341E+09  3.08810E+09  1.56803E+03  4.03526E+08  5.54065E+08  3.88248E+08  2.75822E+09  3.71934E+09  2.69985E+09
 0.410   4.642   0.596  3.02446E+09  4.09547E+09  2.94980E+09  1.66667E+03  3.46107E+08  4.76865E+08  3.31750E+08  2.67835E+09  3.61860E+09  2.61805E+09
 0.420   4.462   0.855  3.25173E+09  4.41150E+09  3.16803E+09  1.75294E+03  3.82025E+08  5.27438E+08  3.65576E+08  2.86971E+09  3.88406E+09  2.80246E+09
 0.440   3.657   0.539  3.28838E+09  4.42761E+09  3.20228E+09  1.81181E+03  3.03128E+08  4.20720E+08  2.87934E+08  2.98525E+09  4.00689E+09  2.91435E+09
 0.451   9.232   1.561  1.52661E+08  2.11482E+08  1.43846E+08  3.27994E+03  7.12940E+07  9.93091E+07  6.65983E+07  8.13671E+07  1.12173E+08  7.72479E+07
 0.470   5.540   1.235  2.00094E+08  2.68461E+08  1.90374E+08  2.80899E+03  6.92959E+07  9.66957E+07  6.44754E+07  1.30799E+08  1.71765E+08  1.25899E+08
 0.480   4.725   0.730  2.36921E+08  3.11087E+08  2.27514E+08  2.31918E+03  5.81832E+07  8.10315E+07  5.40141E+07  1.78738E+08  2.30055E+08  1.73500E+08
 0.490   8.676   1.342  3.52210E+08  4.56790E+08  3.40126E+08  2.05465E+03  8.98867E+07  1.24428E+08  8.38122E+07  2.62323E+08  3.32362E+08  2.56314E+08
 0.500   7.552   1.009  4.25165E+08  5.49095E+08  4.13145E+08  1.76741E+03  7.85076E+07  1.08534E+08  7.33419E+07  3.46657E+08  4.40561E+08  3.39803E+08
 0.520   3.173   0.768  4.37927E+08  5.60565E+08  4.26008E+08  1.73322E+03  6.52243E+07  9.07134E+07  6.04134E+07  3.72703E+08  4.69852E+08  3.65595E+08
 0.530   2.300   0.678  4.68409E+08  6.01823E+08  4.56042E+08  1.70177E+03  7.74275E+07  1.05185E+08  7.29160E+07  3.90982E+08  4.96638E+08  3.83126E+08
 0.540   3.110   0.774  5.40174E+08  7.00873E+08  5.26627E+08  1.68594E+03  1.37751E+08  1.83152E+08  1.32273E+08  4.02424E+08  5.17721E+08  3.94354E+08
 0.550   3.307   0.740  5.49855E+08  7.21883E+08  5.35158E+08  1.84097E+03  1.22741E+08  1.65722E+08  1.16956E+08  4.27114E+08  5.56161E+08  4.18202E+08
 0.561   3.541   0.636  5.30444E+08  7.04539E+08  5.15410E+08  1.99698E+03  1.08686E+08  1.47967E+08  1.03092E+08  4.21759E+08  5.56572E+08  4.12318E+08
 0.570   3.195   0.774  5.19037E+08  6.95624E+08  5.01982E+08  2.29845E+03  1.14532E+08  1.56902E+08  1.08152E+08  4.04506E+08  5.38722E+08  3.93830E+08
 0.580   3.419   0.500  4.61666E+08  6.22634E+08  4.44783E+08  2.56015E+03  1.05290E+08  1.44762E+08  9.92554E+07  3.56375E+08  4.77872E+08  3.45528E+08
 0.590   8.147   1.044  2.12280E+09  3.01801E+09  2.00601E+09  4.28863E+03  3.16336E+08  4.46770E+08  2.91806E+08  1.80646E+09  2.57124E+09  1.71421E+09
