  39
 0.120  5.62500E-01  1.11223E+07  2.96705E+06  3.43521E+06  1.08547E+07  1.58002E+06  9.11195E+07  2.50893E-02
 0.130  6.37500E-01  2.67552E+06  4.62173E+06  5.58137E+06  2.64906E+06  1.05157E+06  1.01928E+08  1.56903E-03
 0.140  9.00000E-01  7.27798E+06  6.62530E+06  8.19677E+06  7.18970E+06  6.28526E+04  1.97786E+08  4.26399E-04
 0.150  1.16250E+00  1.87391E+07  1.78946E+07  2.10331E+07  1.68634E+07  1.14921E+07  3.50927E+08  1.50007E-01
 0.160  1.38750E+00  9.67261E+07  4.72784E+07  5.46994E+07  9.15548E+07  2.55906E+07  4.88022E+08  4.08992E-01
 0.170  1.72500E+00  1.41030E+08  6.46168E+07  7.79184E+07  1.35469E+08  1.14386E+07  9.34058E+08  9.89181E-02
 0.180  2.06250E+00  1.41688E+08  9.82130E+07  1.18264E+08  1.30380E+08  3.53476E+07  9.36220E+08  2.82318E-01
 0.190  2.85000E+00  6.70698E+08  1.91299E+08  2.26849E+08  6.29997E+08  7.24243E+07  2.46023E+09  1.25416E+00
 0.200  3.26250E+00  3.19539E+08  5.71544E+08  6.74792E+08  2.86251E+08  2.94914E+08  2.54395E+09  2.31241E+00
 0.210  3.82500E+00  1.04230E+09  1.18376E+09  1.43938E+09  9.59178E+08  2.63389E+08  6.09611E+09  3.30113E+00
 0.220  4.23750E+00  7.13687E+08  1.65182E+09  2.01941E+09  6.26636E+08  4.32994E+08  6.71317E+09  3.99084E+00
 0.230  4.65000E+00  1.12427E+09  2.36826E+09  2.89778E+09  1.00729E+09  6.39283E+08  8.63200E+09  7.19520E+00
 0.240  5.40000E+00  1.13276E+09  2.88392E+09  3.59050E+09  9.59434E+08  3.40804E+08  1.01186E+10  4.44615E+00
 0.250  5.88750E+00  1.23641E+09  3.46262E+09  4.33945E+09  1.02523E+09  4.87666E+08  1.31923E+10  5.87608E+00
 0.260  6.26250E+00  1.08415E+09  4.21073E+09  5.29944E+09  9.10057E+08  6.54410E+08  1.44813E+10  7.63512E+00
 0.290  6.97500E+00  1.06280E+09  6.51397E+09  8.49295E+09  8.98542E+08  1.99762E+08  1.83554E+10  2.07027E+00
 0.310  7.42500E+00  1.16284E+09  6.83812E+09  9.04433E+09  9.85928E+08  1.60091E+08  1.97265E+10  1.87989E+00
 0.330  7.98750E+00  1.15711E+09  7.18429E+09  9.60616E+09  9.70105E+08  1.82233E+08  2.11484E+10  2.37602E+00
 0.360  8.92500E+00  1.06610E+09  7.74707E+09  1.04702E+10  8.88853E+08  1.38853E+08  2.37162E+10  1.56550E+00
 0.370  9.33750E+00  1.20940E+09  7.88654E+09  1.07023E+10  1.05480E+09  1.19362E+08  2.44546E+10  9.45453E-01
 0.380  9.63750E+00  1.25098E+09  8.00437E+09  1.09006E+10  1.10893E+09  1.16289E+08  2.49471E+10  1.17846E+00
 0.390  1.00500E+01  1.14692E+09  8.12788E+09  1.11036E+10  9.72666E+08  9.03841E+07  2.62294E+10  8.39088E-01
 0.401  1.08000E+01  1.19337E+09  8.24539E+09  1.12984E+10  1.00586E+09  8.16763E+07  2.79818E+10  8.33912E-01
 0.410  1.12875E+01  1.12823E+09  8.38919E+09  1.15117E+10  9.21040E+08  1.14404E+08  2.94784E+10  1.16336E+00
 0.420  1.16250E+01  1.07721E+09  8.53376E+09  1.17296E+10  8.56689E+08  1.05091E+08  3.09070E+10  9.52460E-01
 0.440  1.21875E+01  1.14466E+09  9.06570E+09  1.24446E+10  9.25457E+08  2.40052E+08  3.38887E+10  2.45056E+00
 0.451  1.22625E+01  1.00377E+09  9.31913E+09  1.28205E+10  8.33098E+08  1.33508E+08  3.30834E+10  1.11248E+00
 0.470  1.27125E+01  8.17372E+08  9.49612E+09  1.31292E+10  6.34334E+08  8.60832E+07  3.36669E+10  8.17491E-01
 0.480  1.30125E+01  1.07693E+09  9.59650E+09  1.33025E+10  8.66733E+08  6.61787E+07  3.41192E+10  7.20931E-01
 0.490  1.33125E+01  1.29600E+09  9.71294E+09  1.34865E+10  1.03590E+09  7.74831E+07  3.46614E+10  9.42207E-01
 0.500  1.35750E+01  1.37550E+09  9.81884E+09  1.36545E+10  1.14808E+09  9.13216E+07  3.49157E+10  1.03664E+00
 0.520  1.41375E+01  1.43582E+09  1.03064E+10  1.43281E+10  1.19543E+09  1.97167E+08  3.88976E+10  2.04082E+00
 0.530  1.44000E+01  1.18533E+09  1.06180E+10  1.47499E+10  8.87259E+08  1.61631E+08  3.97865E+10  1.72019E+00
 0.540  1.46250E+01  1.13636E+09  1.07737E+10  1.49877E+10  9.18838E+08  1.09681E+08  3.99577E+10  1.09829E+00
 0.550  1.47750E+01  1.09555E+09  1.08177E+10  1.50843E+10  8.94620E+08  7.23818E+07  3.90476E+10  7.57543E-01
 0.561  1.48875E+01  7.75710E+08  1.08205E+10  1.51320E+10  5.99301E+08  3.58517E+07  3.88100E+10  3.86489E-01
 0.570  1.50375E+01  8.24914E+08  1.08686E+10  1.52250E+10  6.19806E+08  4.36139E+07  3.92664E+10  5.60137E-01
 0.580  1.52625E+01  7.79777E+08  1.09550E+10  1.53677E+10  5.77261E+08  5.41620E+07  3.98705E+10  5.79273E-01
 0.590  1.54500E+01  8.40051E+08  1.10538E+10  1.55208E+10  6.81548E+08  6.88613E+07  4.06159E+10  8.12983E-01
