  39
 0.120        27036 -0.55215E-02  0.26585E-02  0.00000E+00  0.23124E+01 -0.45690E+01  0.11871E+02 -0.43645E+00 -0.70689E+00  0.55661E+00   0.562   0.500
 0.130        24885  0.66583E-03 -0.17977E-01 -0.19531E-01 -0.91053E+01  0.22634E+00 -0.99229E+01 -0.40098E+00 -0.75367E+00  0.52076E+00   0.638   0.500
 0.140        20460 -0.54947E-02  0.15767E-01  0.15767E-01  0.28729E+02 -0.19495E+02  0.16351E+02 -0.31642E+00 -0.37484E+00  0.87142E+00   0.900   0.500
 0.150        45251  0.20238E-01  0.00000E+00  0.87098E-02 -0.14491E+02 -0.90274E+00  0.60337E+01  0.68076E+00  0.30798E+00 -0.66461E+00   1.086   0.657
 0.160        55082  0.54577E-03  0.32746E-02 -0.12553E-01 -0.32267E+02 -0.26325E+02 -0.22199E+02  0.56276E+00  0.26422E+00 -0.78325E+00   1.000   0.617
 0.170        65003 -0.14487E-02 -0.11589E-01  0.57947E-03 -0.98175E+01  0.46019E+01  0.34753E+01  0.27821E-01 -0.82942E+00  0.55793E+00   1.474   0.913
 0.180        75159 -0.30697E-03 -0.15349E-02 -0.18418E-02 -0.39720E+02 -0.27832E+02  0.29997E+02 -0.63091E-02  0.69104E+00  0.72278E+00   1.675   1.220
 0.190        72678 -0.97324E-03  0.19465E-02  0.19465E-02 -0.72866E+01 -0.37428E+01  0.35773E+01  0.78713E+00  0.61199E+00  0.76763E-01   1.891   0.898
 0.200        55569 -0.27313E-02 -0.13656E-02  0.00000E+00 -0.26168E+02  0.94534E+02 -0.86751E+01  0.27156E+00  0.63623E+00  0.72212E+00   1.308   0.503
 0.210        72643 -0.28697E-02 -0.14348E-02  0.71741E-03  0.79652E+02  0.70818E+02  0.44321E+01  0.10911E+00  0.75393E+00 -0.64783E+00   1.919   1.173
 0.220        75675 -0.37501E-03 -0.33751E-02 -0.75002E-03  0.23292E+03  0.86358E+02  0.86665E+02  0.55534E+00  0.73606E+00 -0.38705E+00   2.095   0.536
 0.230        96396 -0.39251E-03 -0.78501E-03  0.00000E+00  0.34426E+02 -0.25112E+03 -0.35872E+02  0.10398E+00  0.96029E+00  0.25891E+00   2.029   0.819
 0.240       159527  0.28685E-02 -0.12294E-02 -0.81958E-03  0.64866E+01  0.12372E+03 -0.15261E+03  0.42163E+00  0.90380E+00 -0.73341E-01   2.059   0.570
 0.250        88588  0.85225E-03  0.42612E-03 -0.85225E-03 -0.17626E+03  0.25768E+01  0.31898E+02  0.58779E+00  0.70078E+00 -0.40423E+00   2.518   0.590
 0.260       176527  0.13333E-02 -0.13333E-02 -0.17777E-02  0.12128E+03  0.99481E+02  0.37060E+02  0.41477E+00  0.79546E+00 -0.44182E+00   1.618   0.500
 0.290       266096  0.14848E-02 -0.19798E-02  0.19798E-02 -0.30175E+03  0.10684E+03  0.81823E+02 -0.54646E+00  0.76883E+00  0.33209E+00   4.427   0.660
 0.310       376382 -0.10559E-02 -0.52794E-03  0.10559E-02  0.11571E+02  0.42754E+02  0.50443E+02 -0.62429E+00  0.72958E+00  0.27924E+00   4.538   0.578
 0.330       594729 -0.11267E-02  0.11267E-02 -0.11267E-02 -0.88137E+02  0.10675E+03  0.14515E+03 -0.42181E+00  0.85127E+00  0.31213E+00   4.022   0.788
 0.360       292059 -0.24526E-02 -0.24526E-02  0.00000E+00 -0.15957E+03 -0.90832E+02 -0.39270E+02 -0.75502E+00  0.49203E+00  0.43341E+00   4.428   0.622
 0.370       131771 -0.12613E-02  0.00000E+00  0.12613E-02 -0.30734E+03  0.11794E+03  0.12198E+03 -0.80527E+00  0.40619E+00  0.43193E+00   6.055   0.906
 0.380       209959 -0.12975E-02  0.19462E-02 -0.25949E-02 -0.39805E+02  0.28003E+02  0.19812E+03 -0.81727E+00  0.39663E+00  0.41804E+00   7.334   0.732
 0.390       751847 -0.13299E-02  0.00000E+00  0.00000E+00 -0.72137E+02  0.22273E+03 -0.70561E+02 -0.82996E+00  0.38907E+00  0.39974E+00   5.630   0.712
 0.401       225755  0.13662E-02  0.34156E-02  0.00000E+00 -0.64882E+02 -0.96000E+01  0.29464E+01 -0.82795E+00  0.39837E+00  0.39472E+00   5.539   0.796
 0.410       100341  0.00000E+00  0.00000E+00  0.13984E-02 -0.20727E+03  0.75623E+02  0.84305E+02 -0.86433E+00  0.31586E+00  0.39137E+00   4.642   0.596
 0.420       120765  0.00000E+00 -0.21493E-02 -0.14329E-02 -0.22099E+03 -0.29947E+03  0.15739E+02 -0.92426E+00  0.21160E+00  0.31775E+00   4.462   0.855
 0.440       879491 -0.29976E-02  0.74940E-03  0.00000E+00  0.22616E+02  0.12000E+03  0.41223E+02 -0.94502E+00  0.16886E-01  0.32657E+00   3.657   0.539
 0.451       549386 -0.15370E-02  0.00000E+00  0.00000E+00  0.68135E+02 -0.41424E+03  0.16638E+02  0.87927E+00 -0.42990E+00 -0.20513E+00   9.232   1.561
 0.470      1048084  0.16008E-02  0.00000E+00  0.00000E+00  0.27538E+03 -0.13503E+03 -0.16130E+02  0.91886E+00 -0.35108E+00 -0.18008E+00   5.540   1.235
 0.480       901159  0.00000E+00 -0.81763E-03 -0.16353E-02  0.27917E+03 -0.23955E+02 -0.30286E+03  0.91717E+00 -0.37783E+00 -0.12667E+00   4.725   0.730
 0.490      1073294 -0.16713E-02  0.00000E+00  0.16713E-02  0.26832E+02 -0.27748E+02 -0.28181E+03  0.81166E+00 -0.52646E+00 -0.25306E+00   8.676   1.342
 0.500       214388  0.17046E-02 -0.17046E-02 -0.17046E-02 -0.13250E+03 -0.25856E+03  0.55305E+02  0.80540E+00 -0.58273E+00 -0.10845E+00   7.552   1.009
 0.520       180460  0.17734E-02  0.00000E+00  0.00000E+00 -0.46016E+02 -0.16626E+03 -0.18023E+03  0.51018E+00 -0.85825E+00  0.55960E-01   3.173   0.768
 0.530       134222  0.18063E-02  0.18063E-02  0.00000E+00 -0.59097E+02 -0.60932E+02 -0.17041E+03  0.28435E+00 -0.79497E+00  0.53587E+00   2.300   0.678
 0.540      1319784 -0.18395E-02  0.00000E+00  0.00000E+00  0.24372E+03  0.38548E+02 -0.22935E+02  0.22509E+00 -0.82546E+00  0.51764E+00   3.110   0.774
 0.550       396381 -0.18736E-02  0.00000E+00 -0.18736E-02  0.99601E+02 -0.47075E+02  0.14337E+03  0.22594E+00 -0.83691E+00  0.49854E+00   3.307   0.740
 0.561        91108  0.00000E+00  0.38220E-02  0.00000E+00 -0.57563E+01 -0.32571E+03  0.36088E+02  0.24009E+00 -0.71080E+00  0.66115E+00   3.541   0.636
 0.570       638401  0.00000E+00  0.19420E-02  0.00000E+00 -0.15700E+03 -0.20490E+03 -0.19374E+03  0.22137E+00 -0.55985E+00  0.79847E+00   3.195   0.774
 0.580       149688  0.00000E+00  0.19773E-02  0.00000E+00  0.20015E+02 -0.75378E+02  0.38028E+03  0.33326E+00 -0.19570E+00  0.92230E+00   3.419   0.500
 0.590       640275  0.20099E-02  0.00000E+00 -0.20099E-02 -0.89270E+02 -0.30848E+03 -0.20500E+03 -0.76993E+00 -0.12113E+00 -0.62653E+00   8.147   1.044
