  39
 0.120   1.000   0.654  1.94736E+06  2.25653E+06  1.93345E+06  1.28361E+02  0.00000E+00  0.00000E+00  0.00000E+00  1.94736E+06  2.25653E+06  1.93345E+06
 0.130   1.278   0.707  1.78589E+06  2.04285E+06  1.77145E+06  1.46926E+02  4.02007E+05  4.92220E+05  3.96650E+05  1.38388E+06  1.55063E+06  1.37480E+06
 0.140   1.466   0.834  2.73394E+06  3.17919E+06  2.71088E+06  1.68987E+02  7.34519E+05  9.16531E+05  7.18802E+05  1.99942E+06  2.26266E+06  1.99208E+06
 0.150   1.600   0.997  1.03358E+07  1.23892E+07  1.02521E+07  1.95859E+02  2.53806E+06  3.08645E+06  2.51426E+06  7.79777E+06  9.30280E+06  7.73785E+06
 0.160   1.818   1.553  8.45729E+06  1.03475E+07  8.35479E+06  2.90826E+02  3.32109E+06  4.14569E+06  3.26616E+06  5.13620E+06  6.20184E+06  5.08863E+06
 0.170   1.729   0.877  8.11438E+06  9.87655E+06  8.00694E+06  3.31700E+02  2.43303E+06  3.07477E+06  2.38509E+06  5.68135E+06  6.80178E+06  5.62185E+06
 0.180   2.024   0.577  1.45937E+07  1.81585E+07  1.43595E+07  4.18234E+02  4.32691E+06  5.51215E+06  4.22867E+06  1.02668E+07  1.26464E+07  1.01308E+07
 0.190   2.214   1.453  1.45805E+07  1.84916E+07  1.42852E+07  5.41472E+02  6.04144E+06  7.76307E+06  5.88734E+06  8.53910E+06  1.07285E+07  8.39784E+06
 0.200   2.309   1.383  9.71741E+06  1.24267E+07  9.49743E+06  6.29808E+02  4.26840E+06  5.48763E+06  4.15504E+06  5.44901E+06  6.93911E+06  5.34239E+06
 0.210   2.122   1.224  1.35069E+07  1.73227E+07  1.31729E+07  7.15159E+02  5.02202E+06  6.53681E+06  4.86870E+06  8.48486E+06  1.07859E+07  8.30423E+06
 0.220   2.334   0.996  1.99205E+07  2.52308E+07  1.94960E+07  6.58065E+02  6.24311E+06  8.11385E+06  6.05779E+06  1.36774E+07  1.71170E+07  1.34382E+07
 0.230   2.830   1.334  2.14734E+07  2.69021E+07  2.10014E+07  6.96333E+02  6.95016E+06  9.10506E+06  6.72384E+06  1.45233E+07  1.77971E+07  1.42775E+07
 0.240   3.098   1.234  2.40466E+07  3.11113E+07  2.34498E+07  8.28802E+02  8.58195E+06  1.12579E+07  8.29270E+06  1.54646E+07  1.98533E+07  1.51571E+07
 0.250   3.067   0.790  2.52224E+07  3.29175E+07  2.45091E+07  9.78941E+02  9.73960E+06  1.28396E+07  9.41328E+06  1.54828E+07  2.00779E+07  1.50958E+07
 0.260   3.547   1.123  2.25660E+07  2.98300E+07  2.18162E+07  1.16553E+03  9.66920E+06  1.28222E+07  9.30583E+06  1.28968E+07  1.70077E+07  1.25103E+07
 0.270   4.520   1.205  2.56807E+07  3.40194E+07  2.48208E+07  1.22373E+03  1.15258E+07  1.52954E+07  1.10967E+07  1.41549E+07  1.87241E+07  1.37241E+07
 0.280   3.750   1.173  3.61513E+07  4.70668E+07  3.50848E+07  1.13355E+03  2.74372E+07  3.64913E+07  2.64762E+07  8.71414E+06  1.05755E+07  8.60864E+06
 0.290   5.700   3.647  3.37277E+07  4.33890E+07  3.28425E+07  1.03473E+03  2.22742E+07  2.97546E+07  2.14292E+07  1.14536E+07  1.36344E+07  1.14133E+07
 0.300   1.287   0.968  2.35161E+07  3.07865E+07  2.28721E+07  1.14935E+03  1.71795E+07  2.29753E+07  1.65611E+07  6.33661E+06  7.81115E+06  6.31101E+06
 0.310   5.427   3.139  4.70134E+07  6.19847E+07  4.54528E+07  1.38988E+03  2.75054E+07  3.70362E+07  2.63353E+07  1.95080E+07  2.49485E+07  1.91176E+07
 0.320   5.846   2.240  4.52772E+07  5.98348E+07  4.37395E+07  1.45976E+03  2.58880E+07  3.49392E+07  2.47355E+07  1.93893E+07  2.48956E+07  1.90040E+07
 0.330   5.709   2.795  6.69430E+07  8.87281E+07  6.46749E+07  1.52538E+03  3.55879E+07  4.81407E+07  3.39996E+07  3.13551E+07  4.05875E+07  3.06753E+07
 0.340   3.829   1.661  8.85084E+07  1.13626E+08  8.61131E+07  1.26770E+03  3.76369E+07  5.12175E+07  3.58791E+07  5.08715E+07  6.24084E+07  5.02340E+07
 0.350   4.477   2.364  2.39193E+08  2.87666E+08  2.37061E+08  4.72238E+02  3.05191E+07  4.13198E+07  2.91093E+07  2.08674E+08  2.46346E+08  2.07952E+08
 0.360   4.788   3.482  7.46985E+07  9.32383E+07  7.37077E+07  7.06493E+02  1.21948E+07  1.66229E+07  1.15329E+07  6.25036E+07  7.66154E+07  6.21748E+07
 0.370   5.188   2.640  2.04761E+08  2.53983E+08  2.02572E+08  6.29019E+02  2.45238E+07  3.34504E+07  2.32863E+07  1.80237E+08  2.20533E+08  1.79285E+08
 0.380   4.959   2.983  2.28778E+08  2.89978E+08  2.26169E+08  7.12749E+02  2.39985E+07  3.28692E+07  2.26829E+07  2.04779E+08  2.57109E+08  2.03486E+08
 0.390   6.286   2.782  1.45452E+08  1.87422E+08  1.42351E+08  1.19887E+03  3.54642E+07  4.85707E+07  3.35182E+07  1.09988E+08  1.38851E+08  1.08833E+08
 0.400   5.081   2.832  4.14906E+08  5.24167E+08  4.10970E+08  6.65986E+02  2.96660E+07  4.07006E+07  2.80433E+07  3.85240E+08  4.83466E+08  3.82926E+08
 0.410   6.502   4.088  4.84608E+08  6.19532E+08  4.79534E+08  7.55408E+02  3.70826E+07  5.09576E+07  3.50187E+07  4.47526E+08  5.68574E+08  4.44515E+08
 0.420   6.767   2.590  5.13279E+08  6.48495E+08  5.07760E+08  7.66358E+02  4.43999E+07  6.07093E+07  4.19871E+07  4.68879E+08  5.87786E+08  4.65773E+08
 0.430   6.918   3.210  4.09651E+08  5.27902E+08  4.04327E+08  9.33258E+02  3.93763E+07  5.41113E+07  3.70448E+07  3.70275E+08  4.73791E+08  3.67282E+08
 0.440   5.942   1.903  5.80002E+08  7.43866E+08  5.73984E+08  8.20702E+02  4.03514E+07  5.48758E+07  3.81702E+07  5.39651E+08  6.88990E+08  5.35814E+08
 0.450   8.007   2.314  6.54146E+08  8.49542E+08  6.46894E+08  9.14174E+02  5.30704E+07  7.17222E+07  5.05806E+07  6.01075E+08  7.77820E+08  5.96314E+08
 0.460   8.449   3.040  5.88005E+08  7.70572E+08  5.80529E+08  1.05747E+03  4.95180E+07  6.75409E+07  4.69288E+07  5.38487E+08  7.03031E+08  5.33600E+08
 0.470   8.909   2.580  7.16206E+08  9.39963E+08  7.07384E+08  1.07370E+03  5.86996E+07  7.95872E+07  5.59279E+07  6.57506E+08  8.60376E+08  6.51456E+08
 0.480   9.581   2.279  7.89365E+08  1.04788E+09  7.79095E+08  1.18411E+03  5.20362E+07  7.15216E+07  4.92361E+07  7.37329E+08  9.76356E+08  7.29859E+08
 0.490   7.831   2.181  8.52821E+08  1.13626E+09  8.41324E+08  1.25782E+03  5.96590E+07  8.13856E+07  5.66997E+07  7.93162E+08  1.05487E+09  7.84625E+08
 0.500   8.455   3.088  8.71961E+08  1.17114E+09  8.59383E+08  1.38024E+03  6.21855E+07  8.53006E+07  5.90334E+07  8.09776E+08  1.08584E+09  8.00350E+08
