  39
 0.120  7.00000E+00  5.60866E+09  5.86969E+01
 0.130  9.50000E+00  1.08773E+10  7.01671E+01
 0.140  1.12500E+01  1.47493E+10  7.50833E+01
 0.150  1.27500E+01  1.72888E+10  7.63593E+01
 0.160  1.40000E+01  1.80358E+10  7.44283E+01
 0.170  1.45000E+01  1.71331E+10  7.12802E+01
 0.180  1.57500E+01  1.81379E+10  7.03700E+01
 0.190  1.67500E+01  1.88182E+10  6.95050E+01
 0.200  1.80000E+01  2.03190E+10  6.96706E+01
 0.210  1.92500E+01  2.14484E+10  6.92176E+01
 0.220  2.05000E+01  2.23389E+10  6.84523E+01
 0.230  2.17500E+01  2.34055E+10  6.80243E+01
 0.240  2.30000E+01  2.46084E+10  6.78284E+01
 0.250  2.47500E+01  2.69116E+10  6.83781E+01
 0.260  2.72500E+01  3.23004E+10  7.13929E+01
 0.270  3.62500E+01  6.78952E+10  8.97429E+01
 0.280  3.95000E+01  7.96378E+10  9.31098E+01
 0.290  4.25000E+01  8.86432E+10  9.47027E+01
 0.300  4.50000E+01  9.58178E+10  9.56866E+01
 0.310  4.80000E+01  1.05387E+11  9.71646E+01
 0.320  5.07500E+01  1.13592E+11  9.81049E+01
 0.330  5.35000E+01  1.22069E+11  9.90512E+01
 0.340  5.52500E+01  1.24779E+11  9.85461E+01
 0.350  5.72500E+01  1.27510E+11  9.78632E+01
 0.360  6.00000E+01  1.36113E+11  9.87661E+01
 0.370  6.25000E+01  1.42280E+11  9.89387E+01
 0.380  6.42500E+01  1.43128E+11  9.78724E+01
 0.390  6.60000E+01  1.44068E+11  9.68828E+01
 0.400  6.80000E+01  1.46675E+11  9.63071E+01
 0.410  7.10000E+01  1.55037E+11  9.68998E+01
 0.420  7.32500E+01  1.59822E+11  9.68610E+01
 0.430  7.52500E+01  1.61993E+11  9.62121E+01
 0.440  7.72500E+01  1.64297E+11  9.56314E+01
 0.450  7.97500E+01  1.69912E+11  9.57151E+01
 0.460  8.27500E+01  1.77893E+11  9.61457E+01
 0.470  8.47500E+01  1.81066E+11  9.58479E+01
 0.480  8.65000E+01  1.81868E+11  9.50833E+01
 0.490  8.80000E+01  1.81517E+11  9.41783E+01
 0.500  8.97500E+01  1.82454E+11  9.34960E+01
