  41
 0.100  2.67176E-02  2.17922E-02  1.12703E-01  2.86454E+01  2.61231E+01  1.13163E+01 -4.26418E-01  8.88745E-01  1.68227E-01  5.67128E+00   0.825   0.500  6.34451E+07  6.32131E+07  3.92058E+06  0.00000E+00  4.75551E+07  1.80483E-02  1.32948E+02   7.673   7.725
 0.110  3.01779E-02  5.19131E-02  2.02234E-02 -6.66403E+00 -6.60050E+00 -1.16596E+00 -7.46774E-01  2.55522E-01  6.14033E-01  3.23666E+00   1.000   0.500  3.04632E+07  4.83170E+07  2.32683E+07  2.19420E+05  5.29591E+07  2.85809E-01  7.40870E+01   8.502   8.170
 0.120 -9.45846E-02 -3.79750E-02 -3.68326E-02  3.14134E+00  1.44691E+01  1.32123E+01 -6.72178E-01 -5.67604E-01  4.75397E-01  1.40885E+01   1.019   0.746  4.55710E+07  4.68146E+07  8.92580E+06  1.88276E+05  3.72459E+07  1.75877E-02  1.64009E+02   8.232   8.330
 0.130  7.64640E-03 -3.57152E-02  2.67591E-02 -9.37449E-01 -2.33149E+00  3.81242E+00 -4.32560E-01 -4.91255E-01 -7.56016E-01  6.97905E+00   1.051   0.558  7.20293E+07  9.19716E+07  4.15129E+07  6.14867E+05  5.73654E+07  3.35406E-01  1.34488E+02   8.299   8.330
 0.140  3.34337E-03 -5.28667E-02 -1.77095E-02 -1.07700E+01 -4.31065E+00  1.70632E+00 -2.50821E-01  4.43544E-01 -8.60440E-01  1.73130E+01   1.190   0.500  1.26548E+08  1.51735E+08  5.35981E+07  1.91713E+06  9.28655E+07  3.75339E-01  1.46914E+02   8.201   8.325
 0.150  3.53579E-02 -1.46009E-02 -2.92059E-02 -2.91370E+00  5.99590E+00  1.94555E+01 -7.12188E-01 -2.51166E-01 -6.55519E-01  1.08392E+01   1.242   0.652  1.33205E+08  1.55937E+08  6.20001E+07  2.24060E+06  8.47179E+07  2.31457E-01  1.78216E+02   8.367   8.394
 0.160 -5.28305E-02 -1.20416E-01  5.15007E-02 -1.96319E+01  8.52190E+00 -1.49249E+01 -1.76458E-02 -5.60661E-01 -8.27857E-01  3.07868E+01   1.535   0.659  1.57471E+08  2.01152E+08  1.05884E+08  2.64059E+06  1.06251E+08  5.66652E-01  1.77971E+02   8.409   8.453
 0.170  3.05185E-02  1.09482E-01  2.30771E-02  2.36097E+01 -4.77164E+00 -2.05121E+00 -3.74538E-01 -5.26004E-01 -7.63571E-01  5.46702E+01   1.682   0.846  2.85098E+08  3.38410E+08  1.92279E+08  6.27682E+06  1.39423E+08  8.53532E-01  2.05181E+02   8.221   8.472
 0.180 -3.90679E-02  3.24701E-02 -1.96516E-03 -9.03976E+00 -2.61316E+00  2.54930E+00  4.31021E-01 -1.05677E-01 -8.96132E-01  2.58029E+01   1.409   0.579  2.12099E+08  2.87838E+08  2.10607E+08  4.84945E+06  1.04255E+08  1.11352E+00  2.19843E+02   8.385   8.458
 0.190  1.37611E-03 -1.94060E-02 -1.37827E-03 -3.83745E+00  2.26756E+00  1.35682E+00  5.39070E-01  1.19158E-01 -8.33790E-01  3.64968E+01   1.793   0.628  1.36021E+08  2.02079E+08  2.66062E+08  1.07913E+07  1.28947E+08  6.90011E-01  2.49229E+02   8.564   8.465
 0.200  2.02829E-02 -3.82765E-01 -1.19478E-01  6.31515E-01 -1.12111E+01 -1.06471E+01  9.91554E-01  4.54187E-02  1.21482E-01  5.82695E+01   2.965   1.454  6.63048E+08  6.71872E+08  1.87220E+08  1.03128E+07  3.64146E+08  8.25818E-01  3.19808E+02   8.234   8.535
 0.210  8.96888E-03 -3.68293E-03 -3.42728E-03  1.79964E+00  5.59816E+00  5.19450E+00  8.37489E-01  3.51360E-01 -4.18520E-01  2.84326E+01   1.309   0.500  3.36775E+08  6.27702E+08  6.46946E+08  6.38707E+06  1.31857E+08  3.60737E+00  2.33614E+02   8.619   8.576
 0.220  7.27643E-02 -1.87860E-01 -7.83642E-02 -2.44333E+00 -5.10666E+00  1.92317E+01  6.06041E-01 -2.10542E-01  7.67064E-01  6.85097E+01   2.792   0.816  8.93253E+08  9.21129E+08  1.69184E+08  2.46117E+07  4.05798E+08  9.41921E-01  3.77036E+02   8.388   8.338
 0.230 -3.04714E-01  1.06123E-01  1.22267E-01  9.21701E-01 -7.44171E+00  1.29370E+00  4.51934E-01  1.44880E-01  8.80208E-01  1.07544E+02   3.543   0.853  7.24353E+08  9.73279E+08  8.32213E+08  2.51833E+07  5.42976E+08  2.54473E+00  2.67786E+02   8.553   8.593
 0.240  8.43520E-02  9.49901E-02  8.25955E-02  9.58878E+00 -2.68812E+00  1.79473E+00  2.04476E-01  4.24051E-01  8.82253E-01  1.52513E+02   3.061   0.979  9.43674E+08  1.16446E+09  5.87630E+08  3.99858E+07  4.51441E+08  3.57530E+00  2.59165E+02   8.462   8.361
 0.250  1.62590E-02  1.70898E-01 -5.40891E-02 -1.46470E+01  1.85684E+00 -3.32965E+00  1.39896E-01  4.90566E-01  8.60101E-01  2.02384E+02   3.086   0.705  1.00299E+09  1.47764E+09  1.06734E+09  6.37969E+07  4.30989E+08  6.46725E+00  2.29410E+02   8.496   8.363
 0.260  2.94495E-02  2.17014E-01 -1.41362E-01 -1.98158E+01  9.26985E+00 -4.23176E+00  2.65601E-01  4.94739E-01  8.27460E-01  2.34923E+02   3.768   1.161  7.19982E+08  7.99467E+08  1.42943E+09  1.35945E+08  6.48562E+08  1.08980E+00  3.48105E+02   8.540   8.421
 0.270 -1.12722E-01 -1.95506E-02  1.78467E-01 -1.12842E+01  4.12256E+00  1.82822E+01  1.79447E-01  5.88546E-01  7.88297E-01  2.55581E+02   4.297   1.543  9.03447E+08  9.89240E+08  1.51869E+09  1.51589E+08  8.45516E+08  1.48380E+00  4.65461E+02   8.485   8.470
 0.280  1.42097E-02  1.24345E-01  2.82656E-02 -9.54458E+00  9.61431E+00 -1.86667E+00  5.65606E-02  5.77847E-01  8.14183E-01  3.42125E+02   4.300   0.956  1.17186E+09  1.34106E+09  1.79939E+09  9.48144E+07  7.23552E+08  3.03104E+00  6.15416E+02   8.432   8.656
 0.290 -5.08711E-01  1.10551E-01 -7.28650E-03 -2.40722E+00 -6.10160E+00 -1.32621E+00  9.92848E-02  4.62759E-01  8.80906E-01  3.96451E+02   5.317   1.278  1.33159E+09  1.44463E+09  2.59536E+09  1.51618E+08  1.07913E+09  2.12394E+00  6.98645E+02   8.388   8.643
 0.300 -2.19780E-01  1.17913E-01 -6.75725E-02  1.83961E+01  1.58302E+01 -2.58196E+01  1.17041E-01  5.32128E-01  8.38535E-01  2.85970E+02   4.954   1.136  1.40446E+09  1.90416E+09  2.95536E+09  1.46236E+08  1.04438E+09  7.76857E+00  6.84032E+02   8.441   8.602
 0.310 -1.11812E-01 -1.26546E-01 -1.01675E-01  5.28860E+01 -8.61586E+01  5.91085E+01  7.61193E-02  5.08615E-01  8.57623E-01  2.47405E+02   3.369   1.309  1.81631E+09  2.16673E+09  2.89465E+09  2.21823E+08  1.41077E+09  5.69545E+00  7.25412E+02   8.449   8.579
 0.320  9.02284E-05  1.15647E-02 -1.90183E-02 -5.99978E+00 -4.01240E+00  3.33297E+00  4.31044E-01  5.03600E-01  7.48725E-01  8.72321E+01   1.397   0.500  6.43751E+08  1.29197E+09  2.94492E+09  3.90754E+07  2.73525E+08  7.23576E+00  7.28024E+02   8.789   8.713
 0.330 -2.44949E-02  4.60553E-02 -2.74130E-02 -2.01709E+00 -2.63380E+00 -9.09795E+00  3.03010E-01  7.66798E-01  5.65867E-01  1.12980E+02   2.153   0.716  4.25714E+08  8.38953E+08  2.64700E+09  1.03840E+08  4.28412E+08  4.87621E+00  7.14578E+02   8.838   8.723
 0.340 -3.36985E-02 -6.32951E-02  1.57956E-01  1.54668E+01 -6.76163E-01  8.94552E+00  2.14122E-01  8.94529E-01  3.92389E-01  1.87282E+02   2.505   0.689  4.17308E+08  6.09948E+08  2.15222E+09  1.44523E+08  4.47201E+08  2.15031E+00  8.11533E+02   8.758   8.728
 0.350 -1.04263E-01 -1.79705E-02  9.55438E-02  1.00497E+01 -5.90159E+00  1.54834E+01  2.45086E-01  8.69400E-01  4.29040E-01  2.42302E+02   3.085   1.083  4.12473E+08  5.08823E+08  2.55563E+09  2.24324E+08  6.88385E+08  1.34773E+00  9.15728E+02   8.732   8.715
 0.360 -2.38518E-01  1.74711E-02  1.09000E-01 -3.72342E-01 -1.54668E+00  4.79905E+00  1.26401E-01  9.21193E-01  3.68003E-01  2.81180E+02   3.527   1.090  5.16254E+08  5.69662E+08  2.43103E+09  2.10083E+08  7.45168E+08  9.66581E-01  1.06274E+03   8.625   8.718
 0.370  5.53650E-01  4.61930E-01 -2.84288E-01 -2.06913E+00 -8.36146E+00  3.22291E+01 -1.06558E-01  3.36150E-01  9.35761E-01  6.16948E+01   5.140   2.396  1.44423E+09  1.52182E+09  3.17181E+09  3.69024E+08  1.55535E+09  2.36633E+00  1.12464E+03   8.386   8.683
 0.380  2.03048E-04 -8.43851E-03  6.42262E-03  1.73100E-01  6.16085E-01  1.55289E+00 -5.31206E-01  5.33745E-01  6.57979E-01  6.39568E+01   1.000   0.500  2.79232E+08  7.58019E+08  2.59501E+09  6.05228E+07  1.91218E+08  4.40147E+00  9.19670E+02   8.957   8.768
 0.390 -2.60419E-02 -4.48059E-02  2.89904E-03 -2.91005E+00  2.86549E+00 -6.85232E-01 -8.55651E-01  5.17409E-01 -1.22151E-02  1.48827E+02   3.072   0.658  2.65382E+08  3.97556E+08  2.63056E+09  1.67989E+08  5.27180E+08  1.36349E+00  1.09670E+03   8.793   8.749
 0.400 -2.66142E-01  6.63749E-02  3.45961E-01 -9.26301E+00 -1.01401E+01  2.65959E+01 -9.16623E-01 -5.70016E-02 -3.95668E-01  4.15390E+02   8.335   2.767  8.24005E+08  7.51101E+08  1.83327E+09  2.90796E+08  2.35306E+09  4.32283E-01  1.54524E+03   8.398   8.666
 0.410 -1.38221E-01  3.53942E-02  2.78728E-02 -6.06103E+00 -2.91981E+01  6.40628E+00 -9.22243E-01  6.81281E-02 -3.80562E-01  5.70263E+02   8.826   1.840  1.03489E+09  1.05661E+09  3.29114E+09  3.34380E+08  2.09791E+09  1.41951E+00  1.42515E+03   8.317   8.720
 0.420 -3.33681E-01 -3.51767E-01  5.31276E-01 -1.28287E+01 -2.35526E+01  3.39401E+00 -9.28050E-01  1.28590E-01 -3.49555E-01  5.28330E+02   7.795   1.119  1.04621E+09  1.11772E+09  3.82144E+09  3.16834E+08  1.44827E+09  1.74908E+00  1.47576E+03   8.334   8.720
 0.430  3.76713E-02 -1.59638E-01 -2.85163E-01 -4.52591E+00 -2.93441E+01 -1.10370E-01 -9.72853E-01  9.56344E-02 -2.10738E-01  5.19555E+02   5.737   0.777  9.11371E+08  1.03755E+09  3.96697E+09  2.74690E+08  9.71055E+08  1.94149E+00  1.53766E+03   8.399   8.720
 0.440  2.17310E-01  7.61178E-01 -2.29713E-01 -1.98022E+00 -2.19951E+01 -2.72854E+01 -9.50073E-01  1.64060E-01 -2.65416E-01  6.85127E+02   7.204   1.129  1.03847E+09  1.09490E+09  4.14514E+09  3.43592E+08  1.37527E+09  1.22417E+00  1.64492E+03   8.398   8.697
 0.450  1.55257E-01  3.64217E-01 -8.61416E-02 -1.79434E+00 -1.39192E+01 -1.94152E+01 -9.50046E-01  1.20014E-01 -2.88114E-01  6.61701E+02   6.738   0.918  7.57845E+08  7.88899E+08  3.98387E+09  3.05771E+08  1.18006E+09  6.92948E-01  1.75417E+03   8.478   8.701
 0.460  1.46732E-01  1.75225E-01 -2.04346E-01 -2.18228E+00 -4.85895E+00 -1.79731E+01 -9.50740E-01  1.18051E-01 -2.86632E-01  7.40064E+02   7.061   1.304  8.83293E+08  8.92105E+08  4.00594E+09  3.55480E+08  1.50123E+09  5.82938E-01  1.88940E+03   8.453   8.684
 0.470  2.08834E-01  7.12188E-01 -1.91246E-01  1.66885E+00 -3.01011E-01 -2.43387E+01 -9.51428E-01  1.01865E-01 -2.90530E-01  7.65222E+02   7.683   1.339  8.27198E+08  8.31792E+08  3.98821E+09  3.61798E+08  1.57015E+09  5.28515E-01  2.01623E+03   8.461   8.680
 0.480 -7.62374E-02  5.11039E-01  7.50333E-01  1.32536E+01  2.74054E+01 -1.17880E+01 -9.46198E-01  1.30866E-01 -2.95945E-01  8.25364E+02   8.007   1.219  8.98302E+08  8.92664E+08  3.83499E+09  3.54253E+08  1.48992E+09  4.32100E-01  2.14701E+03   8.437   8.678
 0.490  7.03764E-03  6.21562E-01  1.06043E-01 -6.20982E-01  6.23851E+00 -5.15996E+00 -9.37878E-01  1.10855E-01 -3.28781E-01  8.69126E+02   9.106   1.283  9.74741E+08  9.56685E+08  3.89289E+09  3.72214E+08  1.64788E+09  2.54249E-01  2.29768E+03   8.416   8.674
 0.500 -2.05685E-01 -3.13824E-01  5.90353E-01 -1.36359E+00  6.25440E+00  6.48470E+00 -9.15683E-01  3.24034E-04 -4.01902E-01  7.67697E+02   7.791   1.044  7.49073E+08  7.40157E+08  3.79349E+09  3.27608E+08  1.33179E+09  1.86764E-01  2.45766E+03   8.466   8.680
