  41
 0.100  7.66518E+07  3.97314E+07  4.60274E+07  7.39678E+07  1.79643E+07  5.48796E+08  2.51442E-01
 0.110  3.16309E+07  9.03858E+07  1.04689E+08  3.02284E+07  5.88188E+07  5.28427E+08  6.90229E-01
 0.120  3.99199E+07  1.01629E+08  1.21794E+08  3.90949E+07  1.42605E+07  6.17219E+08  1.24468E-01
 0.130  7.89684E+07  1.65978E+08  1.96525E+08  7.57675E+07  6.64186E+07  6.66353E+08  8.89724E-01
 0.140  1.16692E+08  2.17429E+08  2.61111E+08  1.12749E+08  5.73094E+07  6.99775E+08  6.53437E-01
 0.150  1.22355E+08  3.12209E+08  3.76375E+08  1.19022E+08  9.13024E+07  8.22819E+08  9.19977E-01
 0.160  1.06850E+08  4.28026E+08  5.18499E+08  1.02983E+08  1.13985E+08  8.79437E+08  1.20359E+00
 0.170  1.39690E+08  5.10120E+08  6.24961E+08  1.34502E+08  8.80014E+07  9.84773E+08  1.05663E+00
 0.180  1.96630E+08  6.43825E+08  7.90213E+08  1.90982E+08  1.24436E+08  1.01354E+09  1.59408E+00
 0.190  1.00682E+08  7.79741E+08  9.66249E+08  9.66302E+07  1.20529E+08  1.06184E+09  1.05849E+00
 0.200  2.49282E+08  9.13783E+08  1.13548E+09  2.42793E+08  1.40266E+08  1.19536E+09  1.89651E+00
 0.210  3.37218E+08  1.39268E+09  1.71137E+09  3.30629E+08  3.74987E+08  1.41019E+09  4.33367E+00
 0.220  3.64451E+08  1.86751E+09  2.30578E+09  3.55857E+08  3.83351E+08  1.63267E+09  4.11773E+00
 0.230  3.38224E+08  2.48574E+09  3.08184E+09  3.33820E+08  4.63189E+08  1.76727E+09  4.13513E+00
 0.240  2.67441E+08  2.77170E+09  3.48933E+09  2.61881E+08  2.31964E+08  1.80643E+09  2.55002E+00
 0.250  2.00606E+08  3.04935E+09  3.87730E+09  1.95723E+08  2.31147E+08  1.93770E+09  2.42891E+00
 0.260  1.07922E+08  3.13926E+09  4.04291E+09  1.05193E+08  1.04129E+08  1.89780E+09  1.02757E+00
 0.270  1.19193E+08  3.27569E+09  4.26385E+09  1.16525E+08  7.45419E+07  1.96913E+09  7.80649E-01
 0.280  1.11689E+08  3.29486E+09  4.32136E+09  1.08685E+08  7.54460E+07  1.93488E+09  8.36707E-01
 0.290  8.48261E+07  3.36858E+09  4.45029E+09  8.26001E+07  5.27066E+07  1.99141E+09  5.84832E-01
 0.300  2.90856E+08  3.66401E+09  4.83025E+09  2.85689E+08  2.24036E+08  2.11495E+09  3.48353E+00
 0.310  3.16371E+08  3.95022E+09  5.20971E+09  3.11563E+08  2.10985E+08  2.37509E+09  2.38982E+00
 0.320  5.42543E+08  5.00344E+09  6.50250E+09  5.36479E+08  6.94729E+08  2.30858E+09  7.63134E+00
 0.330  2.75229E+08  5.90688E+09  7.71312E+09  2.69841E+08  4.54591E+08  2.50437E+09  4.58928E+00
 0.340  1.51735E+08  5.62143E+09  7.41259E+09  1.48049E+08  1.62699E+08  2.24423E+09  1.73771E+00
 0.350  1.03298E+08  5.69942E+09  7.57461E+09  1.00275E+08  9.50287E+07  2.29536E+09  9.98234E-01
 0.360  1.05937E+08  5.42480E+09  7.26043E+09  1.03552E+08  6.03279E+07  2.16883E+09  7.11521E-01
 0.370  5.61709E+08  5.64715E+09  7.56472E+09  5.53513E+08  1.65031E+08  2.28223E+09  2.31684E+00
 0.380  2.79108E+08  6.60414E+09  8.74665E+09  2.75012E+08  5.26472E+08  2.35423E+09  4.72061E+00
 0.390  1.27430E+08  6.57296E+09  8.76436E+09  1.25137E+08  1.61719E+08  2.23268E+09  1.42968E+00
 0.400  1.01081E+08  6.63153E+09  8.90360E+09  9.86001E+07  1.05444E+08  2.24615E+09  1.06122E+00
 0.410  1.37551E+08  6.82700E+09  9.21248E+09  1.33796E+08  1.02033E+08  2.35872E+09  1.10858E+00
 0.420  6.98379E+07  6.78468E+09  9.20242E+09  6.76770E+07  4.82408E+07  2.32904E+09  4.75091E-01
 0.430  5.29643E+07  6.55372E+09  8.92597E+09  5.10037E+07  3.73918E+07  2.24681E+09  3.76260E-01
 0.440  4.11904E+07  6.45501E+09  8.82354E+09  3.96015E+07  2.57626E+07  2.16359E+09  2.75641E-01
 0.450  3.47808E+07  6.18891E+09  8.48917E+09  3.36976E+07  1.67290E+07  2.10099E+09  1.70220E-01
 0.460  2.76797E+07  6.29099E+09  8.65462E+09  2.66837E+07  1.29236E+07  2.17382E+09  1.39409E-01
 0.470  2.24586E+07  6.20308E+09  8.55333E+09  2.15454E+07  1.24443E+07  2.12152E+09  1.29563E-01
 0.480  1.73621E+07  5.84220E+09  8.07364E+09  1.65275E+07  9.07367E+06  2.01535E+09  9.59408E-02
 0.490  1.61203E+07  5.86343E+09  8.11679E+09  1.53874E+07  6.92455E+06  1.99149E+09  7.68552E-02
 0.500  1.48532E+07  5.76299E+09  7.98911E+09  1.41723E+07  6.12329E+06  1.91908E+09  5.85024E-02
