  41
 0.100        14491 -0.85166E-03  0.82611E-02  0.35770E-02 -0.33390E+02  0.10632E+02  0.25854E+02 -0.42642E+00  0.88874E+00  0.16823E+00   0.825   0.500
 0.110        42499 -0.93768E-03 -0.40320E-02  0.11252E-02  0.11894E+02  0.88768E+01  0.37961E+02 -0.74677E+00  0.25552E+00  0.61403E+00   1.000   0.500
 0.120         6377 -0.30691E-02 -0.81843E-03 -0.37853E-02 -0.55901E+02 -0.15005E+01 -0.65195E+02 -0.67218E+00 -0.56760E+00  0.47540E+00   1.019   0.746
 0.130        54840  0.19944E-02 -0.35455E-02  0.66478E-03 -0.14450E+02  0.27834E+02 -0.26109E+02 -0.43256E+00 -0.49125E+00 -0.75602E+00   1.051   0.558
 0.140        53163  0.11934E-02 -0.27447E-02  0.25061E-02  0.51669E+02 -0.87145E+02 -0.29349E+02 -0.25082E+00  0.44354E+00 -0.86044E+00   1.190   0.500
 0.150        45499 -0.17885E-02 -0.10220E-02  0.10220E-02 -0.27265E+02 -0.73695E+00 -0.15472E+02 -0.71219E+00 -0.25117E+00 -0.65552E+00   1.242   0.652
 0.160        97671  0.27280E-03  0.81840E-03 -0.10912E-02  0.75565E+01  0.94045E+01 -0.11082E+02 -0.17646E-01 -0.56066E+00 -0.82786E+00   1.535   0.659
 0.170        26051  0.86881E-03  0.17376E-02  0.43441E-03  0.13377E+03 -0.14815E+02 -0.22370E+03 -0.37454E+00 -0.52600E+00 -0.76357E+00   1.682   0.846
 0.180       116876  0.12276E-02 -0.21483E-02  0.92072E-03 -0.96942E+02 -0.92900E+01 -0.93961E+02  0.43102E+00 -0.10568E+00 -0.89613E+00   1.409   0.579
 0.190       251207  0.32393E-03 -0.16197E-02 -0.97180E-03 -0.14067E+02  0.67286E+02 -0.10511E+02  0.53907E+00  0.11916E+00 -0.83379E+00   1.793   0.628
 0.200        91540 -0.68140E-03  0.34070E-03  0.10221E-02  0.14054E+03  0.53461E+00  0.13070E+03  0.99155E+00  0.45419E-01  0.12148E+00   2.965   1.454
 0.210        89185 -0.21479E-02  0.35798E-03 -0.17899E-03 -0.32242E+02 -0.39054E+02  0.28649E+02  0.83749E+00  0.35136E+00 -0.41852E+00   1.309   0.500
 0.220       399810  0.74951E-03  0.37476E-03 -0.37476E-03  0.30670E+02  0.12899E+01 -0.28697E+02  0.60604E+00 -0.21054E+00  0.76706E+00   2.792   0.816
 0.230        16431  0.35281E-02 -0.39201E-03  0.58802E-03  0.12133E+03 -0.17873E+03  0.51459E+02  0.45193E+00  0.14488E+00  0.88021E+00   3.543   0.853
 0.240        46318  0.40919E-03 -0.16367E-02  0.14321E-02  0.14026E+03 -0.15799E+03  0.20865E+03  0.20448E+00  0.42405E+00  0.88225E+00   3.061   0.979
 0.250       834205  0.12778E-02  0.00000E+00 -0.12778E-02  0.24210E+02 -0.56750E+02  0.63446E+02  0.13990E+00  0.49057E+00  0.86010E+00   3.086   0.705
 0.260       830008  0.44285E-03  0.00000E+00  0.22143E-03 -0.52876E+02 -0.15476E+02  0.22136E+02  0.26560E+00  0.49474E+00  0.82746E+00   3.768   1.161
 0.270       238720  0.27616E-02  0.13808E-02  0.00000E+00  0.72195E+02 -0.10316E+03  0.14021E+02  0.17945E+00  0.58855E+00  0.78830E+00   4.297   1.543
 0.280        35683 -0.38156E-02 -0.14308E-02 -0.11924E-02  0.32009E+02  0.10318E+03  0.15791E+03  0.56561E-01  0.57785E+00  0.81418E+00   4.300   0.956
 0.290       206833  0.00000E+00 -0.19768E-02  0.14826E-02 -0.31479E+03  0.23238E+03 -0.15012E+03  0.99285E-01  0.46276E+00  0.88091E+00   5.317   1.278
 0.300        93043  0.15341E-02  0.15341E-02  0.28125E-02 -0.13723E+03  0.12204E+03  0.38936E+02  0.11704E+00  0.53213E+00  0.83853E+00   4.954   1.136
 0.310      2733868  0.10568E-02  0.52841E-03  0.79261E-03  0.18628E+03 -0.30499E+01  0.94989E+02  0.76119E-01  0.50861E+00  0.85762E+00   3.369   1.309
 0.320        33540 -0.54544E-03  0.00000E+00 -0.32726E-02 -0.23016E+03  0.48150E+03  0.54497E+02  0.43104E+00  0.50360E+00  0.74872E+00   1.397   0.500
 0.330      3127344 -0.11241E-02  0.00000E+00  0.00000E+00  0.35184E+02 -0.56148E+02  0.18946E+02  0.30301E+00  0.76680E+00  0.56587E+00   2.153   0.716
 0.340       180155 -0.23174E-02  0.00000E+00 -0.20278E-02  0.14266E+03 -0.11480E+03  0.32214E+03  0.21412E+00  0.89453E+00  0.39239E+00   2.505   0.689
 0.350       225806  0.11927E-02  0.00000E+00  0.11927E-02 -0.80046E+02  0.25005E+03 -0.29099E+03  0.24509E+00  0.86940E+00  0.42904E+00   3.085   1.083
 0.360       120945  0.12269E-02  0.00000E+00  0.18404E-02  0.11369E+02 -0.84496E+02 -0.10963E+03  0.12640E+00  0.92119E+00  0.36800E+00   3.527   1.090
 0.370       797320  0.00000E+00  0.25207E-02  0.12604E-02  0.67548E+02 -0.54460E+02 -0.60050E+02 -0.10656E+00  0.33615E+00  0.93576E+00   5.140   2.396
 0.380      1072975  0.19424E-02 -0.64745E-03 -0.64745E-03  0.95733E+02 -0.30774E+03  0.39943E+03 -0.53121E+00  0.53375E+00  0.65798E+00   1.000   0.500
 0.390       809485  0.13289E-02 -0.66447E-03  0.66447E-03  0.25321E+02  0.60290E+01 -0.12334E+03 -0.85565E+00  0.51741E+00 -0.12215E-01   3.072   0.658
 0.400       793131 -0.68146E-03  0.13629E-02 -0.68146E-03  0.36448E+02 -0.11467E+03  0.44852E+02 -0.91662E+00 -0.57002E-01 -0.39567E+00   8.335   2.767
 0.410      3327441 -0.13970E-02  0.13970E-02  0.69849E-03  0.21540E+03  0.60552E+02 -0.15542E+03 -0.92224E+00  0.68128E-01 -0.38056E+00   8.826   1.840
 0.420      3049459  0.00000E+00  0.14318E-02  0.71591E-03  0.17838E+03 -0.25919E+03  0.13831E+03 -0.92805E+00  0.12859E+00 -0.34955E+00   7.795   1.119
 0.430       277342  0.00000E+00  0.00000E+00 -0.14654E-02  0.19802E+03  0.25649E+03 -0.29810E+02 -0.97285E+00  0.95634E-01 -0.21074E+00   5.737   0.777
 0.440      5686341 -0.22493E-02 -0.74976E-03  0.74976E-03 -0.10466E+03  0.39385E+03  0.81751E+01 -0.95007E+00  0.16406E+00 -0.26542E+00   7.204   1.129
 0.450      4661833 -0.76663E-03 -0.22999E-02  0.00000E+00 -0.22464E+03  0.55691E+02 -0.26834E+03 -0.95005E+00  0.12001E+00 -0.28811E+00   6.738   0.918
 0.460       620996  0.00000E+00  0.78361E-03  0.00000E+00  0.10830E+03  0.13944E+03 -0.13691E+03 -0.95074E+00  0.11805E+00 -0.28663E+00   7.061   1.304
 0.470      3660122 -0.16009E-02  0.00000E+00  0.40023E-02 -0.41671E+02  0.23626E+03 -0.48209E+02 -0.95143E+00  0.10187E+00 -0.29053E+00   7.683   1.339
 0.480      6290125  0.40884E-02 -0.81767E-03 -0.16353E-02  0.11372E+03 -0.10664E+03 -0.65531E+02 -0.94620E+00  0.13087E+00 -0.29594E+00   8.007   1.219
 0.490       277329 -0.83460E-03  0.83460E-03 -0.16692E-02  0.16589E+03  0.19666E+03  0.31184E+03 -0.93788E+00  0.11086E+00 -0.32878E+00   9.106   1.283
 0.500      6442841  0.85187E-03  0.00000E+00  0.85187E-03  0.13648E+03  0.11013E+03 -0.10264E+02 -0.91568E+00  0.32403E-03 -0.40190E+00   7.791   1.044
