  41
 0.100   0.825  3.66499E+07  4.24900E+07  3.62875E+07  1.30767E+02  0.00000E+00  0.00000E+00  0.00000E+00  3.66499E+07  4.24900E+07  3.62875E+07
 0.110   1.000  9.03858E+07  1.04689E+08  8.97174E+07  1.17048E+02  3.49447E+06  4.23358E+06  3.43536E+06  8.68913E+07  1.00456E+08  8.62821E+07
 0.120   1.019  1.02080E+08  1.22333E+08  1.00918E+08  1.91285E+02  7.00034E+06  8.53495E+06  6.88326E+06  9.50799E+07  1.13799E+08  9.40351E+07
 0.130   1.051  1.67649E+08  1.98498E+08  1.65907E+08  1.89601E+02  7.66042E+06  9.45327E+06  7.50173E+06  1.59989E+08  1.89045E+08  1.58406E+08
 0.140   1.190  2.27487E+08  2.73065E+08  2.24861E+08  2.28157E+02  1.65256E+07  2.03588E+07  1.62310E+07  2.10961E+08  2.52706E+08  2.08630E+08
 0.150   1.242  3.27928E+08  3.95431E+08  3.24130E+08  2.48604E+02  2.32532E+07  2.88643E+07  2.28153E+07  3.04675E+08  3.66567E+08  3.01314E+08
 0.160   1.535  4.63774E+08  5.61629E+08  4.58271E+08  2.74413E+02  3.43279E+07  4.31106E+07  3.35654E+07  4.29446E+08  5.18518E+08  4.24706E+08
 0.170   1.682  5.74904E+08  7.02494E+08  5.67461E+08  3.19160E+02  4.49008E+07  5.67681E+07  4.38332E+07  5.30003E+08  6.45726E+08  5.23627E+08
 0.180   1.409  7.05962E+08  8.65550E+08  6.96594E+08  3.49766E+02  4.12101E+07  5.23981E+07  4.01503E+07  6.64752E+08  8.13152E+08  6.56443E+08
 0.190   1.793  8.83410E+08  1.09465E+09  8.71011E+08  3.94355E+02  7.24400E+07  9.17381E+07  7.07971E+07  8.10970E+08  1.00291E+09  8.00214E+08
 0.200   2.965  1.17490E+09  1.45405E+09  1.15800E+09  4.25363E+02  1.44692E+08  1.84729E+08  1.41320E+08  1.03021E+09  1.26932E+09  1.01668E+09
 0.210   1.309  1.48246E+09  1.82252E+09  1.46352E+09  4.05634E+02  1.06317E+08  1.35851E+08  1.03840E+08  1.37615E+09  1.68667E+09  1.35968E+09
 0.220   2.792  2.35942E+09  2.91446E+09  2.33030E+09  4.19566E+02  4.08639E+08  5.21369E+08  4.00814E+08  1.95078E+09  2.39309E+09  1.92949E+09
 0.230   3.543  3.25647E+09  4.04449E+09  3.21749E+09  4.36731E+02  5.49352E+08  7.07815E+08  5.37851E+08  2.70712E+09  3.33668E+09  2.67963E+09
 0.240   3.061  3.70253E+09  4.63655E+09  3.65619E+09  4.83837E+02  4.84295E+08  6.29527E+08  4.72802E+08  3.21823E+09  4.00702E+09  3.18338E+09
 0.250   3.086  4.53481E+09  5.68852E+09  4.47756E+09  5.13865E+02  5.53877E+08  7.23631E+08  5.39962E+08  3.98093E+09  4.96489E+09  3.93759E+09
 0.260   3.768  4.90865E+09  6.26479E+09  4.83839E+09  6.08760E+02  6.44412E+08  8.45243E+08  6.27538E+08  4.26424E+09  5.41955E+09  4.21085E+09
 0.270   4.297  5.25559E+09  6.78247E+09  5.17028E+09  7.14328E+02  7.40371E+08  9.78122E+08  7.19396E+08  4.51522E+09  5.80435E+09  4.45088E+09
 0.280   4.300  5.54462E+09  7.19270E+09  5.44736E+09  7.96575E+02  7.22700E+08  9.60323E+08  7.00471E+08  4.82192E+09  6.23238E+09  4.74689E+09
 0.290   5.317  5.98419E+09  7.81645E+09  5.87012E+09  8.91101E+02  8.56735E+08  1.14172E+09  8.29477E+08  5.12746E+09  6.67472E+09  5.04064E+09
 0.300   4.954  6.70639E+09  8.71698E+09  6.57852E+09  9.19621E+02  8.46128E+08  1.13382E+09  8.16992E+08  5.86026E+09  7.58316E+09  5.76153E+09
 0.310   3.369  8.71941E+09  1.14000E+10  8.52909E+09  1.05179E+03  2.31980E+09  3.11181E+09  2.23979E+09  6.39961E+09  8.28820E+09  6.28930E+09
 0.320   1.397  5.73600E+09  7.45334E+09  5.61824E+09  1.03838E+03  3.06269E+08  4.14388E+08  2.92629E+08  5.42973E+09  7.03895E+09  5.32561E+09
 0.330   2.153  8.14136E+09  1.06275E+10  7.96565E+09  1.08522E+03  1.28489E+09  1.71883E+09  1.23820E+09  6.85648E+09  8.90869E+09  6.72744E+09
 0.340   2.505  8.93982E+09  1.17781E+10  8.73244E+09  1.18179E+03  1.49347E+09  2.00463E+09  1.43788E+09  7.44635E+09  9.77344E+09  7.29456E+09
 0.350   3.085  9.75864E+09  1.29730E+10  9.51296E+09  1.30284E+03  1.79444E+09  2.41824E+09  1.72626E+09  7.96420E+09  1.05548E+10  7.78670E+09
 0.360   3.527  1.01879E+10  1.36449E+10  9.90842E+09  1.44073E+03  1.98536E+09  2.68913E+09  1.90602E+09  8.20257E+09  1.09558E+10  8.00240E+09
 0.370   5.140  1.17196E+10  1.57214E+10  1.13825E+10  1.54241E+03  2.66429E+09  3.62469E+09  2.55550E+09  9.05533E+09  1.20967E+10  8.82701E+09
 0.380   1.000  6.60414E+09  8.74665E+09  6.40592E+09  1.52192E+03  5.82414E+08  7.95037E+08  5.50683E+08  6.02173E+09  7.95161E+09  5.85523E+09
 0.390   3.072  1.11532E+10  1.49936E+10  1.08123E+10  1.66811E+03  1.81336E+09  2.47534E+09  1.72879E+09  9.33986E+09  1.25183E+10  9.08354E+09
 0.400   8.335  1.41848E+10  1.92262E+10  1.37207E+10  1.84394E+03  3.77158E+09  5.16328E+09  3.60640E+09  1.04133E+10  1.40629E+10  1.01143E+10
 0.410   8.826  1.45555E+10  1.98078E+10  1.40536E+10  1.97655E+03  3.94581E+09  5.42204E+09  3.76576E+09  1.06097E+10  1.43858E+10  1.02879E+10
 0.420   7.795  1.45242E+10  1.98307E+10  1.39986E+10  2.10439E+03  3.76956E+09  5.19631E+09  3.58881E+09  1.07547E+10  1.46344E+10  1.04098E+10
 0.430   5.737  1.40945E+10  1.92805E+10  1.35648E+10  2.20991E+03  3.26550E+09  4.51223E+09  3.10002E+09  1.08290E+10  1.47683E+10  1.04648E+10
 0.440   7.204  1.47062E+10  2.01855E+10  1.41269E+10  2.35223E+03  3.59947E+09  4.98619E+09  3.41097E+09  1.11067E+10  1.51993E+10  1.07159E+10
 0.450   6.738  1.46216E+10  2.01352E+10  1.40181E+10  2.49209E+03  3.47642E+09  4.82618E+09  3.28638E+09  1.11452E+10  1.53091E+10  1.07317E+10
 0.460   7.061  1.47971E+10  2.04412E+10  1.41564E+10  2.64413E+03  3.58392E+09  4.98419E+09  3.38180E+09  1.12132E+10  1.54570E+10  1.07746E+10
 0.470   7.683  1.49862E+10  2.07573E+10  1.43086E+10  2.79421E+03  3.69807E+09  5.15231E+09  3.48322E+09  1.12881E+10  1.56050E+10  1.08253E+10
 0.480   8.007  1.50820E+10  2.09408E+10  1.43700E+10  2.94860E+03  3.75145E+09  5.23436E+09  3.52677E+09  1.13306E+10  1.57065E+10  1.08432E+10
 0.490   9.106  1.53015E+10  2.12986E+10  1.45476E+10  3.11057E+03  3.92644E+09  5.48807E+09  3.68471E+09  1.13750E+10  1.58105E+10  1.08629E+10
 0.500   7.791  1.49910E+10  2.09116E+10  1.42212E+10  3.26831E+03  3.66895E+09  5.13512E+09  3.43418E+09  1.13220E+10  1.57765E+10  1.07871E+10
