  41
 0.100   0.825  2.25149E-01  2.32768E-01  1.79503E-01
 0.110   1.000  6.90229E-01  6.02433E-01  6.56107E-01
 0.120   1.019  1.25491E-01  1.20644E-01  1.71724E-01
 0.130   1.051  8.98882E-01  8.48956E-01  7.58333E-01
 0.140   1.190  6.92102E-01  6.83727E-01  6.96476E-01
 0.150   1.242  9.49343E-01  8.31527E-01  1.07338E+00
 0.160   1.535  1.33982E+00  1.26682E+00  1.37927E+00
 0.170   1.682  1.37371E+00  1.47730E+00  1.22670E+00
 0.180   1.409  1.74162E+00  1.89296E+00  1.55894E+00
 0.190   1.793  1.14549E+00  1.03382E+00  1.45748E+00
 0.200   2.965  2.96976E+00  3.34764E+00  2.36531E+00
 0.210   1.309  4.46237E+00  4.27234E+00  4.38591E+00
 0.220   2.792  5.46809E+00  5.78390E+00  5.24171E+00
 0.230   3.543  5.05269E+00  4.67888E+00  6.50287E+00
 0.240   3.061  5.71484E+00  5.59458E+00  5.44093E+00
 0.250   3.086  8.27409E+00  8.56791E+00  7.79543E+00
 0.260   3.768  1.99200E+00  1.97240E+00  2.47462E+00
 0.270   4.297  2.31558E+00  2.18653E+00  2.57623E+00
 0.280   4.300  3.85191E+00  3.84794E+00  3.48999E+00
 0.290   5.317  2.52526E+00  2.40731E+00  2.73326E+00
 0.300   4.954  9.11365E+00  9.05230E+00  7.87155E+00
 0.310   3.369  8.37136E+00  9.25619E+00  7.21183E+00
 0.320   1.397  8.01641E+00  7.64131E+00  8.21405E+00
 0.330   2.153  6.25691E+00  5.71133E+00  7.02345E+00
 0.340   2.505  3.06837E+00  2.86829E+00  3.36618E+00
 0.350   3.085  1.68862E+00  1.67696E+00  1.77179E+00
 0.360   3.527  1.34090E+00  1.39623E+00  1.26748E+00
 0.370   5.140  5.94343E+00  6.47979E+00  4.41952E+00
 0.380   1.000  4.72061E+00  4.20504E+00  5.95064E+00
 0.390   3.072  1.69965E+00  1.55989E+00  1.96962E+00
 0.400   8.335  1.47221E+00  1.33020E+00  1.71547E+00
 0.410   8.826  1.78840E+00  1.76845E+00  1.90796E+00
 0.420   7.795  1.88226E+00  1.86485E+00  1.84060E+00
 0.430   5.737  2.05979E+00  2.07204E+00  2.10380E+00
 0.440   7.204  1.27911E+00  1.27213E+00  1.37630E+00
 0.450   6.738  7.34834E-01  6.81356E-01  8.49293E-01
 0.460   7.061  6.49049E-01  6.52268E-01  6.33861E-01
 0.470   7.683  5.89571E-01  5.43579E-01  6.69473E-01
 0.480   8.007  5.77673E-01  5.84146E-01  5.54106E-01
 0.490   9.106  3.12889E-01  3.09838E-01  3.44196E-01
 0.500   7.791  2.26332E-01  2.18931E-01  2.43885E-01
