  34
 0.170       777602         4431       338350
 0.180       947630         8120       421758
 0.190      1126681        10903       499061
 0.200      1303597        13868       579957
 0.210      1513279        18783       664771
 0.220      1681465        19693       750221
 0.230      1847187        21441       841218
 0.240      2239229        27167      1031546
 0.250      2649263        31822      1223715
 0.260      2948670        33456      1355334
 0.270      3260623        35466      1503638
 0.280      3659799        39569      1666901
 0.290      3838792        43812      1784239
 0.300      4102465        48283      1919848
 0.310      4526452        51136      2117144
 0.320      5058086        63485      2394192
 0.330      5685456        71816      2656169
 0.340      6481485        84600      3075870
 0.350      7204202       102485      3513435
 0.360      8083807       122091      3921136
 0.370      8938805       138199      4254140
 0.380      9335939       151386      4471785
 0.390      9769266       172056      4700165
 0.400     10467879       282021      4933575
 0.410     10655843       295206      5101524
 0.420     11310076       315889      5291897
 0.430     11511948       339808      5405866
 0.440     11590515       358265      5479247
 0.450     11738301       388483      5550732
 0.460     11859996       401967      5615232
 0.470     12037910       418160      5660849
 0.480     11849413       481775      5702777
 0.490     11620736       519237      5758723
 0.500     11864100       554610      5808472
