  24
 0.100        68646  0.73287E-02 -0.22157E-02  0.51983E-02  0.19617E+02 -0.65247E+01 -0.16968E+02 -0.55322E+00 -0.52508E+00  0.64672E+00   0.938   0.678
 0.110        53782  0.12005E-01  0.45018E-02  0.20914E-01  0.10048E+02 -0.36672E+02 -0.13576E+02 -0.96725E+00  0.24434E+00 -0.68742E-01   1.099   0.689
 0.120        68238 -0.15327E-02  0.81746E-03 -0.24217E-01 -0.26749E+02  0.28699E+02 -0.32150E+02 -0.29965E+00 -0.90651E+00 -0.29742E+00   1.587   1.380
 0.130       212791 -0.99694E-03  0.00000E+00  0.46524E-02  0.94287E+02  0.28839E+02 -0.53773E+02 -0.67842E-02 -0.55091E+00 -0.83454E+00   1.426   0.819
 0.140       268978 -0.16708E-02  0.16708E-02  0.26255E-02  0.50247E+02  0.15321E+03  0.66760E+02  0.43538E+00  0.26823E+00 -0.85936E+00   1.869   0.708
 0.150       231991 -0.12789E-03  0.43482E-02 -0.76733E-03 -0.65367E+02  0.23927E+03  0.25452E+03  0.43858E+00  0.68467E+00 -0.58212E+00   2.478   0.804
 0.160       269062  0.38160E-02 -0.27257E-03  0.68142E-03  0.24066E+03 -0.54631E+02 -0.12305E+03  0.52521E+00  0.50956E+00 -0.68155E+00   2.080   0.515
 0.170       228326  0.00000E+00  0.57970E-03 -0.10145E-02 -0.59370E+02  0.34133E+01 -0.12652E+03  0.58929E+00  0.66007E+00 -0.46587E+00   2.729   0.500
 0.180       187444  0.91992E-03  0.61328E-03  0.22998E-02 -0.21035E+03  0.24380E+03 -0.13792E+03  0.71468E+00  0.66043E+00 -0.23037E+00   3.723   0.678
 0.190       255716  0.97127E-03 -0.32376E-02  0.16188E-03 -0.20204E+03  0.13234E+02  0.11669E+03  0.47953E+00  0.82202E+00 -0.30714E+00   4.573   1.340
 0.200       224548  0.17035E-03 -0.68142E-03  0.18739E-02  0.14430E+03 -0.19205E+03  0.28607E+03  0.52865E+00  0.73109E+00 -0.43132E+00   4.438   0.949
 0.210       287772 -0.21464E-02  0.10732E-02 -0.39351E-02  0.12444E+03 -0.21188E+02  0.10644E+03  0.78414E+00  0.55720E+00 -0.27322E+00   5.035   1.474
 0.220      1063383 -0.33729E-02  0.00000E+00 -0.37477E-03 -0.50467E+00 -0.90269E+02  0.32033E+03  0.81833E+00  0.56982E+00 -0.75099E-01   4.716   1.333
 0.230       667656  0.19597E-03  0.78388E-03 -0.23516E-02  0.11009E+02 -0.18067E+03 -0.38806E+03  0.85785E+00  0.47731E+00 -0.19045E+00   5.068   1.173
 0.240       827569  0.81790E-03 -0.81790E-03  0.40895E-03 -0.22528E+03 -0.31875E+02 -0.13461E+02  0.89602E+00  0.39703E+00 -0.19879E+00   5.806   1.843
 0.250      4128041  0.14907E-02  0.17037E-02  0.29814E-02 -0.16458E+03  0.10922E+03 -0.17536E+02  0.89709E+00  0.44078E+00  0.30787E-01   4.684   0.854
 0.260      3397381  0.30998E-02 -0.13285E-02 -0.13285E-02 -0.33201E+02  0.20403E+03  0.17153E+01  0.89748E+00  0.44102E+00  0.56410E-02   6.047   1.093
 0.270      1352130 -0.23008E-03  0.32212E-02 -0.27610E-02  0.11882E+03  0.48344E+02  0.35765E+03  0.89973E+00  0.43607E+00  0.18253E-01   6.195   1.158
 0.280       676642 -0.21475E-02  0.47721E-03 -0.95442E-03  0.26749E+03 -0.72998E+02 -0.10578E+03  0.94841E+00  0.31699E+00  0.59401E-02   7.024   1.244
 0.290       782047 -0.22235E-02  0.00000E+00 -0.14823E-02 -0.15989E+03  0.17734E+02 -0.41476E+01  0.95116E+00  0.30473E+00  0.49367E-01   6.528   1.551
 0.300       232050  0.51124E-03  0.00000E+00 -0.20450E-02 -0.22694E+03 -0.25981E+03 -0.18952E+03  0.98449E+00  0.17328E+00 -0.27542E-01   6.839   1.148
 0.310      2555515  0.26405E-02  0.15843E-02 -0.10562E-02 -0.64896E+02 -0.26113E+03 -0.13218E+03  0.99832E+00  0.57128E-01  0.97599E-02   6.540   1.512
 0.320      2078528 -0.10903E-02  0.54516E-03 -0.54516E-03  0.85574E+02  0.67930E+02  0.99852E+02  0.99872E+00 -0.11647E-03  0.50606E-01   6.484   1.673
 0.330       408515  0.84328E-03  0.56219E-03  0.00000E+00 -0.27192E+03  0.13069E+02  0.19903E+03  0.99473E+00  0.10250E+00 -0.37898E-02   4.977   1.062
