  24
 0.100   0.938  3.60305E+07  4.12811E+07  3.58734E+07  7.66437E+01  0.00000E+00  0.00000E+00  0.00000E+00  3.60305E+07  4.12811E+07  3.58734E+07
 0.110   1.099  4.81742E+07  5.71126E+07  4.77463E+07  1.47884E+02  7.79521E+06  9.38668E+06  7.68867E+06  4.03790E+07  4.77259E+07  4.00576E+07
 0.120   1.587  7.39844E+07  8.87762E+07  7.31278E+07  1.98500E+02  2.10942E+07  2.56026E+07  2.08001E+07  5.28901E+07  6.31736E+07  5.23277E+07
 0.130   1.426  3.07343E+08  3.46298E+08  3.05817E+08  9.89246E+01  3.85718E+07  4.73523E+07  3.79368E+07  2.68771E+08  2.98946E+08  2.67880E+08
 0.140   1.869  1.15144E+09  1.32770E+09  1.14658E+09  1.04723E+02  1.80879E+08  2.20494E+08  1.78618E+08  9.70564E+08  1.10720E+09  9.67958E+08
 0.150   2.478  2.59807E+09  3.04977E+09  2.58347E+09  1.46269E+02  5.09933E+08  6.30392E+08  5.02755E+08  2.08813E+09  2.41938E+09  2.08071E+09
 0.160   2.080  3.71961E+09  4.43310E+09  3.69485E+09  1.84271E+02  5.76368E+08  7.18612E+08  5.67219E+08  3.14325E+09  3.71449E+09  3.12764E+09
 0.170   2.729  4.86773E+09  5.92219E+09  4.82514E+09  2.49956E+02  8.41107E+08  1.05653E+09  8.26488E+08  4.02662E+09  4.86567E+09  3.99865E+09
 0.180   3.723  5.66077E+09  7.02526E+09  5.59455E+09  3.39739E+02  1.21420E+09  1.53755E+09  1.19077E+09  4.44657E+09  5.48771E+09  4.40378E+09
 0.190   4.573  6.88401E+09  8.53768E+09  6.79372E+09  3.91821E+02  1.43111E+09  1.83118E+09  1.39925E+09  5.45290E+09  6.70650E+09  5.39447E+09
 0.200   4.438  8.59108E+09  1.06790E+10  8.47597E+09  4.20035E+02  1.58502E+09  2.03864E+09  1.54657E+09  7.00607E+09  8.64035E+09  6.92940E+09
 0.210   5.035  1.00967E+10  1.26578E+10  9.95168E+09  4.72285E+02  1.80780E+09  2.33287E+09  1.76150E+09  8.28889E+09  1.03250E+10  8.19018E+09
 0.220   4.716  1.09295E+10  1.38252E+10  1.07566E+10  5.44172E+02  1.85497E+09  2.40643E+09  1.80360E+09  9.07450E+09  1.14188E+10  8.95299E+09
 0.230   5.068  1.26121E+10  1.60217E+10  1.24036E+10  5.96453E+02  2.10847E+09  2.74679E+09  2.04762E+09  1.05037E+10  1.32749E+10  1.03560E+10
 0.240   5.806  1.42345E+10  1.82053E+10  1.39841E+10  6.62040E+02  2.47705E+09  3.23936E+09  2.40357E+09  1.17575E+10  1.49659E+10  1.15806E+10
 0.250   4.684  1.47043E+10  1.88632E+10  1.44294E+10  7.29320E+02  2.13187E+09  2.80968E+09  2.05994E+09  1.25724E+10  1.60535E+10  1.23695E+10
 0.260   6.047  1.74427E+10  2.24798E+10  1.71084E+10  7.78229E+02  2.99180E+09  3.93250E+09  2.89867E+09  1.44509E+10  1.85473E+10  1.42097E+10
 0.270   6.195  1.85671E+10  2.40984E+10  1.81867E+10  8.60654E+02  3.05684E+09  4.04480E+09  2.95412E+09  1.55103E+10  2.00536E+10  1.52326E+10
 0.280   7.024  2.00403E+10  2.61603E+10  1.96026E+10  9.45122E+02  3.42098E+09  4.54697E+09  3.30132E+09  1.66193E+10  2.16133E+10  1.63013E+10
 0.290   6.528  2.06460E+10  2.70919E+10  2.01643E+10  1.03487E+03  3.26682E+09  4.36365E+09  3.14311E+09  1.73792E+10  2.27282E+10  1.70212E+10
 0.300   6.839  2.14840E+10  2.83497E+10  2.09478E+10  1.13302E+03  3.37097E+09  4.51884E+09  3.23682E+09  1.81130E+10  2.38309E+10  1.77110E+10
 0.310   6.540  2.20592E+10  2.92105E+10  2.14756E+10  1.22625E+03  3.27621E+09  4.40930E+09  3.13683E+09  1.87830E+10  2.48012E+10  1.83388E+10
 0.320   6.484  2.35007E+10  3.11441E+10  2.28591E+10  1.29208E+03  3.36552E+09  4.54231E+09  3.21571E+09  2.01351E+10  2.66018E+10  1.96434E+10
 0.330   4.977  2.28472E+10  3.02945E+10  2.21899E+10  1.37362E+03  2.60995E+09  3.53624E+09  2.47685E+09  2.02372E+10  2.67583E+10  1.97131E+10
