  47
 0.100   0.713   0.548  2.27083E+06  2.53740E+06  2.25870E+06  7.38395E+01  0.00000E+00  0.00000E+00  0.00000E+00  2.27083E+06  2.53740E+06  2.25870E+06
 0.110   1.000   0.787  1.68307E+06  1.95852E+06  1.66715E+06  1.38900E+02  2.81340E+05  3.36189E+05  2.78678E+05  1.40173E+06  1.62233E+06  1.38847E+06
 0.120   1.169   0.772  8.43062E+06  9.55158E+06  8.39492E+06  8.18494E+01  5.22672E+05  6.33843E+05  5.15252E+05  7.90795E+06  8.91774E+06  7.87967E+06
 0.130   1.408   1.037  9.31715E+06  1.07319E+07  9.25873E+06  1.21343E+02  7.81640E+05  9.60189E+05  7.69597E+05  8.53551E+06  9.77175E+06  8.48913E+06
 0.140   1.588   1.277  1.27407E+07  1.54285E+07  1.25885E+07  2.41450E+02  3.11037E+06  3.85357E+06  3.05811E+06  9.63032E+06  1.15749E+07  9.53038E+06
 0.150   1.637   0.816  2.20412E+07  2.61625E+07  2.18187E+07  2.19348E+02  6.02990E+06  7.53347E+06  5.91114E+06  1.60113E+07  1.86291E+07  1.59075E+07
 0.160   1.053   0.500  9.86400E+07  1.11697E+08  9.82920E+07  9.85306E+01  5.66033E+06  7.14256E+06  5.53031E+06  9.29796E+07  1.04555E+08  9.27617E+07
 0.170   1.726   0.500  2.39732E+08  2.80577E+08  2.38735E+08  1.34431E+02  1.77343E+07  2.19819E+07  1.74656E+07  2.21998E+08  2.58596E+08  2.21269E+08
 0.180   1.928   0.605  3.97770E+08  4.70069E+08  3.95705E+08  1.71582E+02  2.63580E+07  3.32389E+07  2.58405E+07  3.71412E+08  4.36830E+08  3.69865E+08
 0.190   1.683   0.753  2.15653E+08  2.61460E+08  2.14049E+08  2.49723E+02  1.86992E+07  2.35516E+07  1.83941E+07  1.96953E+08  2.37908E+08  1.95655E+08
 0.200   2.853   0.906  2.05227E+08  2.43615E+08  2.03585E+08  2.55728E+02  6.10240E+07  7.67207E+07  6.00390E+07  1.44203E+08  1.66894E+08  1.43546E+08
 0.210   3.844   1.345  7.95864E+08  9.27528E+08  7.92781E+08  1.55006E+02  8.89072E+07  1.12821E+08  8.75183E+07  7.06957E+08  8.14707E+08  7.05262E+08
 0.220   1.969   0.528  1.75761E+09  2.12215E+09  1.74761E+09  2.42103E+02  2.24469E+07  2.90403E+07  2.18821E+07  1.73516E+09  2.09311E+09  1.72573E+09
 0.230   3.668   1.292  1.97533E+09  2.42791E+09  1.95854E+09  3.45676E+02  4.84131E+08  6.16600E+08  4.76865E+08  1.49120E+09  1.81131E+09  1.48167E+09
 0.240   3.712   0.858  2.72042E+09  3.39144E+09  2.69446E+09  4.08134E+02  5.62565E+08  7.26155E+08  5.52656E+08  2.15786E+09  2.66529E+09  2.14181E+09
 0.250   4.515   1.239  2.93584E+09  3.70311E+09  2.90318E+09  4.90320E+02  6.09991E+08  7.93549E+08  5.98027E+08  2.32585E+09  2.90956E+09  2.30516E+09
 0.260   4.794   1.009  3.11930E+09  3.95452E+09  3.08158E+09  5.49340E+02  5.79580E+08  7.60539E+08  5.66635E+08  2.53972E+09  3.19398E+09  2.51495E+09
 0.270   5.327   0.787  2.93540E+09  3.73974E+09  2.89781E+09  6.04330E+02  5.68738E+08  7.44072E+08  5.56598E+08  2.36666E+09  2.99567E+09  2.34121E+09
 0.280   5.650   1.159  3.82896E+09  4.92244E+09  3.77549E+09  6.81515E+02  7.62708E+08  1.00367E+09  7.45386E+08  3.06625E+09  3.91877E+09  3.03010E+09
 0.290   5.950   1.145  4.06958E+09  5.27702E+09  4.00696E+09  7.74032E+02  7.80628E+08  1.03276E+09  7.61675E+08  3.28895E+09  4.24427E+09  3.24528E+09
 0.300   7.092   1.144  4.70578E+09  6.09235E+09  4.63300E+09  8.02359E+02  1.02271E+09  1.34079E+09  1.00088E+09  3.68307E+09  4.75155E+09  3.63212E+09
 0.310   7.991   1.411  5.30996E+09  6.91063E+09  5.22568E+09  8.55985E+02  1.14206E+09  1.50847E+09  1.11675E+09  4.16789E+09  5.40217E+09  4.10893E+09
 0.320   7.222   3.948  4.82358E+09  6.25970E+09  4.75021E+09  8.51610E+02  1.14504E+09  1.51687E+09  1.12029E+09  3.67854E+09  4.74283E+09  3.62991E+09
 0.330   6.239   1.837  4.74156E+09  6.18400E+09  4.65601E+09  9.97847E+02  7.39494E+08  9.97934E+08  7.16285E+08  4.00207E+09  5.18606E+09  3.93972E+09
 0.340   5.002   1.354  4.99923E+09  6.47214E+09  4.90789E+09  1.01165E+03  8.50646E+08  1.13876E+09  8.25703E+08  4.14858E+09  5.33338E+09  4.08219E+09
 0.350   6.843   1.308  6.50571E+09  8.37617E+09  6.40005E+09  9.26372E+02  1.15368E+09  1.54404E+09  1.12182E+09  5.35203E+09  6.83213E+09  5.27823E+09
 0.360   6.788   1.185  7.18165E+09  9.30107E+09  7.06459E+09  9.56596E+02  1.10086E+09  1.48282E+09  1.06788E+09  6.08079E+09  7.81824E+09  5.99672E+09
 0.370   7.288   1.259  7.74725E+09  1.01150E+10  7.61570E+09  1.02627E+03  1.16387E+09  1.57288E+09  1.12820E+09  6.58338E+09  8.54215E+09  6.48750E+09
 0.380   7.134   0.823  7.25032E+09  9.52852E+09  7.11821E+09  1.11289E+03  9.91111E+08  1.34070E+09  9.58881E+08  6.25921E+09  8.18781E+09  6.15933E+09
 0.390   6.885   0.971  7.77295E+09  1.02886E+10  7.62444E+09  1.20539E+03  1.03973E+09  1.41398E+09  1.00365E+09  6.73322E+09  8.87459E+09  6.62079E+09
 0.400   6.722   0.792  7.55525E+09  1.00638E+10  7.39990E+09  1.31153E+03  9.61912E+08  1.31144E+09  9.26445E+08  6.59333E+09  8.75241E+09  6.47345E+09
 0.410   6.826   0.769  7.41254E+09  9.94519E+09  7.24828E+09  1.44045E+03  9.37658E+08  1.28298E+09  9.01488E+08  6.47488E+09  8.66220E+09  6.34679E+09
 0.420   6.205   0.560  6.46232E+09  8.70963E+09  6.30752E+09  1.56312E+03  7.36496E+08  1.01081E+09  7.04841E+08  5.72583E+09  7.69882E+09  5.60268E+09
 0.430   6.819   0.631  7.22807E+09  9.79283E+09  7.04843E+09  1.67089E+03  8.98273E+08  1.23141E+09  8.61416E+08  6.32980E+09  8.56142E+09  6.18702E+09
 0.440   7.170   0.833  7.86240E+09  1.07185E+10  7.65644E+09  1.81681E+03  1.07673E+09  1.48372E+09  1.03254E+09  6.78568E+09  9.23477E+09  6.62390E+09
 0.450   7.130   0.736  7.11324E+09  9.73967E+09  6.91135E+09  1.97363E+03  9.42559E+08  1.30380E+09  9.00237E+08  6.17068E+09  8.43587E+09  6.01111E+09
 0.460   6.650   0.985  6.82655E+09  9.40449E+09  6.61291E+09  2.19764E+03  9.47684E+08  1.31646E+09  9.01884E+08  5.87887E+09  8.08802E+09  5.71103E+09
 0.470   5.725   0.781  5.74013E+09  7.90002E+09  5.54711E+09  2.33168E+03  7.22063E+08  1.00360E+09  6.83072E+08  5.01807E+09  6.89642E+09  4.86404E+09
 0.480   4.116   0.639  5.56841E+09  7.61585E+09  5.38162E+09  2.33547E+03  5.85663E+08  8.11997E+08  5.51300E+08  4.98275E+09  6.80385E+09  4.83032E+09
 0.490   2.846   0.500  4.58133E+09  6.22028E+09  4.41605E+09  2.41989E+03  4.14142E+08  5.72067E+08  3.85848E+08  4.16719E+09  5.64821E+09  4.03020E+09
 0.500   1.333   0.500  3.16059E+09  4.25847E+09  3.03212E+09  2.55876E+03  2.49329E+08  3.44433E+08  2.28354E+08  2.91126E+09  3.91404E+09  2.80376E+09
 0.510   5.881   0.758  2.37207E+08  3.26442E+08  2.19384E+08  4.10688E+03  8.45536E+07  1.18100E+08  7.79782E+07  1.52654E+08  2.08342E+08  1.41405E+08
 0.520  10.761   2.590  3.76929E+08  5.10851E+08  3.52851E+08  3.70350E+03  1.55150E+08  2.17827E+08  1.43730E+08  2.21780E+08  2.93024E+08  2.09121E+08
 0.530  11.274   2.982  4.16832E+08  5.68086E+08  3.90289E+08  3.80456E+03  1.76032E+08  2.47534E+08  1.62797E+08  2.40800E+08  3.20552E+08  2.27492E+08
 0.541  14.131   2.912  4.36942E+08  5.98733E+08  4.08524E+08  3.95306E+03  1.87399E+08  2.63613E+08  1.72892E+08  2.49543E+08  3.35120E+08  2.35632E+08
 0.550  12.656   1.468  3.89721E+08  5.37950E+08  3.61590E+08  4.31597E+03  1.52933E+08  2.14841E+08  1.40468E+08  2.36788E+08  3.23109E+08  2.21122E+08
 0.560  13.012   1.836  4.02529E+08  5.55033E+08  3.74661E+08  4.25551E+03  1.53560E+08  2.15949E+08  1.40912E+08  2.48969E+08  3.39083E+08  2.33749E+08
