  47
 0.100   0.713   0.548  3.31541E-02  4.16328E-02  1.98903E-02
 0.110   1.000   0.787  9.16158E-03  9.12190E-03  1.00003E-02
 0.120   1.169   0.772  8.68465E-02  8.50218E-02  7.89858E-02
 0.130   1.408   1.037  7.12964E-02  7.79388E-02  6.47392E-02
 0.140   1.588   1.277  2.79222E-02  3.30831E-02  1.93548E-02
 0.150   1.637   0.816  1.17369E-01  1.28480E-01  1.04977E-01
 0.160   1.053   0.500  1.12647E+00  1.25482E+00  8.23199E-01
 0.170   1.726   0.500  1.17501E+00  1.25258E+00  1.21198E+00
 0.180   1.928   0.605  2.05097E+00  2.15512E+00  1.90988E+00
 0.190   1.683   0.753  6.05972E-01  5.36685E-01  6.65290E-01
 0.200   2.853   0.906  1.13352E+00  1.31375E+00  9.76977E-01
 0.210   3.844   1.345  6.17068E+00  6.06417E+00  5.65092E+00
 0.220   1.969   0.528  5.31286E+00  5.00392E+00  6.24272E+00
 0.230   3.668   1.292  4.78143E+00  4.62306E+00  4.96136E+00
 0.240   3.712   0.858  3.85510E+00  3.50417E+00  4.51875E+00
 0.250   4.515   1.239  3.50007E+00  3.89808E+00  3.17841E+00
 0.260   4.794   1.009  3.94634E+00  3.86063E+00  4.10559E+00
 0.270   5.327   0.787  3.41340E+00  3.55224E+00  3.26711E+00
 0.280   5.650   1.159  3.22506E+00  3.30204E+00  3.02234E+00
 0.290   5.950   1.145  2.83281E+00  2.81893E+00  2.62772E+00
 0.300   7.092   1.144  4.83795E+00  4.73250E+00  4.47043E+00
 0.310   7.991   1.411  3.04089E+00  3.08834E+00  3.12286E+00
 0.320   7.222   3.948  4.27068E+00  4.15642E+00  4.53357E+00
 0.330   6.239   1.837  5.48228E+00  5.55316E+00  5.56378E+00
 0.340   5.002   1.354  9.89950E+00  1.07959E+01  8.31629E+00
 0.350   6.843   1.308  7.61474E+00  7.50418E+00  8.55091E+00
 0.360   6.788   1.185  6.44457E+00  5.92634E+00  7.51735E+00
 0.370   7.288   1.259  5.27061E+00  4.59616E+00  5.84630E+00
 0.380   7.134   0.823  3.94331E+00  4.02428E+00  3.84856E+00
 0.390   6.885   0.971  3.34679E+00  3.23689E+00  3.39121E+00
 0.400   6.722   0.792  2.46463E+00  2.60748E+00  2.37413E+00
 0.410   6.826   0.769  1.78438E+00  1.88008E+00  1.71165E+00
 0.420   6.205   0.560  1.80712E+00  1.92467E+00  1.66581E+00
 0.430   6.819   0.631  1.29555E+00  1.35114E+00  1.20978E+00
 0.440   7.170   0.833  1.16095E+00  1.12886E+00  1.19372E+00
 0.450   7.130   0.736  8.98535E-01  9.29743E-01  9.64781E-01
 0.460   6.650   0.985  1.01818E+00  1.04151E+00  8.65677E-01
 0.470   5.725   0.781  2.42678E+00  2.59551E+00  1.85601E+00
 0.480   4.116   0.639  4.17692E+00  4.04551E+00  3.72530E+00
 0.490   2.846   0.500  4.21670E+00  4.50956E+00  3.70491E+00
 0.500   1.333   0.500  3.15293E+00  3.22641E+00  3.03602E+00
 0.510   5.881   0.758  1.20106E-01  1.35989E-01  8.83993E-02
 0.520  10.761   2.590  3.73689E-01  3.78697E-01  3.81976E-01
 0.530  11.274   2.982  1.99658E-01  1.88704E-01  2.17359E-01
 0.541  14.131   2.912  1.07900E-01  9.17739E-02  1.12808E-01
 0.550  12.656   1.468  1.97261E-02  2.21550E-02  2.03675E-02
 0.560  13.012   1.836  7.97511E-02  6.61295E-02  7.66870E-02
