  47
 0.100  2.27527E-02  1.27876E-01  7.62169E-02  2.56837E+01 -9.27124E+00 -2.89878E+00  2.00619E-01  8.89036E-01 -4.11542E-01  1.16070E+01   0.713   0.548  1.52572E+07  1.58117E+07  2.27083E+06  0.00000E+00  1.92049E+07  3.31541E-02  7.38395E+01   7.782   7.637
 0.110  2.66378E-01  5.33058E-02 -4.47566E-02  3.64963E-01  1.46456E+01 -1.20130E+01 -4.73327E-01  6.63464E-01  5.79463E-01  1.57383E+01   1.000   0.787  7.78697E+07  7.72889E+07  1.68307E+06  2.81340E+05  3.99895E+07  9.16158E-03  1.38900E+02   7.416   7.444
 0.120  3.10258E-01  1.28970E-01 -2.44501E-01  4.29141E+00  2.21126E+00 -3.44605E-01 -7.82116E-04  2.95629E-01  9.55303E-01  8.91783E+00   1.169   0.772  9.72823E+07  9.99389E+07  8.43062E+06  5.22672E+05  6.82565E+07  8.68465E-02  8.18494E+01   7.916   7.767
 0.130 -6.02018E-02  1.53268E-01 -2.60960E-01 -8.15008E+01  1.47196E+01  2.07649E+01  4.00432E-01  6.76933E-01  6.17588E-01  3.77269E+01   1.408   1.037  1.11751E+08  1.12329E+08  9.31715E+06  7.81640E+05  7.45750E+07  7.12964E-02  1.21343E+02   7.734   7.825
 0.140 -1.72234E-01  3.14830E-01 -2.91297E-01  1.74279E+01 -3.27517E+00 -2.48261E+01 -6.04583E-01 -7.09909E-01  3.61259E-01  3.12762E+01   1.588   1.277  1.77873E+08  1.71393E+08  1.27407E+07  3.11037E+06  1.09077E+08  2.79222E-02  2.41450E+02   7.811   7.822
 0.150  9.92524E-03  5.20406E-02  1.42019E-01 -1.80739E+01 -2.47510E+00 -5.67284E+00  1.16184E-01 -8.83092E-01  4.54587E-01  1.89307E+01   1.637   0.816  2.23103E+08  2.21901E+08  2.20412E+07  6.02990E+06  1.48402E+08  1.17369E-01  2.19348E+02   8.241   7.917
 0.160  3.19655E-03  5.38005E-03  1.32732E-02  8.80410E-02  3.03590E+00  6.18559E+00  4.05151E-01 -9.11534E-01 -7.04216E-02  1.28519E+01   1.053   0.500  2.84033E+08  3.51689E+08  9.86400E+07  5.66033E+06  1.07165E+08  1.12647E+00  9.85306E+01   8.455   8.372
 0.170  4.40750E-02  2.56166E-02  8.29237E-02 -2.65617E+00  4.48411E+00 -7.14006E+00  6.18126E-01 -7.84277E-01  5.32007E-02  2.45998E+01   1.726   0.500  2.79416E+08  3.81288E+08  2.39732E+08  1.77343E+07  1.59376E+08  1.17501E+00  1.34431E+02   8.468   8.576
 0.180 -4.78441E-03 -4.88209E-02  1.75484E-01 -8.55986E+00  3.32597E+00 -8.55456E+00  2.70532E-01 -8.76687E-01 -3.97785E-01  4.40504E+01   1.928   0.605  4.43800E+08  6.06018E+08  3.97770E+08  2.63580E+07  2.98633E+08  2.05097E+00  1.71582E+02   8.363   8.532
 0.190  2.00074E-02  4.98204E-03 -1.71953E-02 -5.05978E-01  4.22392E+00 -3.17442E+00  1.46164E-01 -1.48100E-01 -9.78112E-01  1.49109E+01   1.683   0.753  3.09923E+08  3.58743E+08  2.15653E+08  1.86992E+07  1.64697E+08  6.05972E-01  2.49723E+02   8.637   8.561
 0.200  2.57803E-01  8.67073E-05 -2.12554E-01 -1.17580E+01  2.42771E+01 -3.66519E+01  2.59020E-01  9.63245E-01  7.11926E-02  9.64572E+01   2.853   0.906  9.97119E+08  1.05534E+09  2.05227E+08  6.10240E+07  5.40399E+08  1.13352E+00  2.55728E+02   8.293   8.079
 0.210  1.60070E-01 -6.17216E-02  1.34119E-02 -7.85510E+00  6.39889E+00 -1.84358E+01  2.36813E-01  8.40366E-01  4.87549E-01  8.07139E+01   3.844   1.345  1.36450E+09  1.79636E+09  7.95864E+08  8.89072E+07  1.20526E+09  6.17068E+00  1.55006E+02   8.440   8.257
 0.220  3.84354E-03 -2.33458E-02  3.66679E-02  1.04150E+01 -4.79317E+00 -1.13352E+01  7.52919E-01  5.84081E-01  3.03254E-01  3.53963E+01   1.969   0.528  4.93714E+08  1.03222E+09  1.75761E+09  2.24469E+07  2.77931E+08  5.31286E+00  2.42103E+02   8.791   8.698
 0.230 -6.98713E-02 -3.92282E-02  2.48414E-02 -9.57205E-02  1.23640E+00 -2.34365E+00  2.62693E-01 -2.09695E-01  9.41817E-01  1.51749E+02   3.668   1.292  1.02016E+09  1.40861E+09  1.97533E+09  4.84131E+08  1.05020E+09  4.78143E+00  3.45676E+02   8.586   8.683
 0.240  1.29838E-01  6.94800E-02 -3.29450E-02  1.29258E+01  5.84553E+00 -6.48466E+00  3.15526E-01 -1.35766E-01  9.39154E-01  2.76318E+02   3.712   0.858  9.16811E+08  1.29511E+09  2.72042E+09  5.62565E+08  1.07365E+09  3.85510E+00  4.08134E+02   8.539   8.698
 0.250  5.70296E-01 -7.66197E-02 -9.69289E-02  1.80620E+01 -1.13245E+01 -2.41486E+01  4.34240E-01 -2.96533E-01  8.50590E-01  4.05082E+02   4.515   1.239  1.44675E+09  1.66816E+09  2.93584E+09  6.09991E+08  1.45733E+09  3.50007E+00  4.90320E+02   8.384   8.687
 0.260  3.38590E-01  1.63542E-01 -1.81786E-01 -2.22256E+00 -1.60363E+01 -1.81570E+01  4.29236E-01 -3.66212E-01  8.25618E-01  3.98851E+02   4.794   1.009  1.18221E+09  1.48524E+09  3.11930E+09  5.79580E+08  1.39930E+09  3.94634E+00  5.49340E+02   8.480   8.665
 0.270  7.51712E-01 -3.80839E-01 -4.25810E-01  2.02907E+01 -1.40666E+01 -1.62801E+01  3.17792E-01 -4.54618E-01  8.32064E-01  4.25025E+02   5.327   0.787  1.20131E+09  1.43740E+09  2.93540E+09  5.68738E+08  1.18647E+09  3.41340E+00  6.04330E+02   8.490   8.657
 0.280 -3.82829E-01 -3.50242E-01  2.19048E-01  2.75514E+01 -4.70663E+01 -4.30823E+01  3.86082E-01 -4.15729E-01  8.23474E-01  5.25034E+02   5.650   1.159  1.49914E+09  1.68512E+09  3.82896E+09  7.62708E+08  1.65462E+09  3.22506E+00  6.81515E+02   8.438   8.630
 0.290  2.02899E-01 -3.15552E-01 -2.07952E-01  8.42365E+00 -3.04426E+01 -3.01088E+01  3.23227E-01 -4.05387E-01  8.55094E-01  4.99295E+02   5.950   1.145  1.43673E+09  1.58473E+09  4.06958E+09  7.80628E+08  1.69885E+09  2.83281E+00  7.74032E+02   8.437   8.625
 0.300 -2.52738E-01 -5.25046E-01 -5.52271E-02  1.05707E+01 -3.96520E+01 -3.23349E+01  3.61795E-01 -4.75655E-01  8.01784E-01  6.90638E+02   7.092   1.144  2.13254E+09  2.43305E+09  4.70578E+09  1.02271E+09  1.81374E+09  4.83795E+00  8.02359E+02   8.423   8.602
 0.310 -9.45671E-01 -5.58856E-02  3.79120E-01 -1.32430E+01 -4.79699E+01 -3.29395E+01  3.14327E-01 -4.75992E-01  8.21359E-01  7.67964E+02   7.991   1.411  2.16332E+09  2.30618E+09  5.30996E+09  1.14206E+09  2.15245E+09  3.04089E+00  8.55985E+02   8.440   8.582
 0.320  7.68917E-01 -4.61214E-01 -3.59449E-01  5.15473E+01 -1.75371E+01 -1.33198E+02  2.99915E-01  1.29420E-01  9.45146E-01  5.21263E+02   7.222   3.948  3.50150E+09  3.58251E+09  4.82358E+09  1.14504E+09  3.94616E+09  4.27068E+00  8.51610E+02   8.420   8.534
 0.330 -8.79931E-01 -1.47924E-01  4.32402E-01 -5.30741E+00 -6.40256E+01 -1.44554E+01  2.10705E-01 -6.86865E-02  9.75134E-01  5.28806E+02   6.239   1.837  2.50621E+09  2.87614E+09  4.74156E+09  7.39494E+08  2.02334E+09  5.48228E+00  9.97847E+02   8.481   8.610
 0.340  4.66668E-01  8.48200E-02 -2.00574E-01 -6.52736E+00  7.41014E+00  1.47962E+01  1.17152E-01 -9.25160E-02  9.88795E-01  3.25088E+02   5.002   1.354  2.63116E+09  3.25384E+09  4.99923E+09  8.50646E+08  1.68014E+09  9.89950E+00  1.01165E+03   8.519   8.630
 0.350  3.83946E-01 -7.32733E-01 -1.90027E-01  3.16651E+01 -8.65691E+00 -1.35573E+01  1.81338E-01 -5.38647E-02  9.81945E-01  5.86901E+02   6.843   1.308  2.42357E+09  3.03794E+09  6.50571E+09  1.15368E+09  2.06964E+09  7.61474E+00  9.26372E+02   8.607   8.629
 0.360 -2.78671E-01  6.93553E-02  1.36893E-01 -8.28517E-01 -2.69890E+01  1.22999E+00  2.30810E-01 -7.49870E-02  9.70105E-01  7.13191E+02   6.788   1.185  1.96991E+09  2.52858E+09  7.18165E+09  1.10086E+09  1.99590E+09  6.44457E+00  9.56596E+02   8.654   8.641
 0.370 -2.69715E-01 -1.85709E-01 -2.21898E-03  5.23330E+00 -3.50817E+01 -3.70487E+00  1.97103E-01 -3.49388E-02  9.79760E-01  7.74816E+02   7.288   1.259  1.82018E+09  2.22006E+09  7.74725E+09  1.16387E+09  2.09151E+09  5.27061E+00  1.02627E+03   8.682   8.644
 0.380  1.16862E-01 -1.89093E-01 -2.24265E-02  8.80808E+00 -3.58676E+01 -2.20329E+00  1.70105E-01 -3.89726E-02  9.84655E-01  7.86904E+02   7.134   0.823  1.69809E+09  1.96599E+09  7.25032E+09  9.91111E+08  1.59551E+09  3.94331E+00  1.11289E+03   8.702   8.665
 0.390  1.84907E-02 -1.37381E-03 -1.42322E-02  1.09085E+01 -4.51654E+01 -1.02733E+00  1.72759E-01 -5.62216E-02  9.83358E-01  7.44282E+02   6.885   0.971  1.23207E+09  1.46309E+09  7.77295E+09  1.03973E+09  1.75946E+09  3.34679E+00  1.20539E+03   8.745   8.666
 0.400 -9.23989E-02  6.85754E-03 -6.17006E-02 -4.49663E+00 -5.19598E+01 -2.36411E+00  1.30949E-01 -7.96109E-02  9.88187E-01  7.47257E+02   6.722   0.792  1.01615E+09  1.17347E+09  7.55525E+09  9.61912E+08  1.54512E+09  2.46463E+00  1.31153E+03   8.765   8.679
 0.410  4.02960E-01 -5.92084E-01 -1.74824E-01  6.43087E+00 -2.08264E+01 -7.37038E+00  1.67700E-01 -1.33206E-01  9.76797E-01  7.68194E+02   6.826   0.769  1.02624E+09  1.12462E+09  7.41254E+09  9.37658E+08  1.52841E+09  1.78438E+00  1.44045E+03   8.754   8.684
 0.420  3.13661E-01 -2.24204E-01 -2.35936E-02  1.73230E+00  5.48235E+00  1.63933E+00  1.13115E-01 -1.34882E-01  9.84384E-01  8.10230E+02   6.205   0.560  1.00264E+09  1.11504E+09  6.46232E+09  7.36496E+08  1.17458E+09  1.80712E+00  1.56312E+03   8.759   8.704
 0.430 -2.88463E-02  4.18591E-02 -3.72191E-03  1.08603E+01 -9.85571E+00 -5.20759E+00  5.39604E-02 -8.69997E-02  9.94746E-01  7.96437E+02   6.819   0.631  9.35364E+08  9.99252E+08  7.22807E+09  8.98273E+08  1.33528E+09  1.29555E+00  1.67089E+03   8.770   8.695
 0.440 -1.41743E-01  1.45928E-01  1.21418E-01 -7.43349E+00 -2.81893E+01 -2.45850E+00  7.31982E-02 -1.15583E-01  9.90597E-01  7.87072E+02   7.170   0.833  9.31675E+08  9.89740E+08  7.86240E+09  1.07673E+09  1.61879E+09  1.16095E+00  1.81681E+03   8.759   8.684
 0.450  2.37217E-01  7.24125E-01  1.95019E-01 -2.90057E+01 -8.62209E+00  4.25566E+00  5.21677E-02 -1.57057E-01  9.86211E-01  8.49287E+02   7.130   0.736  9.47001E+08  9.94589E+08  7.11324E+09  9.42559E+08  1.48776E+09  8.98535E-01  1.97363E+03   8.735   8.694
 0.460  2.40017E-01 -6.51899E-02  5.82771E-02 -1.20476E+01  4.08090E-01  6.32074E+00 -5.69614E-03 -2.71432E-01  9.62441E-01  8.18114E+02   6.650   0.985  1.10801E+09  1.13731E+09  6.82655E+09  9.47684E+08  1.72479E+09  1.01818E+00  2.19764E+03   8.676   8.687
 0.470 -5.22249E-01  1.31403E-02 -1.51920E-02 -3.28178E+01 -1.53732E+01 -1.54097E+01 -1.29699E-01 -2.66553E-01  9.55054E-01  6.19473E+02   5.725   0.781  1.16289E+09  1.28450E+09  5.74013E+09  7.22063E+08  1.37170E+09  2.42678E+00  2.33168E+03   8.641   8.703
 0.480 -1.46821E-01  2.86312E-02  4.20565E-02  2.72772E-01 -1.11241E+01  1.50534E+00 -1.19675E-01 -6.47359E-02  9.90700E-01  4.25446E+02   4.116   0.639  8.30075E+08  1.12336E+09  5.56841E+09  5.85663E+08  1.06118E+09  4.17692E+00  2.33547E+03   8.686   8.717
 0.490  3.39792E-02  7.61184E-02  3.65639E-02 -8.55963E+00  1.20397E+01  1.89419E+00 -7.57573E-03 -1.71287E-01  9.85192E-01  2.57534E+02   2.846   0.500  6.35542E+08  9.45151E+08  4.58133E+09  4.14142E+08  7.19229E+08  4.21670E+00  2.41989E+03   8.740   8.751
 0.500  6.83812E-02 -1.31951E-03  1.21407E-02  4.42745E+00  4.93065E+00  2.33554E-01 -7.95191E-02 -1.22289E-01  9.89304E-01  1.39530E+02   1.333   0.500  3.24642E+08  5.82751E+08  3.16059E+09  2.49329E+08  3.91997E+08  3.15293E+00  2.55876E+03   8.841   8.797
 0.510 -1.38491E-01 -1.43597E-01  2.11238E-02 -5.13021E+00 -1.59585E+01 -4.77355E+00  8.25509E-03 -1.80323E-01 -9.83573E-01  1.94816E+02   5.881   0.758  2.98291E+08  2.75282E+08  2.37207E+08  8.45536E+07  8.45184E+08  1.20106E-01  4.10688E+03   8.689   8.600
 0.520 -1.18379E+00 -1.38990E+00 -6.92703E-02 -6.24722E+01  8.22788E+00 -1.77619E+01  2.66326E-01 -8.53689E-02 -9.60095E-01  5.38689E+02  10.761   2.590  4.36465E+08  3.92418E+08  3.76929E+08  1.55150E+08  2.38773E+09  3.73689E-01  3.70350E+03   8.411   8.516
 0.530  2.28260E-01 -8.09544E-01  4.47040E-01 -2.89262E+01 -6.43614E+01 -3.14542E+01  4.94615E-01 -3.29557E-01 -8.04206E-01  1.11990E+03  11.274   2.982  5.17049E+08  4.39989E+08  4.16832E+08  1.76032E+08  2.79303E+09  1.99658E-01  3.80456E+03   8.213   8.518
 0.541 -1.12438E+00 -2.93906E+00 -1.60064E-01 -5.23567E+01 -3.27659E+01 -2.52645E+01  5.72305E-01 -3.38973E-01 -7.46702E-01  1.52192E+03  14.131   2.912  8.90775E+08  8.04392E+08  4.36942E+08  1.87399E+08  3.16408E+09  1.07900E-01  3.95306E+03   7.984   8.531
 0.550 -3.05804E+00 -1.17053E+00 -2.12113E+00 -2.48360E+01  2.76440E+01 -4.45304E+01  6.28733E-01 -3.62267E-01 -6.88083E-01  1.54566E+03  12.656   1.468  8.60101E+08  7.99800E+08  3.89721E+08  1.52933E+08  1.99607E+09  1.97261E-02  4.31597E+03   7.874   8.581
 0.560  2.63454E+00 -4.82062E-01  2.18935E+00 -1.80572E+01 -7.44016E+01  1.84089E+01  6.30382E-01 -3.29130E-01 -7.03059E-01  1.76174E+03  13.012   1.836  1.37606E+09  1.31142E+09  4.02529E+08  1.53560E+08  2.30717E+09  7.97511E-02  4.25551E+03   7.799   8.579
