  47
 0.100  4.75000E+00  2.99764E+09  5.20927E+01
 0.110  6.75000E+00  6.39251E+09  6.38143E+01
 0.120  9.00000E+00  1.14190E+10  7.38629E+01
 0.130  1.07500E+01  1.55386E+10  7.88382E+01
 0.140  1.22500E+01  1.82379E+10  8.00117E+01
 0.150  1.37500E+01  2.11938E+10  8.14118E+01
 0.160  1.52500E+01  2.32853E+10  8.10290E+01
 0.170  1.70000E+01  2.72998E+10  8.30978E+01
 0.180  2.00000E+01  3.81566E+10  9.05741E+01
 0.190  2.40000E+01  5.56701E+10  9.98711E+01
 0.200  3.05000E+01  9.84313E+10  1.17802E+02
 0.210  3.37500E+01  1.14580E+11  1.20824E+02
 0.220  3.65000E+01  1.25829E+11  1.21753E+02
 0.230  3.90000E+01  1.37732E+11  1.23231E+02
 0.240  4.12500E+01  1.42638E+11  1.21938E+02
 0.250  4.30000E+01  1.44091E+11  1.20038E+02
 0.260  4.50000E+01  1.47076E+11  1.18549E+02
 0.270  4.72500E+01  1.50999E+11  1.17225E+02
 0.280  4.95000E+01  1.56297E+11  1.16522E+02
 0.290  5.22500E+01  1.66353E+11  1.17005E+02
 0.300  5.80000E+01  2.07955E+11  1.24167E+02
 0.310  6.27500E+01  2.37124E+11  1.27472E+02
 0.320  6.70000E+01  2.63228E+11  1.29976E+02
 0.330  7.02500E+01  2.78547E+11  1.30575E+02
 0.340  7.32500E+01  2.90000E+11  1.30476E+02
 0.350  7.62500E+01  2.99891E+11  1.30046E+02
 0.360  7.90000E+01  3.08624E+11  1.29609E+02
 0.370  8.15000E+01  3.12295E+11  1.28362E+02
 0.380  8.37500E+01  3.15639E+11  1.27303E+02
 0.390  8.65000E+01  3.23517E+11  1.26816E+02
 0.400  8.90000E+01  3.28826E+11  1.26044E+02
 0.410  9.10000E+01  3.29681E+11  1.24813E+02
 0.420  9.30000E+01  3.27849E+11  1.23120E+02
 0.430  9.47500E+01  3.26516E+11  1.21730E+02
 0.440  9.70000E+01  3.25119E+11  1.20052E+02
 0.450  9.87500E+01  3.25093E+11  1.18979E+02
 0.460  1.01250E+02  3.27507E+11  1.17936E+02
 0.470  1.03000E+02  3.28515E+11  1.17110E+02
 0.480  1.05750E+02  3.33625E+11  1.16472E+02
 0.490  1.08250E+02  3.38982E+11  1.16040E+02
 0.500  1.11250E+02  3.46188E+11  1.15675E+02
 0.510  1.13000E+02  3.45619E+11  1.14682E+02
 0.520  1.15250E+02  3.47997E+11  1.13947E+02
 0.530  1.17500E+02  3.51109E+11  1.13354E+02
 0.541  1.19750E+02  3.53240E+11  1.12624E+02
 0.550  1.21500E+02  3.53214E+11  1.11806E+02
 0.560  1.22250E+02  3.44561E+11  1.10089E+02
