  47
 0.100   0.713  1.05116E-01  1.16940E-01  7.17225E-02
 0.110   1.000  5.42656E-02  5.74691E-02  5.99254E-02
 0.120   1.169  4.49760E-01  4.50024E-01  4.31406E-01
 0.130   1.408  2.13826E-01  1.67841E-01  3.86953E-01
 0.140   1.588  4.46309E-01  3.97242E-01  4.60551E-01
 0.150   1.637  1.67607E+00  1.50533E+00  1.78956E+00
 0.160   1.053  3.71507E+00  3.91695E+00  3.09839E+00
 0.170   1.726  2.33020E+00  2.49404E+00  2.41842E+00
 0.180   1.928  2.90763E+00  2.94657E+00  2.89364E+00
 0.190   1.683  4.20676E+00  3.71587E+00  4.89006E+00
 0.200   2.853  4.77235E+00  4.91814E+00  4.83088E+00
 0.210   3.844  1.30624E+01  1.32409E+01  1.25074E+01
 0.220   1.969  6.86260E+00  6.40734E+00  8.15544E+00
 0.230   3.668  7.59687E+00  6.77940E+00  9.21485E+00
 0.240   3.712  4.44322E+00  4.00077E+00  5.37058E+00
 0.250   4.515  4.05530E+00  4.47379E+00  3.75817E+00
 0.260   4.794  4.27594E+00  4.18411E+00  4.47546E+00
 0.270   5.327  3.77212E+00  3.91484E+00  3.76812E+00
 0.280   5.650  3.46866E+00  3.54407E+00  3.24888E+00
 0.290   5.950  3.18834E+00  3.14860E+00  2.98851E+00
 0.300   7.092  5.32520E+00  5.18611E+00  5.02722E+00
 0.310   7.991  3.26646E+00  3.29879E+00  3.36009E+00
 0.320   7.222  7.14398E+00  7.45358E+00  6.69504E+00
 0.330   6.239  6.82497E+00  6.68306E+00  7.51050E+00
 0.340   5.002  1.41412E+01  1.52991E+01  1.19510E+01
 0.350   6.843  8.43108E+00  8.33173E+00  9.50079E+00
 0.360   6.788  6.62407E+00  6.09701E+00  7.73101E+00
 0.370   7.288  5.37922E+00  4.70511E+00  5.95704E+00
 0.380   7.134  4.10770E+00  4.18810E+00  4.05693E+00
 0.390   6.885  3.46583E+00  3.36147E+00  3.52466E+00
 0.400   6.722  2.55024E+00  2.69772E+00  2.46934E+00
 0.410   6.826  1.93058E+00  2.01866E+00  1.89008E+00
 0.420   6.205  1.99121E+00  2.10277E+00  1.89011E+00
 0.430   6.819  1.36367E+00  1.41607E+00  1.28893E+00
 0.440   7.170  1.21411E+00  1.17784E+00  1.24840E+00
 0.450   7.130  9.97900E-01  1.01804E+00  1.08838E+00
 0.460   6.650  1.19414E+00  1.20125E+00  1.05479E+00
 0.470   5.725  2.76753E+00  2.86999E+00  2.25223E+00
 0.480   4.116  4.49601E+00  4.32668E+00  4.13154E+00
 0.490   2.846  4.58599E+00  4.88188E+00  4.02305E+00
 0.500   1.333  3.46907E+00  3.55783E+00  3.29169E+00
 0.510   5.881  1.53970E+00  1.44677E+00  1.82765E+00
 0.520  10.761  1.04350E+00  1.00887E+00  1.26552E+00
 0.530  11.274  5.75485E-01  5.60215E-01  6.23403E-01
 0.541  14.131  3.34914E-01  3.19173E-01  3.32436E-01
 0.550  12.656  2.05709E-01  2.14984E-01  2.25282E-01
 0.560  13.012  1.67527E-01  1.57166E-01  1.84244E-01
