  46
 0.110   1.000   0.517  2.00896E+06  2.36815E+06  1.98785E+06  1.61121E+02  0.00000E+00  0.00000E+00  0.00000E+00  2.00896E+06  2.36815E+06  1.98785E+06
 0.120   1.139   0.679  4.77151E+06  5.25482E+06  4.74605E+06  8.90638E+01  1.16420E+06  1.42892E+06  1.14289E+06  3.60731E+06  3.82589E+06  3.60316E+06
 0.130   1.125   0.757  1.90988E+07  2.18938E+07  1.90409E+07  7.87183E+01  5.84014E+05  7.11220E+05  5.76813E+05  1.85147E+07  2.11826E+07  1.84641E+07
 0.140   1.500   0.532  3.29297E+07  3.84333E+07  3.27411E+07  1.37223E+02  7.12579E+06  8.70195E+06  7.03683E+06  2.58039E+07  2.97314E+07  2.57042E+07
 0.150   1.577   0.599  9.02257E+07  1.03433E+08  8.98876E+07  1.04057E+02  5.42553E+06  6.78626E+06  5.32136E+06  8.48001E+07  9.66470E+07  8.45663E+07
 0.160   1.851   0.528  1.60831E+08  1.83847E+08  1.60256E+08  1.07516E+02  7.82828E+06  9.78687E+06  7.68940E+06  1.53003E+08  1.74060E+08  1.52567E+08
 0.170   2.316   0.690  4.72488E+08  5.45093E+08  4.71042E+08  1.05164E+02  1.41430E+07  1.78097E+07  1.38581E+07  4.58345E+08  5.27284E+08  4.57183E+08
 0.180   3.209   2.321  9.99044E+07  1.20318E+08  9.88382E+07  2.92438E+02  2.03512E+07  2.56692E+07  1.99240E+07  7.95532E+07  9.46490E+07  7.89142E+07
 0.190   2.769   1.038  8.16331E+08  9.55025E+08  8.12425E+08  1.68285E+02  2.63027E+07  3.34786E+07  2.56861E+07  7.90028E+08  9.21547E+08  7.86739E+08
 0.200   1.136   0.500  2.37437E+09  2.73380E+09  2.36786E+09  1.15872E+02  1.36972E+07  1.76160E+07  1.33190E+07  2.36067E+09  2.71618E+09  2.35454E+09
 0.210   2.861   0.684  3.70706E+09  4.42687E+09  3.68871E+09  2.01164E+02  6.60462E+08  8.29743E+08  6.52877E+08  3.04660E+09  3.59713E+09  3.03583E+09
 0.220   3.014   0.508  4.49764E+09  5.46942E+09  4.47055E+09  2.56890E+02  6.91183E+08  8.79034E+08  6.82138E+08  3.80645E+09  4.59039E+09  3.78841E+09
 0.230   3.513   0.613  5.88258E+09  7.25968E+09  5.83927E+09  3.23844E+02  8.07101E+08  1.03685E+09  7.94752E+08  5.07548E+09  6.22282E+09  5.04451E+09
 0.240   4.088   1.085  7.03638E+09  8.80505E+09  6.97410E+09  3.98621E+02  1.11854E+09  1.43961E+09  1.10083E+09  5.91784E+09  7.36544E+09  5.87327E+09
 0.250   4.118   0.957  7.33199E+09  9.24764E+09  7.25760E+09  4.66714E+02  1.12517E+09  1.46492E+09  1.10462E+09  6.20682E+09  7.78272E+09  6.15299E+09
 0.260   4.956   1.108  7.38522E+09  9.43442E+09  7.29733E+09  5.60494E+02  1.10430E+09  1.44629E+09  1.08196E+09  6.28093E+09  7.98813E+09  6.21537E+09
 0.270   5.101   1.187  6.75094E+09  8.70756E+09  6.65707E+09  6.64875E+02  1.05068E+09  1.38697E+09  1.02686E+09  5.70026E+09  7.32060E+09  5.63021E+09
 0.280   5.826   1.681  7.58501E+09  9.84949E+09  7.46972E+09  7.47350E+02  1.30722E+09  1.72869E+09  1.27721E+09  6.27779E+09  8.12080E+09  6.19251E+09
 0.290   6.101   1.163  6.49066E+09  8.52257E+09  6.37688E+09  8.83742E+02  1.09639E+09  1.45997E+09  1.06851E+09  5.39428E+09  7.06259E+09  5.30836E+09
 0.300   6.032   1.219  7.09348E+09  9.38512E+09  6.95669E+09  1.00103E+03  1.21379E+09  1.62085E+09  1.18179E+09  5.87969E+09  7.76427E+09  5.77491E+09
 0.310   6.158   1.707  6.99183E+09  9.29911E+09  6.84540E+09  1.11044E+03  1.32779E+09  1.77748E+09  1.29154E+09  5.66404E+09  7.52163E+09  5.55386E+09
 0.320   6.732   1.615  6.41725E+09  8.57643E+09  6.27014E+09  1.23416E+03  1.27031E+09  1.70754E+09  1.23293E+09  5.14694E+09  6.86889E+09  5.03721E+09
 0.330   6.526   1.717  6.22345E+09  8.34457E+09  6.07209E+09  1.33781E+03  1.23771E+09  1.67086E+09  1.19867E+09  4.98574E+09  6.67371E+09  4.87342E+09
 0.340   6.141   1.893  7.02822E+09  9.47421E+09  6.84732E+09  1.45323E+03  1.33191E+09  1.80459E+09  1.28775E+09  5.69631E+09  7.66961E+09  5.55957E+09
 0.350   5.554   1.462  6.59182E+09  8.93600E+09  6.40679E+09  1.60684E+03  1.16084E+09  1.58252E+09  1.11809E+09  5.43098E+09  7.35348E+09  5.28870E+09
 0.360   5.976   1.370  6.73359E+09  9.16533E+09  6.53249E+09  1.73294E+03  1.24580E+09  1.69866E+09  1.19900E+09  5.48779E+09  7.46667E+09  5.33348E+09
 0.370   5.850   2.016  8.08355E+09  1.10511E+10  7.82849E+09  1.86753E+03  1.51940E+09  2.07980E+09  1.45998E+09  6.56415E+09  8.97135E+09  6.36851E+09
 0.380   4.053   1.153  7.52301E+09  1.03008E+10  7.26684E+09  2.02740E+03  1.12940E+09  1.55443E+09  1.07808E+09  6.39361E+09  8.74635E+09  6.18876E+09
 0.390   3.946   1.009  7.47889E+09  1.02542E+10  7.21491E+09  2.13529E+03  1.06693E+09  1.47137E+09  1.01594E+09  6.41196E+09  8.78287E+09  6.19897E+09
 0.400   4.153   1.037  7.78495E+09  1.06968E+10  7.50071E+09  2.24420E+03  1.13035E+09  1.55898E+09  1.07546E+09  6.65460E+09  9.13786E+09  6.42525E+09
 0.410   4.393   2.159  4.72526E+09  6.50864E+09  4.54071E+09  2.38530E+03  8.98932E+08  1.24279E+09  8.53499E+08  3.82632E+09  5.26585E+09  3.68721E+09
 0.420   9.376   1.820  5.05604E+08  6.86844E+08  4.79744E+08  2.75911E+03  1.45088E+08  1.99149E+08  1.36514E+08  3.60516E+08  4.87695E+08  3.43229E+08
 0.430   9.975   1.471  4.98510E+08  6.65658E+08  4.76095E+08  2.45525E+03  1.40267E+08  1.90571E+08  1.32973E+08  3.58243E+08  4.75086E+08  3.43122E+08
 0.440   8.915   1.305  5.12770E+08  6.74356E+08  4.92545E+08  2.18358E+03  1.30102E+08  1.76652E+08  1.23097E+08  3.82667E+08  4.97704E+08  3.69448E+08
 0.450   8.971   1.453  6.46382E+08  8.35824E+08  6.26178E+08  1.78364E+03  1.54500E+08  2.08653E+08  1.46936E+08  4.91882E+08  6.27171E+08  4.79242E+08
 0.460   9.248   1.419  7.58457E+08  9.86991E+08  7.35479E+08  1.77525E+03  1.53371E+08  2.08672E+08  1.45527E+08  6.05086E+08  7.78319E+08  5.89952E+08
 0.470   9.725   1.329  8.87367E+08  1.15981E+09  8.61661E+08  1.74973E+03  1.75295E+08  2.37653E+08  1.66930E+08  7.12072E+08  9.22159E+08  6.94731E+08
 0.480  10.695   1.480  1.06536E+09  1.39623E+09  1.03646E+09  1.68759E+03  2.19762E+08  2.98392E+08  2.09782E+08  8.45594E+08  1.09784E+09  8.26681E+08
 0.490  10.819   1.252  1.04091E+09  1.36998E+09  1.01040E+09  1.84030E+03  1.94384E+08  2.65750E+08  1.84507E+08  8.46523E+08  1.10423E+09  8.25893E+08
 0.500  12.327   2.001  1.30185E+09  1.72652E+09  1.26366E+09  1.89968E+03  2.58742E+08  3.54517E+08  2.45539E+08  1.04310E+09  1.37200E+09  1.01812E+09
 0.510  11.072   1.872  1.30077E+09  1.73600E+09  1.25636E+09  2.19750E+03  2.79818E+08  3.83301E+08  2.64884E+08  1.02095E+09  1.35270E+09  9.91475E+08
 0.520  10.373   1.506  1.39433E+09  1.87211E+09  1.34028E+09  2.48132E+03  2.78778E+08  3.84363E+08  2.62620E+08  1.11556E+09  1.48775E+09  1.07766E+09
 0.530   9.610   1.410  1.30675E+09  1.77378E+09  1.24085E+09  3.13445E+03  2.99165E+08  4.14932E+08  2.79516E+08  1.00759E+09  1.35885E+09  9.61332E+08
 0.540  10.987   1.178  1.39551E+09  1.91027E+09  1.31711E+09  3.52997E+03  3.44595E+08  4.79419E+08  3.20950E+08  1.05092E+09  1.43085E+09  9.96157E+08
 0.550  11.704   1.238  1.67212E+09  2.28020E+09  1.57965E+09  3.57493E+03  4.14037E+08  5.76797E+08  3.84855E+08  1.25808E+09  1.70340E+09  1.19479E+09
 0.560  11.962   0.896  1.68753E+09  2.30483E+09  1.58836E+09  3.79534E+03  3.71840E+08  5.19697E+08  3.43303E+08  1.31569E+09  1.78514E+09  1.24506E+09
