  46
 0.110  7.20394E-02  6.30284E-02 -6.39104E-02  3.13710E+01 -2.39597E+00  1.34943E+01   1.000  2.37777E+07  2.91766E+07  1.36700E+07  0.00000E+00  3.23242E+08  5.13882E-02  1.38632E+02   7.435   7.350
 0.120 -8.00818E-02  4.51301E-02 -1.07431E-01 -2.76797E+01  1.92480E+01  2.22586E+00   1.139  2.20354E+08  2.57540E+08  7.48763E+07  2.74929E+07  9.79785E+08  6.65702E-01  1.23342E+02   7.728   7.505
 0.130  1.03852E-01 -2.45914E-02  2.06424E-02  1.22874E+00 -2.97316E+00 -8.10692E+00   1.125  9.96519E+07  2.33175E+08  1.82358E+08  2.15152E+07  8.65054E+08  1.33267E+00  1.03389E+02   8.171   7.948
 0.140  2.23464E-01 -1.74267E-01  7.61781E-02  1.03016E+01  1.96190E+01 -3.21505E+00   1.500  2.24347E+08  3.08104E+08  3.03851E+08  5.69804E+07  1.57971E+09  1.26272E+00  1.60629E+02   8.180   8.041
 0.150  5.71764E-02  6.42168E-02  1.99184E-03  8.96368E-01 -1.48335E+00  2.38547E+00   1.577  2.51291E+08  4.20940E+08  4.87906E+08  6.62944E+07  1.64240E+09  2.20775E+00  1.84879E+02   8.352   8.187
 0.160  5.46788E-02 -5.26674E-02 -2.42337E-02  1.10387E+00  9.80045E+00  2.03128E+00   1.851  4.72010E+08  7.01423E+08  7.71626E+08  1.05465E+08  2.80783E+09  3.48834E+00  2.20602E+02   8.260   8.248
 0.170 -3.08377E-02  1.58405E-01  5.11327E-02  1.73257E+01 -1.21331E+01 -1.01114E+01   2.316  5.15804E+08  1.03355E+09  1.34407E+09  1.34075E+08  4.11227E+09  5.75245E+00  2.16878E+02   8.493   8.334
 0.180  3.89427E-02  2.46601E-01  1.71124E-01  3.01862E+01 -7.64037E-01 -1.62089E+00   3.209  1.44316E+09  1.68921E+09  1.78592E+09  2.34883E+08  7.48693E+09  3.67081E+00  2.77271E+02   8.164   8.402
 0.190 -1.25527E-02 -3.31258E-02 -1.14236E-01 -1.91668E+01  6.66101E+00  1.58883E+01   2.769  1.53365E+09  2.32246E+09  2.70810E+09  3.02350E+08  7.10807E+09  1.11090E+01  2.72067E+02   8.351   8.399
 0.200 -4.64674E-03  1.82001E-03 -2.01896E-02 -5.72537E+00 -3.58382E+00  1.73507E-01   1.136  1.92780E+09  4.26146E+09  4.77569E+09  1.49959E+08  3.03787E+09  2.88148E+01  2.13044E+02   8.622   8.495
 0.210 -1.20458E-01  4.91357E-02  3.52851E-02  1.17636E+01  2.07198E+00  2.03235E+01   2.861  2.02487E+09  4.84721E+09  1.04127E+10  2.18303E+09  1.09026E+10  2.93932E+01  2.54218E+02   8.712   8.572
 0.220 -1.91742E-01 -5.40815E-02 -2.85581E-01 -1.90728E+00 -1.32308E+00  4.72979E+00   3.014  1.80693E+09  3.02911E+09  1.19519E+10  2.47425E+09  1.18273E+10  1.33991E+01  3.39178E+02   8.650   8.615
 0.230 -1.18547E-01 -3.25886E-01 -2.91627E-01 -1.81935E+01 -1.06664E+01 -1.20919E+01   3.513  2.00604E+09  3.06398E+09  1.36995E+10  2.89797E+09  1.45382E+10  1.22741E+01  4.24109E+02   8.590   8.620
 0.240 -5.56463E-02 -2.66227E-01 -2.06506E-01 -6.68636E+00  2.67684E+00 -9.93161E+00   4.088  1.85595E+09  2.58401E+09  1.48609E+10  3.13266E+09  1.75201E+10  8.49061E+00  5.20401E+02   8.587   8.624
 0.250  6.89618E-02  1.90419E-01  8.37643E-02  3.63944E+01 -2.48722E+01 -9.52333E-01   4.118  2.04724E+09  2.86346E+09  1.58118E+10  3.22826E+09  1.85377E+10  1.06206E+01  6.08851E+02   8.556   8.625
 0.260 -4.73622E-01  1.65878E-01  3.20378E-02  2.58939E+01 -6.85848E-01 -2.14413E+00   4.956  2.01368E+09  2.39189E+09  1.68691E+10  3.64947E+09  2.31084E+10  5.41056E+00  7.16538E+02   8.527   8.618
 0.270  5.00487E-02 -1.94808E-01 -3.48001E-01  4.00732E-01 -4.97596E+00 -1.62778E+00   5.101  1.77414E+09  2.10566E+09  1.72675E+10  3.65239E+09  2.39584E+10  4.96072E+00  8.26756E+02   8.529   8.621
 0.280  2.76540E-02  1.60804E-01  1.39585E-01  2.80978E+01  7.03080E-01 -8.62047E+00   5.826  2.09508E+09  2.35349E+09  1.80115E+10  3.95129E+09  2.77425E+10  4.97967E+00  9.37191E+02   8.472   8.616
 0.290 -1.08702E-01  9.38298E-02 -7.51838E-02  2.75473E+01 -2.21150E+01 -1.42969E+01   6.101  1.64665E+09  1.78694E+09  1.83816E+10  4.09635E+09  2.91786E+10  2.73211E+00  1.06068E+03   8.519   8.615
 0.300  2.61216E-01 -3.56406E-01 -1.62677E-01  1.19682E+01 -2.17238E+01 -2.27248E+01   6.032  1.66039E+09  1.77076E+09  1.84615E+10  4.05022E+09  2.85523E+10  2.67351E+00  1.18604E+03   8.514   8.619
 0.310  7.96394E-02 -2.28842E-02 -3.23014E-01  1.16196E+01 -1.04491E+01 -1.24171E+01   6.158  1.81438E+09  1.91107E+09  1.87164E+10  4.10979E+09  2.95647E+10  2.53457E+00  1.30563E+03   8.486   8.619
 0.320  1.51773E-01 -3.52702E-01 -3.00496E-01  5.02239E+00 -1.21648E+01 -1.87853E+00   6.732  1.86477E+09  1.92438E+09  1.91491E+10  4.29189E+09  3.27162E+10  2.17792E+00  1.43385E+03   8.492   8.616
 0.330 -3.12445E-01  4.17745E-01  2.44137E-02  3.53237E+01  4.83168E+00 -4.86833E+00   6.526  1.84848E+09  1.93250E+09  1.93370E+10  4.28840E+09  3.23030E+10  2.61571E+00  1.55605E+03   8.494   8.617
 0.340 -3.71766E-01  1.80581E-01 -1.00413E-01  1.49102E+01  9.32656E+00  3.30170E+00   6.141  1.40910E+09  1.47996E+09  1.93514E+10  4.18369E+09  3.02526E+10  1.76516E+00  1.68861E+03   8.550   8.620
 0.350  1.41199E-01  1.42203E-01 -1.53442E-01  7.71360E+00 -1.54396E+01 -1.09630E+01   5.554  1.19114E+09  1.26102E+09  1.89668E+10  3.88784E+09  2.69353E+10  1.59829E+00  1.82799E+03   8.579   8.628
 0.360  1.84624E-01  2.82671E-01 -2.70534E-02  1.92782E+01 -1.23013E+01 -5.82173E+00   5.976  1.31627E+09  1.35965E+09  1.94489E+10  4.12935E+09  2.94832E+10  1.27523E+00  1.95668E+03   8.574   8.624
 0.370 -3.47477E-01  2.47265E-01 -8.38063E-02  2.28591E+01 -1.14132E+01  8.89958E+00   5.850  1.30355E+09  1.32710E+09  1.93570E+10  4.02528E+09  2.86632E+10  1.14351E+00  2.10426E+03   8.546   8.627
 0.380 -2.29431E-01 -4.15347E-02 -2.64628E-01  2.99324E+00  7.67170E+00 -1.39661E+01   4.053  1.13574E+09  1.30183E+09  1.75021E+10  3.08614E+09  1.82722E+10  2.76219E+00  2.26781E+03   8.568   8.656
 0.390 -2.04123E-01 -4.03223E-01 -3.02515E-01 -1.92364E+01 -3.00956E+00 -1.66828E+01   3.946  8.24799E+08  9.67971E+08  1.76275E+10  3.04967E+09  1.76690E+10  1.91807E+00  2.38742E+03   8.638   8.659
 0.400 -2.42238E-01  2.75391E-01 -2.32265E-01  7.46728E+00  5.16888E+00 -9.01386E+00   4.153  6.81282E+08  7.60013E+08  1.81899E+10  3.18054E+09  1.89683E+10  1.33650E+00  2.51291E+03   8.672   8.655
 0.410  4.28960E-01 -1.59517E-01  3.07380E-01  3.60530E+01  1.38173E+01 -2.95767E+01   4.393  6.83990E+08  7.74473E+08  1.86487E+10  3.32269E+09  2.07124E+10  1.75543E+00  2.63349E+03   8.620   8.653
 0.420 -8.72818E-01 -2.23786E-01  2.49346E-02  5.72606E+01 -4.18779E+00  1.59990E+01   9.376  1.38679E+09  1.44245E+09  2.17496E+10  5.02172E+09  4.88616E+10  2.37381E+00  2.72597E+03   8.355   8.617
 0.430  4.00095E-01 -3.40950E-02 -2.43512E-01  7.39244E+01  2.43794E+01  1.49088E+00   9.975  1.62611E+09  1.63293E+09  2.20530E+10  5.15851E+09  5.12762E+10  1.62553E+00  2.85808E+03   8.244   8.617
 0.440  7.30886E-01  1.23526E-01  2.27136E-03  7.13160E+01  3.18056E+01  1.30014E+01   8.915  1.60828E+09  1.58967E+09  2.20127E+10  5.01760E+09  4.62739E+10  1.27250E+00  2.98792E+03   8.200   8.621
 0.450 -1.91831E-01 -1.32197E+00  5.73711E-01  7.75482E+01  7.94632E+00  3.02374E+01   8.971  1.91724E+09  1.89970E+09  2.21112E+10  4.99478E+09  4.65036E+10  1.45927E+00  3.13157E+03   8.181   8.621
 0.460 -8.36094E-01 -7.73332E-01 -1.15145E-01  2.80371E+01 -9.37663E+00  4.12661E+01   9.248  2.15511E+09  2.10207E+09  2.22462E+10  5.02229E+09  4.77131E+10  1.05362E+00  3.28071E+03   8.163   8.620
 0.470 -3.96323E-01 -1.86660E-01 -7.58130E-01 -1.33939E+01 -1.66556E+00 -8.29651E+00   9.725  2.34681E+09  2.29267E+09  2.24761E+10  5.12855E+09  4.99148E+10  1.17517E+00  3.41202E+03   8.201   8.617
 0.480 -1.43772E+00 -5.62355E-01 -1.76178E+00 -5.47016E+00 -7.70260E+00 -8.64002E+00  10.695  2.23959E+09  2.15225E+09  2.27814E+10  5.29503E+09  5.59886E+10  7.16791E-01  3.55467E+03   8.233   8.613
 0.490 -1.05804E+00  1.77651E+00 -2.37574E+00 -3.66822E+01 -1.24016E+00 -4.73868E+01  10.819  2.46731E+09  2.43425E+09  2.28358E+10  5.26866E+09  5.65354E+10  1.36408E+00  3.70026E+03   8.252   8.613
 0.500 -1.02314E+00 -1.58668E-01 -1.84523E+00  7.12725E+00  3.32237E+01  1.05033E+01  12.327  2.63490E+09  2.49682E+09  2.31157E+10  5.41513E+09  6.43311E+10  8.95326E-01  3.84556E+03   8.262   8.609
 0.510 -2.35079E-01  6.94568E-01 -8.38640E-01  1.17628E+00  2.70043E+01  1.41585E+01  11.072  2.53103E+09  2.45219E+09  2.30501E+10  5.31000E+09  5.77476E+10  1.55717E+00  3.99714E+03   8.284   8.611
 0.520 -4.76855E-01  2.66559E-01 -8.16504E-01  8.31944E-01  3.68530E+00  6.69530E+00  10.373  2.36705E+09  2.31941E+09  2.32270E+10  5.23007E+09  5.42718E+10  1.80122E+00  4.10715E+03   8.314   8.611
 0.530  6.21366E-01 -2.33018E-01  7.45016E-01 -1.26046E+01  4.65523E+01 -7.96367E+00   9.610  2.36649E+09  2.34868E+09  2.31793E+10  5.10599E+09  5.05856E+10  1.37788E+00  4.25653E+03   8.312   8.615
 0.540 -4.54317E-01 -3.82747E-01 -1.78918E+00 -3.52296E+00 -2.32901E-01 -1.71796E+01  10.987  2.57239E+09  2.53947E+09  2.36190E+10  5.32818E+09  5.79761E+10  9.58006E-01  4.38376E+03   8.292   8.611
 0.550 -2.81296E-01 -1.36978E-01 -1.49559E+00 -1.32005E+01  2.57942E+01 -9.22437E+00  11.704  2.36032E+09  2.30262E+09  2.38470E+10  5.39321E+09  6.15974E+10  1.33475E+00  4.51633E+03   8.331   8.611
 0.560 -6.06688E-01  5.83626E-01 -8.11645E-01 -2.33232E+01  3.39307E+01 -1.23142E+01  11.962  1.99180E+09  1.96816E+09  2.39596E+10  5.40919E+09  6.34726E+10  9.12866E-01  4.67497E+03   8.369   8.611
