  46
 0.110   1.000  5.13882E-02  4.28457E-02  7.68006E-02
 0.120   1.139  6.65702E-01  7.70507E-01  4.85096E-01
 0.130   1.125  1.33267E+00  1.08077E+00  1.54074E+00
 0.140   1.500  1.26272E+00  1.32651E+00  1.03795E+00
 0.150   1.577  2.20775E+00  2.22656E+00  2.06445E+00
 0.160   1.851  3.48834E+00  3.71414E+00  2.73787E+00
 0.170   2.316  5.75245E+00  5.38223E+00  6.10976E+00
 0.180   3.209  3.67081E+00  3.75503E+00  3.61865E+00
 0.190   2.769  1.11090E+01  1.14009E+01  9.63391E+00
 0.200   1.136  2.88148E+01  2.82532E+01  2.61061E+01
 0.210   2.861  2.93932E+01  2.63516E+01  3.33705E+01
 0.220   3.014  1.33991E+01  1.27168E+01  1.41955E+01
 0.230   3.513  1.22741E+01  1.25906E+01  1.27522E+01
 0.240   4.088  8.49061E+00  8.45931E+00  9.11138E+00
 0.250   4.118  1.06206E+01  1.01326E+01  1.04491E+01
 0.260   4.956  5.41056E+00  5.45034E+00  5.66279E+00
 0.270   5.101  4.96072E+00  5.13551E+00  4.92127E+00
 0.280   5.826  4.97967E+00  5.08739E+00  4.78513E+00
 0.290   6.101  2.73211E+00  2.73104E+00  2.91059E+00
 0.300   6.032  2.67351E+00  2.73911E+00  2.48948E+00
 0.310   6.158  2.53457E+00  2.55617E+00  2.48204E+00
 0.320   6.732  2.17792E+00  2.05942E+00  2.31431E+00
 0.330   6.526  2.61571E+00  2.59384E+00  2.57747E+00
 0.340   6.141  1.76516E+00  1.73435E+00  1.93155E+00
 0.350   5.554  1.59829E+00  1.48768E+00  1.65116E+00
 0.360   5.976  1.27523E+00  1.29748E+00  1.28185E+00
 0.370   5.850  1.14351E+00  1.10461E+00  1.19376E+00
 0.380   4.053  2.76219E+00  2.79431E+00  2.56341E+00
 0.390   3.946  1.91807E+00  1.89145E+00  2.08552E+00
 0.400   4.153  1.33650E+00  1.33642E+00  1.40470E+00
 0.410   4.393  1.75543E+00  1.78585E+00  1.67242E+00
 0.420   9.376  2.37381E+00  2.17316E+00  2.48049E+00
 0.430   9.975  1.62553E+00  1.66088E+00  1.59039E+00
 0.440   8.915  1.27250E+00  1.31839E+00  1.23124E+00
 0.450   8.971  1.45927E+00  1.53231E+00  1.32067E+00
 0.460   9.248  1.05362E+00  1.04403E+00  1.10927E+00
 0.470   9.725  1.17517E+00  1.11535E+00  1.14846E+00
 0.480  10.695  7.16791E-01  6.59899E-01  9.55474E-01
 0.490  10.819  1.36408E+00  1.45834E+00  1.20725E+00
 0.500  12.327  8.95326E-01  8.69589E-01  1.04795E+00
 0.510  11.072  1.55717E+00  1.47366E+00  1.60615E+00
 0.520  10.373  1.80122E+00  1.75696E+00  1.78604E+00
 0.530   9.610  1.37788E+00  1.27608E+00  1.46525E+00
 0.540  10.987  9.58006E-01  9.30374E-01  1.10228E+00
 0.550  11.704  1.33475E+00  1.24215E+00  1.47384E+00
 0.560  11.962  9.12866E-01  8.63223E-01  9.87603E-01
