  11
 0.120 -4.24743E-02  7.83615E-03 -1.65261E-01 -1.02049E+01 -5.97511E+00  6.61742E+00   1.013  4.34146E+07  7.28097E+07  4.18316E+07  0.00000E+00  5.10303E+08  4.17959E-01  1.04081E+02   8.004   7.733
 0.130  3.33206E-01 -4.35466E-01  3.42482E-02  1.30457E+00  7.86108E+01  4.46731E+00   1.496  3.18330E+08  3.77769E+08  1.43784E+08  3.38085E+07  1.83320E+09  1.10479E+00  1.35181E+02   7.767   7.648
 0.140 -2.62536E-02  2.47832E-01  1.43533E-01 -1.39263E+01  1.63536E+01  1.57653E+01   1.447  1.51090E+08  3.09579E+08  2.81597E+08  4.78332E+07  1.64506E+09  1.35785E+00  1.29754E+02   8.308   8.051
 0.150  3.83314E-04  8.39522E-03 -1.30271E-02  1.84197E+00  4.92003E+00  2.65131E+00   1.074  4.57314E+08  8.12622E+08  5.94049E+08  4.36020E+07  1.20825E+09  6.03095E+00  1.08147E+02   8.349   8.176
 0.160  2.03077E-02 -6.29037E-02 -2.78364E-02  6.53474E+00  3.91703E+00 -1.00167E+00   1.580  5.19804E+08  9.54565E+08  1.13646E+09  1.14978E+08  2.47977E+09  4.81305E+00  1.55756E+02   8.482   8.400
 0.170 -9.72972E-03 -2.49051E-04  7.99276E-03 -8.81715E-01  4.76527E+00 -5.70003E-01   1.096  3.93955E+08  8.71426E+08  1.54516E+09  8.90923E+07  1.71448E+09  5.53395E+00  1.90708E+02   8.648   8.505
 0.180  8.29020E-02  2.56796E-02 -4.68785E-02 -1.24655E-01 -3.14930E+00 -1.20103E-01   1.208  4.14548E+08  8.65021E+08  2.06531E+09  1.21182E+08  2.06923E+09  5.09215E+00  2.43998E+02   8.625   8.563
 0.190 -4.34288E-02  1.08456E-01 -8.14794E-02 -1.55167E+01 -3.86090E+00  5.24561E+01   2.638  8.27058E+08  1.08962E+09  2.58222E+09  2.89398E+08  5.77620E+09  2.94815E+00  3.38537E+02   8.294   8.566
 0.200  1.55373E-02 -1.13181E-01  2.45657E-01  1.27215E+01 -2.44537E+00  1.67665E+01   3.192  1.19311E+09  1.67554E+09  3.21565E+09  3.50992E+08  8.45259E+09  5.46882E+00  3.85702E+02   8.306   8.554
 0.210 -2.09267E-02  2.21992E-02 -2.37772E-01  1.27604E+01 -1.29245E+01  1.59047E+01   3.145  6.16207E+08  1.03110E+09  3.72968E+09  3.54190E+08  7.81043E+09  4.55726E+00  4.40637E+02   8.513   8.567
 0.220  7.91260E-02 -3.35088E-01  3.84033E-01  7.59134E+00 -3.78110E-01  3.20250E+01   4.721  1.41026E+09  1.71874E+09  5.17126E+09  1.36285E+09  1.69995E+10  5.65963E+00  5.37086E+02   8.286   8.528
