  11
 0.120  1.16250E+00  5.53626E+07  4.50077E+07  5.16586E+07  5.26243E+07  3.30620E+07  6.08572E+08  4.37506E-01
 0.130  1.68750E+00  4.23926E+08  1.64582E+08  1.88964E+08  4.08049E+08  8.60894E+07  2.22378E+09  1.33497E+00
 0.140  2.13750E+00  2.39722E+08  3.44798E+08  4.04654E+08  2.25667E+08  1.86440E+08  2.86129E+09  1.47987E+00
 0.150  2.47500E+00  7.64155E+08  7.41397E+08  8.54570E+08  7.24684E+08  4.11312E+08  3.96146E+09  6.75278E+00
 0.160  2.77500E+00  8.14379E+08  1.28703E+09  1.52399E+09  7.69466E+08  4.77216E+08  5.32426E+09  5.15615E+00
 0.170  3.03750E+00  6.71849E+08  1.82423E+09  2.19152E+09  6.37630E+08  5.15307E+08  6.64923E+09  5.87362E+00
 0.180  3.63750E+00  7.24016E+08  2.37417E+09  2.88916E+09  6.72825E+08  4.91303E+08  7.75772E+09  5.47838E+00
 0.190  4.35000E+00  1.18818E+09  2.70025E+09  3.34552E+09  1.11878E+09  2.97408E+08  1.04892E+10  3.05078E+00
 0.200  4.76250E+00  1.85118E+09  3.34114E+09  4.14846E+09  1.70290E+09  5.79757E+08  1.40592E+10  5.81929E+00
 0.210  5.25000E+00  1.03007E+09  3.90103E+09  4.88289E+09  9.03538E+08  4.94893E+08  1.41231E+10  4.83839E+00
 0.220  5.62500E+00  1.87802E+09  5.30571E+09  6.71159E+09  1.68575E+09  4.65048E+08  2.06084E+10  6.10406E+00
