  11
 0.120  4.22444E+07  4.15900E+07  4.76765E+07  4.02152E+07  3.13644E+07  4.99994E+08  4.16306E-01
 0.130  1.38908E+08  8.71325E+07  1.00663E+08  1.33512E+08  4.05043E+07  8.54911E+08  6.11252E-01
 0.140  8.59416E+07  1.99781E+08  2.31977E+08  8.25663E+07  1.36154E+08  8.78688E+08  1.16353E+00
 0.150  4.45256E+08  5.83739E+08  6.67112E+08  4.37299E+08  3.58984E+08  1.09892E+09  5.95354E+00
 0.160  3.67470E+08  1.02542E+09  1.20699E+09  3.60717E+08  4.23055E+08  1.33911E+09  4.45826E+00
 0.170  3.86732E+08  1.52239E+09  1.81885E+09  3.82760E+08  4.78454E+08  1.53049E+09  5.50159E+00
 0.180  3.57681E+08  2.00145E+09  2.42677E+09  3.51458E+08  4.42599E+08  1.63649E+09  4.85138E+00
 0.190  3.04744E+08  2.22974E+09  2.75679E+09  3.00095E+08  2.46556E+08  1.66667E+09  2.44506E+00
 0.200  4.19402E+08  2.64994E+09  3.29415E+09  4.12366E+08  4.11678E+08  1.82630E+09  3.97145E+00
 0.210  1.67320E+08  2.97500E+09  3.73651E+09  1.62643E+08  2.99387E+08  1.81225E+09  2.75239E+00
 0.220  1.92118E+08  3.13972E+09  3.99217E+09  1.87433E+08  1.66437E+08  1.96514E+09  2.09957E+00
