  46
 0.100   0.713   0.500  1.62567E+06  1.83575E+06  1.61921E+06  6.79178E+01  0.00000E+00  0.00000E+00  0.00000E+00  1.62567E+06  1.83575E+06  1.61921E+06
 0.110   0.900   0.500  3.07512E+06  3.49416E+06  3.05617E+06  1.00272E+02  2.22259E+05  2.67193E+05  2.19923E+05  2.85286E+06  3.22697E+06  2.83625E+06
 0.120   1.121   0.898  1.61283E+06  1.93880E+06  1.58980E+06  2.23281E+02  5.81370E+05  7.12433E+05  5.69772E+05  1.03146E+06  1.22636E+06  1.02003E+06
 0.130   1.433   0.760  1.01445E+07  1.15445E+07  1.00835E+07  1.15793E+02  1.99493E+06  2.46770E+06  1.96010E+06  8.14954E+06  9.07676E+06  8.12341E+06
 0.140   1.560   0.908  4.17644E+07  4.78424E+07  4.15933E+07  9.95963E+01  2.75155E+06  3.38085E+06  2.70433E+06  3.90128E+07  4.44616E+07  3.88890E+07
 0.150   1.808   0.500  8.80029E+07  1.02990E+08  8.75976E+07  1.26258E+02  5.74918E+06  7.04698E+06  5.67075E+06  8.22537E+07  9.59433E+07  8.19268E+07
 0.160   2.214   1.131  1.53749E+08  1.79282E+08  1.52989E+08  1.43026E+02  1.11412E+07  1.37991E+07  1.09911E+07  1.42608E+08  1.65483E+08  1.41997E+08
 0.180   3.306   1.325  1.52457E+08  1.81513E+08  1.51297E+08  2.25885E+02  1.87976E+07  2.39656E+07  1.83844E+07  1.33660E+08  1.57547E+08  1.32912E+08
 0.190   3.527   1.143  4.11469E+08  4.80360E+08  4.09373E+08  1.69087E+02  3.16603E+07  4.04776E+07  3.08960E+07  3.79809E+08  4.39882E+08  3.78477E+08
 0.200   4.199   1.341  6.54562E+08  7.83295E+08  6.50522E+08  2.19954E+02  8.96784E+07  1.12415E+08  8.82359E+07  5.64884E+08  6.70881E+08  5.62286E+08
 0.210   3.188   2.067  7.90264E+08  9.41458E+08  7.85303E+08  2.32448E+02  8.86904E+07  1.12699E+08  8.69371E+07  7.01574E+08  8.28759E+08  6.98366E+08
 0.220   2.658   0.823  9.95113E+08  1.18270E+09  9.88970E+08  2.37885E+02  8.39288E+07  1.06297E+08  8.22801E+07  9.11184E+08  1.07640E+09  9.06689E+08
 0.230   2.970   0.970  1.65015E+09  2.00305E+09  1.63981E+09  2.68668E+02  2.41996E+08  3.03103E+08  2.39049E+08  1.40816E+09  1.69995E+09  1.40076E+09
 0.240   3.421   0.887  1.79451E+09  2.22473E+09  1.78002E+09  3.55737E+02  2.20011E+08  2.81926E+08  2.16126E+08  1.57450E+09  1.94280E+09  1.56389E+09
 0.250   4.064   1.074  2.00230E+09  2.51684E+09  1.98273E+09  4.44302E+02  2.61290E+08  3.38187E+08  2.56380E+08  1.74101E+09  2.17865E+09  1.72635E+09
 0.260   4.324   1.437  2.01285E+09  2.53374E+09  1.99109E+09  5.00313E+02  2.49579E+08  3.26860E+08  2.43903E+08  1.76327E+09  2.20688E+09  1.74718E+09
 0.270   4.885   1.346  3.06296E+09  3.83537E+09  3.03163E+09  4.93870E+02  3.24795E+08  4.26980E+08  3.16941E+08  2.73816E+09  3.40839E+09  2.71468E+09
 0.280   5.046   1.493  2.73347E+09  3.46177E+09  2.70170E+09  5.75841E+02  3.10017E+08  4.07865E+08  3.02443E+08  2.42346E+09  3.05391E+09  2.39925E+09
 0.290   5.670   1.192  2.88533E+09  3.64982E+09  2.85232E+09  5.90056E+02  2.93226E+08  3.86041E+08  2.86007E+08  2.59210E+09  3.26378E+09  2.56631E+09
 0.300   5.915   1.484  3.52889E+09  4.53250E+09  3.48385E+09  6.81329E+02  4.27300E+08  5.60875E+08  4.17485E+08  3.10159E+09  3.97163E+09  3.06636E+09
 0.310   6.602   2.713  4.07094E+09  5.27241E+09  4.01298E+09  7.80682E+02  5.51282E+08  7.29465E+08  5.37772E+08  3.51966E+09  4.54294E+09  3.47521E+09
 0.320   6.221   1.888  4.21452E+09  5.50118E+09  4.14921E+09  8.76424E+02  4.87396E+08  6.51555E+08  4.73975E+08  3.72712E+09  4.84963E+09  3.67524E+09
 0.330   7.339   2.121  3.79904E+09  4.97450E+09  3.73550E+09  9.63055E+02  4.68148E+08  6.27985E+08  4.54591E+08  3.33089E+09  4.34652E+09  3.28091E+09
 0.340   4.729   2.309  4.94250E+09  6.44024E+09  4.86356E+09  9.60066E+02  4.56751E+08  6.16638E+08  4.42604E+08  4.48575E+09  5.82361E+09  4.42096E+09
 0.350   5.758   1.346  6.48166E+09  8.33515E+09  6.39087E+09  8.73411E+02  4.99362E+08  6.72879E+08  4.84071E+08  5.98230E+09  7.66227E+09  5.90680E+09
 0.360   5.120   1.111  6.48092E+09  8.39114E+09  6.38866E+09  9.16433E+02  4.69476E+08  6.29810E+08  4.55486E+08  6.01144E+09  7.76133E+09  5.93317E+09
 0.370   4.247   0.684  6.00233E+09  7.80951E+09  5.91417E+09  9.74641E+02  3.55363E+08  4.78728E+08  3.44054E+08  5.64697E+09  7.33078E+09  5.57012E+09
 0.380   4.583   0.500  6.13261E+09  7.99003E+09  6.04373E+09  9.90414E+02  3.72031E+08  4.96706E+08  3.61539E+08  5.76058E+09  7.49333E+09  5.68220E+09
 0.390   5.501   2.556  3.64998E+09  4.74841E+09  3.55331E+09  1.51091E+03  1.80533E+09  2.44495E+09  1.73996E+09  1.84465E+09  2.30346E+09  1.81335E+09
 0.400   3.978   0.500  9.90853E+09  1.22582E+10  9.74024E+09  9.83160E+02  2.53226E+09  3.47993E+09  2.41552E+09  7.37627E+09  8.77831E+09  7.32472E+09
 0.410   1.381   0.500  1.30931E+10  1.63034E+10  1.29320E+10  7.63921E+02  2.45429E+09  3.37134E+09  2.34038E+09  1.06388E+10  1.29321E+10  1.05916E+10
 0.420   1.134   0.500  1.53507E+10  1.93632E+10  1.51737E+10  7.64856E+02  2.54510E+09  3.49249E+09  2.42743E+09  1.28056E+10  1.58707E+10  1.27462E+10
 0.430   4.059   1.069  2.27308E+09  3.04567E+09  2.20693E+09  1.80425E+03  1.01815E+09  1.38271E+09  9.76194E+08  1.25493E+09  1.66296E+09  1.23074E+09
 0.440   7.324   0.684  1.91904E+09  2.54538E+09  1.86712E+09  1.72768E+03  7.06795E+08  9.66859E+08  6.74781E+08  1.21225E+09  1.57852E+09  1.19234E+09
 0.450   7.423   0.667  1.99444E+09  2.65476E+09  1.94006E+09  1.77041E+03  7.42754E+08  1.01607E+09  7.08873E+08  1.25169E+09  1.63869E+09  1.23118E+09
 0.460   7.905   1.007  2.25381E+09  3.03565E+09  2.18806E+09  1.94576E+03  8.60393E+08  1.18010E+09  8.20588E+08  1.39342E+09  1.85555E+09  1.36747E+09
 0.470   7.331   0.882  2.09512E+09  2.82084E+09  2.03293E+09  2.00969E+03  7.61966E+08  1.04766E+09  7.24956E+08  1.33315E+09  1.77318E+09  1.30797E+09
 0.480   7.258   1.011  2.30033E+09  3.10971E+09  2.22966E+09  2.11436E+03  8.22149E+08  1.13393E+09  7.80625E+08  1.47818E+09  1.97578E+09  1.44904E+09
 0.490   6.421   0.779  2.13731E+09  2.91639E+09  2.06541E+09  2.32585E+03  7.69268E+08  1.06471E+09  7.26476E+08  1.36804E+09  1.85168E+09  1.33894E+09
 0.500   6.206   1.047  2.50142E+09  3.42960E+09  2.41637E+09  2.42300E+03  8.99772E+08  1.24561E+09  8.51347E+08  1.60165E+09  2.18399E+09  1.56503E+09
 0.510   6.297   0.909  2.39286E+09  3.29473E+09  2.30603E+09  2.59822E+03  8.85857E+08  1.22881E+09  8.36021E+08  1.50700E+09  2.06592E+09  1.47000E+09
 0.520   6.072   0.852  2.21177E+09  3.06444E+09  2.12498E+09  2.83482E+03  8.53244E+08  1.18748E+09  8.02680E+08  1.35853E+09  1.87696E+09  1.32230E+09
 0.530   6.131   0.724  2.14513E+09  2.98339E+09  2.05824E+09  2.97595E+03  8.16165E+08  1.13823E+09  7.65832E+08  1.32896E+09  1.84516E+09  1.29241E+09
 0.540   6.149   0.729  2.10124E+09  2.93659E+09  2.01175E+09  3.18260E+03  7.77371E+08  1.08655E+09  7.26324E+08  1.32387E+09  1.85004E+09  1.28543E+09
 0.550   5.887   0.649  1.85201E+09  2.59696E+09  1.76911E+09  3.37521E+03  7.12960E+08  9.98395E+08  6.64900E+08  1.13905E+09  1.59856E+09  1.10421E+09
 0.561   5.730   0.620  1.80422E+09  2.54121E+09  1.71907E+09  3.61492E+03  6.74655E+08  9.46394E+08  6.25770E+08  1.12956E+09  1.59482E+09  1.09330E+09
