  46
 0.100  1.06819E-01  1.56221E-01 -9.42159E-02  2.12395E+01  1.34476E+01  2.34055E+01  3.97513E-01 -8.02235E-01 -4.45425E-01  6.70239E+00   0.713   0.500  3.24669E+07  3.28978E+07  1.62567E+06  0.00000E+00  1.58794E+07  1.61781E-02  6.79178E+01   7.490   7.378
 0.110  7.33682E-02 -2.29051E-01  8.36338E-02  1.29289E+01  3.30205E+01  6.43497E+00 -6.94248E-01  2.34296E-01  6.80533E-01  1.30248E+01   0.900   0.500  3.56867E+07  3.65116E+07  3.07512E+06  2.22259E+05  4.34813E+07  2.63219E-02  1.00272E+02   7.626   7.511
 0.120  2.29741E-01 -1.22419E-02  4.23064E-01  1.89189E+01  4.66117E+00  5.58051E+01  4.75813E-02 -4.72333E-01  8.80135E-01  2.79758E+01   1.121   0.898  8.11332E+07  7.98243E+07  1.61283E+06  5.81370E+05  4.88853E+07  2.29711E-03  2.23281E+02   7.450   7.496
 0.130 -2.08227E-02 -4.15478E-02  5.04155E-02 -1.84040E-01  1.72952E+00 -2.73758E+00 -3.25935E-01  5.91695E-01  7.37335E-01  8.50340E+00   1.433   0.760  2.18984E+08  2.15640E+08  1.01445E+07  1.99493E+06  1.02260E+08  1.24803E-01  1.15793E+02   7.883   7.623
 0.140  6.26262E-02 -8.32395E-02  4.47336E-02 -1.04741E+01 -1.59214E-01 -1.01454E+00 -8.87418E-01 -2.71190E-01 -3.72753E-01  1.62839E+01   1.560   0.908  2.52131E+08  2.69002E+08  4.17644E+07  2.75155E+06  1.25871E+08  3.43360E-01  9.95963E+01   8.184   7.938
 0.150  2.25366E-02  1.71461E-01  2.47589E-01  6.70770E+00  8.36324E+00 -3.94941E+00 -9.64051E-01  2.64738E-01 -2.27746E-02  2.93436E+01   1.808   0.500  1.45418E+08  1.86431E+08  8.80029E+07  5.74918E+06  1.26121E+08  4.23425E-01  1.26258E+02   8.388   8.358
 0.160 -5.51765E-02 -2.87010E-01 -2.11331E-01  1.06516E+00 -6.45458E-01 -2.38144E+00 -8.39868E-01  1.37758E-01 -5.25018E-01  5.26924E+01   2.214   1.131  6.04878E+08  6.49390E+08  1.53749E+08  1.11412E+07  2.15245E+08  1.03285E+00  1.43026E+02   8.059   8.326
 0.180  7.58837E-02 -6.30440E-02  1.36985E-01 -1.27671E+01  2.47185E+01 -1.76134E+01 -3.09500E-01 -8.88247E-01 -3.39451E-01  1.08058E+02   3.306   1.325  6.78739E+08  7.06305E+08  1.52457E+08  1.87976E+07  4.93675E+08  7.58454E-01  2.25885E+02   8.230   8.268
 0.190  3.01790E-01 -2.07102E-01  4.35359E-01 -1.15195E+01  4.08280E+00  1.90288E+01 -2.56027E-01 -9.36581E-01 -2.39305E-01  2.00870E+02   3.527   1.143  1.01750E+09  1.21682E+09  4.11469E+08  3.16603E+07  7.43921E+08  3.27970E+00  1.69087E+02   8.306   8.241
 0.200  1.39920E-01 -5.83928E-02  7.09171E-02 -1.93342E+01 -5.31170E+00  9.49950E+00 -1.92802E-01 -9.34274E-01 -2.99933E-01  2.71144E+02   4.199   1.341  1.05904E+09  1.20982E+09  6.54562E+08  8.96784E+07  1.04796E+09  2.47417E+00  2.19954E+02   8.323   8.272
 0.210 -6.31709E-01 -3.33483E-01  9.90680E-02 -1.53883E+01 -8.47477E+00 -2.61009E+01  1.37058E-01 -9.83630E-01 -1.16989E-01  2.01250E+02   3.188   2.067  2.12833E+09  2.36519E+09  7.90264E+08  8.86904E+07  1.10117E+09  4.45980E+00  2.32448E+02   8.265   8.305
 0.220 -1.14288E-01 -6.26698E-02 -1.24618E-01  2.15967E+00 -4.50034E+00 -8.76907E+00  2.41865E-01 -9.36920E-01  2.52354E-01  7.06223E+01   2.658   0.823  7.53442E+08  1.23219E+09  9.95113E+08  8.39288E+07  6.21957E+08  5.72624E+00  2.37885E+02   8.693   8.483
 0.230 -1.19048E-01 -1.86267E-02  1.59871E-01 -1.59861E+01  4.75713E+00 -1.49677E+01  1.75111E-01 -9.84232E-01  2.49605E-02  1.42843E+02   2.970   0.970  8.20006E+08  1.21061E+09  1.65015E+09  2.41996E+08  7.97961E+08  4.10673E+00  2.68668E+02   8.617   8.564
 0.240  1.52527E-01 -5.76870E-02  6.18838E-02 -1.17305E+01 -1.71173E+00 -1.33014E+01  7.94649E-02 -9.91272E-01 -1.05193E-01  1.82643E+02   3.421   0.887  6.20396E+08  8.23737E+08  1.79451E+09  2.20011E+08  9.64903E+08  2.33418E+00  3.55737E+02   8.644   8.557
 0.250  9.65896E-04  8.13908E-02 -3.81905E-02 -7.32273E+00  1.48246E+01 -1.00087E+01  9.43868E-02 -8.74780E-01 -4.75238E-01  2.35359E+02   4.064   1.074  1.07440E+09  1.23443E+09  2.00230E+09  2.61290E+08  1.23693E+09  2.64462E+00  4.44302E+02   8.492   8.572
 0.260  1.85901E-01  1.52461E-02  2.93309E-01 -3.39353E+01  2.02772E+01  6.52416E+00 -2.25606E-01 -7.88673E-01 -5.71924E-01  3.02458E+02   4.324   1.437  1.87340E+09  2.08590E+09  2.01285E+09  2.49579E+08  1.44494E+09  3.45698E+00  5.00313E+02   8.341   8.545
 0.270 -4.78784E-01  4.25018E-02 -6.57653E-02 -2.55169E+01  1.95770E+01 -2.96355E+01 -1.62618E-01 -8.82179E-01 -4.41946E-01  3.53829E+02   4.885   1.346  1.52907E+09  2.09279E+09  3.06296E+09  3.24795E+08  1.69311E+09  5.90934E+00  4.93870E+02   8.417   8.512
 0.280 -9.02556E-02  1.09238E-01 -1.10428E-01 -2.25037E+00 -5.29739E-01  1.73874E+01 -4.91617E-01 -6.20352E-01 -6.11127E-01  4.30445E+02   5.046   1.493  1.98844E+09  2.21257E+09  2.73347E+09  3.10017E+08  1.69960E+09  4.18526E+00  5.75841E+02   8.372   8.505
 0.290  1.58154E-03  2.06439E-01 -2.08484E-01 -7.95850E+00  1.60992E+01 -1.66553E-01 -5.75679E-01 -6.49592E-01 -4.96613E-01  4.67155E+02   5.670   1.192  1.85218E+09  2.22419E+09  2.88533E+09  2.93226E+08  1.49133E+09  5.05906E+00  5.90056E+02   8.452   8.488
 0.300 -3.19273E-01  3.69422E-01 -1.51628E-01 -8.15791E+00  1.74883E+01 -1.05307E+01 -5.26743E-01 -7.01927E-01 -4.79416E-01  5.07454E+02   5.915   1.484  1.62561E+09  1.78137E+09  3.52889E+09  4.27300E+08  1.75779E+09  2.38389E+00  6.81329E+02   8.475   8.487
 0.310 -4.84719E-01 -9.75593E-03  3.70157E-01 -3.38190E+01  3.32318E+01  1.09883E+00 -5.84327E-01 -5.79155E-01 -5.68455E-01  5.91451E+02   6.602   2.713  2.40474E+09  2.54984E+09  4.07094E+09  5.51282E+08  2.51951E+09  3.36398E+00  7.80682E+02   8.434   8.484
 0.320  1.51065E-01  2.86791E-02 -5.25110E-01  5.17172E-02 -3.00076E+00  5.73345E+00 -5.96770E-01 -6.08478E-01 -5.23087E-01  5.05848E+02   6.221   1.888  1.79090E+09  1.94970E+09  4.21452E+09  4.87396E+08  2.11180E+09  2.98048E+00  8.76424E+02   8.486   8.499
 0.330  3.75268E-01  3.63107E-01 -1.04350E+00  1.25822E+01 -2.64451E+01 -6.52062E+00 -7.26003E-01 -4.11861E-01 -5.50717E-01  7.01111E+02   7.339   2.121  2.81491E+09  2.95062E+09  3.79904E+09  4.68148E+08  2.36828E+09  3.09279E+00  9.63055E+02   8.399   8.497
 0.340  2.31619E-01  1.42564E-02 -5.75734E-01  3.86998E+01 -2.71677E+01 -7.31625E+01 -4.91265E-01 -6.55883E-01 -5.73128E-01  3.71438E+02   4.729   2.309  3.49364E+09  3.88032E+09  4.94250E+09  4.56751E+08  2.01702E+09  7.10013E+00  9.60066E+02   8.377   8.499
 0.350 -1.52726E-01  5.91371E-01 -6.02065E-01  4.35527E+01  5.06292E+00 -2.19769E+01 -2.41468E-01 -6.09017E-01 -7.55508E-01  3.52878E+02   5.758   1.346  1.94237E+09  3.03970E+09  6.48166E+09  4.99362E+08  1.87119E+09  9.93022E+00  8.73411E+02   8.605   8.511
 0.360  5.84845E-01  6.36470E-01 -6.19023E-01  2.51533E+01 -1.17574E+01 -4.90047E+00 -3.28583E-01 -4.91088E-01 -8.06762E-01  4.83528E+02   5.120   1.111  1.79119E+09  2.27323E+09  6.48092E+09  4.69476E+08  1.58528E+09  6.46414E+00  9.16433E+02   8.638   8.546
 0.370 -3.07841E-01  7.11491E-02  3.40815E-02 -1.21708E+01  3.25658E+01 -1.37863E+01 -3.46717E-01 -4.74273E-01 -8.09230E-01  4.64088E+02   4.247   0.684  1.78371E+09  2.24471E+09  6.00233E+09  3.55363E+08  1.11098E+09  6.04054E+00  9.74641E+02   8.630   8.578
 0.380 -4.39299E-01  3.46639E-01 -7.30731E-02 -3.45454E+00  3.03401E+01 -1.64665E+01 -2.56133E-01 -4.48617E-01 -8.56235E-01  4.77346E+02   4.583   0.500  1.40201E+09  1.87208E+09  6.13261E+09  3.72031E+08  9.22336E+08  5.52760E+00  9.90414E+02   8.695   8.597
 0.390  3.48286E-01 -8.65000E-02  1.57408E-01  3.94990E+00  1.13250E+02  7.02574E+01 -8.81693E-01  4.05003E-01 -2.42056E-01  3.86546E+02   5.501   2.556  8.12852E+09  8.61509E+09  3.64998E+09  1.80533E+09  5.18957E+09  1.11466E+01  1.51091E+03   8.422   8.529
 0.400 -2.74937E-02 -2.51980E-02 -6.25881E-02 -6.27874E+00 -9.45504E+00  1.54390E+00 -8.45731E-01  5.05566E-01  1.70711E-01  1.46157E+02   3.978   0.500  3.23480E+09  7.42369E+09  9.90853E+09  2.53226E+09  1.48327E+09  4.88628E+01  9.83160E+02   8.846   8.730
 0.410  2.03517E-02 -2.93220E-02 -3.75839E-02 -1.09592E+01  1.31776E+01  1.65491E+01 -9.19919E-01 -6.00132E-02 -3.87490E-01  1.48362E+02   1.381   0.500  2.10488E+09  4.54240E+09  1.30931E+10  2.45429E+09  7.90645E+08  2.56274E+01  7.63921E+02   8.924   8.795
 0.420  5.52024E-03 -1.33401E-02 -2.51173E-02  5.26810E+00 -1.17493E+01 -4.74202E+00 -9.70698E-01 -1.29566E-01 -2.02383E-01  2.11556E+02   1.134   0.500  1.76408E+09  3.80372E+09  1.53507E+10  2.54510E+09  7.32698E+08  2.33143E+01  7.64856E+02   8.900   8.816
 0.430 -1.16893E-02 -4.55587E-03 -6.59256E-02 -1.53348E+01  7.63252E+00 -2.59269E+00 -2.10589E-01  9.75495E-01  6.37305E-02  2.43265E+02   4.059   1.069  1.32293E+09  1.37661E+09  2.27308E+09  1.01815E+09  1.99249E+09  1.45057E+00  1.80425E+03   8.842   8.640
 0.440 -6.72170E-02  2.95403E-02 -1.23763E-01  4.29794E+01 -1.71124E+01  1.31735E+01  2.94648E-01  9.41301E-01 -1.64725E-01  6.38358E+02   7.324   0.684  1.48123E+09  1.61558E+09  1.91904E+09  7.06795E+08  2.15569E+09  2.12628E+00  1.72768E+03   8.692   8.582
 0.450  1.70812E-01 -3.08646E-02  3.34997E-01  6.57749E+01 -3.36422E+01 -1.60520E+01  3.80020E-01  8.82626E-01 -2.76687E-01  8.42257E+02   7.423   0.667  1.39325E+09  1.48578E+09  1.99444E+09  7.42754E+08  2.02383E+09  1.57605E+00  1.77041E+03   8.628   8.588
 0.460  1.09656E-02 -1.24922E-01 -1.82305E-01  5.73313E+01 -4.72219E+01 -2.09436E+01  4.94802E-01  7.31217E-01 -4.69567E-01  8.20249E+02   7.905   1.007  1.29756E+09  1.30814E+09  2.25381E+09  8.60393E+08  2.61378E+09  8.12201E-01  1.94576E+03   8.618   8.583
 0.470  2.49527E-01 -2.45191E-01 -5.81347E-02  2.81833E+01 -4.21258E+01 -1.95510E+01  5.70004E-01  5.75103E-01 -5.86815E-01  1.00944E+03   7.331   0.882  1.37405E+09  1.42619E+09  2.09512E+09  7.61966E+08  2.26045E+09  1.81539E+00  2.00969E+03   8.564   8.597
 0.480  3.73357E-01 -9.29683E-03  1.72448E-01  2.33856E+01 -6.54336E+01 -1.42391E+01  5.11358E-01  3.51564E-01 -7.84166E-01  1.04099E+03   7.258   1.011  1.36002E+09  1.39671E+09  2.30033E+09  8.22149E+08  2.39679E+09  1.32426E+00  2.11436E+03   8.593   8.597
 0.490  8.46193E-01  4.49274E-03  3.13105E-01  7.93734E+00 -6.00871E+01 -1.98873E+01  4.01213E-01  1.81999E-01 -8.97722E-01  9.69162E+02   6.421   0.779  1.00668E+09  1.02673E+09  2.13731E+09  7.69268E+08  1.86604E+09  7.22494E-01  2.32585E+03   8.648   8.651
 0.500  4.99575E-01 -1.28161E-01  1.18152E-01 -1.11181E+01 -3.03929E+01 -6.19506E+00  2.20777E-01  4.02889E-02 -9.74492E-01  8.12509E+02   6.206   1.047  8.97277E+08  9.14749E+08  2.50142E+09  8.99772E+08  2.20624E+09  6.48835E-01  2.42300E+03   8.695   8.644
 0.510  1.76291E-01 -6.37501E-02  2.05096E-02 -1.06170E+01 -1.46605E+01 -7.71975E+00  1.06167E-01 -3.23841E-02 -9.93821E-01  7.99927E+02   6.297   0.909  7.89487E+08  7.99179E+08  2.39286E+09  8.85857E+08  1.99981E+09  4.39135E-01  2.59822E+03   8.732   8.674
 0.520  2.78419E-01  2.00300E-02 -3.82302E-02 -1.89304E+00 -1.85871E+01 -3.91238E+00 -9.53800E-03 -9.27188E-02 -9.95647E-01  7.86064E+02   6.072   0.852  6.82125E+08  6.82835E+08  2.21177E+09  8.53244E+08  1.82048E+09  2.98579E-01  2.83482E+03   8.750   8.691
 0.530  2.43703E-01 -1.93365E-02 -5.45771E-02 -1.26627E+01 -1.39738E+01 -2.09046E+00 -1.28038E-01 -1.48107E-01 -9.80648E-01  7.93499E+02   6.131   0.724  6.23312E+08  6.21620E+08  2.14513E+09  8.16165E+08  1.68862E+09  2.40146E-01  2.97595E+03   8.765   8.706
 0.540  9.60258E-02 -9.38708E-02 -5.08454E-02 -1.05204E+01  2.90717E+00 -1.82485E+00 -2.61785E-01 -1.72112E-01 -9.49656E-01  7.92216E+02   6.149   0.729  5.83748E+08  5.83245E+08  2.10124E+09  7.77371E+08  1.67449E+09  2.02378E-01  3.18260E+03   8.768   8.724
 0.550  7.23912E-02  1.42522E-02 -8.38015E-02 -1.01523E+01  2.56108E-03  6.66049E-01 -3.98973E-01 -1.70189E-01 -9.01031E-01  7.92355E+02   5.887   0.649  5.50070E+08  5.46821E+08  1.85201E+09  7.12960E+08  1.45775E+09  1.33794E-01  3.37521E+03   8.770   8.735
 0.561  1.47044E-01 -7.16277E-02 -1.35829E-01 -7.81907E+00  1.72971E+00  3.46031E-01 -5.42097E-01 -1.14160E-01 -8.32525E-01  7.84487E+02   5.730   0.620  5.13862E+08  5.08075E+08  1.80422E+09  6.74655E+08  1.40919E+09  5.95111E-02  3.61492E+03   8.769   8.740
