  46
 0.100         1216 -0.21533E-01  0.29052E-02 -0.30761E-02  0.16717E+02 -0.11313E+02 -0.33691E+02  0.39751E+00 -0.80223E+00 -0.44543E+00   0.713   0.500
 0.110        10408 -0.37541E-02 -0.21398E-01  0.22525E-02  0.13524E+02  0.34131E+02 -0.99076E+01 -0.69425E+00  0.23430E+00  0.68053E+00   0.900   0.500
 0.120          357 -0.18835E-01  0.65512E-02 -0.19654E-01 -0.16827E+02  0.40964E+01 -0.59565E+02  0.47581E-01 -0.47233E+00  0.88014E+00   1.121   0.898
 0.130        11716 -0.35433E-02  0.31004E-02  0.22145E-02 -0.40354E+02 -0.21029E+02  0.11089E+03 -0.32593E+00  0.59170E+00  0.73734E+00   1.433   0.760
 0.140       173844 -0.42983E-02  0.45371E-02  0.12417E-01  0.54854E+01  0.12166E+02 -0.57654E+01 -0.88742E+00 -0.27119E+00 -0.37275E+00   1.560   0.908
 0.150       192204  0.25548E-02 -0.25548E-03  0.40877E-02  0.68266E+02 -0.14079E+02  0.61860E+01 -0.96405E+00  0.26474E+00 -0.22775E-01   1.808   0.500
 0.160       225168  0.10901E-02  0.81761E-03 -0.27254E-02 -0.84624E+01  0.31148E+02 -0.18338E+02 -0.83987E+00  0.13776E+00 -0.52502E+00   2.214   1.131
 0.180       377615  0.61360E-03 -0.30680E-03 -0.12272E-02 -0.25856E+02  0.21602E+02 -0.37562E+02 -0.30950E+00 -0.88825E+00 -0.33945E+00   3.306   1.325
 0.190       185733 -0.32394E-02 -0.19436E-02 -0.64788E-03 -0.87673E+01 -0.41701E+02 -0.22201E+02 -0.25603E+00 -0.93658E+00 -0.23930E+00   3.527   1.143
 0.200       372201  0.20463E-02  0.30694E-02 -0.68209E-03 -0.15491E+02 -0.34475E+02  0.48515E+02 -0.19280E+00 -0.93427E+00 -0.29993E+00   4.199   1.341
 0.210       204384 -0.71635E-03  0.10745E-02  0.71635E-03  0.62273E+02  0.13127E+02  0.69872E+02  0.13706E+00 -0.98363E+00 -0.11699E+00   3.188   2.067
 0.220       584237  0.00000E+00  0.75034E-03 -0.15007E-02  0.30710E+01  0.13888E+02 -0.41560E+02  0.24186E+00 -0.93692E+00  0.25235E+00   2.658   0.823
 0.230       283876  0.00000E+00  0.00000E+00 -0.15678E-02  0.12695E+03  0.13100E+02 -0.37386E+02  0.17511E+00 -0.98423E+00  0.24960E-01   2.970   0.970
 0.240       334451  0.00000E+00 -0.20456E-02  0.24548E-02  0.18692E+03  0.30988E+02  0.19804E+03  0.79465E-01 -0.99127E+00 -0.10519E+00   3.421   0.887
 0.250      1001426  0.17045E-02  0.42613E-03 -0.25568E-02 -0.35728E+02 -0.95849E+02 -0.98842E+02  0.94387E-01 -0.87478E+00 -0.47524E+00   4.064   1.074
 0.260      1012739  0.26606E-02  0.00000E+00 -0.17737E-02  0.19770E+03  0.30682E+02  0.77563E+02 -0.22561E+00 -0.78867E+00 -0.57192E+00   4.324   1.437
 0.270       314906  0.00000E+00 -0.92136E-03  0.00000E+00 -0.12503E+03 -0.14800E+03 -0.11538E+03 -0.16262E+00 -0.88218E+00 -0.44195E+00   4.885   1.346
 0.280      1084719  0.00000E+00 -0.47788E-03  0.19115E-02 -0.66492E+02 -0.44384E+02  0.49592E+02 -0.49162E+00 -0.62035E+00 -0.61113E+00   5.046   1.493
 0.290       989445 -0.99021E-03  0.99021E-03  0.19804E-02  0.18791E+03  0.96633E+02  0.41867E+02 -0.57568E+00 -0.64959E+00 -0.49661E+00   5.670   1.192
 0.300       564890 -0.30662E-02  0.10221E-02  0.00000E+00  0.35390E+02  0.23090E+03 -0.19741E+03 -0.52674E+00 -0.70193E+00 -0.47942E+00   5.915   1.484
 0.310      1164482  0.00000E+00 -0.15856E-02  0.10571E-02 -0.15774E+02  0.17273E+03  0.14613E+03 -0.58433E+00 -0.57915E+00 -0.56846E+00   6.602   2.713
 0.320       180984  0.00000E+00  0.00000E+00 -0.10917E-02  0.32264E+02 -0.10175E+02 -0.10024E+03 -0.59677E+00 -0.60848E+00 -0.52309E+00   6.221   1.888
 0.330       578991  0.22501E-02 -0.39377E-02  0.00000E+00  0.28180E+03  0.20039E+03 -0.20682E+03 -0.72600E+00 -0.41186E+00 -0.55072E+00   7.339   2.121
 0.340       348140  0.00000E+00  0.11600E-02  0.11600E-02  0.33164E+02 -0.25658E+03 -0.15288E+02 -0.49127E+00 -0.65588E+00 -0.57313E+00   4.729   2.309
 0.350       459229 -0.11934E-02  0.59670E-03  0.23868E-02 -0.33594E+03 -0.20524E+03  0.19019E+03 -0.24147E+00 -0.60902E+00 -0.75551E+00   5.758   1.346
 0.360       905791  0.00000E+00  0.00000E+00 -0.24554E-02 -0.70357E+02 -0.50819E+02 -0.20824E+03 -0.32858E+00 -0.49109E+00 -0.80676E+00   5.120   1.111
 0.370       941565  0.00000E+00 -0.63111E-03  0.00000E+00 -0.92085E+02  0.17310E+03  0.75403E+02 -0.34672E+00 -0.47427E+00 -0.80923E+00   4.247   0.684
 0.380       310105  0.12953E-02  0.12953E-02  0.00000E+00  0.36149E+03  0.75750E+02  0.74674E+02 -0.25613E+00 -0.44862E+00 -0.85624E+00   4.583   0.500
 0.390      1756589  0.00000E+00  0.00000E+00  0.00000E+00 -0.52648E+02 -0.46847E+03 -0.28404E+03 -0.88169E+00  0.40500E+00 -0.24206E+00   5.501   2.556
 0.400       866061  0.00000E+00  0.68163E-03 -0.13633E-02  0.12241E+03  0.48358E+03 -0.23831E+02 -0.84573E+00  0.50557E+00  0.17071E+00   3.978   0.500
 0.410      1421638 -0.13984E-02  0.13984E-02  0.00000E+00 -0.28092E+03 -0.21003E+03  0.44738E+03 -0.91992E+00 -0.60013E-01 -0.38749E+00   1.381   0.500
 0.420       402038  0.14314E-02 -0.14314E-02 -0.14314E-02 -0.45824E+03  0.32144E+03  0.13479E+03 -0.97070E+00 -0.12957E+00 -0.20238E+00   1.134   0.500
 0.430       522836 -0.14660E-02 -0.73300E-03 -0.14660E-02 -0.36147E+03  0.17168E+03  0.11880E+03 -0.21059E+00  0.97550E+00  0.63730E-01   4.059   1.069
 0.440       241712  0.15004E-02  0.75020E-03  0.15004E-02 -0.64372E+03  0.38431E+03  0.21810E+03  0.29465E+00  0.94130E+00 -0.16473E+00   7.324   0.684
 0.450       906151  0.15341E-02 -0.15341E-02 -0.15341E-02  0.20552E+03  0.80817E+03 -0.13246E+03  0.38002E+00  0.88263E+00 -0.27669E+00   7.423   0.667
 0.460      1225587  0.00000E+00  0.15679E-02  0.15679E-02 -0.34632E+03  0.10010E+03 -0.65210E+03  0.49480E+00  0.73122E+00 -0.46957E+00   7.905   1.007
 0.470       392497 -0.32019E-02 -0.16009E-02  0.00000E+00  0.28092E+03 -0.16332E+03  0.47780E+03  0.57000E+00  0.57510E+00 -0.58682E+00   7.331   0.882
 0.480       242806  0.16367E-02  0.00000E+00  0.16367E-02 -0.15412E+03  0.32302E+03  0.25235E+03  0.51136E+00  0.35156E+00 -0.78417E+00   7.258   1.011
 0.490       575622  0.16706E-02  0.00000E+00  0.00000E+00 -0.61083E+03 -0.63097E+01 -0.96179E+02  0.40121E+00  0.18200E+00 -0.89772E+00   6.421   0.779
 0.500      1328135  0.17035E-02  0.00000E+00  0.00000E+00  0.31962E+01 -0.79496E+03 -0.13575E+03  0.22078E+00  0.40289E-01 -0.97449E+00   6.206   1.047
 0.510       402442 -0.17380E-02 -0.17380E-02  0.00000E+00 -0.28389E+03  0.29439E+03 -0.12320E+03  0.10617E+00 -0.32384E-01 -0.99382E+00   6.297   0.909
 0.520      3276685  0.00000E+00 -0.17718E-02  0.00000E+00 -0.32033E+02 -0.15023E+03 -0.17885E+03 -0.95380E-02 -0.92719E-01 -0.99565E+00   6.072   0.852
 0.530      1018912  0.00000E+00 -0.36114E-02  0.00000E+00  0.58323E+02 -0.94400E+02  0.14957E+03 -0.12804E+00 -0.14811E+00 -0.98065E+00   6.131   0.724
 0.540      4430702  0.00000E+00  0.18402E-02  0.18402E-02 -0.23138E+03 -0.26049E+03  0.78619E+02 -0.26178E+00 -0.17211E+00 -0.94966E+00   6.149   0.729
 0.550       118788  0.00000E+00  0.00000E+00  0.00000E+00  0.57397E+03  0.13236E+03 -0.51154E+03 -0.39897E+00 -0.17019E+00 -0.90103E+00   5.887   0.649
 0.561      1598163  0.00000E+00 -0.19108E-02  0.00000E+00  0.39003E+02  0.91408E+02 -0.93363E+03 -0.54210E+00 -0.11416E+00 -0.83253E+00   5.730   0.620
