  46
 0.100   0.713  8.05733E-02  8.94353E-02  6.65446E-02
 0.110   0.900  8.91394E-02  9.47231E-02  9.73663E-02
 0.120   1.121  6.18087E-02  6.35777E-02  7.93279E-02
 0.130   1.433  8.65670E-01  9.92520E-01  6.41120E-01
 0.140   1.560  1.97155E+00  1.97986E+00  1.93026E+00
 0.150   1.808  8.03208E-01  7.46859E-01  1.09283E+00
 0.160   2.214  1.99449E+00  2.33745E+00  1.49018E+00
 0.180   3.306  1.91635E+00  1.98469E+00  2.10218E+00
 0.190   3.527  4.61285E+00  4.47150E+00  4.42387E+00
 0.200   4.199  3.20469E+00  3.16766E+00  3.27706E+00
 0.210   3.188  7.79636E+00  8.79369E+00  5.91651E+00
 0.220   2.658  8.77373E+00  7.67910E+00  1.09463E+01
 0.230   2.970  5.37636E+00  4.97620E+00  6.23760E+00
 0.240   3.421  3.42846E+00  3.08614E+00  3.93625E+00
 0.250   4.064  3.74539E+00  3.73787E+00  3.39877E+00
 0.260   4.324  4.54019E+00  4.77018E+00  4.35500E+00
 0.270   4.885  6.70520E+00  6.15634E+00  8.08230E+00
 0.280   5.046  5.26869E+00  5.39963E+00  4.86526E+00
 0.290   5.670  5.73505E+00  5.50469E+00  6.17891E+00
 0.300   5.915  2.78041E+00  2.66683E+00  3.11190E+00
 0.310   6.602  3.66002E+00  3.72510E+00  3.52401E+00
 0.320   6.221  3.28325E+00  3.15440E+00  3.33894E+00
 0.330   7.339  3.68100E+00  3.56417E+00  3.97370E+00
 0.340   4.729  9.38170E+00  9.87693E+00  8.10880E+00
 0.350   5.758  1.09356E+01  9.37275E+00  1.53629E+01
 0.360   5.120  7.41074E+00  7.30486E+00  7.20528E+00
 0.370   4.247  7.22397E+00  7.33481E+00  7.13372E+00
 0.380   4.583  6.40533E+00  6.45658E+00  6.58641E+00
 0.390   5.501  4.18779E+01  4.39804E+01  3.57037E+01
 0.400   3.978  5.59492E+01  5.30282E+01  5.95757E+01
 0.410   1.381  3.23481E+01  3.06892E+01  3.63387E+01
 0.420   1.134  2.68562E+01  2.62733E+01  2.67251E+01
 0.430   4.059  1.17935E+01  1.14428E+01  1.26102E+01
 0.440   7.324  6.82651E+00  6.59423E+00  7.49248E+00
 0.450   7.423  4.96222E+00  4.79595E+00  5.53561E+00
 0.460   7.905  3.30143E+00  3.24976E+00  3.59802E+00
 0.470   7.331  4.29587E+00  4.47118E+00  3.76658E+00
 0.480   7.258  3.04082E+00  2.93348E+00  3.08801E+00
 0.490   6.421  2.17455E+00  2.15328E+00  2.28286E+00
 0.500   6.206  1.91108E+00  1.88927E+00  1.98796E+00
 0.510   6.297  1.50752E+00  1.47304E+00  1.65021E+00
 0.520   6.072  1.44573E+00  1.45606E+00  1.43045E+00
 0.530   6.131  1.22491E+00  1.25962E+00  1.21685E+00
 0.540   6.149  1.07647E+00  1.03641E+00  1.16475E+00
 0.550   5.887  8.35526E-01  7.54010E-01  9.38815E-01
 0.561   5.730  7.57634E-01  7.46469E-01  8.65914E-01
