  46
 0.100   0.713  9.77374E+06  1.12230E+07  9.69265E+06  1.13103E+02  0.00000E+00  0.00000E+00  0.00000E+00  9.77374E+06  1.12230E+07  9.69265E+06
 0.110   0.900  1.63829E+07  1.90317E+07  1.62489E+07  1.28246E+02  1.18052E+06  1.42407E+06  1.16539E+06  1.52024E+07  1.76076E+07  1.50835E+07
 0.120   1.121  3.29927E+07  3.95651E+07  3.25623E+07  2.10596E+02  1.08593E+07  1.33090E+07  1.06585E+07  2.21335E+07  2.62561E+07  2.19039E+07
 0.130   1.433  9.87988E+07  1.14229E+08  9.80144E+07  1.45828E+02  2.17288E+07  2.67342E+07  2.13165E+07  7.70700E+07  8.74944E+07  7.66980E+07
 0.140   1.560  2.78792E+08  3.22928E+08  2.77343E+08  1.20490E+02  3.19542E+07  3.94510E+07  3.13853E+07  2.46837E+08  2.83477E+08  2.45958E+08
 0.150   1.808  3.78150E+08  4.52145E+08  3.75403E+08  1.80633E+02  4.79774E+07  5.94318E+07  4.71327E+07  3.30172E+08  3.92714E+08  3.28270E+08
 0.160   2.214  5.43580E+08  6.52645E+08  5.38775E+08  2.26624E+02  7.69659E+07  9.64552E+07  7.54559E+07  4.66614E+08  5.56190E+08  4.63319E+08
 0.180   3.306  1.26839E+09  1.55862E+09  1.25400E+09  3.20602E+02  2.72606E+08  3.47414E+08  2.66480E+08  9.95779E+08  1.21121E+09  9.87523E+08
 0.190   3.527  1.76226E+09  2.16429E+09  1.74180E+09  3.45219E+02  3.63196E+08  4.64698E+08  3.54578E+08  1.39907E+09  1.69959E+09  1.38722E+09
 0.200   4.199  2.22093E+09  2.75950E+09  2.19216E+09  4.03783E+02  5.13107E+08  6.57480E+08  5.00814E+08  1.70782E+09  2.10202E+09  1.69135E+09
 0.210   3.188  2.58393E+09  3.19615E+09  2.55075E+09  4.22290E+02  4.59030E+08  5.92690E+08  4.46876E+08  2.12490E+09  2.60346E+09  2.10388E+09
 0.220   2.658  3.52743E+09  4.33212E+09  3.48951E+09  3.81439E+02  5.20830E+08  6.62915E+08  5.09181E+08  3.00660E+09  3.66920E+09  2.98033E+09
 0.230   2.970  4.51443E+09  5.62731E+09  4.46347E+09  4.29532E+02  7.70116E+08  9.81650E+08  7.55016E+08  3.74432E+09  4.64566E+09  3.70845E+09
 0.240   3.421  5.09674E+09  6.45463E+09  5.02892E+09  5.26198E+02  9.03028E+08  1.16828E+09  8.82288E+08  4.19371E+09  5.28634E+09  4.14663E+09
 0.250   4.064  5.66486E+09  7.25680E+09  5.57798E+09  6.27037E+02  1.07812E+09  1.40893E+09  1.05080E+09  4.58674E+09  5.84786E+09  4.52718E+09
 0.260   4.324  6.24339E+09  8.04668E+09  6.13799E+09  7.12395E+02  1.17990E+09  1.55438E+09  1.14702E+09  5.06349E+09  6.49230E+09  4.99098E+09
 0.270   4.885  7.30331E+09  9.40415E+09  7.17696E+09  7.52954E+02  1.32591E+09  1.75664E+09  1.28591E+09  5.97740E+09  7.64751E+09  5.89105E+09
 0.280   5.046  7.85158E+09  1.01836E+10  7.70601E+09  8.33659E+02  1.38207E+09  1.83794E+09  1.33777E+09  6.46951E+09  8.34566E+09  6.36824E+09
 0.290   5.670  8.64913E+09  1.12626E+10  8.48019E+09  9.05256E+02  1.53039E+09  2.04276E+09  1.47872E+09  7.11874E+09  9.21984E+09  7.00147E+09
 0.300   5.915  8.93460E+09  1.17314E+10  8.74653E+09  1.00353E+03  1.59312E+09  2.13247E+09  1.53722E+09  7.34148E+09  9.59897E+09  7.20931E+09
 0.310   6.602  9.47454E+09  1.25085E+10  9.26119E+09  1.10441E+03  1.72848E+09  2.32345E+09  1.66446E+09  7.74606E+09  1.01851E+10  7.59673E+09
 0.320   6.221  9.67568E+09  1.28463E+10  9.44394E+09  1.21009E+03  1.66574E+09  2.25058E+09  1.59985E+09  8.00994E+09  1.05957E+10  7.84409E+09
 0.330   7.339  1.03756E+10  1.38140E+10  1.01167E+10  1.29317E+03  1.87223E+09  2.53465E+09  1.79640E+09  8.50334E+09  1.12793E+10  8.32031E+09
 0.340   4.729  1.14223E+10  1.51607E+10  1.11381E+10  1.32974E+03  2.44298E+09  3.29189E+09  2.35553E+09  8.97928E+09  1.18688E+10  8.78255E+09
 0.350   5.758  1.26971E+10  1.66931E+10  1.24044E+10  1.27026E+03  1.74238E+09  2.36641E+09  1.66650E+09  1.09548E+10  1.43267E+10  1.07379E+10
 0.360   5.120  1.31936E+10  1.74490E+10  1.28825E+10  1.33580E+03  1.70451E+09  2.31755E+09  1.62859E+09  1.14891E+10  1.51315E+10  1.12539E+10
 0.370   4.247  1.33565E+10  1.77505E+10  1.30304E+10  1.42067E+03  1.57333E+09  2.14686E+09  1.49947E+09  1.17831E+10  1.56037E+10  1.15309E+10
 0.380   4.583  1.44788E+10  1.92967E+10  1.41198E+10  1.47478E+03  1.72787E+09  2.35765E+09  1.64686E+09  1.27509E+10  1.69390E+10  1.24729E+10
 0.390   5.501  2.61270E+10  3.45639E+10  2.53377E+10  1.69605E+03  1.48623E+10  2.02150E+10  1.42665E+10  1.12646E+10  1.43489E+10  1.10712E+10
 0.400   3.978  3.00779E+10  3.90921E+10  2.92799E+10  1.50672E+03  1.12735E+10  1.54527E+10  1.07281E+10  1.88044E+10  2.36394E+10  1.85518E+10
 0.410   1.381  2.81205E+10  3.61883E+10  2.74997E+10  1.27624E+03  9.96280E+09  1.36382E+10  9.48723E+09  1.81577E+10  2.25501E+10  1.80125E+10
 0.420   1.134  3.00823E+10  3.89968E+10  2.94460E+10  1.26781E+03  9.63728E+09  1.32343E+10  9.15705E+09  2.04450E+10  2.57625E+10  2.02889E+10
 0.430   4.059  4.47634E+10  5.93198E+10  4.37019E+10  1.49941E+03  1.47990E+10  2.02178E+10  1.41237E+10  2.99644E+10  3.91020E+10  2.95783E+10
 0.440   7.324  5.12770E+10  6.88103E+10  4.99712E+10  1.66608E+03  1.75020E+10  2.39945E+10  1.67075E+10  3.37750E+10  4.48158E+10  3.32637E+10
 0.450   7.423  5.18939E+10  7.01933E+10  5.04898E+10  1.80966E+03  1.75548E+10  2.41644E+10  1.67203E+10  3.43391E+10  4.60288E+10  3.37695E+10
 0.460   7.905  5.25933E+10  7.16308E+10  5.10830E+10  1.96035E+03  1.78673E+10  2.46765E+10  1.69857E+10  3.47260E+10  4.69543E+10  3.40973E+10
 0.470   7.331  5.20326E+10  7.12214E+10  5.04533E+10  2.10163E+03  1.74539E+10  2.41707E+10  1.65490E+10  3.45787E+10  4.70507E+10  3.39044E+10
 0.480   7.258  5.20239E+10  7.15669E+10  5.03517E+10  2.25939E+03  1.73182E+10  2.40438E+10  1.63775E+10  3.47057E+10  4.75230E+10  3.39742E+10
 0.490   6.421  5.07590E+10  7.01203E+10  4.90393E+10  2.40975E+03  1.66628E+10  2.31832E+10  1.57099E+10  3.40962E+10  4.69372E+10  3.33294E+10
 0.500   6.206  5.07762E+10  7.04083E+10  4.89734E+10  2.55983E+03  1.65954E+10  2.31295E+10  1.56116E+10  3.41808E+10  4.72788E+10  3.33618E+10
 0.510   6.297  5.07997E+10  7.06976E+10  4.89123E+10  2.71911E+03  1.65764E+10  2.31431E+10  1.55598E+10  3.42233E+10  4.75545E+10  3.33525E+10
 0.520   6.072  5.01563E+10  7.00299E+10  4.82155E+10  2.87454E+03  1.62892E+10  2.27751E+10  1.52529E+10  3.38671E+10  4.72548E+10  3.29627E+10
 0.530   6.131  5.04779E+10  7.06989E+10  4.84509E+10  3.03271E+03  1.63899E+10  2.29485E+10  1.53175E+10  3.40880E+10  4.77504E+10  3.31333E+10
 0.540   6.149  5.02293E+10  7.05573E+10  4.81388E+10  3.19490E+03  1.62644E+10  2.28035E+10  1.51666E+10  3.39649E+10  4.77539E+10  3.29722E+10
 0.550   5.887  4.95541E+10  6.97880E+10  4.74252E+10  3.34826E+03  1.59650E+10  2.24065E+10  1.48531E+10  3.35891E+10  4.73815E+10  3.25722E+10
 0.561   5.730  4.91439E+10  6.93978E+10  4.69582E+10  3.52301E+03  1.57660E+10  2.21525E+10  1.46324E+10  3.33779E+10  4.72453E+10  3.23258E+10
