  34
 0.170  2.97596E-01 -9.65243E-02  1.29891E-01  1.15336E+01 -4.95954E+01  7.93075E+00   1.837  5.13871E+07  4.98489E+07  5.08303E+07  0.00000E+00  9.81032E+08  1.64418E-02  3.06632E+02   7.166   7.398
 0.180 -2.23918E-01  3.45652E-01 -5.05160E-02  3.65999E+01 -7.72456E+00 -2.67256E+01   2.145  3.53877E+08  3.60194E+08  1.00960E+08  2.88405E+07  2.52366E+09  4.37504E-01  3.17376E+02   7.424   7.352
 0.190  3.56777E-01  5.29244E-01 -5.38767E-01 -6.45044E+00 -1.89191E+01  1.44935E+01   2.518  1.41789E+08  1.76607E+08  1.35884E+08  1.81929E+07  2.17323E+09  5.05795E-01  2.84094E+02   7.793   7.528
 0.200 -2.91840E-01  7.65510E-02 -1.68497E-01  3.59123E+01 -1.46313E+01 -1.52658E+01   2.343  4.06075E+08  4.25023E+08  1.84931E+08  3.13540E+07  2.25022E+09  7.03749E-01  3.12601E+02   7.680   7.551
 0.210 -1.75547E-01  2.23920E-02 -4.26512E-03  1.55273E+01 -2.54031E+01 -4.65383E+00   2.489  3.68639E+08  5.33084E+08  4.10149E+08  4.52279E+07  2.64238E+09  2.23300E+00  2.36949E+02   7.984   7.767
 0.220 -3.69645E-02  3.01399E-02  2.89474E-01  2.41211E+01 -2.75482E+01  2.75283E+00   2.762  2.83313E+08  3.01385E+08  4.64001E+08  6.21995E+07  2.70981E+09  5.33626E-01  3.25746E+02   7.847   7.794
 0.230 -8.47970E-02  6.18150E-04 -2.53302E-01  2.97970E+01 -1.40549E+01 -4.60312E+00   2.441  2.07500E+08  2.29847E+08  4.94644E+08  6.49852E+07  2.65228E+09  4.47429E-01  4.17880E+02   7.892   7.799
 0.240  1.26528E-01  4.17555E-01  8.92875E-02  2.84502E+01 -3.20449E+01 -9.48436E+00   3.073  1.94642E+08  1.97844E+08  5.67992E+08  9.22143E+07  3.72576E+09  3.21694E-01  5.18586E+02   7.848   7.800
 0.250 -4.70653E-02 -3.21779E-01  3.45440E-02  1.82542E+00  3.48190E+00  2.12070E+00   3.406  5.49916E+08  5.48725E+08  6.49124E+08  1.15355E+08  4.30191E+09  8.78983E-01  5.95894E+02   7.811   7.790
 0.260 -1.06193E-02 -3.04877E-01 -3.97669E-01 -7.65015E+00 -4.04944E+01 -4.78812E+00   3.291  2.93015E+08  2.97011E+08  6.83601E+08  1.04941E+08  3.94657E+09  2.80369E-01  6.69220E+02   7.832   7.811
 0.270  2.24409E-01 -2.93586E-01 -9.99590E-02  1.12427E+00 -2.09149E+01  8.40576E+00   3.413  5.64414E+08  6.00881E+08  7.96788E+08  1.19847E+08  4.44815E+09  1.01239E+00  7.15190E+02   7.929   7.829
 0.280 -3.58542E-01 -1.29418E-02  2.36947E-01 -8.59958E+00  1.01950E+01  1.93129E+01   4.141  3.95498E+08  3.69343E+08  8.65589E+08  1.43266E+08  5.72108E+09  2.75188E-01  8.18050E+02   7.936   7.835
 0.290  4.83606E-01 -1.95690E-01 -2.20346E-01  8.96820E+00  2.53697E+00 -1.69813E+01   4.932  1.16452E+09  1.10124E+09  9.61950E+08  1.72128E+08  8.19577E+09  8.16736E-01  9.05276E+02   7.868   7.833
 0.300  2.11975E-01  3.39810E-01 -1.29864E-01 -1.39143E+01  5.74118E+00  1.77421E+01   5.556  1.06055E+09  1.09102E+09  1.19155E+09  1.92929E+08  1.06903E+10  1.73025E+00  8.78228E+02   8.016   7.861
 0.310 -3.40749E-01  1.05449E-01  1.45176E-01  5.18199E+00 -1.01942E+01  2.31422E+01   5.767  1.42137E+09  1.33896E+09  1.25386E+09  1.92793E+08  9.45523E+09  8.20937E-01  9.57850E+02   7.924   7.876
 0.320  4.86361E-01 -1.65829E-01  1.31545E-01  5.39882E+00  1.67064E+00  7.40565E+00   5.722  1.77950E+09  1.77869E+09  1.64835E+09  3.72265E+08  1.13502E+10  2.32045E+00  9.53116E+02   7.989   7.867
 0.330 -1.23338E-01 -8.45035E-02  5.03556E-01  6.10307E+00  5.97898E+00  2.39109E+01   6.372  1.69310E+09  1.65494E+09  1.74516E+09  2.72270E+08  1.13907E+10  1.69965E+00  9.63489E+02   8.045   7.909
 0.340 -5.62529E-01 -2.16213E-01  5.62686E-01  4.87803E+00  2.06863E+01  1.82534E+01   5.500  1.47442E+09  1.45179E+09  1.81422E+09  2.77735E+08  1.00749E+10  1.21415E+00  1.05780E+03   8.070   7.927
 0.350  6.07819E-02 -2.84873E-01 -8.75458E-02 -3.45439E+00 -1.87793E+01  1.22440E+01   6.619  2.42050E+09  2.34989E+09  2.14424E+09  3.62330E+08  1.31201E+10  2.01412E+00  1.08237E+03   8.071   7.944
 0.360  2.01550E-01 -1.77446E-01  2.07380E-01  1.48838E+01 -7.98042E+00  2.39881E-01   5.411  2.05873E+09  2.24978E+09  2.52879E+09  3.31384E+08  1.16577E+10  4.70103E+00  1.03137E+03   8.174   8.010
 0.370  1.05580E-01 -1.00574E+00 -5.70349E-01 -7.59310E+00 -3.31310E+01  1.61326E+01   7.099  1.35216E+09  1.32102E+09  2.80319E+09  3.74226E+08  1.40340E+10  9.91806E-01  1.09242E+03   8.205   8.041
 0.380  2.93357E-01  4.02588E-01 -7.14061E-03  1.13729E+01 -9.39622E+00 -9.98452E+00   7.363  1.91616E+09  1.82340E+09  2.96475E+09  4.08491E+08  1.46391E+10  1.41079E+00  1.18999E+03   8.152   8.056
 0.390  6.81595E-01  1.03197E+00 -9.01804E-01  3.82908E+00 -3.08332E+00 -1.16373E+01   9.799  2.33788E+09  2.16756E+09  3.21867E+09  4.67472E+08  2.13510E+10  1.34361E+00  1.27245E+03   8.136   8.067
 0.400 -3.26451E-01 -3.99547E-01  3.24159E-01 -6.01986E+01  6.79020E+01 -5.96028E+01   6.898  3.20305E+09  3.32920E+09  4.09986E+09  8.86882E+08  2.29658E+10  5.25811E+00  1.27591E+03   8.148   8.061
 0.410 -7.92883E-02  1.53131E-01  1.04318E+00  3.83998E+01  2.29129E+01 -1.65536E+01   6.974  1.03883E+09  1.12906E+09  3.69335E+09  3.57495E+08  1.47303E+10  1.42560E+00  1.29509E+03   8.356   8.179
 0.420  1.59165E+00  1.02172E+00 -4.95913E-01  2.40878E+00 -1.65881E+01 -9.78444E+00   8.103  1.33150E+09  1.25521E+09  3.97913E+09  4.67694E+08  1.55089E+10  9.14805E-01  1.39813E+03   8.284   8.200
 0.430 -3.69463E-01 -2.13716E-01  4.13438E-02  6.98994E+01 -7.76406E+00  2.31430E+01   6.939  3.50861E+09  3.51015E+09  4.44970E+09  6.21475E+08  1.64231E+10  3.67329E+00  1.43911E+03   8.185   8.203
 0.440 -1.68529E-01 -1.17203E+00 -9.58684E-02 -3.42646E+01  1.20638E+01  3.78805E+01   7.692  2.44620E+09  2.79016E+09  5.40755E+09  6.93397E+08  1.95309E+10  4.46084E+00  1.34189E+03   8.305   8.235
 0.450 -1.38845E-01 -1.31097E+00  1.69296E+00 -1.94436E+01  1.59299E+01  3.04779E+01   8.913  2.97233E+09  2.99405E+09  6.25246E+09  9.71863E+08  2.27463E+10  3.00748E+00  1.41624E+03   8.262   8.241
 0.460 -3.85909E-01 -5.36386E-01  4.78152E-01  9.20473E+00  8.02479E-02 -2.72303E+01   8.569  3.09875E+09  3.12521E+09  6.49521E+09  8.90428E+08  2.23171E+10  3.64953E+00  1.47353E+03   8.294   8.263
 0.470 -4.29879E-02 -3.87313E-01  1.91309E-01  1.27464E+00  1.16677E+01  3.86726E+00  10.026  3.43921E+09  3.49481E+09  7.46021E+09  1.15637E+09  2.92470E+10  4.54704E+00  1.51846E+03   8.321   8.282
 0.480 -5.29019E-01 -6.36660E-01 -2.24799E-01  1.93213E+00 -9.96051E+00  2.21236E+01   8.000  3.81300E+09  4.04545E+09  7.63651E+09  8.72815E+08  2.18686E+10  6.91121E+00  1.53345E+03   8.312   8.320
 0.490 -1.56624E-01 -5.77277E-01  4.39690E-01  1.24688E+01  8.01503E+00  2.89409E+00   9.751  4.01690E+09  4.05571E+09  8.70682E+09  1.15615E+09  2.91825E+10  3.64472E+00  1.58018E+03   8.314   8.332
 0.500  1.25657E-01  1.31646E-01  6.20778E-02  8.76478E+00  6.01948E+00  3.79190E+00   9.243  5.10890E+09  5.18909E+09  9.09575E+09  1.11049E+09  2.84938E+10  4.78617E+00  1.65025E+03   8.314   8.343
