  34
 0.170  2.97596E-01 -9.65243E-02  1.29891E-01  1.15336E+01 -4.95954E+01  7.93075E+00  9.14169E-02 -4.76421E-01 -8.74452E-01  4.56028E+01   1.837   0.891  5.04852E+07  4.80455E+07  8.81890E+06  0.00000E+00  1.04339E+08  1.37056E-03  2.69699E+02   7.169   7.406
 0.180 -2.23918E-01  3.45652E-01 -5.05160E-02  3.65999E+01 -7.72456E+00 -2.67256E+01 -5.07031E-01 -5.80977E-01 -6.36698E-01  7.46949E+01   2.145   1.012  3.24483E+08  3.21708E+08  2.24016E+07  5.21066E+06  3.49596E+08  2.19806E-01  1.88041E+02   7.434   7.339
 0.190  3.56777E-01  5.29244E-01 -5.38767E-01 -6.45044E+00 -1.89191E+01  1.44935E+01 -3.41018E-01 -4.24202E-01 -8.38904E-01  3.51541E+01   2.518   1.584  1.38341E+08  1.33578E+08  2.55902E+07  2.83055E+06  3.05367E+08  1.80229E-01  2.20514E+02   7.797   7.557
 0.200 -2.91840E-01  7.65510E-02 -1.68497E-01  3.59123E+01 -1.46313E+01 -1.52658E+01 -1.02098E-01 -7.28279E-01 -6.77633E-01  4.68713E+01   2.343   1.077  3.60050E+08  3.57714E+08  3.62213E+07  6.48943E+06  2.62634E+08  2.25562E-01  2.54746E+02   7.665   7.563
 0.210 -1.75547E-01  2.23920E-02 -4.26512E-03  1.55273E+01 -2.54031E+01 -4.65383E+00  4.98819E-01 -2.11109E-01  8.40602E-01  3.78099E+01   2.489   1.519  3.53193E+08  3.49536E+08  3.80424E+07  3.10535E+06  2.22727E+08  3.80421E-01  1.90748E+02   7.996   7.807
 0.220 -3.69645E-02  3.01399E-02  2.89474E-01  2.41211E+01 -2.75482E+01  2.75283E+00  5.14143E-01 -7.56579E-01  4.04036E-01  2.14201E+01   2.762   1.656  2.67116E+08  2.44277E+08  2.95791E+07  4.75514E+06  2.18571E+08  2.13136E-02  2.85926E+02   7.860   7.860
 0.230 -8.47970E-02  6.18150E-04 -2.53302E-01  2.97970E+01 -1.40549E+01 -4.60312E+00  6.52480E-02 -9.97851E-01 -6.02514E-03  2.81979E+01   2.441   1.310  1.91991E+08  1.82510E+08  3.37905E+07  3.91151E+06  2.05601E+08  9.07014E-02  3.67679E+02   7.889   7.825
 0.240  1.26528E-01  4.17555E-01  8.92875E-02  2.84502E+01 -3.20449E+01 -9.48436E+00  2.72726E-01 -1.31131E-01 -9.53113E-01  5.45554E+01   3.073   1.936  1.90222E+08  1.68584E+08  5.84818E+07  1.49816E+07  3.39287E+08  4.69628E-02  5.35052E+02   7.835   7.767
 0.250 -4.70653E-02 -3.21779E-01  3.45440E-02  1.82542E+00  3.48190E+00  2.12070E+00 -4.95331E-01  4.23247E-01 -7.58624E-01  7.50877E+01   3.406   1.565  4.91970E+08  4.70194E+08  5.72494E+07  1.02424E+07  2.94891E+08  3.49260E-01  4.21384E+02   7.819   7.790
 0.260 -1.06193E-02 -3.04877E-01 -3.97669E-01 -7.65015E+00 -4.04944E+01 -4.78812E+00 -8.91914E-01  3.50566E-01 -2.85646E-01  5.05174E+01   3.291   1.748  2.69752E+08  2.50441E+08  6.30354E+07  6.69333E+06  2.78347E+08  1.38824E-01  5.21849E+02   7.815   7.803
 0.270  2.24409E-01 -2.93586E-01 -9.99590E-02  1.12427E+00 -2.09149E+01  8.40576E+00 -7.96804E-01 -4.55669E-01 -3.96824E-01  1.06419E+02   3.413   1.414  4.96653E+08  4.91604E+08  9.94141E+07  9.59838E+06  2.80592E+08  5.53937E-01  4.41350E+02   7.936   7.851
 0.280 -3.58542E-01 -1.29418E-02  2.36947E-01 -8.59958E+00  1.01950E+01  1.93129E+01 -8.69079E-01 -4.78686E-01 -1.24746E-01  1.40171E+02   4.141   2.432  3.86740E+08  3.47918E+08  1.08922E+08  1.19405E+07  3.99064E+08  1.05699E-01  5.12384E+02   7.933   7.851
 0.290  4.83606E-01 -1.95690E-01 -2.20346E-01  8.96820E+00  2.53697E+00 -1.69813E+01 -9.11981E-01 -3.82234E-01 -1.48953E-01  1.90924E+02   4.932   2.787  1.08711E+09  1.00751E+09  1.30201E+08  1.91458E+07  7.33446E+08  4.39994E-01  6.25024E+02   7.871   7.826
 0.300  2.11975E-01  3.39810E-01 -1.29864E-01 -1.39143E+01  5.74118E+00  1.77421E+01 -9.43092E-01 -3.31537E-01 -2.56821E-02  1.88338E+02   5.556   3.015  9.79792E+08  9.47750E+08  2.41132E+08  2.05650E+07  8.05028E+08  1.03739E+00  4.36086E+02   8.023   7.892
 0.310 -3.40749E-01  1.05449E-01  1.45176E-01  5.18199E+00 -1.01942E+01  2.31422E+01 -9.98596E-01  2.35702E-03  5.29214E-02  2.25708E+02   5.767   3.407  1.35531E+09  1.25128E+09  2.23246E+08  2.63041E+07  8.66051E+08  3.59195E-01  5.87063E+02   7.931   7.888
 0.320  4.86361E-01 -1.65829E-01  1.31545E-01  5.39882E+00  1.67064E+00  7.40565E+00 -9.90751E-01 -1.31045E-01  3.52041E-02  2.76405E+02   5.722   3.205  1.75367E+09  1.70274E+09  3.49340E+08  3.81940E+07  1.20143E+09  1.69333E+00  5.32109E+02   7.983   7.900
 0.330 -1.23338E-01 -8.45035E-02  5.03556E-01  6.10307E+00  5.97898E+00  2.39109E+01 -9.64537E-01  9.21991E-02 -2.47320E-01  2.93521E+02   6.372   3.566  1.62232E+09  1.56150E+09  4.21270E+08  3.66240E+07  1.05619E+09  1.24306E+00  5.21280E+02   8.037   7.935
 0.340 -5.62529E-01 -2.16213E-01  5.62686E-01  4.87803E+00  2.06863E+01  1.82534E+01 -8.40306E-01  4.29260E-01 -3.31091E-01  2.73826E+02   5.500   2.897  1.41884E+09  1.36696E+09  4.07543E+08  3.10865E+07  9.01053E+08  6.59733E-01  6.29013E+02   8.063   7.963
 0.350  6.07819E-02 -2.84873E-01 -8.75458E-02 -3.45439E+00 -1.87793E+01  1.22440E+01 -8.57644E-01  1.38701E-01 -4.95186E-01  2.95764E+02   6.619   3.111  2.15229E+09  2.05764E+09  3.85876E+08  3.05444E+07  9.69309E+08  1.31398E+00  6.37847E+02   8.076   7.978
 0.360  2.01550E-01 -1.77446E-01  2.07380E-01  1.48838E+01 -7.98042E+00  2.39881E-01 -7.26320E-01  1.40408E-01 -6.72863E-01  2.20415E+02   5.411   2.464  1.86414E+09  1.89220E+09  4.74882E+08  2.63385E+07  8.02451E+08  2.27087E+00  5.30058E+02   8.180   8.076
 0.370  1.05580E-01 -1.00574E+00 -5.70349E-01 -7.59310E+00 -3.31310E+01  1.61326E+01 -6.59343E-01  2.10571E-01 -7.21753E-01  2.61754E+02   7.099   4.008  1.31509E+09  1.23816E+09  4.78573E+08  3.86298E+07  9.99571E+08  5.04284E-01  6.25139E+02   8.201   8.100
 0.380  2.93357E-01  4.02588E-01 -7.14061E-03  1.13729E+01 -9.39622E+00 -9.98452E+00 -7.06666E-01  2.22627E-01 -6.71610E-01  3.59068E+02   7.363   2.498  1.66485E+09  1.60056E+09  4.80852E+08  4.11989E+07  9.82279E+08  8.52532E-01  7.19210E+02   8.155   8.126
 0.390  6.81595E-01  1.03197E+00 -9.01804E-01  3.82908E+00 -3.08332E+00 -1.16373E+01 -8.38057E-01  2.51000E-01 -4.84417E-01  3.73735E+02   9.799   4.128  2.06478E+09  1.91873E+09  6.20046E+08  5.88616E+07  1.65005E+09  8.06725E-01  7.87486E+02   8.138   8.111
 0.400 -3.26451E-01 -3.99547E-01  3.24159E-01 -6.01986E+01  6.79020E+01 -5.96028E+01 -9.41426E-01  1.36386E-01 -3.08410E-01  1.98946E+02   6.898   3.177  2.88874E+09  2.73049E+09  5.13409E+08  5.22030E+07  1.38201E+09  8.43021E-01  1.06795E+03   8.160   8.110
 0.410 -7.92883E-02  1.53131E-01  1.04318E+00  3.83998E+01  2.29129E+01 -1.65536E+01 -4.98241E-01  8.62635E-01  8.72765E-02  2.71854E+02   6.974   2.956  9.53139E+08  9.72257E+08  8.47588E+08  5.03651E+07  1.16435E+09  8.43633E-01  8.86512E+02   8.350   8.274
 0.420  1.59165E+00  1.02172E+00 -4.95913E-01  2.40878E+00 -1.65881E+01 -9.78444E+00 -4.68856E-01  8.79021E-01  8.65782E-02  3.00178E+02   8.103   3.933  1.27038E+09  1.19311E+09  9.34253E+08  8.66709E+07  1.28789E+09  6.33904E-01  9.84351E+02   8.284   8.319
 0.430 -3.69463E-01 -2.13716E-01  4.13438E-02  6.98994E+01 -7.76406E+00  2.31430E+01 -5.93754E-01  7.53898E-01 -2.81237E-01  2.49365E+02   6.939   4.502  3.34128E+09  3.20286E+09  8.02013E+08  6.58585E+07  1.22005E+09  1.49611E+00  1.06736E+03   8.185   8.324
 0.440 -1.68529E-01 -1.17203E+00 -9.58684E-02 -3.42646E+01  1.20638E+01  3.78805E+01 -9.00293E-01  3.08302E-01 -3.07281E-01  2.89733E+02   7.692   3.475  2.19576E+09  2.30985E+09  9.41670E+08  4.12519E+07  1.19727E+09  2.31863E+00  7.53804E+02   8.303   8.342
 0.450 -1.38845E-01 -1.31097E+00  1.69296E+00 -1.94436E+01  1.59299E+01  3.04779E+01 -9.89999E-01  5.28079E-02 -1.30815E-01  3.61446E+02   8.913   5.745  2.83418E+09  2.73193E+09  1.06502E+09  5.64981E+07  1.60607E+09  1.64630E+00  7.54313E+02   8.267   8.347
 0.460 -3.85909E-01 -5.36386E-01  4.78152E-01  9.20473E+00  8.02479E-02 -2.72303E+01 -9.79005E-01 -1.41339E-01 -1.46877E-01  2.90009E+02   8.569   4.485  2.86058E+09  2.72237E+09  9.87615E+08  5.20243E+07  1.47886E+09  1.42843E+00  8.96949E+02   8.297   8.370
 0.470 -4.29879E-02 -3.87313E-01  1.91309E-01  1.27464E+00  1.16677E+01  3.86726E+00 -9.16052E-01  3.05121E-01 -2.60287E-01  3.95172E+02  10.026   4.605  3.09090E+09  3.05947E+09  1.67251E+09  6.51608E+07  1.86637E+09  3.35391E+00  7.88790E+02   8.334   8.463
 0.480 -5.29019E-01 -6.36660E-01 -2.24799E-01  1.93213E+00 -9.96051E+00  2.21236E+01 -8.49756E-01  3.32587E-01 -4.09024E-01  4.00669E+02   8.000   3.738  3.47878E+09  3.62888E+09  2.00166E+09  6.36993E+07  1.42574E+09  5.50873E+00  7.60216E+02   8.327   8.482
 0.490 -1.56624E-01 -5.77277E-01  4.39690E-01  1.24688E+01  8.01503E+00  2.89409E+00 -9.51212E-01  2.46736E-01 -1.85249E-01  5.96534E+02   9.751   4.965  3.86246E+09  3.89113E+09  2.35722E+09  7.40276E+07  2.11512E+09  3.28226E+00  7.58686E+02   8.314   8.481
 0.500  1.25657E-01  1.31646E-01  6.20778E-02  8.76478E+00  6.01948E+00  3.79190E+00 -8.43240E-01  1.89236E-01 -5.03126E-01  6.96930E+02   9.243   2.833  4.57259E+09  4.68662E+09  2.29261E+09  6.44233E+07  1.46972E+09  4.39525E+00  7.88126E+02   8.323   8.461
