  34
 0.170  2.10000E+00  6.60543E+07  5.67211E+07  6.98054E+07  6.17722E+07  1.78082E+06  1.20891E+09  1.92470E-02
 0.180  2.51250E+00  4.41208E+08  1.12694E+08  1.36139E+08  4.14591E+08  3.04053E+07  3.19126E+09  5.15226E-01
 0.190  2.85000E+00  1.85184E+08  1.46872E+08  1.77052E+08  1.60980E+08  5.72973E+07  2.67963E+09  5.54237E-01
 0.200  3.18750E+00  5.31136E+08  2.26996E+08  2.75846E+08  4.93980E+08  4.92787E+07  3.65517E+09  7.83108E-01
 0.210  3.45000E+00  5.76544E+08  4.73125E+08  5.65484E+08  5.22041E+08  2.13302E+08  4.22841E+09  2.48993E+00
 0.220  3.71250E+00  3.98347E+08  5.19127E+08  6.39984E+08  3.44743E+08  5.44070E+07  4.15101E+09  5.88993E-01
 0.230  4.01250E+00  3.64635E+08  5.87442E+08  7.37527E+08  3.11231E+08  4.48604E+07  5.28568E+09  4.74073E-01
 0.240  4.31250E+00  3.50363E+08  6.33300E+08  8.06059E+08  2.84168E+08  3.33257E+07  6.21342E+09  3.59238E-01
 0.250  4.68750E+00  8.14908E+08  7.08449E+08  9.03800E+08  6.95648E+08  6.54167E+07  6.66653E+09  9.99362E-01
 0.260  4.98750E+00  5.28341E+08  7.66571E+08  9.86979E+08  4.41699E+08  4.06796E+07  6.97929E+09  3.16881E-01
 0.270  5.51250E+00  8.59713E+08  8.82447E+08  1.13542E+09  7.32042E+08  8.89147E+07  8.40470E+09  1.02694E+00
 0.280  6.30000E+00  7.27140E+08  9.28794E+08  1.20858E+09  5.76267E+08  2.80599E+07  9.93295E+09  2.82141E-01
 0.290  6.86250E+00  1.66999E+09  1.00315E+09  1.30916E+09  1.41037E+09  6.01226E+07  1.28799E+10  8.38178E-01
 0.300  7.20000E+00  1.59443E+09  1.22821E+09  1.58560E+09  1.32497E+09  1.77091E+08  1.55065E+10  1.76375E+00
 0.310  7.61250E+00  2.04434E+09  1.29207E+09  1.68319E+09  1.77042E+09  6.96114E+07  1.37126E+10  8.77231E-01
 0.320  7.95000E+00  2.90912E+09  1.73352E+09  2.24583E+09  2.52354E+09  2.08465E+08  1.63874E+10  2.54349E+00
 0.330  8.17500E+00  2.42551E+09  1.86579E+09  2.41998E+09  2.07855E+09  1.74565E+08  1.58533E+10  1.81159E+00
 0.340  8.47500E+00  2.50061E+09  2.00428E+09  2.62319E+09  2.18455E+09  1.00626E+08  1.74821E+10  1.25606E+00
 0.350  8.77500E+00  3.13393E+09  2.24494E+09  2.94054E+09  2.77547E+09  1.60536E+08  1.84267E+10  2.05467E+00
 0.360  9.15000E+00  3.25601E+09  2.72091E+09  3.52821E+09  2.85168E+09  3.71029E+08  2.15807E+10  4.85151E+00
 0.370  9.75000E+00  2.04975E+09  2.93496E+09  3.84726E+09  1.77718E+09  1.24139E+08  2.06571E+10  1.03629E+00
 0.380  1.11375E+01  2.82876E+09  3.09998E+09  4.09888E+09  2.43050E+09  1.13923E+08  2.37544E+10  1.45206E+00
 0.390  1.21125E+01  3.03194E+09  3.28154E+09  4.35945E+09  2.56970E+09  1.32756E+08  2.78227E+10  1.38639E+00
 0.400  1.32000E+01  5.79490E+09  4.35177E+09  5.74293E+09  5.12249E+09  4.02264E+08  4.95142E+10  5.47475E+00
 0.410  1.38375E+01  2.85581E+09  4.21679E+09  5.56881E+09  2.39543E+09  2.52027E+08  4.03305E+10  1.71084E+00
 0.420  1.43625E+01  2.61618E+09  4.37744E+09  5.84493E+09  2.20012E+09  8.10172E+07  3.37177E+10  9.53506E-01
 0.430  1.48500E+01  6.25025E+09  5.55479E+09  7.42042E+09  5.49187E+09  2.73744E+08  4.48171E+10  3.82188E+00
 0.440  1.52625E+01  5.42224E+09  6.42169E+09  8.49398E+09  4.67849E+09  5.96331E+08  4.97823E+10  4.55809E+00
 0.450  1.56750E+01  5.04241E+09  6.83532E+09  9.10643E+09  4.37566E+09  3.05287E+08  4.63429E+10  3.01481E+00
 0.460  1.60500E+01  5.28895E+09  7.28750E+09  9.76185E+09  4.56887E+09  3.09793E+08  4.92016E+10  3.65685E+00
 0.470  1.63125E+01  5.92892E+09  7.87546E+09  1.05486E+10  5.06076E+09  4.31555E+08  5.23650E+10  4.56600E+00
 0.480  1.66125E+01  6.89285E+09  8.49443E+09  1.13831E+10  5.96994E+09  5.49044E+08  5.43090E+10  7.13871E+00
 0.490  1.69500E+01  7.73098E+09  9.23731E+09  1.24083E+10  6.90976E+09  4.01362E+08  5.66982E+10  3.73483E+00
 0.500  1.72875E+01  8.62671E+09  1.01844E+10  1.37513E+10  7.80090E+09  4.42392E+08  6.46245E+10  4.97072E+00
