  34
 0.170   1.837  5.08303E+07  6.25458E+07  5.02203E+07  3.06632E+02  0.00000E+00  0.00000E+00  0.00000E+00  5.08303E+07  6.25458E+07  5.02203E+07
 0.180   2.145  1.00960E+08  1.22245E+08  9.97660E+07  3.17376E+02  2.88405E+07  3.61857E+07  2.83912E+07  7.21194E+07  8.60596E+07  7.13747E+07
 0.190   2.518  1.35884E+08  1.63833E+08  1.34565E+08  2.84094E+02  1.81929E+07  2.30980E+07  1.78376E+07  1.17691E+08  1.40735E+08  1.16727E+08
 0.200   2.343  1.84931E+08  2.24367E+08  1.83111E+08  3.12601E+02  3.13540E+07  3.95602E+07  3.08621E+07  1.53577E+08  1.84806E+08  1.52249E+08
 0.210   2.489  4.10149E+08  4.89013E+08  4.07443E+08  2.36949E+02  4.52279E+07  5.75533E+07  4.44743E+07  3.64921E+08  4.31460E+08  3.62969E+08
 0.220   2.762  4.64001E+08  5.71667E+08  4.60052E+08  3.25746E+02  6.21995E+07  7.90789E+07  6.11900E+07  4.01802E+08  4.92588E+08  3.98862E+08
 0.230   2.441  4.94644E+08  6.19972E+08  4.89442E+08  4.17880E+02  6.49852E+07  8.36678E+07  6.37746E+07  4.29659E+08  5.36304E+08  4.25667E+08
 0.240   3.073  5.67992E+08  7.22256E+08  5.60806E+08  5.18586E+02  9.22143E+07  1.19635E+08  9.04038E+07  4.75777E+08  6.02621E+08  4.70403E+08
 0.250   3.406  6.49124E+08  8.28400E+08  6.39929E+08  5.95894E+02  1.15355E+08  1.50751E+08  1.12876E+08  5.33768E+08  6.77649E+08  5.27052E+08
 0.260   3.291  6.83601E+08  8.79496E+08  6.73072E+08  6.69220E+02  1.04941E+08  1.38004E+08  1.02416E+08  5.78661E+08  7.41492E+08  5.70656E+08
 0.270   3.413  7.96788E+08  1.02365E+09  7.84063E+08  7.15190E+02  1.19847E+08  1.58621E+08  1.16744E+08  6.76942E+08  8.65033E+08  6.67318E+08
 0.280   4.141  8.65589E+08  1.12530E+09  8.50204E+08  8.18050E+02  1.43266E+08  1.90491E+08  1.39271E+08  7.22323E+08  9.34813E+08  7.10934E+08
 0.290   4.932  9.61950E+08  1.25497E+09  9.43501E+08  9.05276E+02  1.72128E+08  2.30043E+08  1.67017E+08  7.89822E+08  1.02493E+09  7.76485E+08
 0.300   5.556  1.19155E+09  1.53803E+09  1.17005E+09  8.78228E+02  1.92929E+08  2.59105E+08  1.86722E+08  9.98621E+08  1.27892E+09  9.83325E+08
 0.310   5.767  1.25386E+09  1.63462E+09  1.23007E+09  9.57850E+02  1.92793E+08  2.59338E+08  1.86439E+08  1.06107E+09  1.37528E+09  1.04363E+09
 0.320   5.722  1.64835E+09  2.13863E+09  1.61828E+09  9.53116E+02  3.72265E+08  4.97954E+08  3.61966E+08  1.27608E+09  1.64067E+09  1.25631E+09
 0.330   6.372  1.74516E+09  2.26497E+09  1.71411E+09  9.63489E+02  2.72270E+08  3.66005E+08  2.63575E+08  1.47289E+09  1.89896E+09  1.45054E+09
 0.340   5.500  1.81422E+09  2.37640E+09  1.77993E+09  1.05780E+03  2.77735E+08  3.75235E+08  2.68478E+08  1.53648E+09  2.00116E+09  1.51145E+09
 0.350   6.619  2.14424E+09  2.80915E+09  2.10420E+09  1.08237E+03  3.62330E+08  4.89600E+08  3.50766E+08  1.78191E+09  2.31955E+09  1.75343E+09
 0.360   5.411  2.52879E+09  3.27676E+09  2.48526E+09  1.03137E+03  3.31384E+08  4.50408E+08  3.19680E+08  2.19741E+09  2.82636E+09  2.16558E+09
 0.370   7.099  2.80319E+09  3.67400E+09  2.75396E+09  1.09242E+03  3.74226E+08  5.09189E+08  3.61043E+08  2.42896E+09  3.16481E+09  2.39292E+09
 0.380   7.363  2.96475E+09  3.91859E+09  2.90975E+09  1.18999E+03  4.08491E+08  5.56850E+08  3.93958E+08  2.55626E+09  3.36174E+09  2.51579E+09
 0.390   9.799  3.21867E+09  4.27554E+09  3.15651E+09  1.27245E+03  4.67472E+08  6.39099E+08  4.50562E+08  2.75119E+09  3.63644E+09  2.70595E+09
 0.400   6.898  4.09986E+09  5.40773E+09  4.02239E+09  1.27591E+03  8.86882E+08  1.20708E+09  8.59329E+08  3.21298E+09  4.20065E+09  3.16306E+09
 0.410   6.974  3.69335E+09  4.88257E+09  3.62441E+09  1.29509E+03  3.57495E+08  4.93648E+08  3.42161E+08  3.33585E+09  4.38893E+09  3.28225E+09
 0.420   8.103  3.97913E+09  5.31597E+09  3.90140E+09  1.39813E+03  4.67694E+08  6.37683E+08  4.50444E+08  3.51143E+09  4.67828E+09  3.45096E+09
 0.430   6.939  4.44970E+09  5.93953E+09  4.36235E+09  1.43911E+03  6.21475E+08  8.47384E+08  6.00466E+08  3.82823E+09  5.09214E+09  3.76189E+09
 0.440   7.692  5.40755E+09  7.13469E+09  5.31117E+09  1.34189E+03  6.93397E+08  9.50284E+08  6.69565E+08  4.71416E+09  6.18441E+09  4.64160E+09
 0.450   8.913  6.25246E+09  8.31966E+09  6.13823E+09  1.41624E+03  9.71863E+08  1.33609E+09  9.39442E+08  5.28060E+09  6.98358E+09  5.19879E+09
 0.460   8.569  6.49521E+09  8.67801E+09  6.37481E+09  1.47353E+03  8.90428E+08  1.22873E+09  8.59490E+08  5.60478E+09  7.44928E+09  5.51532E+09
 0.470  10.026  7.46021E+09  9.97759E+09  7.32087E+09  1.51846E+03  1.15637E+09  1.60227E+09  1.11612E+09  6.30383E+09  8.37531E+09  6.20475E+09
 0.480   8.000  7.63651E+09  1.02043E+10  7.49590E+09  1.53345E+03  8.72815E+08  1.21561E+09  8.39072E+08  6.76369E+09  8.98871E+09  6.65683E+09
 0.490   9.751  8.70682E+09  1.16748E+10  8.54547E+09  1.58018E+03  1.15615E+09  1.61157E+09  1.11308E+09  7.55067E+09  1.00632E+10  7.43239E+09
 0.500   9.243  9.09575E+09  1.22453E+10  8.92373E+09  1.65025E+03  1.11049E+09  1.55267E+09  1.06726E+09  7.98526E+09  1.06927E+10  7.85647E+09
