  21
 0.100   4.500   0.675  2.50460E+09  2.24484E+08  3.56357E+07  4.23349E+07  2.24448E+09  1.22946E+07  2.94940E+07  3.52213E+07  1.39839E+08  7.78687E+08  3.91382E+07  4.64659E+07  4.81869E+09  2.00105E+07  3.17618E+07  3.78474E+07  2.25637E+08
 0.110   5.500   0.825  3.32804E+09  4.01094E+08  6.18374E+07  7.26563E+07  2.86511E+09  3.30155E+07  5.08369E+07  5.99202E+07  2.13333E+08  9.86168E+08  9.42027E+07  1.10401E+08  7.24043E+09  5.37636E+07  5.51826E+07  6.49472E+07  3.38206E+08
 0.120   8.000   1.000  8.32522E+09  9.23891E+08  1.23486E+08  1.46385E+08  7.27784E+09  3.43077E+07  7.48358E+07  8.90966E+07  3.19251E+08  1.27408E+09  1.61471E+08  1.91789E+08  1.01263E+10  4.09157E+07  7.75606E+07  9.23118E+07  4.05881E+08
 0.130  10.750   1.126  1.54095E+10  1.78918E+09  2.82482E+08  3.31921E+08  1.33379E+10  1.39764E+08  1.34911E+08  1.58556E+08  5.86208E+08  1.67181E+09  2.81664E+08  3.30954E+08  1.27263E+10  1.46813E+08  1.36568E+08  1.60450E+08  6.23953E+08
 0.140  12.250   1.163  1.82980E+10  1.98102E+09  5.30888E+08  6.24321E+08  1.57860E+10  1.60560E+08  2.62241E+08  3.08411E+08  8.24316E+08  1.68078E+09  5.29481E+08  6.22564E+08  1.41708E+10  1.56331E+08  2.58658E+08  3.04218E+08  7.64041E+08
 0.150  16.500   2.092  3.74520E+10  3.54230E+09  1.15498E+09  1.38654E+09  3.27547E+10  2.37184E+08  4.47432E+08  5.35796E+08  1.66227E+09  1.72117E+09  8.23131E+08  9.90711E+08  1.72353E+10  3.03074E+08  4.89170E+08  5.86218E+08  2.33486E+09
 0.160  19.500   1.368  5.05580E+10  4.23939E+09  1.84620E+09  2.19303E+09  4.44724E+10  8.62675E+08  9.91515E+08  1.16389E+09  3.24206E+09  2.74629E+09  1.82310E+09  2.16415E+09  2.83540E+10  6.40453E+08  8.94693E+08  1.04952E+09  1.94793E+09
 0.170  22.000   1.399  6.01973E+10  4.47526E+09  2.56903E+09  3.10446E+09  5.31530E+10  5.01651E+08  1.88394E+09  2.25860E+09  4.39577E+09  2.10617E+09  2.47422E+09  2.98475E+09  2.58789E+10  3.95087E+08  1.62661E+09  1.94638E+09  2.48317E+09
 0.180  25.500   1.000  7.86779E+10  6.23651E+09  3.37249E+09  4.10743E+09  6.90689E+10  9.20816E+08  2.72481E+09  3.29655E+09  6.09661E+09  2.62181E+09  3.14438E+09  3.82205E+09  2.59696E+10  6.57227E+08  2.17670E+09  2.61662E+09  2.06748E+09
 0.190  27.750   1.983  8.52792E+10  6.26521E+09  4.53769E+09  5.53214E+09  7.44763E+10  1.56871E+09  3.80408E+09  4.62973E+09  8.12569E+09  3.92618E+09  4.48060E+09  5.45886E+09  3.69793E+10  1.25808E+09  3.59378E+09  4.36989E+09  5.44963E+09
 0.200  29.500   2.800  8.83407E+10  5.28853E+09  5.72431E+09  7.05192E+09  7.73279E+10  9.53773E+08  4.97350E+09  6.10990E+09  8.29196E+09  2.69010E+09  5.51704E+09  6.78849E+09  3.00189E+10  9.07103E+08  4.94089E+09  6.06925E+09  7.87635E+09
 0.210  30.750   3.368  8.72845E+10  4.70061E+09  6.41995E+09  8.01545E+09  7.61640E+10  1.07310E+09  5.55964E+09  6.93687E+09  8.72528E+09  2.42412E+09  6.25575E+09  7.80381E+09  2.96309E+10  1.30496E+09  5.65614E+09  7.05281E+09  9.62766E+09
 0.220  32.500   3.706  8.94510E+10  4.67169E+09  6.83070E+09  8.64283E+09  7.79486E+10  9.09376E+08  5.98180E+09  7.56629E+09  9.16466E+09  2.29642E+09  6.63905E+09  8.39388E+09  2.86991E+10  1.07672E+09  6.12645E+09  7.74445E+09  1.05074E+10
 0.230  35.000   3.667  9.79808E+10  5.01827E+09  7.21726E+09  9.22622E+09  8.57452E+10  8.56288E+08  6.29311E+09  8.04565E+09  1.00572E+10  2.02964E+09  6.98299E+09  8.92010E+09  2.90692E+10  9.27603E+08  6.35993E+09  8.12870E+09  1.05875E+10
 0.240  48.500   4.554  2.19550E+11  1.18583E+10  1.54742E+10  1.98785E+10  1.92217E+11  1.17338E+09  6.88641E+09  8.87609E+09  1.48786E+10  2.06766E+09  7.29126E+09  9.39760E+09  3.16613E+10  1.10203E+09  6.81966E+09  8.79188E+09  1.38572E+10
 0.250  54.750   4.103  2.79307E+11  1.46741E+10  1.64366E+10  2.12427E+10  2.48196E+11  2.03039E+09  7.37572E+09  9.57759E+09  2.07598E+10  4.84076E+09  1.43761E+10  1.85966E+10  5.64386E+10  1.23224E+09  6.85313E+09  8.91756E+09  1.40648E+10
 0.260  58.750   3.036  3.17557E+11  1.55802E+10  1.89450E+10  2.43976E+10  2.83032E+11  2.33265E+09  1.54240E+10  1.98765E+10  2.92445E+10  4.37622E+09  1.65245E+10  2.12697E+10  5.26450E+10  1.49075E+09  1.40791E+10  1.81663E+10  1.61339E+10
 0.270  62.250   6.955  3.40100E+11  1.52214E+10  2.01720E+10  2.61681E+10  3.04707E+11  1.88579E+09  1.61963E+10  2.10411E+10  3.24633E+10  3.55591E+09  1.75973E+10  2.28370E+10  5.42166E+10  2.16507E+09  1.65647E+10  2.15099E+10  3.66662E+10
 0.280  70.500   8.541  4.45505E+11  2.04093E+10  2.94987E+10  3.85147E+10  3.95597E+11  2.40762E+09  1.73814E+10  2.27444E+10  3.86007E+10  3.84705E+09  1.83875E+10  2.40372E+10  5.64155E+10  3.12013E+09  1.79648E+10  2.34917E+10  4.76066E+10
 0.290  75.000   8.187  4.87017E+11  2.25969E+10  3.04597E+10  4.00551E+10  4.33960E+11  2.47676E+09  1.79304E+10  2.36361E+10  4.27312E+10  3.72948E+09  1.90287E+10  2.50516E+10  5.94936E+10  2.88041E+09  1.82594E+10  2.40606E+10  4.73551E+10
 0.300  81.000   9.296  5.52395E+11  2.73443E+10  3.17531E+10  4.19023E+10  4.93297E+11  3.72925E+09  1.91427E+10  2.53224E+10  5.28051E+10  5.62104E+09  2.12933E+10  2.81049E+10  7.28502E+10  4.93232E+09  2.02590E+10  2.67588E+10  6.48887E+10
