  21
 0.100  3.71722E+07  3.33501E+07  3.96776E+07  3.57603E+07  7.03226E+06  3.61568E+08  9.58845E-02
 0.110  6.99657E+07  5.68554E+07  6.68718E+07  6.74961E+07  2.49562E+07  4.17022E+08  3.26367E-01
 0.120  4.09157E+07  7.75606E+07  9.23118E+07  3.97928E+07  2.41799E+07  4.05881E+08  2.26948E-01
 0.130  1.29452E+08  1.32385E+08  1.55667E+08  1.24259E+08  5.80041E+07  5.35078E+08  8.23995E-01
 0.140  1.46263E+08  2.48487E+08  2.92394E+08  1.40992E+08  1.18466E+08  6.15473E+08  1.37103E+00
 0.150  1.33084E+08  3.52785E+08  4.22411E+08  1.29756E+08  9.60643E+07  7.62794E+08  9.74333E-01
 0.160  4.70692E+08  8.09754E+08  9.50348E+08  4.61633E+08  3.79472E+08  1.26287E+09  5.55017E+00
 0.170  3.24654E+08  1.43708E+09  1.71667E+09  3.17968E+08  4.97245E+08  1.58644E+09  5.16194E+00
 0.180  6.57227E+08  2.17670E+09  2.61662E+09  6.50767E+08  6.22468E+08  2.06748E+09  8.31144E+00
 0.190  8.64191E+08  3.06624E+09  3.72108E+09  8.55335E+08  7.90044E+08  2.37260E+09  8.43034E+00
 0.200  4.93084E+08  3.98879E+09  4.89510E+09  4.86830E+08  7.63413E+08  2.51061E+09  7.10970E+00
 0.210  1.64251E+08  4.24803E+09  5.31851E+09  1.61384E+08  2.87461E+08  2.48409E+09  2.66232E+00
 0.220  1.11827E+08  4.32189E+09  5.49701E+09  1.09214E+08  1.30762E+08  2.47661E+09  1.33399E+00
 0.230  1.06318E+08  4.35491E+09  5.60866E+09  1.03949E+08  7.37095E+07  2.46455E+09  8.32959E-01
 0.240  8.62919E+07  4.39777E+09  5.71687E+09  8.39749E+07  7.27976E+07  2.46505E+09  7.81404E-01
 0.250  1.13810E+08  4.45065E+09  5.83106E+09  1.10778E+08  5.61535E+07  2.46330E+09  5.85765E-01
 0.260  9.25044E+08  8.14417E+09  1.05494E+10  9.14320E+08  7.74719E+08  4.15725E+09  8.32156E+00
 0.270  2.83630E+08  8.76871E+09  1.14046E+10  2.79792E+08  4.84232E+08  3.42738E+09  4.40198E+00
 0.280  1.51618E+08  8.91411E+09  1.17132E+10  1.49288E+08  1.63234E+08  3.44799E+09  1.57371E+00
 0.290  1.04319E+08  8.82051E+09  1.16878E+10  1.02606E+08  8.62573E+07  3.33484E+09  8.69456E-01
 0.300  8.92967E+07  8.87142E+09  1.18378E+10  8.71590E+07  6.26644E+07  3.41615E+09  7.29877E-01
