  21
 0.100       118408  0.51116E-03  0.27262E-02  0.34077E-03 -0.42987E+02  0.21419E+02 -0.63385E+02 -0.89094E+00 -0.75559E-02 -0.45406E+00   0.675   0.500
 0.110       125486  0.18754E-03 -0.28131E-02 -0.20629E-02 -0.19594E+02  0.55906E+01 -0.59806E+02  0.86158E+00 -0.50507E-01 -0.50511E+00   0.825   0.521
 0.120         1346  0.81820E-03 -0.42956E-02 -0.40910E-03  0.18999E+02 -0.22762E+02 -0.17631E+02 -0.14818E+00 -0.68064E+00 -0.71748E+00   1.000   0.537
 0.130         1410 -0.17736E-02 -0.22170E-03  0.88681E-03 -0.42460E+02 -0.68466E+02 -0.29092E+02  0.33341E+00 -0.83583E+00  0.43615E+00   1.126   0.659
 0.140       320335  0.21475E-02 -0.40564E-02 -0.11930E-02 -0.15709E+02 -0.11563E+02 -0.22971E+02  0.88904E+00 -0.41581E+00  0.19159E+00   1.163   0.500
 0.150        60979  0.76662E-03 -0.25554E-03  0.15332E-02  0.16895E+02  0.77997E+02 -0.47386E+02 -0.43841E+00 -0.59038E+00  0.67768E+00   2.092   0.964
 0.160       222963 -0.54514E-03  0.81771E-03  0.35434E-02 -0.33276E+02 -0.44120E+02 -0.23469E+02 -0.43202E+00 -0.87915E+00  0.20113E+00   1.368   0.608
 0.170       519531 -0.17390E-02  0.17390E-02  0.86948E-03 -0.10364E+03 -0.47188E+02 -0.33549E+02 -0.69492E+00 -0.67922E+00 -0.23611E+00   1.399   0.500
 0.180       193143  0.30671E-03 -0.30671E-03 -0.61341E-03 -0.12899E+03 -0.27064E+03  0.19080E+02 -0.62176E+00 -0.70698E+00 -0.33702E+00   1.000   0.500
 0.190       174045 -0.64770E-03  0.12954E-02 -0.19431E-02  0.30041E+03  0.58572E+02  0.23015E+02  0.58602E+00  0.58480E+00  0.56088E+00   1.983   0.500
 0.200         1406  0.34075E-03 -0.68149E-03  0.34075E-03 -0.10445E+03  0.30779E+03  0.71915E+02  0.75429E+00  0.36104E+00  0.54836E+00   2.800   0.500
 0.210       673063  0.17903E-02 -0.71610E-03 -0.14322E-02  0.12408E+03 -0.21775E+03 -0.28845E+03  0.75176E+00  0.25276E+00  0.60907E+00   3.368   0.753
 0.220       302843  0.11243E-02 -0.74954E-03 -0.74954E-03 -0.33793E+03  0.21786E+02 -0.65963E+02  0.70195E+00  0.32624E+00  0.63311E+00   3.706   0.552
 0.230       895093  0.23519E-02  0.11760E-02 -0.78397E-03 -0.60645E+01  0.97436E+02 -0.30597E+03  0.62416E+00  0.40729E+00  0.66673E+00   3.667   0.500
 0.240       630789  0.40917E-03  0.00000E+00  0.00000E+00 -0.32562E+02 -0.52488E+03 -0.11176E+03  0.62049E+00  0.43879E+00  0.64997E+00   4.554   0.590
 0.250      1876720  0.85241E-03 -0.42621E-03  0.21310E-02 -0.10370E+02 -0.16468E+03 -0.41171E+03  0.49468E+00  0.43664E+00  0.75142E+00   4.103   1.469
 0.260       430689  0.44333E-03  0.13300E-02 -0.44333E-03 -0.25449E+03  0.21113E+02  0.47319E+03 -0.44826E+00  0.52641E+00  0.72247E+00   3.036   0.749
 0.270      2021388  0.45995E-03  0.13798E-02  0.45995E-03  0.25398E+03 -0.17815E+03  0.12280E+03 -0.65654E+00  0.67402E+00  0.33859E+00   6.955   1.105
 0.280       451838 -0.47726E-03  0.19090E-02  0.47726E-03  0.23365E+03 -0.47457E+03 -0.24737E+03 -0.68846E+00  0.68471E+00  0.23917E+00   8.541   1.197
 0.290       178881  0.14818E-02  0.14818E-02 -0.14818E-02 -0.78316E+01 -0.39665E+03  0.31385E+02 -0.71985E+00  0.65475E+00  0.23047E+00   8.187   1.035
 0.300      2105146  0.00000E+00  0.51122E-03 -0.10224E-02 -0.40222E+01 -0.20515E+03  0.52823E+03 -0.44174E+00  0.82167E+00  0.36018E+00   9.296   7.388
