  21
 0.100  4.06146E-02  7.72103E-02 -3.54821E-02 -1.73594E+00 -1.95999E+01  2.73088E+00   0.675  2.00105E+07  2.53048E+07  3.17618E+07  0.00000E+00  2.25637E+08  8.43079E-02  1.92962E+02   7.797   8.112
 0.110  6.67722E-03  1.70381E-02  3.24609E-02  4.65509E+00 -6.11503E+00  2.24928E+00   0.825  5.37636E+07  7.57044E+07  5.51826E+07  1.70744E+06  3.38206E+08  3.15799E-01  1.80954E+02   8.081   8.102
 0.120 -4.11798E-03  1.31231E-01 -4.14039E-02  5.62865E+00 -8.63147E+00 -1.37764E+00   1.000  4.09157E+07  6.39727E+07  7.75606E+07  3.43277E+06  4.05881E+08  2.26948E-01  2.07873E+02   8.214   8.211
 0.130 -2.04809E-02  3.56119E-02  2.90424E-02  5.60060E+00 -1.32522E+01 -3.51256E+00   1.126  1.46813E+08  2.01120E+08  1.36568E+08  5.39693E+06  6.23953E+08  8.64282E-01  1.88672E+02   8.115   8.226
 0.140 -3.30172E-02 -3.16684E-02  6.02480E-02  7.50629E+00 -9.43870E+00 -5.46162E+00   1.163  1.56331E+08  2.74349E+08  2.58658E+08  1.29732E+07  7.64041E+08  1.44077E+00  1.75470E+02   8.401   8.289
 0.150 -5.86317E-02  2.63582E-01  1.58279E-01 -7.56806E+00 -1.17232E+01 -1.92356E+01   2.092  3.03074E+08  4.14835E+08  4.89170E+08  1.16275E+08  2.33486E+09  1.27116E+00  2.17436E+02   8.292   8.329
 0.160 -2.56097E-02 -1.40828E-02 -6.29405E-02  1.83007E+01  2.71142E+01 -1.46998E+01   1.368  6.40453E+08  1.04345E+09  8.94693E+08  1.23112E+08  1.94793E+09  6.19395E+00  1.88305E+02   8.367   8.360
 0.170  3.32667E-02 -5.55156E-03 -6.44006E-02 -4.96300E+00  5.88624E+00 -4.50306E+00   1.399  3.95087E+08  9.22514E+08  1.62661E+09  3.07913E+08  2.48317E+09  5.49443E+00  2.19156E+02   8.694   8.461
 0.180  5.25840E-03 -1.66257E-03 -3.74618E-03 -1.29797E-01 -1.31435E+01  4.85600E+00   1.000  6.57227E+08  1.27324E+09  2.17670E+09  2.93876E+08  2.06748E+09  8.31144E+00  2.44633E+02   8.564   8.535
 0.190 -5.09776E-02  4.71039E-02 -4.28856E-02  2.94328E+00 -5.40334E+00  1.84032E+00   1.983  1.25808E+09  2.11868E+09  3.59378E+09  6.95053E+08  5.44963E+09  1.02383E+01  2.91117E+02   8.466   8.533
 0.200  2.56532E-02  1.14595E-02 -3.26947E-02  9.64461E+00 -6.78087E+00 -9.39672E+00   2.800  9.07103E+08  1.81217E+09  4.94089E+09  9.15500E+08  7.87635E+09  9.06755E+00  3.31066E+02   8.640   8.555
 0.210  3.84858E-01 -2.29149E-01 -3.28762E-01  1.48653E+01  1.31074E+01 -1.57070E+01   3.368  1.30496E+09  1.82185E+09  5.65614E+09  1.00938E+09  9.62766E+09  6.62177E+00  4.07423E+02   8.452   8.584
 0.220  5.82447E-02  1.88585E-02 -1.17497E-01  1.62328E+01 -2.69436E+01 -3.89085E+00   3.706  1.07672E+09  1.37816E+09  6.12645E+09  1.14216E+09  1.05074E+10  4.13134E+00  4.94559E+02   8.477   8.594
 0.230  2.18564E-01  2.46038E-01 -4.27977E-01 -2.26017E+00 -1.20644E+00 -1.91059E+00   3.667  9.27603E+08  1.16592E+09  6.35993E+09  1.11836E+09  1.05875E+10  3.76184E+00  5.92481E+02   8.514   8.602
 0.240  4.95664E-01  2.39828E-01 -7.00517E-01  9.50597E+00 -6.06167E+00 -1.02903E+01   4.554  1.10203E+09  1.27693E+09  6.81966E+09  1.30002E+09  1.38572E+10  3.22381E+00  6.90501E+02   8.487   8.598
 0.250  5.66956E-01 -3.87444E-02 -7.71901E-01 -6.17330E+00  8.31246E+00  4.16494E+01   4.103  1.23224E+09  1.33188E+09  6.85313E+09  1.31207E+09  1.40648E+10  2.13644E+00  8.06351E+02   8.405   8.606
 0.260 -1.82654E-01 -3.50380E-01  4.16891E-02  6.79650E+00 -2.82594E+01  3.95588E+00   3.036  1.49075E+09  2.84006E+09  1.40791E+10  7.00698E+09  1.61339E+10  1.34907E+01  8.01220E+02   8.667   8.623
 0.270 -8.08584E-02  3.63061E-01 -9.22563E-01  8.19058E-01 -6.98331E+00 -1.17024E+01   6.955  2.16507E+09  2.73469E+09  1.65647E+10  8.22990E+09  3.66662E+10  8.15871E+00  8.71209E+02   8.540   8.615
 0.280 -2.51385E-01 -5.46574E-01  3.98479E-01  2.43409E+01  1.62336E+01  1.34694E+01   8.541  3.12013E+09  3.42536E+09  1.79648E+10  8.73995E+09  4.76066E+10  7.82116E+00  9.64046E+02   8.458   8.610
 0.290 -2.29152E-02  8.03363E-02 -1.10021E+00  1.06768E+01  9.60217E+00 -5.87259E+00   8.187  2.88041E+09  3.05612E+09  1.82594E+10  8.76061E+09  4.73551E+10  4.94382E+00  1.07418E+03   8.489   8.616
 0.300 -2.06185E-01  1.71470E+00 -1.42712E+00 -6.69158E+01 -1.45535E+01  1.20805E+01   9.296  4.93232E+09  5.19085E+09  2.02590E+10  9.82370E+09  6.48887E+10  1.02284E+01  1.15348E+03   8.433   8.599
