  21
 0.100  4.06146E-02  7.72103E-02 -3.54821E-02 -1.73594E+00 -1.95999E+01  2.73088E+00 -8.90937E-01 -7.55593E-03 -4.54064E-01  2.93570E+00   0.675   0.500  2.11209E+07  2.07529E+07  2.38428E+06  0.00000E+00  2.07846E+07  5.98402E-03  1.90433E+02   7.785   8.098
 0.110  6.67722E-03  1.70381E-02  3.24609E-02  4.65509E+00 -6.11503E+00  2.24928E+00  8.61576E-01 -5.05073E-02 -5.05110E-01  7.85756E+00   0.825   0.521  5.30111E+07  5.45819E+07  6.38737E+06  4.20740E+05  2.36944E+07  4.68465E-02  1.43501E+02   8.083   7.841
 0.120 -4.11798E-03  1.31231E-01 -4.14039E-02  5.62865E+00 -8.63147E+00 -1.37764E+00 -1.48181E-01 -6.80640E-01 -7.17476E-01  6.00355E+00   1.000   0.537  3.77828E+07  4.39608E+07  1.14457E+07  5.95497E+04  2.15328E+07  1.01118E-01  1.25202E+02   8.237   8.407
 0.130 -2.04809E-02  3.56119E-02  2.90424E-02  5.60060E+00 -1.32522E+01 -3.51256E+00  3.33413E-01 -8.35830E-01  4.36147E-01  1.86044E+01   1.126   0.659  1.46185E+08  1.71688E+08  4.08285E+07  5.38615E+05  4.13197E+07  4.94238E-01  8.35546E+01   8.116   8.265
 0.140 -3.30172E-02 -3.16684E-02  6.02480E-02  7.50629E+00 -9.43870E+00 -5.46162E+00  8.89044E-01 -4.15806E-01  1.91586E-01  8.87077E+00   1.163   0.500  1.35979E+08  1.61976E+08  5.03980E+07  2.06483E+06  5.91945E+07  3.13578E-01  1.28459E+02   8.431   8.334
 0.150 -5.86317E-02  2.63582E-01  1.58279E-01 -7.56806E+00 -1.17232E+01 -1.92356E+01 -4.38407E-01 -5.90383E-01  6.77678E-01  3.76781E+01   2.092   0.964  2.75267E+08  2.97890E+08  9.13703E+07  2.02855E+07  2.86411E+08  4.28566E-01  1.67138E+02   8.317   8.403
 0.160 -2.56097E-02 -1.40828E-02 -6.29405E-02  1.83007E+01  2.71142E+01 -1.46998E+01 -4.32024E-01 -8.79147E-01  2.01135E-01  3.24496E+01   1.368   0.608  5.83904E+08  7.54865E+08  2.84559E+08  2.55728E+07  2.40186E+08  2.46891E+00  1.26787E+02   8.383   8.447
 0.170  3.32667E-02 -5.55156E-03 -6.44006E-02 -4.96300E+00  5.88624E+00 -4.50306E+00 -6.94918E-01 -6.79221E-01 -2.36110E-01  3.28108E+01   1.399   0.500  3.52404E+08  6.49261E+08  5.45200E+08  3.18668E+07  2.31208E+08  3.66675E+00  1.31154E+02   8.723   8.587
 0.180  5.25840E-03 -1.66257E-03 -3.74618E-03 -1.29797E-01 -1.31435E+01  4.85600E+00 -6.21762E-01 -7.06984E-01 -3.37025E-01  1.84543E+01   1.000   0.500  6.26543E+08  1.11648E+09  1.01048E+09  4.09103E+07  2.35531E+08  6.76575E+00  1.44993E+02   8.579   8.632
 0.190 -5.09776E-02  4.71039E-02 -4.28856E-02  2.94328E+00 -5.40334E+00  1.84032E+00  5.86020E-01  5.84802E-01  5.60881E-01  3.95094E+01   1.983   0.500  1.10008E+09  1.19404E+09  1.68952E+08  2.60669E+07  2.80758E+08  1.99920E+00  1.76221E+02   8.506   8.122
 0.200  2.56532E-02  1.14595E-02 -3.26947E-02  9.64461E+00 -6.78087E+00 -9.39672E+00  7.54287E-01  3.61044E-01  5.48359E-01  8.09722E+01   2.800   0.500  7.63398E+08  1.00432E+09  5.56229E+08  6.34589E+07  3.18503E+08  2.92466E+00  1.87025E+02   8.692   8.365
 0.210  3.84858E-01 -2.29149E-01 -3.28762E-01  1.48653E+01  1.31074E+01 -1.57070E+01  7.51760E-01  2.52759E-01  6.09073E-01  2.70293E+02   3.368   0.753  1.06626E+09  1.35147E+09  1.01225E+09  1.33716E+08  5.08224E+08  4.02461E+00  2.25739E+02   8.498   8.380
 0.220  5.82447E-02  1.88585E-02 -1.17497E-01  1.62328E+01 -2.69436E+01 -3.89085E+00  7.01954E-01  3.26244E-01  6.33108E-01  3.01407E+02   3.706   0.552  8.80170E+08  1.09070E+09  1.35668E+09  1.73956E+08  4.66738E+08  2.84370E+00  2.99928E+02   8.509   8.467
 0.230  2.18564E-01  2.46038E-01 -4.27977E-01 -2.26017E+00 -1.20644E+00 -1.91059E+00  6.24162E-01  4.07292E-01  6.66735E-01  3.11943E+02   3.667   0.500  7.54463E+08  9.56983E+08  1.66035E+09  1.77770E+08  4.71228E+08  2.92784E+00  3.87982E+02   8.539   8.549
 0.240  4.95664E-01  2.39828E-01 -7.00517E-01  9.50597E+00 -6.06167E+00 -1.02903E+01  6.20488E-01  4.38787E-01  6.49970E-01  3.30889E+02   4.554   0.590  8.93780E+08  1.05469E+09  1.73079E+09  2.67454E+08  6.24202E+08  2.48603E+00  4.33331E+02   8.517   8.479
 0.250  5.66956E-01 -3.87444E-02 -7.71901E-01 -6.17330E+00  8.31246E+00  4.16494E+01  4.94683E-01  4.36644E-01  7.51419E-01  2.91519E+02   4.103   1.469  1.15834E+09  1.22269E+09  1.70344E+09  2.76654E+08  9.55674E+08  1.50430E+00  5.41727E+02   8.417   8.498
 0.260 -1.82654E-01 -3.50380E-01  4.16891E-02  6.79650E+00 -2.82594E+01  3.95588E+00 -4.48264E-01  5.26405E-01  7.22466E-01  9.72945E+01   3.036   0.749  1.33162E+09  1.57535E+09  1.96680E+09  1.02083E+09  1.34493E+09  2.69230E+00  7.11061E+02   8.685   8.632
 0.270 -8.08584E-02  3.63061E-01 -9.22563E-01  8.19058E-01 -6.98331E+00 -1.17024E+01 -6.56544E-01  6.74023E-01  3.38591E-01  4.78868E+02   6.955   1.105  1.73325E+09  1.95061E+09  2.26606E+09  1.11679E+09  2.96313E+09  4.05680E+00  7.33354E+02   8.593   8.572
 0.280 -2.51385E-01 -5.46574E-01  3.98479E-01  2.43409E+01  1.62336E+01  1.34694E+01 -6.88458E-01  6.84706E-01  2.39172E-01  8.40730E+02   8.541   1.197  2.47875E+09  2.85420E+09  3.37874E+09  1.19650E+09  3.37857E+09  6.43801E+00  6.68630E+02   8.493   8.608
 0.290 -2.29152E-02  8.03363E-02 -1.10021E+00  1.06768E+01  9.60217E+00 -5.87259E+00 -7.19855E-01  6.54747E-01  2.30469E-01  8.99922E+02   8.187   1.035  2.33747E+09  2.61237E+09  4.24583E+09  1.31044E+09  3.24381E+09  4.45573E+00  7.27557E+02   8.514   8.676
 0.300 -2.06185E-01  1.71470E+00 -1.42712E+00 -6.69158E+01 -1.45535E+01  1.20805E+01 -4.41735E-01  8.21670E-01  3.60179E-01  1.11375E+03   9.296   7.388  5.39076E+09  5.41737E+09  4.93917E+09  1.55679E+09  7.93854E+09  8.22053E+00  7.57303E+02   8.426   8.622
