  21
 0.100   0.675  8.43079E-02  8.97996E-02  6.76675E-02
 0.110   0.825  3.15799E-01  3.09463E-01  2.70252E-01
 0.120   1.000  2.26948E-01  2.18592E-01  2.72783E-01
 0.130   1.126  8.64282E-01  9.18162E-01  6.79232E-01
 0.140   1.163  1.44077E+00  1.39973E+00  1.42058E+00
 0.150   2.092  1.27116E+00  1.25593E+00  1.44905E+00
 0.160   1.368  6.19395E+00  6.99993E+00  4.64643E+00
 0.170   1.399  5.49443E+00  5.48005E+00  6.13377E+00
 0.180   1.000  8.31144E+00  8.90840E+00  6.95524E+00
 0.190   1.983  1.02383E+01  1.04773E+01  9.98097E+00
 0.200   2.800  9.06755E+00  8.63544E+00  1.11436E+01
 0.210   3.368  6.62177E+00  6.71558E+00  6.69778E+00
 0.220   3.706  4.13134E+00  4.26390E+00  4.20269E+00
 0.230   3.667  3.76184E+00  3.87620E+00  3.49054E+00
 0.240   4.554  3.22381E+00  3.34693E+00  2.97325E+00
 0.250   4.103  2.13644E+00  2.22478E+00  2.07865E+00
 0.260   3.036  1.34907E+01  1.32145E+01  1.56653E+01
 0.270   6.955  8.15871E+00  7.98526E+00  9.13407E+00
 0.280   8.541  7.82116E+00  7.51273E+00  7.81151E+00
 0.290   8.187  4.94382E+00  4.51547E+00  5.12792E+00
 0.300   9.296  1.02284E+01  1.06514E+01  8.81774E+00
