  43
 0.140   6.250   0.938  2.37255E+09  1.62945E+08  6.69257E+06  8.08103E+06  2.20291E+09  5.79141E+05  3.62438E+06  4.32235E+06  1.12320E+08  3.44157E+08  7.89437E+06  9.57204E+06  3.05990E+09  2.32380E+06  4.50319E+06  5.38646E+06  2.12834E+08
 0.150   7.750   1.046  3.74891E+09  3.62240E+08  9.26385E+06  1.12824E+07  3.37741E+09  1.32158E+07  3.99008E+06  4.90780E+06  1.54138E+08  4.65769E+08  9.31445E+06  1.13451E+07  3.70872E+09  2.43780E+07  4.68252E+06  5.75511E+06  2.68204E+08
 0.160   9.250   1.246  5.24947E+09  5.54539E+08  2.62191E+07  3.09558E+07  4.66871E+09  2.23468E+07  8.18642E+06  9.71304E+06  2.00613E+08  6.43496E+08  3.01993E+07  3.53990E+07  5.10278E+09  2.94558E+07  1.14000E+07  1.35279E+07  3.52922E+08
 0.170  11.500   1.528  8.51718E+09  8.88007E+08  5.04583E+07  6.03660E+07  7.57872E+09  3.75542E+07  1.54058E+07  1.86612E+07  4.16273E+08  7.88934E+08  5.03211E+07  6.01931E+07  7.05994E+09  6.71213E+07  2.36677E+07  2.82916E+07  6.98195E+08
 0.180  13.500   1.868  1.16766E+10  1.21389E+09  6.48239E+07  7.92569E+07  1.03979E+10  1.71164E+07  1.65336E+07  2.04326E+07  3.85845E+08  8.32779E+08  6.32995E+07  7.73219E+07  7.97205E+09  4.29510E+07  2.27767E+07  2.79774E+07  6.68764E+08
 0.190  19.000   2.311  2.61094E+10  2.56594E+09  1.97225E+08  2.45077E+08  2.33462E+10  1.40608E+08  3.97315E+07  4.86354E+07  9.50936E+08  1.54237E+09  1.91522E+08  2.37769E+08  1.39547E+10  1.80742E+08  4.58628E+07  5.63403E+07  1.33229E+09
 0.200  20.750   2.095  3.06095E+10  2.99632E+09  3.25380E+08  3.95667E+08  2.72878E+10  1.42306E+08  8.81441E+07  1.04979E+08  1.11912E+09  1.74834E+09  3.14726E+08  3.81933E+08  1.43305E+10  1.43095E+08  8.90351E+07  1.06050E+08  1.14049E+09
 0.210  24.750   3.583  4.46126E+10  4.74112E+09  3.80366E+08  4.75547E+08  3.94911E+10  7.84409E+06  9.09837E+07  1.12837E+08  1.34667E+09  1.71002E+09  3.39706E+08  4.24240E+08  1.58927E+10  7.34570E+07  1.39581E+08  1.73980E+08  2.77915E+09
 0.220  28.250   3.533  5.81301E+10  6.43000E+09  5.88802E+08  7.31557E+08  5.11112E+10  3.84964E+08  2.32585E+08  2.86045E+08  2.95324E+09  2.86375E+09  4.49550E+08  5.57058E+08  1.74405E+10  6.42744E+08  2.96328E+08  3.64677E+08  4.30232E+09
 0.230  31.000   4.230  6.79179E+10  7.20060E+09  1.05916E+09  1.27860E+09  5.96581E+10  7.42907E+08  4.87646E+08  5.97676E+08  4.53893E+09  4.14350E+09  9.97740E+08  1.19987E+09  2.26297E+10  1.62440E+09  7.24283E+08  8.76128E+08  7.65396E+09
 0.240  36.000   2.918  9.38981E+10  8.37119E+09  2.23683E+09  2.72860E+09  8.32901E+10  9.66768E+08  1.29232E+09  1.53966E+09  4.61825E+09  2.81344E+09  1.76751E+09  2.12828E+09  2.24633E+10  7.52827E+08  1.14354E+09  1.35866E+09  3.23790E+09
 0.250  39.250   3.742  1.09153E+11  8.47010E+09  2.58738E+09  3.21958E+09  9.80958E+10  1.24872E+09  1.75887E+09  2.16877E+09  6.81285E+09  2.91421E+09  2.18423E+09  2.70548E+09  2.59844E+10  1.19687E+09  1.73177E+09  2.13468E+09  6.37039E+09
 0.260  41.750   3.330  1.16806E+11  7.84978E+09  3.41176E+09  4.24281E+09  1.05545E+11  5.95360E+08  2.32612E+09  2.87883E+09  8.06225E+09  2.24534E+09  2.73930E+09  3.40744E+09  2.67153E+10  4.94517E+08  2.15836E+09  2.66645E+09  5.74643E+09
 0.270  43.750   3.955  1.21272E+11  7.76467E+09  3.70000E+09  4.68518E+09  1.09807E+11  8.33530E+08  2.37222E+09  3.00228E+09  6.58829E+09  2.02329E+09  2.73009E+09  3.46313E+09  2.00768E+10  7.40742E+08  2.30146E+09  2.91132E+09  5.69871E+09
 0.280  45.750   4.557  1.22224E+11  7.73807E+09  4.12502E+09  5.25062E+09  1.10361E+11  2.15112E+09  3.60422E+09  4.57229E+09  1.22116E+10  3.38082E+09  3.94266E+09  5.00933E+09  2.65423E+10  2.14267E+09  3.59967E+09  4.56650E+09  1.21511E+10
 0.290  46.750   2.796  1.18195E+11  6.76228E+09  4.97074E+09  6.32610E+09  1.06462E+11  1.17522E+09  4.21122E+09  5.34528E+09  1.10724E+10  1.98692E+09  4.68712E+09  5.95650E+09  2.67419E+10  8.86607E+08  3.53825E+09  4.47647E+09  5.51448E+09
 0.300  47.750   5.436  1.14495E+11  5.97364E+09  5.37438E+09  6.92066E+09  1.03147E+11  9.56945E+08  4.60951E+09  5.91926E+09  1.15924E+10  2.14996E+09  5.18274E+09  6.66494E+09  2.74223E+10  1.13849E+09  4.75205E+09  6.10573E+09  1.36624E+10
 0.310  49.250   6.313  1.14140E+11  5.70373E+09  5.52789E+09  7.20772E+09  1.02909E+11  8.21012E+08  4.79451E+09  6.24299E+09  1.24658E+10  2.48117E+09  5.31626E+09  6.92423E+09  2.80799E+10  1.36869E+09  5.05130E+09  6.57822E+09  1.69178E+10
 0.320  51.250   6.727  1.18417E+11  5.83541E+09  5.67564E+09  7.46546E+09  1.06906E+11  9.11252E+08  4.91846E+09  6.47065E+09  1.30044E+10  2.36897E+09  5.43332E+09  7.14353E+09  2.77887E+10  1.43415E+09  5.20514E+09  6.84358E+09  1.80737E+10
 0.330  53.250   6.260  1.21255E+11  6.16676E+09  5.82481E+09  7.71837E+09  1.09263E+11  8.42359E+08  5.07281E+09  6.72369E+09  1.35952E+10  2.21446E+09  5.59360E+09  7.40768E+09  2.78045E+10  1.13515E+09  5.26786E+09  6.97930E+09  1.65692E+10
 0.340  55.250   5.932  1.23933E+11  6.29266E+09  5.94754E+09  7.92936E+09  1.11693E+11  1.28080E+09  5.23815E+09  6.98507E+09  1.50400E+10  2.77695E+09  5.70551E+09  7.60354E+09  2.92344E+10  1.42567E+09  5.32320E+09  7.09725E+09  1.64321E+10
 0.350  58.250   6.802  1.33174E+11  6.80864E+09  6.21618E+09  8.30932E+09  1.20149E+11  1.24660E+09  5.42934E+09  7.26939E+09  1.55660E+10  2.35112E+09  5.94209E+09  7.94498E+09  2.85931E+10  1.57808E+09  5.62261E+09  7.52429E+09  1.87462E+10
 0.360  63.250   6.906  1.58815E+11  8.37729E+09  6.56491E+09  8.81439E+09  1.43872E+11  1.29588E+09  5.69274E+09  7.65329E+09  1.66790E+10  2.03792E+09  6.09312E+09  8.18485E+09  2.77166E+10  1.41927E+09  5.79853E+09  7.79281E+09  1.84727E+10
 0.370  66.000   8.475  1.65819E+11  8.86566E+09  6.69906E+09  9.03935E+09  1.50254E+11  1.34653E+09  5.86346E+09  7.92295E+09  1.82236E+10  2.62072E+09  6.25429E+09  8.44145E+09  2.92194E+10  2.10880E+09  6.12668E+09  8.27158E+09  2.43428E+10
 0.380  68.500   8.107  1.72595E+11  9.00640E+09  6.96654E+09  9.41045E+09  1.56623E+11  2.19388E+09  6.26040E+09  8.47402E+09  2.44205E+10  3.61137E+09  6.60989E+09  8.93502E+09  3.78889E+10  2.76581E+09  6.46454E+09  8.74353E+09  3.01425E+10
 0.390  71.000   6.747  1.78368E+11  8.47397E+09  7.72272E+09  1.03566E+10  1.62172E+11  1.54438E+09  6.71230E+09  9.01764E+09  2.03860E+10  2.29915E+09  7.08281E+09  9.50483E+09  3.04358E+10  1.44033E+09  6.64970E+09  8.93525E+09  1.92112E+10
 0.400  75.000   8.651  1.93671E+11  8.53142E+09  8.00301E+09  1.08031E+10  1.77136E+11  1.65244E+09  7.17547E+09  9.68870E+09  2.13514E+10  2.36789E+09  7.49657E+09  1.01169E+10  2.93718E+10  1.95512E+09  7.35812E+09  9.93270E+09  2.50516E+10
 0.410  79.000   8.891  2.13462E+11  9.51407E+09  8.22020E+09  1.11500E+10  1.95728E+11  2.29308E+09  7.38723E+09  1.00264E+10  2.28048E+10  2.92494E+09  7.63013E+09  1.03511E+10  2.92838E+10  2.59218E+09  7.51591E+09  1.01989E+10  2.59103E+10
 0.420  82.000   9.012  2.22275E+11  1.01016E+10  8.51809E+09  1.15811E+10  2.03655E+11  2.27469E+09  7.72653E+09  1.05113E+10  2.43493E+10  3.05062E+09  7.96799E+09  1.08296E+10  3.01659E+10  2.66573E+09  7.86801E+09  1.06960E+10  2.70331E+10
 0.430  85.250   8.522  2.33896E+11  1.06293E+10  8.79232E+09  1.19899E+10  2.14475E+11  2.16183E+09  7.99447E+09  1.09127E+10  2.55026E+10  2.71880E+09  8.18416E+09  1.11627E+10  3.02741E+10  2.16072E+09  7.99410E+09  1.09122E+10  2.54934E+10
 0.440  90.000   8.710  2.58333E+11  1.19756E+10  8.99104E+09  1.23226E+10  2.37366E+11  2.03931E+09  8.14330E+09  1.11681E+10  2.74405E+10  2.31764E+09  8.29216E+09  1.13664E+10  3.08746E+10  1.94269E+09  8.09128E+09  1.10996E+10  2.64548E+10
 0.450  95.000   8.198  2.84525E+11  1.36014E+10  9.16070E+09  1.25993E+10  2.61763E+11  2.80282E+09  8.37194E+09  1.15219E+10  3.01318E+10  2.95757E+09  8.43264E+09  1.16028E+10  3.18732E+10  2.39679E+09  8.12320E+09  1.11895E+10  2.56195E+10
 0.460  98.750   9.172  2.99849E+11  1.46361E+10  9.35932E+09  1.28975E+10  2.75853E+11  3.32677E+09  8.67025E+09  1.19450E+10  3.14544E+10  3.37529E+09  8.68420E+09  1.19640E+10  3.18865E+10  3.00287E+09  8.57623E+09  1.18173E+10  2.89591E+10
 0.470 101.750  10.617  3.09583E+11  1.54835E+10  9.60712E+09  1.32582E+10  2.84492E+11  3.09828E+09  8.90476E+09  1.22934E+10  3.48132E+10  3.01208E+09  8.88035E+09  1.22608E+10  3.41367E+10  3.32143E+09  8.95349E+09  1.23590E+10  3.65518E+10
 0.480 104.500  10.167  3.18570E+11  1.61338E+10  9.91691E+09  1.36794E+10  2.92519E+11  4.60027E+09  9.22841E+09  1.27393E+10  3.48700E+10  4.38201E+09  9.17593E+09  1.26678E+10  3.31654E+10  4.46139E+09  9.19704E+09  1.26965E+10  3.38083E+10
 0.490 108.500  10.690  3.36166E+11  1.66315E+10  1.09469E+10  1.49660E+10  3.08587E+11  4.53752E+09  9.95950E+09  1.36655E+10  3.66740E+10  4.13410E+09  9.83417E+09  1.35010E+10  3.35150E+10  4.45888E+09  9.93960E+09  1.36393E+10  3.60782E+10
 0.500 111.500  10.737  3.45377E+11  1.71011E+10  1.14160E+10  1.56450E+10  3.16860E+11  4.40957E+09  1.05903E+10  1.45258E+10  3.72214E+10  3.84451E+09  1.03967E+10  1.42695E+10  3.30458E+10  4.21169E+09  1.05277E+10  1.44423E+10  3.57236E+10
 0.510 114.000   8.336  3.50808E+11  1.73663E+10  1.19666E+10  1.64036E+10  3.21475E+11  4.96494E+09  1.11648E+10  1.53032E+10  3.83279E+10  4.55738E+09  1.09421E+10  1.50048E+10  3.33282E+10  3.79951E+09  1.04754E+10  1.43838E+10  2.73392E+10
 0.520 115.750   7.330  3.49199E+11  1.75305E+10  1.25188E+10  1.71796E+10  3.19150E+11  6.40899E+09  1.17828E+10  1.61623E+10  4.20809E+10  5.95177E+09  1.15118E+10  1.57990E+10  3.59212E+10  4.81628E+09  1.06902E+10  1.46984E+10  2.54781E+10
 0.530 117.750   7.704  3.51363E+11  1.68490E+10  1.39262E+10  1.89453E+10  3.20588E+11  5.41860E+09  1.31388E+10  1.78559E+10  4.30193E+10  4.93079E+09  1.28249E+10  1.74327E+10  3.60483E+10  3.96698E+09  1.21213E+10  1.64867E+10  2.70368E+10
 0.540 120.000   5.870  3.52846E+11  1.61049E+10  1.49304E+10  2.03306E+10  3.21811E+11  4.06894E+09  1.42020E+10  1.93147E+10  4.19158E+10  3.61158E+09  1.38859E+10  1.88837E+10  3.46052E+10  2.22659E+09  1.19137E+10  1.62168E+10  1.93340E+10
 0.550 122.000   7.363  3.53361E+11  1.56754E+10  1.53378E+10  2.09964E+10  3.22348E+11  3.98670E+09  1.45260E+10  1.98641E+10  4.23407E+10  3.53790E+09  1.42231E+10  1.94454E+10  3.44511E+10  2.67707E+09  1.33538E+10  1.82555E+10  2.48086E+10
 0.560 123.250   7.699  3.48220E+11  1.49554E+10  1.59655E+10  2.18917E+10  3.17299E+11  4.03504E+09  1.52434E+10  2.08777E+10  4.30606E+10  3.61943E+09  1.49098E+10  2.04156E+10  3.47725E+10  2.90175E+09  1.41564E+10  1.93784E+10  2.63192E+10
