  43
 0.140 -3.53376E-01 -1.70462E-01 -7.48472E-02  6.41880E+00 -2.01072E+00 -1.27614E-01   0.938  2.32380E+06  4.41038E+06  4.50319E+06  0.00000E+00  2.12834E+08  1.87475E-02  2.51198E+02   7.418   7.230
 0.150 -1.02999E-01 -2.73595E-01  4.32856E-02 -8.28826E+00 -1.01845E+01  1.02655E+01   1.046  2.43780E+07  2.43175E+07  4.68252E+06  3.47009E+05  2.68204E+08  3.11161E-03  3.50849E+02   7.048   7.219
 0.160  2.11468E-02 -4.32659E-02 -5.03116E-02 -2.89375E+00  4.05229E+00  1.59446E+01   1.246  2.94558E+07  3.38424E+07  1.14000E+07  7.08734E+05  3.52922E+08  3.85211E-02  2.10547E+02   7.545   7.331
 0.170 -7.26448E-01  1.67742E-02  7.80937E-02 -3.49199E+01 -1.45345E+01 -2.84497E+01   1.528  6.71213E+07  7.03531E+07  2.36677E+07  4.93602E+06  6.98195E+08  7.61016E-02  2.22299E+02   7.606   7.411
 0.180  3.63858E-01  4.79643E-01 -3.44126E-02 -1.97286E+01  2.00142E+01 -4.96776E+00   1.868  4.29510E+07  4.37133E+07  2.27767E+07  4.33163E+06  6.68764E+08  2.58939E-02  3.14325E+02   7.623   7.501
 0.190  1.57470E-01  6.91205E-02 -3.15209E-01 -1.15009E+00 -5.53109E-01 -1.12891E+01   2.311  1.80742E+08  1.78526E+08  4.58628E+07  1.94938E+07  1.33229E+09  1.36479E-01  3.59192E+02   7.507   7.500
 0.200  1.31081E-01  2.84386E-01 -2.69080E-01 -3.07676E+01 -2.90300E-01 -1.49069E+00   2.095  1.43095E+08  1.76281E+08  8.90351E+07  1.62046E+07  1.14049E+09  4.52791E-01  2.40534E+02   7.928   7.639
 0.210  1.05320E+00  4.26257E-03  4.85370E-01 -4.37888E+01  1.36762E+01 -3.59096E+01   3.583  7.34570E+07  6.70533E+07  1.39581E+08  6.58678E+07  2.77915E+09  1.41986E-02  4.08014E+02   7.822   7.634
 0.220  1.12579E+00  1.25781E-01 -6.27298E-02 -2.45585E+01 -3.96375E+00 -2.20601E+01   3.533  6.42744E+08  6.82226E+08  2.96328E+08  1.48130E+08  4.30232E+09  1.12674E+00  4.19268E+02   7.797   7.688
 0.230 -1.38908E+00 -1.24991E+00 -7.76923E-02  5.90162E+01  1.10301E+01  5.92504E+01   4.230  1.62440E+09  1.79141E+09  7.24283E+08  2.63176E+08  7.65396E+09  3.37158E+00  3.48623E+02   7.911   7.765
 0.240  6.78744E-02 -4.30296E-01  6.87638E-03  2.46444E+00 -4.00846E+00  1.01716E+01   2.918  7.52827E+08  1.19410E+09  1.14354E+09  1.64011E+08  3.23790E+09  4.45527E+00  2.03403E+02   8.307   8.144
 0.250 -5.37752E-02 -6.23791E-02  2.73129E-01 -2.41190E+01  1.72712E+00 -1.05396E+01   3.742  1.19687E+09  1.32046E+09  1.73177E+09  4.18906E+08  6.37039E+09  2.53634E+00  3.30734E+02   8.167   8.139
 0.260 -9.37853E-02 -2.42631E-02  1.85028E-02  3.95328E+00 -1.37863E+01  6.39382E+00   3.330  4.94517E+08  9.08254E+08  2.15836E+09  3.43909E+08  5.74643E+09  4.10410E+00  3.47647E+02   8.534   8.259
 0.270  8.12994E-02  5.54629E-01 -4.83665E-01  4.75630E+00 -5.06533E+00  1.07468E+00   3.955  7.40742E+08  7.78650E+08  2.30146E+09  3.82694E+08  5.69871E+09  1.11789E+00  4.59362E+02   8.270   8.323
 0.280 -7.92726E-02 -2.40078E-01  5.74009E-01 -1.65798E+00 -1.33442E+01  2.55380E+01   4.557  2.14267E+09  2.40960E+09  3.59967E+09  1.18584E+09  1.21511E+10  5.31609E+00  5.48015E+02   8.224   8.286
 0.290 -5.24381E-03  3.64819E-01 -3.44177E-01 -3.28045E+00 -2.99267E+00 -2.75109E+01   2.796  8.86607E+08  1.32906E+09  3.53825E+09  7.53953E+08  5.51448E+09  5.04054E+00  5.38848E+02   8.485   8.402
 0.300  3.87966E-01  1.87464E-01  2.13724E-01  1.07701E+01  1.89435E+01 -2.17796E+01   5.436  1.13849E+09  1.32440E+09  4.75205E+09  1.26905E+09  1.36624E+10  2.75319E+00  6.59704E+02   8.365   8.412
 0.310  8.93398E-01  5.46773E-01  5.23674E-01  1.35698E+01  3.45298E+01 -3.84115E+01   6.313  1.36869E+09  1.37602E+09  5.05130E+09  1.39065E+09  1.69178E+10  1.51471E+00  7.81444E+02   8.264   8.421
 0.320  7.42654E-02 -8.37946E-02  3.69708E-01  1.96283E+01  1.60782E+01  1.20227E+00   6.727  1.43415E+09  1.40327E+09  5.20514E+09  1.43228E+09  1.80737E+10  1.44990E+00  8.99848E+02   8.278   8.423
 0.330  3.80868E-01  6.15756E-01 -3.96747E-01 -3.48335E+00 -4.16270E+00 -1.66828E+00   6.260  1.13515E+09  1.14743E+09  5.26786E+09  1.38687E+09  1.65692E+10  1.53772E+00  1.02100E+03   8.340   8.430
 0.340  4.87143E-01  4.00671E-01 -1.67360E-01 -3.83172E+00  1.61733E+01 -1.46851E+01   5.932  1.42567E+09  1.43589E+09  5.32320E+09  1.36032E+09  1.64321E+10  1.26118E+00  1.13427E+03   8.289   8.436
 0.350  5.32853E-01  2.08272E-01  7.32178E-01  2.45372E+01  2.44394E+01  7.53787E+00   6.802  1.57808E+09  1.56251E+09  5.62261E+09  1.43183E+09  1.87462E+10  1.66421E+00  1.23962E+03   8.291   8.430
 0.360  6.05143E-01  3.37608E-01  3.76833E-01  1.25465E+01  1.14598E+01  3.26624E+00   6.906  1.41927E+09  1.41851E+09  5.79853E+09  1.46272E+09  1.84727E+10  1.60190E+00  1.34575E+03   8.327   8.432
 0.370 -4.18213E-03  1.37354E-01 -6.12736E-03  1.54522E+01  4.24726E+00  2.97124E+01   8.475  2.10880E+09  2.04998E+09  6.12668E+09  1.61417E+09  2.43428E+10  1.37133E+00  1.46183E+03   8.267   8.424
 0.380 -2.89805E-01  1.09365E-01 -6.78597E-01 -1.96961E+01 -4.57997E+01  5.99476E+01   8.107  2.76581E+09  2.69144E+09  6.46454E+09  1.73322E+09  3.01425E+10  2.25433E+00  1.55799E+03   8.182   8.415
 0.390  1.80576E-01 -5.93543E-02  3.90279E-01  2.74581E+00  2.50841E+00 -4.20095E+00   6.747  1.44033E+09  1.78341E+09  6.64970E+09  1.42195E+09  1.92112E+10  5.17781E+00  1.56455E+03   8.382   8.444
 0.400 -3.16094E-02  9.42384E-02 -5.30714E-01 -1.04488E+00 -8.64645E+00  1.08081E+01   8.651  1.95512E+09  1.94662E+09  7.35812E+09  1.72350E+09  2.50516E+10  1.85287E+00  1.63206E+03   8.333   8.452
 0.410  1.06331E-01 -2.92952E-01  9.85367E-02  6.51000E+00 -9.43387E+00  1.48485E+01   8.891  2.59218E+09  2.55619E+09  7.51591E+09  1.71995E+09  2.59103E+10  2.09591E+00  1.74590E+03   8.284   8.458
 0.420  6.24591E-01  1.22523E+00  4.56218E-03 -1.02935E+01 -3.18641E+00 -2.82661E+01   9.012  2.66573E+09  2.68560E+09  7.86801E+09  1.75400E+09  2.70331E+10  2.64768E+00  1.82482E+03   8.305   8.456
 0.430  4.68645E-01  1.33034E+00 -9.05489E-01 -2.21191E+01 -1.87839E+01 -3.90839E+01   8.522  2.16072E+09  2.15363E+09  7.99410E+09  1.70690E+09  2.54934E+10  1.67675E+00  1.93657E+03   8.330   8.459
 0.440  1.26773E-01  7.50072E-01 -4.07798E-01 -1.17177E+01 -1.40383E+01 -2.27204E+01   8.710  1.94269E+09  1.87694E+09  8.09128E+09  1.75234E+09  2.64548E+10  7.71045E-01  2.06286E+03   8.347   8.460
 0.450  9.52246E-01  1.73590E+00 -5.73857E-01 -1.74976E+01  3.04603E+00 -3.21286E+01   8.198  2.39679E+09  2.37709E+09  8.12320E+09  1.69864E+09  2.56195E+10  1.34730E+00  2.20419E+03   8.323   8.464
 0.460 -7.24351E-04  1.55097E+00 -6.90339E-01 -1.36363E+01 -1.03976E+01 -2.83529E+01   9.172  3.00287E+09  2.97518E+09  8.57623E+09  1.86262E+09  2.89591E+10  1.65812E+00  2.27033E+03   8.314   8.457
 0.470 -4.61185E-01 -7.43028E-02 -1.20810E+00  6.40944E+00 -1.86744E+01  1.03180E+00  10.617  3.32143E+09  3.22895E+09  8.95349E+09  1.96342E+09  3.65518E+10  1.82304E+00  2.37257E+03   8.298   8.451
 0.480  7.15592E-01 -3.87580E-01  1.28865E+00  1.51087E+01  1.45706E+01  7.00263E+00  10.167  4.46139E+09  4.42352E+09  9.19704E+09  1.94765E+09  3.38083E+10  3.32235E+00  2.44961E+03   8.227   8.451
 0.490  2.17639E-01 -3.73514E-01  2.15869E-01  6.53095E+00  1.89291E+01  2.33775E+01  10.690  4.45888E+09  4.60528E+09  9.93960E+09  1.95799E+09  3.60782E+10  5.25452E+00  2.43468E+03   8.266   8.460
 0.500 -1.62756E-01  1.25701E+00 -1.03339E+00 -8.05295E+00 -2.21628E+01  7.13765E-02  10.737  4.21169E+09  4.20211E+09  1.05277E+10  2.09326E+09  3.57236E+10  3.28258E+00  2.44551E+03   8.297   8.462
 0.510  3.04135E-02  5.87565E-01  4.12429E-01  6.83431E-01 -6.76333E+00 -5.59561E+00   8.336  3.79951E+09  3.96703E+09  1.04754E+10  1.80757E+09  2.73392E+10  5.82098E+00  2.53946E+03   8.339   8.476
 0.520  4.08339E-01  5.98354E-01  8.55762E-01 -2.58366E+01  2.63721E+01 -5.19247E+00   7.330  4.81628E+09  4.94102E+09  1.06902E+10  1.72434E+09  2.54781E+10  4.71770E+00  2.61150E+03   8.288   8.482
 0.530  2.51454E-01 -1.66818E-01  6.63724E-01 -8.22613E+00  1.13741E+01  3.06352E-01   7.704  3.96698E+09  4.54035E+09  1.21213E+10  1.82138E+09  2.70368E+10  8.29317E+00  2.46255E+03   8.418   8.475
 0.540 -1.14663E-01  1.34929E-01 -5.95266E-01 -1.03291E+00  5.74542E+00 -5.06529E+00   5.870  2.22659E+09  2.68028E+09  1.19137E+10  1.53145E+09  1.93340E+10  5.61918E+00  2.51254E+03   8.565   8.502
 0.550 -3.10782E-01  2.94029E-01 -8.44602E-02  1.38766E+01 -1.25317E+01  5.86520E+00   7.363  2.67707E+09  2.82236E+09  1.33538E+10  1.82041E+09  2.48086E+10  3.70169E+00  2.51791E+03   8.525   8.494
 0.560  2.38758E-02 -5.41693E-01 -1.43110E-01  3.59236E+00  3.35851E+00  2.36428E+01   7.699  2.90175E+09  3.14835E+09  1.41564E+10  1.89662E+09  2.63192E+10  4.83766E+00  2.55064E+03   8.530   8.497
