  43
 0.140          468 -0.36482E-01 -0.92993E-02 -0.26706E-01  0.80406E+01  0.97154E+01 -0.24846E+01  0.52140E+00 -0.39980E+00  0.75385E+00   0.938   0.628
 0.150          143 -0.17372E-01 -0.58760E-02 -0.14307E-01 -0.19045E+02 -0.14611E+02  0.30599E+01 -0.80956E+00  0.36304E+00 -0.46132E+00   1.046   0.806
 0.160        12405  0.13379E-01  0.22116E-01  0.16382E-01  0.12106E+02  0.17187E+02 -0.84558E+01  0.91117E+00  0.32260E+00 -0.25632E+00   1.246   0.636
 0.170        13110  0.16799E-01  0.26646E-01 -0.57927E-02  0.26036E+02  0.65593E+01  0.23819E+01  0.14743E+00 -0.81333E+00  0.56282E+00   1.528   1.100
 0.180        23056 -0.46048E-02  0.47276E-01 -0.30699E-02  0.23400E+02 -0.22475E+02  0.14414E+02 -0.13583E+00 -0.90569E+00  0.40160E+00   1.868   1.170
 0.190          134 -0.55111E-02  0.14264E-01  0.84287E-02  0.46084E+01 -0.96958E+01 -0.82238E+01 -0.36313E+00  0.84433E+00  0.39401E+00   2.311   1.231
 0.200        60573  0.68139E-02 -0.25211E-01 -0.13628E-01  0.13465E+02 -0.84171E+01  0.80401E+01  0.25463E+00  0.66439E+00  0.70268E+00   2.095   0.834
 0.210        60044 -0.10736E-02  0.46524E-02  0.14315E-01 -0.21259E+02 -0.19984E+02  0.31878E+02  0.11112E+00  0.99139E+00 -0.69305E-01   3.583   2.675
 0.220        74269 -0.42383E-01 -0.12002E-01 -0.33006E-01  0.21165E+02  0.14779E+02  0.18336E+02 -0.51619E-01  0.99729E+00 -0.52374E-01   3.533   2.070
 0.230        91023 -0.25089E-01  0.50962E-02 -0.70563E-02 -0.53405E+02 -0.15740E+02 -0.29920E+02 -0.47760E+00  0.72909E+00  0.49023E+00   4.230   2.007
 0.240       116798 -0.57300E-02 -0.73671E-02  0.49114E-02 -0.78683E+01 -0.23338E+02  0.54429E+01  0.70827E+00  0.48651E+00  0.51153E+00   2.918   1.620
 0.250       106789 -0.42634E-03 -0.85267E-03  0.42634E-02  0.22200E+02  0.24637E+02  0.12867E+02  0.12733E+00  0.85291E+00  0.50630E+00   3.742   1.664
 0.260        93050  0.35433E-02 -0.35433E-02  0.17716E-02  0.15410E+03 -0.10777E+03 -0.40724E+02 -0.32868E-01  0.72632E+00  0.68657E+00   3.330   1.140
 0.270        87153  0.13796E-02 -0.22993E-02 -0.18394E-02  0.99038E+02 -0.35458E+02  0.61475E+02 -0.62332E+00  0.53452E+00  0.57076E+00   3.955   1.943
 0.280       123623 -0.14312E-02  0.00000E+00 -0.19083E-02  0.88967E+02  0.47158E+01  0.27474E+02 -0.81980E+00  0.34968E+00  0.45349E+00   4.557   1.573
 0.290       122871 -0.24703E-02 -0.49406E-03  0.00000E+00 -0.82759E+02 -0.13982E+03 -0.16127E+03 -0.88306E+00  0.17084E+00  0.43705E+00   2.796   0.791
 0.300       122030 -0.51134E-03  0.00000E+00  0.00000E+00 -0.13651E+03 -0.16802E+03  0.19142E+02 -0.71428E+00  0.60056E+00  0.35937E+00   5.436   1.106
 0.310       167071  0.00000E+00 -0.31711E-02  0.00000E+00  0.18476E+03  0.17723E+03  0.71432E+02 -0.69509E+00  0.59789E+00  0.39921E+00   6.313   1.199
 0.320       135345  0.00000E+00  0.10904E-02  0.10904E-02  0.72007E+02  0.15750E+03  0.14728E+03 -0.65442E+00  0.63450E+00  0.41126E+00   6.727   1.377
 0.330       254634  0.11259E-02 -0.56297E-03 -0.22519E-02  0.32492E+02  0.32342E+02 -0.55906E+01 -0.62296E+00  0.69658E+00  0.35594E+00   6.260   1.076
 0.340       304185  0.11586E-02  0.11586E-02  0.00000E+00 -0.22357E+03 -0.62008E+02 -0.64347E+02 -0.63269E+00  0.67151E+00  0.38571E+00   5.932   1.541
 0.350       210270  0.35778E-02  0.35778E-02  0.00000E+00  0.30142E+01  0.21142E+01 -0.10028E+03 -0.71881E+00  0.61188E+00  0.33004E+00   6.802   1.410
 0.360       351324  0.24528E-02 -0.18396E-02  0.36793E-02  0.13862E+03  0.66749E+02  0.21962E+03 -0.71413E+00  0.60558E+00  0.35113E+00   6.906   1.040
 0.370       397426  0.25217E-02  0.25217E-02 -0.25217E-02  0.42673E+02  0.23191E+02 -0.41211E+01 -0.74623E+00  0.53690E+00  0.39355E+00   8.475   1.694
 0.380       168246  0.12951E-02 -0.64757E-03  0.00000E+00 -0.72208E+02 -0.14933E+03  0.10829E+03 -0.80651E+00  0.48801E+00  0.33375E+00   8.107   2.188
 0.390       150449  0.39866E-02 -0.66443E-03  0.13289E-02 -0.35400E+03  0.54172E+01  0.92929E+01 -0.83752E+00  0.43881E+00  0.32559E+00   6.747   1.462
 0.400       463490  0.00000E+00 -0.27274E-02  0.13637E-02 -0.49328E+02  0.40315E+02  0.37903E+01 -0.85348E+00  0.45406E+00  0.25575E+00   8.651   1.796
 0.410       112005  0.27945E-02  0.00000E+00 -0.27945E-02 -0.21996E+03 -0.14772E+03 -0.72098E+02 -0.86716E+00  0.44464E+00  0.22435E+00   8.891   1.505
 0.420       148973 -0.14315E-02  0.14315E-02  0.00000E+00 -0.85742E+02  0.14008E+03 -0.35223E+02 -0.86541E+00  0.40983E+00  0.28827E+00   9.012   2.087
 0.430       278495 -0.29325E-02  0.73312E-03  0.00000E+00  0.30798E+03 -0.73880E+00 -0.48868E+02 -0.85513E+00  0.44428E+00  0.26716E+00   8.522   2.288
 0.440       168246  0.00000E+00  0.00000E+00 -0.44988E-02  0.10765E+03 -0.87864E+02 -0.21569E+00 -0.85282E+00  0.43874E+00  0.28320E+00   8.710   2.677
 0.450       399315  0.15349E-02  0.00000E+00 -0.15349E-02 -0.18509E+02  0.19588E+03 -0.25096E+03 -0.79298E+00  0.43897E+00  0.42247E+00   8.198   2.399
 0.460       101274  0.15677E-02  0.00000E+00  0.00000E+00 -0.40253E+02 -0.19420E+03  0.21592E+03 -0.89367E+00  0.20550E+00  0.39890E+00   9.172   1.881
 0.470       304813  0.00000E+00  0.00000E+00  0.48076E-02 -0.92401E+02 -0.31576E+02  0.17988E+03 -0.90781E+00  0.10173E+00  0.40686E+00  10.617   3.356
 0.480       288785 -0.16360E-02  0.32721E-02  0.32721E-02  0.96139E+02  0.16741E+03 -0.21121E+03 -0.86601E+00  0.97778E-02  0.49993E+00  10.167   1.695
 0.490        60039  0.00000E+00 -0.33445E-02  0.00000E+00  0.28702E+03 -0.30752E+03 -0.25221E+02 -0.92608E+00  0.21906E-01  0.37669E+00  10.690   1.680
 0.500       381252  0.34074E-02  0.34074E-02  0.17037E-02  0.92512E+02  0.39106E+02  0.25113E+03 -0.94117E+00  0.27117E-01  0.33684E+00  10.737   3.550
 0.510       186131  0.00000E+00 -0.52173E-02 -0.17391E-02  0.95635E+02 -0.35691E+03  0.87122E+02 -0.96646E+00 -0.12852E-01  0.25649E+00   8.336   1.566
 0.520       100641  0.70910E-02 -0.17727E-02  0.17727E-02  0.15450E+03  0.48892E+02 -0.10573E+03 -0.90951E+00 -0.17472E+00  0.37717E+00   7.330   2.124
 0.530       143242  0.18055E-02 -0.18055E-02  0.00000E+00  0.15232E+03 -0.16874E+03  0.12732E+03 -0.91329E+00 -0.21976E+00  0.34294E+00   7.704   2.278
 0.540       100847 -0.18415E-02  0.00000E+00  0.18415E-02 -0.12278E+03  0.52166E+02 -0.13606E+03 -0.95811E+00 -0.19010E+00  0.21422E+00   5.870   1.728
 0.550        95501  0.00000E+00  0.18742E-02 -0.18742E-02 -0.11338E+03  0.80098E+02  0.53988E+02 -0.91357E+00 -0.33426E+00  0.23165E+00   7.363   2.437
 0.560       310324  0.19075E-02 -0.38151E-02  0.19075E-02 -0.13563E+03 -0.16149E+03  0.30707E+03 -0.97188E+00 -0.18980E+00  0.13936E+00   7.699   2.059
