  43
 0.140 -3.53376E-01 -1.70462E-01 -7.48472E-02  6.41880E+00 -2.01072E+00 -1.27614E-01  5.21403E-01 -3.99802E-01  7.53855E-01  3.17202E+00   0.938   0.628  2.69869E+06  2.63547E+06  3.31801E+05  0.00000E+00  1.63782E+07  3.11015E-03  1.95617E+02   7.395   7.248
 0.150 -1.02999E-01 -2.73595E-01  4.32856E-02 -8.28826E+00 -1.01845E+01  1.02655E+01 -8.09560E-01  3.63038E-01 -4.61319E-01  1.26193E+01   1.046   0.806  2.48649E+07  2.46049E+07  2.15966E+05  2.14650E+04  1.38010E+07  0.00000E+00  3.80095E+02   7.032   7.199
 0.160  2.11468E-02 -4.32659E-02 -5.03116E-02 -2.89375E+00  4.05229E+00  1.59446E+01  9.11169E-01  3.22601E-01 -2.56320E-01  6.53029E+00   1.246   0.636  2.91844E+07  2.80287E+07  7.59753E+05  5.79726E+04  3.00129E+07  3.16691E-03  1.74145E+02   7.546   7.263
 0.170 -7.26448E-01  1.67742E-02  7.80937E-02 -3.49199E+01 -1.45345E+01 -2.84497E+01  1.47434E-01 -8.13327E-01  5.62817E-01  3.40774E+01   1.528   1.100  7.06056E+07  7.05316E+07  6.92006E+06  1.38928E+06  9.85189E+07  5.56110E-02  1.21046E+02   7.598   7.433
 0.180  3.63858E-01  4.79643E-01 -3.44126E-02 -1.97286E+01  2.00142E+01 -4.96776E+00 -1.35830E-01 -9.05686E-01  4.01600E-01  3.76442E+01   1.868   1.170  4.83084E+07  4.48834E+07  2.11509E+06  7.38668E+05  5.85293E+07  7.53197E-05  3.29700E+02   7.603   7.394
 0.190  1.57470E-01  6.91205E-02 -3.15209E-01 -1.15009E+00 -5.53109E-01 -1.12891E+01 -3.63132E-01  8.44329E-01  3.94009E-01  2.06289E+01   2.311   1.231  1.77292E+08  1.69852E+08  2.85986E+06  4.81815E+05  7.94802E+07  2.39314E-02  2.42151E+02   7.502   7.540
 0.200  1.31081E-01  2.84386E-01 -2.69080E-01 -3.07676E+01 -2.90300E-01 -1.49069E+00  2.54631E-01  6.64386E-01  7.02676E-01  4.19177E+01   2.095   0.834  1.29497E+08  1.29038E+08  1.07534E+07  1.03096E+06  7.13326E+07  1.38771E-01  1.13971E+02   7.924   7.615
 0.210  1.05320E+00  4.26257E-03  4.85370E-01 -4.37888E+01  1.36762E+01 -3.59096E+01  1.11121E-01  9.91387E-01 -6.93050E-02  4.76909E+01   3.583   2.675  9.30454E+07  7.95476E+07  9.25687E+06  6.84145E+06  2.34201E+08  6.97729E-04  5.01887E+02   7.789   7.550
 0.220  1.12579E+00  1.25781E-01 -6.27298E-02 -2.45585E+01 -3.96375E+00 -2.20601E+01 -5.16193E-02  9.97293E-01 -5.23741E-02  1.20121E+02   3.533   2.070  6.70675E+08  6.65022E+08  7.69061E+07  3.08463E+07  5.36076E+08  5.30578E-01  3.28965E+02   7.777   7.705
 0.230 -1.38908E+00 -1.24991E+00 -7.76923E-02  5.90162E+01  1.10301E+01  5.92504E+01 -4.77603E-01  7.29088E-01  4.90231E-01  2.38590E+02   4.230   2.007  1.53401E+09  1.57512E+09  2.82344E+08  1.00124E+08  2.09533E+09  1.69063E+00  3.25934E+02   7.921   7.742
 0.240  6.78744E-02 -4.30296E-01  6.87638E-03  2.46444E+00 -4.00846E+00  1.01716E+01  7.08268E-01  4.86513E-01  5.11528E-01  3.96732E+01   2.918   1.620  7.07822E+08  7.34248E+08  1.02498E+08  8.30533E+06  2.71197E+08  8.03865E-01  1.71956E+02   8.300   8.115
 0.250 -5.37752E-02 -6.23791E-02  2.73129E-01 -2.41190E+01  1.72712E+00 -1.05396E+01  1.27327E-01  8.52906E-01  5.06300E-01  9.78700E+01   3.742   1.664  1.08132E+09  1.07688E+09  1.71582E+08  3.60888E+07  5.28344E+08  9.25784E-01  2.84044E+02   8.173   8.220
 0.260 -9.37853E-02 -2.42631E-02  1.85028E-02  3.95328E+00 -1.37863E+01  6.39382E+00 -3.28679E-02  7.26324E-01  6.86567E-01  7.02051E+01   3.330   1.140  4.03346E+08  4.95967E+08  2.87322E+08  3.70156E+07  4.85694E+08  1.31514E+00  2.95359E+02   8.566   8.283
 0.270  8.12994E-02  5.54629E-01 -4.83665E-01  4.75630E+00 -5.06533E+00  1.07468E+00 -6.23319E-01  5.34516E-01  5.70759E-01  1.20275E+02   3.955   1.943  6.79394E+08  6.52087E+08  3.62901E+08  8.64880E+07  7.73518E+08  3.62861E-01  4.76867E+02   8.294   8.135
 0.280 -7.92726E-02 -2.40078E-01  5.74009E-01 -1.65798E+00 -1.33442E+01  2.55380E+01 -8.19797E-01  3.49684E-01  4.53490E-01  1.48588E+02   4.557   1.573  1.88734E+09  1.88175E+09  5.29222E+08  1.99005E+08  1.48169E+09  1.28026E+00  5.37126E+02   8.236   8.176
 0.290 -5.24381E-03  3.64819E-01 -3.44177E-01 -3.28045E+00 -2.99267E+00 -2.75109E+01 -8.83063E-01  1.70843E-01  4.37049E-01  8.97991E+01   2.796   0.791  7.25404E+08  9.93730E+08  6.61759E+08  6.03204E+07  4.22675E+08  3.20767E+00  3.34978E+02   8.527   8.559
 0.300  3.87966E-01  1.87464E-01  2.13724E-01  1.07701E+01  1.89435E+01 -2.17796E+01 -7.14276E-01  6.00555E-01  3.59365E-01  2.76740E+02   5.436   1.106  9.38231E+08  1.05375E+09  9.83539E+08  1.62376E+08  1.25348E+09  1.72743E+00  4.57866E+02   8.387   8.506
 0.310  8.93398E-01  5.46773E-01  5.23674E-01  1.35698E+01  3.45298E+01 -3.84115E+01 -6.95095E-01  5.97895E-01  3.99205E-01  4.91835E+02   6.313   1.199  1.15095E+09  1.18674E+09  1.21690E+09  2.00492E+08  1.50971E+09  1.23237E+00  5.37568E+02   8.275   8.533
 0.320  7.42654E-02 -8.37946E-02  3.69708E-01  1.96283E+01  1.60782E+01  1.20227E+00 -6.54424E-01  6.34505E-01  4.11257E-01  4.75452E+02   6.727   1.377  1.18168E+09  1.20077E+09  1.23668E+09  2.33157E+08  1.68962E+09  1.19770E+00  6.28070E+02   8.290   8.481
 0.330  3.80868E-01  6.15756E-01 -3.96747E-01 -3.48335E+00 -4.16270E+00 -1.66828E+00 -6.22956E-01  6.96584E-01  3.55945E-01  3.98258E+02   6.260   1.076  9.24070E+08  9.78714E+08  1.38749E+09  2.10145E+08  1.37461E+09  1.35464E+00  6.86332E+02   8.350   8.522
 0.340  4.87143E-01  4.00671E-01 -1.67360E-01 -3.83172E+00  1.61733E+01 -1.46851E+01 -6.32689E-01  6.71512E-01  3.85714E-01  4.47871E+02   5.932   1.541  1.23973E+09  1.27316E+09  1.53829E+09  2.42296E+08  1.62868E+09  1.12435E+00  7.77915E+02   8.304   8.509
 0.350  5.32853E-01  2.08272E-01  7.32178E-01  2.45372E+01  2.44394E+01  7.53787E+00 -7.18805E-01  6.11876E-01  3.30041E-01  4.81931E+02   6.802   1.410  1.30287E+09  1.34967E+09  1.63315E+09  2.49433E+08  1.69685E+09  1.49318E+00  8.14467E+02   8.304   8.481
 0.360  6.05143E-01  3.37608E-01  3.76833E-01  1.25465E+01  1.14598E+01  3.26624E+00 -7.14128E-01  6.05583E-01  3.51127E-01  4.84494E+02   6.906   1.040  1.15218E+09  1.21142E+09  1.75740E+09  2.55121E+08  1.43588E+09  1.41336E+00  8.82062E+02   8.331   8.477
 0.370 -4.18213E-03  1.37354E-01 -6.12736E-03  1.54522E+01  4.24726E+00  2.97124E+01 -7.46227E-01  5.36899E-01  3.93554E-01  6.53468E+02   8.475   1.694  1.78932E+09  1.79920E+09  2.14210E+09  3.68337E+08  2.30343E+09  1.32494E+00  9.80334E+02   8.286   8.458
 0.380 -2.89805E-01  1.09365E-01 -6.78597E-01 -1.96961E+01 -4.57997E+01  5.99476E+01 -8.06512E-01  4.88005E-01  3.33750E-01  5.02848E+02   8.107   2.188  2.35548E+09  2.33604E+09  2.31981E+09  3.93793E+08  2.99406E+09  1.59083E+00  1.05161E+03   8.199   8.448
 0.390  1.80576E-01 -5.93543E-02  3.90279E-01  2.74581E+00  2.50841E+00 -4.20095E+00 -8.37516E-01  4.38812E-01  3.25593E-01  3.13644E+02   6.747   1.462  1.20124E+09  1.38158E+09  2.14224E+09  2.55744E+08  1.74615E+09  3.11558E+00  1.05719E+03   8.404   8.452
 0.400 -3.16094E-02  9.42384E-02 -5.30714E-01 -1.04488E+00 -8.64645E+00  1.08081E+01 -8.53475E-01  4.54064E-01  2.55747E-01  5.59512E+02   8.651   1.796  1.64733E+09  1.67521E+09  2.47751E+09  4.20100E+08  2.22944E+09  1.46724E+00  1.09968E+03   8.347   8.432
 0.410  1.06331E-01 -2.92952E-01  9.85367E-02  6.51000E+00 -9.43387E+00  1.48485E+01 -8.67156E-01  4.44644E-01  2.24348E-01  6.56375E+02   8.891   1.505  2.13964E+09  2.19092E+09  2.59629E+09  3.90029E+08  2.09741E+09  1.92755E+00  1.16465E+03   8.293   8.443
 0.420  6.24591E-01  1.22523E+00  4.56218E-03 -1.02935E+01 -3.18641E+00 -2.82661E+01 -8.65413E-01  4.09829E-01  2.88272E-01  7.66550E+02   9.012   2.087  2.24522E+09  2.34048E+09  3.03759E+09  4.81717E+08  2.58327E+09  2.47996E+00  1.20389E+03   8.307   8.419
 0.430  4.68645E-01  1.33034E+00 -9.05489E-01 -2.21191E+01 -1.87839E+01 -3.90839E+01 -8.55129E-01  4.44275E-01  2.67158E-01  7.30501E+02   8.522   2.288  1.91640E+09  1.95886E+09  3.24192E+09  4.69394E+08  2.64272E+09  1.58531E+00  1.28615E+03   8.331   8.427
 0.440  1.26773E-01  7.50072E-01 -4.07798E-01 -1.17177E+01 -1.40383E+01 -2.27204E+01 -8.52822E-01  4.38738E-01  2.83204E-01  7.48112E+02   8.710   2.677  1.70315E+09  1.67831E+09  3.40333E+09  5.21217E+08  2.94733E+09  6.96776E-01  1.39852E+03   8.357   8.435
 0.450  9.52246E-01  1.73590E+00 -5.73857E-01 -1.74976E+01  3.04603E+00 -3.21286E+01 -7.92985E-01  4.38970E-01  4.22470E-01  7.60672E+02   8.198   2.399  2.12480E+09  2.14075E+09  3.46518E+09  4.66780E+08  2.78114E+09  1.27821E+00  1.52260E+03   8.338   8.453
 0.460 -7.24351E-04  1.55097E+00 -6.90339E-01 -1.36363E+01 -1.03976E+01 -2.83529E+01 -8.93670E-01  2.05495E-01  3.98905E-01  8.54701E+02   9.172   1.881  2.60377E+09  2.65621E+09  3.44559E+09  4.69121E+08  2.51269E+09  1.61013E+00  1.56445E+03   8.322   8.453
 0.470 -4.61185E-01 -7.43028E-02 -1.20810E+00  6.40944E+00 -1.86744E+01  1.03180E+00 -9.07808E-01  1.01730E-01  4.06862E-01  8.85471E+02  10.617   3.356  2.88353E+09  2.86608E+09  3.88773E+09  5.81133E+08  3.71661E+09  1.73536E+00  1.60372E+03   8.324   8.418
 0.480  7.15592E-01 -3.87580E-01  1.28865E+00  1.51087E+01  1.45706E+01  7.00263E+00 -8.66012E-01  9.77783E-03  4.99928E-01  8.22000E+02  10.167   1.695  3.75040E+09  3.80775E+09  3.65939E+09  4.37884E+08  2.54071E+09  2.81535E+00  1.69844E+03   8.250   8.441
 0.490  2.17639E-01 -3.73514E-01  2.15869E-01  6.53095E+00  1.89291E+01  2.33775E+01 -9.26082E-01  2.19065E-02  3.76686E-01  8.25824E+02  10.690   1.680  3.72155E+09  3.95395E+09  4.26698E+09  4.74531E+08  2.63349E+09  4.49160E+00  1.59944E+03   8.279   8.438
 0.500 -1.62756E-01  1.25701E+00 -1.03339E+00 -8.05295E+00 -2.21628E+01  7.13765E-02 -9.41171E-01  2.71166E-02  3.36841E-01  8.18990E+02  10.737   3.550  3.72277E+09  3.76407E+09  5.20635E+09  7.62979E+08  3.82220E+09  3.01255E+00  1.58514E+03   8.310   8.424
 0.510  3.04135E-02  5.87565E-01  4.12429E-01  6.83431E-01 -6.76333E+00 -5.59561E+00 -9.66461E-01 -1.28520E-02  2.56492E-01  7.69349E+02   8.336   1.566  3.22048E+09  3.45852E+09  4.88369E+09  4.70111E+08  2.22827E+09  5.40267E+00  1.64352E+03   8.348   8.447
 0.520  4.08339E-01  5.98354E-01  8.55762E-01 -2.58366E+01  2.63721E+01 -5.19247E+00 -9.09513E-01 -1.74718E-01  3.77173E-01  6.70476E+02   7.330   2.124  4.17056E+09  4.33551E+09  5.18780E+09  4.68892E+08  2.55101E+09  4.17905E+00  1.71553E+03   8.306   8.453
 0.530  2.51454E-01 -1.66818E-01  6.63724E-01 -8.22613E+00  1.13741E+01  3.06352E-01 -9.13288E-01 -2.19761E-01  3.42943E-01  5.17199E+02   7.704   2.278  3.35043E+09  3.98147E+09  6.43104E+09  5.39577E+08  2.74589E+09  7.83006E+00  1.52903E+03   8.437   8.450
 0.540 -1.14663E-01  1.34929E-01 -5.95266E-01 -1.03291E+00  5.74542E+00 -5.06529E+00 -9.58108E-01 -1.90102E-01  2.14222E-01  4.92906E+02   5.870   1.728  1.93079E+09  2.41381E+09  6.37284E+09  3.78244E+08  1.97852E+09  5.46277E+00  1.51904E+03   8.583   8.489
 0.550 -3.10782E-01  2.94029E-01 -8.44602E-02  1.38766E+01 -1.25317E+01  5.86520E+00 -9.13569E-01 -3.34260E-01  2.31649E-01  5.81532E+02   7.363   2.437  2.35747E+09  2.53831E+09  7.44584E+09  5.78981E+08  2.55858E+09  3.57202E+00  1.54467E+03   8.540   8.480
 0.560  2.38758E-02 -5.41693E-01 -1.43110E-01  3.59236E+00  3.35851E+00  2.36428E+01 -9.71882E-01 -1.89798E-01  1.39363E-01  6.58378E+02   7.699   2.059  2.47271E+09  2.78835E+09  8.17727E+09  6.15335E+08  2.57587E+09  4.73049E+00  1.58604E+03   8.548   8.484
