  20
 0.100   6.750   1.000  8.33963E+09  6.11407E+08  2.98324E+08  3.41801E+08  7.42990E+09  1.42650E+08  2.34353E+08  2.67674E+08  5.50957E+08  9.19516E+08  2.99384E+08  3.43023E+08  8.85223E+09  1.65962E+08  2.49982E+08  2.85648E+08  9.23500E+08
 0.110   8.500   1.000  1.26608E+10  9.20217E+08  4.45883E+08  5.23786E+08  1.12948E+10  1.18249E+08  3.52239E+08  4.13573E+08  8.54246E+08  1.08696E+09  4.47057E+08  5.25182E+08  1.25470E+10  1.32544E+08  3.60723E+08  4.23621E+08  1.05611E+09
 0.120  10.250   1.000  1.67456E+10  1.29038E+09  5.95504E+08  7.08311E+08  1.48597E+10  2.33658E+08  4.91490E+08  5.83755E+08  1.28665E+09  1.26319E+09  5.94966E+08  7.07663E+08  1.46766E+10  2.31885E+08  4.89770E+08  5.81691E+08  1.25190E+09
 0.130  11.750   1.000  1.99462E+10  1.47768E+09  9.15740E+08  1.08728E+09  1.75527E+10  3.62310E+08  7.96380E+08  9.43278E+08  1.72013E+09  1.27676E+09  9.10676E+08  1.08107E+09  1.54413E+10  3.40483E+08  7.82402E+08  9.26678E+08  1.42408E+09
 0.140  17.250   1.561  5.26559E+10  4.63423E+09  2.11713E+09  2.52690E+09  4.59045E+10  3.98437E+08  1.10230E+09  1.32357E+09  2.48101E+09  1.44988E+09  1.19676E+09  1.43947E+09  1.70289E+10  3.66517E+08  1.09298E+09  1.31245E+09  2.23933E+09
 0.150  22.250   1.978  9.16781E+10  8.22797E+09  3.72477E+09  4.43203E+09  7.97254E+10  6.32035E+08  1.45367E+09  1.76053E+09  5.75367E+09  5.06000E+09  3.52425E+09  4.18958E+09  4.54595E+10  5.48517E+08  1.42589E+09  1.72820E+09  4.88404E+09
 0.160  25.750   1.254  1.14474E+11  8.81425E+09  5.92405E+09  7.08103E+09  9.97362E+10  1.92779E+09  4.58635E+09  5.45575E+09  9.39205E+09  4.65273E+09  5.70674E+09  6.81189E+09  4.70854E+10  1.38266E+09  3.78744E+09  4.49903E+09  3.79011E+09
 0.170  28.750   1.363  1.35239E+11  9.79078E+09  8.06607E+09  9.77646E+09  1.17382E+11  1.77166E+09  6.61369E+09  7.97886E+09  1.10887E+10  4.20190E+09  7.39242E+09  8.93855E+09  4.34609E+10  1.09409E+09  5.65904E+09  6.81371E+09  4.58940E+09
 0.180  31.750   2.723  1.53110E+11  1.13659E+10  1.00398E+10  1.22879E+10  1.31704E+11  2.16504E+09  8.47417E+09  1.03439E+10  1.38439E+10  4.76045E+09  9.53208E+09  1.16615E+10  5.06112E+10  1.86638E+09  8.25809E+09  1.00834E+10  1.15777E+10
 0.190  35.500   2.783  1.82252E+11  1.29699E+10  1.20361E+10  1.48746E+10  1.57246E+11  2.13528E+09  1.03130E+10  1.27279E+10  1.73496E+10  4.58852E+09  1.13028E+10  1.39528E+10  5.32440E+10  1.62895E+09  9.83001E+09  1.21392E+10  1.28622E+10
 0.200  45.000   3.730  3.19996E+11  2.34557E+10  1.86275E+10  2.31214E+10  2.77913E+11  2.27607E+09  1.15108E+10  1.44063E+10  2.15918E+10  4.57929E+09  1.22321E+10  1.52971E+10  5.14604E+10  1.83146E+09  1.11652E+10  1.39851E+10  1.74265E+10
 0.210  50.000   2.067  3.76612E+11  2.36707E+10  2.42673E+10  3.00062E+10  3.28674E+11  4.99785E+09  1.49422E+10  1.85314E+10  3.16079E+10  8.84469E+09  1.98412E+10  2.45330E+10  8.19855E+10  3.40460E+09  1.25494E+10  1.55892E+10  1.04447E+10
 0.220  53.750   2.279  4.05838E+11  2.18463E+10  2.89554E+10  3.61413E+10  3.55037E+11  4.57263E+09  2.49602E+10  3.10901E+10  3.96220E+10  7.41800E+09  2.68202E+10  3.34164E+10  7.62091E+10  2.27000E+09  1.90714E+10  2.37422E+10  1.39761E+10
 0.230  57.250   2.839  4.31582E+11  2.39331E+10  3.17011E+10  4.00496E+10  3.75948E+11  4.80038E+09  2.76025E+10  3.47950E+10  4.11288E+10  6.97260E+09  2.92908E+10  3.69452E+10  7.48026E+10  2.72162E+09  2.39821E+10  3.02267E+10  1.89543E+10
 0.240  60.750   3.060  4.51395E+11  2.55400E+10  3.58197E+10  4.54545E+10  3.90036E+11  5.24011E+09  3.19860E+10  4.04961E+10  4.66584E+10  6.63370E+09  3.31938E+10  4.20516E+10  7.74884E+10  3.72149E+09  2.80603E+10  3.55236E+10  2.19457E+10
 0.250  64.000   3.192  4.71902E+11  2.64059E+10  3.91095E+10  5.00118E+10  4.06387E+11  4.47406E+09  3.52474E+10  4.49896E+10  5.11216E+10  5.72121E+09  3.63866E+10  4.64701E+10  7.98043E+10  2.66083E+09  3.12564E+10  3.98993E+10  2.38086E+10
 0.260  67.250   3.596  4.86414E+11  2.62746E+10  4.15161E+10  5.35457E+10  4.18624E+11  4.30495E+09  3.78494E+10  4.87460E+10  5.72742E+10  5.50186E+09  3.89398E+10  5.01676E+10  8.71819E+10  2.35032E+09  3.41178E+10  4.39567E+10  2.83623E+10
 0.270  70.500   2.304  5.02455E+11  2.55037E+10  4.43837E+10  5.75303E+10  4.32567E+11  4.18528E+09  4.07908E+10  5.27963E+10  5.99034E+10  5.00402E+09  4.17289E+10  5.40277E+10  8.58305E+10  2.29514E+09  3.22123E+10  4.17529E+10  1.75955E+10
 0.280  74.750   3.691  5.38474E+11  2.75309E+10  4.71096E+10  6.14588E+10  4.63833E+11  3.59326E+09  4.31059E+10  5.61829E+10  6.33068E+10  4.42279E+09  4.38299E+10  5.71426E+10  8.54227E+10  2.02208E+09  3.90539E+10  5.08928E+10  2.95839E+10
 0.290  78.250   4.552  5.56230E+11  2.82173E+10  4.91065E+10  6.44474E+10  4.78907E+11  3.69597E+09  4.52105E+10  5.93089E+10  7.07297E+10  4.60527E+09  4.59339E+10  6.02627E+10  9.21582E+10  2.41964E+09  4.25778E+10  5.58401E+10  3.88848E+10
