  20
 0.100 -2.77748E-02 -2.20498E-02  3.64333E-02  3.14074E+00  2.46400E-02 -3.97688E+00  6.54259E-01  5.01797E-01  5.65813E-01  9.62897E+00   1.000   0.500  1.61712E+08  2.36246E+08  9.26573E+07  0.00000E+00  7.33280E+07  9.94367E-01  5.79995E+01   8.438   8.343
 0.110  9.86561E-03 -8.37892E-03  2.56750E-02 -3.30804E+00 -4.71808E-01 -1.82842E+00  7.42763E-01  4.39693E-01  5.04949E-01  1.49080E+01   1.000   0.500  1.17739E+08  2.11915E+08  1.81492E+08  5.28941E+05  8.56324E+07  9.87346E-01  1.02444E+02   8.603   8.508
 0.120 -2.48790E-02  2.71103E-02 -3.50304E-03 -4.81548E-01 -7.85672E-01  1.05519E+01  1.27150E-01  9.46843E-01  2.95501E-01  1.29942E+01   1.000   0.500  2.23433E+08  2.89420E+08  1.89300E+08  8.76626E+05  8.67964E+07  9.36631E-01  1.43730E+02   8.406   8.559
 0.130  9.80460E-04 -2.04972E-02  5.79387E-03  2.77830E+00 -4.52172E+00  4.77259E+00 -3.87224E-01  9.01173E-01  1.94797E-01  2.16082E+01   1.000   0.500  3.35308E+08  4.98901E+08  3.19360E+08  1.97522E+06  9.71055E+07  2.12316E+00  1.39419E+02   8.464   8.507
 0.140  3.28206E-02  4.30683E-02 -6.55493E-02 -3.32294E+00 -8.70210E+00 -3.85051E+00 -4.70503E-01  8.23397E-01  3.17245E-01  3.92312E+01   1.561   0.500  3.27455E+08  5.71869E+08  6.22967E+08  5.73140E+06  1.40005E+08  2.56194E+00  1.72010E+02   8.553   8.582
 0.150 -1.94292E-01  1.13849E-01 -7.32837E-02 -6.26155E+00  3.16152E+01 -1.71596E+01 -5.70194E-02  9.72848E-01  2.24311E-01  5.91204E+01   1.978   0.978  5.08316E+08  6.80521E+08  7.49183E+08  1.21388E+07  3.77697E+08  2.04051E+00  2.15720E+02   8.363   8.593
 0.160  4.26655E-02  1.60247E-02 -5.67845E-02 -5.28995E+00 -5.73713E+00 -1.09603E+01 -6.64418E-01  7.14117E-01 -2.20423E-01  4.69104E+01   1.254   0.500  1.31668E+09  2.07317E+09  1.17855E+09  1.69243E+08  2.70781E+08  1.13409E+01  1.39990E+02   8.642   8.574
 0.170  9.99281E-03 -6.11062E-03 -8.62244E-03 -3.31734E-01  1.96797E+00 -1.83667E+00 -6.60173E-01  3.27942E-01 -6.75741E-01  6.66565E+01   1.363   0.500  9.19375E+08  2.28249E+09  2.53072E+09  1.80111E+08  3.73291E+08  1.47227E+01  1.43542E+02   8.837   8.668
 0.180  2.59513E-02  1.22909E-01 -1.01684E-02  1.43436E+01 -4.88293E-01  6.36567E-01 -8.02886E-02  3.89285E-02 -9.96011E-01  1.98872E+02   2.723   0.500  1.54214E+09  2.41668E+09  1.99105E+09  2.93409E+08  7.32199E+08  9.92066E+00  1.72949E+02   8.634   8.494
 0.190  1.69490E-01 -6.24280E-03  3.65637E-02  1.10348E+01  8.93491E+00  4.66748E+00  1.13522E-01  4.66516E-01 -8.77198E-01  2.18941E+02   2.783   0.546  1.39023E+09  2.19352E+09  2.31581E+09  3.02661E+08  8.42024E+08  8.43727E+00  2.04246E+02   8.670   8.485
 0.200  1.02977E-01  1.06483E-01  2.47468E-01  2.64517E+01  2.52557E+01  4.32604E+01  2.67526E-01  5.69666E-01 -7.77117E-01  3.08114E+02   3.730   1.044  1.59866E+09  2.11308E+09  2.96540E+09  6.07825E+08  1.17233E+09  5.94851E+00  2.75574E+02   8.591   8.479
 0.210  1.30708E-01  1.82530E-02  2.70968E-02  9.88392E+00  4.91085E+00 -1.63343E-01  1.18285E-01  4.56263E-01 -8.81948E-01  1.42513E+02   2.067   0.500  3.04725E+09  4.92986E+09  5.01827E+09  3.63857E+08  7.24467E+08  3.09233E+01  2.87902E+02   8.571   8.623
 0.220 -1.66366E-02 -5.59411E-02 -9.95309E-02  8.06980E+00 -3.83245E+01  6.18316E+01 -1.82555E-01  4.70698E-01 -8.63202E-01  1.05361E+02   2.279   0.544  1.89972E+09  3.63582E+09  5.42684E+09  3.36736E+08  8.10515E+08  1.78487E+01  2.96949E+02   8.856   8.706
 0.230 -2.85747E-02  3.85822E-02  3.54848E-02 -6.17653E+00  3.51979E+00  1.52891E+01 -8.92179E-01  2.45542E-01 -3.79113E-01  2.90992E+02   2.839   0.796  2.34751E+09  3.17776E+09  2.45908E+09  5.84139E+08  1.23560E+09  1.08710E+01  3.65716E+02   8.712   8.587
 0.240 -6.72504E-03 -4.30215E-02  1.74730E-01  1.95535E+00  4.92297E+01 -1.42469E+01 -9.96387E-01  3.96916E-03 -8.48393E-02  3.95331E+02   3.060   0.500  3.28995E+09  5.16049E+09  3.78469E+09  5.69060E+08  1.00373E+09  2.44674E+01  2.52156E+02   8.655   8.572
 0.250  7.68086E-02  4.24333E-02 -7.17164E-02  6.30584E+00 -9.79380E+00 -1.76347E+01 -9.86343E-01 -4.30933E-02 -1.58968E-01  4.33113E+02   3.192   0.951  2.30545E+09  3.96674E+09  6.73238E+09  1.37052E+09  1.46789E+09  1.78797E+01  2.92716E+02   8.757   8.609
 0.260  6.86870E-02  1.85962E-03 -1.62124E-01  3.41721E+00 -2.08183E+01  2.46663E+00 -8.87668E-01 -2.12861E-01 -4.08333E-01  4.19062E+02   3.596   0.832  2.01545E+09  3.21527E+09  8.57080E+09  1.37549E+09  1.63866E+09  1.47986E+01  4.32417E+02   8.739   8.705
 0.270 -1.77252E-03  3.09617E-02  1.84599E-02 -1.86171E+00  1.45599E+01 -1.12740E+01 -9.16866E-01 -2.44209E-01 -3.15784E-01  3.36051E+02   2.304   0.500  2.02772E+09  3.32233E+09  7.85040E+09  9.71096E+08  1.00506E+09  1.68148E+01  4.86001E+02   8.731   8.697
 0.280  2.39042E-02  8.63084E-02 -1.35379E-01  5.64591E+00 -9.03575E-01 -4.25752E+00 -9.08289E-01 -1.79046E-01 -3.78091E-01  4.58616E+02   3.691   0.679  1.61909E+09  2.81839E+09  1.04531E+10  1.67665E+09  1.52683E+09  1.29390E+01  5.09833E+02   8.785   8.677
 0.290 -1.64134E-02  1.10790E-01 -2.11406E-01  7.44485E+00  6.28825E+00 -2.62942E+01 -9.18175E-01 -3.37016E-01 -2.08268E-01  6.38777E+02   4.552   0.708  1.97719E+09  3.25743E+09  1.49623E+10  2.12200E+09  1.79920E+09  1.46821E+01  6.16360E+02   8.694   8.743
