  20
 0.100 -2.77748E-02 -2.20498E-02  3.64333E-02  3.14074E+00  2.46400E-02 -3.97688E+00   1.000  1.65962E+08  3.31768E+08  2.49982E+08  0.00000E+00  9.23500E+08  2.00143E+00  8.12987E+01   8.429   8.243
 0.110  9.86561E-03 -8.37892E-03  2.56750E-02 -3.30804E+00 -4.71808E-01 -1.82842E+00   1.000  1.32544E+08  2.73288E+08  3.60723E+08  1.08461E+07  1.05611E+09  1.37756E+00  1.29959E+02   8.559   8.410
 0.120 -2.48790E-02  2.71103E-02 -3.50304E-03 -4.81548E-01 -7.85672E-01  1.05519E+01   1.000  2.31885E+08  3.66518E+08  4.89770E+08  1.73669E+07  1.25190E+09  1.81570E+00  1.72857E+02   8.395   8.454
 0.130  9.80460E-04 -2.04972E-02  5.79387E-03  2.77830E+00 -4.52172E+00  4.77259E+00   1.000  3.40483E+08  6.43633E+08  7.82402E+08  2.64424E+07  1.42408E+09  3.80499E+00  1.83338E+02   8.461   8.460
 0.140  3.28206E-02  4.30683E-02 -6.55493E-02 -3.32294E+00 -8.70210E+00 -3.85051E+00   1.561  3.66517E+08  6.58458E+08  1.09298E+09  5.84059E+07  2.23933E+09  2.97394E+00  2.21729E+02   8.517   8.512
 0.150 -1.94292E-01  1.13849E-01 -7.32837E-02 -6.26155E+00  3.16152E+01 -1.71596E+01   1.978  5.48517E+08  8.25187E+08  1.42589E+09  1.03103E+08  4.88404E+09  3.46795E+00  2.68168E+02   8.335   8.524
 0.160  4.26655E-02  1.60247E-02 -5.67845E-02 -5.28995E+00 -5.73713E+00 -1.09603E+01   1.254  1.38266E+09  2.97371E+09  3.78744E+09  9.98418E+08  3.79011E+09  1.90242E+01  2.14020E+02   8.629   8.505
 0.170  9.99281E-03 -6.11062E-03 -8.62244E-03 -3.31734E-01  1.96797E+00 -1.83667E+00   1.363  1.09409E+09  2.71819E+09  5.65904E+09  1.20434E+09  4.58940E+09  1.74440E+01  2.39584E+02   8.784   8.575
 0.180  2.59513E-02  1.22909E-01 -1.01684E-02  1.43436E+01 -4.88293E-01  6.36567E-01   2.723  1.86638E+09  3.39438E+09  8.25809E+09  2.01751E+09  1.15777E+10  1.70335E+01  2.92970E+02   8.581   8.578
 0.190  1.69490E-01 -6.24280E-03  3.65637E-02  1.10348E+01  8.93491E+00  4.66748E+00   2.783  1.62895E+09  3.10891E+09  9.83001E+09  2.11731E+09  1.28622E+10  1.55913E+01  3.50265E+02   8.632   8.598
 0.200  1.02977E-01  1.06483E-01  2.47468E-01  2.64517E+01  2.52557E+01  4.32604E+01   3.730  1.83146E+09  2.67984E+09  1.11652E+10  2.49001E+09  1.74265E+10  9.58171E+00  4.29295E+02   8.560   8.606
 0.210  1.30708E-01  1.82530E-02  2.70968E-02  9.88392E+00  4.91085E+00 -1.63343E-01   2.067  3.40460E+09  5.90173E+09  1.25494E+10  1.95824E+09  1.04447E+10  4.01217E+01  4.49054E+02   8.552   8.612
 0.220 -1.66366E-02 -5.59411E-02 -9.95309E-02  8.06980E+00 -3.83245E+01  6.18316E+01   2.279  2.27000E+09  5.47196E+09  1.90714E+10  5.05379E+09  1.39761E+10  3.18837E+01  4.49469E+02   8.811   8.654
 0.230 -2.85747E-02  3.85822E-02  3.54848E-02 -6.17653E+00  3.51979E+00  1.52891E+01   2.839  2.72162E+09  4.79223E+09  2.39821E+10  7.08139E+09  1.89543E+10  2.24098E+01  5.06384E+02   8.686   8.673
 0.240 -6.72504E-03 -4.30215E-02  1.74730E-01  1.95535E+00  4.92297E+01 -1.42469E+01   3.060  3.72149E+09  6.71935E+09  2.80603E+10  7.59037E+09  2.19457E+10  3.73192E+01  5.61324E+02   8.630   8.670
 0.250  7.68086E-02  4.24333E-02 -7.17164E-02  6.30584E+00 -9.79380E+00 -1.76347E+01   3.192  2.66083E+09  4.92162E+09  3.12564E+10  7.96910E+09  2.38086E+10  2.41530E+01  6.29789E+02   8.717   8.678
 0.260  6.86870E-02  1.85962E-03 -1.62124E-01  3.41721E+00 -2.08183E+01  2.46663E+00   3.596  2.35032E+09  4.03750E+09  3.41178E+10  8.75884E+09  2.83623E+10  1.97896E+01  7.16745E+02   8.706   8.680
 0.270 -1.77252E-03  3.09617E-02  1.84599E-02 -1.86171E+00  1.45599E+01 -1.12740E+01   2.304  2.29514E+09  4.20505E+09  3.22123E+10  6.78654E+09  1.75955E+10  2.30685E+01  8.09306E+02   8.703   8.711
 0.280  2.39042E-02  8.63084E-02 -1.35379E-01  5.64591E+00 -9.03575E-01 -4.25752E+00   3.691  2.02208E+09  3.60233E+09  3.90539E+10  9.48471E+09  2.95839E+10  1.71527E+01  8.78051E+02   8.727   8.687
 0.290 -1.64134E-02  1.10790E-01 -2.11406E-01  7.44485E+00  6.28825E+00 -2.62942E+01   4.552  2.41964E+09  3.88153E+09  4.25778E+10  1.09739E+10  3.88848E+10  1.70617E+01  9.73879E+02   8.650   8.678
