  20
 0.100  1.01250E+00  1.66874E+08  2.50456E+08  2.86192E+08  1.62119E+08  1.70733E+08  9.38881E+08  2.00501E+00
 0.110  1.27500E+00  1.67005E+08  3.74856E+08  4.40271E+08  1.61789E+08  1.49184E+08  1.45999E+09  1.42882E+00
 0.120  1.53750E+00  2.81929E+08  5.15323E+08  6.12238E+08  2.73080E+08  1.45960E+08  2.00687E+09  1.87806E+00
 0.130  1.76250E+00  4.63599E+08  8.32529E+08  9.86147E+08  4.47763E+08  3.28181E+08  2.74888E+09  4.05582E+00
 0.140  2.58750E+00  5.38936E+08  1.13506E+09  1.36310E+09  5.14655E+08  3.11915E+08  3.74280E+09  3.10353E+00
 0.150  3.33750E+00  1.36663E+09  1.72385E+09  2.06895E+09  1.28883E+09  5.05212E+08  1.05350E+10  6.21087E+00
 0.160  3.86250E+00  2.50069E+09  5.03869E+09  5.99816E+09  2.36548E+09  1.99535E+09  1.56220E+10  2.19303E+01
 0.170  4.31250E+00  2.32942E+09  6.97687E+09  8.42373E+09  2.19708E+09  1.82937E+09  1.74099E+10  1.95019E+01
 0.180  4.76250E+00  2.81970E+09  8.88065E+09  1.08460E+10  2.61476E+09  1.72804E+09  2.21449E+10  1.88511E+01
 0.190  5.32500E+00  2.81798E+09  1.09321E+10  1.34879E+10  2.59882E+09  1.80502E+09  2.82014E+10  1.82346E+01
 0.200  6.75000E+00  3.63003E+09  1.19844E+10  1.49858E+10  3.24994E+09  1.19752E+09  3.39614E+10  1.27473E+01
 0.210  7.50000E+00  6.29899E+09  1.56730E+10  1.94284E+10  5.75421E+09  3.30653E+09  5.31162E+10  4.88298E+01
 0.220  8.06250E+00  6.41879E+09  2.63429E+10  3.28166E+10  5.72979E+09  3.90638E+09  6.12670E+10  3.86229E+01
 0.230  8.58750E+00  6.36295E+09  2.88084E+10  3.63284E+10  5.60348E+09  2.61197E+09  6.29650E+10  2.68463E+01
 0.240  9.11250E+00  6.31582E+09  3.29909E+10  4.17900E+10  5.52881E+09  3.61160E+09  7.05753E+10  4.22088E+01
 0.250  9.60000E+00  5.56721E+09  3.63118E+10  4.63723E+10  4.81165E+09  2.72760E+09  7.66229E+10  2.86573E+01
 0.260  1.00875E+01  5.53812E+09  3.89625E+10  5.01972E+10  4.65723E+09  2.17895E+09  8.79883E+10  2.42310E+01
 0.270  1.05750E+01  5.21446E+09  4.18705E+10  5.42142E+10  4.41718E+09  2.56307E+09  9.08296E+10  2.88860E+01
 0.280  1.12125E+01  4.75145E+09  4.40863E+10  5.74833E+10  3.82705E+09  1.82655E+09  9.59164E+10  1.87760E+01
 0.290  1.17375E+01  5.54531E+09  4.66732E+10  6.12120E+10  4.44024E+09  1.84091E+09  1.09342E+11  1.94920E+01
