  20
 0.100   1.000  2.49982E+08  2.85648E+08  2.48773E+08  8.12987E+01  0.00000E+00  0.00000E+00  0.00000E+00  2.49982E+08  2.85648E+08  2.48773E+08
 0.110   1.000  3.60723E+08  4.23621E+08  3.57991E+08  1.29959E+02  1.08461E+07  1.31077E+07  1.06968E+07  3.49877E+08  4.10513E+08  3.47294E+08
 0.120   1.000  4.89770E+08  5.81691E+08  4.84993E+08  1.72857E+02  1.73669E+07  2.11899E+07  1.70969E+07  4.72403E+08  5.60501E+08  4.67897E+08
 0.130   1.000  7.82402E+08  9.26678E+08  7.74874E+08  1.83338E+02  2.64424E+07  3.25752E+07  2.59808E+07  7.55960E+08  8.94103E+08  7.48893E+08
 0.140   1.561  1.09298E+09  1.31245E+09  1.08112E+09  2.21729E+02  5.84059E+07  7.22237E+07  5.73415E+07  1.03458E+09  1.24023E+09  1.02378E+09
 0.150   1.978  1.42589E+09  1.72820E+09  1.40822E+09  2.68168E+02  1.03103E+08  1.28790E+08  1.00959E+08  1.32279E+09  1.59941E+09  1.30726E+09
 0.160   1.254  3.78744E+09  4.49903E+09  3.75413E+09  2.14020E+02  9.98418E+08  1.22905E+09  9.85722E+08  2.78903E+09  3.26999E+09  2.76841E+09
 0.170   1.363  5.65904E+09  6.81371E+09  5.60850E+09  2.39584E+02  1.20434E+09  1.50609E+09  1.18597E+09  4.45469E+09  5.30762E+09  4.42253E+09
 0.180   2.723  8.25809E+09  1.00834E+10  8.17360E+09  2.92970E+02  2.01751E+09  2.54641E+09  1.98364E+09  6.24058E+09  7.53697E+09  6.18996E+09
 0.190   2.783  9.83001E+09  1.21392E+10  9.71572E+09  3.50265E+02  2.11731E+09  2.70268E+09  2.07487E+09  7.71271E+09  9.43649E+09  7.64085E+09
 0.200   3.730  1.11652E+10  1.39851E+10  1.10125E+10  4.29295E+02  2.49001E+09  3.19887E+09  2.43489E+09  8.67520E+09  1.07863E+10  8.57762E+09
 0.210   2.067  1.25494E+10  1.55892E+10  1.23768E+10  4.49054E+02  1.95824E+09  2.54223E+09  1.90631E+09  1.05912E+10  1.30469E+10  1.04705E+10
 0.220   2.279  1.90714E+10  2.37422E+10  1.88255E+10  4.49469E+02  5.05379E+09  6.46431E+09  4.95819E+09  1.40176E+10  1.72779E+10  1.38673E+10
 0.230   2.839  2.39821E+10  3.02267E+10  2.36548E+10  5.06384E+02  7.08139E+09  9.11470E+09  6.95065E+09  1.69007E+10  2.11120E+10  1.67041E+10
 0.240   3.060  2.80603E+10  3.55236E+10  2.76535E+10  5.61324E+02  7.59037E+09  9.87082E+09  7.43082E+09  2.04700E+10  2.56527E+10  2.02226E+10
 0.250   3.192  3.12564E+10  3.98993E+10  3.07683E+10  6.29789E+02  7.96910E+09  1.04388E+10  7.78315E+09  2.32873E+10  2.94605E+10  2.29852E+10
 0.260   3.596  3.41178E+10  4.39567E+10  3.35338E+10  7.16745E+02  8.75884E+09  1.15380E+10  8.53764E+09  2.53590E+10  3.24187E+10  2.49962E+10
 0.270   2.304  3.22123E+10  4.17529E+10  3.16078E+10  8.09306E+02  6.78654E+09  9.02862E+09  6.58546E+09  2.54258E+10  3.27242E+10  2.50223E+10
 0.280   3.691  3.90539E+10  5.08928E+10  3.82862E+10  8.78051E+02  9.48471E+09  1.26024E+10  9.20975E+09  2.95692E+10  3.82904E+10  2.90764E+10
 0.290   4.552  4.25778E+10  5.58401E+10  4.16760E+10  9.73879E+02  1.09739E+10  1.46436E+10  1.06417E+10  3.16038E+10  4.11965E+10  3.10343E+10
