  20
 0.100   1.000  2.00143E+00  2.04859E+00  1.89430E+00
 0.110   1.000  1.37756E+00  1.28795E+00  1.59283E+00
 0.120   1.000  1.81570E+00  1.91119E+00  1.58401E+00
 0.130   1.000  3.80499E+00  3.96820E+00  3.39789E+00
 0.140   1.561  2.97394E+00  2.92820E+00  3.36557E+00
 0.150   1.978  3.46795E+00  3.72872E+00  3.34104E+00
 0.160   1.254  1.90242E+01  1.96742E+01  1.77715E+01
 0.170   1.363  1.74440E+01  1.62376E+01  1.88260E+01
 0.180   2.723  1.70335E+01  1.67311E+01  1.79837E+01
 0.190   2.783  1.55913E+01  1.47813E+01  1.71464E+01
 0.200   3.730  9.58171E+00  9.33826E+00  1.04541E+01
 0.210   2.067  4.01217E+01  4.40066E+01  2.87090E+01
 0.220   2.279  3.18837E+01  3.09834E+01  3.58461E+01
 0.230   2.839  2.24098E+01  2.18642E+01  2.41056E+01
 0.240   3.060  3.73192E+01  3.80845E+01  3.48602E+01
 0.250   3.192  2.41530E+01  2.32513E+01  2.68550E+01
 0.260   3.596  1.97896E+01  1.93787E+01  2.05142E+01
 0.270   2.304  2.30685E+01  2.34285E+01  2.22995E+01
 0.280   3.691  1.71527E+01  1.64984E+01  1.88395E+01
 0.290   4.552  1.70617E+01  1.62375E+01  1.79072E+01
