  24
 0.100   0.938   0.678  4.36275E-02  2.95455E-02  4.09162E-02
 0.110   1.099   0.689  2.45204E-02  1.68365E-02  4.69575E-02
 0.120   1.587   1.380  2.19280E-02  2.30402E-02  1.53301E-02
 0.130   1.426   0.819  7.45475E-01  9.08868E-01  4.54566E-01
 0.140   1.869   0.708  3.02541E+00  3.43751E+00  2.12901E+00
 0.150   2.478   0.804  5.32932E+00  5.60016E+00  4.53828E+00
 0.160   2.080   0.515  9.46880E+00  9.59931E+00  8.58168E+00
 0.170   2.729   0.500  7.13908E+00  6.69964E+00  8.08371E+00
 0.180   3.723   0.678  3.69976E+00  3.54286E+00  4.18619E+00
 0.190   4.573   1.340  7.57541E+00  8.70631E+00  5.75809E+00
 0.200   4.438   0.949  1.45809E+01  1.45802E+01  1.40763E+01
 0.210   5.035   1.474  1.14581E+01  1.12095E+01  1.21516E+01
 0.220   4.716   1.333  9.87088E+00  1.02989E+01  9.48758E+00
 0.230   5.068   1.173  1.23849E+01  1.25428E+01  1.23069E+01
 0.240   5.806   1.843  1.06288E+01  1.05073E+01  1.08906E+01
 0.250   4.684   0.854  1.57214E+01  1.64197E+01  1.32736E+01
 0.260   6.047   1.093  1.33803E+01  1.38834E+01  1.25498E+01
 0.270   6.195   1.158  8.68806E+00  8.71946E+00  9.47681E+00
 0.280   7.024   1.244  9.65312E+00  9.63627E+00  9.81574E+00
 0.290   6.528   1.551  8.87755E+00  8.77582E+00  9.23813E+00
 0.300   6.839   1.148  6.64822E+00  6.54984E+00  6.56732E+00
 0.310   6.540   1.512  9.12893E+00  9.20997E+00  8.19782E+00
 0.320   6.484   1.673  1.11673E+01  1.07929E+01  1.16821E+01
 0.330   4.977   1.062  1.17419E+01  1.14092E+01  1.19460E+01
