  24
 0.100   6.250   0.938  6.66405E+09  7.61886E+08  6.19477E+07  7.10438E+07  5.84021E+09  4.23715E+05  2.69366E+07  3.07829E+07  2.08677E+08  1.38453E+09  7.94244E+07  9.13264E+07  8.99016E+09  7.78869E+06  3.60305E+07  4.12811E+07  4.50526E+08
 0.110   8.000   1.099  1.04978E+10  1.35628E+09  1.18253E+08  1.37532E+08  9.02325E+09  1.62169E+07  3.71056E+07  4.41323E+07  3.51010E+08  1.75464E+09  1.31985E+08  1.53856E+08  1.16294E+10  4.10286E+07  4.81742E+07  5.71126E+07  5.85460E+08
 0.120  12.250   1.587  2.97050E+10  3.53679E+09  3.32382E+08  3.91606E+08  2.58358E+10  5.92983E+07  6.17542E+07  7.44745E+07  9.61660E+08  2.87307E+09  3.16526E+08  3.72729E+08  2.12265E+10  1.00930E+08  7.39844E+07  8.87762E+07  1.42707E+09
 0.130  16.500   1.426  5.53901E+10  5.85353E+09  1.10519E+09  1.28116E+09  4.84314E+10  4.34620E+08  3.33204E+08  3.76176E+08  2.11362E+09  3.72501E+09  9.94450E+08  1.14872E+09  3.27445E+10  3.89454E+08  3.07343E+08  3.46298E+08  1.68596E+09
 0.140  19.500   1.869  7.33114E+10  6.87080E+09  2.15005E+09  2.51814E+09  6.42906E+10  8.64667E+08  1.16677E+09  1.34582E+09  4.24163E+09  4.36931E+09  2.07070E+09  2.42171E+09  4.15969E+10  8.30439E+08  1.15144E+09  1.32770E+09  3.98615E+09
 0.150  22.750   2.478  9.52487E+10  8.01016E+09  3.69126E+09  4.35638E+09  8.35473E+10  1.27158E+09  2.51626E+09  2.95362E+09  7.31367E+09  3.86467E+09  3.43082E+09  4.03828E+09  3.70803E+10  1.41280E+09  2.59807E+09  3.04977E+09  8.30568E+09
 0.160  25.750   2.080  1.14538E+11  8.39129E+09  5.16596E+09  6.18624E+09  1.00981E+11  1.43188E+09  3.97928E+09  4.74335E+09  9.95257E+09  3.66398E+09  4.98940E+09  5.96668E+09  4.55616E+10  1.18769E+09  3.71961E+09  4.43310E+09  7.46216E+09
 0.170  28.750   2.729  1.34403E+11  8.75267E+09  6.31324E+09  7.69579E+09  1.19337E+11  7.23222E+08  4.93473E+09  6.00397E+09  1.08830E+10  3.30017E+09  5.97028E+09  7.26729E+09  4.22550E+10  6.90350E+08  4.86773E+09  5.92219E+09  1.02019E+10
 0.180  33.250   3.723  1.73531E+11  1.19067E+10  6.95831E+09  8.63892E+09  1.54666E+11  5.85203E+08  5.51846E+09  6.84740E+09  1.39679E+10  3.46977E+09  6.41479E+09  7.96020E+09  4.42436E+10  6.58863E+08  5.66077E+09  7.02526E+09  1.59389E+10
 0.190  37.250   4.573  2.09096E+11  1.49595E+10  8.61835E+09  1.06770E+10  1.85519E+11  2.35481E+09  6.54358E+09  8.12193E+09  1.80368E+10  6.81109E+09  7.82164E+09  9.68097E+09  5.59230E+10  3.21094E+09  6.88401E+09  8.53768E+09  2.32079E+10
 0.200  41.250   4.438  2.45078E+11  1.59339E+10  1.08975E+10  1.35230E+10  2.18246E+11  2.69526E+09  8.39111E+09  1.04386E+10  2.23141E+10  6.26322E+09  9.92973E+09  1.23036E+10  5.81964E+10  3.04136E+09  8.59108E+09  1.06790E+10  2.43564E+10
 0.210  44.750   5.035  2.69620E+11  1.58946E+10  1.24676E+10  1.56206E+10  2.41258E+11  2.49121E+09  9.72817E+09  1.22110E+10  2.39405E+10  5.97450E+09  1.14817E+10  1.43629E+10  5.81940E+10  3.10828E+09  1.00967E+10  1.26578E+10  2.73941E+10
 0.220  47.750   4.716  2.82687E+11  1.60455E+10  1.36433E+10  1.72550E+10  2.52998E+11  3.10326E+09  1.09712E+10  1.38767E+10  2.63470E+10  6.15384E+09  1.26130E+10  1.59301E+10  5.83257E+10  3.04430E+09  1.09295E+10  1.38252E+10  2.59812E+10
 0.230  50.250   5.068  2.90179E+11  1.60870E+10  1.52098E+10  1.93320E+10  2.58883E+11  3.47597E+09  1.25778E+10  1.59790E+10  2.84717E+10  6.20830E+09  1.42531E+10  1.80890E+10  5.94554E+10  3.51542E+09  1.26121E+10  1.60217E+10  2.87484E+10
 0.240  52.500   5.806  2.92737E+11  1.63325E+10  1.65477E+10  2.11726E+10  2.59857E+11  2.83870E+09  1.37693E+10  1.76271E+10  3.09813E+10  6.00681E+09  1.55328E+10  1.98475E+10  5.96022E+10  3.48291E+09  1.42345E+10  1.82053E+10  3.44708E+10
 0.250  55.500   4.684  3.04801E+11  1.60102E+10  1.82258E+10  2.33762E+10  2.70565E+11  3.71091E+09  1.56494E+10  2.00517E+10  3.25628E+10  5.80472E+09  1.72282E+10  2.20648E+10  5.96007E+10  3.09271E+09  1.47043E+10  1.88632E+10  2.70396E+10
 0.260  59.500   6.047  3.34419E+11  1.72893E+10  1.97655E+10  2.55018E+10  2.97364E+11  3.84443E+09  1.73656E+10  2.23817E+10  3.60399E+10  6.12405E+09  1.86433E+10  2.40275E+10  6.21994E+10  3.95432E+09  1.74427E+10  2.24798E+10  3.66523E+10
 0.270  63.250   6.195  3.60019E+11  1.79188E+10  2.11409E+10  2.74392E+10  3.20960E+11  3.32148E+09  1.86726E+10  2.42333E+10  3.95666E+10  5.35348E+09  1.98698E+10  2.57752E+10  6.37069E+10  3.23872E+09  1.85671E+10  2.40984E+10  3.87043E+10
 0.280  67.000   7.024  3.81697E+11  1.89319E+10  2.23071E+10  2.91149E+10  3.40458E+11  3.30594E+09  1.98627E+10  2.59311E+10  4.18499E+10  5.25589E+09  2.09305E+10  2.73173E+10  6.28251E+10  3.57961E+09  2.00403E+10  2.61603E+10  4.39529E+10
 0.290  70.000   6.528  3.96046E+11  1.98867E+10  2.33270E+10  3.06029E+10  3.52833E+11  3.38273E+09  2.09990E+10  2.75479E+10  4.39188E+10  4.69602E+09  2.19613E+10  2.88015E+10  6.35689E+10  3.05588E+09  2.06460E+10  2.70919E+10  4.08077E+10
 0.300  73.250   6.839  4.11978E+11  2.12218E+10  2.40982E+10  3.18087E+10  3.66658E+11  3.48248E+09  2.17936E+10  2.87541E+10  4.45409E+10  4.56973E+09  2.26137E+10  2.98341E+10  6.07084E+10  3.18725E+09  2.14840E+10  2.83497E+10  4.15895E+10
 0.310  76.250   6.540  4.22728E+11  2.19907E+10  2.50042E+10  3.31176E+10  3.75733E+11  4.71977E+09  2.28661E+10  3.02676E+10  4.68366E+10  6.06504E+09  2.35392E+10  3.11573E+10  6.13857E+10  3.98646E+09  2.20592E+10  2.92105E+10  4.01479E+10
 0.320  81.250   6.484  4.64272E+11  2.34688E+10  2.65231E+10  3.51625E+10  4.14280E+11  5.17655E+09  2.45860E+10  3.25707E+10  5.15175E+10  6.29147E+09  2.50516E+10  3.31879E+10  6.33471E+10  4.02501E+09  2.35007E+10  3.11441E+10  4.09720E+10
 0.330  90.500   4.977  5.92452E+11  2.90206E+10  3.29406E+10  4.36031E+10  5.30490E+11  4.44733E+09  2.65985E+10  3.52312E+10  5.80795E+10  4.69699E+09  2.67900E+10  3.54873E+10  6.41740E+10  2.81448E+09  2.28472E+10  3.02945E+10  3.14729E+10
