  24
 0.100 -2.50234E-02  1.55210E-01  6.68520E-02 -7.65822E+00 -1.05050E+01  2.76242E+00 -5.53219E-01 -5.25077E-01  6.46717E-01  5.11576E+00   0.938   0.678  8.38310E+06  1.10974E+07  3.87347E+06  0.00000E+00  2.42764E+07  4.36275E-02  6.30362E+01   7.663   7.599
 0.110 -1.42403E-01 -3.23801E-01 -2.76298E-01  5.07221E+00 -1.04379E+01  1.14314E+01 -9.67250E-01  2.44341E-01 -6.87420E-02  2.43457E+01   1.099   0.689  4.25706E+07  4.42566E+07  7.18785E+06  1.31991E+06  4.53104E+07  2.45204E-02  1.02562E+02   7.703   7.541
 0.120  3.51901E-01 -9.73444E-03  3.26885E-01 -5.74517E+01 -1.87510E+01 -2.46428E+00 -2.99648E-01 -9.06507E-01 -2.97417E-01  3.11846E+01   1.587   1.380  1.19777E+08  1.12715E+08  3.88985E+06  1.01791E+06  7.85657E+07  2.19280E-02  1.56477E+02   7.664   7.539
 0.130 -4.71203E-02  9.01185E-03 -2.37237E-02  1.06310E+01  5.81420E+00  1.31876E+00 -6.78419E-03 -5.50908E-01 -8.34538E-01  7.43697E+00   1.426   0.819  3.57521E+08  3.85149E+08  5.23890E+07  2.44327E+06  1.48818E+08  7.45475E-01  7.68684E+01   8.191   8.017
 0.140  6.37854E-02 -4.82833E-02  1.44285E-02  4.30916E+00 -3.62589E+00  4.11166E+00  4.35380E-01  2.68229E-01 -8.59359E-01  2.54087E+01   1.869   0.708  6.95395E+08  8.65769E+08  2.34716E+08  2.62854E+07  4.42628E+08  3.02541E+00  6.78657E+01   8.522   8.397
 0.150  1.75259E-01 -5.99083E-02  1.65735E-02  6.13418E+00 -3.94598E+00  4.51517E+00  4.38585E-01  6.84674E-01 -5.82121E-01  7.29702E+01   2.478   0.804  1.22373E+09  1.59182E+09  5.93617E+08  4.69705E+07  6.42326E+08  5.32932E+00  8.98396E+01   8.477   8.442
 0.160  1.21587E-01 -6.84068E-02  7.37140E-02  8.89851E+00 -1.02710E+01 -6.71919E+00  5.25208E-01  5.09558E-01 -6.81548E-01  7.72772E+01   2.080   0.515  1.03161E+09  1.77520E+09  1.37994E+09  5.04540E+07  5.09222E+08  9.46880E+00  1.11581E+02   8.583   8.608
 0.170  4.73558E-02  4.42045E-03  6.21517E-02  3.96812E+00 -4.15054E+00 -1.54295E+00  5.89295E-01  6.60074E-01 -4.65870E-01  8.45585E+01   2.729   0.500  6.07944E+08  1.30669E+09  1.97959E+09  7.81763E+07  5.40399E+08  7.13908E+00  1.62177E+02   8.741   8.657
 0.180  3.28443E-02  5.39304E-04 -3.99254E-02  3.33860E+00  8.64409E+00  8.54097E+00  7.14677E-01  6.60429E-01 -2.30370E-01  1.40421E+02   3.723   0.678  5.21519E+08  8.65731E+08  2.29706E+09  1.37988E+08  8.51419E+08  3.69976E+00  2.37095E+02   8.696   8.689
 0.190 -1.77910E-01  1.68442E-01  1.37146E-01 -1.26708E+01 -2.17048E+01 -2.02440E+01  4.79530E-01  8.22021E-01 -3.07137E-01  3.09833E+02   4.573   1.340  2.77375E+09  3.15850E+09  2.71730E+09  2.22033E+08  1.96605E+09  7.57541E+00  2.96148E+02   8.215   8.648
 0.200 -5.04357E-02 -3.21905E-01 -5.75011E-01 -2.85770E+01  5.87499E+00  5.00002E+00  5.28650E-01  7.31093E-01 -4.31315E-01  4.00578E+02   4.438   0.949  2.55634E+09  3.72285E+09  3.50927E+09  1.88832E+08  1.58661E+09  1.45809E+01  2.70354E+02   8.423   8.585
 0.210  4.69938E-05 -2.30230E-01 -2.49495E-02 -1.06055E+01  6.49102E+00  2.24649E+00  7.84137E-01  5.57205E-01 -2.73225E-01  5.06161E+02   5.035   1.474  2.62409E+09  3.59943E+09  4.40532E+09  3.32678E+08  2.04163E+09  1.14581E+01  2.86048E+02   8.441   8.543
 0.220  3.85761E-01 -4.91706E-01  7.20123E-02  1.93185E+00 -1.69220E+01 -3.57304E+01  8.18329E-01  5.69823E-01 -7.50992E-02  5.06455E+02   4.716   1.333  2.74464E+09  3.47160E+09  5.39229E+09  3.89080E+08  1.96289E+09  9.87088E+00  3.56898E+02   8.446   8.552
 0.230  3.57395E-01 -5.22450E-01 -9.72511E-02  6.78378E-01 -1.14843E+01 -2.07454E+01  8.57847E-01  4.77311E-01 -1.90453E-01  5.97196E+02   5.068   1.173  3.02345E+09  3.95892E+09  6.30642E+09  4.23668E+08  1.93197E+09  1.23849E+01  4.07632E+02   8.489   8.559
 0.240  9.79457E-02 -1.22276E-01 -2.55589E-02 -3.08573E+00 -1.05156E+01  5.34573E+00  8.96020E-01  3.97029E-01 -1.98785E-01  6.65232E+02   5.806   1.843  3.09743E+09  3.89422E+09  7.58384E+09  7.35989E+08  2.72045E+09  1.06288E+01  4.41998E+02   8.518   8.530
 0.250  2.18362E-02  8.77338E-02 -2.36956E-01 -9.72698E+00  9.93365E+00  7.74910E+00  8.97086E-01  4.40783E-01  3.07875E-02  5.59199E+02   4.684   0.854  2.63212E+09  3.72164E+09  7.89521E+09  4.82294E+08  1.72038E+09  1.57214E+01  5.15281E+02   8.571   8.574
 0.260  6.63694E-02 -1.26085E-01  3.68030E-01  1.37940E+01 -2.67583E+01  1.77812E+00  8.97480E-01  4.41019E-01  5.64101E-03  6.99033E+02   6.047   1.093  3.32131E+09  4.30378E+09  1.02230E+10  1.02824E+09  2.45723E+09  1.33803E+01  5.58700E+02   8.543   8.557
 0.270  4.94792E-02 -2.37150E-01 -2.33828E-02 -6.54979E+00  1.29193E+01  1.20840E+01  8.99727E-01  4.36071E-01  1.82526E-02  7.82313E+02   6.195   1.158  2.71649E+09  3.41597E+09  1.12867E+10  1.08505E+09  2.65086E+09  8.68806E+00  6.28672E+02   8.577   8.562
 0.280  7.42562E-02 -3.88871E-02  2.63008E-01 -8.88226E+00  7.65522E+00 -7.13911E+00  9.48410E-01  3.16990E-01  5.94006E-03  8.16188E+02   7.024   1.244  3.02596E+09  3.73085E+09  1.21171E+10  1.17912E+09  2.91998E+09  9.65312E+00  7.00048E+02   8.567   8.566
 0.290  4.39283E-02  1.38157E-01 -1.70192E-01  1.18297E+01 -7.19576E-01  1.32721E+01  9.51157E-01  3.04734E-01  4.93667E-02  8.30853E+02   6.528   1.551  2.66034E+09  3.32629E+09  1.32550E+10  1.34712E+09  3.07603E+09  8.87755E+00  7.76109E+02   8.598   8.564
 0.300  1.17216E-01 -1.46189E-01  1.25676E-01  4.88364E+00 -1.53870E+01 -9.46192E+00  9.84487E-01  1.73285E-01 -2.75417E-02  8.37758E+02   6.839   1.148  2.69067E+09  3.16692E+09  1.24149E+10  1.09085E+09  2.65760E+09  6.64822E+00  8.78808E+02   8.586   8.581
 0.310  9.85826E-02 -2.99480E-01  3.27044E-02  1.03298E+01 -7.21167E+00 -2.27902E+01  9.98319E-01  5.71275E-02  9.75985E-03  8.44478E+02   6.540   1.512  3.41949E+09  3.97621E+09  1.32347E+10  1.24936E+09  2.98957E+09  9.12893E+00  9.47558E+02   8.548   8.575
 0.320  7.68869E-02 -1.23960E-01 -7.28916E-02  4.73201E+00 -6.47288E+00 -1.85365E+01  9.98719E-01 -1.16472E-04  5.06060E-02  7.09906E+02   6.484   1.673  3.46004E+09  4.29477E+09  1.44533E+10  1.36390E+09  3.22244E+09  1.11673E+01  9.95938E+02   8.562   8.575
 0.330  1.13096E-01 -3.33440E-01 -4.15748E-02  6.95607E-01  1.23939E+00  1.21898E+01  9.94726E-01  1.02499E-01 -3.78975E-03  6.18370E+02   4.977   1.062  2.43840E+09  3.41918E+09  1.40199E+10  9.52212E+08  2.22819E+09  1.17419E+01  1.06696E+03   8.652   8.600
