  24
 0.100  9.80026E+06  3.74644E+07  4.29467E+07  8.80366E+06  3.03228E+07  5.11300E+08  3.42811E-01
 0.110  3.30231E+07  4.49915E+07  5.33968E+07  3.08790E+07  8.13469E+06  5.04816E+08  8.21943E-02
 0.120  3.84593E+07  5.28649E+07  6.38670E+07  3.66869E+07  7.48526E+06  6.89715E+08  6.45934E-02
 0.130  3.05825E+08  2.57978E+08  2.89012E+08  2.97556E+08  1.96097E+08  9.48109E+08  3.43339E+00
 0.140  5.47419E+08  9.24915E+08  1.06089E+09  5.39363E+08  6.48031E+08  1.48801E+09  8.04641E+00
 0.150  6.08030E+08  1.86546E+09  2.18164E+09  5.97103E+08  8.61229E+08  2.11113E+09  1.03281E+01
 0.160  6.53560E+08  2.87080E+09  3.41744E+09  6.45761E+08  9.28675E+08  2.62368E+09  1.03234E+01
 0.170  4.51397E+08  3.57324E+09  4.33600E+09  4.45253E+08  7.20844E+08  2.62908E+09  7.17550E+00
 0.180  2.16751E+08  3.92267E+09  4.85302E+09  2.12235E+08  3.71630E+08  2.82279E+09  3.60816E+00
 0.190  5.20448E+08  4.19303E+09  5.23830E+09  5.11249E+08  3.72665E+08  2.86021E+09  5.43397E+00
 0.200  3.36642E+08  4.91237E+09  6.16615E+09  3.30579E+08  5.76926E+08  3.09931E+09  5.23374E+00
 0.210  1.58186E+08  5.00467E+09  6.37022E+09  1.54481E+08  2.09400E+08  3.05167E+09  1.93971E+00
 0.220  2.23934E+08  5.01407E+09  6.45079E+09  2.19222E+08  1.42028E+08  3.06631E+09  1.69413E+00
 0.230  1.63846E+08  5.18351E+09  6.71365E+09  1.59904E+08  1.85929E+08  3.08701E+09  1.99071E+00
 0.240  9.02921E+07  5.25861E+09  6.86709E+09  8.76295E+07  1.01459E+08  3.14770E+09  1.00245E+00
 0.250  1.46321E+08  5.39805E+09  7.08734E+09  1.42685E+08  1.19526E+08  3.14337E+09  1.52464E+00
 0.260  1.39321E+08  5.38634E+09  7.10985E+09  1.35397E+08  1.19099E+08  3.21529E+09  1.36439E+00
 0.270  8.91585E+07  5.56210E+09  7.37751E+09  8.70202E+07  8.02330E+07  3.26717E+09  8.08283E-01
 0.280  1.23067E+08  5.74973E+09  7.65271E+09  1.20212E+08  1.04517E+08  3.28271E+09  1.31020E+00
 0.290  9.11542E+07  5.47819E+09  7.32489E+09  8.84124E+07  5.31195E+07  3.10796E+09  5.85378E-01
 0.300  1.11557E+08  5.57603E+09  7.47417E+09  1.09127E+08  7.49327E+07  3.18561E+09  8.34761E-01
 0.310  8.62253E+07  5.64860E+09  7.59336E+09  8.41879E+07  5.24841E+07  3.21213E+09  5.49922E-01
 0.320  1.04957E+08  5.73759E+09  7.72460E+09  1.02461E+08  7.60273E+07  3.25702E+09  8.12402E-01
 0.330  8.34984E+07  5.47548E+09  7.38605E+09  8.10018E+07  4.44410E+07  3.07645E+09  4.74453E-01
