  24
 0.100 -2.50234E-02  1.55210E-01  6.68520E-02 -7.65822E+00 -1.05050E+01  2.76242E+00   0.938  7.78869E+06  3.63187E+07  3.60305E+07  0.00000E+00  4.50526E+08  3.36215E-01  7.66437E+01   7.710   7.566
 0.110 -1.42403E-01 -3.23801E-01 -2.76298E-01  5.07221E+00 -1.04379E+01  1.14314E+01   1.099  4.10286E+07  4.80203E+07  4.81742E+07  7.79521E+06  5.85460E+08  9.66405E-02  1.47884E+02   7.702   7.556
 0.120  3.51901E-01 -9.73444E-03  3.26885E-01 -5.74517E+01 -1.87510E+01 -2.46428E+00   1.587  1.00930E+08  1.08662E+08  7.39844E+07  2.10942E+07  1.42707E+09  1.64346E-01  1.98500E+02   7.668   7.553
 0.130 -4.71203E-02  9.01185E-03 -2.37237E-02  1.06310E+01  5.81420E+00  1.31876E+00   1.426  3.89454E+08  5.96933E+08  3.07343E+08  3.85718E+07  1.68596E+09  3.81242E+00  9.89246E+01   8.177   7.916
 0.140  6.37854E-02 -4.82833E-02  1.44285E-02  4.30916E+00 -3.62589E+00  4.11166E+00   1.869  8.30439E+08  1.55848E+09  1.15144E+09  1.80879E+08  3.98615E+09  8.97411E+00  1.04723E+02   8.464   8.268
 0.150  1.75259E-01 -5.99083E-02  1.65735E-02  6.13418E+00 -3.94598E+00  4.51517E+00   2.478  1.41280E+09  2.49355E+09  2.59807E+09  5.09933E+08  8.30568E+09  1.38046E+01  1.46269E+02   8.444   8.379
 0.160  1.21587E-01 -6.84068E-02  7.37140E-02  8.89851E+00 -1.02710E+01 -6.71919E+00   2.080  1.18769E+09  2.32628E+09  3.71961E+09  5.76368E+08  7.46216E+09  1.33436E+01  1.84271E+02   8.544   8.474
 0.170  4.73558E-02  4.42045E-03  6.21517E-02  3.96812E+00 -4.15054E+00 -1.54295E+00   2.729  6.90350E+08  1.57384E+09  4.86773E+09  8.41107E+08  1.02019E+10  8.66350E+00  2.49956E+02   8.706   8.515
 0.180  3.28443E-02  5.39304E-04 -3.99254E-02  3.33860E+00  8.64409E+00  8.54097E+00   3.723  6.58863E+08  1.05071E+09  5.66077E+09  1.21420E+09  1.59389E+10  4.29011E+00  3.39739E+02   8.629   8.534
 0.190 -1.77910E-01  1.68442E-01  1.37146E-01 -1.26708E+01 -2.17048E+01 -2.02440E+01   4.573  3.21094E+09  4.04235E+09  6.88401E+09  1.43111E+09  2.32079E+10  1.64239E+01  3.91821E+02   8.199   8.510
 0.200 -5.04357E-02 -3.21905E-01 -5.75011E-01 -2.85770E+01  5.87499E+00  5.00002E+00   4.438  3.04136E+09  4.40688E+09  8.59108E+09  1.58502E+09  2.43564E+10  1.66479E+01  4.20035E+02   8.391   8.503
 0.210  4.69938E-05 -2.30230E-01 -2.49495E-02 -1.06055E+01  6.49102E+00  2.24649E+00   5.035  3.10828E+09  4.10992E+09  1.00967E+10  1.80780E+09  2.73941E+10  1.22667E+01  4.72285E+02   8.414   8.503
 0.220  3.85761E-01 -4.91706E-01  7.20123E-02  1.93185E+00 -1.69220E+01 -3.57304E+01   4.716  3.04430E+09  3.79872E+09  1.09295E+10  1.85497E+09  2.59812E+10  1.08598E+01  5.44172E+02   8.432   8.513
 0.230  3.57395E-01 -5.22450E-01 -9.72511E-02  6.78378E-01 -1.14843E+01 -2.07454E+01   5.068  3.51542E+09  4.47522E+09  1.26121E+10  2.10847E+09  2.87484E+10  1.33643E+01  5.96453E+02   8.465   8.509
 0.240  9.79457E-02 -1.22276E-01 -2.55589E-02 -3.08573E+00 -1.05156E+01  5.34573E+00   5.806  3.48291E+09  4.25567E+09  1.42345E+10  2.47705E+09  3.44708E+10  1.11456E+01  6.62040E+02   8.501   8.507
 0.250  2.18362E-02  8.77338E-02 -2.36956E-01 -9.72698E+00  9.93365E+00  7.74910E+00   4.684  3.09271E+09  4.28664E+09  1.47043E+10  2.13187E+09  2.70396E+10  1.77750E+01  7.29320E+02   8.554   8.529
 0.260  6.63694E-02 -1.26085E-01  3.68030E-01  1.37940E+01 -2.67583E+01  1.77812E+00   6.047  3.95432E+09  4.90028E+09  1.74427E+10  2.99180E+09  3.66523E+10  1.40533E+01  7.78229E+02   8.513   8.517
 0.270  4.94792E-02 -2.37150E-01 -2.33828E-02 -6.54979E+00  1.29193E+01  1.20840E+01   6.195  3.23872E+09  3.89017E+09  1.85671E+10  3.05684E+09  3.87043E+10  9.35833E+00  8.60654E+02   8.551   8.525
 0.280  7.42562E-02 -3.88871E-02  2.63008E-01 -8.88226E+00  7.65522E+00 -7.13911E+00   7.024  3.57961E+09  4.21945E+09  2.00403E+10  3.42098E+09  4.39529E+10  1.01295E+01  9.45122E+02   8.539   8.526
 0.290  4.39283E-02  1.38157E-01 -1.70192E-01  1.18297E+01 -7.19576E-01  1.32721E+01   6.528  3.05588E+09  3.65039E+09  2.06460E+10  3.26682E+09  4.08077E+10  9.09478E+00  1.03487E+03   8.573   8.535
 0.300  1.17216E-01 -1.46189E-01  1.25676E-01  4.88364E+00 -1.53870E+01 -9.46192E+00   6.839  3.18725E+09  3.65557E+09  2.14840E+10  3.37097E+09  4.15895E+10  7.41231E+00  1.13302E+03   8.567   8.539
 0.310  9.85826E-02 -2.99480E-01  3.27044E-02  1.03298E+01 -7.21167E+00 -2.27902E+01   6.540  3.98646E+09  4.48492E+09  2.20592E+10  3.27621E+09  4.01479E+10  9.65788E+00  1.22625E+03   8.519   8.546
 0.320  7.68869E-02 -1.23960E-01 -7.28916E-02  4.73201E+00 -6.47288E+00 -1.85365E+01   6.484  4.02501E+09  4.80869E+09  2.35007E+10  3.36552E+09  4.09720E+10  1.17434E+01  1.29208E+03   8.535   8.549
 0.330  1.13096E-01 -3.33440E-01 -4.15748E-02  6.95607E-01  1.23939E+00  1.21898E+01   4.977  2.81448E+09  3.86332E+09  2.28472E+10  2.60995E+09  3.14729E+10  1.29332E+01  1.37362E+03   8.629   8.572
