  24
 0.100  6.25000E+00  6.66405E+09  6.77116E+01
 0.110  8.00000E+00  1.04978E+10  7.51170E+01
 0.120  1.22500E+01  2.97050E+10  1.02113E+02
 0.130  1.65000E+01  5.53901E+10  1.20146E+02
 0.140  1.95000E+01  7.33114E+10  1.27146E+02
 0.150  2.27500E+01  9.52487E+10  1.34175E+02
 0.160  2.57500E+01  1.14538E+11  1.38300E+02
 0.170  2.87500E+01  1.34403E+11  1.41782E+02
 0.180  3.32500E+01  1.73531E+11  1.49805E+02
 0.190  3.72500E+01  2.09096E+11  1.55362E+02
 0.200  4.12500E+01  2.45078E+11  1.59836E+02
 0.210  4.47500E+01  2.69620E+11  1.60959E+02
 0.220  4.77500E+01  2.82687E+11  1.59551E+02
 0.230  5.02500E+01  2.90179E+11  1.57579E+02
 0.240  5.25000E+01  2.92737E+11  1.54844E+02
 0.250  5.55000E+01  3.04801E+11  1.53672E+02
 0.260  5.95000E+01  3.34419E+11  1.55461E+02
 0.270  6.32500E+01  3.60019E+11  1.56447E+02
 0.280  6.70000E+01  3.81697E+11  1.56515E+02
 0.290  7.00000E+01  3.96046E+11  1.55976E+02
 0.300  7.32500E+01  4.11978E+11  1.55513E+02
 0.310  7.62500E+01  4.22728E+11  1.54399E+02
 0.320  8.12500E+01  4.64272E+11  1.56750E+02
 0.330  9.05000E+01  5.92452E+11  1.67779E+02
