  24
 0.100   0.938  3.36215E-01  2.73617E-01  3.29660E-01
 0.110   1.099  9.66405E-02  9.90219E-02  1.09747E-01
 0.120   1.587  1.64346E-01  1.71049E-01  1.58241E-01
 0.130   1.426  3.81242E+00  4.50911E+00  2.46154E+00
 0.140   1.869  8.97411E+00  8.58654E+00  8.67051E+00
 0.150   2.478  1.38046E+01  1.41641E+01  1.27095E+01
 0.160   2.080  1.33436E+01  1.33926E+01  1.33387E+01
 0.170   2.729  8.66350E+00  7.97807E+00  1.04303E+01
 0.180   3.723  4.29011E+00  4.06268E+00  4.99004E+00
 0.190   4.573  1.64239E+01  1.90781E+01  1.15466E+01
 0.200   4.438  1.66479E+01  1.65600E+01  1.70180E+01
 0.210   5.035  1.22667E+01  1.19798E+01  1.31792E+01
 0.220   4.716  1.08598E+01  1.13895E+01  1.04129E+01
 0.230   5.068  1.33643E+01  1.34077E+01  1.35414E+01
 0.240   5.806  1.11456E+01  1.10191E+01  1.14305E+01
 0.250   4.684  1.77750E+01  1.83861E+01  1.52796E+01
 0.260   6.047  1.40533E+01  1.45279E+01  1.33438E+01
 0.270   6.195  9.35833E+00  9.45264E+00  1.01310E+01
 0.280   7.024  1.01295E+01  1.00485E+01  1.03413E+01
 0.290   6.528  9.09478E+00  8.99185E+00  9.49739E+00
 0.300   6.839  7.41231E+00  7.23768E+00  7.50080E+00
 0.310   6.540  9.65788E+00  9.69766E+00  8.80950E+00
 0.320   6.484  1.17434E+01  1.13791E+01  1.22693E+01
 0.330   4.977  1.29332E+01  1.24302E+01  1.35128E+01
