  32
 0.100   6.750   1.000  8.14973E+09  9.16545E+08  1.13311E+08  1.30644E+08  7.11988E+09  4.36787E+07  4.24083E+07  4.76642E+07  2.24640E+08  1.52775E+09  1.45112E+08  1.67496E+08  1.11965E+10  5.53860E+07  5.09116E+07  5.74706E+07  4.08957E+08
 0.110   8.750   1.134  1.37127E+10  1.61820E+09  2.20736E+08  2.58447E+08  1.18738E+10  9.90447E+07  7.08368E+07  8.25635E+07  4.54268E+08  1.83477E+09  2.22293E+08  2.60294E+08  1.33687E+10  1.27510E+08  8.53220E+07  9.93318E+07  6.97613E+08
 0.120  11.750   1.000  2.47627E+10  2.65275E+09  6.82677E+08  7.92209E+08  2.14273E+10  3.16165E+08  3.87967E+08  4.42081E+08  1.34601E+09  2.10486E+09  6.10781E+08  7.06048E+08  1.70008E+10  2.89833E+08  3.63288E+08  4.13168E+08  1.02800E+09
 0.130  14.750   1.532  3.87742E+10  4.21297E+09  1.12438E+09  1.32955E+09  3.34368E+10  6.74788E+08  7.18391E+08  8.40942E+08  2.98849E+09  3.02775E+09  1.11658E+09  1.31998E+09  2.58988E+10  7.03028E+08  7.29226E+08  8.53673E+08  3.17123E+09
 0.140  18.250   1.000  5.94661E+10  5.59099E+09  2.27447E+09  2.67633E+09  5.16006E+10  8.33608E+08  1.72412E+09  2.01124E+09  4.13555E+09  3.70217E+09  2.16881E+09  2.54627E+09  3.21689E+10  6.78857E+08  1.51834E+09  1.76628E+09  1.92091E+09
 0.150  21.250   1.707  7.88609E+10  6.93282E+09  3.59403E+09  4.27377E+09  6.83340E+10  1.08828E+09  2.75747E+09  3.26842E+09  6.91935E+09  4.11873E+09  3.25790E+09  3.86170E+09  3.37855E+10  9.73365E+08  2.67410E+09  3.16769E+09  5.34205E+09
 0.160  24.250   2.618  9.45619E+10  8.05013E+09  5.03877E+09  6.05989E+09  8.14730E+10  1.05521E+09  3.87413E+09  4.64904E+09  7.14199E+09  4.42101E+09  4.81925E+09  5.78499E+09  3.73164E+10  1.16559E+09  3.93905E+09  4.72536E+09  7.76337E+09
 0.170  27.000   2.314  1.10262E+11  9.11959E+09  6.36818E+09  7.74075E+09  9.47746E+10  1.91594E+09  5.15980E+09  6.25155E+09  9.14646E+09  4.89832E+09  6.03981E+09  7.32942E+09  3.70553E+10  1.74218E+09  4.97042E+09  6.02416E+09  7.75148E+09
 0.180  33.250   3.049  1.73975E+11  1.44882E+10  9.98081E+09  1.22128E+10  1.49506E+11  1.91618E+09  6.93180E+09  8.47470E+09  1.31236E+10  4.59084E+09  7.90018E+09  9.66888E+09  4.23960E+10  1.78274E+09  6.82375E+09  8.34360E+09  1.19211E+10
 0.190  38.000   4.280  2.17560E+11  1.74805E+10  1.18674E+10  1.46668E+10  1.88212E+11  2.75428E+09  8.39993E+09  1.03792E+10  1.69787E+10  7.35994E+09  1.05006E+10  1.29802E+10  6.05349E+10  3.18095E+09  8.63081E+09  1.06661E+10  1.98583E+10
 0.200  41.750   2.446  2.50309E+11  1.77067E+10  1.50811E+10  1.87094E+10  2.17521E+11  2.07631E+09  1.03178E+10  1.28080E+10  1.77109E+10  4.39999E+09  1.12095E+10  1.39212E+10  5.10225E+10  1.44207E+09  9.12484E+09  1.13357E+10  9.53796E+09
 0.210  45.750   3.633  2.83035E+11  1.76830E+10  1.72084E+10  2.15313E+10  2.48143E+11  2.78441E+09  1.24789E+10  1.55926E+10  2.34236E+10  5.58211E+09  1.53154E+10  1.91457E+10  6.22110E+10  2.37494E+09  1.18529E+10  1.48081E+10  1.76835E+10
 0.220  53.500   4.092  3.96871E+11  2.29129E+10  2.63202E+10  3.32580E+10  3.47638E+11  2.80118E+09  1.54881E+10  1.95408E+10  2.71256E+10  4.96663E+09  1.68038E+10  2.11928E+10  5.54477E+10  2.17807E+09  1.47105E+10  1.85644E+10  2.00594E+10
 0.230  57.500   3.986  4.34045E+11  2.37864E+10  2.90400E+10  3.69136E+10  3.81219E+11  4.40012E+09  1.82463E+10  2.31368E+10  4.19674E+10  8.50676E+09  2.67689E+10  3.39811E+10  9.39999E+10  3.24914E+09  1.65767E+10  2.10330E+10  2.49604E+10
 0.240  61.250   3.396  4.59488E+11  2.19215E+10  3.41262E+10  4.33637E+10  4.03440E+11  4.04991E+09  2.91445E+10  3.69404E+10  4.42995E+10  5.23188E+09  3.07823E+10  3.90311E+10  7.52919E+10  2.29175E+09  1.84297E+10  2.33481E+10  1.89673E+10
 0.250  64.500   4.885  4.77862E+11  2.04318E+10  3.62861E+10  4.65976E+10  4.21144E+11  2.46525E+09  3.15049E+10  4.03718E+10  5.00096E+10  4.26397E+09  3.33347E+10  4.27483E+10  7.95400E+10  2.06837E+09  2.96711E+10  3.80119E+10  3.64430E+10
 0.260  68.250   6.393  5.04961E+11  2.30787E+10  3.70218E+10  4.80955E+10  4.44860E+11  2.79170E+09  3.21852E+10  4.17543E+10  5.28739E+10  4.17176E+09  3.35891E+10  4.35905E+10  8.02624E+10  2.59812E+09  3.18906E+10  4.13724E+10  4.92831E+10
 0.270  72.250   7.991  5.39656E+11  2.84921E+10  3.88314E+10  5.08828E+10  4.72333E+11  3.16528E+09  3.26579E+10  4.27838E+10  5.65570E+10  5.71916E+09  3.38888E+10  4.43804E+10  8.07339E+10  4.14088E+09  3.31030E+10  4.33565E+10  6.31701E+10
 0.280  75.750   9.435  5.52856E+11  3.12000E+10  3.98868E+10  5.25434E+10  4.81769E+11  3.49604E+09  3.34721E+10  4.41475E+10  6.01739E+10  5.63840E+09  3.47270E+10  4.57568E+10  8.12672E+10  5.14698E+09  3.44787E+10  4.54388E+10  7.62341E+10
 0.290  78.750   9.312  5.61686E+11  3.28157E+10  4.13382E+10  5.46529E+10  4.87532E+11  3.71099E+09  3.43358E+10  4.55195E+10  6.34163E+10  6.69292E+09  3.59473E+10  4.75513E+10  8.26848E+10  5.99807E+09  3.55152E+10  4.70057E+10  7.63716E+10
 0.300  81.750   8.792  5.73591E+11  3.43239E+10  4.29528E+10  5.69492E+10  4.96314E+11  4.58392E+09  3.55357E+10  4.72734E+10  6.72818E+10  6.88190E+09  3.71036E+10  4.92616E+10  8.41250E+10  5.44334E+09  3.61996E+10  4.81092E+10  7.29635E+10
 0.310  85.250   9.476  5.92893E+11  3.62815E+10  4.49219E+10  5.96650E+10  5.11690E+11  5.25386E+09  3.66354E+10  4.88951E+10  6.93308E+10  7.93544E+09  3.85636E+10  5.12988E+10  8.25710E+10  6.99733E+09  3.79290E+10  5.05093E+10  7.78652E+10
 0.320  89.500   9.830  6.21996E+11  3.74026E+10  4.73778E+10  6.30140E+10  5.37216E+11  5.74416E+09  3.87612E+10  5.17823E+10  7.39729E+10  6.95649E+09  4.03707E+10  5.37961E+10  8.35703E+10  6.68204E+09  4.01266E+10  5.34926E+10  8.19892E+10
 0.330  93.250   9.083  6.47426E+11  3.83817E+10  4.95519E+10  6.60421E+10  5.59492E+11  7.61496E+09  4.20781E+10  5.61468E+10  7.79255E+10  8.39239E+09  4.29962E+10  5.73176E+10  8.42049E+10  7.14483E+09  4.16694E+10  5.56321E+10  7.56797E+10
 0.340  97.500   9.147  6.79473E+11  3.99203E+10  5.21212E+10  6.95915E+10  5.87431E+11  6.55967E+09  4.46408E+10  5.96239E+10  8.40752E+10  6.77415E+09  4.50233E+10  6.01115E+10  8.65220E+10  6.04332E+09  4.36003E+10  5.82915E+10  7.82951E+10
 0.350 101.500   9.244  7.00263E+11  4.00509E+10  5.45556E+10  7.29679E+10  6.05656E+11  6.90493E+09  4.72718E+10  6.32117E+10  8.86695E+10  6.81579E+09  4.70517E+10  6.29244E+10  8.71834E+10  6.22428E+09  4.56311E+10  6.10857E+10  7.97311E+10
 0.360 105.500   8.711  7.20478E+11  4.01205E+10  5.63552E+10  7.56218E+10  6.24002E+11  7.18486E+09  4.96209E+10  6.65478E+10  9.36272E+10  6.70231E+09  4.88699E+10  6.55597E+10  8.81074E+10  5.24302E+09  4.63764E+10  6.23014E+10  7.54017E+10
 0.370 110.000   9.983  7.63678E+11  4.15870E+10  6.06675E+10  8.16495E+10  6.61424E+11  7.32910E+09  5.19422E+10  6.98495E+10  9.87801E+10  6.00278E+09  5.03713E+10  6.77889E+10  8.86247E+10  5.97312E+09  5.03370E+10  6.77444E+10  8.84527E+10
 0.380 114.750  11.963  8.01536E+11  4.31010E+10  6.31716E+10  8.51984E+10  6.95264E+11  6.06032E+09  5.37677E+10  7.24981E+10  1.03789E+11  4.75561E+09  5.13900E+10  6.93784E+10  8.90434E+10  6.51598E+09  5.43066E+10  7.32103E+10  1.08682E+11
 0.390 117.750  10.895  8.09176E+11  4.38448E+10  6.45176E+10  8.72796E+10  7.00813E+11  7.07854E+09  5.67994E+10  7.67927E+10  1.09095E+11  4.93309E+09  5.25836E+10  7.11974E+10  8.99791E+10  6.19908E+09  5.49556E+10  7.43337E+10  9.95797E+10
 0.400 121.500  11.001  8.21193E+11  4.46278E+10  6.61107E+10  8.96495E+10  7.10454E+11  7.86171E+09  5.75021E+10  7.79366E+10  1.11549E+11  5.75938E+09  5.36761E+10  7.28805E+10  8.98216E+10  6.85572E+09  5.58744E+10  7.57735E+10  9.99910E+10
 0.410 124.750  10.920  8.26367E+11  4.45643E+10  6.80023E+10  9.23919E+10  7.13800E+11  8.57104E+09  5.98102E+10  8.12130E+10  1.16454E+11  6.05024E+09  5.55789E+10  7.55794E+10  9.09575E+10  7.07780E+09  5.76323E+10  7.83090E+10  1.00484E+11
