  32
 0.100        88201 -0.23864E-02 -0.37501E-02 -0.34091E-03 -0.31969E+01 -0.22477E+02 -0.84038E+01  0.71460E+00  0.69084E+00  0.10994E+00   1.000   0.500
 0.110        94848  0.23423E-02 -0.71206E-02  0.43098E-02  0.11629E+02 -0.44726E+01 -0.41769E+02  0.68380E+00  0.45168E+00  0.57306E+00   1.134   0.669
 0.120       113566 -0.61425E-03  0.40950E-03 -0.18428E-02 -0.11758E+02  0.59756E+02 -0.17518E+02  0.77940E+00  0.30895E+00  0.54506E+00   1.000   0.500
 0.130         2228 -0.12180E-02 -0.17716E-02  0.24360E-02  0.19206E+02  0.69508E+02  0.31233E+02  0.42183E+00 -0.84805E+00  0.32073E+00   1.532   0.500
 0.140       156200 -0.15519E-02 -0.71625E-03 -0.19100E-02 -0.72524E+02 -0.17276E+03 -0.25824E+03  0.64262E+00 -0.63758E-01  0.76353E+00   1.000   0.500
 0.150       160009  0.00000E+00 -0.76734E-03 -0.25578E-03  0.57105E+02  0.19487E+02 -0.67656E+02  0.81596E+00 -0.37621E+00  0.43896E+00   1.707   0.500
 0.160       163605  0.00000E+00 -0.27254E-02  0.24528E-02  0.25557E+03  0.20297E+02 -0.51625E+02  0.70105E+00 -0.70063E+00  0.13283E+00   2.618   0.596
 0.170       152406  0.72473E-03  0.57979E-03  0.28989E-03 -0.20326E+03 -0.83984E+02 -0.34508E+03  0.77497E+00 -0.49620E+00 -0.39143E+00   2.314   0.826
 0.180       368859  0.19955E-02  0.30700E-03  0.61400E-03  0.18335E+03 -0.22283E+03 -0.18660E+03  0.56733E+00 -0.54673E+00 -0.61581E+00   3.049   0.517
 0.190       172061  0.64806E-03 -0.19442E-02  0.00000E+00 -0.26410E+03 -0.23504E+03 -0.21729E+03  0.55264E+00 -0.62164E+00 -0.55512E+00   4.280   1.028
 0.200       682102 -0.68204E-03  0.68204E-03 -0.20461E-02  0.20355E+03  0.19802E+03  0.14899E+03  0.69018E+00 -0.33819E+00 -0.63975E+00   2.446   0.502
 0.210        93538  0.19682E-02 -0.35786E-03  0.35786E-03  0.12116E+03 -0.41968E+03  0.27976E+03  0.68797E+00 -0.58121E-01 -0.72341E+00   3.633   1.401
 0.220       401756  0.74974E-03  0.11246E-02  0.37487E-03 -0.10811E+02 -0.29659E+03  0.67594E+01  0.72854E+00 -0.14831E+00 -0.66876E+00   4.092   0.947
 0.230       867446 -0.15682E-02  0.19603E-02 -0.39206E-03 -0.22681E+03  0.32460E+03 -0.15073E+03  0.70359E+00 -0.31254E-01 -0.70991E+00   3.986   0.957
 0.240      2095332 -0.14318E-02  0.81817E-03 -0.40909E-03  0.39113E+03 -0.69895E+02  0.31670E+03  0.81751E+00 -0.35636E-01 -0.57480E+00   3.396   0.500
 0.250      1166212 -0.42600E-03 -0.42600E-03 -0.42600E-03  0.45660E+02 -0.74843E+02 -0.29048E+03  0.94365E+00  0.32281E+00 -0.72884E-01   4.885   0.515
 0.260      1591363  0.44287E-03 -0.88574E-03  0.44287E-03  0.32945E+03  0.29097E+03 -0.27274E+03  0.94419E+00  0.30579E+00  0.12247E+00   6.393   0.658
 0.270       916794 -0.13802E-02  0.92010E-03  0.92010E-03 -0.17682E+03  0.20265E+03 -0.28682E+03  0.94322E+00  0.31392E+00  0.10857E+00   7.991   1.746
 0.280      1828038 -0.95375E-03 -0.14306E-02 -0.14306E-02 -0.36803E+03 -0.17907E+03  0.52025E+03  0.93158E+00  0.33415E+00  0.14319E+00   9.435   1.426
 0.290       581334  0.98897E-03 -0.24724E-02  0.49449E-03 -0.10719E+03  0.29424E+03 -0.55943E+02  0.92397E+00  0.38044E+00  0.39338E-01   9.312   1.532
 0.300       354591 -0.76684E-03  0.25561E-02 -0.51123E-03  0.68809E+02 -0.16416E+03  0.14621E+02  0.91290E+00  0.35215E+00  0.20643E+00   8.792   1.382
 0.310      1319202 -0.79246E-03  0.52830E-03 -0.26415E-02  0.19322E+03 -0.10210E+03  0.15250E+02  0.89225E+00  0.37830E+00  0.24655E+00   9.476   1.614
 0.320      5353767  0.00000E+00 -0.16359E-02 -0.21812E-02  0.10427E+03  0.30716E+02 -0.22449E+03  0.89646E+00  0.36444E+00  0.25207E+00   9.830   1.515
 0.330      2360893 -0.11253E-02 -0.56263E-03 -0.11253E-02  0.85804E+02  0.91543E+02 -0.20179E+03  0.90823E+00  0.33776E+00  0.24706E+00   9.083   1.181
 0.340      2116228  0.57917E-03  0.57917E-03  0.00000E+00  0.81030E+02 -0.18092E+03 -0.16570E+03  0.89988E+00  0.35778E+00  0.24942E+00   9.147   1.265
 0.350       986686  0.20874E-02 -0.59639E-03  0.11928E-02  0.28950E+03 -0.91605E+02  0.40672E+03  0.90055E+00  0.36585E+00  0.23486E+00   9.244   1.297
 0.360      4814154 -0.12264E-02  0.61322E-03  0.36793E-02 -0.12930E+03  0.26526E+03 -0.18558E+03  0.88993E+00  0.37383E+00  0.26129E+00   8.711   0.971
 0.370       845395  0.00000E+00  0.63049E-03 -0.18915E-02  0.17171E+03  0.40476E+03 -0.28790E+03  0.88134E+00  0.41580E+00  0.22440E+00   9.983   1.206
 0.380      3221353  0.16189E-02  0.00000E+00  0.64757E-03 -0.63839E+02  0.55442E+01  0.51316E+02  0.88542E+00  0.41589E+00  0.20750E+00  11.963   1.565
 0.390      2115543 -0.99704E-03 -0.46528E-02 -0.13294E-02  0.14919E+03 -0.14354E+03  0.30022E+02  0.90863E+00  0.36123E+00  0.20954E+00  10.895   1.379
 0.400      2707295 -0.13627E-02  0.68136E-03 -0.13627E-02 -0.39870E+03 -0.22286E+03  0.37473E+03  0.93372E+00  0.32963E+00  0.13967E+00  11.001   1.567
 0.410      7163203 -0.38418E-02  0.13970E-02  0.00000E+00  0.21007E+03 -0.32723E+03 -0.33908E+02  0.96636E+00  0.21189E+00  0.14578E+00  10.920   2.876
