  32
 0.100  5.69012E-02 -2.21167E-02 -7.32849E-02 -1.18305E+01  1.10362E+01 -1.71686E+00   1.000  5.53860E+07  9.59216E+07  5.09116E+07  0.00000E+00  4.08957E+08  5.54458E-01  6.66216E+01   8.130   7.902
 0.110 -1.66951E-01  8.34950E-02 -5.28365E-03 -1.27561E+01 -3.78783E+00  3.23311E+01   1.134  1.27510E+08  1.57262E+08  8.53220E+07  9.18297E+06  6.97613E+08  3.98140E-01  1.16087E+02   7.888   8.014
 0.120 -2.82855E-02 -5.34038E-03  4.29096E-02  5.77654E+00 -1.31188E+01 -2.53435E+00   1.000  2.89833E+08  5.54789E+08  3.63288E+08  2.90688E+07  1.02800E+09  3.71383E+00  8.69384E+01   8.355   8.134
 0.130 -3.99390E-02  6.15057E-02  2.67891E-01 -4.77327E+01 -1.66295E+01  7.24306E+00   1.532  7.03028E+08  1.01574E+09  7.29226E+08  1.16176E+08  3.17123E+09  3.58596E+00  1.35979E+02   8.291   8.316
 0.140  1.29794E-02 -2.14419E-02 -1.69621E-02 -1.90545E+00  3.22126E+00  2.52056E-02   1.000  6.78857E+08  1.50913E+09  1.51834E+09  1.04292E+08  1.92091E+09  1.08355E+01  1.28303E+02   8.580   8.401
 0.150 -1.30403E-02 -2.08768E-02  3.84984E-02 -2.35695E+00  2.08820E+00 -2.63667E+00   1.707  9.73365E+08  1.89146E+09  2.67410E+09  3.24521E+08  5.34205E+09  1.14512E+01  1.73344E+02   8.555   8.484
 0.160  4.87340E-02  5.90419E-02  1.74485E-01 -1.50821E+01 -9.31341E+00  3.27366E+00   2.618  1.16559E+09  2.27682E+09  3.93905E+09  4.62293E+08  7.76337E+09  1.23111E+01  2.10802E+02   8.585   8.524
 0.170  3.84577E-02  7.26471E-02 -2.39273E-03 -6.30048E+00 -2.97018E+00  2.25984E+01   2.314  1.74218E+09  2.77657E+09  4.97042E+09  5.28359E+08  7.75148E+09  1.41486E+01  2.59796E+02   8.463   8.559
 0.180 -1.15178E-01  1.23505E-01 -1.87889E-01  1.97226E+00  2.15410E+01 -1.16084E+01   3.049  1.78274E+09  3.09709E+09  6.82375E+09  8.27144E+08  1.19211E+10  1.46988E+01  2.98635E+02   8.533   8.557
 0.190  6.05847E-02 -2.63815E-02  1.83569E-01 -4.97080E+01 -1.69476E+01  2.22682E+01   4.280  3.18095E+09  4.28383E+09  8.63081E+09  1.32694E+09  1.98583E+10  1.47810E+01  3.58579E+02   8.382   8.551
 0.200  1.86412E-01  7.08727E-02  1.34131E-01  3.90647E-01 -8.44145E+00  3.27319E+00   2.446  1.44207E+09  2.87752E+09  9.12484E+09  7.37892E+08  9.53796E+09  1.59427E+01  4.02564E+02   8.660   8.601
 0.210 -1.21099E-02 -3.69067E-02 -4.52053E-03  1.69515E+00 -1.68128E-01 -1.93901E+00   3.633  2.37494E+09  3.88442E+09  1.18529E+10  1.61068E+09  1.76835E+10  1.96808E+01  4.49572E+02   8.585   8.589
 0.220  2.16738E-01  2.68989E-01  8.42573E-02  9.59402E+00  1.79478E+01  1.56305E+00   4.092  2.17807E+09  3.36327E+09  1.47105E+10  2.96948E+09  2.00594E+10  1.51592E+01  5.18113E+02   8.606   8.608
 0.230 -3.45254E-01 -5.12404E-02 -3.37015E-01 -1.26619E+01  3.63735E+01 -1.22102E+01   3.986  3.24914E+09  4.67337E+09  1.65767E+10  3.23128E+09  2.49604E+10  1.97391E+01  5.81652E+02   8.558   8.608
 0.240  8.50337E-02 -1.76444E-01  1.03281E-01 -1.17181E+01  5.21039E+00 -8.35310E+00   3.396  2.29175E+09  5.00864E+09  1.84297E+10  2.92586E+09  1.89673E+10  2.73743E+01  6.07070E+02   8.738   8.630
 0.250  5.01743E-02 -5.68807E-02  1.15022E-01  6.11312E+00 -7.24535E+00 -5.20664E+00   4.885  2.06837E+09  3.70218E+09  2.96711E+10  1.13379E+10  3.64430E+10  1.72608E+01  6.77107E+02   8.788   8.642
 0.260 -1.16463E-01  4.02451E-01  1.43427E-01 -5.76477E+00 -1.09846E+01  4.16991E+01   6.393  2.59812E+09  3.12218E+09  3.18906E+10  1.23630E+10  4.92831E+10  7.67309E+00  7.89883E+02   8.645   8.644
 0.270  3.95631E-02  6.69326E-01  2.73760E-01  2.37760E+00 -3.24762E+00  3.35381E+01   7.991  4.14088E+09  4.30961E+09  3.31030E+10  1.29029E+10  6.31701E+10  6.60115E+00  9.11554E+02   8.463   8.643
 0.280 -1.76413E-01  1.36894E-01  7.12384E-01  9.89037E+00 -2.83623E+01  4.11228E+01   9.435  5.14698E+09  5.34477E+09  3.44787E+10  1.34409E+10  7.62341E+10  8.02681E+00  1.02194E+03   8.420   8.639
 0.290 -5.15568E-01  1.48766E+00 -1.15499E-01  4.20278E+00  1.00569E+01  9.30970E+01   9.312  5.99807E+09  6.37280E+09  3.55152E+10  1.34873E+10  7.63716E+10  1.03703E+01  1.12709E+03   8.411   8.636
 0.300 -8.87884E-02  9.85691E-01 -2.07500E-01 -3.51788E+00  1.05052E+01  3.71203E+01   8.792  5.44334E+09  5.83892E+09  3.61996E+10  1.34615E+10  7.29635E+10  1.11609E+01  1.23007E+03   8.478   8.638
 0.310  6.21891E-02  3.30832E-01 -2.26111E-01 -1.05053E+01  4.43186E+00  3.45180E+01   9.476  6.99733E+09  7.62744E+09  3.79290E+10  1.37569E+10  7.78652E+10  1.42849E+01  1.31789E+03   8.462   8.633
 0.320  2.96954E-01  2.92003E-01 -4.17611E-01 -1.39474E+01  2.82703E+01  2.83410E+01   9.830  6.68204E+09  7.48718E+09  4.01266E+10  1.41833E+10  8.19892E+10  1.50806E+01  1.38978E+03   8.535   8.628
 0.330  5.61580E-02  6.21117E-02  1.32441E-01 -2.34837E+00 -1.16345E+01  1.19899E+01   9.083  7.14483E+09  8.13012E+09  4.16694E+10  1.42494E+10  7.56797E+10  1.98955E+01  1.47475E+03   8.565   8.632
 0.340 -7.32338E-03  2.98585E-01  3.89734E-01  1.16152E+01 -7.92542E+00  6.78314E+00   9.147  6.04332E+09  7.13407E+09  4.36003E+10  1.43370E+10  7.82951E+10  1.53617E+01  1.54138E+03   8.638   8.635
 0.350  2.10904E-02  3.91219E-01 -3.88024E-02  6.48539E+00  1.06087E+01  2.58399E+01   9.244  6.22428E+09  7.34759E+09  4.56311E+10  1.44631E+10  7.97311E+10  1.99417E+01  1.61750E+03   8.648   8.641
 0.360 -1.58534E-03  4.54970E-01 -4.37405E-01 -8.99694E+00  2.27000E+01  2.16329E+01   8.711  5.24302E+09  6.11945E+09  4.63764E+10  1.44374E+10  7.54017E+10  1.51467E+01  1.72280E+03   8.684   8.650
 0.370  2.58958E-01 -9.54623E-02 -6.84160E-01 -1.59565E+01  1.91618E+01  1.37832E+01   9.983  5.97312E+09  6.62871E+09  5.03370E+10  1.57140E+10  8.84527E+10  1.34714E+01  1.78030E+03   8.638   8.647
 0.380 -3.45918E-01  8.41845E-01  2.14404E-01 -6.00095E+00  4.99255E+00  3.84284E+01  11.963  6.51598E+09  7.12859E+09  5.43066E+10  1.71694E+10  1.08682E+11  1.45397E+01  1.84514E+03   8.618   8.643
 0.390  1.03467E-01  3.18310E-01 -5.99947E-01 -4.14483E+00  2.50296E+00  5.06826E+00  10.895  6.19908E+09  6.83895E+09  5.49556E+10  1.69683E+10  9.95797E+10  1.33226E+01  1.96384E+03   8.621   8.651
 0.400 -5.21316E-02  7.77932E-01  1.28284E-01  1.15773E+01  1.21887E+01 -4.41260E-01  11.001  6.85572E+09  7.41660E+09  5.58744E+10  1.66817E+10  9.99910E+10  1.24926E+01  2.06232E+03   8.584   8.653
 0.410  6.90062E-01 -3.56194E-01 -1.42162E+00  1.10615E+01  2.03950E+00 -3.29116E+01  10.920  7.07780E+09  7.60358E+09  5.76323E+10  1.69216E+10  1.00484E+11  1.20141E+01  2.15513E+03   8.592   8.653
