  32
 0.100   1.000  5.54458E-01  5.51288E-01  4.75864E-01
 0.110   1.134  3.98140E-01  4.30263E-01  4.04396E-01
 0.120   1.000  3.71383E+00  3.82729E+00  3.00771E+00
 0.130   1.532  3.58596E+00  3.77371E+00  3.61068E+00
 0.140   1.000  1.08355E+01  1.10767E+01  9.43054E+00
 0.150   1.707  1.14512E+01  1.17857E+01  1.05794E+01
 0.160   2.618  1.23111E+01  1.18480E+01  1.33212E+01
 0.170   2.314  1.41486E+01  1.53121E+01  1.22210E+01
 0.180   3.049  1.46988E+01  1.41447E+01  1.62010E+01
 0.190   4.280  1.47810E+01  1.52200E+01  1.41584E+01
 0.200   2.446  1.59427E+01  1.52171E+01  1.69333E+01
 0.210   3.633  1.96808E+01  1.91838E+01  1.87036E+01
 0.220   4.092  1.51592E+01  1.49624E+01  1.52190E+01
 0.230   3.986  1.97391E+01  2.08457E+01  1.80494E+01
 0.240   3.396  2.73743E+01  2.52033E+01  3.09018E+01
 0.250   4.885  1.72608E+01  1.62460E+01  2.06580E+01
 0.260   6.393  7.67309E+00  7.57852E+00  8.25385E+00
 0.270   7.991  6.60115E+00  6.81478E+00  6.40935E+00
 0.280   9.435  8.02681E+00  7.81595E+00  8.36405E+00
 0.290   9.312  1.03703E+01  1.08350E+01  9.98643E+00
 0.300   8.792  1.11609E+01  1.13997E+01  1.01950E+01
 0.310   9.476  1.42849E+01  1.41311E+01  1.36580E+01
 0.320   9.830  1.50806E+01  1.44561E+01  1.62445E+01
 0.330   9.083  1.98955E+01  2.03881E+01  1.76388E+01
 0.340   9.147  1.53617E+01  1.47266E+01  1.73694E+01
 0.350   9.244  1.99417E+01  2.00265E+01  1.92064E+01
 0.360   8.711  1.51467E+01  1.57879E+01  1.47592E+01
 0.370   9.983  1.34714E+01  1.32002E+01  1.36476E+01
 0.380  11.963  1.45397E+01  1.43160E+01  1.49249E+01
 0.390  10.895  1.33226E+01  1.34771E+01  1.30165E+01
 0.400  11.001  1.24926E+01  1.29872E+01  1.24855E+01
 0.410  10.920  1.20141E+01  1.12918E+01  1.37107E+01
