  15
 0.100   1.062   0.532  1.23668E+07  1.44287E+07  1.22608E+07  1.24216E+02  0.00000E+00  0.00000E+00  0.00000E+00  1.23668E+07  1.44287E+07  1.22608E+07
 0.110   1.538   0.768  1.69210E+07  1.99511E+07  1.67421E+07  1.61110E+02  3.02262E+06  3.64334E+06  2.98195E+06  1.38984E+07  1.63078E+07  1.37601E+07
 0.120   1.499   0.832  3.05770E+07  3.52885E+07  3.02734E+07  1.56816E+02  4.46104E+06  5.48697E+06  4.36762E+06  2.61159E+07  2.98015E+07  2.59058E+07
 0.130   1.693   0.599  2.34643E+08  2.67139E+08  2.33718E+08  8.75888E+01  7.75634E+06  9.54427E+06  7.60466E+06  2.26887E+08  2.57595E+08  2.26114E+08
 0.140   1.304   0.500  8.07669E+08  9.02833E+08  8.05557E+08  6.71475E+01  3.85857E+07  4.72610E+07  3.80027E+07  7.69083E+08  8.55572E+08  7.67554E+08
 0.150   2.406   0.571  2.53590E+09  2.89275E+09  2.52909E+09  8.31961E+01  6.96341E+07  8.55994E+07  6.86433E+07  2.46627E+09  2.80715E+09  2.46044E+09
 0.160   1.774   0.500  4.27918E+09  4.99848E+09  4.26283E+09  1.22293E+02  7.56717E+07  9.36068E+07  7.45542E+07  4.20351E+09  4.90487E+09  4.18828E+09
 0.170   3.669   1.221  6.00741E+09  7.12444E+09  5.97610E+09  1.67264E+02  3.36354E+08  4.13744E+08  3.32908E+08  5.67106E+09  6.71069E+09  5.64319E+09
 0.180   1.140   0.500  6.95199E+09  8.28148E+09  6.90823E+09  2.01886E+02  4.65190E+08  5.86869E+08  4.57295E+08  6.48680E+09  7.69461E+09  6.45093E+09
 0.190   1.593   0.598  7.33132E+09  8.83342E+09  7.28007E+09  2.35383E+02  5.18501E+08  6.56044E+08  5.09468E+08  6.81282E+09  8.17738E+09  6.77061E+09
 0.200   1.740   0.500  2.39384E+09  2.89458E+09  2.37155E+09  3.04276E+02  3.89519E+08  4.90792E+08  3.83028E+08  2.00432E+09  2.40379E+09  1.98852E+09
 0.210   1.000   0.500  9.76891E+09  1.19825E+10  9.67703E+09  3.39696E+02  4.99616E+08  6.46375E+08  4.87810E+08  9.26929E+09  1.13361E+10  9.18922E+09
 0.220   4.949   0.905  3.41270E+09  4.12519E+09  3.38268E+09  3.20876E+02  6.75762E+08  8.52265E+08  6.64995E+08  2.73694E+09  3.27292E+09  2.71769E+09
 0.230   5.722   0.649  4.38689E+09  5.29987E+09  4.35328E+09  3.04833E+02  6.77902E+08  8.64292E+08  6.66227E+08  3.70898E+09  4.43558E+09  3.68705E+09
 0.240   6.050   0.994  6.02582E+09  7.40625E+09  5.97557E+09  3.53465E+02  1.04832E+09  1.33790E+09  1.03133E+09  4.97750E+09  6.06835E+09  4.94424E+09
