  15
 0.100 -9.35188E-02 -1.38096E-02  6.29880E-02  1.67896E+01 -5.04207E+00 -7.31865E+00  6.68286E-01 -6.86195E-01  2.87282E-01  6.02897E+00   1.062   0.532  7.48865E+07  7.70919E+07  1.23668E+07  0.00000E+00  9.60247E+07  5.52795E-02  1.24216E+02   8.230   7.987
 0.110  8.82728E-02 -1.08233E-01 -5.53759E-02  4.79389E+00 -6.84866E+00  2.70288E+00  6.12697E-01 -5.13537E-01  6.00734E-01  4.84241E+01   1.538   0.768  1.21937E+08  1.21830E+08  1.69210E+07  3.02262E+06  1.58129E+08  7.53247E-02  1.61110E+02   8.100   7.884
 0.120 -1.06927E-01 -6.96275E-02  5.68747E-02 -1.52058E+01  4.46848E+00  1.69677E+01  5.52051E-01  8.30326E-01 -7.61457E-02  2.10771E+01   1.499   0.832  4.10567E+08  4.10431E+08  3.05770E+07  4.46104E+06  2.39854E+08  2.69134E-01  1.56816E+02   8.060   8.047
 0.130 -8.94333E-02  2.21243E-02  1.28948E-01 -2.09413E+00 -1.05827E+01  1.23577E+01  7.96098E-01  5.03636E-01  3.35526E-01  3.39521E+01   1.693   0.599  2.78124E+08  4.51129E+08  2.34643E+08  7.75634E+06  3.27232E+08  2.22970E+00  8.75888E+01   8.477   8.366
 0.140 -6.11769E-02 -1.41934E-02  6.33208E-02  6.21539E+00  2.29681E+00  8.02418E-01  1.38577E-01  9.46893E-01  2.90154E-01  4.11802E+01   1.304   0.500  1.75369E+09  2.42354E+09  8.07669E+08  3.85857E+07  4.19765E+08  1.10163E+01  6.71475E+01   8.474   8.347
 0.150  1.59399E-02 -1.18923E-03 -1.75235E-02  4.54224E+00  9.29390E+00 -9.99463E+00 -5.28666E-01  8.38499E-01  1.32031E-01  7.46596E+01   2.406   0.571  1.93924E+09  3.64945E+09  2.53590E+09  6.96341E+07  6.57291E+08  2.19815E+01  8.31961E+01   8.614   8.527
 0.160 -1.24012E-02 -4.17070E-02  3.33070E-02  6.03003E-02  9.73302E-01  2.68232E+00 -7.35040E-01  6.42026E-01  2.17991E-01  1.15187E+02   1.774   0.500  1.49378E+09  3.46030E+09  4.27918E+09  7.56717E+07  5.31752E+08  2.32575E+01  1.22293E+02   8.758   8.628
 0.170  4.04375E-02  3.24151E-02  1.50271E-01 -5.02043E+00 -1.62949E+01  1.87414E+01 -8.29152E-01  4.87532E-01  2.73532E-01  1.61642E+02   3.669   1.221  4.18252E+09  6.12442E+09  6.00741E+09  3.36354E+08  1.36488E+09  2.63885E+01  1.67264E+02   8.443   8.621
 0.180  8.71823E-03  3.06781E-02 -7.19941E-03 -6.13996E+00  2.40084E+00 -9.05092E-01 -9.60206E-01  2.73392E-01  5.71001E-02  1.03171E+02   1.140   0.500  2.32822E+09  5.09692E+09  6.95199E+09  4.65190E+08  7.66867E+08  3.31274E+01  2.01886E+02   8.775   8.681
 0.190  8.17077E-03  7.37887E-03 -1.09346E-02  2.68460E-02 -9.65787E+00  4.23801E+00 -8.29534E-01 -4.32562E-01 -3.53219E-01  1.07793E+02   1.593   0.598  1.81454E+09  3.88686E+09  7.33132E+09  5.18501E+08  1.01836E+09  2.39382E+01  2.35383E+02   8.821   8.709
 0.200 -3.72183E-02  1.36117E-02 -1.54918E-03 -1.75430E+01 -9.14165E+00 -8.06945E+00 -3.67591E-01 -8.93931E-01 -2.56444E-01  1.25352E+02   1.740   0.500  1.69788E+09  2.48799E+09  2.39384E+09  3.89519E+08  9.08036E+08  1.10379E+01  3.04276E+02   8.777   8.587
 0.210 -3.61664E-03  5.76659E-03 -9.05249E-03  1.50540E-02 -6.50125E+00 -9.69838E-01 -9.13764E-01 -1.71274E-01  3.68375E-01  8.23938E+01   1.000   0.500  2.03396E+09  4.72445E+09  9.76891E+09  4.99616E+08  7.46415E+08  3.14441E+01  3.39696E+02   8.873   8.750
 0.220  8.41546E-03 -4.79062E-02 -1.00103E-01  2.63071E+01  2.34154E+00 -7.08950E+00 -1.99355E-01 -3.05433E-01  9.31111E-01  4.77890E+02   4.949   0.905  3.29670E+09  4.54827E+09  3.41270E+09  6.75762E+08  2.03822E+09  1.47432E+01  3.20876E+02   8.666   8.510
 0.230 -4.39476E-01  4.33876E-01 -2.90229E-03 -5.07357E+00 -1.35160E+01 -1.38457E+01 -1.93689E-01 -2.91081E-01  9.36887E-01  7.02569E+02   5.722   0.649  3.57490E+09  4.98856E+09  4.38689E+09  6.77902E+08  1.74524E+09  1.83751E+01  3.04833E+02   8.604   8.507
 0.240 -6.52078E-01  2.67282E-01 -4.76087E-02 -2.09960E+00  4.89566E+00 -5.53364E+00 -1.84410E-01 -3.58343E-01  9.15196E-01  8.39619E+02   6.050   0.994  3.92023E+09  4.98704E+09  6.02582E+09  1.04832E+09  2.32513E+09  1.25424E+01  3.53465E+02   8.580   8.506
