  15
 0.100  1.31250E+00  1.02620E+08  1.79432E+08  2.09739E+08  9.70769E+07  7.08759E+07  1.87094E+09  8.69869E-01
 0.110  1.72500E+00  1.56680E+08  2.36810E+08  2.82711E+08  1.47403E+08  5.47667E+07  2.73600E+09  5.14052E-01
 0.120  2.17500E+00  5.98942E+08  4.39347E+08  5.18394E+08  5.66779E+08  1.58103E+08  4.85902E+09  2.33617E+00
 0.130  2.77500E+00  5.47365E+08  8.47932E+08  1.00013E+09  5.09376E+08  3.86013E+08  7.33845E+09  4.15856E+00
 0.140  3.48750E+00  2.86358E+09  2.97684E+09  3.43903E+09  2.73700E+09  1.83496E+09  1.33424E+10  2.61082E+01
 0.150  4.05000E+00  3.99327E+09  6.06809E+09  7.08734E+09  3.79449E+09  2.93544E+09  1.89924E+10  3.65500E+01
 0.160  4.91250E+00  2.89103E+09  9.04735E+09  1.07934E+10  2.72247E+09  2.80876E+09  2.55277E+10  2.99320E+01
 0.170  5.47500E+00  6.84958E+09  1.46292E+10  1.77414E+10  6.48019E+09  3.09831E+09  4.76587E+10  3.99664E+01
 0.180  5.96250E+00  4.52973E+09  1.89748E+10  2.31677E+10  4.21144E+09  4.22539E+09  4.37552E+10  4.21649E+01
 0.190  6.75000E+00  5.04817E+09  2.31105E+10  2.84896E+10  4.68430E+09  3.71336E+09  5.58668E+10  4.37228E+01
 0.200  7.53750E+00  4.70315E+09  2.64682E+10  3.30421E+10  4.24637E+09  2.94521E+09  7.21782E+10  3.10088E+01
 0.210  8.17500E+00  6.79138E+09  3.43676E+10  4.30214E+10  6.20749E+09  4.61024E+09  8.09833E+10  5.01534E+01
 0.220  8.73750E+00  6.80740E+09  3.79752E+10  4.80255E+10  6.18173E+09  3.25743E+09  8.88507E+10  3.40815E+01
 0.230  9.07500E+00  6.48162E+09  4.06675E+10  5.19041E+10  5.83673E+09  2.63980E+09  9.11497E+10  2.92123E+01
 0.240  9.41250E+00  6.72146E+09  4.26915E+10  5.49798E+10  6.01113E+09  1.96247E+09  9.48549E+10  2.02624E+01
