  15
 0.100 -9.35188E-02 -1.38096E-02  6.29880E-02  1.67896E+01 -5.04207E+00 -7.31865E+00   1.062  7.57234E+07  1.37469E+08  1.65717E+08  0.00000E+00  1.35108E+09  8.05764E-01  1.27432E+02   8.229   7.974
 0.110  8.82728E-02 -1.08233E-01 -5.53759E-02  4.79389E+00 -6.84866E+00  2.70288E+00   1.538  1.18308E+08  1.62955E+08  2.27860E+08  3.18922E+07  2.37751E+09  4.69316E-01  1.85025E+02   8.111   8.060
 0.120 -1.06927E-01 -6.96275E-02  5.68747E-02 -1.52058E+01  4.46848E+00  1.69677E+01   1.499  4.41219E+08  5.57214E+08  3.73252E+08  5.28738E+07  3.02183E+09  2.04767E+00  1.88920E+02   8.055   8.063
 0.130 -8.94333E-02  2.21243E-02  1.28948E-01 -2.09413E+00 -1.05827E+01  1.23577E+01   1.693  3.27915E+08  6.62048E+08  7.21850E+08  7.90517E+07  3.69200E+09  3.75740E+00  1.74887E+02   8.431   8.243
 0.140 -6.11769E-02 -1.41934E-02  6.33208E-02  6.21539E+00  2.29681E+00  8.02418E-01   1.304  1.79551E+09  3.40128E+09  2.45842E+09  2.60439E+08  4.46935E+09  2.35468E+01  1.20321E+02   8.467   8.295
 0.150  1.59399E-02 -1.18923E-03 -1.75235E-02  4.54224E+00  9.29390E+00 -9.99463E+00   2.406  2.36048E+09  5.01357E+09  5.54148E+09  6.08844E+08  1.03721E+10  3.34138E+01  1.39584E+02   8.556   8.435
 0.160 -1.24012E-02 -4.17070E-02  3.33070E-02  6.03003E-02  9.73302E-01  2.68232E+00   1.774  1.64400E+09  3.97920E+09  7.55585E+09  5.45914E+08  8.07248E+09  2.65388E+01  1.82140E+02   8.730   8.549
 0.170  4.04375E-02  3.24151E-02  1.50271E-01 -5.02043E+00 -1.62949E+01  1.87414E+01   3.669  5.00422E+09  7.44244E+09  1.15763E+10  1.82148E+09  2.60371E+10  3.38119E+01  2.41599E+02   8.393   8.532
 0.180  8.71823E-03  3.06781E-02 -7.19941E-03 -6.13996E+00  2.40084E+00 -9.05092E-01   1.140  2.36673E+09  5.92580E+09  1.41726E+10  2.10074E+09  7.14033E+09  3.75188E+01  2.78991E+02   8.769   8.641
 0.190  8.17077E-03  7.37887E-03 -1.09346E-02  2.68460E-02 -9.65787E+00  4.23801E+00   1.593  2.19285E+09  5.23900E+09  1.87751E+10  2.91594E+09  1.14155E+10  3.48525E+01  3.33960E+02   8.762   8.656
 0.200 -3.72183E-02  1.36117E-02 -1.54918E-03 -1.75430E+01 -9.14165E+00 -8.06945E+00   1.740  1.88827E+09  4.17971E+09  2.12384E+10  3.14743E+09  1.28055E+10  2.59090E+01  4.05384E+02   8.751   8.680
 0.210 -3.61664E-03  5.76659E-03 -9.05249E-03  1.50540E-02 -6.50125E+00 -9.69838E-01   1.000  2.12666E+09  5.66749E+09  2.19235E+10  2.64730E+09  7.55444E+09  3.91825E+01  4.41124E+02   8.861   8.713
 0.220  8.41546E-03 -4.79062E-02 -1.00103E-01  2.63071E+01  2.34154E+00 -7.08950E+00   4.949  4.15270E+09  6.92320E+09  3.55158E+10  9.63335E+09  4.74321E+10  3.05645E+01  5.28821E+02   8.605   8.651
 0.230 -4.39476E-01  4.33876E-01 -2.90229E-03 -5.07357E+00 -1.35160E+01 -1.38457E+01   5.722  4.38142E+09  6.52722E+09  3.86504E+10  1.03128E+10  5.55734E+10  2.65108E+01  6.12934E+02   8.561   8.654
 0.240 -6.52078E-01  2.67282E-01 -4.76087E-02 -2.09960E+00  4.89566E+00 -5.53364E+00   6.050  4.83391E+09  6.30357E+09  4.07068E+10  1.05831E+10  5.92807E+10  1.80767E+01  7.05086E+02   8.530   8.657
