  15
 0.100  8.75000E+00  1.84983E+10  9.53446E+01
 0.110  1.15000E+01  3.04667E+10  1.06733E+02
 0.120  1.45000E+01  4.75992E+10  1.18809E+02
 0.130  1.85000E+01  7.95518E+10  1.35980E+02
 0.140  2.32500E+01  1.28116E+11  1.53931E+02
 0.150  2.70000E+01  1.60403E+11  1.59830E+02
 0.160  3.27500E+01  2.37682E+11  1.76655E+02
 0.170  3.65000E+01  2.75704E+11  1.80223E+02
 0.180  3.97500E+01  2.95170E+11  1.78691E+02
 0.190  4.50000E+01  3.68229E+11  1.87580E+02
 0.200  5.02500E+01  4.42549E+11  1.94602E+02
 0.210  5.45000E+01  4.86149E+11  1.95849E+02
 0.220  5.82500E+01  5.16934E+11  1.95346E+02
 0.230  6.05000E+01  5.07957E+11  1.90007E+02
 0.240  6.27500E+01  5.02445E+11  1.85555E+02
