  15
 0.100   1.062  1.65717E+08  1.93713E+08  1.64245E+08  1.27432E+02  0.00000E+00  0.00000E+00  0.00000E+00  1.65717E+08  1.93713E+08  1.64245E+08
 0.110   1.538  2.27860E+08  2.72196E+08  2.25035E+08  1.85025E+02  3.18922E+07  3.85582E+07  3.14076E+07  1.95968E+08  2.33638E+08  1.93627E+08
 0.120   1.499  3.73252E+08  4.40183E+08  3.68835E+08  1.88920E+02  5.28738E+07  6.46472E+07  5.19335E+07  3.20378E+08  3.75536E+08  3.16901E+08
 0.130   1.693  7.21850E+08  8.49408E+08  7.14903E+08  1.74887E+02  7.90517E+07  9.75510E+07  7.74764E+07  6.42798E+08  7.51857E+08  6.37426E+08
 0.140   1.304  2.45842E+09  2.82418E+09  2.44485E+09  1.20321E+02  2.60439E+08  3.20128E+08  2.56082E+08  2.19798E+09  2.50406E+09  2.18877E+09
 0.150   2.406  5.54148E+09  6.46690E+09  5.51053E+09  1.39584E+02  6.08844E+08  7.53587E+08  5.98472E+08  4.93263E+09  5.71331E+09  4.91206E+09
 0.160   1.774  7.55585E+09  8.99753E+09  7.50514E+09  1.82140E+02  5.45914E+08  6.84474E+08  5.34715E+08  7.00993E+09  8.31305E+09  6.97042E+09
 0.170   3.669  1.15763E+10  1.39869E+10  1.14757E+10  2.41599E+02  1.82148E+09  2.28057E+09  1.78884E+09  9.75483E+09  1.17063E+10  9.68682E+09
 0.180   1.140  1.41726E+10  1.72430E+10  1.40383E+10  2.78991E+02  2.10074E+09  2.65696E+09  2.06113E+09  1.20718E+10  1.45861E+10  1.19772E+10
 0.190   1.593  1.87751E+10  2.31100E+10  1.85709E+10  3.33960E+02  2.91594E+09  3.71386E+09  2.85537E+09  1.58592E+10  1.93961E+10  1.57155E+10
 0.200   1.740  2.12384E+10  2.64884E+10  2.09696E+10  4.05384E+02  3.14743E+09  4.04365E+09  3.07367E+09  1.80909E+10  2.24447E+10  1.78959E+10
 0.210   1.000  2.19235E+10  2.73687E+10  2.16364E+10  4.41124E+02  2.64730E+09  3.42412E+09  2.58002E+09  1.92762E+10  2.39446E+10  1.90563E+10
 0.220   4.949  3.55158E+10  4.49161E+10  3.49739E+10  5.28821E+02  9.63335E+09  1.23920E+10  9.42275E+09  2.58825E+10  3.25241E+10  2.55511E+10
 0.230   5.722  3.86504E+10  4.93408E+10  3.79918E+10  6.12934E+02  1.03128E+10  1.33971E+10  1.00586E+10  2.83376E+10  3.59436E+10  2.79332E+10
 0.240   6.050  4.07068E+10  5.24387E+10  3.99367E+10  7.05086E+02  1.05831E+10  1.38545E+10  1.02925E+10  3.01237E+10  3.85842E+10  2.96442E+10
