  20
 0.100   1.228   0.887  3.48202E+06  3.78300E+06  3.47294E+06  4.22839E+01  0.00000E+00  0.00000E+00  0.00000E+00  3.48202E+06  3.78300E+06  3.47294E+06
 0.110   1.171   0.500  8.28166E+07  9.04596E+07  8.26790E+07  3.64221E+01  2.40985E+06  2.90558E+06  2.38083E+06  8.04068E+07  8.75540E+07  8.02982E+07
 0.120   1.773   0.782  4.45038E+08  4.99358E+08  4.44145E+08  5.42449E+01  1.41557E+07  1.69193E+07  1.40397E+07  4.30883E+08  4.82439E+08  4.30105E+08
 0.130   1.535   0.602  1.03528E+09  1.17552E+09  1.03225E+09  7.68585E+01  2.20733E+07  2.68742E+07  2.18255E+07  1.01321E+09  1.14864E+09  1.01042E+09
 0.140   1.525   0.247  2.83012E+09  3.26558E+09  2.82047E+09  9.57853E+01  3.51590E+07  4.26711E+07  3.48018E+07  2.79496E+09  3.22291E+09  2.78567E+09
 0.150   2.246   0.510  4.21221E+09  4.92363E+09  4.19279E+09  1.30059E+02  2.06112E+08  2.50889E+08  2.04332E+08  4.00610E+09  4.67274E+09  3.98846E+09
 0.160   3.354   0.650  5.94804E+09  7.12043E+09  5.90927E+09  1.87020E+02  4.45107E+08  5.46479E+08  4.40884E+08  5.50294E+09  6.57395E+09  5.46838E+09
 0.170   3.883   0.898  6.37550E+09  7.71518E+09  6.32671E+09  2.29313E+02  6.53432E+08  8.11105E+08  6.46073E+08  5.72206E+09  6.90407E+09  5.68064E+09
 0.180   3.779   1.044  7.41540E+09  9.07240E+09  7.34617E+09  2.84113E+02  7.36066E+08  9.25244E+08  7.25928E+08  6.67933E+09  8.14716E+09  6.62024E+09
 0.190   4.241   0.937  8.10370E+09  1.00395E+10  8.01129E+09  3.52944E+02  7.64438E+08  9.70915E+08  7.51776E+08  7.33926E+09  9.06858E+09  7.25951E+09
 0.200   3.961   1.094  9.32374E+09  1.15589E+10  9.21000E+09  3.90129E+02  9.00572E+08  1.15062E+09  8.84188E+08  8.42317E+09  1.04083E+10  8.32581E+09
 0.210   3.816   0.691  1.02132E+10  1.26925E+10  1.00827E+10  4.18721E+02  6.85171E+08  8.83497E+08  6.70373E+08  9.52802E+09  1.18090E+10  9.41232E+09
 0.220   5.121   1.537  1.24371E+10  1.56582E+10  1.22604E+10  4.86143E+02  1.42749E+09  1.83074E+09  1.40072E+09  1.10096E+10  1.38274E+10  1.08597E+10
 0.230   6.536   1.983  1.12460E+10  1.42877E+10  1.10668E+10  5.61761E+02  1.40713E+09  1.81726E+09  1.37838E+09  9.83885E+09  1.24704E+10  9.68846E+09
 0.240   5.650   1.405  1.30200E+10  1.66884E+10  1.27798E+10  6.61043E+02  1.36822E+09  1.78860E+09  1.33438E+09  1.16517E+10  1.48998E+10  1.14454E+10
 0.250   6.991   1.821  1.37559E+10  1.76911E+10  1.34877E+10  7.23023E+02  1.72815E+09  2.25740E+09  1.68590E+09  1.20278E+10  1.54337E+10  1.18018E+10
 0.260   8.761   1.886  1.42293E+10  1.83751E+10  1.39313E+10  7.94600E+02  1.75877E+09  2.30656E+09  1.71243E+09  1.24705E+10  1.60686E+10  1.22188E+10
 0.270   4.888   2.588  1.02242E+10  1.30548E+10  1.00045E+10  8.03473E+02  1.12917E+09  1.49255E+09  1.09366E+09  9.09507E+09  1.15623E+10  8.91084E+09
 0.280   2.548   0.381  1.05661E+10  1.31881E+10  1.03102E+10  7.66655E+02  3.46992E+08  4.60195E+08  3.28878E+08  1.02191E+10  1.27279E+10  9.98129E+09
 0.290   6.537   1.437  3.12751E+09  3.93496E+09  3.04294E+09  8.70441E+02  6.48517E+08  8.29343E+08  6.30825E+08  2.47900E+09  3.10562E+09  2.41211E+09
