  20
 0.100  10.250   1.228  2.83237E+10  3.09797E+09  2.07380E+08  2.38424E+08  2.50184E+10  8.82888E+07  2.40934E+07  2.74213E+07  7.65537E+08  2.99615E+09  2.00350E+08  2.30262E+08  2.42267E+10  1.23948E+08  2.98361E+07  3.39095E+07  1.11688E+09
 0.110  15.000   1.171  6.79607E+10  7.00107E+09  1.10347E+09  1.24227E+09  5.98561E+10  1.02871E+09  5.19282E+08  5.70986E+08  2.65743E+09  4.21940E+09  1.01933E+09  1.14526E+09  4.32831E+10  9.00118E+08  4.69732E+08  5.15274E+08  1.67016E+09
 0.120  18.750   1.773  1.04657E+11  9.76490E+09  2.40796E+09  2.77522E+09  9.24844E+10  1.52186E+09  1.67314E+09  1.92110E+09  7.62386E+09  6.08809E+09  2.37517E+09  2.73630E+09  6.80569E+10  1.44531E+09  1.64818E+09  1.89224E+09  6.96774E+09
 0.130  22.250   1.535  1.36006E+11  1.09741E+10  4.56118E+09  5.31276E+09  1.20470E+11  2.58517E+09  3.46930E+09  4.02878E+09  1.14384E+10  6.43005E+09  4.38506E+09  5.10183E+09  6.15623E+10  2.17646E+09  3.07587E+09  3.57329E+09  7.00324E+09
 0.140  25.500   1.525  1.66111E+11  1.16065E+10  7.20376E+09  8.51724E+09  1.47301E+11  2.62904E+09  6.06180E+09  7.14308E+09  1.42599E+10  5.86182E+09  7.06050E+09  8.34340E+09  7.16633E+10  1.93630E+09  5.33655E+09  6.28187E+09  7.16536E+09
 0.150  28.750   2.246  1.93338E+11  1.19907E+10  9.83631E+09  1.17649E+10  1.71511E+11  2.91656E+09  8.49789E+09  1.01487E+10  1.76078E+10  6.43907E+09  9.60314E+09  1.14796E+10  6.78355E+10  2.49998E+09  8.08333E+09  9.65415E+09  1.30482E+10
 0.160  32.000   3.354  2.22622E+11  1.24420E+10  1.17388E+10  1.42844E+10  1.98441E+11  2.37760E+09  1.02337E+10  1.24535E+10  2.03727E+10  5.74710E+09  1.14530E+10  1.39319E+10  6.84709E+10  2.49699E+09  1.03292E+10  1.25677E+10  2.15539E+10
 0.170  34.750   3.883  2.38118E+11  1.32893E+10  1.33109E+10  1.64057E+10  2.11518E+11  2.79261E+09  1.17246E+10  1.44582E+10  2.37482E+10  6.48929E+09  1.30544E+10  1.60838E+10  7.51405E+10  3.17634E+09  1.20409E+10  1.48386E+10  2.72240E+10
 0.180  39.000   3.779  2.81434E+11  1.57541E+10  1.50991E+10  1.87803E+10  2.50581E+11  2.55163E+09  1.35979E+10  1.69120E+10  2.70944E+10  5.96688E+09  1.47412E+10  1.83293E+10  7.30655E+10  2.46459E+09  1.35069E+10  1.68007E+10  2.61511E+10
 0.190  43.000   4.241  3.21715E+11  1.87734E+10  1.64499E+10  2.06586E+10  2.86491E+11  2.76481E+09  1.48369E+10  1.86436E+10  3.03008E+10  5.62700E+09  1.60275E+10  2.01246E+10  7.49428E+10  2.70804E+09  1.47865E+10  1.85819E+10  2.98075E+10
 0.200  46.750   3.961  3.55956E+11  1.99600E+10  1.84173E+10  2.31820E+10  3.17579E+11  4.46707E+09  1.69899E+10  2.13843E+10  3.57390E+10  7.52632E+09  1.79693E+10  2.26100E+10  7.86244E+10  3.77915E+09  1.64062E+10  2.06625E+10  2.94790E+10
 0.210  50.250   3.816  3.82064E+11  1.96903E+10  2.09380E+10  2.64382E+10  3.41436E+11  3.48086E+09  1.96306E+10  2.47737E+10  4.03664E+10  6.40455E+09  2.04712E+10  2.58378E+10  8.33038E+10  2.64829E+09  1.84263E+10  2.32711E+10  2.90089E+10
 0.220  53.750   5.121  4.05431E+11  2.04158E+10  2.23086E+10  2.84196E+10  3.62706E+11  2.20604E+09  2.09440E+10  2.66871E+10  4.23692E+10  5.68452E+09  2.18238E+10  2.77945E+10  7.93437E+10  2.07308E+09  2.08016E+10  2.65073E+10  4.01046E+10
 0.230  56.750   6.536  4.18067E+11  2.17043E+10  2.30246E+10  2.95831E+10  3.73338E+11  3.50438E+09  2.16712E+10  2.78610E+10  4.40829E+10  7.01984E+09  2.25146E+10  2.89214E+10  7.68273E+10  4.29449E+09  2.20323E+10  2.83149E+10  5.14126E+10
 0.240  60.250   5.650  4.42764E+11  2.34532E+10  2.42251E+10  3.12641E+10  3.95086E+11  3.02647E+09  2.28092E+10  2.94549E+10  4.83838E+10  5.69040E+09  2.36931E+10  3.05707E+10  7.91453E+10  2.77750E+09  2.25793E+10  2.91643E+10  4.50535E+10
 0.250  67.000   6.991  5.43156E+11  3.10342E+10  2.59149E+10  3.35628E+10  4.86207E+11  4.08919E+09  2.41718E+10  3.13320E+10  5.57968E+10  6.38066E+09  2.48239E+10  3.21508E+10  8.20660E+10  4.26669E+09  2.42818E+10  3.14700E+10  5.83795E+10
 0.260  75.250   8.761  6.87954E+11  4.31645E+10  2.93112E+10  3.79982E+10  6.15478E+11  4.78893E+09  2.54810E+10  3.31443E+10  6.30817E+10  6.68263E+09  2.59688E+10  3.37578E+10  8.24873E+10  5.63210E+09  2.58041E+10  3.35506E+10  7.31732E+10
 0.270  80.750   4.888  7.54895E+11  4.58945E+10  3.30528E+10  4.25543E+10  6.75948E+11  1.02684E+10  2.89432E+10  3.73605E+10  7.61969E+10  1.27186E+10  2.95747E+10  3.81425E+10  9.59457E+10  6.64028E+09  2.67240E+10  3.45651E+10  4.38890E+10
 0.280  86.000   2.548  8.23869E+11  4.58316E+10  4.00521E+10  5.11820E+10  7.37985E+11  5.89829E+09  3.52074E+10  4.49988E+10  7.86287E+10  6.60987E+09  3.55053E+10  4.53716E+10  9.06867E+10  2.49897E+09  2.27453E+10  2.89313E+10  1.86438E+10
 0.290  91.000   6.537  8.76581E+11  4.72571E+10  4.24266E+10  5.47795E+10  7.86897E+11  6.32029E+09  3.77900E+10  4.87521E+10  8.35724E+10  6.89455E+09  3.79743E+10  4.89880E+10  9.09217E+10  4.37328E+09  3.66269E+10  4.72555E+10  6.11623E+10
