  20
 0.100 -7.35941E-02  1.13340E-01  1.09509E-01 -3.19527E+01 -4.21217E+01 -2.28440E+01  1.90829E-01 -2.27363E-01  9.54929E-01  2.12915E+01   1.228   0.887  1.27975E+08  1.26444E+08  3.48202E+06  0.00000E+00  1.04422E+08  5.22825E-02  4.22839E+01   7.335   7.297
 0.110 -1.56362E-02  3.58327E-02  1.92090E-02 -3.53518E+00 -8.87283E+00 -6.61703E+00  9.52663E-01 -2.19848E-01 -2.10001E-01  1.56037E+01   1.171   0.500  7.85007E+08  8.44596E+08  8.28166E+07  2.40985E+06  2.14247E+08  1.34762E+00  3.64221E+01   8.097   7.788
 0.120 -7.78684E-02  6.59857E-02  3.14198E-02  8.29845E+00 -4.96310E+00  3.34651E+01  6.25758E-01  7.41571E-01 -2.41866E-01  4.52615E+01   1.773   0.782  1.30120E+09  1.64939E+09  4.45038E+08  1.41557E+07  3.84930E+08  5.01411E+00  5.42449E+01   8.328   8.370
 0.130 -3.86683E-02  1.72695E-03 -6.17296E-02 -1.73703E+01  2.48979E+00 -1.57549E+01  3.50608E-01  9.33877E-01 -7.03389E-02  7.15360E+01   1.535   0.602  1.96567E+09  2.64623E+09  1.03528E+09  2.20733E+07  4.28495E+08  9.32780E+00  7.68585E+01   8.408   8.502
 0.140  1.47651E-01 -5.37147E-02  5.73267E-03  1.45519E+01 -8.11399E+00 -1.54645E+01  3.72014E-01  9.14522E-01 -1.58917E-01  1.03781E+02   1.525   0.247  1.64050E+09  3.50930E+09  2.83012E+09  3.51590E+07  3.44774E+08  2.01858E+01  9.57853E+01   8.632   8.547
 0.150  6.18822E-02  6.49468E-02  1.13247E-01  2.85533E+00 -1.58205E+01 -3.06021E+00  5.49806E-01  7.02606E-01 -4.51727E-01  1.89980E+02   2.246   0.510  2.08090E+09  3.91281E+09  4.21221E+09  2.06112E+08  7.99042E+08  2.26598E+01  1.30059E+02   8.573   8.564
 0.160  1.61003E-01 -3.54435E-02  9.03748E-02  8.00570E+00 -6.69320E-01 -2.81348E+00  5.62869E-01  5.84233E-01 -5.84680E-01  3.29082E+02   3.354   0.650  2.05314E+09  3.55493E+09  5.94804E+09  4.45107E+08  1.40736E+09  1.68622E+01  1.87020E+02   8.547   8.572
 0.170  3.55981E-02  1.03111E-01  9.97778E-02  4.89497E+01 -3.13585E+01  1.38968E+00  4.39219E-01  6.01101E-01 -6.67656E-01  4.48947E+02   3.883   0.898  2.63472E+09  3.98233E+09  6.37550E+09  6.53432E+08  1.93587E+09  1.65914E+01  2.29313E+02   8.446   8.518
 0.180 -1.35788E-02 -1.09928E-01 -7.76086E-02 -2.38715E+01 -2.15642E+01 -5.53902E+01  4.71121E-01  7.41143E-01 -4.78281E-01  4.18086E+02   3.779   1.044  2.03964E+09  3.30346E+09  7.41540E+09  7.36066E+08  2.03389E+09  1.46408E+01  2.84113E+02   8.522   8.504
 0.190 -5.30268E-02  1.95445E-01  2.32773E-01 -2.70111E+01  3.47952E+01  1.08108E+01  4.34471E-01  8.17980E-01 -3.77021E-01  5.32482E+02   4.241   0.937  2.31555E+09  3.27339E+09  8.10370E+09  7.64438E+08  2.21605E+09  1.20082E+01  3.52944E+02   8.475   8.506
 0.200 -3.47388E-01 -2.58946E-02 -5.66316E-01 -5.41299E+01  3.82204E+01  2.97747E+01  5.20249E-01  7.74615E-01 -3.59600E-01  4.89720E+02   3.961   1.094  3.21631E+09  4.61882E+09  9.32374E+09  9.00572E+08  2.53480E+09  2.12122E+01  3.90129E+02   8.449   8.483
 0.210  1.65577E-01 -2.12980E-01 -1.62773E-01 -2.25149E+01 -9.85546E+00 -3.87244E+01  4.84765E-01  7.48732E-01 -4.52109E-01  4.97454E+02   3.816   0.691  2.16254E+09  3.95723E+09  1.02132E+10  6.85171E+08  1.92174E+09  1.87954E+01  4.18721E+02   8.573   8.504
 0.220 -1.49865E-01  8.80705E-02  1.96171E-01  2.28389E+01 -1.15705E+01  3.23733E+01  5.31799E-01  6.99391E-01 -4.77537E-01  6.06082E+02   5.121   1.537  1.83923E+09  2.80024E+09  1.24371E+10  1.42749E+09  3.36552E+09  1.04580E+01  4.86143E+02   8.598   8.486
 0.230  2.22763E-02 -1.83333E-01 -3.82957E-03 -2.69500E+01 -3.13362E+01 -1.67629E+01  5.56754E-01  4.25156E-01 -7.13630E-01  8.37574E+02   6.536   1.983  3.76148E+09  4.20068E+09  1.12460E+10  1.40713E+09  3.87258E+09  8.94272E+00  5.61761E+02   8.396   8.486
 0.240  3.94932E-01 -9.49133E-02  1.96103E-01  8.87774E+00 -1.38465E+01 -1.66407E+00  4.55781E-01  6.33388E-01 -6.25367E-01  6.90980E+02   5.650   1.405  2.38818E+09  3.10835E+09  1.30200E+10  1.36822E+09  3.38231E+09  9.70061E+00  6.61043E+02   8.497   8.493
 0.250 -4.84086E-01  1.84335E-01 -2.32219E-01  3.14747E-01  1.86281E+00  4.11860E+00  4.06229E-01  5.13680E-01 -7.55719E-01  8.89298E+02   6.991   1.821  3.67234E+09  4.30618E+09  1.37559E+10  1.72815E+09  4.33957E+09  1.11985E+01  7.23023E+02   8.412   8.483
 0.260 -5.57265E-01 -2.59499E-01 -4.67799E-02 -2.35190E+01  3.38570E+01 -3.22102E+00  3.67176E-01  4.54331E-01 -8.11643E-01  1.03657E+03   8.761   1.886  4.79352E+09  5.36117E+09  1.42293E+10  1.75877E+09  4.90840E+09  1.09687E+01  7.94600E+02   8.374   8.480
 0.270  4.85306E-01  6.08227E-01  6.83582E-01 -4.64654E+01  3.72654E+01 -4.63713E+00 -2.16969E-01  9.32983E-01 -2.87171E-01  4.58569E+02   4.888   2.588  6.12422E+09  7.32782E+09  1.02242E+10  1.12917E+09  3.64112E+09  2.28813E+01  8.03473E+02   8.407   8.479
 0.280  1.06533E-01  3.89809E-01  5.31928E-01  1.11713E+02 -3.50488E+01 -4.39922E+00  1.07941E-01  7.72794E-01 -6.25410E-01  2.95278E+02   2.548   0.381  2.08061E+09  4.86565E+09  1.05661E+10  3.46992E+08  1.35798E+09  3.17341E+01  7.66655E+02   8.801   8.603
 0.290  8.06958E-02  1.05818E-01 -2.81725E-01 -2.57553E+01 -1.39338E+01 -1.60824E+01 -8.53996E-01  5.17490E-01 -5.37964E-02  5.60455E+02   6.537   1.437  3.65267E+09  4.01872E+09  3.12751E+09  6.48517E+08  3.24081E+09  7.91931E+00  8.70441E+02   8.607   8.514
