  20
 0.100  1.02500E+01  2.83237E+10  1.09005E+02
 0.110  1.50000E+01  6.79607E+10  1.39578E+02
 0.120  1.87500E+01  1.04657E+11  1.54924E+02
 0.130  2.22500E+01  1.36006E+11  1.62124E+02
 0.140  2.55000E+01  1.66111E+11  1.67365E+02
 0.150  2.87500E+01  1.93338E+11  1.70049E+02
 0.160  3.20000E+01  2.22622E+11  1.72959E+02
 0.170  3.47500E+01  2.38118E+11  1.71654E+02
 0.180  3.90000E+01  2.81434E+11  1.76153E+02
 0.190  4.30000E+01  3.21715E+11  1.79364E+02
 0.200  4.67500E+01  3.55956E+11  1.80943E+02
 0.210  5.02500E+01  3.82064E+11  1.80815E+02
 0.220  5.37500E+01  4.05431E+11  1.80096E+02
 0.230  5.67500E+01  4.18067E+11  1.77981E+02
 0.240  6.02500E+01  4.42764E+11  1.77763E+02
 0.250  6.70000E+01  5.43156E+11  1.86706E+02
 0.260  7.52500E+01  6.87954E+11  1.98272E+02
 0.270  8.07500E+01  7.54895E+11  2.00496E+02
 0.280  8.60000E+01  8.23869E+11  2.02962E+02
 0.290  9.10000E+01  8.76581E+11  2.03521E+02
