  20
 0.100        34223 -0.51110E-02  0.52814E-02 -0.11926E-02 -0.14081E+02 -0.21085E+02  0.33947E+02  0.19083E+00 -0.22736E+00  0.95493E+00   1.228   0.887
 0.110       156388 -0.44983E-02  0.59977E-02  0.29988E-02 -0.14284E+03 -0.96991E+02 -0.12580E+02  0.95266E+00 -0.21985E+00 -0.21000E+00   1.171   0.500
 0.120       162470 -0.28621E-02  0.81774E-03  0.33732E-02  0.15159E+03 -0.19944E+02  0.22944E+03  0.62576E+00  0.74157E+00 -0.24187E+00   1.773   0.782
 0.130       200141  0.17713E-02 -0.28784E-02 -0.11071E-02 -0.12858E+03  0.94890E+02  0.89104E+02  0.35061E+00  0.93388E+00 -0.70339E-01   1.535   0.602
 0.140       255920 -0.33391E-02  0.14311E-02 -0.95404E-03  0.59199E+02 -0.34217E+02  0.13893E+03  0.37201E+00  0.91452E+00 -0.15892E+00   1.525   0.247
 0.150       150564  0.28110E-02  0.10222E-02  0.12777E-02 -0.14852E+03  0.10956E+03 -0.11081E+03  0.54981E+00  0.70261E+00 -0.45173E+00   2.246   0.510
 0.160       350093  0.16353E-02  0.19078E-02 -0.13627E-02 -0.26495E+03 -0.33206E+02 -0.75297E+02  0.56287E+00  0.58423E+00 -0.58468E+00   3.354   0.650
 0.170       475341  0.86857E-03 -0.57905E-03 -0.72381E-03  0.75529E+02  0.39715E+02 -0.35260E+02  0.43922E+00  0.60110E+00 -0.66766E+00   3.883   0.898
 0.180      1525676  0.15329E-02  0.36789E-02 -0.15329E-02  0.97085E+01  0.72972E+02  0.26181E+02  0.47112E+00  0.74114E+00 -0.47828E+00   3.779   1.044
 0.190      1709372  0.42066E-02 -0.29123E-02  0.19415E-02  0.19682E+02 -0.28677E+02 -0.21034E+03  0.43447E+00  0.81798E+00 -0.37702E+00   4.241   0.937
 0.200      1978274 -0.23844E-02  0.37470E-02  0.32360E-02 -0.83638E+02 -0.69650E+01 -0.62572E+02  0.52025E+00  0.77462E+00 -0.35960E+00   3.961   1.094
 0.210      2179119  0.10730E-02  0.35768E-02  0.25038E-02  0.49836E+02  0.19191E+02  0.41908E+02  0.48476E+00  0.74873E+00 -0.45211E+00   3.816   0.691
 0.220      2651309 -0.29981E-02  0.26234E-02  0.11243E-02  0.81426E+02  0.60744E+02  0.15200E+03  0.53180E+00  0.69939E+00 -0.47754E+00   5.121   1.537
 0.230      3133569 -0.15672E-02 -0.78361E-03  0.31344E-02  0.32407E+02  0.13858E+02  0.82349E+02  0.55675E+00  0.42516E+00 -0.71363E+00   6.536   1.983
 0.240      2727899  0.36790E-02 -0.16351E-02 -0.14307E-02  0.75447E+01 -0.36992E+02  0.71583E+02  0.45578E+00  0.63339E+00 -0.62537E+00   5.650   1.405
 0.250      3588880 -0.42581E-03  0.38323E-02  0.42581E-03 -0.14761E+03  0.35758E+02 -0.83057E+01  0.40623E+00  0.51368E+00 -0.75572E+00   6.991   1.821
 0.260      3707113  0.26575E-02  0.48721E-02 -0.88583E-03  0.68743E+02 -0.46915E+02  0.14178E+03  0.36718E+00  0.45433E+00 -0.81164E+00   8.761   1.886
 0.270      4121541  0.32199E-02 -0.78197E-02  0.22999E-02 -0.10111E+03  0.51418E+01 -0.49001E+02 -0.21697E+00  0.93298E+00 -0.28717E+00   4.888   2.588
 0.280      3303527  0.57233E-02  0.47694E-03 -0.95388E-03 -0.12782E+03  0.21655E+03  0.11379E+03  0.10794E+00  0.77279E+00 -0.62541E+00   2.548   0.381
 0.290      4646054  0.00000E+00 -0.49395E-02 -0.22228E-02 -0.45620E+02 -0.53464E+01  0.87587E+02 -0.85400E+00  0.51749E+00 -0.53796E-01   6.537   1.437
