  20
 0.100  1.53750E+00  1.71985E+08  3.72437E+07  4.24294E+07  1.64292E+08  2.31906E+07  1.81167E+09  3.46763E-01
 0.110  2.25000E+00  1.29526E+09  6.10893E+08  6.74627E+08  1.22826E+09  5.50804E+08  5.48812E+09  9.33394E+00
 0.120  2.81250E+00  2.37214E+09  1.86389E+09  2.13959E+09  2.26641E+09  1.13193E+09  1.39871E+10  1.34744E+01
 0.130  3.33750E+00  3.40632E+09  3.83654E+09  4.45527E+09  3.22929E+09  2.05054E+09  1.86744E+10  2.42955E+01
 0.140  3.82500E+00  3.31695E+09  6.48628E+09  7.65002E+09  3.15326E+09  2.69579E+09  2.36019E+10  2.79287E+01
 0.150  4.31250E+00  3.86098E+09  9.02204E+09  1.07789E+10  3.62546E+09  2.54482E+09  2.78605E+10  3.00041E+01
 0.160  4.80000E+00  3.55025E+09  1.09138E+10  1.32699E+10  3.29487E+09  1.96588E+09  3.23124E+10  2.12663E+01
 0.170  5.21250E+00  4.32762E+09  1.25652E+10  1.54753E+10  4.02223E+09  1.75555E+09  3.84478E+10  1.96316E+01
 0.180  5.85000E+00  3.78812E+09  1.43284E+10  1.78124E+10  3.47462E+09  1.65938E+09  4.28601E+10  1.72603E+01
 0.190  6.45000E+00  4.15670E+09  1.57236E+10  1.97388E+10  3.77826E+09  1.34733E+09  4.81935E+10  1.49596E+01
 0.200  7.01250E+00  5.82324E+09  1.77368E+10  2.23164E+10  5.29921E+09  1.93564E+09  5.62099E+10  2.62317E+01
 0.210  7.53750E+00  4.90138E+09  2.02923E+10  2.56100E+10  4.40946E+09  2.34401E+09  6.35753E+10  2.30628E+01
 0.220  8.06250E+00  4.34167E+09  2.16676E+10  2.75971E+10  3.85316E+09  1.29984E+09  6.49261E+10  1.28285E+01
 0.230  8.51250E+00  6.15862E+09  2.24032E+10  2.87802E+10  5.58793E+09  8.24567E+08  6.67477E+10  1.05414E+01
 0.240  9.03750E+00  5.07765E+09  2.36135E+10  3.04692E+10  4.47661E+09  1.10431E+09  7.25463E+10  1.17358E+01
 0.250  1.00500E+01  6.42643E+09  2.48282E+10  3.21563E+10  5.61300E+09  1.04047E+09  8.24153E+10  1.27712E+01
 0.260  1.12875E+01  8.18097E+09  2.60822E+10  3.38995E+10  7.13251E+09  1.11870E+09  9.17808E+10  1.27448E+01
 0.270  1.21125E+01  1.57037E+10  3.10873E+10  4.00163E+10  1.39304E+10  3.45433E+09  1.21532E+11  4.96859E+01
 0.280  1.29000E+01  8.26240E+09  3.57614E+10  4.56946E+10  6.86566E+09  4.83828E+09  1.16002E+11  5.12730E+01
 0.290  1.36500E+01  8.78670E+09  3.83432E+10  4.94639E+10  7.30968E+09  2.15226E+09  1.20929E+11  2.15457E+01
