  20
 0.100  8.32742E+07  2.30607E+07  2.62549E+07  8.05871E+07  1.42595E+07  7.30952E+08  2.21967E-01
 0.110  8.09075E+08  4.40519E+08  4.82625E+08  7.91387E+08  4.14915E+08  1.25614E+09  7.27279E+00
 0.120  9.02904E+08  1.35869E+09  1.55557E+09  8.90496E+08  8.89632E+08  2.69252E+09  1.01977E+01
 0.130  1.72423E+09  2.62073E+09  3.04955E+09  1.70417E+09  1.30735E+09  3.72443E+09  1.48943E+01
 0.140  1.30145E+09  4.50604E+09  5.30907E+09  1.28514E+09  2.01048E+09  3.86876E+09  2.02928E+01
 0.150  7.99685E+08  5.43297E+09  6.53385E+09  7.88442E+08  1.23185E+09  3.93967E+09  1.29752E+01
 0.160  3.90280E+08  5.99158E+09  7.35609E+09  3.84778E+08  6.46561E+08  3.93967E+09  5.83419E+00
 0.170  2.07586E+08  5.61939E+09  7.02015E+09  1.99937E+08  2.76050E+08  3.76467E+09  2.62698E+00
 0.180  1.85982E+08  5.34749E+09  6.74435E+09  1.78597E+08  2.89145E+08  3.63738E+09  2.90770E+00
 0.190  1.32782E+08  5.62990E+09  7.16602E+09  1.27144E+08  1.68716E+08  3.58999E+09  1.63042E+00
 0.200  2.01837E+08  4.24384E+09  5.42970E+09  1.93465E+08  1.50366E+08  3.10106E+09  2.16213E+00
 0.210  1.49420E+08  4.84334E+09  6.20810E+09  1.43433E+08  2.45398E+08  3.22310E+09  2.36950E+00
 0.220  5.68667E+07  4.44080E+09  5.72517E+09  5.35352E+07  7.92972E+07  3.00811E+09  7.28686E-01
 0.230  5.03894E+07  4.37223E+09  5.66670E+09  4.79945E+07  3.55469E+07  2.94609E+09  3.69370E-01
 0.240  3.90551E+07  4.54308E+09  5.90847E+09  3.68354E+07  2.79397E+07  2.97593E+09  3.07051E-01
 0.250  2.82302E+07  4.77875E+09  6.22957E+09  2.64526E+07  2.21580E+07  3.00187E+09  2.21879E-01
 0.260  2.34076E+07  4.45247E+09  5.82059E+09  2.18066E+07  1.50361E+07  2.93079E+09  1.52741E-01
 0.270  1.85969E+08  4.58349E+09  5.99150E+09  1.80095E+08  7.86330E+07  3.25752E+09  1.24712E+00
 0.280  8.24266E+08  5.98850E+09  7.52766E+09  8.10837E+08  1.47372E+09  2.90202E+09  1.65443E+01
 0.290  5.53481E+08  9.02425E+09  1.14341E+10  5.45918E+08  9.15480E+08  3.57977E+09  8.41956E+00
