  20
 0.100   1.228  2.93492E-01  3.26580E-01  2.09556E-01
 0.110   1.171  7.64973E+00  9.24718E+00  4.83481E+00
 0.120   1.773  1.17031E+01  1.21502E+01  1.17303E+01
 0.130   1.535  1.87574E+01  1.96979E+01  1.73624E+01
 0.140   1.525  2.45172E+01  2.35290E+01  2.63945E+01
 0.150   2.246  2.65603E+01  2.76734E+01  2.57450E+01
 0.160   3.354  1.89747E+01  1.93507E+01  2.05362E+01
 0.170   3.883  1.80185E+01  1.83298E+01  1.80448E+01
 0.180   3.779  1.60429E+01  1.54362E+01  1.75865E+01
 0.190   4.241  1.30507E+01  1.28845E+01  1.35040E+01
 0.200   3.961  2.36569E+01  2.48505E+01  1.92817E+01
 0.210   3.816  2.07980E+01  1.90945E+01  2.35635E+01
 0.220   5.121  1.11453E+01  1.00319E+01  1.32850E+01
 0.230   6.536  9.64784E+00  1.01692E+01  8.49877E+00
 0.240   5.650  1.03061E+01  9.93163E+00  1.11632E+01
 0.250   6.991  1.17241E+01  1.23502E+01  1.07035E+01
 0.260   8.761  1.21466E+01  1.21822E+01  1.17392E+01
 0.270   4.888  3.76867E+01  4.18124E+01  2.79492E+01
 0.280   2.548  4.30353E+01  4.12221E+01  4.50974E+01
 0.290   6.537  2.05075E+01  1.91700E+01  2.27053E+01
