  20
 0.100   1.228  2.98361E+07  3.39095E+07  2.96044E+07  1.02231E+02  0.00000E+00  0.00000E+00  0.00000E+00  2.98361E+07  3.39095E+07  2.96044E+07
 0.110   1.171  4.69732E+08  5.15274E+08  4.68989E+08  3.71687E+01  1.66973E+07  2.01277E+07  1.64976E+07  4.53034E+08  4.95147E+08  4.52491E+08
 0.120   1.773  1.64818E+09  1.89224E+09  1.64173E+09  8.69713E+01  2.67874E+08  3.21769E+08  2.65283E+08  1.38031E+09  1.57047E+09  1.37645E+09
 0.130   1.535  3.07587E+09  3.57329E+09  3.06065E+09  1.14324E+02  2.99811E+08  3.67024E+08  2.95797E+08  2.77606E+09  3.20626E+09  2.76485E+09
 0.140   1.525  5.33655E+09  6.28187E+09  5.30528E+09  1.42868E+02  4.40119E+08  5.41513E+08  4.33886E+08  4.89643E+09  5.74035E+09  4.87139E+09
 0.150   2.246  8.08333E+09  9.65415E+09  8.02185E+09  1.90553E+02  9.19966E+08  1.14040E+09  9.06248E+08  7.16337E+09  8.51375E+09  7.11561E+09
 0.160   3.354  1.03292E+10  1.25677E+10  1.02278E+10  2.54648E+02  1.49228E+09  1.86569E+09  1.46763E+09  8.83695E+09  1.07020E+10  8.76015E+09
 0.170   3.883  1.20409E+10  1.48386E+10  1.18954E+10  3.21016E+02  1.78933E+09  2.25839E+09  1.75492E+09  1.02516E+10  1.25802E+10  1.01405E+10
 0.180   3.779  1.35069E+10  1.68007E+10  1.33148E+10  3.86770E+02  1.82317E+09  2.32355E+09  1.78181E+09  1.16837E+10  1.44771E+10  1.15330E+10
 0.190   4.241  1.47865E+10  1.85819E+10  1.45391E+10  4.63902E+02  2.03804E+09  2.61444E+09  1.98647E+09  1.27485E+10  1.59674E+10  1.25527E+10
 0.200   3.961  1.64062E+10  2.06625E+10  1.61023E+10  5.22557E+02  2.05824E+09  2.65730E+09  1.99971E+09  1.43479E+10  1.80052E+10  1.41026E+10
 0.210   3.816  1.84263E+10  2.32711E+10  1.80598E+10  5.69750E+02  2.03919E+09  2.64640E+09  1.97449E+09  1.63871E+10  2.06247E+10  1.60853E+10
 0.220   5.121  2.08016E+10  2.65073E+10  2.03438E+10  6.45755E+02  2.81028E+09  3.64441E+09  2.72357E+09  1.79913E+10  2.28629E+10  1.76202E+10
 0.230   6.536  2.20323E+10  2.83149E+10  2.14850E+10  7.43489E+02  3.28661E+09  4.28217E+09  3.17951E+09  1.87457E+10  2.40328E+10  1.83055E+10
 0.240   5.650  2.25793E+10  2.91643E+10  2.19580E+10  8.34474E+02  2.97829E+09  3.90921E+09  2.86677E+09  1.96010E+10  2.52550E+10  1.90913E+10
 0.250   6.991  2.42818E+10  3.14700E+10  2.35613E+10  9.17037E+02  3.51303E+09  4.61659E+09  3.37860E+09  2.07688E+10  2.68534E+10  2.01827E+10
 0.260   8.761  2.58041E+10  3.35506E+10  2.49869E+10  9.99067E+02  3.88572E+09  5.11875E+09  3.73111E+09  2.19184E+10  2.84319E+10  2.12558E+10
 0.270   4.888  2.67240E+10  3.45651E+10  2.58433E+10  1.04671E+03  3.01615E+09  3.99937E+09  2.87290E+09  2.37078E+10  3.05658E+10  2.29704E+10
 0.280   2.548  2.27453E+10  2.89313E+10  2.19860E+10  1.00580E+03  1.42424E+09  1.88617E+09  1.33725E+09  2.13211E+10  2.70452E+10  2.06487E+10
 0.290   6.537  3.66269E+10  4.72555E+10  3.54945E+10  1.03091E+03  5.04354E+09  6.57844E+09  4.85416E+09  3.15834E+10  4.06770E+10  3.06403E+10
