  41
 0.100   0.713   0.500  1.96208E-02  1.99083E-02  1.29467E-02
 0.110   0.975   0.766  1.68351E-02  1.99903E-02  1.17460E-02
 0.120   1.000   0.500  1.09631E+00  1.11015E+00  8.38018E-01
 0.130   1.114   0.500  1.34727E+00  1.31925E+00  1.39005E+00
 0.140   1.100   0.500  6.39356E-01  6.79337E-01  7.06192E-01
 0.150   1.506   0.557  8.60248E-01  1.00512E+00  6.43861E-01
 0.160   2.133   1.004  2.22917E+00  2.32532E+00  2.08020E+00
 0.170   1.017   0.500  8.91184E+00  9.18749E+00  7.02645E+00
 0.180   1.871   0.502  4.37108E+00  4.45237E+00  3.97065E+00
 0.190   2.562   0.689  2.95590E+00  3.18577E+00  2.51650E+00
 0.200   2.951   0.660  3.14393E+00  3.20036E+00  3.41691E+00
 0.210   3.171   0.937  4.89776E+00  5.11307E+00  4.63387E+00
 0.220   3.442   0.718  4.76505E+00  4.34301E+00  5.38676E+00
 0.230   4.053   0.855  3.70869E+00  3.98716E+00  3.33490E+00
 0.240   4.217   1.106  9.70929E+00  1.05485E+01  8.57695E+00
 0.250   4.446   1.347  5.84504E+00  5.57088E+00  6.11289E+00
 0.260   2.047   0.500  9.81865E+00  1.05320E+01  8.17062E+00
 0.270   1.401   0.500  1.16054E+01  1.09284E+01  1.24883E+01
 0.280   4.659   2.103  1.25369E+01  1.20782E+01  1.31169E+01
 0.290   5.693   0.890  1.12108E+01  1.10751E+01  1.02825E+01
 0.300   5.069   1.030  7.79002E+00  7.80704E+00  7.84929E+00
 0.310   6.029   1.469  7.33334E+00  7.16573E+00  7.81409E+00
 0.320   4.737   0.599  1.29376E+01  1.26284E+01  1.31006E+01
 0.330   6.097   1.015  8.09330E+00  7.02325E+00  1.00166E+01
 0.340   5.897   0.989  5.39370E+00  5.20302E+00  6.40551E+00
 0.350   6.512   1.022  7.11508E+00  7.22246E+00  7.33496E+00
 0.360   8.167   1.334  5.63447E+00  5.47995E+00  5.81868E+00
 0.370   8.217   1.118  4.76910E+00  4.83830E+00  4.57343E+00
 0.380   8.643   1.578  4.29796E+00  4.14797E+00  4.69978E+00
 0.390   8.203   1.522  3.75581E+00  3.62671E+00  3.95707E+00
 0.400   9.061   1.313  3.85406E+00  3.82444E+00  3.62037E+00
 0.410  10.733   1.959  4.80521E+00  4.53627E+00  4.62240E+00
 0.420   8.008   1.577  2.73191E+00  2.70016E+00  2.52960E+00
 0.430  10.885   1.487  3.75361E+00  3.85994E+00  3.65237E+00
 0.440  11.581   1.833  2.36319E+00  2.20864E+00  2.81030E+00
 0.450  10.768   1.904  3.34525E+00  3.35303E+00  3.12326E+00
 0.460  12.938   1.704  2.06205E+00  1.92482E+00  2.28703E+00
 0.470  14.174   1.413  2.15352E+00  2.07272E+00  2.18488E+00
 0.480  12.522   1.201  1.43726E+00  1.37182E+00  1.52958E+00
 0.490  12.679   1.140  1.07149E+00  1.02336E+00  1.13311E+00
 0.500  13.385   1.191  1.49775E+00  1.48062E+00  1.48090E+00
