  41
 0.100   0.713   0.500  1.73056E+06  1.97524E+06  1.72155E+06  8.36182E+01  0.00000E+00  0.00000E+00  0.00000E+00  1.73056E+06  1.97524E+06  1.72155E+06
 0.110   0.975   0.766  1.35566E+06  1.51230E+06  1.35092E+06  6.41924E+01  1.96055E+04  2.38998E+04  1.93076E+04  1.33606E+06  1.48840E+06  1.33161E+06
 0.120   1.000   0.500  7.89006E+07  8.78642E+07  7.87745E+07  4.54653E+01  7.34728E+05  8.84521E+05  7.26550E+05  7.81659E+07  8.69797E+07  7.80479E+07
 0.130   1.114   0.500  1.93659E+08  2.22652E+08  1.93048E+08  8.46150E+01  9.02646E+05  1.10533E+06  8.89017E+05  1.92756E+08  2.21546E+08  1.92159E+08
 0.140   1.100   0.500  2.17567E+08  2.57765E+08  2.16327E+08  1.45834E+02  5.71478E+06  6.85180E+06  5.67289E+06  2.11852E+08  2.50914E+08  2.10654E+08
 0.150   1.506   0.557  1.40798E+08  1.65511E+08  1.39899E+08  1.63500E+02  3.75185E+06  4.62706E+06  3.69599E+06  1.37046E+08  1.60884E+08  1.36203E+08
 0.160   2.133   1.004  4.55518E+08  5.40532E+08  4.52368E+08  1.88834E+02  1.83587E+07  2.26700E+07  1.81519E+07  4.37159E+08  5.17862E+08  4.34216E+08
 0.170   1.017   0.500  9.82550E+08  1.13756E+09  9.78273E+08  1.34463E+02  1.04837E+07  1.32113E+07  1.03039E+07  9.72066E+08  1.12435E+09  9.67969E+08
 0.180   1.871   0.502  8.44136E+08  9.95490E+08  8.39971E+08  1.64977E+02  2.26870E+07  2.83330E+07  2.23621E+07  8.21449E+08  9.67157E+08  8.17609E+08
 0.190   2.562   0.689  7.56543E+08  9.08072E+08  7.51416E+08  2.28301E+02  7.74666E+07  9.65155E+07  7.65259E+07  6.79076E+08  8.11557E+08  6.74890E+08
 0.200   2.951   0.660  1.33187E+09  1.62433E+09  1.32146E+09  2.78804E+02  1.11620E+08  1.40989E+08  1.10015E+08  1.22025E+09  1.48335E+09  1.21145E+09
 0.210   3.171   0.937  2.10713E+09  2.59100E+09  2.08864E+09  3.26537E+02  1.63111E+08  2.07708E+08  1.60480E+08  1.94402E+09  2.38329E+09  1.92816E+09
 0.220   3.442   0.718  2.79617E+09  3.47568E+09  2.76786E+09  3.89191E+02  1.55327E+08  1.99787E+08  1.52407E+08  2.64085E+09  3.27589E+09  2.61545E+09
 0.230   4.053   0.855  3.18499E+09  4.00700E+09  3.14766E+09  4.64652E+02  2.28615E+08  2.93495E+08  2.24596E+08  2.95638E+09  3.71351E+09  2.92306E+09
 0.240   4.217   1.106  3.62606E+09  4.50956E+09  3.58675E+09  4.49146E+02  2.49841E+08  3.23375E+08  2.44957E+08  3.37622E+09  4.18618E+09  3.34179E+09
 0.250   4.446   1.347  4.46054E+09  5.62005E+09  4.40657E+09  5.18919E+02  3.40254E+08  4.39659E+08  3.33688E+08  4.12029E+09  5.18040E+09  4.07288E+09
 0.260   2.047   0.500  4.00233E+09  5.03866E+09  3.94965E+09  5.76554E+02  1.35172E+08  1.77866E+08  1.31649E+08  3.86716E+09  4.86079E+09  3.81800E+09
 0.270   1.401   0.500  4.74043E+09  5.91758E+09  4.68547E+09  5.33347E+02  1.27900E+08  1.67559E+08  1.24628E+08  4.61253E+09  5.75002E+09  4.56084E+09
 0.280   4.659   2.103  7.58341E+09  9.56426E+09  7.49650E+09  5.63903E+02  6.09334E+08  7.96024E+08  5.97601E+08  6.97408E+09  8.76824E+09  6.89890E+09
 0.290   5.693   0.890  8.08411E+09  1.02694E+10  7.98786E+09  6.12589E+02  5.11969E+08  6.75436E+08  5.00750E+08  7.57215E+09  9.59394E+09  7.48711E+09
 0.300   5.069   1.030  8.66030E+09  1.11003E+10  8.54996E+09  6.79790E+02  5.29952E+08  7.03427E+08  5.17407E+08  8.13035E+09  1.03968E+10  8.03255E+09
 0.310   6.029   1.469  9.41511E+09  1.21413E+10  9.28818E+09  7.44481E+02  6.08199E+08  8.10858E+08  5.93038E+08  8.80691E+09  1.13304E+10  8.69514E+09
 0.320   4.737   0.599  9.82918E+09  1.26499E+10  9.69761E+09  7.65826E+02  4.04974E+08  5.43610E+08  3.93616E+08  9.42420E+09  1.21063E+10  9.30400E+09
 0.330   6.097   1.015  1.15936E+10  1.49924E+10  1.14347E+10  8.06653E+02  8.05384E+08  1.05683E+09  7.88922E+08  1.07882E+10  1.39355E+10  1.06458E+10
 0.340   5.897   0.989  1.15076E+10  1.50147E+10  1.13368E+10  8.95008E+02  7.51457E+08  9.96337E+08  7.34409E+08  1.07561E+10  1.40183E+10  1.06024E+10
 0.350   6.512   1.022  1.22270E+10  1.60233E+10  1.20388E+10  9.59004E+02  9.29196E+08  1.23096E+09  9.09571E+08  1.12978E+10  1.47923E+10  1.11292E+10
 0.360   8.167   1.334  1.22957E+10  1.62020E+10  1.20981E+10  1.02980E+03  1.07857E+09  1.43443E+09  1.05598E+09  1.12172E+10  1.47675E+10  1.10421E+10
 0.370   8.217   1.118  1.21298E+10  1.60872E+10  1.19195E+10  1.13504E+03  1.04160E+09  1.39354E+09  1.01815E+09  1.10882E+10  1.46937E+10  1.09014E+10
 0.380   8.643   1.578  1.31020E+10  1.74639E+10  1.28641E+10  1.21885E+03  1.31438E+09  1.76580E+09  1.28479E+09  1.17876E+10  1.56981E+10  1.15793E+10
 0.390   8.203   1.522  1.31201E+10  1.75826E+10  1.28656E+10  1.32680E+03  1.33264E+09  1.79667E+09  1.30145E+09  1.17875E+10  1.57860E+10  1.15641E+10
 0.400   9.061   1.313  1.19976E+10  1.61515E+10  1.17475E+10  1.44418E+03  1.41539E+09  1.91005E+09  1.38271E+09  1.05822E+10  1.42415E+10  1.03648E+10
 0.410  10.733   1.959  1.28155E+10  1.72759E+10  1.25451E+10  1.49602E+03  1.70819E+09  2.31370E+09  1.66808E+09  1.11073E+10  1.49622E+10  1.08771E+10
 0.420   8.008   1.577  1.33808E+10  1.81844E+10  1.30601E+10  1.69058E+03  1.96313E+09  2.67951E+09  1.90195E+09  1.14176E+10  1.55049E+10  1.11581E+10
 0.430  10.885   1.487  1.26326E+10  1.71633E+10  1.23141E+10  1.77735E+03  2.32225E+09  3.16152E+09  2.24618E+09  1.03103E+10  1.40018E+10  1.00680E+10
 0.440  11.581   1.833  1.39903E+10  1.90918E+10  1.36342E+10  1.85694E+03  2.32250E+09  3.16755E+09  2.25315E+09  1.16678E+10  1.59242E+10  1.13810E+10
 0.450  10.768   1.904  1.48062E+10  2.02737E+10  1.44011E+10  1.99563E+03  2.43017E+09  3.33195E+09  2.35111E+09  1.23761E+10  1.69418E+10  1.20500E+10
 0.460  12.938   1.704  1.47322E+10  2.02633E+10  1.43063E+10  2.13755E+03  2.31282E+09  3.19038E+09  2.23151E+09  1.24194E+10  1.70730E+10  1.20748E+10
 0.470  14.174   1.413  1.43308E+10  1.97621E+10  1.38967E+10  2.26272E+03  2.24310E+09  3.09981E+09  2.16211E+09  1.20877E+10  1.66623E+10  1.17346E+10
 0.480  12.522   1.201  1.37611E+10  1.90618E+10  1.33163E+10  2.43617E+03  1.99513E+09  2.77064E+09  1.91668E+09  1.17660E+10  1.62911E+10  1.13996E+10
 0.490  12.679   1.140  1.39086E+10  1.93244E+10  1.34414E+10  2.56346E+03  2.04711E+09  2.84426E+09  1.96605E+09  1.18615E+10  1.64801E+10  1.14754E+10
 0.500  13.385   1.191  1.42063E+10  1.97844E+10  1.37148E+10  2.68092E+03  2.11651E+09  2.95112E+09  2.03025E+09  1.20898E+10  1.68333E+10  1.16845E+10
