  41
 0.100  7.12500E-01  2.07924E+07  1.16213E+07  1.33758E+07  1.93154E+07  6.39553E+06  2.55068E+08  1.01173E-01
 0.110  9.75000E-01  1.30412E+08  3.58020E+07  4.09842E+07  1.27109E+08  1.95097E+07  5.73405E+08  2.99822E-01
 0.120  1.23750E+00  1.98527E+08  2.04233E+08  2.32416E+08  1.93322E+08  1.61753E+08  9.08618E+08  1.86104E+00
 0.130  1.46250E+00  2.44598E+08  3.71901E+08  4.33668E+08  2.34416E+08  1.79714E+08  1.40113E+09  1.96202E+00
 0.140  1.83750E+00  2.11926E+08  4.68087E+08  5.60248E+08  2.02838E+08  1.00687E+08  1.68164E+09  1.06273E+00
 0.150  2.25000E+00  4.87829E+08  6.37285E+08  7.67054E+08  4.65720E+08  1.61031E+08  2.90701E+09  2.06827E+00
 0.160  2.92500E+00  7.80178E+08  9.67981E+08  1.16359E+09  7.34708E+08  3.04853E+08  4.44316E+09  3.64718E+00
 0.170  3.33750E+00  1.21464E+09  1.86968E+09  2.21697E+09  1.14643E+09  8.54260E+08  6.48686E+09  1.12690E+01
 0.180  3.67500E+00  1.23310E+09  2.95686E+09  3.56471E+09  1.14874E+09  7.95354E+08  8.12560E+09  8.61108E+00
 0.190  4.05000E+00  1.31662E+09  3.56150E+09  4.36742E+09  1.20032E+09  5.52792E+08  9.59632E+09  6.38359E+00
 0.200  4.38750E+00  1.44318E+09  4.07998E+09  5.07531E+09  1.30323E+09  4.57627E+08  1.13629E+10  4.76334E+00
 0.210  4.68750E+00  1.75632E+09  4.71560E+09  5.90356E+09  1.58142E+09  5.63771E+08  1.22111E+10  6.31692E+00
 0.220  5.17500E+00  1.28170E+09  5.36327E+09  6.76688E+09  1.12201E+09  5.73782E+08  1.34969E+10  5.40783E+00
 0.230  5.62500E+00  1.99408E+09  5.75410E+09  7.33567E+09  1.79557E+09  3.32428E+08  1.59256E+10  4.25328E+00
 0.240  6.15000E+00  2.76214E+09  6.94893E+09  8.79577E+09  2.42051E+09  1.00382E+09  1.97350E+10  1.34427E+01
 0.250  6.71250E+00  2.37233E+09  7.80034E+09  9.95106E+09  2.08350E+09  6.57583E+08  2.28186E+10  7.40752E+00
 0.260  7.27500E+00  2.62010E+09  9.00608E+09  1.14891E+10  2.23081E+09  1.08334E+09  2.62047E+10  1.36923E+01
 0.270  8.21250E+00  2.33674E+09  1.06861E+10  1.36363E+10  1.97009E+09  1.30039E+09  3.05707E+10  1.36512E+01
 0.280  8.77500E+00  3.76017E+09  1.28989E+10  1.65034E+10  3.22983E+09  1.35412E+09  4.13114E+10  1.49797E+01
 0.290  9.41250E+00  3.37808E+09  1.38753E+10  1.78839E+10  2.81707E+09  1.05005E+09  4.04428E+10  1.24624E+01
 0.300  9.90000E+00  4.20288E+09  1.48012E+10  1.92297E+10  3.55240E+09  7.90357E+08  4.37534E+10  8.81351E+00
 0.310  1.03875E+01  5.44375E+09  1.62770E+10  2.12670E+10  4.52242E+09  8.04680E+08  4.69668E+10  8.63837E+00
 0.320  1.08000E+01  4.82434E+09  1.78624E+10  2.33029E+10  4.07311E+09  1.46658E+09  4.73126E+10  1.61135E+01
 0.330  1.14750E+01  3.86979E+09  1.95530E+10  2.56478E+10  3.25865E+09  9.68157E+08  4.98998E+10  9.44416E+00
 0.340  1.19625E+01  4.38528E+09  2.02613E+10  2.67537E+10  3.63453E+09  7.08565E+08  5.22468E+10  6.92731E+00
 0.350  1.23375E+01  4.36392E+09  2.13322E+10  2.83132E+10  3.65316E+09  7.89559E+08  5.43057E+10  8.35630E+00
 0.360  1.27125E+01  4.87458E+09  2.25661E+10  3.01165E+10  4.14336E+09  6.38611E+08  5.90209E+10  6.90447E+00
 0.370  1.31250E+01  4.55415E+09  2.31829E+10  3.10900E+10  3.84665E+09  5.44755E+08  6.28758E+10  6.26624E+00
 0.380  1.35000E+01  4.20757E+09  2.38423E+10  3.21103E+10  3.59917E+09  5.28893E+08  6.23180E+10  5.22999E+00
 0.390  1.39125E+01  3.93344E+09  2.44137E+10  3.30159E+10  3.33325E+09  4.68998E+08  6.40452E+10  4.81649E+00
 0.400  1.43250E+01  5.04147E+09  2.50247E+10  3.39965E+10  4.38339E+09  3.81265E+08  6.92176E+10  4.52803E+00
 0.410  1.47375E+01  5.63294E+09  2.71987E+10  3.69843E+10  4.80986E+09  7.10602E+08  7.68994E+10  8.73945E+00
 0.420  1.51125E+01  4.76598E+09  2.75447E+10  3.76195E+10  4.13919E+09  3.47233E+08  7.60514E+10  4.02427E+00
 0.430  1.56000E+01  4.53478E+09  2.81544E+10  3.85363E+10  3.94186E+09  4.76842E+08  7.78655E+10  5.39948E+00
 0.440  1.59375E+01  4.50959E+09  2.85013E+10  3.91562E+10  3.95813E+09  3.00220E+08  8.03991E+10  2.89571E+00
 0.450  1.62750E+01  4.79093E+09  2.89576E+10  3.99008E+10  4.21124E+09  3.11247E+08  8.43201E+10  3.69172E+00
 0.460  1.66125E+01  4.54601E+09  2.91306E+10  4.02648E+10  4.02493E+09  2.44627E+08  8.47621E+10  2.43056E+00
 0.470  1.69500E+01  4.38104E+09  2.93814E+10  4.07266E+10  3.91683E+09  2.33400E+08  8.52977E+10  2.68337E+00
 0.480  1.72875E+01  3.92140E+09  2.96484E+10  4.12135E+10  3.47797E+09  1.81199E+08  8.78510E+10  1.86702E+00
 0.490  1.76250E+01  3.87381E+09  2.97846E+10  4.15086E+10  3.48734E+09  1.34242E+08  8.96454E+10  1.43940E+00
 0.500  1.80000E+01  4.25328E+09  2.99973E+10  4.18850E+10  3.74619E+09  1.92609E+08  9.12574E+10  2.14399E+00
