  41
 0.100         2194 -0.17905E-02  0.22168E-02 -0.97200E-02  0.19074E+02  0.38838E+02  0.17636E+01  0.57682E+00  0.18857E+00 -0.79481E+00   0.713   0.500
 0.110          177 -0.90987E-02 -0.48777E-02  0.13601E-01 -0.96420E+01 -0.10297E+02 -0.67695E+01  0.20400E+00 -0.68980E+00 -0.69466E+00   0.975   0.766
 0.120        52084 -0.92024E-03 -0.40900E-03  0.42945E-02 -0.39762E+02  0.13287E+02  0.95927E+01  0.58252E+00  0.49543E+00 -0.64437E+00   1.000   0.500
 0.130        55668 -0.24400E-02  0.88727E-03  0.26618E-02  0.30857E+02  0.50662E+02 -0.81299E+02  0.81981E+00  0.39762E+00 -0.41208E+00   1.114   0.500
 0.140        56777  0.15511E-02 -0.28636E-02  0.36989E-02 -0.28731E+01  0.24443E+02 -0.52238E+02  0.74920E+00  0.65406E+00 -0.10441E+00   1.100   0.500
 0.150        44833  0.51094E-03 -0.15328E-02  0.89414E-03 -0.50892E+02 -0.86299E+02  0.84277E+01  0.14975E+00  0.83872E+00  0.52357E+00   1.506   0.557
 0.160        46120 -0.68185E-03  0.13637E-02  0.27274E-02  0.13302E+02 -0.25946E+02  0.86387E+02  0.54537E+00  0.65711E+00  0.52037E+00   2.133   1.004
 0.170       155134  0.57951E-03  0.28975E-03  0.00000E+00  0.10101E+03  0.15454E+03  0.18010E+03  0.51095E+00  0.63023E+00  0.58459E+00   1.017   0.500
 0.180       339693  0.23019E-02 -0.30692E-03  0.12277E-02  0.20016E+02  0.41774E+02  0.21266E+02 -0.49915E+00  0.42462E+00  0.75535E+00   1.871   0.502
 0.190       249023 -0.32367E-03 -0.97100E-03 -0.64733E-03 -0.23329E+03  0.21148E+03  0.83502E+02 -0.73031E+00 -0.19227E+00  0.65550E+00   2.562   0.689
 0.200        72064 -0.17046E-03  0.30684E-02  0.15342E-02  0.64639E+02 -0.13297E+03  0.10355E+03 -0.79234E+00 -0.27482E+00  0.54468E+00   2.951   0.660
 0.210       459290  0.14306E-02  0.00000E+00 -0.10729E-02  0.31845E+03 -0.14786E+02  0.27276E+03 -0.78261E+00 -0.35646E+00  0.51034E+00   3.171   0.937
 0.220        63967  0.56249E-03  0.11250E-02 -0.56249E-03  0.22585E+02  0.13453E+03  0.19904E+03 -0.77820E+00 -0.41121E+00  0.47466E+00   3.442   0.718
 0.230       456276  0.78387E-03  0.19597E-02 -0.39194E-03  0.99000E+02  0.13110E+03  0.46347E+02 -0.74867E+00 -0.52854E+00  0.40018E+00   4.053   0.855
 0.240        67942  0.20442E-03  0.00000E+00  0.36796E-02  0.10826E+03 -0.10472E+03  0.18316E+03 -0.60896E+00 -0.72188E+00  0.32873E+00   4.217   1.106
 0.250       339937 -0.25552E-02 -0.29811E-02 -0.17035E-02 -0.89844E+02  0.74323E+02  0.62223E+02 -0.45212E+00 -0.82257E+00  0.34492E+00   4.446   1.347
 0.260        61800  0.00000E+00  0.00000E+00 -0.66487E-03  0.48937E+02 -0.10337E+03  0.49442E+02 -0.66150E+00 -0.65638E+00  0.36273E+00   2.047   0.500
 0.270       400966 -0.23002E-03  0.18401E-02 -0.46003E-03 -0.89386E+02 -0.91381E+01  0.63214E+02 -0.51066E+00 -0.75685E+00  0.40793E+00   1.401   0.500
 0.280       361056  0.14308E-02  0.14308E-02 -0.26231E-02 -0.17178E+03  0.31668E+03  0.21193E+03 -0.59136E+00 -0.59944E+00  0.53941E+00   4.659   2.103
 0.290       266144 -0.74173E-03 -0.98897E-03  0.24724E-03  0.74396E+02 -0.40174E+02  0.10863E+03 -0.45412E+00 -0.68053E+00  0.57503E+00   5.693   0.890
 0.300       339603 -0.10221E-02  0.00000E+00  0.51104E-03 -0.69672E+02  0.12930E+03  0.49195E+02 -0.42421E+00 -0.73817E+00  0.52454E+00   5.069   1.030
 0.310       531939  0.79272E-03 -0.26424E-02  0.13212E-02  0.35928E+03  0.48462E+02 -0.10350E+03 -0.62160E+00 -0.62094E+00  0.47755E+00   6.029   1.469
 0.320      1088610 -0.54520E-03 -0.16356E-02  0.00000E+00 -0.81315E+02  0.26881E+02 -0.52158E+02 -0.62277E+00 -0.58100E+00  0.52401E+00   4.737   0.599
 0.330        94903 -0.84400E-03 -0.16880E-02 -0.84400E-03 -0.96412E+02  0.94136E+02 -0.38971E+03 -0.45176E+00 -0.74060E+00  0.49742E+00   6.097   1.015
 0.340      1950529  0.11582E-02 -0.11582E-02  0.57910E-03 -0.19949E+03  0.26627E+03 -0.32477E+03 -0.46381E+00 -0.75947E+00  0.45616E+00   5.897   0.989
 0.350      1088691 -0.29835E-03  0.00000E+00  0.11934E-02  0.36749E+02  0.57198E+02  0.48201E+02 -0.43702E+00 -0.80383E+00  0.40358E+00   6.512   1.022
 0.360       549669 -0.18399E-02  0.61329E-03  0.18399E-02  0.15171E+03 -0.97991E+02  0.29819E+03 -0.44238E+00 -0.85976E+00  0.25518E+00   8.167   1.334
 0.370      2017129  0.63060E-03  0.00000E+00  0.18918E-02 -0.52589E+02 -0.21531E+03  0.82140E+01 -0.50005E+00 -0.81583E+00  0.29047E+00   8.217   1.118
 0.380      1139107  0.64743E-03  0.12949E-02 -0.64743E-03  0.19066E+03  0.39919E+02 -0.17503E+03 -0.55167E+00 -0.80901E+00  0.20289E+00   8.643   1.578
 0.390      2432313 -0.13291E-02 -0.13291E-02  0.66453E-03 -0.40743E+02 -0.17655E+03  0.47431E+02 -0.59321E+00 -0.77288E+00  0.22529E+00   8.203   1.522
 0.400       347361 -0.13635E-02  0.00000E+00  0.00000E+00  0.42125E+03 -0.22435E+03 -0.35552E+03 -0.67202E+00 -0.71149E+00  0.20534E+00   9.061   1.313
 0.410      2325411  0.00000E+00 -0.69826E-03  0.20948E-02  0.35643E+03 -0.11914E+03  0.21496E+03 -0.76217E+00 -0.62792E+00  0.15752E+00  10.733   1.959
 0.420       566493 -0.14313E-02  0.00000E+00  0.21470E-02 -0.95409E+02 -0.12188E+02 -0.47941E+02 -0.74516E+00 -0.65678E+00  0.11568E+00   8.008   1.577
 0.430       101557  0.73296E-03  0.00000E+00  0.29318E-02 -0.16844E+03 -0.49509E+02  0.33122E+03 -0.82903E+00 -0.53954E+00  0.14700E+00  10.885   1.487
 0.440      1180382  0.14990E-02  0.74948E-03  0.29979E-02 -0.19989E+03  0.19302E+03  0.28215E+03 -0.84677E+00 -0.51499E+00  0.13330E+00  11.581   1.833
 0.450       168396 -0.76679E-03 -0.15336E-02  0.76679E-03 -0.23052E+02 -0.51106E+03 -0.14854E+03 -0.86735E+00 -0.48970E+00  0.88804E-01  10.768   1.904
 0.460      3255725 -0.15670E-02  0.78352E-03  0.00000E+00  0.13564E+03  0.67040E+02  0.55670E+02 -0.90364E+00 -0.41747E+00  0.95644E-01  12.938   1.704
 0.470      1960293  0.16026E-02  0.80132E-03  0.16026E-02  0.46544E+02  0.15475E+03  0.22979E+03 -0.92850E+00 -0.35027E+00  0.12327E+00  14.174   1.413
 0.480      2118378  0.81829E-03  0.00000E+00  0.81829E-03 -0.46267E+01  0.40837E+03  0.34060E+03 -0.94892E+00 -0.29580E+00  0.10982E+00  12.522   1.201
 0.490       276439 -0.25050E-02  0.83499E-03  0.83499E-03 -0.10372E+03 -0.10627E+03 -0.60163E+02 -0.95390E+00 -0.27696E+00  0.11560E+00  12.679   1.140
 0.500      2513544  0.85171E-03  0.00000E+00 -0.85171E-03  0.14850E+03  0.23273E+03  0.21921E+03 -0.95962E+00 -0.24344E+00  0.14097E+00  13.385   1.191
