  41
 0.100   0.713  1.16213E+07  1.33758E+07  1.15260E+07  1.13960E+02  0.00000E+00  0.00000E+00  0.00000E+00  1.16213E+07  1.33758E+07  1.15260E+07
 0.110   0.975  3.58020E+07  4.09842E+07  3.55449E+07  1.13468E+02  8.10120E+06  9.78853E+06  7.99257E+06  2.77008E+07  3.11957E+07  2.75523E+07
 0.120   1.000  1.92706E+08  2.18829E+08  1.92000E+08  7.82347E+01  1.43897E+07  1.75105E+07  1.41801E+07  1.78316E+08  2.01319E+08  1.77820E+08
 0.130   1.114  3.54135E+08  4.13369E+08  3.52255E+08  1.20356E+02  2.48809E+07  3.06318E+07  2.44668E+07  3.29254E+08  3.82737E+08  3.27788E+08
 0.140   1.100  4.30276E+08  5.15057E+08  4.26880E+08  1.82545E+02  3.09245E+07  3.81243E+07  3.04011E+07  3.99351E+08  4.76932E+08  3.96479E+08
 0.150   1.506  6.06575E+08  7.30381E+08  6.00866E+08  2.23962E+02  5.78213E+07  7.18175E+07  5.67973E+07  5.48754E+08  6.58563E+08  5.44069E+08
 0.160   2.133  9.42273E+08  1.13288E+09  9.33376E+08  2.38008E+02  8.90705E+07  1.11522E+08  8.73435E+07  8.53203E+08  1.02136E+09  8.46032E+08
 0.170   1.017  1.64335E+09  1.94595E+09  1.63126E+09  2.03679E+02  6.13618E+07  7.79272E+07  5.98494E+07  1.58199E+09  1.86802E+09  1.57141E+09
 0.180   1.871  2.72454E+09  3.28304E+09  2.70303E+09  2.38031E+02  2.97946E+08  3.72161E+08  2.93441E+08  2.42659E+09  2.91088E+09  2.40959E+09
 0.190   2.562  3.32398E+09  4.07654E+09  3.29202E+09  3.03761E+02  3.93838E+08  4.98294E+08  3.86903E+08  2.93014E+09  3.57824E+09  2.90511E+09
 0.200   2.951  3.87070E+09  4.81511E+09  3.82623E+09  3.77516E+02  5.00975E+08  6.39255E+08  4.91141E+08  3.36972E+09  4.17585E+09  3.33509E+09
 0.210   3.171  4.44949E+09  5.57328E+09  4.39226E+09  4.38908E+02  5.58374E+08  7.18535E+08  5.46116E+08  3.89111E+09  4.85475E+09  3.84615E+09
 0.220   3.442  5.06374E+09  6.39203E+09  4.99187E+09  5.03477E+02  6.21302E+08  8.05063E+08  6.06313E+08  4.44244E+09  5.58697E+09  4.38556E+09
 0.230   4.053  5.55353E+09  7.08227E+09  5.46431E+09  5.89107E+02  7.70354E+08  1.00211E+09  7.50960E+08  4.78318E+09  6.08017E+09  4.71335E+09
 0.240   4.217  6.58446E+09  8.35955E+09  6.47768E+09  6.16282E+02  8.50969E+08  1.11403E+09  8.27648E+08  5.73349E+09  7.24552E+09  5.65003E+09
 0.250   4.446  7.43440E+09  9.49712E+09  7.30907E+09  6.67052E+02  9.63198E+08  1.25981E+09  9.36600E+08  6.47120E+09  8.23732E+09  6.37247E+09
 0.260   2.047  7.04193E+09  8.99735E+09  6.91649E+09  7.28622E+02  4.89806E+08  6.48908E+08  4.72765E+08  6.55212E+09  8.34844E+09  6.44372E+09
 0.270   1.401  7.68890E+09  9.77535E+09  7.55824E+09  7.22126E+02  3.71721E+08  4.93420E+08  3.57609E+08  7.31718E+09  9.28193E+09  7.20063E+09
 0.280   4.659  1.20774E+10  1.54479E+10  1.18806E+10  7.34442E+02  1.50881E+09  1.98383E+09  1.46766E+09  1.05686E+10  1.34641E+10  1.04130E+10
 0.290   5.693  1.33998E+10  1.72705E+10  1.31705E+10  8.03144E+02  1.60562E+09  2.12973E+09  1.55725E+09  1.17942E+10  1.51407E+10  1.16133E+10
 0.300   5.069  1.41555E+10  1.83889E+10  1.38999E+10  8.79974E+02  1.54777E+09  2.06506E+09  1.49792E+09  1.26077E+10  1.63239E+10  1.24020E+10
 0.310   6.029  1.55475E+10  2.03209E+10  1.52515E+10  9.60766E+02  1.92144E+09  2.57114E+09  1.85950E+09  1.36261E+10  1.77497E+10  1.33920E+10
 0.320   4.737  1.66055E+10  2.16968E+10  1.62867E+10  1.00221E+03  1.57555E+09  2.12233E+09  1.51820E+09  1.50299E+10  1.95744E+10  1.47685E+10
 0.330   6.097  1.86279E+10  2.44474E+10  1.82579E+10  1.06124E+03  2.14665E+09  2.87774E+09  2.07521E+09  1.64813E+10  2.15696E+10  1.61827E+10
 0.340   5.897  1.90682E+10  2.52031E+10  1.86634E+10  1.15829E+03  1.99158E+09  2.68358E+09  1.91989E+09  1.70766E+10  2.25195E+10  1.67435E+10
 0.350   6.512  2.03615E+10  2.70350E+10  1.99076E+10  1.24753E+03  2.35429E+09  3.17338E+09  2.27183E+09  1.80072E+10  2.38616E+10  1.76357E+10
 0.360   8.167  2.18876E+10  2.92238E+10  2.13735E+10  1.34629E+03  3.19214E+09  4.31329E+09  3.08646E+09  1.86954E+10  2.49105E+10  1.82870E+10
 0.370   8.217  2.23746E+10  3.00178E+10  2.18202E+10  1.45295E+03  3.10046E+09  4.20473E+09  2.99253E+09  1.92742E+10  2.58130E+10  1.88277E+10
 0.380   8.643  2.29508E+10  3.09312E+10  2.23497E+10  1.56443E+03  3.15325E+09  4.29588E+09  3.03758E+09  1.97976E+10  2.66353E+10  1.93121E+10
 0.390   8.203  2.33210E+10  3.15681E+10  2.26765E+10  1.68074E+03  3.13428E+09  4.28195E+09  3.01491E+09  2.01867E+10  2.72861E+10  1.96616E+10
 0.400   9.061  2.40638E+10  3.26950E+10  2.33653E+10  1.79611E+03  3.43116E+09  4.69266E+09  3.29916E+09  2.06326E+10  2.80023E+10  2.00662E+10
 0.410  10.733  2.50621E+10  3.41423E+10  2.43022E+10  1.90441E+03  3.87194E+09  5.31519E+09  3.71914E+09  2.11902E+10  2.88271E+10  2.05830E+10
 0.420   8.008  2.55976E+10  3.50239E+10  2.47611E+10  2.06192E+03  4.40363E+09  6.04576E+09  4.21395E+09  2.11940E+10  2.89782E+10  2.05472E+10
 0.430  10.885  2.70887E+10  3.71145E+10  2.61772E+10  2.15807E+03  5.17250E+09  7.10888E+09  4.95174E+09  2.19163E+10  3.00056E+10  2.12254E+10
 0.440  11.581  2.76687E+10  3.80272E+10  2.67007E+10  2.27506E+03  5.38687E+09  7.42369E+09  5.15173E+09  2.22818E+10  3.06035E+10  2.15490E+10
 0.450  10.768  2.77351E+10  3.82296E+10  2.67186E+10  2.41027E+03  5.21907E+09  7.21843E+09  4.97984E+09  2.25160E+10  3.10111E+10  2.17387E+10
 0.460  12.938  2.83451E+10  3.91984E+10  2.72632E+10  2.54844E+03  5.56158E+09  7.71902E+09  5.29773E+09  2.27835E+10  3.14794E+10  2.19655E+10
 0.470  14.174  2.89395E+10  4.01212E+10  2.77938E+10  2.67969E+03  5.85993E+09  8.14891E+09  5.57818E+09  2.30795E+10  3.19723E+10  2.22156E+10
 0.480  12.522  2.86483E+10  3.98491E+10  2.74615E+10  2.83868E+03  5.56663E+09  7.76742E+09  5.28388E+09  2.30817E+10  3.20817E+10  2.21777E+10
 0.490  12.679  2.88178E+10  4.01820E+10  2.75795E+10  2.97776E+03  5.62348E+09  7.85633E+09  5.33179E+09  2.31943E+10  3.23257E+10  2.22477E+10
 0.500  13.385  2.91633E+10  4.07448E+10  2.78682E+10  3.11388E+03  5.75430E+09  8.05906E+09  5.44781E+09  2.34090E+10  3.26857E+10  2.24204E+10
