  42
 0.150   1.741   1.270  4.64849E-04  6.19884E-04  1.31053E-03
 0.160   2.045   1.559  5.58563E-02  6.96830E-02  3.47498E-02
 0.170   1.888   1.317  4.22013E-02  4.94389E-02  2.86304E-02
 0.180   2.441   1.820  4.70565E-02  4.90169E-02  3.74489E-02
 0.190   3.450   2.907  2.95977E-03  1.73113E-03  6.09830E-03
 0.200   4.241   2.433  9.29177E-02  6.76076E-02  9.43167E-02
 0.210   3.907   2.109  8.05682E-01  1.00761E+00  5.10674E-01
 0.220   3.462   2.642  2.84733E-01  3.41502E-01  1.83332E-01
 0.230   5.129   4.529  6.48448E-02  6.99304E-02  4.66341E-02
 0.240   5.447   3.910  3.52160E-01  3.88730E-01  2.79911E-01
 0.250   4.838   2.438  2.20779E-01  2.62869E-01  1.69325E-01
 0.260   5.819   2.541  1.52151E-01  1.75491E-01  1.25659E-01
 0.270   5.777   3.150  5.03789E-01  5.59728E-01  4.16659E-01
 0.280   6.239   3.719  1.79118E-01  2.13758E-01  1.36311E-01
 0.290   6.633   3.323  7.74198E-01  8.83116E-01  5.69046E-01
 0.300   7.420   4.338  5.38234E-01  5.06853E-01  5.67878E-01
 0.310   5.965   3.474  2.50459E-01  2.39607E-01  2.36404E-01
 0.320   7.967   3.431  7.41189E-01  6.85317E-01  7.07490E-01
 0.330   7.001   3.077  1.28946E+00  1.46480E+00  1.05463E+00
 0.340   9.411   5.746  2.96459E-01  3.17654E-01  3.04944E-01
 0.350   7.372   5.896  3.69222E-01  4.39071E-01  2.42905E-01
 0.360  10.082   5.154  5.67810E-01  4.75177E-01  6.88156E-01
 0.370   8.283   2.766  5.99276E-01  7.03808E-01  4.50690E-01
 0.380   6.958   2.784  5.02522E-01  5.41889E-01  4.05393E-01
 0.390   9.261   3.565  1.31945E-01  1.30788E-01  1.30148E-01
 0.400   8.799   3.163  3.34636E-01  3.72836E-01  2.72157E-01
 0.410  10.999   2.887  3.04534E-01  3.38580E-01  2.32227E-01
 0.420  10.794   2.753  9.53654E-02  1.12985E-01  8.10658E-02
 0.430  12.785   2.621  5.30035E-02  5.22620E-02  5.57192E-02
 0.440  13.068   2.721  4.19837E-02  2.47003E-02  1.04028E-01
 0.450  12.394   2.367  3.44377E-02  3.19839E-02  3.48605E-02
 0.460  13.232   2.513  6.05233E-02  6.65643E-02  4.42245E-02
 0.470  13.343   2.783  4.06440E-02  3.46072E-02  5.99292E-02
 0.480  15.249   3.462  2.72962E-01  2.77942E-01  2.38053E-01
 0.490  14.244   3.056  2.98327E-01  2.89975E-01  2.68172E-01
 0.500  14.999   3.124  2.24467E-01  2.42111E-01  1.71461E-01
 0.510  15.254   3.292  5.11818E-01  5.50839E-01  4.18838E-01
 0.520  17.778   4.392  7.06046E-01  5.55211E-01  1.03187E+00
 0.530  20.187   4.874  7.80849E-01  7.90500E-01  7.38824E-01
 0.540  19.479   4.371  2.29785E-01  2.80906E-01  2.15181E-01
 0.550  19.205   6.102  1.14025E+00  1.10173E+00  9.60329E-01
 0.560  20.878   7.612  1.27871E+00  1.14267E+00  1.41325E+00
