  42
 0.150        20934 -0.76677E-02 -0.61342E-02 -0.36294E-01 -0.36921E+02  0.20079E+02  0.16230E+02 -0.25154E+00 -0.66500E+00  0.70321E+00   1.741   1.270
 0.160         3084 -0.10899E-01  0.30791E-01 -0.14169E-01  0.28238E+01 -0.14429E+02 -0.11538E+02  0.74949E+00  0.58664E-01 -0.65941E+00   2.045   1.559
 0.170        20411  0.23171E-01 -0.40549E-02 -0.27226E-01  0.23182E+02  0.36442E+02 -0.15260E+02 -0.18030E+00 -0.46853E+00  0.86485E+00   1.888   1.317
 0.180        20754  0.12571E-01 -0.10425E-01 -0.13491E-01  0.12371E+01  0.18171E+02 -0.12794E+02  0.55109E+00  0.77569E+00 -0.30758E+00   2.441   1.820
 0.190        30911  0.22664E-01  0.14246E-01 -0.11008E-01  0.27759E+02  0.50367E+02 -0.46814E+00  0.35547E-01  0.61174E+00 -0.79026E+00   3.450   2.907
 0.200        81080  0.44279E-02 -0.24524E-01  0.17712E-01  0.45637E+02 -0.14497E+02  0.92318E+01 -0.38655E+00 -0.90829E+00  0.15998E+00   4.241   2.433
 0.210        50045 -0.64397E-02  0.28621E-02  0.64397E-02 -0.11545E+02  0.15255E+02 -0.78687E+00  0.36652E+00  0.54542E+00  0.75378E+00   3.907   2.109
 0.220        46579 -0.52470E-02  0.59966E-02  0.20988E-01  0.15550E+01 -0.26324E+02 -0.19219E+02 -0.77300E+00 -0.60957E+00  0.17577E+00   3.462   2.642
 0.230        79579 -0.13716E-01 -0.20378E-01 -0.54864E-02  0.22320E+02 -0.43203E+01  0.18559E+02  0.50562E-01 -0.52760E+00  0.84798E+00   5.129   4.529
 0.240        29032  0.15951E-01  0.65438E-02 -0.98158E-02  0.48712E+02  0.87855E+01  0.13130E+02  0.45012E+00 -0.74467E+00  0.49280E+00   5.447   3.910
 0.250        18505  0.14059E-01 -0.34082E-02 -0.93726E-02 -0.45420E+02 -0.61034E+01 -0.25934E+02  0.19917E+00 -0.95330E+00 -0.22704E+00   4.838   2.438
 0.260        62786  0.88622E-03  0.17724E-02 -0.11521E-01 -0.44341E+02 -0.49293E+02  0.16283E+02  0.60145E+00 -0.76097E+00  0.24327E+00   5.819   2.541
 0.270        79584  0.23006E-02 -0.17484E-01 -0.92022E-03 -0.22654E+02  0.34129E+02  0.13383E+02  0.60493E+00 -0.77550E+00  0.18072E+00   5.777   3.150
 0.280       156105  0.21953E-01 -0.85905E-02  0.76360E-02  0.53255E+01 -0.41150E+01  0.10410E+02  0.46144E+00 -0.81094E+00  0.35978E+00   6.239   3.719
 0.290       156213  0.16304E-01 -0.29644E-02  0.19762E-02 -0.40982E+02  0.98323E+01  0.58466E+02  0.74684E+00 -0.62231E+00  0.23445E+00   6.633   3.323
 0.300       182455  0.66431E-02 -0.20440E-02 -0.51101E-02  0.19938E+02  0.56515E+02 -0.32587E+02  0.73933E+00 -0.67013E+00 -0.65738E-01   7.420   4.338
 0.310       155478 -0.95042E-02 -0.31681E-02  0.10560E-02  0.17061E+02 -0.63613E+02 -0.14163E+02  0.65696E+00 -0.63958E+00 -0.39918E+00   5.965   3.474
 0.320       251026  0.92700E-02 -0.98153E-02  0.15268E-01 -0.48528E+02 -0.79271E+01  0.38683E+02  0.65727E+00 -0.70418E+00  0.26857E+00   7.967   3.431
 0.330       243243 -0.50589E-02  0.00000E+00 -0.89936E-02  0.50140E+02  0.55529E+02 -0.16765E+02  0.49683E+00 -0.42174E+00  0.75848E+00   7.001   3.077
 0.340        43660 -0.19109E-01 -0.10423E-01  0.11581E-02 -0.25562E+02 -0.45745E+02  0.47458E+02 -0.92323E-02  0.24776E+00  0.96878E+00   9.411   5.746
 0.350       231635 -0.16097E-01 -0.59617E-02 -0.71540E-02 -0.63831E+02 -0.53197E+02  0.80399E+01  0.65959E-01 -0.83824E+00  0.54130E+00   7.372   5.896
 0.360       154769  0.30665E-02  0.24532E-02  0.15946E-01 -0.39677E+01  0.25916E+02 -0.10953E+02  0.46433E-01 -0.35252E+00  0.93465E+00  10.082   5.154
 0.370       379342  0.44113E-02 -0.11343E-01  0.12604E-01 -0.39773E+02 -0.35141E+02 -0.27062E+02 -0.83811E+00  0.38670E+00  0.38475E+00   8.283   2.766
 0.380       217256  0.71214E-02  0.14243E-01  0.51792E-02 -0.58872E+02  0.10168E+02 -0.21632E+02 -0.76575E+00  0.24555E+00  0.59442E+00   6.958   2.784
 0.390        27226  0.46519E-02 -0.39874E-02 -0.79748E-02  0.80711E+02 -0.40566E+01  0.11914E+03 -0.55675E+00 -0.18696E-01  0.83047E+00   9.261   3.565
 0.400       444558 -0.13628E-02 -0.54511E-02 -0.27256E-02 -0.35994E+02 -0.37632E+02 -0.70831E+02  0.47691E+00 -0.50687E+00  0.71808E+00   8.799   3.163
 0.410        30476  0.69869E-03 -0.41921E-02  0.41921E-02  0.14576E+02  0.88251E+02 -0.37690E+02  0.33845E+00 -0.54655E+00  0.76599E+00  10.999   2.887
 0.420       509354 -0.14312E-02  0.00000E+00 -0.14312E-02  0.15213E+02 -0.76042E+02  0.25737E+01  0.41806E+00 -0.57724E+00  0.70144E+00  10.794   2.753
 0.430       502291 -0.29299E-02 -0.14650E-02  0.00000E+00 -0.90903E+02  0.73899E+02 -0.28244E+02  0.33793E+00 -0.64248E+00  0.68777E+00  12.785   2.621
 0.440       518887  0.14988E-02 -0.29976E-02  0.14988E-02 -0.30968E+02 -0.13307E+03 -0.63483E+02  0.39406E+00 -0.55720E+00  0.73092E+00  13.068   2.721
 0.450       546843  0.15334E-02  0.15334E-02  0.15334E-02 -0.13116E+03  0.33769E+01  0.46941E+02  0.32313E+00 -0.49773E+00  0.80490E+00  12.394   2.367
 0.460       480610  0.23520E-02  0.15680E-02  0.00000E+00 -0.50070E+01  0.49382E+02 -0.54182E+02  0.51972E+00 -0.45055E+00  0.72588E+00  13.232   2.513
 0.470       617877 -0.48029E-02  0.16010E-02  0.00000E+00  0.37257E+02  0.23720E+02 -0.46623E+01  0.42894E+00 -0.46767E+00  0.77285E+00  13.343   2.783
 0.480       622758 -0.40876E-02  0.49052E-02  0.16351E-02  0.47198E+02  0.94621E+01 -0.23767E+02  0.42667E+00 -0.44756E+00  0.78590E+00  15.249   3.462
 0.490       525613  0.16691E-02  0.00000E+00  0.00000E+00 -0.15492E+02  0.99962E+02  0.65056E+02  0.47595E+00 -0.48530E+00  0.73345E+00  14.244   3.056
 0.500       589914  0.17045E-02  0.00000E+00  0.00000E+00  0.68223E+02 -0.69112E+02 -0.26331E+02  0.46476E+00 -0.48999E+00  0.73750E+00  14.999   3.124
 0.510       383941 -0.17387E-02  0.52161E-02 -0.34774E-02  0.54730E+02 -0.12111E+03  0.47880E+02  0.53777E+00 -0.48376E+00  0.69049E+00  15.254   3.292
 0.520       576356 -0.17721E-02 -0.53164E-02  0.70886E-02  0.49413E+02 -0.25727E+02 -0.18434E+02  0.52390E+00 -0.45371E+00  0.72088E+00  17.778   4.392
 0.530       559630  0.36134E-02 -0.54200E-02  0.36134E-02 -0.29923E+02  0.24216E+02  0.10696E+03  0.51145E+00 -0.45310E+00  0.73015E+00  20.187   4.874
 0.540       625601  0.00000E+00 -0.18396E-02  0.55187E-02 -0.35374E+02 -0.20932E+02 -0.67465E+01  0.59390E+00 -0.47055E+00  0.65259E+00  19.479   4.371
 0.550       545756 -0.37483E-02  0.00000E+00  0.18741E-02  0.13747E+02 -0.55742E+01  0.63709E+02  0.67932E+00 -0.41526E+00  0.60504E+00  19.205   6.102
 0.560       556855 -0.19076E-02  0.38151E-02 -0.19076E-02 -0.69701E+01  0.23683E+02 -0.18946E+01  0.54523E+00 -0.72823E+00  0.41521E+00  20.878   7.612
