  42
 0.150  2.85311E-01 -2.57451E-01 -2.88075E-01  6.33637E+01 -5.05965E+00  6.18012E+01 -2.51537E-01 -6.64997E-01  7.03212E-01  3.72482E+01   1.741   1.270  6.18541E+07  5.85992E+07  3.58826E+06  0.00000E+00  1.20883E+08  4.64849E-04  2.60740E+02   7.065   7.260
 0.160 -8.58061E-02  6.69856E-01  8.92802E-02  2.45936E+01  4.26549E+00  2.57806E+01  7.49488E-01  5.86642E-02 -6.59413E-01  5.67487E+01   2.045   1.559  1.83354E+08  1.72445E+08  6.23483E+06  9.04980E+05  1.28532E+08  5.58563E-02  1.94848E+02   7.376   7.215
 0.170  2.34061E-01  6.72552E-02 -2.13239E-01  2.68387E+01 -9.90548E+00  2.64510E+01 -1.80300E-01 -4.68530E-01  8.64853E-01  2.10245E+01   1.888   1.317  1.88515E+08  1.78063E+08  6.05679E+06  9.04030E+05  1.23710E+08  4.22013E-02  2.53769E+02   7.413   7.290
 0.180 -3.64269E-01  5.41930E-01  7.09528E-02  1.64619E+01  3.16452E+00  2.36687E+01  5.51087E-01  7.75693E-01 -3.07578E-01  4.08512E+01   2.441   1.820  2.22626E+08  2.01449E+08  1.26828E+07  3.14958E+06  1.90054E+08  4.70565E-02  3.16064E+02   7.612   7.345
 0.190 -1.26235E-01  5.99052E-01  3.06727E-01  2.24030E+01  1.15771E+01  1.89895E+01  3.55472E-02  6.11742E-01 -7.90258E-01  3.58399E+01   3.450   2.907  2.24206E+08  1.86763E+08  1.28958E+07  3.61104E+06  2.71613E+08  2.95977E-03  4.04808E+02   7.405   7.405
 0.200  9.13357E-01 -1.68998E-02  3.07287E-01 -2.54219E+01  3.32036E+00 -5.40847E+00 -3.86553E-01 -9.08286E-01  1.59980E-01  3.77172E+01   4.241   2.433  4.38372E+08  3.83619E+08  3.17768E+07  8.09250E+06  5.56278E+08  9.29177E-02  3.72540E+02   7.676   7.443
 0.210  1.07119E+00 -3.47838E-01 -4.51210E-02  7.77805E+00  4.50003E+01 -9.30871E+01  3.66519E-01  5.45419E-01  7.53778E-01  2.13739E+02   3.907   2.109  1.42777E+09  1.38273E+09  7.59029E+07  1.30246E+07  7.70609E+08  8.05682E-01  2.05975E+02   7.538   7.454
 0.220 -4.71331E-01 -1.28790E-01 -1.20232E+00  7.19392E+01 -5.24456E+01  5.57595E+01 -7.72999E-01 -6.09573E-01  1.75766E-01  1.14570E+02   3.462   2.642  4.54303E+08  4.11971E+08  3.35577E+07  3.44672E+06  2.77432E+08  2.84733E-01  3.30337E+02   7.716   7.535
 0.230  1.15925E-01 -1.16170E+00  1.44395E+00 -2.64981E+01  4.82180E+00  3.73387E+00  5.05617E-02 -5.27604E-01  8.47984E-01  9.74105E+01   5.129   4.529  1.12184E+09  9.60994E+08  3.49680E+07  1.06700E+07  6.24036E+08  6.48448E-02  5.76919E+02   7.797   7.554
 0.240  9.14454E-02 -4.14243E-02 -5.36194E-02 -1.36395E+01  2.11777E+01  1.66575E+00  4.50122E-01 -7.44672E-01  4.92802E-01  1.27752E+02   5.447   3.910  1.48885E+09  1.28969E+09  7.11881E+07  2.81302E+07  7.39515E+08  3.52160E-01  4.32831E+02   7.801   7.548
 0.250  1.26355E-01  4.79647E-02  2.04344E-01 -2.89266E+01 -1.80272E+01  1.81092E+01  1.99171E-01 -9.53300E-01 -2.27045E-01  6.99834E+01   4.838   2.438  9.90148E+08  8.91228E+08  9.77866E+07  4.03452E+07  8.42440E+08  2.20779E-01  5.76164E+02   7.940   7.654
 0.260  3.76448E-01  5.64578E-01  2.08702E-01 -2.10677E+00 -1.48308E+01  5.37159E+01  6.01451E-01 -7.60970E-01  2.43273E-01  2.18757E+02   5.819   2.541  1.05582E+09  9.54333E+08  9.59722E+07  3.55849E+07  7.76678E+08  1.52151E-01  5.62134E+02   7.900   7.704
 0.270  1.16488E+00 -6.58348E-02 -4.91117E-01  3.56454E+01  4.54799E+01  2.37189E+01  6.04933E-01 -7.75497E-01  1.80721E-01  2.51217E+02   5.777   3.150  1.10362E+09  9.99942E+08  1.39011E+08  4.45139E+07  8.92074E+08  5.03789E-01  5.73393E+02   7.935   7.768
 0.280  2.22224E+00  1.01793E+00 -9.49435E-02 -3.65940E+00 -2.85935E+00  1.31675E+01  4.61444E-01 -8.10943E-01  3.59779E-01  1.79434E+02   6.239   3.719  1.62819E+09  1.44996E+09  1.33466E+08  5.18191E+07  1.14806E+09  1.79118E-01  7.92132E+02   7.901   7.739
 0.290  8.07245E-01  8.05987E-01 -4.01233E-01 -1.85361E-01  9.35273E+00  3.14370E+01  7.46835E-01 -6.22311E-01  2.34449E-01  4.01556E+02   6.633   3.323  2.05020E+09  1.88105E+09  2.14107E+08  6.83570E+07  1.34335E+09  7.74198E-01  6.83730E+02   7.849   7.767
 0.300 -1.03847E-01 -2.66705E-01  1.20557E+00 -1.51949E+01 -3.54399E+01  9.49543E+00  7.39326E-01 -6.70131E-01 -6.57377E-02  3.70722E+02   7.420   4.338  1.59422E+09  1.40794E+09  3.06995E+08  9.41137E+07  1.80360E+09  5.38234E-01  7.05470E+02   7.899   7.771
 0.310 -1.10218E-01 -1.45372E-01 -2.81291E-01  3.97580E+01  4.67320E+01  1.82517E+01  6.56961E-01 -6.39575E-01 -3.99182E-01  1.84989E+02   5.965   3.474  1.59096E+09  1.44297E+09  3.02672E+08  9.11900E+07  1.45434E+09  2.50459E-01  8.46219E+02   7.968   7.815
 0.320  6.33941E-01  4.28500E-01  1.18136E-01  1.89607E+01  2.07679E+01  2.65358E+01  6.57266E-01 -7.04183E-01  2.68566E-01  1.84511E+02   7.967   3.431  1.89290E+09  1.72728E+09  3.02848E+08  8.30293E+07  1.77625E+09  7.41189E-01  8.54117E+02   8.023   7.866
 0.330 -4.74972E-02 -6.13697E-01 -2.12091E-01  9.99238E+01  8.18969E+01 -2.67833E+01  4.96829E-01 -4.21739E-01  7.58483E-01  3.67758E+02   7.001   3.077  3.62558E+09  3.41209E+09  9.42437E+08  6.44858E+08  6.00915E+09  1.28946E+00  9.23682E+02   7.942   7.710
 0.340  3.42813E-01 -1.00505E+00  2.96322E-01  4.81627E+01  1.65349E+01 -3.78275E+01 -9.23226E-03  2.47765E-01  9.68776E-01  4.51219E+02   9.411   5.746  2.86632E+09  2.50381E+09  2.80006E+08  7.34868E+07  3.07620E+09  2.96459E-01  1.06007E+03   7.975   7.889
 0.350  1.68278E+00  1.38691E-01 -1.78365E+00  6.80171E+01  3.18849E+01  1.02397E+01  6.59586E-02 -8.38236E-01  5.41304E-01  4.37811E+02   7.372   5.896  2.49789E+09  2.23648E+09  2.09697E+08  5.26046E+07  1.72279E+09  3.69222E-01  1.15478E+03   7.972   7.867
 0.360  2.15784E+00  1.67834E-01 -2.44641E-01  4.37233E+00 -5.61206E+00 -1.19995E+01  4.64332E-02 -3.52518E-01  9.34652E-01  3.66317E+02  10.082   5.154  3.22659E+09  2.87821E+09  4.16592E+08  1.04421E+08  2.91134E+09  5.67810E-01  1.11266E+03   8.038   7.908
 0.370 -3.31322E-01  4.93889E-02 -4.92863E-01 -3.64493E+01 -3.02605E+01 -3.29893E+01 -8.38111E-01  3.86696E-01  3.84754E-01  2.09712E+02   8.283   2.766  1.50878E+09  1.37123E+09  3.35190E+08  7.64647E+07  1.93380E+09  5.99276E-01  1.27136E+03   8.129   7.942
 0.380 -4.36604E-01 -7.08322E-01  1.33243E-01  1.97808E+01  2.04216E+01 -6.06398E-01 -7.65746E-01  2.45549E-01  5.94423E-01  2.11294E+02   6.958   2.784  1.42304E+09  1.30434E+09  3.34935E+08  7.47818E+07  1.73867E+09  5.02522E-01  1.38349E+03   8.189   7.969
 0.390 -5.13221E-01 -5.45981E-01 -3.35498E-01  1.53099E+01 -7.68582E-01 -9.83314E+00 -5.56752E-01 -1.86959E-02  8.30468E-01  2.51799E+02   9.261   3.565  1.74123E+09  1.52919E+09  3.74144E+08  1.00384E+08  2.51011E+09  1.31945E-01  1.50659E+03   8.192   7.970
 0.400  5.33634E-01 -6.32818E-01 -1.38457E+00  4.85873E+01  1.83472E+01 -1.47944E+01  4.76906E-01 -5.06871E-01  7.18083E-01  5.29428E+02   8.799   3.163  2.11625E+09  1.91813E+09  4.23663E+08  1.10493E+08  2.19327E+09  3.34636E-01  1.50449E+03   8.134   7.998
 0.410 -8.85487E-01 -1.64396E+00 -7.86741E-01  1.37040E+01 -1.29092E+01 -3.02377E+01  3.38450E-01 -5.46546E-01  7.65989E-01  4.73249E+02  10.999   2.887  1.77355E+09  1.56566E+09  4.07003E+08  1.04404E+08  2.53214E+09  3.04534E-01  1.65223E+03   8.152   8.009
 0.420 -1.11285E+00 -1.00985E+00 -3.06387E-01  1.63689E+01 -3.80894E+01 -3.97037E+01  4.18064E-01 -5.77237E-01  7.01441E-01  4.27268E+02  10.794   2.753  1.40498E+09  1.25013E+09  4.16782E+08  1.04017E+08  2.53356E+09  9.53654E-02  1.80328E+03   8.169   8.021
 0.430 -7.30609E-01 -6.10855E-01 -1.06755E-01  4.65065E+00  1.33499E+00 -1.77034E+01  3.37933E-01 -6.42477E-01  6.87768E-01  5.12496E+02  12.785   2.621  1.43995E+09  1.26174E+09  4.27583E+08  1.11365E+08  2.85006E+09  5.30035E-02  1.96053E+03   8.191   8.022
 0.440 -1.96031E+00 -4.84440E-01  8.05818E-01  8.91281E+00 -5.75729E+01 -4.44434E+01  3.94063E-01 -5.57205E-01  7.30915E-01  9.73853E+02  13.068   2.721  1.34862E+09  1.22125E+09  4.62081E+08  1.15194E+08  2.86677E+09  4.19837E-02  2.02342E+03   8.136   8.048
 0.450 -2.06461E+00 -1.56357E+00 -9.13655E-02  2.31145E+01 -8.41659E+01 -5.48946E+01  3.23127E-01 -4.97726E-01  8.04896E-01  9.06072E+02  12.394   2.367  1.23734E+09  1.13165E+09  4.46847E+08  1.12588E+08  2.63972E+09  3.44377E-02  2.19246E+03   8.113   8.061
 0.460 -1.33672E+00 -2.89561E+00 -7.31393E-01  1.67892E+01 -4.97544E+01 -4.93219E+01  5.19716E-01 -4.50548E-01  7.25880E-01  1.06474E+03  13.232   2.513  1.21072E+09  1.07039E+09  4.63185E+08  1.14836E+08  2.90959E+09  6.05233E-02  2.36080E+03   8.055   8.062
 0.470 -3.12267E-01 -3.24168E-01  6.10585E-02 -2.17459E+01 -4.32082E+01 -3.13156E+01  4.28937E-01 -4.67674E-01  7.72848E-01  1.27697E+03  13.343   2.783  1.80082E+09  1.67653E+09  5.02044E+08  1.31956E+08  3.08119E+09  4.06440E-02  2.43903E+03   7.939   8.072
 0.480 -2.46709E+00  2.50653E+00  2.95178E+00 -4.05711E+01 -4.88970E+01 -3.06637E+00  4.26673E-01 -4.47562E-01  7.85900E-01  1.59686E+03  15.249   3.462  2.70593E+09  2.51523E+09  5.50898E+08  1.43716E+08  3.89004E+09  2.72962E-01  2.50616E+03   7.871   8.051
 0.490 -1.68201E+00 -1.15446E+00  6.93224E-01  3.73302E+00 -3.49275E+01 -3.21223E+01  4.75954E-01 -4.85304E-01  7.33449E-01  1.40579E+03  14.244   3.056  2.64360E+09  2.46520E+09  5.71103E+08  1.34896E+08  3.47950E+09  2.98327E-01  2.51577E+03   7.852   8.055
 0.500 -1.97861E+00 -1.38256E+00 -3.09736E-01 -1.36962E+00 -4.19475E+01 -3.05527E+01  4.64761E-01 -4.89991E-01  7.37500E-01  1.51934E+03  14.999   3.124  3.48345E+09  3.30953E+09  5.74796E+08  1.43498E+08  3.65459E+09  2.24467E-01  2.57792E+03   7.812   8.053
 0.510 -1.30696E+00 -1.20877E+00  4.51366E-03 -1.62511E+01 -4.11147E+01 -2.01005E+01  5.37769E-01 -4.83763E-01  6.90491E-01  1.56816E+03  15.254   3.292  4.54489E+09  4.33724E+09  6.45702E+08  1.51490E+08  3.82719E+09  5.11818E-01  2.53702E+03   7.800   8.035
 0.520 -2.60102E+00 -1.29092E+00  9.92686E-01  4.09073E+00 -3.62828E+01 -2.29734E+01  5.23903E-01 -4.53714E-01  7.20881E-01  1.96682E+03  17.778   4.392  5.54876E+09  5.25777E+09  8.66480E+08  2.12795E+08  5.02729E+09  7.06046E-01  2.22839E+03   7.776   7.993
 0.530 -1.60637E+00 -7.35782E-01  9.80560E-01  1.91075E-01 -3.29623E+01 -2.02135E+01  5.11446E-01 -4.53100E-01  7.30153E-01  2.18616E+03  20.187   4.874  6.80790E+09  6.36467E+09  9.54443E+08  2.44880E+08  5.80638E+09  7.80849E-01  2.17216E+03   7.774   7.973
 0.540 -1.44065E+00  2.83358E-01  3.61083E-01 -8.94905E+00 -2.39465E+01 -2.53182E+00  5.93898E-01 -4.70547E-01  6.52587E-01  1.95613E+03  19.479   4.371  6.16606E+09  5.92970E+09  9.66375E+08  2.43261E+08  5.36799E+09  2.29785E-01  2.32306E+03   7.777   7.976
 0.550 -8.51764E-01 -6.94754E-02  7.70763E-01  4.04865E+00 -1.54571E+01 -7.07123E+00  6.79324E-01 -4.15260E-01  6.05044E-01  1.76481E+03  19.205   6.102  7.20370E+09  6.81854E+09  1.12093E+09  2.81037E+08  6.93190E+09  1.14025E+00  2.31198E+03   7.804   7.953
 0.560 -1.89923E+00  1.12617E+00  1.06529E+00 -3.09084E+01 -3.46811E+01 -5.20818E+01  5.45232E-01 -7.28234E-01  4.15208E-01  2.27049E+03  20.878   7.612  1.06813E+10  1.00490E+10  1.28342E+09  3.67739E+08  1.17774E+10  1.27871E+00  2.48220E+03   7.810   7.937
