  42
 0.150  2.22736E+07  1.84223E+07  2.26273E+07  2.16212E+07  7.17376E+05  5.83381E+08  9.79875E-03
 0.160  1.50404E+07  2.35024E+07  2.89545E+07  1.30084E+07  3.40594E+06  5.92360E+08  4.45544E-02
 0.170  5.25241E+07  3.12384E+07  3.80946E+07  4.96714E+07  7.70268E+06  6.13644E+08  8.21902E-02
 0.180  7.55037E+06  6.88784E+07  8.23386E+07  6.04999E+06  3.58409E+07  6.15306E+08  3.21156E-01
 0.190  1.09718E+07  6.37850E+07  7.91327E+07  9.59010E+06  2.83486E+05  5.70744E+08  3.14443E-03
 0.200  4.48239E+06  9.43001E+07  1.15563E+08  3.69309E+06  2.82109E+07  6.20128E+08  3.50780E-01
 0.210  9.00490E+07  1.04746E+08  1.31194E+08  8.59138E+07  5.25834E+06  7.55477E+08  8.23099E-02
 0.220  1.47948E+07  8.23626E+07  1.04182E+08  1.31655E+07  7.05303E+06  4.74138E+08  6.81293E-02
 0.230  8.75448E+06  9.42521E+07  1.20499E+08  8.27008E+06  3.33828E+06  5.52204E+08  4.66339E-02
 0.240  1.16308E+08  1.18287E+08  1.49715E+08  1.10755E+08  1.57164E+07  6.49559E+08  2.76565E-01
 0.250  6.62204E+07  1.91810E+08  2.41892E+08  6.18909E+07  4.24447E+07  7.95550E+08  3.16631E-01
 0.260  6.92221E+07  2.28555E+08  2.90440E+08  6.67389E+07  2.25247E+07  8.25064E+08  8.01917E-02
 0.270  7.33664E+06  2.23814E+08  2.87652E+08  6.23334E+06  9.26758E+06  7.50655E+08  5.56483E-02
 0.280  1.13610E+08  2.72810E+08  3.51567E+08  1.08941E+08  2.33199E+07  8.65303E+08  3.62397E-01
 0.290  3.25444E+07  2.74746E+08  3.56341E+08  2.97817E+07  1.33749E+07  8.09933E+08  1.51726E-01
 0.300  1.34856E+07  2.83865E+08  3.72448E+08  1.20388E+07  3.66306E+06  8.02783E+08  2.62658E-02
 0.310  2.64868E+07  3.20399E+08  4.20993E+08  2.38874E+07  1.68658E+07  8.64222E+08  1.58956E-01
 0.320  4.57539E+07  4.48479E+08  5.74650E+08  4.20000E+07  1.02880E+08  9.05958E+08  8.54966E-01
 0.330  1.05284E+08  4.22787E+08  5.50783E+08  9.95388E+07  1.56068E+07  8.87750E+08  2.15699E-01
 0.340  4.43768E+07  4.18650E+08  5.50823E+08  4.11555E+07  1.47239E+07  8.23983E+08  1.57921E-01
 0.350  4.04332E+07  4.88404E+08  6.42427E+08  3.73469E+07  2.36766E+07  8.50837E+08  1.83345E-01
 0.360  7.01292E+07  4.68605E+08  6.15611E+08  6.69932E+07  3.77343E+07  7.59468E+08  2.47046E-01
 0.370  4.68877E+07  5.83025E+08  7.60660E+08  4.41269E+07  7.64661E+07  8.29471E+08  1.02841E+00
 0.380  1.36407E+08  7.57283E+08  9.82465E+08  1.31273E+08  1.03961E+08  9.24082E+08  1.05497E+00
 0.390  6.68033E+07  8.32500E+08  1.08930E+09  6.38313E+07  4.49530E+07  9.53845E+08  5.28697E-01
 0.400  1.78509E+08  1.06023E+09  1.38057E+09  1.73369E+08  1.33053E+08  1.03491E+09  1.19551E+00
 0.410  9.59050E+07  1.08103E+09  1.41609E+09  9.12474E+07  6.71667E+07  9.99904E+08  7.42892E-01
 0.420  1.25379E+08  1.10394E+09  1.45941E+09  1.21549E+08  3.96976E+07  9.85604E+08  4.42985E-01
 0.430  1.73220E+08  1.38624E+09  1.83092E+09  1.66347E+08  9.68680E+07  1.15163E+09  1.05237E+00
 0.440  1.28739E+08  1.47283E+09  1.94850E+09  1.24837E+08  8.24936E+07  1.13617E+09  8.63809E-01
 0.450  6.25682E+07  1.41573E+09  1.88452E+09  6.00860E+07  3.41893E+07  1.03166E+09  3.59709E-01
 0.460  3.54959E+07  1.43789E+09  1.93470E+09  3.30809E+07  8.87859E+06  1.03200E+09  1.29777E-01
 0.470  1.08966E+07  1.43564E+09  1.94629E+09  9.31123E+06  8.11384E+06  1.01387E+09  6.75292E-02
 0.480  4.65128E+06  1.42150E+09  1.94086E+09  3.81801E+06  2.08322E+06  1.01703E+09  2.75573E-02
 0.490  1.01541E+06  1.38858E+09  1.90703E+09  6.81352E+05  8.85345E+03  1.00564E+09  7.22277E-05
 0.500  1.66564E+04  1.30367E+09  1.79920E+09  0.00000E+00  5.33696E+02  9.56589E+08  8.71012E-07
 0.510  1.50407E+04  1.25082E+09  1.73301E+09  0.00000E+00  0.00000E+00  9.09117E+08  0.00000E+00
 0.520  1.99204E+04  1.21813E+09  1.69298E+09  1.66953E+03  0.00000E+00  8.67964E+08  0.00000E+00
 0.530  1.08624E+05  1.13752E+09  1.58496E+09  6.07069E+04  4.16922E+03  8.37036E+08  3.97456E-05
 0.540  1.08112E+04  1.22325E+09  1.70807E+09  6.47225E-02  2.11488E+03  8.90577E+08  4.09790E-05
 0.550  9.11302E+03  1.06495E+09  1.48893E+09  0.00000E+00  0.00000E+00  7.78341E+08  0.00000E+00
 0.560  2.09073E+06  1.11429E+09  1.55928E+09  1.57577E+06  0.00000E+00  8.17332E+08  0.00000E+00
