  42
 0.150  2.02500E+00  7.66480E+07  4.12013E+07  5.03736E+07  7.17294E+07  2.43727E+06  1.67166E+09  3.37133E-02
 0.160  2.25000E+00  2.15441E+08  6.66268E+07  8.04988E+07  1.99420E+08  1.90535E+07  2.12468E+09  2.86925E-01
 0.170  2.51250E+00  2.70434E+08  1.06069E+08  1.29047E+08  2.50442E+08  2.19851E+07  2.50845E+09  2.54604E-01
 0.180  3.03750E+00  3.00590E+08  1.93282E+08  2.33721E+08  2.66050E+08  6.61592E+07  3.28604E+09  7.13904E-01
 0.190  3.63750E+00  2.36121E+08  2.06604E+08  2.57962E+08  1.99483E+08  6.71215E+06  4.15808E+09  4.02410E-02
 0.200  4.57500E+00  5.52270E+08  3.56177E+08  4.36374E+08  4.64112E+08  1.00639E+08  6.62180E+09  1.25156E+00
 0.210  5.02500E+00  2.10871E+09  4.85550E+08  5.93154E+08  1.92523E+09  1.22927E+08  1.02231E+10  1.82973E+00
 0.220  5.43750E+00  1.09161E+09  5.57162E+08  6.84712E+08  9.26715E+08  1.58815E+08  8.86437E+09  1.42171E+00
 0.230  5.85000E+00  1.42676E+09  9.67018E+08  1.20719E+09  1.23653E+09  1.02796E+08  1.17869E+10  1.37280E+00
 0.240  6.15000E+00  1.91259E+09  1.12095E+09  1.40790E+09  1.63099E+09  1.61353E+08  1.37891E+10  1.88663E+00
 0.250  6.45000E+00  1.60349E+09  1.37171E+09  1.73451E+09  1.34644E+09  1.64987E+08  1.46296E+10  1.71263E+00
 0.260  6.63750E+00  1.48938E+09  1.45780E+09  1.86973E+09  1.27605E+09  5.73308E+07  1.61390E+10  4.36140E-01
 0.270  6.86250E+00  1.61041E+09  1.65492E+09  2.13128E+09  1.37591E+09  1.19502E+08  1.61026E+10  1.13763E+00
 0.280  7.12500E+00  2.22889E+09  1.76552E+09  2.28472E+09  1.94396E+09  1.17635E+08  1.73574E+10  1.67154E+00
 0.290  7.42500E+00  2.71454E+09  2.05440E+09  2.66377E+09  2.37777E+09  1.56525E+08  1.92717E+10  1.81813E+00
 0.300  7.80000E+00  1.83258E+09  2.17292E+09  2.84243E+09  1.53215E+09  8.35425E+07  2.04868E+10  8.03027E-01
 0.310  8.81250E+00  2.85968E+09  2.40574E+09  3.16215E+09  2.45499E+09  1.02307E+08  2.34086E+10  1.08943E+00
 0.320  9.56250E+00  3.07997E+09  2.93202E+09  3.81595E+09  2.61011E+09  3.82509E+08  2.87076E+10  3.86917E+00
 0.330  1.02375E+01  5.69252E+09  4.27341E+09  5.54928E+09  4.97583E+09  4.36953E+08  4.86592E+10  6.05424E+00
 0.340  1.08375E+01  3.69007E+09  3.54562E+09  4.64878E+09  3.14009E+09  1.27255E+08  3.68767E+10  1.18313E+00
 0.350  1.13250E+01  4.63382E+09  4.33090E+09  5.70677E+09  3.98504E+09  1.85858E+08  3.85776E+10  2.34059E+00
 0.360  1.18125E+01  4.44069E+09  4.87521E+09  6.43088E+09  3.78004E+09  3.37811E+08  4.53962E+10  3.17553E+00
 0.370  1.22625E+01  2.79115E+09  5.13410E+09  6.81929E+09  2.23456E+09  1.86798E+08  4.29752E+10  2.34208E+00
 0.380  1.26750E+01  2.82565E+09  5.42841E+09  7.24600E+09  2.27039E+09  2.00975E+08  4.51335E+10  2.07409E+00
 0.390  1.30875E+01  2.81994E+09  5.77767E+09  7.75087E+09  2.28993E+09  1.59228E+08  5.04636E+10  1.69120E+00
 0.400  1.35375E+01  3.75798E+09  6.08114E+09  8.16583E+09  3.15372E+09  2.81766E+08  5.24343E+10  3.00850E+00
 0.410  1.39500E+01  2.86589E+09  6.23372E+09  8.41946E+09  2.37658E+09  1.34755E+08  5.42097E+10  1.55719E+00
 0.420  1.43625E+01  2.28193E+09  6.39053E+09  8.68337E+09  1.85985E+09  8.34097E+07  5.73859E+10  1.01466E+00
 0.430  1.47375E+01  2.18616E+09  6.56443E+09  8.93887E+09  1.76712E+09  1.33816E+08  5.83630E+10  1.57514E+00
 0.440  1.50750E+01  2.09450E+09  6.72345E+09  9.18726E+09  1.78209E+09  9.72719E+07  5.83880E+10  9.45786E-01
 0.450  1.54500E+01  2.11797E+09  6.83124E+09  9.37935E+09  1.76126E+09  4.16813E+07  6.01829E+10  4.24414E-01
 0.460  1.58250E+01  2.04725E+09  6.83536E+09  9.43025E+09  1.66449E+09  2.90516E+07  6.18651E+10  3.75678E-01
 0.470  1.62750E+01  2.88080E+09  6.87586E+09  9.52548E+09  2.49675E+09  1.92357E+07  6.36326E+10  1.38358E-01
 0.480  1.67625E+01  3.94419E+09  6.91314E+09  9.60905E+09  3.47808E+09  2.64640E+07  6.63591E+10  3.35024E-01
 0.490  1.72125E+01  4.26716E+09  6.96765E+09  9.70837E+09  3.70537E+09  3.35671E+07  6.85675E+10  3.90182E-01
 0.500  1.77750E+01  5.30028E+09  7.04007E+09  9.84055E+09  4.86798E+09  1.59490E+07  7.15896E+10  2.32022E-01
 0.510  1.87125E+01  7.33769E+09  7.09116E+09  9.92391E+09  6.75947E+09  5.45088E+07  7.51090E+10  7.33090E-01
 0.520  2.02125E+01  8.63219E+09  7.32318E+09  1.02407E+10  7.82024E+09  1.07509E+08  8.31748E+10  9.17880E-01
 0.530  2.15625E+01  9.22694E+09  7.46583E+09  1.04548E+10  8.31612E+09  7.74212E+07  9.06457E+10  9.06971E-01
 0.540  2.23125E+01  9.22484E+09  7.48900E+09  1.05122E+10  8.63882E+09  2.99188E+07  9.41545E+10  3.66194E-01
 0.550  2.31000E+01  1.08364E+10  7.70282E+09  1.08033E+10  9.91621E+09  1.05369E+08  1.06497E+11  1.40550E+00
 0.560  2.36250E+01  1.44476E+10  8.28476E+09  1.15974E+10  1.32954E+10  1.69570E+08  1.34053E+11  1.65149E+00
