  42
 0.150  1.35000E+01  2.04187E+10  8.06457E+01
 0.160  1.50000E+01  2.24614E+10  8.02430E+01
 0.170  1.67500E+01  2.62741E+10  8.21280E+01
 0.180  2.02500E+01  3.94641E+10  9.15425E+01
 0.190  2.42500E+01  5.61555E+10  9.97872E+01
 0.200  3.05000E+01  9.70751E+10  1.16987E+02
 0.210  3.35000E+01  1.10865E+11  1.19292E+02
 0.220  3.62500E+01  1.22688E+11  1.20637E+02
 0.230  3.90000E+01  1.36254E+11  1.22568E+02
 0.240  4.10000E+01  1.38755E+11  1.20633E+02
 0.250  4.30000E+01  1.40875E+11  1.18691E+02
 0.260  4.42500E+01  1.38880E+11  1.16171E+02
 0.270  4.57500E+01  1.38195E+11  1.13968E+02
 0.280  4.75000E+01  1.38613E+11  1.12018E+02
 0.290  4.95000E+01  1.42136E+11  1.11118E+02
 0.300  5.20000E+01  1.50112E+11  1.11414E+02
 0.310  5.87500E+01  1.96793E+11  1.20015E+02
 0.320  6.37500E+01  2.28985E+11  1.24279E+02
 0.330  6.82500E+01  2.57083E+11  1.27268E+02
 0.340  7.22500E+01  2.78610E+11  1.28770E+02
 0.350  7.55000E+01  2.91936E+11  1.28945E+02
 0.360  7.87500E+01  3.04190E+11  1.28879E+02
 0.370  8.17500E+01  3.16933E+11  1.29114E+02
 0.380  8.45000E+01  3.25906E+11  1.28781E+02
 0.390  8.72500E+01  3.34142E+11  1.28327E+02
 0.400  9.02500E+01  3.43471E+11  1.27925E+02
 0.410  9.30000E+01  3.51570E+11  1.27497E+02
 0.420  9.57500E+01  3.59174E+11  1.27004E+02
 0.430  9.82500E+01  3.64896E+11  1.26373E+02
 0.440  1.00500E+02  3.66894E+11  1.25291E+02
 0.450  1.03000E+02  3.69557E+11  1.24210E+02
 0.460  1.05500E+02  3.73941E+11  1.23455E+02
 0.470  1.08500E+02  3.84585E+11  1.23457E+02
 0.480  1.11750E+02  3.98286E+11  1.23796E+02
 0.490  1.14750E+02  4.08146E+11  1.23670E+02
 0.500  1.18500E+02  4.24761E+11  1.24150E+02
 0.510  1.24750E+02  4.69946E+11  1.27273E+02
 0.520  1.34750E+02  5.64255E+11  1.34186E+02
 0.530  1.43750E+02  6.47477E+11  1.39169E+02
 0.540  1.48750E+02  6.83298E+11  1.40544E+02
 0.550  1.54000E+02  7.14834E+11  1.41279E+02
 0.560  1.57500E+02  7.38666E+11  1.42010E+02
