  42
 0.150   1.741  3.56130E+07  4.35771E+07  3.51304E+07  2.86689E+02  0.00000E+00  0.00000E+00  0.00000E+00  3.56130E+07  4.35771E+07  3.51304E+07
 0.160   2.045  5.83328E+07  7.07093E+07  5.75955E+07  2.89097E+02  1.15353E+07  1.43298E+07  1.13744E+07  4.67975E+07  5.63794E+07  4.62211E+07
 0.170   1.888  7.99084E+07  9.69727E+07  7.89554E+07  2.96318E+02  1.85304E+07  2.30523E+07  1.82721E+07  6.13779E+07  7.39205E+07  6.06833E+07
 0.180   2.441  1.69412E+08  2.04344E+08  1.67747E+08  2.71476E+02  4.06466E+07  5.11553E+07  4.00080E+07  1.28765E+08  1.53189E+08  1.27739E+08
 0.190   3.450  2.01327E+08  2.51393E+08  1.98553E+08  3.98528E+02  6.78615E+07  8.62709E+07  6.66182E+07  1.33465E+08  1.65122E+08  1.31935E+08
 0.200   4.241  3.43706E+08  4.21418E+08  3.39712E+08  3.59904E+02  1.08256E+08  1.37419E+08  1.06324E+08  2.35450E+08  2.83999E+08  2.33388E+08
 0.210   3.907  4.02175E+08  4.93279E+08  3.97185E+08  4.00177E+02  1.01911E+08  1.31138E+08  9.96269E+07  3.00264E+08  3.62141E+08  2.97558E+08
 0.220   3.462  3.95920E+08  4.89364E+08  3.91155E+08  4.15967E+02  6.15628E+07  8.00150E+07  5.99834E+07  3.34357E+08  4.09349E+08  3.31171E+08
 0.230   5.129  8.28636E+08  1.03530E+09  8.18581E+08  4.49216E+02  3.47501E+08  4.40218E+08  3.42202E+08  4.81134E+08  5.95083E+08  4.76379E+08
 0.240   5.447  1.05162E+09  1.32266E+09  1.03680E+09  5.33398E+02  4.86233E+08  6.26800E+08  4.76957E+08  5.65383E+08  6.95858E+08  5.59846E+08
 0.250   4.838  1.16697E+09  1.47411E+09  1.15049E+09  5.65964E+02  4.92434E+08  6.39970E+08  4.82565E+08  6.74539E+08  8.34143E+08  6.67925E+08
 0.260   5.819  1.35490E+09  1.73686E+09  1.33363E+09  6.57034E+02  5.50889E+08  7.21669E+08  5.38490E+08  8.04014E+08  1.01520E+09  7.95143E+08
 0.270   5.777  1.50532E+09  1.93769E+09  1.48037E+09  7.21298E+02  5.65246E+08  7.46740E+08  5.51172E+08  9.40076E+08  1.19095E+09  9.29198E+08
 0.280   6.239  1.65523E+09  2.14122E+09  1.62571E+09  8.01669E+02  5.87641E+08  7.80270E+08  5.71586E+08  1.06759E+09  1.36095E+09  1.05413E+09
 0.290   6.633  1.94628E+09  2.52283E+09  1.91072E+09  8.51956E+02  6.73742E+08  8.98722E+08  6.54552E+08  1.27254E+09  1.62411E+09  1.25617E+09
 0.300   7.420  2.11950E+09  2.77300E+09  2.07788E+09  9.45784E+02  7.29649E+08  9.76312E+08  7.07828E+08  1.38985E+09  1.79668E+09  1.37005E+09
 0.310   5.965  2.00384E+09  2.63248E+09  1.96196E+09  1.03121E+03  6.29406E+08  8.44884E+08  6.08908E+08  1.37444E+09  1.78760E+09  1.35305E+09
 0.320   7.967  2.77357E+09  3.60809E+09  2.71906E+09  1.00436E+03  8.42232E+08  1.13499E+09  8.14575E+08  1.93134E+09  2.47310E+09  1.90449E+09
 0.330   7.001  3.77034E+09  4.88781E+09  3.69951E+09  9.93688E+02  1.44695E+09  1.93321E+09  1.40647E+09  2.32339E+09  2.95460E+09  2.29304E+09
 0.340   9.411  3.32412E+09  4.35701E+09  3.25728E+09  1.08821E+03  8.95405E+08  1.20946E+09  8.63485E+08  2.42871E+09  3.14755E+09  2.39379E+09
 0.350   7.372  3.25246E+09  4.30390E+09  3.18212E+09  1.20198E+03  8.77873E+08  1.18636E+09  8.46070E+08  2.37458E+09  3.11755E+09  2.33605E+09
 0.360  10.082  4.47238E+09  5.89817E+09  4.37772E+09  1.21471E+03  1.44182E+09  1.94611E+09  1.39418E+09  3.03056E+09  3.95206E+09  2.98354E+09
 0.370   8.283  4.45354E+09  5.90405E+09  4.35710E+09  1.27957E+03  1.33862E+09  1.81638E+09  1.29206E+09  3.11492E+09  4.08767E+09  3.06504E+09
 0.380   6.958  4.23214E+09  5.63081E+09  4.13649E+09  1.36071E+03  1.15247E+09  1.57247E+09  1.10866E+09  3.07967E+09  4.05833E+09  3.02783E+09
 0.390   9.261  5.14514E+09  6.89053E+09  5.02236E+09  1.47289E+03  1.58262E+09  2.16618E+09  1.52321E+09  3.56252E+09  4.72435E+09  3.49915E+09
 0.400   8.799  5.37967E+09  7.20535E+09  5.24828E+09  1.53188E+03  1.50440E+09  2.06697E+09  1.44358E+09  3.87527E+09  5.13838E+09  3.80470E+09
 0.410  10.999  5.88761E+09  7.94360E+09  5.73461E+09  1.66312E+03  1.76705E+09  2.43538E+09  1.69449E+09  4.12056E+09  5.50822E+09  4.04011E+09
 0.420  10.794  5.97363E+09  8.10940E+09  5.80858E+09  1.79522E+03  1.78081E+09  2.46241E+09  1.70391E+09  4.19283E+09  5.64699E+09  4.10467E+09
 0.430  12.785  6.38227E+09  8.68643E+09  6.19743E+09  1.90776E+03  1.93938E+09  2.68703E+09  1.85297E+09  4.44289E+09  5.99940E+09  4.34446E+09
 0.440  13.068  6.55080E+09  8.94743E+09  6.35292E+09  2.01971E+03  1.96036E+09  2.72366E+09  1.86936E+09  4.59044E+09  6.22377E+09  4.48356E+09
 0.450  12.394  6.56562E+09  9.00927E+09  6.35682E+09  2.15327E+03  1.92689E+09  2.68312E+09  1.83333E+09  4.63873E+09  6.32615E+09  4.52349E+09
 0.460  13.232  6.62098E+09  9.13333E+09  6.39745E+09  2.31830E+03  1.96166E+09  2.73815E+09  1.86226E+09  4.65932E+09  6.39519E+09  4.53519E+09
 0.470  13.343  6.62720E+09  9.17897E+09  6.39198E+09  2.46570E+03  1.97453E+09  2.75959E+09  1.87189E+09  4.65267E+09  6.41938E+09  4.52009E+09
 0.480  15.249  6.81293E+09  9.46983E+09  6.55683E+09  2.63749E+03  2.11882E+09  2.96721E+09  2.00514E+09  4.69411E+09  6.50261E+09  4.55169E+09
 0.490  14.244  6.72295E+09  9.36945E+09  6.45924E+09  2.77973E+03  2.03506E+09  2.85386E+09  1.92197E+09  4.68790E+09  6.51560E+09  4.53728E+09
 0.500  14.999  6.83893E+09  9.56129E+09  6.55720E+09  2.94988E+03  2.14565E+09  3.01273E+09  2.02415E+09  4.69327E+09  6.54856E+09  4.53305E+09
 0.510  15.254  6.84160E+09  9.57798E+09  6.54841E+09  3.09252E+03  2.10449E+09  2.95971E+09  1.98044E+09  4.73712E+09  6.61827E+09  4.56797E+09
 0.520  17.778  7.18686E+09  1.00560E+10  6.87132E+09  3.19505E+03  2.29392E+09  3.22849E+09  2.15793E+09  4.89294E+09  6.82747E+09  4.71339E+09
 0.530  20.187  7.39329E+09  1.03585E+10  7.05858E+09  3.32310E+03  2.42846E+09  3.41993E+09  2.28353E+09  4.96484E+09  6.93852E+09  4.77505E+09
 0.540  19.479  7.33877E+09  1.03088E+10  6.99241E+09  3.47747E+03  2.38417E+09  3.36103E+09  2.23714E+09  4.95460E+09  6.94774E+09  4.75528E+09
 0.550  19.205  7.48228E+09  1.05006E+10  7.12083E+09  3.57575E+03  2.41631E+09  3.40656E+09  2.26488E+09  5.06598E+09  7.09404E+09  4.85595E+09
 0.560  20.878  7.91061E+09  1.10860E+10  7.52226E+09  3.65046E+03  2.63877E+09  3.72688E+09  2.47254E+09  5.27184E+09  7.35907E+09  5.04972E+09
