  42
 0.150   1.741  2.46435E-02  2.64732E-02  2.17902E-02
 0.160   2.045  2.26122E-01  2.35214E-01  1.72304E-01
 0.170   1.888  2.28520E-01  2.45789E-01  2.15704E-01
 0.180   2.441  6.62218E-01  5.63130E-01  7.02204E-01
 0.190   3.450  3.30629E-02  3.10753E-02  6.86509E-02
 0.200   4.241  1.20605E+00  1.04128E+00  1.09325E+00
 0.210   3.907  1.38005E+00  1.66730E+00  9.75308E-01
 0.220   3.462  8.09402E-01  7.51070E-01  1.11024E+00
 0.230   5.129  1.12843E+00  1.15887E+00  9.56166E-01
 0.240   5.447  1.68289E+00  1.71940E+00  1.64153E+00
 0.250   4.838  1.65834E+00  1.62468E+00  1.70051E+00
 0.260   5.819  4.08495E-01  4.24977E-01  6.30212E-01
 0.270   5.777  1.02786E+00  9.76818E-01  1.25236E+00
 0.280   6.239  1.54499E+00  1.67946E+00  1.23705E+00
 0.290   6.633  1.70346E+00  1.75025E+00  1.64160E+00
 0.300   7.420  7.30449E-01  6.51483E-01  8.65428E-01
 0.310   5.965  1.07798E+00  9.91546E-01  1.14911E+00
 0.320   7.967  3.67268E+00  3.18255E+00  4.07995E+00
 0.330   7.001  5.71963E+00  6.41774E+00  4.44068E+00
 0.340   9.411  1.10365E+00  1.10847E+00  1.43488E+00
 0.350   7.372  9.16749E-01  9.11080E-01  9.73014E-01
 0.360  10.082  3.14836E+00  2.83334E+00  3.72062E+00
 0.370   8.283  2.30994E+00  2.34310E+00  2.05107E+00
 0.380   6.958  2.05132E+00  1.91565E+00  2.19344E+00
 0.390   9.261  1.67122E+00  1.57423E+00  1.79435E+00
 0.400   8.799  2.99858E+00  2.90431E+00  3.07199E+00
 0.410  10.999  1.55439E+00  1.56782E+00  1.49459E+00
 0.420  10.794  9.19503E-01  9.85152E-01  8.56756E-01
 0.430  12.785  1.57514E+00  1.67167E+00  1.48748E+00
 0.440  13.068  9.45786E-01  9.06422E-01  1.12890E+00
 0.450  12.394  4.20485E-01  3.88894E-01  4.76453E-01
 0.460  13.232  2.81368E-01  2.93184E-01  2.22583E-01
 0.470  13.343  1.28830E-01  1.13540E-01  1.70458E-01
 0.480  15.249  3.27141E-01  3.32791E-01  2.81109E-01
 0.490  14.244  3.30492E-01  3.21138E-01  2.94281E-01
 0.500  14.999  2.28495E-01  2.46024E-01  1.76931E-01
 0.510  15.254  6.13941E-01  6.75996E-01  4.89776E-01
 0.520  17.778  7.08165E-01  5.52552E-01  1.04699E+00
 0.530  20.187  7.81288E-01  7.91068E-01  7.41064E-01
 0.540  19.479  2.24524E-01  2.72497E-01  2.24742E-01
 0.550  19.205  1.30087E+00  1.25145E+00  1.10446E+00
 0.560  20.878  1.48824E+00  1.32776E+00  1.63890E+00
