  47
 0.100   0.750   0.500  2.48823E+06  2.76180E+06  2.48197E+06  4.82154E+01  0.00000E+00  0.00000E+00  0.00000E+00  2.48823E+06  2.76180E+06  2.48197E+06
 0.110   1.000   0.595  1.41620E+07  1.56811E+07  1.41232E+07  5.36967E+01  1.01639E+06  1.24085E+06  9.98476E+05  1.31456E+07  1.44403E+07  1.31248E+07
 0.120   1.000   0.719  1.44480E+07  1.64082E+07  1.43919E+07  8.41329E+01  7.27689E+05  8.83894E+05  7.17325E+05  1.37203E+07  1.55243E+07  1.36746E+07
 0.130   1.000   0.500  1.01833E+08  1.13229E+08  1.01648E+08  5.15295E+01  2.40082E+06  2.94264E+06  2.36359E+06  9.94326E+07  1.10286E+08  9.92844E+07
 0.140   1.128   0.500  2.98181E+08  3.43809E+08  2.97213E+08  9.28484E+01  9.14384E+06  1.12472E+07  9.01559E+06  2.89037E+08  3.32562E+08  2.88197E+08
 0.150   1.000   0.500  2.58312E+08  3.03474E+08  2.57007E+08  1.38510E+02  1.32181E+07  1.65289E+07  1.29719E+07  2.45094E+08  2.86945E+08  2.44035E+08
 0.160   1.000   0.500  5.43657E+08  6.42819E+08  5.40581E+08  1.63840E+02  1.26992E+07  1.60646E+07  1.24005E+07  5.30958E+08  6.26754E+08  5.28181E+08
 0.170   1.118   0.500  9.38865E+08  1.11938E+09  9.33015E+08  1.90278E+02  1.18532E+07  1.51106E+07  1.15317E+07  9.27011E+08  1.10427E+09  9.21484E+08
 0.180   3.351   2.087  2.36955E+08  2.81735E+08  2.34799E+08  2.54728E+02  5.36208E+07  6.72618E+07  5.26600E+07  1.83334E+08  2.14474E+08  1.82139E+08
 0.190   2.466   0.978  6.32939E+08  7.26433E+08  6.30395E+08  1.34247E+02  3.97968E+07  5.05228E+07  3.89016E+07  5.93142E+08  6.75910E+08  5.91494E+08
 0.200   3.083   1.044  1.87910E+09  2.26507E+09  1.86433E+09  2.68442E+02  6.53011E+08  8.22878E+08  6.44294E+08  1.22609E+09  1.44219E+09  1.22003E+09
 0.210   3.686   0.902  3.88468E+09  4.67560E+09  3.85680E+09  2.64217E+02  6.45431E+08  8.23591E+08  6.35253E+08  3.23925E+09  3.85201E+09  3.22154E+09
 0.220   4.007   0.938  5.46069E+09  6.67176E+09  5.41639E+09  3.14968E+02  8.60295E+08  1.10376E+09  8.45633E+08  4.60040E+09  5.56800E+09  4.57076E+09
 0.230   3.459   0.784  6.38356E+09  7.87369E+09  6.32896E+09  3.52733E+02  7.86091E+08  1.01718E+09  7.70788E+08  5.59747E+09  6.85652E+09  5.55818E+09
 0.240   3.478   0.750  7.17165E+09  8.98191E+09  7.09992E+09  4.28670E+02  1.00858E+09  1.30062E+09  9.90151E+08  6.16307E+09  7.68129E+09  6.10977E+09
 0.250   3.855   0.751  7.89276E+09  9.97730E+09  7.80482E+09  4.96097E+02  1.12854E+09  1.46145E+09  1.10734E+09  6.76423E+09  8.51584E+09  6.69747E+09
 0.260   4.127   0.692  8.57397E+09  1.09403E+10  8.46711E+09  5.72144E+02  1.27047E+09  1.65394E+09  1.24566E+09  7.30350E+09  9.28634E+09  7.22146E+09
 0.270   4.492   0.657  8.79822E+09  1.13603E+10  8.67111E+09  6.80825E+02  1.29173E+09  1.69592E+09  1.26371E+09  7.50649E+09  9.66434E+09  7.40740E+09
 0.280   4.813   0.685  9.11594E+09  1.18715E+10  8.97006E+09  7.74698E+02  1.39456E+09  1.83689E+09  1.36365E+09  7.72138E+09  1.00346E+10  7.60641E+09
 0.290   5.578   0.841  9.62250E+09  1.26301E+10  9.45101E+09  8.85623E+02  1.54835E+09  2.05393E+09  1.51157E+09  8.07415E+09  1.05762E+10  7.93943E+09
 0.300   4.943   1.192  1.00747E+10  1.33092E+10  9.87934E+09  9.88639E+02  1.68928E+09  2.25522E+09  1.64654E+09  8.38541E+09  1.10539E+10  8.23280E+09
 0.310   5.156   1.240  1.03464E+10  1.37321E+10  1.01298E+10  1.09299E+03  1.77316E+09  2.37790E+09  1.72509E+09  8.57327E+09  1.13542E+10  8.40472E+09
 0.320   5.298   0.901  1.03592E+10  1.37985E+10  1.01272E+10  1.19779E+03  1.63357E+09  2.20131E+09  1.58534E+09  8.72564E+09  1.15972E+10  8.54182E+09
 0.330   6.769   0.848  1.06047E+10  1.41625E+10  1.03561E+10  1.27451E+03  1.71489E+09  2.30954E+09  1.66331E+09  8.88979E+09  1.18530E+10  8.69282E+09
 0.340   6.823   0.851  1.05355E+10  1.41470E+10  1.02668E+10  1.40004E+03  1.68840E+09  2.28591E+09  1.63303E+09  8.84712E+09  1.18611E+10  8.63379E+09
 0.350   5.895   0.678  9.55575E+09  1.28833E+10  9.29500E+09  1.51797E+03  1.41577E+09  1.92479E+09  1.36512E+09  8.13998E+09  1.09585E+10  7.92988E+09
 0.360   6.016   0.769  9.98973E+09  1.35077E+10  9.70618E+09  1.61233E+03  1.53820E+09  2.09325E+09  1.48245E+09  8.45153E+09  1.14145E+10  8.22373E+09
 0.370   6.857   0.736  9.89865E+09  1.34390E+10  9.60091E+09  1.73973E+03  1.52927E+09  2.08784E+09  1.47067E+09  8.36938E+09  1.13512E+10  8.13024E+09
 0.380   6.002   0.727  1.00975E+10  1.37548E+10  9.77823E+09  1.85574E+03  1.52138E+09  2.08369E+09  1.46031E+09  8.57613E+09  1.16711E+10  8.31792E+09
 0.390   5.888   0.766  1.01047E+10  1.38108E+10  9.76719E+09  1.98524E+03  1.51189E+09  2.07763E+09  1.44799E+09  8.59285E+09  1.17332E+10  8.31920E+09
 0.400   6.028   0.643  9.57493E+09  1.31227E+10  9.23766E+09  2.11571E+03  1.39245E+09  1.91736E+09  1.32974E+09  8.18249E+09  1.12054E+10  7.90792E+09
 0.410   6.205   0.500  8.67351E+09  1.19246E+10  8.35063E+09  2.25754E+03  1.18942E+09  1.64069E+09  1.13209E+09  7.48409E+09  1.02839E+10  7.21853E+09
 0.420   5.625   0.500  8.54438E+09  1.17856E+10  8.21002E+09  2.39960E+03  1.13805E+09  1.57430E+09  1.08007E+09  7.40633E+09  1.02113E+10  7.12996E+09
 0.430   6.273   0.500  8.85063E+09  1.22387E+10  8.49215E+09  2.52494E+03  1.21431E+09  1.68152E+09  1.15240E+09  7.63632E+09  1.05572E+10  7.33975E+09
 0.440   5.644   0.500  8.62020E+09  1.19527E+10  8.25331E+09  2.67955E+03  1.14867E+09  1.59460E+09  1.08653E+09  7.47153E+09  1.03581E+10  7.16679E+09
 0.451   5.851   0.500  8.53923E+09  1.18776E+10  8.15692E+09  2.85281E+03  1.15214E+09  1.60277E+09  1.08686E+09  7.38709E+09  1.02748E+10  7.07006E+09
 0.460   5.992   0.500  8.50684E+09  1.18627E+10  8.11431E+09  2.98890E+03  1.16830E+09  1.62771E+09  1.10079E+09  7.33854E+09  1.02350E+10  7.01352E+09
 0.470   5.803   0.500  8.54654E+09  1.19429E+10  8.13380E+09  3.14699E+03  1.16124E+09  1.62039E+09  1.09197E+09  7.38530E+09  1.03225E+10  7.04184E+09
 0.481   5.995   0.500  8.56067E+09  1.19900E+10  8.12953E+09  3.32009E+03  1.15026E+09  1.60810E+09  1.07934E+09  7.41041E+09  1.03819E+10  7.05019E+09
 0.490   5.962   0.500  8.53618E+09  1.19796E+10  8.09620E+09  3.45306E+03  1.17497E+09  1.64485E+09  1.10098E+09  7.36121E+09  1.03347E+10  6.99522E+09
 0.500   5.946   0.500  8.39970E+09  1.18062E+10  7.94859E+09  3.62088E+03  1.14632E+09  1.60635E+09  1.07119E+09  7.25337E+09  1.01999E+10  6.87740E+09
 0.510   5.965   0.500  8.30792E+09  1.16961E+10  7.84668E+09  3.78255E+03  1.12657E+09  1.58131E+09  1.05124E+09  7.18135E+09  1.01148E+10  6.79543E+09
 0.520   5.931   0.500  8.14637E+09  1.14833E+10  7.67905E+09  3.93675E+03  1.10503E+09  1.55244E+09  1.02898E+09  7.04134E+09  9.93085E+09  6.65007E+09
 0.530   6.050   0.500  8.14025E+09  1.14903E+10  7.65801E+09  4.10431E+03  1.10746E+09  1.55732E+09  1.02909E+09  7.03278E+09  9.93295E+09  6.62892E+09
 0.540   5.917   0.500  8.16752E+09  1.15440E+10  7.67168E+09  4.25418E+03  1.11301E+09  1.56694E+09  1.03281E+09  7.05451E+09  9.97701E+09  6.63887E+09
 0.551   5.895   0.500  8.01807E+09  1.13446E+10  7.51255E+09  4.44799E+03  1.09404E+09  1.54084E+09  1.01184E+09  6.92403E+09  9.80375E+09  6.50071E+09
 0.560   6.062   0.500  7.98232E+09  1.13038E+10  7.46614E+09  4.59713E+03  1.08765E+09  1.53320E+09  1.00454E+09  6.89467E+09  9.77065E+09  6.46160E+09
