  47
 0.100   5.000   0.750  3.45617E+09  5.43337E+08  3.19281E+07  3.66456E+07  2.88091E+09  5.94773E+06  1.37567E+07  1.55814E+07  9.42788E+07  1.10929E+09  4.26183E+07  4.92489E+07  6.00167E+09  1.48574E+07  1.74354E+07  1.97851E+07  1.97869E+08
 0.110   6.750   1.000  6.41853E+09  8.98690E+08  9.58981E+07  1.09082E+08  5.42394E+09  9.34162E+07  5.51887E+07  6.19712E+07  2.54237E+08  1.41221E+09  1.81635E+08  2.09834E+08  9.04095E+09  1.74336E+08  6.81528E+07  7.67293E+07  4.47949E+08
 0.120   9.750   1.000  1.45800E+10  1.57425E+09  3.38716E+08  3.97009E+08  1.26670E+10  1.85612E+08  1.56095E+08  1.81371E+08  7.59219E+08  1.60047E+09  3.39565E+08  3.98033E+08  1.28281E+10  1.92558E+08  1.57966E+08  1.83555E+08  7.90728E+08
 0.130  11.500   1.000  1.95095E+10  1.76082E+09  7.33597E+08  8.53798E+08  1.70151E+10  3.41818E+08  5.54981E+08  6.40116E+08  1.27069E+09  1.52137E+09  6.99835E+08  8.14097E+08  1.54498E+10  3.28036E+08  5.34923E+08  6.16387E+08  1.06417E+09
 0.140  13.500   1.128  2.49938E+10  1.93057E+09  1.09508E+09  1.30047E+09  2.19681E+10  3.99362E+08  9.08319E+08  1.07389E+09  1.83578E+09  1.49706E+09  1.07950E+09  1.28133E+09  1.69486E+10  3.48443E+08  8.83406E+08  1.04375E+09  1.47263E+09
 0.150  15.500   1.000  3.04417E+10  2.22864E+09  1.55641E+09  1.86534E+09  2.66566E+10  4.51664E+08  1.35522E+09  1.61853E+09  2.25197E+09  1.56358E+09  1.54264E+09  1.84805E+09  1.82549E+10  3.92128E+08  1.29515E+09  1.54556E+09  1.39215E+09
 0.160  19.000   1.000  4.74862E+10  4.46943E+09  2.11665E+09  2.55805E+09  4.09001E+10  5.71450E+08  1.84346E+09  2.22293E+09  3.30184E+09  2.33345E+09  2.05784E+09  2.48524E+09  2.19944E+10  4.64353E+08  1.75320E+09  2.11198E+09  1.61072E+09
 0.170  25.500   1.118  9.39552E+10  8.61511E+09  4.92257E+09  5.92658E+09  8.04175E+10  4.90418E+08  2.49571E+09  3.03290E+09  5.00916E+09  3.14499E+09  2.95864E+09  3.57586E+09  2.72689E+10  3.16331E+08  2.34162E+09  2.84497E+09  1.93729E+09
 0.180  29.750   3.351  1.25528E+11  1.07573E+10  6.60749E+09  8.05942E+09  1.08164E+11  1.09551E+09  3.08620E+09  3.79322E+09  7.15554E+09  4.88906E+09  6.02892E+09  7.34799E+09  4.28044E+10  1.26347E+09  3.14125E+09  3.85942E+09  8.43172E+09
 0.190  34.750   2.466  1.70665E+11  1.35632E+10  9.25076E+09  1.13355E+10  1.47851E+11  1.91242E+09  4.53636E+09  5.54678E+09  9.95140E+09  4.77882E+09  5.41893E+09  6.63076E+09  4.00907E+10  1.52285E+09  4.10019E+09  5.02029E+09  6.50333E+09
 0.200  39.750   3.083  2.13052E+11  1.50463E+10  1.23780E+10  1.52042E+10  1.85628E+11  3.71605E+09  9.60381E+09  1.17578E+10  2.02645E+10  6.22851E+09  1.11798E+10  1.37084E+10  6.06169E+10  2.94782E+09  8.70658E+09  1.06676E+10  1.35912E+10
 0.210  42.250   3.686  2.27588E+11  1.29044E+10  1.51642E+10  1.87932E+10  1.99519E+11  2.91556E+09  1.16672E+10  1.44220E+10  1.95386E+10  5.90990E+09  1.34241E+10  1.66003E+10  5.45814E+10  2.41938E+09  1.12755E+10  1.39456E+10  1.63557E+10
 0.220  44.500   4.007  2.30511E+11  1.13280E+10  1.70284E+10  2.13464E+10  2.02155E+11  2.95603E+09  1.38501E+10  1.73305E+10  2.13352E+10  5.40564E+09  1.56488E+10  1.95825E+10  5.36875E+10  2.71324E+09  1.34520E+10  1.68290E+10  1.86498E+10
 0.230  46.250   3.459  2.23217E+11  1.02909E+10  1.87933E+10  2.37904E+10  1.94132E+11  2.68208E+09  1.53526E+10  1.93672E+10  2.19792E+10  4.20882E+09  1.72863E+10  2.18398E+10  5.10579E+10  2.04740E+09  1.41435E+10  1.78606E+10  1.54325E+10
 0.240  48.000   3.478  2.21347E+11  9.86901E+09  1.99516E+10  2.55315E+10  1.91526E+11  2.64109E+09  1.67810E+10  2.14131E+10  2.37325E+10  3.67710E+09  1.85747E+10  2.37344E+10  5.20449E+10  2.03735E+09  1.54386E+10  1.97167E+10  1.62217E+10
 0.250  50.750   3.855  2.30892E+11  9.86486E+09  2.11079E+10  2.72352E+10  1.99920E+11  2.09576E+09  1.81328E+10  2.33354E+10  2.54750E+10  2.99401E+09  1.95573E+10  2.51984E+10  5.30717E+10  1.61278E+09  1.68113E+10  2.16351E+10  1.83312E+10
 0.260  53.000   4.127  2.35020E+11  9.53799E+09  2.18448E+10  2.83937E+10  2.03637E+11  1.94880E+09  1.88334E+10  2.44211E+10  2.72960E+10  2.67719E+09  2.03642E+10  2.64397E+10  5.39936E+10  1.51853E+09  1.78535E+10  2.31534E+10  2.03620E+10
 0.270  55.000   4.492  2.33149E+11  9.00509E+09  2.23636E+10  2.93091E+10  2.01780E+11  1.72830E+09  1.96256E+10  2.56733E+10  2.86195E+10  2.41654E+09  2.08942E+10  2.73559E+10  5.42344E+10  1.42338E+09  1.88069E+10  2.46099E+10  2.26308E+10
 0.280  56.500   4.813  2.28863E+11  8.34250E+09  2.25852E+10  2.98114E+10  1.97936E+11  1.69444E+09  2.00343E+10  2.64052E+10  2.93580E+10  2.42591E+09  2.11927E+10  2.79511E+10  5.35682E+10  1.35013E+09  1.94514E+10  2.56387E+10  2.43988E+10
 0.290  58.500   5.578  2.29744E+11  8.04268E+09  2.28471E+10  3.03516E+10  1.98855E+11  1.56766E+09  2.03007E+10  2.69374E+10  3.01257E+10  2.34747E+09  2.14206E+10  2.84359E+10  5.29232E+10  1.46306E+09  2.01457E+10  2.67325E+10  2.85752E+10
 0.300  60.750   4.943  2.34561E+11  7.82036E+09  2.31263E+10  3.08709E+10  2.03615E+11  1.95604E+09  2.07343E+10  2.76515E+10  3.18145E+10  2.55010E+09  2.17336E+10  2.89931E+10  5.34986E+10  1.51864E+09  1.99591E+10  2.66269E+10  2.51817E+10
 0.310  63.250   5.156  2.40280E+11  7.65783E+09  2.34954E+10  3.14847E+10  2.09126E+11  2.45007E+09  2.12482E+10  2.84486E+10  3.39030E+10  3.06541E+09  2.21377E+10  2.96477E+10  5.49460E+10  1.92149E+09  2.04768E+10  2.74287E+10  2.68870E+10
 0.320  66.000   5.298  2.48899E+11  7.39269E+09  2.40355E+10  3.23044E+10  2.17471E+11  2.09506E+09  2.18797E+10  2.93847E+10  3.55182E+10  2.68097E+09  2.26737E+10  3.04572E+10  5.50235E+10  1.69711E+09  2.10586E+10  2.82953E+10  2.76954E+10
 0.330  70.250   6.769  2.72724E+11  8.77837E+09  2.46026E+10  3.31640E+10  2.39343E+11  1.87222E+09  2.23428E+10  3.01012E+10  3.76507E+10  2.47474E+09  2.30236E+10  3.10214E+10  5.41450E+10  1.77364E+09  2.22385E+10  2.99620E+10  3.62008E+10
 0.340  72.500   6.823  2.76062E+11  9.57197E+09  2.49088E+10  3.36852E+10  2.41582E+11  1.74757E+09  2.25889E+10  3.05489E+10  3.87591E+10  2.27841E+09  2.32627E+10  3.14549E+10  5.41598E+10  1.65711E+09  2.24025E+10  3.03007E+10  3.62723E+10
 0.350  74.250   5.895  2.69964E+11  9.21883E+09  2.50529E+10  3.39868E+10  2.35692E+11  1.89464E+09  2.29638E+10  3.11433E+10  4.03777E+10  2.19379E+09  2.35543E+10  3.19456E+10  5.50445E+10  1.55892E+09  2.21151E+10  3.00095E+10  3.13486E+10
 0.360  74.000   6.016  2.49342E+11  7.58525E+09  2.51348E+10  3.41955E+10  2.16622E+11  1.54598E+09  2.31553E+10  3.14912E+10  3.99785E+10  1.79798E+09  2.37997E+10  3.23658E+10  5.44918E+10  1.28624E+09  2.23260E+10  3.03800E+10  3.19163E+10
 0.370  75.000   6.857  2.41362E+11  5.04669E+09  2.53749E+10  3.46379E+10  2.10941E+11  1.35264E+09  2.32483E+10  3.17286E+10  4.01540E+10  1.61579E+09  2.39470E+10  3.26766E+10  5.43659E+10  1.18095E+09  2.29124E+10  3.12769E+10  3.63826E+10
 0.380  76.500   6.002  2.38680E+11  4.00217E+09  2.55155E+10  3.49139E+10  2.09163E+11  1.37327E+09  2.35592E+10  3.22250E+10  4.10393E+10  1.50962E+09  2.41252E+10  3.30004E+10  5.40039E+10  1.09405E+09  2.25679E+10  3.08820E+10  3.14759E+10
 0.390  78.000   5.888  2.35583E+11  3.19413E+09  2.56391E+10  3.51648E+10  2.06750E+11  1.19702E+09  2.37283E+10  3.25315E+10  4.15060E+10  1.24845E+09  2.42187E+10  3.32060E+10  5.35552E+10  9.65147E+08  2.25238E+10  3.08942E+10  3.04940E+10
 0.400  79.750   6.028  2.33899E+11  2.71022E+09  2.57446E+10  3.53931E+10  2.05444E+11  9.50214E+08  2.38629E+10  3.27954E+10  4.24048E+10  9.80800E+08  2.43423E+10  3.34557E+10  5.34621E+10  7.70842E+08  2.26969E+10  3.12010E+10  3.12313E+10
 0.410  81.500   6.205  2.32733E+11  2.33697E+09  2.57932E+10  3.55486E+10  2.04603E+11  7.92039E+08  2.39409E+10  3.29872E+10  4.34482E+10  8.12022E+08  2.43884E+10  3.36048E+10  5.35923E+10  6.48521E+08  2.28428E+10  3.14802E+10  3.22157E+10
 0.420  83.000   5.625  2.30517E+11  2.06179E+09  2.58135E+10  3.56486E+10  2.02642E+11  7.30790E+08  2.40367E+10  3.31869E+10  4.43082E+10  7.52133E+08  2.44080E+10  3.37010E+10  5.35073E+10  5.80476E+08  2.23094E+10  3.08086E+10  2.89434E+10
 0.430  84.500   6.273  2.27817E+11  1.85439E+09  2.58395E+10  3.57573E+10  2.00123E+11  6.08646E+08  2.40991E+10  3.33419E+10  4.47814E+10  6.35097E+08  2.44220E+10  3.37901E+10  5.30642E+10  5.05437E+08  2.29680E+10  3.17779E+10  3.24981E+10
 0.440  86.000   5.644  2.24911E+11  1.71370E+09  2.58524E+10  3.58401E+10  1.97345E+11  5.04709E+08  2.41538E+10  3.34795E+10  4.56115E+10  5.16220E+08  2.44421E+10  3.38803E+10  5.31142E+10  4.08326E+08  2.24701E+10  3.11430E+10  2.88131E+10
 0.451  87.250   5.851  2.21393E+11  1.50223E+09  2.57531E+10  3.57708E+10  1.94137E+11  4.46366E+08  2.41454E+10  3.35344E+10  4.63743E+10  4.50113E+08  2.44300E+10  3.39305E+10  5.31574E+10  3.67483E+08  2.25313E+10  3.12883E+10  3.01788E+10
 0.460  88.750   5.992  2.18935E+11  1.28269E+09  2.57300E+10  3.57953E+10  1.91922E+11  4.10965E+08  2.41949E+10  3.36571E+10  4.71355E+10  4.13750E+08  2.44141E+10  3.39631E+10  5.30897E+10  3.40676E+08  2.27193E+10  3.15982E+10  3.08745E+10
 0.470  90.000   5.803  2.17024E+11  1.16469E+09  2.57082E+10  3.58161E+10  1.90151E+11  3.90341E+08  2.42228E+10  3.37453E+10  4.80536E+10  3.93844E+08  2.44071E+10  3.40027E+10  5.33477E+10  3.24315E+08  2.26310E+10  3.15176E+10  3.00240E+10
 0.481  91.500   5.995  2.14483E+11  1.09868E+09  2.56856E+10  3.58357E+10  1.87699E+11  3.79126E+08  2.42172E+10  3.37861E+10  4.88920E+10  3.80660E+08  2.43691E+10  3.39985E+10  5.34190E+10  3.14841E+08  2.27376E+10  3.17119E+10  3.11704E+10
 0.490  92.750   5.962  2.11542E+11  1.02899E+09  2.56674E+10  3.58501E+10  1.84846E+11  3.68182E+08  2.42415E+10  3.38583E+10  4.94360E+10  3.68963E+08  2.43604E+10  3.40248E+10  5.32270E+10  3.04707E+08  2.28161E+10  3.18568E+10  3.11075E+10
 0.500  94.000   5.946  2.09333E+11  9.38799E+08  2.56503E+10  3.58651E+10  1.82744E+11  3.52799E+08  2.42171E+10  3.38612E+10  4.97765E+10  3.55313E+08  2.43185E+10  3.40032E+10  5.29348E+10  2.94968E+08  2.25922E+10  3.15745E+10  3.04733E+10
 0.510  95.500   5.965  2.07651E+11  8.23974E+08  2.56364E+10  3.58798E+10  1.81191E+11  3.46174E+08  2.42527E+10  3.39434E+10  5.08499E+10  3.47082E+08  2.43313E+10  3.40537E+10  5.32148E+10  2.87721E+08  2.26803E+10  3.17277E+10  3.08291E+10
 0.520  96.750   5.931  2.06042E+11  7.71180E+08  2.56304E+10  3.58996E+10  1.79640E+11  3.37987E+08  2.42446E+10  3.39588E+10  5.14189E+10  3.38248E+08  2.43009E+10  3.40378E+10  5.31071E+10  2.80385E+08  2.25692E+10  3.15944E+10  3.03229E+10
 0.530  98.250   6.050  2.04532E+11  7.43961E+08  2.56264E+10  3.59261E+10  1.78161E+11  3.29063E+08  2.42431E+10  3.39869E+10  5.18794E+10  3.29752E+08  2.42717E+10  3.40271E+10  5.27850E+10  2.76132E+08  2.26386E+10  3.17192E+10  3.10107E+10
 0.540  99.500   5.917  2.03184E+11  7.20385E+08  2.56049E+10  3.59199E+10  1.76858E+11  3.24163E+08  2.42716E+10  3.40497E+10  5.28994E+10  3.24271E+08  2.42805E+10  3.40622E+10  5.31604E+10  2.69989E+08  2.26069E+10  3.16949E+10  3.04675E+10
 0.551 101.000   5.895  2.01833E+11  6.28158E+08  2.55870E+10  3.59232E+10  1.75618E+11  3.14996E+08  2.42813E+10  3.40903E+10  5.35384E+10  3.14873E+08  2.42660E+10  3.40688E+10  5.30210E+10  2.61621E+08  2.24717E+10  3.15256E+10  3.01945E+10
 0.560 102.250   6.062  2.00965E+11  5.36893E+08  2.55793E+10  3.59331E+10  1.74848E+11  3.07464E+08  2.42775E+10  3.41046E+10  5.35798E+10  3.07275E+08  2.42390E+10  3.40504E+10  5.24156E+10  2.55292E+08  2.25181E+10  3.16082E+10  3.07507E+10
