  41
 0.100   0.825   0.500  1.80483E-02  1.61458E-02  1.78823E-02
 0.110   1.000   0.500  2.85809E-01  2.97155E-01  2.12778E-01
 0.120   1.019   0.746  1.75877E-02  1.48105E-02  2.43041E-02
 0.130   1.051   0.558  3.35406E-01  3.32634E-01  2.55231E-01
 0.140   1.190   0.500  3.75339E-01  3.58795E-01  3.32728E-01
 0.150   1.242   0.652  2.31457E-01  1.88844E-01  3.02652E-01
 0.160   1.535   0.659  5.66652E-01  5.30676E-01  5.61738E-01
 0.170   1.682   0.846  8.53532E-01  9.57548E-01  7.10164E-01
 0.180   1.409   0.579  1.11352E+00  1.22683E+00  9.14042E-01
 0.190   1.793   0.628  6.90011E-01  6.32323E-01  8.15277E-01
 0.200   2.965   1.454  8.25818E-01  9.76749E-01  6.00105E-01
 0.210   1.309   0.500  3.60737E+00  3.49547E+00  3.38156E+00
 0.220   2.792   0.816  9.41921E-01  1.10182E+00  6.70857E-01
 0.230   3.543   0.853  2.54473E+00  2.37570E+00  3.21099E+00
 0.240   3.061   0.979  3.57530E+00  3.58704E+00  2.95262E+00
 0.250   3.086   0.705  6.46725E+00  6.78698E+00  5.74751E+00
 0.260   3.768   1.161  1.08980E+00  1.10186E+00  1.39475E+00
 0.270   4.297   1.543  1.48380E+00  1.38657E+00  1.64025E+00
 0.280   4.300   0.956  3.03104E+00  3.11587E+00  2.52612E+00
 0.290   5.317   1.278  2.12394E+00  2.03718E+00  2.22432E+00
 0.300   4.954   1.136  7.76857E+00  7.72527E+00  6.54052E+00
 0.310   3.369   1.309  5.69545E+00  6.34970E+00  4.74249E+00
 0.320   1.397   0.500  7.23576E+00  6.93830E+00  7.32838E+00
 0.330   2.153   0.716  4.87621E+00  4.66978E+00  4.86180E+00
 0.340   2.505   0.689  2.15031E+00  1.98695E+00  2.35705E+00
 0.350   3.085   1.083  1.34773E+00  1.35650E+00  1.35642E+00
 0.360   3.527   1.090  9.66581E-01  1.01789E+00  8.85701E-01
 0.370   5.140   2.396  2.36633E+00  2.29256E+00  2.02813E+00
 0.380   1.000   0.500  4.40147E+00  3.94750E+00  5.46233E+00
 0.390   3.072   0.658  1.36349E+00  1.25671E+00  1.56448E+00
 0.400   8.335   2.767  4.32283E-01  4.21498E-01  4.21247E-01
 0.410   8.826   1.840  1.41951E+00  1.43407E+00  1.38329E+00
 0.420   7.795   1.119  1.74908E+00  1.74506E+00  1.70536E+00
 0.430   5.737   0.777  1.94149E+00  1.96143E+00  1.94764E+00
 0.440   7.204   1.129  1.22417E+00  1.21807E+00  1.31986E+00
 0.450   6.738   0.918  6.92948E-01  6.41953E-01  7.94009E-01
 0.460   7.061   1.304  5.82938E-01  5.80411E-01  5.74733E-01
 0.470   7.683   1.339  5.28515E-01  4.82750E-01  6.05145E-01
 0.480   8.007   1.219  4.32100E-01  4.29205E-01  4.35287E-01
 0.490   9.106   1.283  2.54249E-01  2.52537E-01  2.81456E-01
 0.500   7.791   1.044  1.86764E-01  1.81392E-01  1.96278E-01
