  41
 0.100   5.500   0.825  4.60631E+09  3.95800E+08  5.31788E+07  6.17399E+07  4.15733E+09  3.67613E+07  2.92449E+07  3.41179E+07  2.29378E+08  7.81480E+08  5.66701E+07  6.57110E+07  6.02885E+09  6.52015E+07  3.66499E+07  4.24900E+07  4.15775E+08
 0.110   6.750   1.000  6.54043E+09  4.49932E+08  1.19593E+08  1.39184E+08  5.97091E+09  2.62905E+07  8.14821E+07  9.42426E+07  3.12267E+08  7.39199E+08  1.20405E+08  1.40154E+08  7.27693E+09  3.16309E+07  9.03858E+07  1.04689E+08  5.28427E+08
 0.120   8.000   1.019  8.35809E+09  6.22726E+08  1.38104E+08  1.65070E+08  7.59726E+09  2.96502E+07  9.58135E+07  1.14769E+08  4.40965E+08  7.66205E+08  1.38427E+08  1.65450E+08  8.38441E+09  4.11222E+07  1.02080E+08  1.22333E+08  6.33763E+08
 0.130   9.500   1.051  1.06846E+10  8.32471E+08  2.23183E+08  2.64741E+08  9.62891E+09  7.52257E+07  1.64064E+08  1.94271E+08  6.18715E+08  8.68242E+08  2.23236E+08  2.64806E+08  9.92039E+09  8.24324E+07  1.67649E+08  1.98498E+08  7.09585E+08
 0.140  10.750   1.190  1.28791E+10  9.75943E+08  2.97367E+08  3.57353E+08  1.16058E+10  1.25790E+08  2.21969E+08  2.66510E+08  7.72188E+08  9.11705E+08  2.96449E+08  3.56244E+08  1.08252E+10  1.40736E+08  2.27487E+08  2.73065E+08  8.91159E+08
 0.150  12.500   1.242  1.61827E+10  1.26026E+09  4.05741E+08  4.90513E+08  1.45167E+10  1.51264E+08  3.28489E+08  3.96109E+08  1.11206E+09  1.05606E+09  4.03054E+08  4.87165E+08  1.23372E+10  1.50196E+08  3.27928E+08  3.95431E+08  1.10034E+09
 0.160  14.250   1.535  1.95712E+10  1.58707E+09  5.50611E+08  6.68151E+08  1.74335E+10  1.57880E+08  4.58035E+08  5.54701E+08  1.37203E+09  1.19904E+09  5.38807E+08  6.53474E+08  1.22549E+10  1.73028E+08  4.63774E+08  5.61629E+08  1.50480E+09
 0.170  16.500   1.682  2.53957E+10  2.11799E+09  7.18498E+08  8.79172E+08  2.25592E+10  2.99390E+08  5.73294E+08  7.00591E+08  1.83104E+09  1.50809E+09  7.03012E+08  8.59718E+08  1.40636E+10  3.06433E+08  5.74904E+08  7.02494E+08  1.87635E+09
 0.180  18.250   1.409  2.93361E+10  2.36143E+09  9.06840E+08  1.11348E+09  2.60678E+10  2.92630E+08  7.46485E+08  9.14639E+08  2.10174E+09  1.46442E+09  8.79452E+08  1.07881E+09  1.42171E+10  2.42546E+08  7.05962E+08  8.65550E+08  1.54321E+09
 0.190  23.000   1.793  4.95426E+10  3.79370E+09  1.42855E+09  1.76900E+09  4.43203E+10  2.04434E+08  9.10918E+08  1.12902E+09  2.75745E+09  1.21689E+09  9.89453E+08  1.22797E+09  1.53538E+10  1.62713E+08  8.83410E+08  1.09465E+09  2.07438E+09
 0.200  26.250   2.965  6.36930E+10  4.96293E+09  1.77941E+09  2.19987E+09  5.69506E+10  6.26844E+08  1.14210E+09  1.41444E+09  4.78635E+09  2.31127E+09  1.71783E+09  2.12129E+09  2.72079E+10  7.19558E+08  1.17490E+09  1.45405E+09  5.72000E+09
 0.210  29.750   1.309  7.79185E+10  5.80692E+09  2.40405E+09  2.97599E+09  6.97075E+10  6.52685E+08  1.82678E+09  2.24751E+09  5.37348E+09  2.28736E+09  2.13971E+09  2.63896E+09  2.53210E+10  4.05157E+08  1.48246E+09  1.82252E+09  1.92573E+09
 0.220  32.500   2.792  8.90004E+10  6.29677E+09  2.99590E+09  3.71736E+09  7.97077E+10  1.21341E+09  2.41893E+09  2.98704E+09  6.71342E+09  2.97489E+09  2.76848E+09  3.42416E+09  2.54532E+10  1.06855E+09  2.35942E+09  2.91446E+09  5.59462E+09
 0.230  34.750   3.543  9.57847E+10  6.20841E+09  3.82384E+09  4.76171E+09  8.57525E+10  8.48295E+08  3.22899E+09  4.00915E+09  8.14755E+09  2.98251E+09  3.63814E+09  4.52393E+09  2.85606E+10  8.72665E+08  3.25647E+09  4.04449E+09  8.35739E+09
 0.240  36.750   3.061  9.94565E+10  6.11394E+09  4.39781E+09  5.52552E+09  8.89447E+10  1.31832E+09  3.80980E+09  4.77046E+09  8.51003E+09  3.05609E+09  4.13308E+09  5.18085E+09  2.63220E+10  1.10823E+09  3.70253E+09  4.63655E+09  6.79622E+09
 0.250  38.250   3.086  9.99725E+10  5.48566E+09  5.21480E+09  6.56285E+09  8.92720E+10  1.54167E+09  4.68641E+09  5.87691E+09  9.69409E+09  2.59165E+09  5.05075E+09  6.34739E+09  2.63602E+10  1.22433E+09  4.53481E+09  5.68852E+09  7.55644E+09
 0.260  39.750   3.768  1.00844E+11  5.32840E+09  5.50044E+09  7.03653E+09  9.00148E+10  8.87534E+08  4.94664E+09  6.31295E+09  9.94957E+09  2.05153E+09  5.27572E+09  6.73920E+09  2.66247E+10  8.42853E+08  4.90865E+09  6.26479E+09  9.33493E+09
 0.270  42.250   4.297  1.06963E+11  5.97781E+09  5.74045E+09  7.41992E+09  9.52447E+10  1.00564E+09  5.24376E+09  6.76723E+09  1.10453E+10  2.19268E+09  5.55485E+09  7.17330E+09  2.75896E+10  1.02442E+09  5.25559E+09  6.78247E+09  1.12651E+10
 0.280  45.250   4.300  1.18542E+11  7.07195E+09  6.10818E+09  7.93460E+09  1.05362E+11  1.45004E+09  5.58405E+09  7.24261E+09  1.21951E+10  2.47431E+09  5.89078E+09  7.64482E+09  2.92725E+10  1.36309E+09  5.54462E+09  7.19270E+09  1.14880E+10
 0.290  50.000   5.317  1.44781E+11  8.58816E+09  6.71243E+09  8.77424E+09  1.29480E+11  1.44338E+09  5.94510E+09  7.76643E+09  1.39983E+10  2.85632E+09  6.22133E+09  8.12809E+09  2.96540E+10  1.55935E+09  5.98419E+09  7.81645E+09  1.50134E+10
 0.300  55.500   4.954  1.81403E+11  9.84398E+09  9.33410E+09  1.21698E+10  1.62225E+11  1.92876E+09  6.81858E+09  8.85546E+09  1.70231E+10  3.03646E+09  7.05972E+09  9.16729E+09  3.12799E+10  1.73258E+09  6.70639E+09  8.71698E+09  1.49834E+10
 0.310  58.750   3.369  1.93585E+11  9.50654E+09  1.02315E+10  1.33570E+10  1.73847E+11  2.93277E+09  9.71483E+09  1.26713E+10  2.87396E+10  3.73281E+09  9.96384E+09  1.29981E+10  4.78876E+10  2.09735E+09  8.71941E+09  1.14000E+10  1.52519E+10
 0.320  62.000   1.397  2.06314E+11  8.20304E+09  1.16001E+10  1.51309E+10  1.86511E+11  1.41994E+09  8.96592E+09  1.16341E+10  1.84069E+10  1.96581E+09  9.33668E+09  1.21241E+10  3.23446E+10  6.89482E+08  5.73600E+09  7.45334E+09  3.38863E+09
 0.330  65.000   2.153  2.17823E+11  7.09825E+09  1.24501E+10  1.63155E+10  1.98275E+11  1.36380E+09  1.09730E+10  1.43477E+10  2.25166E+10  1.65527E+09  1.15495E+10  1.51115E+10  3.47111E+10  4.78597E+08  8.14136E+09  1.06275E+10  6.25408E+09
 0.340  68.250   2.505  2.31427E+11  7.02671E+09  1.28364E+10  1.69745E+10  2.11564E+11  8.85860E+08  1.14861E+10  1.51614E+10  2.37824E+10  1.19549E+09  1.19404E+10  1.57705E+10  3.46143E+10  4.88208E+08  8.93982E+09  1.17781E+10  7.45493E+09
 0.350  73.750   3.085  2.68146E+11  9.71874E+09  1.42536E+10  1.89962E+10  2.44173E+11  8.99468E+08  1.17558E+10  1.56542E+10  2.75640E+10  1.11921E+09  1.20731E+10  1.60831E+10  3.77198E+10  4.48676E+08  9.75864E+09  1.29730E+10  9.89030E+09
 0.360  77.250   3.527  2.84802E+11  1.02247E+10  1.44302E+10  1.93499E+10  2.60147E+11  1.07955E+09  1.19021E+10  1.59610E+10  2.89936E+10  1.33836E+09  1.21678E+10  1.63218E+10  3.81533E+10  5.75230E+08  1.01879E+10  1.36449E+10  1.14879E+10
 0.370  80.250   5.140  2.95470E+11  1.04193E+10  1.50632E+10  2.01888E+10  2.69987E+11  2.27115E+09  1.25436E+10  1.68305E+10  3.57230E+10  2.95899E+09  1.30662E+10  1.75234E+10  4.73857E+10  1.65346E+09  1.17196E+10  1.57214E+10  2.07803E+10
 0.380  82.750   1.000  3.02289E+11  1.00682E+10  1.60006E+10  2.14514E+10  2.76220E+11  6.51582E+08  1.33617E+10  1.78947E+10  3.06191E+10  7.53480E+08  1.35525E+10  1.81538E+10  3.74736E+10  2.79108E+08  6.60414E+09  8.74665E+09  2.35423E+09
 0.390  85.500   3.072  3.11139E+11  9.73113E+09  1.62028E+10  2.18675E+10  2.85205E+11  7.91456E+08  1.35325E+10  1.82451E+10  3.10364E+10  8.95341E+08  1.37066E+10  1.84829E+10  3.64496E+10  3.37016E+08  1.11532E+10  1.49936E+10  9.71753E+09
 0.400  88.500   8.335  3.22244E+11  9.94645E+09  1.63578E+10  2.21964E+10  2.95940E+11  1.04298E+09  1.42839E+10  1.93620E+10  3.42161E+10  1.24160E+09  1.44703E+10  1.96177E+10  3.89578E+10  9.55810E+08  1.41848E+10  1.92262E+10  3.20451E+10
 0.410  90.750   8.826  3.23011E+11  1.00356E+10  1.65145E+10  2.24970E+10  2.96461E+11  1.30886E+09  1.46015E+10  1.98710E+10  3.57848E+10  1.47890E+09  1.47542E+10  2.00808E+10  3.95892E+10  1.25755E+09  1.45555E+10  1.98078E+10  3.47506E+10
 0.420  92.750   7.795  3.21379E+11  9.95348E+09  1.66732E+10  2.27926E+10  2.94752E+11  1.52328E+09  1.48153E+10  2.02317E+10  3.62517E+10  1.61281E+09  1.49331E+10  2.03943E+10  3.92674E+10  1.28632E+09  1.45242E+10  1.98307E+10  3.01691E+10
 0.430  94.250   5.737  3.17396E+11  9.60398E+09  1.68819E+10  2.31340E+10  2.90910E+11  1.63507E+09  1.50691E+10  2.06270E+10  3.78349E+10  1.68666E+09  1.51612E+10  2.07545E+10  4.02626E+10  1.12156E+09  1.40945E+10  1.92805E+10  2.20400E+10
 0.440  96.000   7.204  3.15156E+11  9.13252E+09  1.70296E+10  2.34084E+10  2.88994E+11  1.56895E+09  1.52058E+10  2.08791E+10  3.81536E+10  1.61965E+09  1.52688E+10  2.09664E+10  3.98446E+10  1.26300E+09  1.47062E+10  2.01855E+10  2.80483E+10
 0.450  97.750   6.738  3.13350E+11  8.73756E+09  1.71199E+10  2.36046E+10  2.87493E+11  1.40115E+09  1.53162E+10  2.10969E+10  3.89877E+10  1.43112E+09  1.53526E+10  2.11474E+10  3.99239E+10  9.10818E+08  1.46216E+10  2.01352E+10  2.61383E+10
 0.460  99.250   7.061  3.09320E+11  8.45194E+09  1.71042E+10  2.36557E+10  2.83764E+11  1.48876E+09  1.54085E+10  2.12908E+10  3.95905E+10  1.49794E+09  1.54199E+10  2.13066E+10  3.99082E+10  1.02474E+09  1.47971E+10  2.04412E+10  2.75923E+10
 0.470 101.500   7.683  3.11427E+11  8.40405E+09  1.71644E+10  2.37961E+10  2.85858E+11  1.37130E+09  1.54866E+10  2.14526E+10  4.03475E+10  1.35344E+09  1.54631E+10  2.14197E+10  3.96973E+10  9.83218E+08  1.49862E+10  2.07573E+10  2.99317E+10
 0.480 103.500   8.007  3.14087E+11  8.53353E+09  1.72005E+10  2.39045E+10  2.88353E+11  1.48213E+09  1.55440E+10  2.15845E+10  4.10508E+10  1.43954E+09  1.54903E+10  2.15095E+10  3.95855E+10  1.06836E+09  1.50820E+10  2.09408E+10  3.12136E+10
 0.490 105.750   9.106  3.17033E+11  8.54534E+09  1.72204E+10  2.39858E+10  2.91267E+11  1.46059E+09  1.55646E+10  2.16640E+10  4.16436E+10  1.38579E+09  1.54732E+10  2.15361E+10  3.92412E+10  1.14826E+09  1.53015E+10  2.12986E+10  3.55156E+10
 0.500 108.000   7.791  3.20920E+11  8.58525E+09  1.72331E+10  2.40534E+10  2.95102E+11  1.48074E+09  1.56247E+10  2.17925E+10  4.29891E+10  1.40438E+09  1.54974E+10  2.16141E+10  3.95698E+10  8.60893E+08  1.49910E+10  2.09116E+10  3.01799E+10
