  41
 0.100  5.50000E+00  4.60631E+09  6.00108E+01
 0.110  6.75000E+00  6.54043E+09  6.45484E+01
 0.120  8.00000E+00  8.35809E+09  6.70259E+01
 0.130  9.50000E+00  1.06846E+10  6.95426E+01
 0.140  1.07500E+01  1.28791E+10  7.17749E+01
 0.150  1.25000E+01  1.61827E+10  7.46113E+01
 0.160  1.42500E+01  1.95712E+10  7.68485E+01
 0.170  1.65000E+01  2.53957E+10  8.13528E+01
 0.180  1.82500E+01  2.93361E+10  8.31389E+01
 0.190  2.30000E+01  4.95426E+10  9.62409E+01
 0.200  2.62500E+01  6.36930E+10  1.02145E+02
 0.210  2.97500E+01  7.79185E+10  1.06123E+02
 0.220  3.25000E+01  8.90004E+10  1.08515E+02
 0.230  3.47500E+01  9.57847E+10  1.08869E+02
 0.240  3.67500E+01  9.94565E+10  1.07875E+02
 0.250  3.82500E+01  9.99725E+10  1.06013E+02
 0.260  3.97500E+01  1.00844E+11  1.04446E+02
 0.270  4.22500E+01  1.06963E+11  1.04337E+02
 0.280  4.52500E+01  1.18542E+11  1.06136E+02
 0.290  5.00000E+01  1.44781E+11  1.11585E+02
 0.300  5.55000E+01  1.81403E+11  1.18552E+02
 0.310  5.87500E+01  1.93585E+11  1.19033E+02
 0.320  6.20000E+01  2.06314E+11  1.19620E+02
 0.330  6.50000E+01  2.17823E+11  1.20041E+02
 0.340  6.82500E+01  2.31427E+11  1.20751E+02
 0.350  7.37500E+01  2.68146E+11  1.25037E+02
 0.360  7.72500E+01  2.84802E+11  1.25909E+02
 0.370  8.02500E+01  2.95470E+11  1.25825E+02
 0.380  8.27500E+01  3.02289E+11  1.25332E+02
 0.390  8.55000E+01  3.11139E+11  1.25092E+02
 0.400  8.85000E+01  3.22244E+11  1.25128E+02
 0.410  9.07500E+01  3.23011E+11  1.23714E+02
 0.420  9.27500E+01  3.21379E+11  1.22063E+02
 0.430  9.42500E+01  3.17396E+11  1.20336E+02
 0.440  9.60000E+01  3.15156E+11  1.18812E+02
 0.450  9.77500E+01  3.13350E+11  1.17406E+02
 0.460  9.92500E+01  3.09320E+11  1.15764E+02
 0.470  1.01500E+02  3.11427E+11  1.14863E+02
 0.480  1.03500E+02  3.14087E+11  1.14232E+02
 0.490  1.05750E+02  3.17033E+11  1.13539E+02
 0.500  1.08000E+02  3.20920E+11  1.13037E+02
