  34
 0.170   1.967   1.505  2.03409E+06  2.35689E+06  2.02085E+06  1.69311E+02  0.00000E+00  0.00000E+00  0.00000E+00  2.03409E+06  2.35689E+06  2.02085E+06
 0.180   2.154   1.217  9.30503E+06  1.05936E+07  9.27230E+06  1.13288E+02  1.27565E+06  1.56555E+06  1.26381E+06  8.02938E+06  9.02802E+06  8.00849E+06
 0.190   2.254   1.112  8.70588E+06  1.01181E+07  8.66077E+06  1.70713E+02  1.04524E+06  1.29504E+06  1.03524E+06  7.66064E+06  8.82301E+06  7.62553E+06
 0.200   2.522   1.650  3.49490E+06  4.26687E+06  3.46705E+06  2.71763E+02  8.56863E+05  1.06587E+06  8.48738E+05  2.63803E+06  3.20100E+06  2.61831E+06
 0.210   3.291   2.218  4.40991E+07  5.29221E+07  4.37370E+07  2.87590E+02  1.62908E+07  2.06418E+07  1.60649E+07  2.78083E+07  3.22804E+07  2.76721E+07
 0.220   4.058   3.178  4.86226E+07  5.84302E+07  4.82087E+07  3.08491E+02  1.30837E+07  1.68113E+07  1.28408E+07  3.55389E+07  4.16189E+07  3.53679E+07
 0.230   4.049   2.147  3.08262E+07  3.87171E+07  3.04540E+07  4.63815E+02  1.29441E+07  1.65344E+07  1.27325E+07  1.78821E+07  2.21827E+07  1.77215E+07
 0.240   4.739   3.946  5.01534E+07  5.87418E+07  4.99205E+07  2.08017E+02  7.11514E+06  9.02764E+06  7.02279E+06  4.30383E+07  4.97142E+07  4.28977E+07
 0.250   4.920   3.803  6.04119E+07  7.32761E+07  5.99814E+07  3.19729E+02  1.48025E+07  1.91207E+07  1.45573E+07  4.56094E+07  5.41555E+07  4.54241E+07
 0.260   4.824   3.793  1.79576E+08  2.18142E+08  1.78103E+08  3.67734E+02  3.69538E+07  4.77871E+07  3.62553E+07  1.42623E+08  1.70355E+08  1.41848E+08
 0.270   4.582   2.274  1.77566E+08  2.09873E+08  1.76862E+08  2.14053E+02  2.25105E+07  2.86131E+07  2.22045E+07  1.55056E+08  1.81260E+08  1.54658E+08
 0.280   4.013   2.344  1.95172E+08  2.44393E+08  1.92994E+08  5.39977E+02  5.45518E+07  7.14226E+07  5.34193E+07  1.40620E+08  1.72970E+08  1.39575E+08
 0.290   5.148   3.217  1.68748E+08  2.08733E+08  1.67205E+08  4.80821E+02  3.81549E+07  5.01019E+07  3.74215E+07  1.30593E+08  1.58631E+08  1.29783E+08
 0.300   4.660   3.102  2.34816E+08  2.94804E+08  2.32551E+08  5.28384E+02  4.71784E+07  6.23876E+07  4.61442E+07  1.87638E+08  2.32416E+08  1.86407E+08
 0.310   5.824   1.647  3.27961E+08  3.95937E+08  3.26127E+08  3.44804E+02  3.88685E+07  5.05047E+07  3.82686E+07  2.89093E+08  3.45432E+08  2.87858E+08
 0.320   5.825   2.661  3.42828E+08  4.32023E+08  3.40086E+08  5.04509E+02  5.31980E+07  6.98363E+07  5.22774E+07  2.89630E+08  3.62186E+08  2.87809E+08
 0.330   5.215   2.341  4.51462E+08  5.67290E+08  4.47859E+08  5.27225E+02  5.93576E+07  7.80176E+07  5.83792E+07  3.92104E+08  4.89272E+08  3.89480E+08
 0.340   6.522   2.187  5.31817E+08  6.79701E+08  5.27064E+08  6.10450E+02  7.15441E+07  9.49184E+07  7.02610E+07  4.60272E+08  5.84782E+08  4.56803E+08
 0.350   7.123   4.450  6.03299E+08  7.81107E+08  5.96809E+08  7.36646E+02  8.90233E+07  1.19804E+08  8.69477E+07  5.14276E+08  6.61303E+08  5.09862E+08
 0.360   7.924   3.841  6.50322E+08  8.45024E+08  6.43070E+08  7.92212E+02  9.78780E+07  1.31041E+08  9.58054E+07  5.52444E+08  7.13983E+08  5.47265E+08
 0.370   8.989   2.639  6.91326E+08  9.03073E+08  6.82660E+08  8.95523E+02  1.25711E+08  1.68811E+08  1.22891E+08  5.65616E+08  7.34262E+08  5.59769E+08
 0.380   8.120   3.244  9.11094E+08  1.16937E+09  9.01142E+08  8.13392E+02  1.20072E+08  1.61957E+08  1.17203E+08  7.91022E+08  1.00741E+09  7.83939E+08
 0.390   9.205   4.273  1.09231E+09  1.40897E+09  1.08063E+09  8.22445E+02  1.25400E+08  1.70101E+08  1.22172E+08  9.66912E+08  1.23887E+09  9.58457E+08
 0.400   9.355   2.554  1.23659E+09  1.60275E+09  1.22307E+09  8.65145E+02  1.57674E+08  2.12304E+08  1.53964E+08  1.07892E+09  1.39045E+09  1.06911E+09
 0.410   9.688   2.994  1.55274E+09  1.99762E+09  1.53685E+09  8.33239E+02  1.82581E+08  2.45691E+08  1.78326E+08  1.37016E+09  1.75193E+09  1.35853E+09
 0.420  10.691   2.960  1.69969E+09  2.21433E+09  1.68099E+09  9.16576E+02  2.12420E+08  2.86140E+08  2.07514E+08  1.48728E+09  1.92819E+09  1.47348E+09
 0.430  11.042   2.958  1.91570E+09  2.50315E+09  1.89441E+09  9.49577E+02  2.55222E+08  3.44234E+08  2.49597E+08  1.66048E+09  2.15892E+09  1.64482E+09
 0.440  10.202   3.384  1.92549E+09  2.51611E+09  1.90300E+09  1.01058E+03  2.37980E+08  3.23485E+08  2.32229E+08  1.68751E+09  2.19263E+09  1.67077E+09
 0.450   9.363   3.045  2.24030E+09  2.94898E+09  2.21328E+09  1.07315E+03  2.58477E+08  3.50515E+08  2.52480E+08  1.98182E+09  2.59846E+09  1.96080E+09
 0.460   8.699   3.337  2.28608E+09  2.96843E+09  2.26013E+09  1.01534E+03  2.45143E+08  3.32362E+08  2.39098E+08  2.04094E+09  2.63607E+09  2.02103E+09
 0.470   7.599   3.752  2.28395E+09  2.96846E+09  2.25772E+09  1.03855E+03  1.85647E+08  2.54978E+08  1.80246E+08  2.09830E+09  2.71348E+09  2.07747E+09
 0.480   5.561   2.185  2.10891E+09  2.68577E+09  2.08626E+09  9.57224E+02  8.46936E+07  1.18296E+08  8.10952E+07  2.02422E+09  2.56748E+09  2.00516E+09
 0.490   8.619   3.194  2.38301E+09  3.09825E+09  2.35426E+09  1.09165E+03  1.39305E+08  1.93166E+08  1.33876E+08  2.24371E+09  2.90509E+09  2.22038E+09
 0.500   2.996   1.323  2.27126E+09  2.94179E+09  2.24757E+09  9.82025E+02  3.74773E+07  5.25077E+07  3.55689E+07  2.23378E+09  2.88929E+09  2.21200E+09
