  34
 0.170        23783 -0.32439E-01 -0.28529E-01  0.56479E-02 -0.24054E+02  0.15068E+02 -0.28777E+01 -0.37288E+00 -0.92105E+00  0.11234E+00   1.967   1.505
 0.180        25952 -0.22382E-01  0.35412E-01  0.68984E-02  0.77608E+01 -0.30602E+02  0.11785E+02 -0.54472E+00 -0.78344E+00 -0.29916E+00   2.154   1.217
 0.190        15125 -0.71215E-02  0.19584E-01 -0.17804E-02 -0.40974E+02  0.31633E+02  0.12676E+02 -0.22811E+00  0.14707E+00 -0.96246E+00   2.254   1.112
 0.200        14860  0.23519E-01 -0.95438E-02  0.24030E-01 -0.29883E+02  0.56324E+02 -0.24041E+01 -0.73323E+00  0.67924E+00 -0.31702E-01   2.522   1.650
 0.210        21605 -0.19682E-01 -0.29344E-01 -0.20576E-01  0.32523E+02 -0.14206E+02  0.67081E+01 -0.82546E+00 -0.51101E+00  0.23975E+00   3.291   2.218
 0.220         3972 -0.24735E-01  0.86197E-02  0.13866E-01 -0.94028E+01  0.66819E+01 -0.51300E+02 -0.79930E+00 -0.59515E+00  0.83195E-01   4.058   3.178
 0.230        65529  0.47019E-02  0.74446E-02  0.20571E-01 -0.11900E+02  0.28363E+02  0.68362E+00 -0.50424E+00 -0.73726E+00  0.44966E+00   4.049   2.147
 0.240        15113 -0.51112E-02  0.10222E-01 -0.32712E-02  0.13914E+02 -0.23878E+02  0.28768E+02 -0.56653E+00  0.31172E+00 -0.76280E+00   4.739   3.946
 0.250        45767 -0.16392E-01  0.19159E-02 -0.43853E-01 -0.23393E+02 -0.53399E+02  0.84476E+01 -0.93364E+00 -0.19433E+00 -0.30092E+00   4.920   3.803
 0.260       134483 -0.73087E-02  0.30342E-01 -0.44295E-02  0.12961E+02 -0.24150E+02  0.11689E+02 -0.55817E+00  0.34610E+00  0.75409E+00   4.824   3.793
 0.270       131745 -0.68989E-02 -0.33805E-01  0.23226E-01 -0.32140E+02  0.50785E+02 -0.69299E+01 -0.75931E+00 -0.99902E-01  0.64301E+00   4.582   2.274
 0.280       182417 -0.62027E-02 -0.16699E-01 -0.22664E-01  0.17699E+02  0.51777E+02 -0.29975E+02 -0.36105E+00  0.25790E-02 -0.93254E+00   4.013   2.344
 0.290       209014  0.22235E-02  0.91410E-02 -0.17294E-02  0.34939E+02  0.96193E+02  0.32900E+02 -0.80620E+00  0.57070E+00 -0.15601E+00   5.148   3.217
 0.300       232877 -0.35772E-02  0.35772E-02  0.25552E-02  0.10219E+03  0.44514E+02  0.48816E+02 -0.86392E+00  0.35292E+00 -0.35930E+00   4.660   3.102
 0.310       222118 -0.21117E-02 -0.18478E-02 -0.18478E-02 -0.11787E+03 -0.18778E+03 -0.43147E+02 -0.57432E+00  0.57058E+00  0.58702E+00   5.824   1.647
 0.320       230700  0.35446E-02  0.10906E-02  0.81798E-03  0.17477E+03 -0.69490E+01 -0.31260E+02 -0.55757E+00  0.68659E+00  0.46659E+00   5.825   2.661
 0.330       220890 -0.84307E-03 -0.56205E-03  0.14051E-02 -0.12393E+03 -0.37306E+01  0.13768E+02 -0.20113E+00  0.49265E+00  0.84667E+00   5.215   2.341
 0.340       821499  0.86888E-03  0.86888E-03  0.17378E-02  0.23565E+02  0.79053E+02 -0.12608E+02 -0.35440E+00  0.51199E+00  0.78247E+00   6.522   2.187
 0.350       846442  0.29807E-03 -0.89421E-03 -0.17884E-02 -0.45289E-01 -0.10203E+03  0.96142E+02 -0.54247E+00 -0.16734E+00  0.82324E+00   7.123   4.450
 0.360       895808 -0.61313E-03  0.00000E+00  0.15328E-02 -0.63878E+02 -0.21303E+02  0.28671E+02 -0.66858E+00  0.89755E-01  0.73821E+00   7.924   3.841
 0.370       497653 -0.63021E-03 -0.18906E-02  0.18906E-02 -0.52646E+02  0.39472E+02 -0.52604E+02 -0.56825E+00 -0.53953E-01  0.82109E+00   8.989   2.639
 0.380       837956 -0.19415E-02 -0.16179E-02  0.12943E-02  0.36626E+02  0.64367E+02 -0.16666E+03 -0.67720E+00 -0.13365E+00  0.72356E+00   8.120   3.244
 0.390       667410 -0.19931E-02 -0.33219E-03  0.00000E+00 -0.27433E+02 -0.67238E+02  0.17007E+02 -0.79303E+00 -0.22228E+00  0.56719E+00   9.205   4.273
 0.400       796374  0.34067E-02  0.23847E-02 -0.34067E-03 -0.37971E+02  0.66348E+01  0.14417E+03 -0.70871E+00 -0.21390E+00  0.67230E+00   9.355   2.554
 0.410      1070924 -0.45394E-02  0.69837E-03  0.31426E-02 -0.10614E+02  0.13217E+03 -0.43626E+02 -0.71538E+00 -0.16423E+00  0.67916E+00   9.688   2.994
 0.420       385210  0.17887E-02 -0.21464E-02  0.10732E-02  0.25622E+02 -0.49869E+02 -0.73827E+02 -0.72684E+00 -0.13513E+00  0.67338E+00  10.691   2.960
 0.430      1022316 -0.32954E-02 -0.73231E-03  0.36616E-03  0.32135E+02  0.48581E+02  0.15725E+03 -0.68122E+00 -0.13909E+00  0.71875E+00  11.042   2.958
 0.440       704416  0.26229E-02  0.00000E+00  0.11241E-02 -0.33467E+02  0.91727E+02 -0.59074E+01 -0.59982E+00 -0.34385E+00  0.72249E+00  10.202   3.384
 0.450      1165502 -0.26827E-02 -0.30659E-02  0.00000E+00 -0.11743E+03  0.96485E+02 -0.24097E+02 -0.71069E+00 -0.28407E-01  0.70293E+00   9.363   3.045
 0.460       891872 -0.39181E-03  0.00000E+00  0.00000E+00 -0.67652E+01 -0.70885E+02 -0.11023E+03 -0.85043E+00  0.11297E+00  0.51382E+00   8.699   3.337
 0.470       433437 -0.80051E-03 -0.40025E-03 -0.28018E-02 -0.81787E+00  0.57652E+02 -0.43659E+02 -0.78501E+00  0.44878E+00  0.42704E+00   7.599   3.752
 0.480      1270593 -0.20436E-02 -0.24523E-02 -0.12262E-02  0.44011E+02  0.85039E+02  0.67508E+02 -0.67529E+00  0.71634E+00  0.17561E+00   5.561   2.185
 0.490      1510082  0.25042E-02  0.83474E-03  0.41737E-03  0.13770E+03  0.14695E+03  0.43770E+02 -0.71423E+00  0.69283E+00 -0.99284E-01   8.619   3.194
 0.500      1473498 -0.29803E-02 -0.12773E-02  0.12773E-02  0.63863E+02  0.60905E+02 -0.86165E+02 -0.78212E+00  0.60420E+00  0.15244E+00   2.996   1.323
