  34
 0.170  2.21250E+00  2.41242E+08  3.30479E+07  3.88114E+07  2.26235E+08  1.91940E+07  1.40554E+09  2.39999E-01
 0.180  2.51250E+00  2.66194E+08  7.91491E+07  9.36847E+07  2.41181E+08  3.24393E+07  2.04894E+09  3.62707E-01
 0.190  2.85000E+00  1.68717E+08  9.14637E+07  1.11241E+08  1.47818E+08  1.63058E+07  1.93014E+09  1.35913E-01
 0.200  3.45000E+00  3.13127E+08  1.40076E+08  1.73525E+08  2.80262E+08  1.18303E+07  2.88224E+09  1.34517E-01
 0.210  3.82500E+00  7.82746E+08  2.72688E+08  3.31133E+08  7.03934E+08  9.18473E+07  4.95795E+09  1.21792E+00
 0.220  4.35000E+00  4.88191E+08  2.86574E+08  3.54341E+08  4.12132E+08  4.63210E+07  5.07252E+09  5.16365E-01
 0.230  5.10000E+00  7.61232E+08  3.41176E+08  4.29889E+08  6.44465E+08  3.04436E+07  6.22623E+09  4.09496E-01
 0.240  5.47500E+00  1.39674E+09  5.82227E+08  7.25274E+08  1.19764E+09  1.27321E+08  9.34923E+09  1.71783E+00
 0.250  5.77500E+00  1.37053E+09  7.38489E+08  9.21281E+08  1.15127E+09  1.22117E+08  9.16333E+09  1.15480E+00
 0.260  6.03750E+00  2.04515E+09  1.11867E+09  1.38864E+09  1.78968E+09  2.63572E+08  1.11473E+10  3.26458E+00
 0.270  6.26250E+00  1.86737E+09  1.57282E+09  1.96530E+09  1.64794E+09  2.67922E+08  1.26888E+10  3.14605E+00
 0.280  6.48750E+00  2.00353E+09  1.74554E+09  2.19730E+09  1.76295E+09  2.17970E+08  1.24350E+10  2.27871E+00
 0.290  6.67500E+00  2.80048E+09  2.34580E+09  2.94688E+09  2.49027E+09  4.21784E+08  1.35791E+10  5.16609E+00
 0.300  7.01250E+00  2.11433E+09  2.78210E+09  3.52392E+09  1.86071E+09  3.30047E+08  1.41356E+10  3.36726E+00
 0.310  7.31250E+00  2.36887E+09  3.48042E+09  4.41746E+09  2.10149E+09  5.07821E+08  1.58459E+10  5.32855E+00
 0.320  7.87500E+00  1.66300E+09  3.79835E+09  4.88481E+09  1.43973E+09  2.34639E+08  1.67204E+10  2.31315E+00
 0.330  8.32500E+00  1.48023E+09  4.20662E+09  5.44754E+09  1.26389E+09  3.13774E+08  1.80995E+10  3.72434E+00
 0.340  8.81250E+00  1.53512E+09  4.38503E+09  5.75697E+09  1.33105E+09  9.75016E+07  2.17512E+10  9.33426E-01
 0.350  9.18750E+00  2.02197E+09  4.53050E+09  5.99821E+09  1.67143E+09  1.11377E+08  2.38937E+10  1.13663E+00
 0.360  9.63750E+00  2.31003E+09  4.64488E+09  6.19385E+09  2.01584E+09  7.94783E+07  2.31841E+10  8.79281E-01
 0.370  9.97500E+00  3.04848E+09  5.13609E+09  6.87057E+09  2.66782E+09  1.45903E+08  2.66575E+10  1.70319E+00
 0.380  1.03500E+01  3.75632E+09  5.30881E+09  7.10366E+09  3.35625E+09  2.63086E+08  2.75581E+10  3.50875E+00
 0.390  1.06500E+01  3.31906E+09  5.58306E+09  7.50922E+09  2.97013E+09  1.56572E+08  2.86324E+10  1.40585E+00
 0.400  1.11000E+01  4.07775E+09  5.92740E+09  8.00192E+09  3.69954E+09  1.55514E+08  3.13962E+10  1.57241E+00
 0.410  1.16625E+01  4.30318E+09  6.26196E+09  8.45206E+09  3.81366E+09  2.72168E+08  3.30421E+10  2.88684E+00
 0.420  1.23000E+01  3.93226E+09  6.42448E+09  8.72215E+09  3.51920E+09  1.40382E+08  3.43049E+10  1.61331E+00
 0.430  1.30500E+01  4.52965E+09  6.79498E+09  9.24859E+09  4.05019E+09  1.72089E+08  3.88546E+10  1.86687E+00
 0.440  1.36875E+01  6.06724E+09  7.20292E+09  9.80674E+09  5.42010E+09  2.66521E+08  4.50965E+10  3.24210E+00
 0.450  1.42125E+01  5.65603E+09  7.72690E+09  1.05015E+10  4.98136E+09  3.55978E+08  4.66787E+10  4.23123E+00
 0.460  1.47000E+01  5.95108E+09  8.31252E+09  1.12666E+10  5.17676E+09  4.56298E+08  4.73121E+10  5.60839E+00
 0.470  1.51875E+01  5.05580E+09  9.00149E+09  1.21846E+10  4.42760E+09  4.08020E+08  4.89972E+10  4.58093E+00
 0.480  1.55625E+01  3.90845E+09  1.00031E+10  1.34820E+10  3.23111E+09  6.62917E+08  5.11926E+10  7.77474E+00
 0.490  1.59000E+01  2.67235E+09  1.04789E+10  1.41995E+10  2.21671E+09  3.37070E+08  5.05570E+10  3.78950E+00
 0.500  1.62000E+01  2.10353E+09  1.08026E+10  1.47043E+10  1.72037E+09  3.03290E+08  5.03682E+10  3.23887E+00
