  34
 0.170  3.88779E+07  1.54420E+07  1.82003E+07  3.59949E+07  9.64704E+06  3.05616E+08  1.02365E-01
 0.180  3.20310E+07  2.58494E+07  3.08708E+07  2.86880E+07  7.85903E+06  4.23091E+08  1.14924E-01
 0.190  1.54835E+07  2.06930E+07  2.54069E+07  1.46850E+07  2.02589E+06  2.90984E+08  2.36350E-02
 0.200  6.34448E+07  3.52219E+07  4.34048E+07  6.09616E+07  6.09365E+06  4.52854E+08  7.85037E-02
 0.210  1.82584E+07  5.07777E+07  6.29710E+07  1.67267E+07  9.73514E+06  5.57026E+08  1.03892E-01
 0.220  1.84315E+06  4.41910E+07  5.54125E+07  1.36254E+06  3.30614E+06  3.88173E+08  1.14013E-02
 0.230  3.81302E+07  3.57476E+07  4.50643E+07  3.61987E+07  2.74207E+06  3.35712E+08  4.74230E-02
 0.240  2.41122E+07  5.56620E+07  7.07431E+07  2.18878E+07  6.40776E+06  4.64992E+08  3.11591E-02
 0.250  5.16814E+07  6.01876E+07  7.69236E+07  5.01721E+07  4.35583E+06  4.32984E+08  4.29794E-02
 0.260  5.76431E+07  9.59504E+07  1.16653E+08  5.30224E+07  3.72210E+07  4.32319E+08  6.34041E-01
 0.270  1.55808E+08  1.52654E+08  1.89279E+08  1.50385E+08  3.40755E+07  6.35592E+08  5.37318E-01
 0.280  1.16932E+08  2.39484E+08  2.97045E+08  1.12159E+08  4.89430E+07  6.54714E+08  4.40212E-01
 0.290  2.40364E+08  5.05378E+08  6.13172E+08  2.33551E+08  1.88693E+08  8.27891E+08  2.43340E+00
 0.300  1.43438E+08  7.74615E+08  9.51217E+08  1.38584E+08  1.74853E+08  9.13690E+08  1.79614E+00
 0.310  1.62396E+08  1.13716E+09  1.40809E+09  1.59256E+08  2.52303E+08  1.05644E+09  2.41423E+00
 0.320  5.75409E+07  1.24890E+09  1.57995E+09  5.57556E+07  9.23797E+07  1.04422E+09  9.67759E-01
 0.330  1.56118E+08  1.55700E+09  1.97434E+09  1.51029E+08  2.32935E+08  1.19237E+09  2.84042E+00
 0.340  5.02192E+07  1.57140E+09  2.02792E+09  4.82386E+07  6.25614E+07  1.10017E+09  5.51324E-01
 0.350  5.70485E+07  1.53315E+09  2.00713E+09  5.42253E+07  2.76332E+07  1.05702E+09  3.42646E-01
 0.360  4.14101E+07  1.52744E+09  2.01945E+09  3.91317E+07  3.05282E+07  1.04546E+09  2.99722E-01
 0.370  2.88839E+07  1.50818E+09  2.01242E+09  2.65702E+07  1.99466E+07  1.05552E+09  2.26161E-01
 0.380  1.03984E+08  1.63038E+09  2.18270E+09  1.00102E+08  5.70567E+07  1.17375E+09  7.74320E-01
 0.390  6.72557E+07  1.65184E+09  2.22094E+09  6.39980E+07  4.12263E+07  1.11222E+09  3.77057E-01
 0.400  2.13972E+07  1.67663E+09  2.27097E+09  1.98804E+07  2.03509E+07  1.14099E+09  1.26434E-01
 0.410  1.72076E+07  1.66275E+09  2.26851E+09  1.57944E+07  7.41495E+06  1.12627E+09  7.45953E-02
 0.420  1.63027E+07  1.63928E+09  2.24977E+09  1.51391E+07  5.24528E+06  1.08811E+09  5.69548E-02
 0.430  1.58988E+07  1.60030E+09  2.20692E+09  1.46821E+07  5.52968E+06  1.08329E+09  6.06113E-02
 0.440  1.28795E+07  1.57697E+09  2.18455E+09  1.17159E+07  4.00533E+06  1.06567E+09  4.35658E-02
 0.450  1.37515E+08  1.65732E+09  2.28847E+09  1.31778E+08  5.51434E+07  1.13717E+09  9.09360E-01
 0.460  1.46475E+08  1.89881E+09  2.60245E+09  1.41641E+08  1.04059E+08  1.20950E+09  1.09693E+00
 0.470  3.27180E+08  2.15642E+09  2.93216E+09  3.20570E+08  1.38618E+08  1.34809E+09  1.69839E+00
 0.480  1.75984E+08  2.59545E+09  3.47614E+09  1.70496E+08  2.28900E+08  1.39672E+09  2.30554E+00
 0.490  1.24627E+08  2.75006E+09  3.69618E+09  1.20636E+08  1.49928E+08  1.41817E+09  1.51487E+00
 0.500  2.65439E+08  2.83360E+09  3.82255E+09  2.60678E+08  1.21310E+08  1.42840E+09  1.34718E+00
