  40
 0.110   1.000   0.533  1.51136E+06  1.76989E+06  1.49140E+06  1.78865E+02  0.00000E+00  0.00000E+00  0.00000E+00  1.51136E+06  1.76989E+06  1.49140E+06
 0.120   1.016   0.857  1.48671E+06  1.77454E+06  1.46659E+06  2.10195E+02  2.60222E+05  3.15608E+05  2.56547E+05  1.22649E+06  1.45893E+06  1.21005E+06
 0.130   1.207   0.952  8.18149E+06  9.32078E+06  8.12207E+06  1.24607E+02  7.49032E+05  9.22838E+05  7.32606E+05  7.43245E+06  8.39795E+06  7.38946E+06
 0.140   1.217   0.933  5.16304E+06  6.24251E+06  5.09680E+06  2.45666E+02  6.53842E+05  8.11991E+05  6.41835E+05  4.50919E+06  5.43052E+06  4.45497E+06
 0.150   1.394   0.993  8.68035E+06  1.01595E+07  8.58609E+06  2.20700E+02  1.47919E+06  1.84451E+06  1.45122E+06  7.20116E+06  8.31497E+06  7.13487E+06
 0.160   2.065   1.196  1.63673E+07  1.93341E+07  1.62218E+07  2.07605E+02  2.54009E+06  3.16614E+06  2.49022E+06  1.38273E+07  1.61679E+07  1.37316E+07
 0.170   2.217   1.346  1.19674E+07  1.48099E+07  1.17728E+07  3.75867E+02  3.59600E+06  4.49594E+06  3.52986E+06  8.37137E+06  1.03139E+07  8.24290E+06
 0.180   2.031   1.114  1.91433E+07  2.25752E+07  1.89023E+07  3.04462E+02  2.82722E+06  3.61854E+06  2.74591E+06  1.63161E+07  1.89566E+07  1.61564E+07
 0.190   2.701   1.138  1.77396E+07  2.12961E+07  1.75230E+07  3.31785E+02  3.74853E+06  4.74986E+06  3.67436E+06  1.39911E+07  1.65462E+07  1.38487E+07
 0.200   1.980   0.917  4.11700E+07  4.81095E+07  4.08059E+07  2.62660E+02  9.51591E+06  1.21540E+07  9.30497E+06  3.16541E+07  3.59555E+07  3.15010E+07
 0.210   3.435   1.995  1.12181E+08  1.38227E+08  1.10723E+08  4.00844E+02  3.40443E+07  4.35117E+07  3.32761E+07  7.81372E+07  9.47158E+07  7.74466E+07
 0.220   4.106   1.502  8.88671E+07  1.08030E+08  8.78615E+07  3.75478E+02  1.75050E+07  2.25695E+07  1.70555E+07  7.13621E+07  8.54606E+07  7.08059E+07
 0.230   4.349   1.852  1.35299E+08  1.63353E+08  1.34146E+08  3.21057E+02  2.35703E+07  3.04407E+07  2.30058E+07  1.11728E+08  1.32912E+08  1.11140E+08
 0.240   4.589   2.237  4.39539E+08  5.21388E+08  4.37540E+08  2.05902E+02  2.31941E+07  3.03137E+07  2.25146E+07  4.16345E+08  4.91075E+08  4.15025E+08
 0.250   4.292   1.423  5.19509E+08  6.19712E+08  5.17179E+08  2.20950E+02  2.35336E+07  3.05294E+07  2.29464E+07  4.95975E+08  5.89182E+08  4.94233E+08
 0.260   4.573   2.391  5.16710E+08  6.32680E+08  5.13467E+08  3.12666E+02  3.67927E+07  4.77234E+07  3.59557E+07  4.79917E+08  5.84957E+08  4.77511E+08
 0.270   5.428   1.622  6.61382E+08  8.11987E+08  6.57003E+08  3.44392E+02  4.91495E+07  6.36671E+07  4.80814E+07  6.12233E+08  7.48320E+08  6.08921E+08
 0.280   4.188   1.453  1.04559E+09  1.28142E+09  1.03912E+09  3.44750E+02  4.33792E+07  5.64288E+07  4.23742E+07  1.00221E+09  1.22499E+09  9.96746E+08
 0.290   5.477   2.166  7.09524E+08  8.91662E+08  7.03333E+08  4.78241E+02  6.96772E+07  8.97299E+07  6.83419E+07  6.39847E+08  8.01932E+08  6.34991E+08
 0.300   5.795   2.209  1.34630E+09  1.68425E+09  1.33558E+09  4.65213E+02  9.23987E+07  1.20369E+08  9.05006E+07  1.25391E+09  1.56388E+09  1.24508E+09
 0.310   5.338   1.457  2.03120E+09  2.52825E+09  2.01571E+09  4.65779E+02  6.19578E+07  8.25443E+07  6.01228E+07  1.96924E+09  2.44570E+09  1.95559E+09
 0.320   1.000   0.500  5.29086E+08  6.72901E+08  5.23555E+08  6.28846E+02  9.57426E+06  1.28788E+07  9.11435E+06  5.19512E+08  6.60022E+08  5.14440E+08
 0.330   5.698   0.821  2.26372E+08  2.86819E+08  2.22544E+08  8.56749E+02  6.34359E+07  8.22695E+07  6.19452E+07  1.62936E+08  2.04549E+08  1.60599E+08
 0.340   6.365   2.008  3.72746E+08  4.71630E+08  3.67177E+08  7.99385E+02  9.43603E+07  1.24597E+08  9.19625E+07  2.78386E+08  3.47033E+08  2.75214E+08
 0.350   6.956   1.733  5.21999E+08  6.55425E+08  5.15693E+08  6.82180E+02  9.40693E+07  1.25101E+08  9.14979E+07  4.27930E+08  5.30324E+08  4.24196E+08
 0.360   6.106   3.081  3.29929E+08  4.39918E+08  3.21527E+08  1.40210E+03  8.61488E+07  1.16504E+08  8.31743E+07  2.43780E+08  3.23414E+08  2.38353E+08
 0.370   2.527   0.500  1.73877E+09  2.23373E+09  1.71723E+09  8.49707E+02  3.26663E+07  4.42645E+07  3.14366E+07  1.70610E+09  2.18946E+09  1.68579E+09
 0.380   6.625   2.054  3.92012E+08  5.17076E+08  3.82711E+08  1.35737E+03  7.64940E+07  1.03902E+08  7.35920E+07  3.15518E+08  4.13175E+08  3.09119E+08
 0.390   2.700   0.518  5.13192E+08  6.53800E+08  5.04818E+08  9.88403E+02  2.75388E+07  3.75436E+07  2.63284E+07  4.85653E+08  6.16256E+08  4.78490E+08
 0.400   6.633   1.735  7.58991E+08  9.59714E+08  7.48505E+08  8.91953E+02  1.13261E+08  1.52037E+08  1.09870E+08  6.45730E+08  8.07677E+08  6.38635E+08
 0.410   5.341   1.163  1.04172E+09  1.31408E+09  1.03040E+09  7.70608E+02  1.16325E+08  1.57296E+08  1.12985E+08  9.25394E+08  1.15678E+09  9.17412E+08
 0.420   2.827   0.855  1.26511E+09  1.57812E+09  1.25422E+09  6.47269E+02  6.62673E+07  9.02839E+07  6.40113E+07  1.19884E+09  1.48783E+09  1.19021E+09
 0.430   3.200   0.754  1.66140E+09  2.09335E+09  1.64833E+09  6.30566E+02  1.03381E+08  1.37646E+08  1.00818E+08  1.55802E+09  1.95571E+09  1.54751E+09
 0.440   3.288   0.579  1.88725E+09  2.40191E+09  1.87269E+09  6.63596E+02  1.11105E+08  1.48064E+08  1.08550E+08  1.77614E+09  2.25384E+09  1.76414E+09
 0.450   4.859   0.715  2.33360E+09  2.99186E+09  2.31460E+09  7.27323E+02  1.61043E+08  2.15728E+08  1.57442E+08  2.17255E+09  2.77614E+09  2.15716E+09
 0.460   3.390   0.716  2.15900E+09  2.81044E+09  2.13876E+09  8.46312E+02  1.15783E+08  1.57043E+08  1.12642E+08  2.04321E+09  2.65340E+09  2.02612E+09
 0.470   3.452   1.072  2.25968E+09  2.97440E+09  2.23520E+09  9.80829E+02  1.47438E+08  2.00156E+08  1.43431E+08  2.11225E+09  2.77424E+09  2.09177E+09
 0.480   4.843   1.373  1.16926E+09  1.58377E+09  1.14680E+09  1.57429E+03  1.44700E+08  1.99176E+08  1.39940E+08  1.02456E+09  1.38460E+09  1.00686E+09
 0.490   4.767   1.431  6.34273E+08  8.75815E+08  6.13700E+08  2.36432E+03  9.36223E+07  1.30212E+08  8.96034E+07  5.40651E+08  7.45603E+08  5.24097E+08
 0.500   4.790   0.950  5.16295E+08  7.11631E+08  4.96987E+08  2.59880E+03  6.79161E+07  9.48949E+07  6.44401E+07  4.48379E+08  6.16736E+08  4.32547E+08
