  40
 0.110   1.000   0.533  9.04581E-03  1.08922E-02  5.96021E-03
 0.120   1.016   0.857  4.22953E-03  4.31486E-03  6.08267E-03
 0.130   1.207   0.952  9.23193E-02  9.87894E-02  6.68306E-02
 0.140   1.217   0.933  4.09231E-03  4.03566E-03  1.23555E-02
 0.150   1.394   0.993  6.08169E-02  7.88650E-02  3.72840E-02
 0.160   2.065   1.196  1.06811E-01  1.07831E-01  9.42120E-02
 0.170   2.217   1.346  9.12100E-03  9.19524E-03  7.87959E-03
 0.180   2.031   1.114  1.54809E-01  1.92561E-01  9.32603E-02
 0.190   2.701   1.138  9.91902E-02  1.15201E-01  7.15821E-02
 0.200   1.980   0.917  3.60823E-01  4.54185E-01  2.34152E-01
 0.210   3.435   1.995  1.65119E-01  1.53416E-01  2.29883E-01
 0.220   4.106   1.502  4.16884E-01  5.22306E-01  2.68032E-01
 0.230   4.349   1.852  6.87573E-01  7.67363E-01  5.28384E-01
 0.240   4.589   2.237  2.24280E+00  2.14788E+00  2.16345E+00
 0.250   4.292   1.423  2.46966E+00  2.52925E+00  2.33983E+00
 0.260   4.573   2.391  1.25475E+00  1.16663E+00  1.36736E+00
 0.270   5.428   1.622  2.20991E+00  2.34579E+00  1.82033E+00
 0.280   4.188   1.453  3.95762E+00  3.95805E+00  3.43757E+00
 0.290   5.477   2.166  1.00766E+00  1.02312E+00  9.19596E-01
 0.300   5.795   2.209  2.99796E+00  2.68765E+00  3.19521E+00
 0.310   5.338   1.457  6.12651E+00  6.34514E+00  5.53775E+00
 0.320   1.000   0.500  8.13925E-01  7.11680E-01  9.31570E-01
 0.330   5.698   0.821  5.33942E-01  5.52814E-01  4.58699E-01
 0.340   6.365   2.008  8.34650E-01  8.92300E-01  7.33339E-01
 0.350   6.956   1.733  1.05899E+00  1.08674E+00  1.04501E+00
 0.360   6.106   3.081  3.26616E-01  3.93080E-01  2.23446E-01
 0.370   2.527   0.500  4.59708E+00  4.39204E+00  4.59732E+00
 0.380   6.625   2.054  4.11501E-01  4.43294E-01  4.02240E-01
 0.390   2.700   0.518  1.68507E+00  1.74396E+00  1.45381E+00
 0.400   6.633   1.735  3.56022E+00  3.82893E+00  2.57728E+00
 0.410   5.341   1.163  3.17523E+00  3.25334E+00  2.91022E+00
 0.420   2.827   0.855  4.10338E+00  4.21698E+00  3.83551E+00
 0.430   3.200   0.754  2.28480E+00  2.32840E+00  2.61145E+00
 0.440   3.288   0.579  2.39542E+00  2.42906E+00  2.43360E+00
 0.450   4.859   0.715  3.02152E+00  3.06619E+00  2.90547E+00
 0.460   3.390   0.716  1.25838E+00  1.23022E+00  1.29479E+00
 0.470   3.452   1.072  1.02938E+00  9.83153E-01  1.09284E+00
 0.480   4.843   1.373  2.31311E-01  2.20376E-01  2.20588E-01
 0.490   4.767   1.431  1.99049E-01  2.26471E-01  1.39070E-01
 0.500   4.790   0.950  2.09582E-01  2.15201E-01  2.10376E-01
