  40
 0.110  1.01250E+00  5.28436E+07  1.89744E+07  2.25201E+07  5.08523E+07  5.07074E+06  4.62748E+08  6.91402E-02
 0.120  1.20000E+00  3.69970E+07  3.21498E+07  3.84437E+07  3.45433E+07  9.63652E+06  7.59302E+08  7.69518E-02
 0.130  1.42500E+00  1.39738E+08  5.35965E+07  6.34409E+07  1.31883E+08  1.93790E+07  9.42206E+08  2.82553E-01
 0.140  1.61250E+00  6.86233E+07  7.15646E+07  8.66778E+07  6.42579E+07  1.60404E+07  1.18813E+09  9.89887E-02
 0.150  1.83750E+00  1.99257E+08  1.00528E+08  1.21127E+08  1.89276E+08  2.18375E+07  1.53897E+09  3.75484E-01
 0.160  2.17500E+00  8.14494E+07  1.35670E+08  1.65661E+08  7.19078E+07  3.06087E+07  1.80992E+09  2.43952E-01
 0.170  2.43750E+00  1.45431E+08  1.43794E+08  1.79564E+08  1.35003E+08  2.75891E+06  2.11978E+09  3.15128E-02
 0.180  2.73750E+00  3.36579E+08  2.12920E+08  2.60845E+08  3.05510E+08  5.59570E+07  2.68902E+09  7.84198E-01
 0.190  3.37500E+00  2.78946E+08  2.48478E+08  3.08783E+08  2.54977E+08  3.20216E+07  3.37882E+09  3.03901E-01
 0.200  3.93750E+00  1.03317E+09  6.07260E+08  7.37106E+08  9.54967E+08  1.96388E+08  1.00077E+10  2.91176E+00
 0.210  4.42500E+00  7.66515E+08  7.50005E+08  9.20277E+08  6.81115E+08  1.66162E+08  8.04679E+09  1.09200E+00
 0.220  4.87500E+00  1.05499E+09  9.71602E+08  1.19939E+09  9.32151E+08  1.85654E+08  9.20424E+09  2.41596E+00
 0.230  5.21250E+00  1.41782E+09  1.41629E+09  1.74376E+09  1.27970E+09  3.44572E+08  1.24566E+10  4.43082E+00
 0.240  5.47500E+00  1.50159E+09  1.89233E+09  2.33914E+09  1.32140E+09  3.71885E+08  1.22720E+10  4.25399E+00
 0.250  5.70000E+00  1.80051E+09  2.38563E+09  2.96839E+09  1.62464E+09  3.99996E+08  1.27585E+10  4.28884E+00
 0.260  5.96250E+00  1.63834E+09  2.85266E+09  3.59111E+09  1.44828E+09  3.29088E+08  1.51899E+10  3.29920E+00
 0.270  6.30000E+00  2.15296E+09  3.22251E+09  4.07933E+09  1.91830E+09  3.69017E+08  1.59457E+10  4.84430E+00
 0.280  6.82500E+00  1.86507E+09  3.98026E+09  5.04354E+09  1.61172E+09  5.74925E+08  1.91084E+10  6.56334E+00
 0.290  7.76250E+00  2.01963E+09  4.25189E+09  5.46317E+09  1.77929E+09  2.37756E+08  2.17697E+10  2.85832E+00
 0.300  8.28750E+00  2.34928E+09  4.89534E+09  6.29875E+09  2.03466E+09  5.22556E+08  2.67531E+10  5.29962E+00
 0.310  8.73750E+00  2.38977E+09  5.80105E+09  7.43786E+09  2.02099E+09  8.33141E+08  3.06921E+10  9.28876E+00
 0.320  9.22500E+00  1.49871E+09  6.68002E+09  8.62184E+09  1.27042E+09  5.93183E+08  2.74518E+10  6.01082E+00
 0.330  9.75000E+00  1.34895E+09  7.31090E+09  9.55668E+09  1.12020E+09  2.39115E+08  3.07341E+10  2.30252E+00
 0.340  1.06125E+01  2.10524E+09  7.56233E+09  9.98851E+09  1.74514E+09  1.50284E+08  3.51048E+10  1.72924E+00
 0.350  1.11750E+01  2.20608E+09  7.82352E+09  1.04037E+10  1.85200E+09  1.53215E+08  4.06393E+10  1.64804E+00
 0.360  1.16250E+01  4.60298E+09  9.03966E+09  1.19957E+10  3.91100E+09  5.43455E+08  5.73583E+10  7.78720E+00
 0.370  1.20000E+01  2.39967E+09  9.74771E+09  1.28393E+10  1.99500E+09  8.09157E+08  4.54384E+10  7.38886E+00
 0.380  1.23750E+01  2.44828E+09  1.03656E+10  1.37506E+10  2.04130E+09  3.58856E+08  4.39709E+10  3.73170E+00
 0.390  1.27875E+01  2.33903E+09  1.09420E+10  1.45961E+10  1.91416E+09  4.16165E+08  4.78255E+10  4.65356E+00
 0.400  1.32000E+01  2.70934E+09  1.14790E+10  1.53763E+10  2.21269E+09  4.14875E+08  5.19564E+10  5.22060E+00
 0.410  1.34625E+01  2.79014E+09  1.21336E+10  1.63001E+10  2.28603E+09  4.47784E+08  5.30720E+10  5.03891E+00
 0.420  1.37250E+01  2.76512E+09  1.27112E+10  1.71127E+10  2.18012E+09  4.76436E+08  5.42185E+10  5.42114E+00
 0.430  1.40250E+01  1.84335E+09  1.32698E+10  1.79317E+10  1.43818E+09  2.86084E+08  5.63605E+10  2.84349E+00
 0.440  1.43250E+01  1.71447E+09  1.35842E+10  1.84425E+10  1.34850E+09  2.65155E+08  5.79738E+10  2.78986E+00
 0.450  1.46250E+01  1.66860E+09  1.39811E+10  1.90377E+10  1.30688E+09  3.07523E+08  5.86968E+10  3.46811E+00
 0.460  1.48875E+01  1.41377E+09  1.41797E+10  1.94055E+10  1.04557E+09  1.53223E+08  5.92915E+10  1.69705E+00
 0.470  1.51875E+01  1.06182E+09  1.43354E+10  1.97013E+10  7.72338E+08  1.27047E+08  6.10396E+10  1.31895E+00
 0.480  1.54875E+01  8.34575E+08  1.43942E+10  1.98726E+10  5.89538E+08  6.60902E+07  6.27782E+10  7.01621E-01
 0.490  1.58625E+01  9.37120E+08  1.44416E+10  2.00200E+10  6.54886E+08  5.27580E+07  6.44902E+10  6.10121E-01
 0.500  1.62000E+01  8.32694E+08  1.44675E+10  2.01180E+10  5.41056E+08  4.95874E+07  6.54215E+10  5.08324E-01
