  40
 0.110         5465 -0.73091E-02 -0.10401E-01  0.91832E-02 -0.22656E+02  0.37677E+02  0.26508E+02  0.35148E+00 -0.87892E+00  0.32241E+00   1.000   0.533
 0.120         8253 -0.17388E-01  0.71599E-03  0.13502E-01 -0.18460E+02  0.18528E+02 -0.65498E+01 -0.47526E+00 -0.77912E+00 -0.40878E+00   1.016   0.857
 0.130        11527 -0.44286E-03 -0.26571E-02 -0.11957E-01  0.10546E+01  0.13753E-01 -0.39568E+02 -0.94634E+00  0.30405E+00 -0.10951E+00   1.207   0.952
 0.140          201  0.47689E-03  0.17287E-01  0.85839E-02  0.81090E+01 -0.16510E+02  0.30715E+02  0.21539E+00 -0.92362E+00 -0.31708E+00   1.217   0.933
 0.150            5 -0.10479E-01 -0.51117E-02  0.16741E-01 -0.37099E+01 -0.24640E+01  0.90894E+01  0.36161E+00 -0.36318E+00 -0.85868E+00   1.394   0.993
 0.160        19165  0.00000E+00 -0.11728E-01 -0.62729E-02  0.54439E+02 -0.29002E+01 -0.60652E+02  0.40281E+00 -0.33440E+00 -0.85201E+00   2.065   1.196
 0.170        47068 -0.28975E-02  0.92721E-02  0.14053E-01  0.17316E+02  0.19418E+02 -0.43795E+02  0.26043E+00 -0.37476E+00 -0.88979E+00   2.217   1.346
 0.180        71588 -0.49094E-02 -0.13194E-01 -0.55231E-02 -0.41028E+02 -0.24087E+02 -0.73353E+01  0.91508E+00 -0.37549E+00  0.14710E+00   2.031   1.114
 0.190       107810  0.97110E-03 -0.29133E-02 -0.13919E-01 -0.45505E+02  0.26357E+01  0.24257E+02  0.65617E+00  0.28125E+00 -0.70024E+00   2.701   1.138
 0.200       159448 -0.40894E-02 -0.92013E-02  0.85197E-03 -0.50089E+02 -0.10694E+03  0.80323E+02 -0.54615E+00  0.81063E+00  0.21118E+00   1.980   0.917
 0.210       207678 -0.50096E-02 -0.71565E-03 -0.16102E-02  0.44698E+02  0.39119E+02 -0.46441E+02  0.73096E+00 -0.66614E+00  0.14820E+00   3.435   1.995
 0.220       319107 -0.18756E-02  0.22507E-02 -0.75023E-03  0.60448E+02  0.17287E+02 -0.50171E+02 -0.81229E+00  0.58295E+00 -0.18772E-01   4.106   1.502
 0.230       377220 -0.11758E-02 -0.15677E-02 -0.27435E-02 -0.61053E+02 -0.57669E+02 -0.12450E+03  0.26021E-01  0.30638E+00  0.95155E+00   4.349   1.852
 0.240       309317  0.12270E-02  0.40899E-03  0.61348E-03  0.44512E+02  0.60181E+02  0.36269E+02  0.22274E+00  0.10150E+00  0.96958E+00   4.589   2.237
 0.250       388303  0.12780E-02  0.12780E-02 -0.21300E-03  0.12718E+03 -0.97925E+02 -0.68071E+02  0.23024E-01  0.45899E+00  0.88814E+00   4.292   1.423
 0.260       350449 -0.88639E-03  0.44320E-03 -0.13296E-02 -0.18163E+03 -0.70937E+02 -0.56266E+02  0.81538E-01  0.50930E+00  0.85672E+00   4.573   2.391
 0.270       350661 -0.27596E-02  0.45994E-03 -0.22997E-02 -0.70694E+02  0.65709E+02 -0.12500E+03  0.24167E+00  0.35499E+00  0.90309E+00   5.428   1.622
 0.280       331948  0.00000E+00  0.47715E-03  0.23858E-03 -0.38138E+02 -0.12964E+03 -0.13529E+02  0.27853E+00  0.55521E+00  0.78368E+00   4.188   1.453
 0.290       502077 -0.14825E-02  0.24709E-02 -0.49417E-03 -0.87835E+02 -0.67678E+02  0.61379E+01 -0.21765E-02  0.46669E+00  0.88442E+00   5.477   2.166
 0.300      1296860  0.25551E-02  0.15330E-02  0.25551E-03  0.69058E+02 -0.27316E+02  0.22013E+03  0.16122E+00  0.40168E+00  0.90148E+00   5.795   2.209
 0.310       709768  0.00000E+00  0.26398E-02  0.26398E-03 -0.15019E+03  0.92112E+02  0.40756E+02  0.40965E+00  0.37676E+00  0.83081E+00   5.338   1.457
 0.320       465911 -0.16353E-02  0.21804E-02  0.54509E-03 -0.21710E+03 -0.29031E+03  0.25840E+02  0.13829E+00  0.85583E+00  0.49843E+00   1.000   0.500
 0.330      2517577 -0.16863E-02  0.00000E+00  0.56209E-03  0.57255E+01  0.32783E+02 -0.87629E+02 -0.88656E+00  0.50776E-01 -0.45981E+00   5.698   0.821
 0.340      1340418 -0.57925E-03 -0.57925E-03 -0.86888E-03  0.19155E+03  0.24129E+02  0.78438E+02 -0.91834E+00  0.17935E+00 -0.35282E+00   6.365   2.008
 0.350      3047697  0.11923E-02  0.11923E-02  0.00000E+00 -0.65202E+02  0.60479E+02 -0.26496E+02 -0.90572E+00  0.22828E+00 -0.35715E+00   6.956   1.733
 0.360      2710544  0.12263E-02  0.00000E+00 -0.12263E-02 -0.11717E+03  0.29440E+03 -0.19850E+02 -0.50956E+00 -0.81712E+00 -0.26956E+00   6.106   3.081
 0.370      1415660 -0.63038E-03 -0.18911E-02  0.12608E-02  0.70004E+02  0.40975E+03 -0.28090E+02  0.15961E+00 -0.65726E+00  0.73657E+00   2.527   0.500
 0.380      2846519  0.12945E-02  0.00000E+00 -0.19418E-02 -0.24090E+03  0.26653E+03 -0.14111E+03 -0.83227E+00 -0.54104E+00 -0.12081E+00   6.625   2.054
 0.390       948217  0.66461E-03 -0.66461E-03  0.13292E-02 -0.13376E+03 -0.35084E+03 -0.11270E+03 -0.70126E+00 -0.61489E+00  0.36077E+00   2.700   0.518
 0.400       529886  0.13635E-02  0.68175E-03  0.00000E+00  0.51421E+02 -0.10776E+02 -0.14523E+03 -0.82282E+00 -0.11320E+00 -0.55691E+00   6.633   1.735
 0.410       545328  0.69854E-03  0.13971E-02 -0.20956E-02  0.30691E+03  0.19717E+03 -0.24355E+03 -0.75090E+00  0.15887E+00 -0.64102E+00   5.341   1.163
 0.420       372175  0.21470E-02  0.21470E-02 -0.14313E-02 -0.71851E+02 -0.28697E+03 -0.26915E+03 -0.78168E+00 -0.31978E+00 -0.53546E+00   2.827   0.855
 0.430         7708 -0.73254E-03  0.14651E-02  0.00000E+00  0.24862E+03 -0.27991E+03  0.17458E+01 -0.82418E+00 -0.23657E+00 -0.51455E+00   3.200   0.754
 0.440      4597970 -0.14997E-02  0.74984E-03  0.00000E+00 -0.44429E+03  0.72572E+02 -0.27284E+03 -0.82477E+00 -0.14421E+00 -0.54677E+00   3.288   0.579
 0.450       466442 -0.15328E-02  0.76638E-03 -0.76638E-03  0.18430E+03 -0.24346E+03  0.44911E+03 -0.77388E+00 -0.12719E+00 -0.62043E+00   4.859   0.715
 0.460      4064000 -0.15674E-02 -0.78370E-03  0.15674E-02  0.46950E+02 -0.33760E+02  0.10890E+03 -0.74511E+00 -0.39359E+00 -0.53841E+00   3.390   0.716
 0.470      4943117  0.80065E-03 -0.16013E-02  0.80065E-03 -0.68041E+02  0.16854E+03  0.30415E+01 -0.71184E+00 -0.49744E+00 -0.49583E+00   3.452   1.072
 0.480      5103091  0.16353E-02  0.00000E+00  0.81764E-03  0.42198E+02 -0.14375E+03 -0.27402E+02 -0.84580E+00 -0.51886E+00 -0.12411E+00   4.843   1.373
 0.490       439082  0.00000E+00 -0.33404E-02 -0.83510E-03  0.13534E+02 -0.10720E+03 -0.83555E+02 -0.80763E+00 -0.56624E+00  0.16465E+00   4.767   1.431
 0.500      2782075 -0.85157E-03 -0.17031E-02  0.17031E-02  0.25878E+03 -0.11842E+03  0.20630E+03 -0.73362E+00 -0.59434E+00  0.32949E+00   4.790   0.950
