  40
 0.110   1.000  1.88570E+07  2.23832E+07  1.85799E+07  2.00105E+02  0.00000E+00  0.00000E+00  0.00000E+00  1.88570E+07  2.23832E+07  1.85799E+07
 0.120   1.016  2.71000E+07  3.24862E+07  2.66908E+07  2.26960E+02  4.42649E+06  5.35049E+06  4.36600E+06  2.26735E+07  2.71357E+07  2.23248E+07
 0.130   1.207  4.81576E+07  5.70158E+07  4.75249E+07  2.17341E+02  9.16135E+06  1.12252E+07  9.01059E+06  3.89963E+07  4.57906E+07  3.85143E+07
 0.140   1.217  5.98365E+07  7.24739E+07  5.89773E+07  2.64007E+02  1.13758E+07  1.40922E+07  1.11704E+07  4.84607E+07  5.83816E+07  4.78069E+07
 0.150   1.394  8.73833E+07  1.05308E+08  8.61009E+07  2.89737E+02  2.05157E+07  2.55173E+07  2.01318E+07  6.68676E+07  7.97909E+07  6.59691E+07
 0.160   2.065  1.31870E+08  1.61128E+08  1.29904E+08  3.21812E+02  3.46364E+07  4.34486E+07  3.39077E+07  9.72331E+07  1.17679E+08  9.59959E+07
 0.170   2.217  1.38861E+08  1.73423E+08  1.36350E+08  4.16784E+02  4.22337E+07  5.32892E+07  4.13164E+07  9.66277E+07  1.20134E+08  9.50341E+07
 0.180   2.031  1.86377E+08  2.28308E+08  1.83305E+08  4.01064E+02  4.32175E+07  5.51067E+07  4.21026E+07  1.43160E+08  1.73202E+08  1.41203E+08
 0.190   2.701  2.30773E+08  2.86795E+08  2.26813E+08  4.48340E+02  5.80425E+07  7.41668E+07  5.65484E+07  1.72730E+08  2.12629E+08  1.70264E+08
 0.200   1.980  4.73543E+08  5.71992E+08  4.67243E+08  3.73961E+02  1.40681E+08  1.79763E+08  1.37388E+08  3.32863E+08  3.92228E+08  3.29855E+08
 0.210   3.435  6.87999E+08  8.44546E+08  6.79661E+08  3.76394E+02  1.76296E+08  2.26270E+08  1.72044E+08  5.11703E+08  6.18276E+08  5.07616E+08
 0.220   4.106  9.09144E+08  1.12163E+09  8.98114E+08  4.05831E+02  2.25699E+08  2.90063E+08  2.20320E+08  6.83446E+08  8.31562E+08  6.77795E+08
 0.230   4.349  1.33532E+09  1.64353E+09  1.32014E+09  4.08071E+02  2.83865E+08  3.67198E+08  2.76683E+08  1.05145E+09  1.27633E+09  1.04346E+09
 0.240   4.589  1.80319E+09  2.23021E+09  1.78367E+09  4.18785E+02  3.18240E+08  4.13366E+08  3.09816E+08  1.48495E+09  1.81684E+09  1.47385E+09
 0.250   4.292  2.22024E+09  2.76314E+09  2.19634E+09  4.45685E+02  3.32252E+08  4.33043E+08  3.23251E+08  1.88799E+09  2.33010E+09  1.87309E+09
 0.260   4.573  2.69689E+09  3.39474E+09  2.66535E+09  5.08092E+02  4.28578E+08  5.60583E+08  4.16938E+08  2.26831E+09  2.83416E+09  2.24841E+09
 0.270   5.428  3.11591E+09  3.94805E+09  3.07710E+09  5.66315E+02  4.77700E+08  6.27089E+08  4.64510E+08  2.63821E+09  3.32096E+09  2.61259E+09
 0.280   4.188  3.52922E+09  4.47673E+09  3.48470E+09  6.00136E+02  4.29072E+08  5.67392E+08  4.15912E+08  3.10014E+09  3.90934E+09  3.06878E+09
 0.290   5.477  4.00836E+09  5.15153E+09  3.95254E+09  6.88049E+02  6.03960E+08  7.94710E+08  5.87361E+08  3.40440E+09  4.35682E+09  3.36518E+09
 0.300   5.795  4.65774E+09  5.99378E+09  4.59096E+09  7.33921E+02  6.98834E+08  9.25107E+08  6.79105E+08  3.95891E+09  5.06868E+09  3.91186E+09
 0.310   5.338  5.30393E+09  6.79566E+09  5.22971E+09  7.43503E+02  6.10069E+08  8.13945E+08  5.90449E+08  4.69386E+09  5.98172E+09  4.63926E+09
 0.320   1.000  3.86544E+09  4.94255E+09  3.81592E+09  7.25965E+02  1.15108E+08  1.55212E+08  1.09332E+08  3.75033E+09  4.78734E+09  3.70659E+09
 0.330   5.698  6.71733E+09  8.76644E+09  6.60954E+09  8.99727E+02  1.04059E+09  1.38612E+09  1.00950E+09  5.67674E+09  7.38032E+09  5.60004E+09
 0.340   6.365  7.05873E+09  9.31409E+09  6.93048E+09  1.03328E+03  1.19239E+09  1.60170E+09  1.15444E+09  5.86634E+09  7.71239E+09  5.77604E+09
 0.350   6.956  7.38103E+09  9.81178E+09  7.23257E+09  1.15718E+03  1.31482E+09  1.77643E+09  1.27049E+09  6.06621E+09  8.03536E+09  5.96208E+09
 0.360   6.106  8.01326E+09  1.06294E+10  7.84526E+09  1.22192E+03  1.45922E+09  1.97618E+09  1.40866E+09  6.55403E+09  8.65318E+09  6.43660E+09
 0.370   2.527  7.34860E+09  9.63428E+09  7.21010E+09  1.12866E+03  4.85596E+08  6.61375E+08  4.64187E+08  6.86300E+09  8.97291E+09  6.74591E+09
 0.380   6.625  9.72062E+09  1.28818E+10  9.52025E+09  1.25888E+03  1.45520E+09  1.97357E+09  1.40307E+09  8.26542E+09  1.09082E+10  8.11718E+09
 0.390   2.700  8.47055E+09  1.12517E+10  8.29505E+09  1.29198E+03  5.93021E+08  8.09135E+08  5.66816E+08  7.87753E+09  1.04426E+10  7.72823E+09
 0.400   6.633  1.06744E+10  1.42831E+10  1.04311E+10  1.44751E+03  1.55495E+09  2.12513E+09  1.49445E+09  9.11943E+09  1.21580E+10  8.93669E+09
 0.410   5.341  1.09069E+10  1.46308E+10  1.06496E+10  1.51901E+03  1.38106E+09  1.89660E+09  1.32366E+09  9.52586E+09  1.27342E+10  9.32592E+09
 0.420   2.827  1.00994E+10  1.35440E+10  9.86037E+09  1.54121E+03  7.02038E+08  9.66873E+08  6.67765E+08  9.39732E+09  1.25771E+10  9.19260E+09
 0.430   3.200  1.08579E+10  1.46143E+10  1.05914E+10  1.62406E+03  8.25937E+08  1.13728E+09  7.86545E+08  1.00320E+10  1.34770E+10  9.80481E+09
 0.440   3.288  1.12857E+10  1.52655E+10  1.09936E+10  1.73655E+03  8.91472E+08  1.23081E+09  8.48000E+08  1.03942E+10  1.40347E+10  1.01456E+10
 0.450   4.859  1.24834E+10  1.69579E+10  1.21406E+10  1.87233E+03  1.32545E+09  1.83659E+09  1.26212E+09  1.11580E+10  1.51213E+10  1.08784E+10
 0.460   3.390  1.18409E+10  1.61508E+10  1.15047E+10  1.96025E+03  8.99980E+08  1.24962E+09  8.52666E+08  1.09409E+10  1.49011E+10  1.06520E+10
 0.470   3.452  1.20070E+10  1.64491E+10  1.16455E+10  2.09210E+03  9.24101E+08  1.28593E+09  8.74134E+08  1.10829E+10  1.51632E+10  1.07713E+10
 0.480   4.843  1.28172E+10  1.76628E+10  1.24025E+10  2.27743E+03  1.30366E+09  1.81971E+09  1.23442E+09  1.15135E+10  1.58430E+10  1.11681E+10
 0.490   4.767  1.28017E+10  1.77162E+10  1.23623E+10  2.43484E+03  1.28355E+09  1.79563E+09  1.21283E+09  1.15182E+10  1.59206E+10  1.11495E+10
 0.500   4.790  1.27856E+10  1.77497E+10  1.23228E+10  2.57968E+03  1.26214E+09  1.76860E+09  1.19022E+09  1.15235E+10  1.59811E+10  1.11326E+10
