  34
 0.170   1.837   0.891  1.37056E-03  1.76414E-03  1.84236E-03
 0.180   2.145   1.012  2.19806E-01  2.72760E-01  1.35332E-01
 0.190   2.518   1.584  1.80229E-01  2.04618E-01  1.48571E-01
 0.200   2.343   1.077  2.25562E-01  2.48065E-01  1.61141E-01
 0.210   2.489   1.519  3.80421E-01  4.02125E-01  2.70266E-01
 0.220   2.762   1.656  2.13136E-02  2.10267E-02  2.82135E-02
 0.230   2.441   1.310  9.07014E-02  8.42547E-02  8.28141E-02
 0.240   3.073   1.936  4.69628E-02  4.40359E-02  4.66798E-02
 0.250   3.406   1.565  3.49260E-01  3.83819E-01  2.32968E-01
 0.260   3.291   1.748  1.38824E-01  1.57925E-01  1.26633E-01
 0.270   3.413   1.414  5.53937E-01  6.51163E-01  3.79157E-01
 0.280   4.141   2.432  1.05699E-01  9.77220E-02  1.40598E-01
 0.290   4.932   2.787  4.39994E-01  4.75490E-01  3.40475E-01
 0.300   5.556   3.015  1.03739E+00  1.00966E+00  1.06693E+00
 0.310   5.767   3.407  3.59195E-01  3.83429E-01  3.10143E-01
 0.320   5.722   3.205  1.69333E+00  1.72800E+00  1.40992E+00
 0.330   6.372   3.566  1.24306E+00  1.14027E+00  1.36558E+00
 0.340   5.500   2.897  6.59733E-01  6.71884E-01  5.90576E-01
 0.350   6.619   3.111  1.31398E+00  1.41289E+00  1.02989E+00
 0.360   5.411   2.464  2.27087E+00  2.44137E+00  1.84442E+00
 0.370   7.099   4.008  5.04284E-01  4.95120E-01  6.21187E-01
 0.380   7.363   2.498  8.52532E-01  8.88867E-01  7.47863E-01
 0.390   9.799   4.128  8.06725E-01  7.85544E-01  8.42066E-01
 0.400   6.898   3.177  8.43021E-01  9.97146E-01  5.72195E-01
 0.410   6.974   2.956  8.43633E-01  7.24000E-01  1.27073E+00
 0.420   8.103   3.933  6.33904E-01  6.48857E-01  6.03264E-01
 0.430   6.939   4.502  1.49611E+00  1.68662E+00  1.12679E+00
 0.440   7.692   3.475  2.31863E+00  2.06555E+00  3.35972E+00
 0.450   8.913   5.745  1.64630E+00  1.41283E+00  2.05816E+00
 0.460   8.569   4.485  1.42843E+00  1.51754E+00  1.19048E+00
 0.470  10.026   4.605  3.35391E+00  3.17224E+00  3.18846E+00
 0.480   8.000   3.738  5.50873E+00  5.64692E+00  4.50619E+00
 0.490   9.751   4.965  3.28226E+00  3.02131E+00  3.95879E+00
 0.500   9.243   2.833  4.39525E+00  4.55197E+00  4.07797E+00
