  34
 0.170  1.40000E+01  1.55215E+10  6.90457E+01
 0.180  1.67500E+01  2.25127E+10  7.60223E+01
 0.190  1.90000E+01  2.76610E+10  7.91209E+01
 0.200  2.12500E+01  3.33634E+10  8.21656E+01
 0.210  2.30000E+01  3.65680E+10  8.26839E+01
 0.220  2.47500E+01  4.01517E+10  8.35216E+01
 0.230  2.67500E+01  4.42189E+10  8.43094E+01
 0.240  2.87500E+01  4.85237E+10  8.51907E+01
 0.250  3.12500E+01  5.50261E+10  8.70149E+01
 0.260  3.32500E+01  5.88376E+10  8.72300E+01
 0.270  3.67500E+01  7.06678E+10  9.09319E+01
 0.280  4.20000E+01  9.62113E+10  9.92482E+01
 0.290  4.57500E+01  1.10473E+11  1.01898E+02
 0.300  4.80000E+01  1.17308E+11  1.02513E+02
 0.310  5.07500E+01  1.24523E+11  1.02717E+02
 0.320  5.30000E+01  1.29849E+11  1.02640E+02
 0.330  5.45000E+01  1.29747E+11  1.01178E+02
 0.340  5.65000E+01  1.32405E+11  1.00383E+02
 0.350  5.85000E+01  1.35997E+11  9.99820E+01
 0.360  6.10000E+01  1.43430E+11  1.00552E+02
 0.370  6.50000E+01  1.59599E+11  1.02753E+02
 0.380  7.42500E+01  2.21291E+11  1.13206E+02
 0.390  8.07500E+01  2.64963E+11  1.18783E+02
 0.400  8.80000E+01  3.19761E+11  1.24999E+02
 0.410  9.22500E+01  3.40714E+11  1.26022E+02
 0.420  9.57500E+01  3.55279E+11  1.26313E+02
 0.430  9.90000E+01  3.68968E+11  1.26593E+02
 0.440  1.01750E+02  3.77791E+11  1.26355E+02
 0.450  1.04500E+02  3.84134E+11  1.25724E+02
 0.460  1.07000E+02  3.88716E+11  1.24985E+02
 0.470  1.08750E+02  3.85775E+11  1.23506E+02
 0.480  1.10750E+02  3.83839E+11  1.22078E+02
 0.490  1.13000E+02  3.86752E+11  1.21314E+02
 0.500  1.15250E+02  3.88473E+11  1.20391E+02
