  34
 0.170        19667  0.13755E-01  0.47200E-01  0.78185E-02  0.13162E+02 -0.36150E+02 -0.72650E+01  0.91417E-01 -0.47642E+00 -0.87445E+00   1.837   0.891
 0.180        22796  0.29130E-02  0.55194E-02 -0.33193E-01 -0.11259E+02 -0.42522E+02  0.12047E+02 -0.50703E+00 -0.58098E+00 -0.63670E+00   2.145   1.012
 0.190        37462 -0.16186E-02  0.20718E-01  0.20313E-01 -0.42805E+02  0.12242E+02  0.14290E+02 -0.34102E+00 -0.42420E+00 -0.83890E+00   2.518   1.584
 0.200        21234  0.73249E-02  0.32366E-01  0.10561E-01 -0.10147E+02 -0.26203E+02 -0.51842E+02 -0.10210E+00 -0.72828E+00 -0.67763E+00   2.343   1.077
 0.210        59474 -0.10731E-02  0.11268E-01  0.28617E-02 -0.35956E+02  0.17550E+02 -0.67901E+02  0.49882E+00 -0.21111E+00  0.84060E+00   2.489   1.519
 0.220        63170 -0.58077E-02  0.84306E-02 -0.64634E-02  0.43314E+01  0.49566E+01 -0.22896E+02  0.51414E+00 -0.75658E+00  0.40404E+00   2.762   1.656
 0.230        63647  0.19588E-03 -0.84227E-02  0.54845E-02  0.13422E+02 -0.27600E+02  0.18907E+02  0.65248E-01 -0.99785E+00 -0.60251E-02   2.441   1.310
 0.240        68197  0.10223E-01  0.20446E-03  0.83827E-02  0.12170E+03 -0.49553E+01  0.49196E+02  0.27273E+00 -0.13113E+00 -0.95311E+00   3.073   1.936
 0.250        72599  0.11285E-01  0.83044E-02 -0.16822E-01 -0.12535E+02 -0.25071E+02 -0.21649E+02 -0.49533E+00  0.42325E+00 -0.75862E+00   3.406   1.565
 0.260       116971  0.59809E-02 -0.11519E-01 -0.34335E-02  0.21107E+02 -0.44927E+01 -0.42304E+02 -0.89191E+00  0.35057E+00 -0.28565E+00   3.291   1.748
 0.270        65482 -0.45983E-02  0.55180E-02 -0.34487E-02 -0.13207E+02  0.10065E+02  0.12164E+02 -0.79680E+00 -0.45567E+00 -0.39682E+00   3.413   1.414
 0.280       131185  0.97782E-02  0.14310E-02 -0.23849E-03  0.11180E+02  0.18628E+02 -0.27842E+02 -0.86908E+00 -0.47869E+00 -0.12475E+00   4.141   2.432
 0.290       126945 -0.12351E-02  0.24703E-03 -0.11116E-01  0.20588E+02 -0.44731E+02  0.16392E+02 -0.91198E+00 -0.38223E+00 -0.14895E+00   4.932   2.787
 0.300       129252 -0.28108E-02  0.56215E-02 -0.17887E-02  0.65134E+01  0.13477E+01  0.46546E+02 -0.94309E+00 -0.33154E+00 -0.25682E-01   5.556   3.015
 0.310        17796  0.12677E-01 -0.36975E-02  0.39616E-02 -0.87464E+02 -0.71994E+02 -0.45924E+02 -0.99860E+00  0.23570E-02  0.52921E-01   5.767   3.407
 0.320       116564 -0.68146E-02 -0.49065E-02  0.83138E-02  0.42773E+02  0.17401E+02  0.68686E+01 -0.99075E+00 -0.13105E+00  0.35204E-01   5.722   3.205
 0.330       183595  0.25291E-02  0.56202E-02  0.92734E-02 -0.12854E+02 -0.18413E+02  0.26981E+02 -0.96454E+00  0.92199E-01 -0.24732E+00   6.372   3.566
 0.340        89706  0.40540E-02 -0.31853E-02 -0.92664E-02  0.21888E+02  0.52325E+02 -0.98410E+01 -0.84031E+00  0.42926E+00 -0.33109E+00   5.500   2.897
 0.350       128645 -0.14905E-02  0.14905E-02  0.89429E-02 -0.58700E+02  0.42220E+02 -0.39199E+02 -0.85764E+00  0.13870E+00 -0.49519E+00   6.619   3.111
 0.360       298664  0.21461E-02 -0.30659E-02  0.61318E-03  0.40730E+02  0.41087E+02 -0.14215E+02 -0.72632E+00  0.14041E+00 -0.67286E+00   5.411   2.464
 0.370       306252 -0.15757E-02 -0.12606E-02  0.15757E-02 -0.51056E+02 -0.14863E+01  0.28869E+01 -0.65934E+00  0.21057E+00 -0.72175E+00   7.099   4.008
 0.380       349009  0.35600E-02 -0.38836E-02 -0.22655E-02 -0.20075E+02  0.13950E+02 -0.15469E+02 -0.70667E+00  0.22263E+00 -0.67161E+00   7.363   2.498
 0.390       371450 -0.26572E-02 -0.36537E-02 -0.13286E-02 -0.15124E+02  0.35299E+01  0.17823E+02 -0.83806E+00  0.25100E+00 -0.48442E+00   9.799   4.128
 0.400       418498  0.37473E-02  0.34066E-03 -0.34066E-03 -0.39355E+02 -0.19766E+02 -0.16810E+02 -0.94143E+00  0.13639E+00 -0.30841E+00   6.898   3.177
 0.410       372327  0.34912E-03  0.13965E-02  0.34912E-03 -0.33052E+02  0.40924E+01 -0.35886E+02 -0.49824E+00  0.86263E+00  0.87277E-01   6.974   2.956
 0.420       497630  0.71554E-03  0.10733E-02 -0.28622E-02  0.97086E+02 -0.37458E+02 -0.35168E+02 -0.46886E+00  0.87902E+00  0.86578E-01   8.103   3.933
 0.430       451594  0.21970E-02  0.25631E-02 -0.36616E-03  0.43445E+02 -0.98354E+02  0.85657E+02 -0.59375E+00  0.75390E+00 -0.28124E+00   6.939   4.502
 0.440       289405 -0.37477E-03  0.22486E-02  0.00000E+00 -0.13855E+03  0.14676E+03  0.34744E+02 -0.90029E+00  0.30830E+00 -0.30728E+00   7.692   3.475
 0.450       390087  0.15335E-02 -0.76675E-03  0.00000E+00  0.40692E+02  0.90838E+02 -0.92825E+02 -0.99000E+00  0.52808E-01 -0.13081E+00   8.913   5.745
 0.460       506955  0.19594E-02 -0.78377E-03 -0.78377E-03 -0.42444E+02 -0.83635E+01 -0.43056E+02 -0.97900E+00 -0.14134E+00 -0.14688E+00   8.569   4.485
 0.470       381361 -0.12009E-02 -0.40031E-03 -0.32025E-02 -0.21810E+02 -0.40369E+02  0.52050E+02 -0.91605E+00  0.30512E+00 -0.26029E+00  10.026   4.605
 0.480       205726  0.12263E-02  0.12263E-02  0.00000E+00 -0.10254E+03 -0.98590E+02  0.48334E+02 -0.84976E+00  0.33259E+00 -0.40902E+00   8.000   3.738
 0.490       346289  0.83450E-03 -0.41725E-03 -0.41725E-03 -0.44916E+02  0.50080E+02 -0.31225E+02 -0.95121E+00  0.24674E+00 -0.18525E+00   9.751   4.965
 0.500       437904 -0.42596E-03  0.42596E-03 -0.85192E-03 -0.21418E+02 -0.16245E+02 -0.19995E+03 -0.84324E+00  0.18924E+00 -0.50313E+00   9.243   2.833
