  34
 0.170  1.66633E+07  2.93068E+07  3.59247E+07  1.61537E+07  6.43904E+05  3.79111E+08  6.17179E-03
 0.180  1.21297E+08  4.37937E+07  5.36534E+07  1.18450E+08  6.77800E+06  6.75582E+08  1.18143E-01
 0.190  5.72714E+06  4.98722E+07  6.09295E+07  4.57222E+06  1.48639E+07  4.11451E+08  8.98933E-02
 0.200  1.29858E+08  7.66864E+07  9.38321E+07  1.25749E+08  1.36305E+07  5.29009E+08  2.31882E-01
 0.210  5.19934E+07  1.93081E+08  2.28930E+08  4.84523E+07  1.04098E+08  5.88868E+08  1.24777E+00
 0.220  4.57070E+07  1.83750E+08  2.26739E+08  4.31333E+07  1.33033E+07  5.28344E+08  1.69213E-01
 0.230  6.03573E+07  2.36108E+08  2.94970E+08  5.68113E+07  2.65277E+07  6.26696E+08  3.09426E-01
 0.240  2.38818E+07  2.41152E+08  3.05164E+08  2.14283E+07  1.79264E+07  5.84379E+08  2.14914E-01
 0.250  6.73868E+07  2.69372E+08  3.43903E+08  6.50480E+07  1.85699E+07  6.31019E+08  3.02850E-01
 0.260  5.58849E+07  2.92062E+08  3.75231E+08  5.35713E+07  1.92434E+07  5.93690E+08  7.15262E-02
 0.270  4.07513E+07  3.54648E+08  4.54493E+08  3.81371E+07  4.48130E+07  6.59536E+08  3.81206E-01
 0.280  1.59726E+07  3.44459E+08  4.47884E+08  1.48569E+07  6.06564E+06  6.19131E+08  6.79429E-02
 0.290  2.34466E+07  3.64452E+08  4.78440E+08  2.18722E+07  6.78839E+06  6.69679E+08  7.12246E-02
 0.300  3.13204E+07  3.76330E+08  4.95689E+08  2.92931E+07  1.67017E+07  6.38585E+08  1.69361E-01
 0.310  5.02654E+07  3.81897E+08  5.05515E+08  4.80010E+07  1.04051E+07  6.06660E+08  8.62466E-02
 0.320  6.27864E+07  4.56165E+08  6.03797E+08  6.00576E+07  2.33593E+07  7.15571E+08  2.01106E-01
 0.330  3.90547E+07  4.44616E+08  5.91450E+08  3.68874E+07  4.07912E+06  6.43407E+08  4.37147E-02
 0.340  2.73192E+07  4.70828E+08  6.29359E+08  2.56059E+07  1.08835E+07  6.88551E+08  1.05440E-01
 0.350  5.04186E+07  5.18410E+08  6.91953E+08  4.78509E+07  2.49659E+07  7.33862E+08  2.68156E-01
 0.360  5.01403E+07  6.37902E+08  8.37381E+08  4.72755E+07  9.39221E+07  8.09601E+08  1.19546E+00
 0.370  3.69970E+07  6.44722E+08  8.53684E+08  3.44943E+07  2.40767E+07  7.23303E+08  1.50769E-01
 0.380  8.86797E+07  7.14704E+08  9.50704E+08  8.54032E+07  2.96260E+07  7.70110E+08  3.62609E-01
 0.390  8.59160E+07  7.43748E+08  9.93161E+08  8.28853E+07  1.96272E+07  7.42508E+08  2.62942E-01
 0.400  2.68271E+08  1.02015E+09  1.34710E+09  2.61667E+08  1.15262E+08  1.07415E+09  1.92626E+00
 0.410  1.41009E+08  1.15839E+09  1.51236E+09  1.38294E+08  1.07933E+08  8.14339E+08  8.10610E-01
 0.420  4.52043E+07  1.20631E+09  1.59662E+09  4.36596E+07  3.23041E+07  8.00123E+08  2.94137E-01
 0.430  1.55995E+08  1.35814E+09  1.80287E+09  1.50633E+08  8.44802E+07  9.15436E+08  1.17811E+00
 0.440  9.07028E+07  1.64960E+09  2.17218E+09  8.67838E+07  1.71749E+08  9.52681E+08  1.53137E+00
 0.450  5.77340E+07  1.75187E+09  2.32752E+09  5.45830E+07  8.14174E+07  9.82279E+08  7.83664E-01
 0.460  2.21319E+08  2.00923E+09  2.67336E+09  2.16860E+08  1.35989E+08  1.12370E+09  1.67371E+00
 0.470  1.70016E+08  2.29845E+09  3.05181E+09  1.65028E+08  1.64354E+08  1.14057E+09  1.80058E+00
 0.480  2.53993E+08  2.55852E+09  3.40347E+09  2.47034E+08  1.86519E+08  1.24425E+09  2.44777E+00
 0.490  9.86661E+07  2.68662E+09  3.59345E+09  9.54998E+07  1.00917E+08  1.21241E+09  1.05290E+00
 0.500  5.43349E+07  2.70821E+09  3.66162E+09  5.23596E+07  3.64796E+07  1.20650E+09  3.57775E-01
