  40
 0.110   6.750   1.000  6.44253E+09  5.02860E+08  4.47527E+07  5.25333E+07  5.89492E+09  3.25343E+07  1.42846E+07  1.70341E+07  2.59308E+08  7.82883E+08  4.58098E+07  5.38038E+07  7.26313E+09  5.23175E+07  1.88570E+07  2.23832E+07  4.54268E+08
 0.120   8.000   1.016  8.36198E+09  6.73882E+08  6.19858E+07  7.38581E+07  7.62611E+09  1.60943E+07  2.16639E+07  2.60392E+07  3.93992E+08  8.69776E+08  6.21765E+07  7.40879E+07  8.41717E+09  2.61554E+07  2.71000E+07  3.24862E+07  5.79557E+08
 0.130   9.500   1.207  1.07378E+10  9.70577E+08  9.17971E+07  1.08926E+08  9.67538E+09  6.65336E+07  4.04874E+07  4.79968E+07  5.26016E+08  1.00547E+09  9.18702E+07  1.09016E+08  9.95207E+09  1.05509E+08  4.81576E+07  5.70158E+07  7.42840E+08
 0.140  10.750   1.217  1.28243E+10  1.02214E+09  1.34527E+08  1.61834E+08  1.16676E+10  3.37053E+07  5.42839E+07  6.57720E+07  6.46151E+08  9.61600E+08  1.33685E+08  1.60783E+08  1.09267E+10  4.21321E+07  5.98365E+07  7.24739E+07  7.84992E+08
 0.150  12.250   1.394  1.54374E+10  1.14506E+09  1.63876E+08  1.98037E+08  1.41284E+10  1.28141E+08  8.04001E+07  9.68801E+07  8.62726E+08  9.64480E+08  1.59216E+08  1.92359E+08  1.21476E+10  1.47105E+08  8.73833E+07  1.05308E+08  1.03590E+09
 0.160  14.500   2.065  2.05559E+10  1.62168E+09  2.26911E+08  2.77467E+08  1.87073E+10  2.72563E+07  1.04195E+08  1.27664E+08  1.00323E+09  9.46200E+08  1.94170E+08  2.37381E+08  1.15628E+10  6.63615E+07  1.31870E+08  1.61128E+08  1.68704E+09
 0.170  16.250   2.217  2.39881E+10  2.04589E+09  2.44540E+08  3.04202E+08  2.16977E+10  4.97007E+07  1.15180E+08  1.44040E+08  1.17059E+09  1.34766E+09  2.36536E+08  2.94075E+08  1.38486E+10  1.17465E+08  1.38861E+08  1.73423E+08  1.84185E+09
 0.180  18.250   2.031  2.84470E+10  2.47818E+09  3.22862E+08  3.96969E+08  2.56459E+10  2.13109E+08  1.75495E+08  2.14976E+08  1.54887E+09  1.45353E+09  2.92102E+08  3.58534E+08  1.29449E+10  2.39029E+08  1.86377E+08  2.28308E+08  1.79296E+09
 0.190  22.500   2.701  4.69274E+10  3.97632E+09  5.24372E+08  6.52672E+08  4.24267E+10  1.40304E+08  2.12389E+08  2.64438E+08  1.94086E+09  1.23379E+09  3.12207E+08  3.88647E+08  1.38141E+10  2.03706E+08  2.30773E+08  2.86795E+08  2.48525E+09
 0.200  26.250   1.980  6.24800E+10  5.29548E+09  7.47021E+08  9.13862E+08  5.64375E+10  7.97099E+08  5.32886E+08  6.45163E+08  6.17626E+09  2.07686E+09  7.05865E+08  8.61728E+08  2.59325E+10  6.88053E+08  4.73543E+08  5.71992E+08  4.20630E+09
 0.210  29.500   3.435  7.65258E+10  6.30540E+09  1.07972E+09  1.33375E+09  6.91407E+10  3.61438E+08  6.47061E+08  7.94357E+08  4.81055E+09  1.92987E+09  9.20252E+08  1.13178E+09  2.50432E+10  5.13056E+08  6.87999E+08  8.44546E+08  5.84637E+09
 0.220  32.500   4.106  8.86212E+10  7.36738E+09  1.30855E+09  1.62479E+09  7.99453E+10  5.87848E+08  8.26931E+08  1.02039E+09  5.33922E+09  2.67777E+09  1.16133E+09  1.43772E+09  2.37523E+10  8.40818E+08  9.09144E+08  1.12163E+09  7.25248E+09
 0.230  34.750   4.349  9.57415E+10  7.75061E+09  1.72383E+09  2.13126E+09  8.62670E+10  7.45016E+08  1.23888E+09  1.52281E+09  7.17126E+09  3.21667E+09  1.57357E+09  1.93991E+09  2.68964E+10  1.02600E+09  1.33532E+09  1.64353E+09  9.74322E+09
 0.240  36.500   4.589  9.83416E+10  7.61945E+09  2.24748E+09  2.78790E+09  8.84747E+10  7.24308E+08  1.66695E+09  2.06105E+09  7.32506E+09  3.07772E+09  2.06705E+09  2.55533E+09  2.50494E+10  1.03461E+09  1.80319E+09  2.23021E+09  9.86452E+09
 0.250  38.000   4.292  9.96458E+10  7.66551E+09  2.71537E+09  3.39305E+09  8.92649E+10  9.93355E+08  2.13150E+09  2.65270E+09  7.88051E+09  2.89171E+09  2.55103E+09  3.17888E+09  2.39290E+10  1.24132E+09  2.22024E+09  2.76314E+09  9.16857E+09
 0.260  39.750   4.573  1.00738E+11  7.79256E+09  3.13503E+09  3.95592E+09  8.98105E+10  8.72332E+08  2.58392E+09  3.25203E+09  9.34300E+09  2.93093E+09  3.01138E+09  3.79368E+09  2.53987E+10  1.07903E+09  2.69689E+09  3.39474E+09  1.11908E+10
 0.270  42.000   5.428  1.06793E+11  8.15004E+09  3.57567E+09  4.53370E+09  9.50673E+10  9.86885E+08  2.89976E+09  3.68132E+09  9.94051E+09  3.25629E+09  3.41857E+09  4.32648E+09  2.63131E+10  1.68989E+09  3.11591E+09  3.94805E+09  1.34552E+10
 0.280  45.500   4.188  1.21277E+11  8.57874E+09  4.25826E+09  5.40628E+09  1.08440E+11  1.26853E+09  3.61664E+09  4.58674E+09  1.17748E+10  2.45073E+09  4.11002E+09  5.21028E+09  2.92770E+10  1.13075E+09  3.52922E+09  4.47673E+09  1.06517E+10
 0.290  51.750   5.477  1.60850E+11  9.95280E+09  5.29348E+09  6.83187E+09  1.45604E+11  1.19013E+09  3.95233E+09  5.07993E+09  1.34172E+10  2.59990E+09  4.34841E+09  5.58833E+09  2.91975E+10  1.28236E+09  4.00836E+09  5.15153E+09  1.43501E+10
 0.300  55.250   5.795  1.78440E+11  9.76866E+09  5.94488E+09  7.67727E+09  1.62727E+11  1.34377E+09  4.60644E+09  5.92843E+09  1.64073E+10  2.93772E+09  4.95892E+09  6.38091E+09  3.29499E+10  1.44884E+09  4.65774E+09  5.99378E+09  1.74489E+10
 0.310  58.250   5.338  1.89597E+11  8.84066E+09  6.99954E+09  9.00027E+09  1.73757E+11  1.55493E+09  5.41314E+09  6.93669E+09  1.81622E+10  2.76598E+09  5.89365E+09  7.55650E+09  3.63136E+10  1.39405E+09  5.30393E+09  6.79566E+09  1.61316E+10
 0.320  61.500   1.000  2.03482E+11  8.03362E+09  7.74374E+09  1.00295E+10  1.87705E+11  8.88984E+08  6.32169E+09  8.15072E+09  1.74102E+10  1.62826E+09  6.92209E+09  8.93792E+09  3.02407E+10  3.93734E+08  3.86544E+09  4.94255E+09  2.09267E+09
 0.330  65.000   5.698  2.18345E+11  8.47806E+09  8.05912E+09  1.05573E+10  2.01808E+11  8.80149E+08  6.88321E+09  8.98655E+09  1.96130E+10  1.38706E+09  7.33437E+09  9.58799E+09  3.15824E+10  7.67767E+08  6.71733E+09  8.76644E+09  1.68602E+10
 0.340  70.750   6.365  2.56441E+11  1.17679E+10  8.83199E+09  1.16714E+10  2.35841E+11  1.45160E+09  7.19410E+09  9.49493E+09  2.26536E+10  2.00868E+09  7.53329E+09  9.94956E+09  3.30340E+10  1.29198E+09  7.05873E+09  9.31409E+09  2.00644E+10
 0.350  74.500   6.956  2.76349E+11  1.38354E+10  9.10662E+09  1.21145E+10  2.53407E+11  1.44237E+09  7.46445E+09  9.92344E+09  2.60509E+10  1.98344E+09  7.74064E+09  1.02926E+10  3.60575E+10  1.30878E+09  7.38103E+09  9.81178E+09  2.40264E+10
 0.360  77.500   6.106  2.88538E+11  1.40199E+10  9.69469E+09  1.28784E+10  2.64824E+11  3.47645E+09  8.54647E+09  1.13363E+10  3.56513E+10  4.11453E+09  8.88609E+09  1.17905E+10  4.84699E+10  2.65527E+09  8.01326E+09  1.06294E+10  2.57585E+10
 0.370  80.000   2.527  2.95114E+11  1.26900E+10  1.11306E+10  1.46921E+10  2.71293E+11  1.57274E+09  9.40040E+09  1.23728E+10  2.86075E+10  2.00096E+09  9.59797E+09  1.26372E+10  3.67760E+10  6.60142E+08  7.34860E+09  9.63428E+09  7.19179E+09
 0.380  82.500   6.625  3.00477E+11  1.17407E+10  1.16658E+10  1.55068E+10  2.77071E+11  1.38853E+09  9.98943E+09  1.32438E+10  2.86779E+10  1.77319E+09  1.01823E+10  1.35042E+10  3.51198E+10  1.07301E+09  9.72062E+09  1.28818E+10  2.25985E+10
 0.390  85.250   2.700  3.06975E+11  1.14747E+10  1.21601E+10  1.62419E+10  2.83341E+11  1.48930E+09  1.04977E+10  1.40002E+10  3.11732E+10  1.79016E+09  1.06674E+10  1.42299E+10  3.68789E+10  6.36904E+08  8.47055E+09  1.12517E+10  8.13558E+09
 0.400  88.000   6.633  3.15144E+11  1.21548E+10  1.26120E+10  1.69209E+10  2.90377E+11  1.99980E+09  1.10422E+10  1.47829E+10  3.34835E+10  2.18694E+09  1.11826E+10  1.49730E+10  3.83956E+10  1.60538E+09  1.06744E+10  1.42831E+10  2.45105E+10
 0.410  89.750   5.341  3.12821E+11  1.19261E+10  1.31289E+10  1.76635E+10  2.87766E+11  2.17287E+09  1.16938E+10  1.57011E+10  3.47397E+10  2.32819E+09  1.18195E+10  1.58716E+10  3.88479E+10  1.51590E+09  1.09069E+10  1.46308E+10  1.97054E+10
 0.420  91.500   2.827  3.10413E+11  1.12389E+10  1.36941E+10  1.84648E+10  2.85480E+11  2.11030E+09  1.22409E+10  1.64680E+10  3.53737E+10  2.22910E+09  1.23426E+10  1.66075E+10  3.87867E+10  1.01668E+09  1.00994E+10  1.35440E+10  9.39030E+09
 0.430  93.500   3.200  3.09530E+11  1.04825E+10  1.42016E+10  1.92177E+10  2.84846E+11  1.33316E+09  1.27854E+10  1.72643E+10  3.67570E+10  1.40979E+09  1.28624E+10  1.73705E+10  3.94373E+10  6.62212E+08  1.08579E+10  1.46143E+10  1.09270E+10
 0.440  95.500   3.288  3.09360E+11  9.77126E+09  1.45146E+10  1.97313E+10  2.85074E+11  1.31091E+09  1.31416E+10  1.78299E+10  3.78424E+10  1.35591E+09  1.31941E+10  1.79025E+10  3.97117E+10  6.58998E+08  1.12857E+10  1.52655E+10  1.14117E+10
 0.450  97.500   4.859  3.10408E+11  9.17793E+09  1.48681E+10  2.02699E+10  2.86362E+11  1.27496E+09  1.35148E+10  1.83903E+10  3.81646E+10  1.30229E+09  1.35432E+10  1.84299E+10  3.91977E+10  7.81419E+08  1.24834E+10  1.69579E+10  1.80033E+10
 0.460  99.250   3.390  3.09911E+11  8.37561E+09  1.50613E+10  2.06338E+10  2.86474E+11  1.01401E+09  1.37150E+10  1.87580E+10  3.86851E+10  1.02008E+09  1.37232E+10  1.87695E+10  3.89879E+10  4.99686E+08  1.18409E+10  1.61508E+10  1.16866E+10
 0.470 101.250   3.452  3.10511E+11  7.76240E+09  1.51725E+10  2.08707E+10  2.87577E+11  8.03809E+08  1.38991E+10  1.90915E+10  4.00292E+10  7.97686E+08  1.38855E+10  1.90724E+10  3.95174E+10  3.70416E+08  1.20070E+10  1.64491E+10  1.19628E+10
 0.480 103.250   4.843  3.12385E+11  7.51048E+09  1.52161E+10  2.10234E+10  2.89658E+11  6.57638E+08  1.39441E+10  1.92418E+10  4.07733E+10  6.47354E+08  1.39079E+10  1.91910E+10  3.94416E+10  4.01050E+08  1.28172E+10  1.76628E+10  1.78761E+10
 0.490 105.750   4.767  3.16136E+11  7.47556E+09  1.52334E+10  2.11305E+10  2.93427E+11  7.27212E+08  1.39817E+10  1.93740E+10  4.18853E+10  7.02759E+08  1.39171E+10  1.92833E+10  3.94872E+10  4.30189E+08  1.28017E+10  1.77162E+10  1.74397E+10
 0.500 108.000   4.790  3.21255E+11  7.50817E+09  1.52626E+10  2.12353E+10  2.98484E+11  5.50086E+08  1.40198E+10  1.94879E+10  4.24196E+10  5.19434E+08  1.39292E+10  1.93603E+10  3.90821E+10  3.17035E+08  1.27856E+10  1.77497E+10  1.72821E+10
