  40
 0.110  3.64349E-02 -2.91808E-02  7.60473E-02  1.14747E+01 -1.82381E+00  2.33478E+01   1.000  5.23175E+07  5.53722E+07  1.88570E+07  0.00000E+00  4.54268E+08  6.86093E-02  2.00105E+02   7.443   7.370
 0.120 -1.43230E-01 -1.37258E-01 -2.75653E-01  1.38693E+01  1.03163E+01  3.53188E+01   1.016  2.61554E+07  3.22655E+07  2.71000E+07  4.42649E+06  5.79557E+08  5.59305E-02  2.26960E+02   7.505   7.417
 0.130 -3.85649E-02 -1.30162E-01 -2.15298E-01 -1.37063E+01 -5.32137E+00  1.32731E+01   1.207  1.05509E+08  1.17128E+08  4.81576E+07  9.16135E+06  7.42840E+08  2.58684E-01  2.17341E+02   7.631   7.459
 0.140  5.34685E-02  1.14915E-01 -9.93427E-02  3.35826E+01  3.68838E+01  1.93735E+01   1.217  4.21321E+07  5.31204E+07  5.98365E+07  1.13758E+07  7.84992E+08  7.50887E-02  2.64007E+02   7.470   7.538
 0.150  6.61379E-02  1.45753E-01  2.04699E-01  1.44581E+01 -1.64177E+01 -4.89988E-01   1.394  1.47105E+08  1.59938E+08  8.73833E+07  2.05157E+07  1.03590E+09  3.28115E-01  2.89737E+02   7.691   7.555
 0.160  3.40629E-01  2.02040E-01 -1.42759E-02 -1.12048E+00 -1.66171E+01  4.26467E+00   2.065  6.63615E+07  8.67604E+07  1.31870E+08  3.46364E+07  1.68704E+09  2.27067E-01  3.21812E+02   7.893   7.622
 0.170 -4.39938E-01  2.64920E-01 -1.53304E-01  4.94411E+01  1.80680E+01  1.81665E+00   2.217  1.17465E+08  1.11671E+08  1.38861E+08  4.22337E+07  1.84185E+09  2.73809E-02  4.16784E+02   7.580   7.618
 0.180  1.87283E-01  3.32742E-01  8.78568E-02 -1.63103E+01 -2.58934E+00  6.43521E+00   2.031  2.39029E+08  2.70015E+08  1.86377E+08  4.32175E+07  1.79296E+09  7.06686E-01  4.01064E+02   7.807   7.637
 0.190 -2.23812E-01  5.97036E-01  5.44895E-02  3.94724E+01  1.81172E+01  3.27240E+01   2.701  2.03706E+08  2.18243E+08  2.30773E+08  5.80425E+07  2.48525E+09  2.78946E-01  4.48340E+02   7.664   7.677
 0.200  2.17591E-01  2.76413E-01  1.14362E-01  3.13932E+01  4.41251E+01 -2.69520E+01   1.980  6.88053E+08  8.30795E+08  4.73543E+08  1.40681E+08  4.20630E+09  2.59775E+00  3.73961E+02   7.907   7.696
 0.210  2.35621E-02  5.08538E-01  4.39134E-02 -2.72602E+01 -5.68959E+01 -1.25872E+01   3.435  5.13056E+08  6.11953E+08  6.87999E+08  1.76296E+08  5.84637E+09  9.45217E-01  3.76394E+02   8.023   7.936
 0.220 -5.89954E-01 -8.15096E-01 -6.10042E-01 -3.32495E+00 -1.62457E-02  4.54118E+01   4.106  8.40818E+08  9.30057E+08  9.09144E+08  2.25699E+08  7.25248E+09  2.30258E+00  4.05831E+02   8.031   7.990
 0.230  2.65632E-01  2.50598E-01  5.67699E-02 -1.77673E+00  2.37794E+00 -3.15043E+00   4.349  1.02600E+09  1.25942E+09  1.33532E+09  2.83865E+08  9.74322E+09  4.13863E+00  4.08071E+02   8.124   8.065
 0.240 -1.70298E-01 -7.58746E-01  4.85632E-02  1.25267E+00  3.10957E+00 -3.05224E+00   4.589  1.03461E+09  1.26520E+09  1.80319E+09  3.18240E+08  9.86452E+09  3.94023E+00  4.18785E+02   8.249   8.217
 0.250 -3.33132E-01 -2.19027E-01  3.28240E-01  8.95205E+00  3.91931E-01 -4.13904E+00   4.292  1.24132E+09  1.52060E+09  2.22024E+09  3.32252E+08  9.16857E+09  4.00665E+00  4.45685E+02   8.229   8.322
 0.260 -6.91516E-02  1.90353E-01 -1.43709E-02 -5.59652E+00 -5.16966E+00  4.65803E+00   4.573  1.07903E+09  1.27782E+09  2.69689E+09  4.28578E+08  1.11908E+10  3.07198E+00  5.08092E+02   8.278   8.365
 0.270 -4.05464E-02 -1.52622E-01  1.95323E-01  2.13046E+00  5.56989E+00  4.16895E+00   5.428  1.68989E+09  1.85457E+09  3.11591E+09  4.77700E+08  1.34552E+10  4.36943E+00  5.66315E+02   8.216   8.382
 0.280 -1.01458E-01 -4.04845E-01  3.10277E-01  2.05136E+01 -2.55459E+01  3.30078E+00   4.188  1.13075E+09  1.53687E+09  3.52922E+09  4.29072E+08  1.06517E+10  6.00052E+00  6.00136E+02   8.364   8.412
 0.290 -1.37993E-01 -5.15711E-02  3.47416E-02 -4.28664E+00  2.31804E+00 -4.03239E+00   5.477  1.28236E+09  1.39600E+09  4.00836E+09  6.03960E+08  1.43501E+10  2.63612E+00  6.88049E+02   8.265   8.416
 0.300  4.56636E-03 -3.24897E-01  4.23561E-01  3.17828E+00  1.25149E+01 -8.37979E+00   5.795  1.44884E+09  1.78448E+09  4.65774E+09  6.98834E+08  1.74489E+10  4.85777E+00  7.33921E+02   8.308   8.418
 0.310 -3.43717E-01 -1.19608E-01  1.83405E-01  9.56337E+00  1.15838E+01 -7.22867E+00   5.338  1.39405E+09  2.02379E+09  5.30393E+09  6.10069E+08  1.61316E+10  8.64970E+00  7.43503E+02   8.410   8.436
 0.320 -6.52160E-03  1.80109E-02  8.07038E-03  7.51827E+00 -4.71736E+00 -5.57230E+00   1.000  3.93734E+08  9.39633E+08  3.86544E+09  1.15108E+08  2.09267E+09  5.67765E+00  7.25965E+02   8.796   8.611
 0.330  7.02508E-02 -1.81667E-02 -1.06790E-01 -1.52213E+01 -1.72439E+01  1.69575E+01   5.698  7.67767E+08  9.21286E+08  6.71733E+09  1.04059E+09  1.68602E+10  2.26279E+00  8.99727E+02   8.427   8.510
 0.340 -1.52372E-01  1.24396E-02  5.14034E-01 -1.14400E+01  1.77715E+01  2.39630E+01   6.365  1.29198E+09  1.29775E+09  7.05873E+09  1.19239E+09  2.00644E+10  1.67994E+00  1.03328E+03   8.193   8.516
 0.350 -6.86094E-01 -1.11701E+00  8.55912E-01 -1.67883E+01  3.33436E+01  5.62287E+01   6.956  1.30878E+09  1.30478E+09  7.38103E+09  1.31482E+09  2.40264E+10  1.55376E+00  1.15718E+03   8.197   8.511
 0.360  3.34293E-01  3.83144E-02 -1.42441E+00  3.88466E+01  1.41351E+01 -1.05054E+01   6.106  2.65527E+09  2.88894E+09  8.01326E+09  1.45922E+09  2.57585E+10  7.15960E+00  1.22192E+03   8.131   8.495
 0.370 -4.86540E-02 -6.23176E-02 -3.48447E-02  7.94922E+00  3.85280E+00 -4.15089E+00   2.527  6.60142E+08  1.40421E+09  7.34860E+09  4.85596E+08  7.19179E+09  7.12053E+00  1.12866E+03   8.678   8.583
 0.380  8.53156E-02 -5.73698E-02 -3.50588E-02  3.17223E+00 -1.63935E+01  1.01826E+01   6.625  1.07301E+09  1.29781E+09  9.72062E+09  1.45520E+09  2.25985E+10  3.66479E+00  1.25888E+03   8.425   8.547
 0.390  1.65780E-01 -1.78559E-01  6.79308E-02 -1.04449E+01  1.98896E+01  1.13332E+01   2.700  6.36904E+08  9.61867E+08  8.47055E+09  5.93021E+08  8.13558E+09  3.99843E+00  1.29198E+03   8.545   8.616
 0.400 -1.43210E-01  7.54030E-02  9.58043E-02 -5.57320E+00 -3.03728E+01  1.08645E+01   6.633  1.60538E+09  1.83832E+09  1.06744E+10  1.55495E+09  2.45105E+10  5.17941E+00  1.44751E+03   8.305   8.562
 0.410  3.01771E-01  7.96813E-02 -2.41838E-01  8.94126E+00 -3.55804E+01 -1.06377E+00   5.341  1.51590E+09  1.78523E+09  1.09069E+10  1.38106E+09  1.97054E+10  4.76800E+00  1.51901E+03   8.348   8.572
 0.420  1.25908E-01 -7.93506E-03 -2.30004E-01 -1.31820E+01 -9.20672E+00  4.03831E+01   2.827  1.01668E+09  1.41022E+09  1.00994E+10  7.02038E+08  9.39030E+09  5.11229E+00  1.54121E+03   8.465   8.614
 0.430 -1.65717E-01  1.54468E-01  6.41509E-02  5.72281E+00  1.68585E+01 -2.33292E+01   3.200  6.62212E+08  9.07252E+08  1.08579E+10  8.25937E+08  1.09270E+10  2.80698E+00  1.62406E+03   8.592   8.609
 0.440  2.39687E-01 -1.62349E-01 -3.20905E-01  1.66877E+00 -3.47365E+01  3.25475E+00   3.288  6.58998E+08  8.79223E+08  1.12857E+10  8.91472E+08  1.14117E+10  2.74947E+00  1.73655E+03   8.545   8.610
 0.450 -2.33455E-02 -4.03947E-02  8.16795E-02  6.58843E+00 -7.87021E+00 -4.82222E+00   4.859  7.81419E+08  1.01333E+09  1.24834E+10  1.32545E+09  1.80033E+10  3.44138E+00  1.87233E+03   8.503   8.590
 0.460 -1.70507E-02  1.98252E-01 -1.27207E-01  1.51549E+01 -1.41161E+01 -1.29487E+01   3.390  4.99686E+08  6.11881E+08  1.18409E+10  8.99980E+08  1.16866E+10  1.65610E+00  1.96025E+03   8.552   8.614
 0.470 -1.60872E-01  2.82938E-01 -1.62152E-01  7.98088E+00 -8.68674E+00 -6.02873E+00   3.452  3.70416E+08  4.64198E+08  1.20070E+10  9.24101E+08  1.19628E+10  1.29897E+00  2.09210E+03   8.576   8.616
 0.480 -3.90740E-01  4.49256E-01  4.50370E-01 -1.09494E+01  1.25795E+01 -2.31837E+01   4.843  4.01050E+08  4.16899E+08  1.28172E+10  1.30366E+09  1.78761E+10  6.70631E-01  2.27743E+03   8.494   8.599
 0.490  6.71201E-02 -1.02679E-01  8.96438E-01 -7.39409E+00  4.09523E-01 -2.23319E-01   4.767  4.30189E+08  4.33212E+08  1.28017E+10  1.28355E+09  1.74397E+10  5.97019E-01  2.43484E+03   8.384   8.602
 0.500 -1.03076E-01  5.31757E-03  2.67318E-01 -1.30729E+01  1.99780E+01  1.76676E+00   4.790  3.17035E+08  3.33237E+08  1.27856E+10  1.26214E+09  1.72821E+10  5.07394E-01  2.57968E+03   8.400   8.605
