  40
 0.110  5.23175E+07  1.88570E+07  2.23832E+07  5.03766E+07  4.99560E+06  4.54268E+08  6.86093E-02
 0.120  2.53103E+07  2.67440E+07  3.20623E+07  2.36944E+07  7.69051E+06  5.64592E+08  5.48942E-02
 0.130  7.41874E+07  4.19057E+07  4.96741E+07  6.98848E+07  1.49147E+07  5.68001E+08  2.23645E-01
 0.140  2.92512E+07  5.08852E+07  6.16763E+07  2.73900E+07  1.12465E+07  5.76980E+08  5.93472E-02
 0.150  1.02234E+08  6.87277E+07  8.28375E+07  9.91208E+07  1.40427E+07  6.45236E+08  2.54383E-01
 0.160  1.44748E+07  7.85976E+07  9.62348E+07  1.30050E+07  1.63553E+07  5.64925E+08  9.82278E-02
 0.170  5.64784E+06  7.93907E+07  9.94113E+07  5.13695E+06  5.28518E+05  5.66005E+08  2.85737E-03
 0.180  8.41126E+07  1.03710E+08  1.28394E+08  7.98791E+07  1.95121E+07  6.52303E+08  2.83293E-01
 0.190  1.80327E+07  1.10356E+08  1.38274E+08  1.72925E+07  1.25607E+07  6.08905E+08  6.90528E-02
 0.200  3.33834E+08  2.46641E+08  2.95874E+08  3.25501E+08  9.62526E+07  1.32223E+09  1.64843E+00
 0.210  6.13374E+07  3.45717E+08  4.22153E+08  5.88877E+07  7.90465E+07  9.68561E+08  4.09955E-01
 0.220  7.25774E+07  3.63742E+08  4.46852E+08  6.91058E+07  7.68527E+07  8.04197E+08  8.87669E-01
 0.230  3.07430E+08  6.58837E+08  7.99861E+08  3.00829E+08  2.18135E+08  1.12386E+09  2.89213E+00
 0.240  1.85883E+08  9.69683E+08  1.18820E+09  1.80543E+08  2.15170E+08  1.21182E+09  2.41304E+00
 0.250  1.90615E+08  1.32632E+09  1.63684E+09  1.87236E+08  2.72090E+08  1.34975E+09  2.81156E+00
 0.260  2.10174E+08  1.58215E+09  1.98167E+09  2.04447E+08  1.87162E+08  1.52725E+09  1.89993E+00
 0.270  1.76091E+08  1.76183E+09  2.23016E+09  1.71575E+08  1.67029E+08  1.55485E+09  2.02363E+00
 0.280  1.59183E+08  2.06386E+09  2.62144E+09  1.54367E+08  2.63151E+08  1.66360E+09  2.98888E+00
 0.290  1.64758E+08  2.20485E+09  2.83496E+09  1.60956E+08  1.34714E+08  1.68031E+09  1.58825E+00
 0.300  1.38416E+08  2.50763E+09  3.22731E+09  1.33296E+08  2.76537E+08  1.75488E+09  2.74954E+00
 0.310  4.99810E+08  2.97404E+09  3.80989E+09  4.91697E+08  4.37547E+08  1.77617E+09  5.41512E+00
 0.320  3.93734E+08  3.86544E+09  4.94255E+09  3.88918E+08  5.50715E+08  2.09267E+09  5.67765E+00
 0.330  1.41168E+08  4.03005E+09  5.21801E+09  1.37799E+08  1.99810E+08  1.99532E+09  1.87278E+00
 0.340  8.91081E+07  3.99481E+09  5.24405E+09  8.63953E+07  6.77285E+07  1.97345E+09  6.94265E-01
 0.350  6.73343E+07  3.94012E+09  5.21875E+09  6.51749E+07  6.31763E+07  1.93488E+09  6.56313E-01
 0.360  3.53228E+08  4.19550E+09  5.55578E+09  3.43577E+08  2.44834E+08  2.11620E+09  3.57457E+00
 0.370  4.16596E+08  5.50003E+09  7.16496E+09  4.12565E+08  7.27742E+08  2.31199E+09  6.79989E+00
 0.380  2.12808E+08  5.88702E+09  7.72026E+09  2.08358E+08  3.08951E+08  2.30567E+09  3.21257E+00
 0.390  1.64214E+08  6.10009E+09  8.06735E+09  1.60882E+08  2.40361E+08  2.33228E+09  2.50010E+00
 0.400  2.22566E+08  6.23419E+09  8.30499E+09  2.17257E+08  1.82261E+08  2.37493E+09  2.30738E+00
 0.410  1.95282E+08  6.44460E+09  8.61601E+09  1.90617E+08  2.34256E+08  2.38715E+09  2.63453E+00
 0.420  2.73604E+08  6.75114E+09  9.06879E+09  2.67907E+08  1.78520E+08  2.49157E+09  2.08127E+00
 0.430  1.28732E+08  6.82718E+09  9.20258E+09  1.25389E+08  1.49826E+08  2.39738E+09  1.28511E+00
 0.440  1.09169E+08  6.73825E+09  9.13969E+09  1.06012E+08  9.25763E+07  2.36603E+09  9.09936E-01
 0.450  1.30844E+08  6.98605E+09  9.50654E+09  1.27346E+08  1.24315E+08  2.45100E+09  1.33324E+00
 0.460  1.33729E+08  6.90860E+09  9.44443E+09  1.30615E+08  7.38336E+07  2.34882E+09  8.48492E-01
 0.470  8.91892E+07  7.11237E+09  9.75371E+09  8.66143E+07  7.63604E+07  2.40261E+09  7.59531E-01
 0.480  5.95231E+07  6.75573E+09  9.30543E+09  5.75995E+07  3.76381E+07  2.29570E+09  3.99465E-01
 0.490  5.33741E+07  6.53879E+09  9.03783E+09  5.06650E+07  3.43993E+07  2.19726E+09  3.60935E-01
 0.500  3.03825E+07  6.43775E+09  8.91927E+09  2.89267E+07  3.58326E+07  2.17797E+09  3.61619E-01
