  28
 0.120   1.000   0.705  4.21992E-03  4.72192E-03  3.00177E-03
 0.130   1.434   1.033  4.55040E-02  4.80420E-02  3.18683E-02
 0.140   1.444   0.853  2.41835E-02  3.02661E-02  1.51070E-02
 0.150   2.204   1.616  6.31732E-02  5.86891E-02  6.22490E-02
 0.160   1.475   0.911  1.08986E+00  1.38244E+00  6.55780E-01
 0.170   2.688   1.401  4.92361E-01  5.07250E-01  5.52664E-01
 0.180   2.406   1.165  1.16124E-01  1.29702E-01  8.93460E-02
 0.190   2.029   0.500  2.39536E+00  2.86325E+00  1.62848E+00
 0.200   1.681   0.500  3.13636E+00  2.92214E+00  3.80652E+00
 0.210   1.000   0.500  5.09372E+00  5.01433E+00  4.89909E+00
 0.220   1.940   0.500  4.45716E+00  3.95867E+00  5.18016E+00
 0.230   3.579   0.880  1.33533E+00  1.32796E+00  1.26048E+00
 0.240   4.647   2.232  2.24438E+00  2.44329E+00  2.02735E+00
 0.250   2.952   1.346  8.75567E+00  8.77973E+00  7.06468E+00
 0.260   3.266   0.698  1.24162E+01  1.40213E+01  9.72794E+00
 0.270   3.107   1.014  1.56121E+01  1.73886E+01  1.27739E+01
 0.280   4.915   1.418  4.40413E+00  4.10276E+00  5.33074E+00
 0.290   6.237   1.379  6.10724E+00  6.36300E+00  5.10540E+00
 0.300   6.720   1.933  6.76138E+00  6.89661E+00  6.42808E+00
 0.310   6.888   2.846  9.77595E+00  1.05723E+01  8.54571E+00
 0.320   3.939   0.962  1.68239E+01  1.63338E+01  1.62922E+01
 0.330   4.589   0.879  1.29131E+01  1.32040E+01  1.18387E+01
 0.340   5.119   0.639  8.28588E+00  8.13045E+00  8.47344E+00
 0.350   7.218   1.011  5.01636E+00  4.58778E+00  6.58808E+00
 0.360   6.569   1.212  5.08832E+00  5.36915E+00  4.78290E+00
 0.370   5.776   0.739  9.37729E+00  9.61429E+00  8.27839E+00
 0.380   6.467   2.121  2.94086E+01  3.04128E+01  2.56132E+01
 0.390   3.565   0.715  6.57114E+00  6.23765E+00  6.20310E+00
