  28
 0.120   7.250   1.000  6.24901E+09  6.95057E+08  4.21388E+07  5.01438E+07  5.51182E+09  1.05904E+07  9.66567E+06  1.16550E+07  2.17074E+08  9.65982E+08  6.04403E+07  7.23039E+07  8.34392E+09  2.41536E+07  1.40528E+07  1.69113E+07  3.66557E+08
 0.130  10.250   1.434  1.37484E+10  1.32841E+09  1.09395E+08  1.30678E+08  1.23106E+10  2.28112E+06  1.99708E+07  2.36216E+07  3.92413E+08  1.28909E+09  1.09336E+08  1.30609E+08  1.20824E+10  2.42564E+07  2.95555E+07  3.51095E+07  7.03849E+08
 0.140  12.250   1.444  1.80480E+10  2.00959E+09  1.91935E+08  2.26574E+08  1.58465E+10  7.42720E+07  4.46970E+07  5.33249E+07  6.99775E+08  1.73832E+09  1.90905E+08  2.25296E+08  1.36506E+10  9.75698E+07  5.08005E+07  6.05656E+07  9.15519E+08
 0.150  16.250   2.204  3.53885E+10  3.49310E+09  5.34931E+08  6.38139E+08  3.13605E+10  7.55700E+07  1.07738E+08  1.30820E+08  1.49167E+09  1.73555E+09  2.95287E+08  3.55052E+08  1.62866E+10  1.44520E+08  1.48750E+08  1.80031E+08  2.33145E+09
 0.160  19.500   1.475  4.97703E+10  4.40682E+09  9.63161E+08  1.13253E+09  4.44003E+10  5.65698E+08  4.02978E+08  4.61489E+08  3.24239E+09  2.84035E+09  9.34379E+08  1.09648E+09  2.81164E+10  4.43234E+08  3.32317E+08  3.79069E+08  2.06998E+09
 0.170  22.000   2.688  5.86277E+10  4.37231E+09  1.38564E+09  1.66968E+09  5.28697E+10  2.81551E+08  6.80573E+08  8.11124E+08  3.50087E+09  1.95013E+09  1.29335E+09  1.55357E+09  2.52600E+10  4.17633E+08  7.91634E+08  9.43982E+08  4.67337E+09
 0.180  25.250   2.406  7.62717E+10  6.00057E+09  1.65230E+09  2.02865E+09  6.86188E+10  4.57489E+08  9.51124E+08  1.15629E+09  4.61417E+09  2.14154E+09  1.50298E+09  1.84223E+09  2.53699E+10  4.35916E+08  9.25192E+08  1.12412E+09  4.29151E+09
 0.190  27.250   2.029  8.21738E+10  6.48274E+09  2.55025E+09  3.07364E+09  7.31408E+10  1.20841E+09  1.84641E+09  2.20388E+09  7.02610E+09  3.25318E+09  2.44261E+09  2.94280E+09  3.41273E+10  1.04528E+09  1.67343E+09  1.98963E+09  4.62773E+09
 0.200  29.000   1.681  8.52156E+10  5.88410E+09  3.36929E+09  4.12052E+09  7.59622E+10  8.64500E+08  2.65614E+09  3.21993E+09  6.79123E+09  2.31090E+09  3.18803E+09  3.89152E+09  2.83759E+10  6.15325E+08  2.30899E+09  2.78817E+09  3.53695E+09
 0.210  30.500   1.000  8.54221E+10  5.13989E+09  4.08846E+09  5.05032E+09  7.61937E+10  8.19362E+08  3.44357E+09  4.22551E+09  7.68605E+09  1.91970E+09  3.99717E+09  4.93205E+09  2.78798E+10  5.63740E+08  2.68951E+09  3.27779E+09  2.07921E+09
 0.220  32.250   1.940  8.77178E+10  4.85882E+09  4.87014E+09  6.07153E+09  7.79889E+10  6.15724E+08  4.25617E+09  5.28458E+09  8.61720E+09  1.86675E+09  4.72901E+09  5.88887E+09  2.78028E+10  3.40168E+08  3.88672E+09  4.81423E+09  4.80489E+09
 0.230  41.750   3.579  1.65764E+11  1.10188E+10  7.57460E+09  9.58114E+09  1.47171E+11  8.64592E+08  4.69761E+09  5.93476E+09  1.16929E+10  1.65252E+09  5.06489E+09  6.40953E+09  2.90228E+10  7.51469E+08  4.59498E+09  5.80367E+09  9.81173E+09
 0.240  52.000   4.647  2.64581E+11  1.91185E+10  1.03889E+10  1.30629E+10  2.35074E+11  1.96623E+09  5.14921E+09  6.57611E+09  1.76116E+10  4.08443E+09  5.67426E+09  7.24298E+09  4.09854E+10  1.68345E+09  5.06003E+09  6.46291E+09  1.52127E+10
 0.250  55.750   2.952  3.02968E+11  1.96838E+10  1.33990E+10  1.67839E+10  2.69885E+11  1.81756E+09  6.46552E+09  8.17595E+09  2.07501E+10  3.97452E+09  7.55002E+09  9.53476E+09  4.87966E+10  8.99269E+08  5.75543E+09  7.28710E+09  9.25953E+09
 0.260  59.750   3.266  3.37023E+11  1.96883E+10  1.53039E+10  1.93613E+10  3.02031E+11  3.72334E+09  1.21546E+10  1.53232E+10  3.25316E+10  5.47347E+09  1.36341E+10  1.72163E+10  5.75099E+10  2.30066E+09  1.01955E+10  1.28354E+10  1.43532E+10
 0.270  66.500   3.107  4.21447E+11  2.29677E+10  2.24039E+10  2.85207E+10  3.76075E+11  6.17517E+09  1.52408E+10  1.92530E+10  3.93430E+10  7.45999E+09  1.61218E+10  2.03845E+10  6.02472E+10  3.09224E+09  1.27978E+10  1.61587E+10  1.61391E+10
 0.280  71.750   4.915  4.71987E+11  2.40120E+10  2.48861E+10  3.19584E+10  4.23089E+11  3.04002E+09  1.73999E+10  2.22313E+10  4.27662E+10  3.88429E+09  1.81498E+10  2.32051E+10  6.05165E+10  1.99769E+09  1.61167E+10  2.05877E+10  2.78127E+10
 0.290  78.250   6.237  5.50868E+11  2.87326E+10  2.60767E+10  3.38416E+10  4.96059E+11  4.61180E+09  1.82916E+10  2.36458E+10  4.77332E+10  5.81113E+09  1.89360E+10  2.44874E+10  6.41198E+10  3.64890E+09  1.75397E+10  2.26786E+10  3.63888E+10
 0.300  88.750   6.720  7.30633E+11  3.70583E+10  3.82514E+10  5.00346E+10  6.55323E+11  5.13216E+09  1.98019E+10  2.57765E+10  5.69233E+10  5.66232E+09  2.00875E+10  2.61522E+10  6.55633E+10  4.00235E+09  1.89160E+10  2.46263E+10  4.11574E+10
 0.310  93.250   6.888  7.75154E+11  3.64610E+10  4.15042E+10  5.43156E+10  6.97189E+11  7.31247E+09  2.76501E+10  3.61216E+10  8.26556E+10  7.61489E+09  2.78291E+10  3.63587E+10  8.93251E+10  6.23684E+09  2.65797E+10  3.47103E+10  5.87485E+10
 0.320  97.250   3.939  8.00956E+11  3.03842E+10  4.90025E+10  6.36437E+10  7.21570E+11  7.59610E+09  3.18927E+10  4.12065E+10  8.11397E+10  7.76427E+09  3.21124E+10  4.14944E+10  8.42108E+10  4.28926E+09  2.56512E+10  3.31033E+10  2.68752E+10
 0.330 101.250   4.589  8.26774E+11  2.72455E+10  5.34596E+10  6.98347E+10  7.46069E+11  5.10264E+09  4.80733E+10  6.26435E+10  9.81160E+10  5.08465E+09  4.79983E+10  6.25442E+10  9.68119E+10  3.13566E+09  4.16823E+10  5.42816E+10  4.24181E+10
 0.340 106.500   5.119  8.77536E+11  2.77028E+10  5.51717E+10  7.28596E+10  7.94662E+11  4.13691E+09  5.00869E+10  6.60279E+10  1.01013E+11  4.04665E+09  4.97216E+10  6.55389E+10  9.46395E+10  2.81565E+09  4.42372E+10  5.82502E+10  4.69296E+10
 0.350 114.500   7.218  1.00165E+12  3.43938E+10  5.70069E+10  7.58965E+10  9.10251E+11  3.40079E+09  5.12105E+10  6.80870E+10  1.07741E+11  3.10155E+09  5.03638E+10  6.69494E+10  9.40828E+10  2.38380E+09  4.80341E+10  6.38237E+10  6.74629E+10
 0.360 126.500   6.569  1.25705E+12  4.82808E+10  8.38723E+10  1.11382E+11  1.12490E+12  3.94784E+09  5.24386E+10  7.02608E+10  1.25400E+11  3.46571E+09  5.10426E+10  6.83669E+10  9.80976E+10  2.63122E+09  4.74428E+10  6.35233E+10  6.20862E+10
 0.370 133.250   5.776  1.35014E+12  5.22618E+10  8.71257E+10  1.16276E+11  1.21076E+12  4.11674E+09  5.34935E+10  7.19985E+10  1.36916E+11  3.66228E+09  5.16296E+10  6.94592E+10  9.93837E+10  2.79212E+09  4.62350E+10  6.21995E+10  5.32771E+10
 0.380 139.000   6.467  1.42960E+12  5.25038E+10  9.27287E+10  1.23743E+11  1.28436E+12  1.25924E+10  8.82096E+10  1.17592E+11  2.36206E+11  1.06111E+10  8.57215E+10  1.14202E+11  1.66064E+11  6.85692E+09  6.15203E+10  8.22892E+10  9.07728E+10
 0.390 143.750   3.565  1.45700E+12  4.80683E+10  9.97657E+10  1.33296E+11  1.30917E+12  7.18567E+09  9.38701E+10  1.25243E+11  2.09306E+11  5.71240E+09  8.91880E+10  1.18878E+11  1.41701E+11  2.63295E+09  6.41575E+10  8.51458E+10  3.95834E+10
