  28
 0.120  2.41536E+07  1.40528E+07  1.69113E+07  2.35165E+07  2.72222E+06  3.66557E+08  2.20521E-02
 0.130  1.76892E+06  1.93434E+07  2.28683E+07  1.26109E+06  1.05513E+07  3.72875E+08  1.09774E-01
 0.140  4.78721E+07  3.68105E+07  4.38980E+07  4.54148E+07  1.14541E+07  5.02238E+08  1.65195E-01
 0.150  1.31500E+07  6.09793E+07  7.39464E+07  1.16113E+07  1.16722E+07  6.38003E+08  8.63314E-02
 0.160  3.51033E+08  2.53987E+08  2.86763E+08  3.40569E+08  1.83481E+08  1.07681E+09  3.23470E+00
 0.170  8.79967E+07  4.18451E+08  4.95423E+08  8.50654E+07  1.51354E+08  9.73965E+08  1.23115E+00
 0.180  1.94256E+08  5.88566E+08  7.08445E+08  1.89412E+08  1.41582E+08  1.15388E+09  1.85800E+00
 0.190  6.90661E+08  1.29252E+09  1.52609E+09  6.79249E+08  6.06814E+08  1.72695E+09  8.44760E+00
 0.200  4.13096E+08  1.97648E+09  2.38072E+09  4.06447E+08  5.63713E+08  1.81798E+09  5.88065E+00
 0.210  5.63740E+08  2.68951E+09  3.27779E+09  5.56127E+08  6.31295E+08  2.07921E+09  6.74088E+00
 0.220  2.73701E+08  3.38560E+09  4.17687E+09  2.70797E+08  6.01076E+08  2.14123E+09  5.62414E+00
 0.230  1.67620E+08  3.57799E+09  4.50372E+09  1.64143E+08  2.03489E+08  2.15802E+09  2.07452E+00
 0.240  1.41224E+08  3.66123E+09  4.67931E+09  1.38367E+08  1.10360E+08  2.21788E+09  1.10454E+00
 0.250  5.08809E+08  4.45682E+09  5.64841E+09  5.00506E+08  7.27362E+08  2.39920E+09  9.68719E+00
 0.260  9.97681E+08  7.15916E+09  9.00233E+09  9.87577E+08  1.09825E+09  3.17788E+09  1.37499E+01
 0.270  1.12159E+09  8.33858E+09  1.05789E+10  1.10957E+09  8.47277E+08  3.57386E+09  1.03923E+01
 0.280  3.67608E+08  9.40361E+09  1.20307E+10  3.63289E+08  6.08878E+08  3.56622E+09  5.72497E+00
 0.290  2.39240E+08  9.54162E+09  1.23934E+10  2.35762E+08  2.12012E+08  3.58767E+09  2.15121E+00
 0.300  2.46392E+08  9.39371E+09  1.23322E+10  2.42745E+08  1.94438E+08  3.42305E+09  2.22197E+00
 0.310  2.85262E+08  9.60184E+09  1.26804E+10  2.79627E+08  2.82137E+08  3.55649E+09  3.11146E+00
 0.320  2.07366E+09  1.55673E+10  2.00322E+10  2.06214E+09  3.18388E+09  5.25243E+09  3.55052E+01
 0.330  7.40698E+08  2.16195E+10  2.80844E+10  7.34266E+08  1.63873E+09  5.55039E+09  1.57745E+01
 0.340  2.66679E+08  2.15608E+10  2.84049E+10  2.63176E+08  3.96213E+08  5.26274E+09  3.85176E+00
 0.350  1.75363E+08  2.00670E+10  2.66826E+10  1.72388E+08  1.93440E+08  4.82934E+09  2.11742E+00
 0.360  1.39680E+08  1.97123E+10  2.64120E+10  1.36562E+08  1.51774E+08  4.86276E+09  1.68287E+00
 0.370  1.40809E+08  1.70321E+10  2.29406E+10  1.37225E+08  1.62878E+08  3.87158E+09  1.79692E+00
 0.380  7.39898E+08  1.81548E+10  2.44744E+10  7.31665E+08  5.59833E+08  4.40816E+09  8.17372E+00
 0.390  1.01214E+09  3.41163E+10  4.48943E+10  1.00610E+09  2.73793E+09  6.73329E+09  2.28036E+01
