  28
 0.120        78201 -0.81785E-03 -0.18402E-01 -0.19628E-01  0.10510E+02  0.77670E+01 -0.96172E-01  0.66089E+00 -0.61278E+00 -0.43328E+00   1.000   0.705
 0.130        21174 -0.21042E-01 -0.15505E-01  0.18606E-01 -0.86138E+01  0.37956E+00 -0.22761E+02  0.47501E+00 -0.87893E+00 -0.42934E-01   1.434   1.033
 0.140        27731 -0.76355E-02  0.81127E-02 -0.20998E-01  0.32039E+02  0.90868E+01  0.12242E+02  0.54557E+00  0.79762E+00  0.25721E+00   1.444   0.853
 0.150       215172 -0.81758E-02 -0.91978E-02 -0.19162E-01 -0.19962E+00 -0.12898E+02 -0.80501E+01 -0.50942E-01 -0.78636E+00  0.61566E+00   2.204   1.616
 0.160       473176  0.10906E-02  0.51801E-02 -0.54528E-02 -0.16267E+02 -0.41035E+01  0.12641E+02 -0.65645E+00 -0.53303E+00  0.53381E+00   1.475   0.911
 0.170       539539 -0.23169E-02  0.28962E-03  0.11585E-02 -0.36670E+02 -0.46297E+02  0.81878E+01 -0.69254E+00 -0.51360E+00 -0.50656E+00   2.688   1.401
 0.180       515971 -0.30672E-03  0.00000E+00  0.12269E-02 -0.53132E+02 -0.81229E+02  0.12157E+02  0.54121E+00  0.84088E+00  0.43426E-02   2.406   1.165
 0.190       574553 -0.64744E-03 -0.64744E-03 -0.12949E-02 -0.65952E+02 -0.32431E+02  0.20009E+03  0.89115E+00 -0.13202E+00  0.43407E+00   2.029   0.500
 0.200       738589 -0.68179E-03 -0.13636E-02 -0.68179E-03 -0.84771E+02  0.20149E+03 -0.12571E-03  0.50725E+00 -0.26172E+00  0.82110E+00   1.681   0.500
 0.210       813735 -0.71544E-03  0.21463E-02 -0.71544E-03  0.76101E+02  0.95346E+02 -0.26501E+03  0.35268E+00 -0.81031E+00  0.46799E+00   1.000   0.500
 0.220       490189  0.00000E+00  0.00000E+00 -0.22504E-02  0.22779E+03  0.13315E+00  0.91040E+02  0.50525E-01 -0.81769E+00  0.57343E+00   1.940   0.500
 0.230       473326  0.11762E-02  0.78415E-03  0.00000E+00  0.25063E+03  0.28522E+03 -0.15399E+02  0.68566E+00 -0.70332E-01  0.72452E+00   3.579   0.880
 0.240        52642  0.81811E-03 -0.81811E-03 -0.40905E-03 -0.30527E+03  0.53403E+02 -0.34058E+03  0.50681E+00 -0.13908E-01  0.86194E+00   4.647   2.232
 0.250       905290 -0.42608E-03 -0.85215E-03  0.12782E-02 -0.40407E+03  0.72065E+02 -0.49951E+02 -0.44052E+00  0.27875E+00  0.85337E+00   2.952   1.346
 0.260       117085  0.44309E-03 -0.44309E-03 -0.13293E-02  0.97872E+02 -0.16244E+03 -0.33095E+03 -0.45405E+00 -0.12167E-01  0.89089E+00   3.266   0.698
 0.270      1720986 -0.45998E-03 -0.91995E-03 -0.13799E-02 -0.11189E+03  0.41635E+03  0.95814E+02 -0.68631E+00  0.95271E-01  0.72104E+00   3.107   1.014
 0.280       893165  0.00000E+00  0.00000E+00 -0.19082E-02  0.42622E+03 -0.33825E+02 -0.64974E+02 -0.58246E+00  0.39309E+00  0.71149E+00   4.915   1.418
 0.290      2591683  0.19759E-02 -0.34578E-02  0.49398E-03 -0.27901E+03  0.74892E+02  0.59645E+02 -0.44065E+00  0.72351E+00  0.53138E+00   6.237   1.379
 0.300       946297 -0.15340E-02 -0.51134E-03 -0.15340E-02 -0.94124E+01  0.72470E+02 -0.41771E+02 -0.25013E+00  0.90882E+00  0.33390E+00   6.720   1.933
 0.310      3571962 -0.10566E-02  0.26414E-02  0.10566E-02 -0.68614E+02  0.13229E+03 -0.20137E+03  0.37745E+00  0.85594E+00  0.35341E+00   6.888   2.846
 0.320       236792 -0.10902E-02 -0.54511E-03 -0.54511E-03  0.14655E+03  0.73375E+02 -0.54329E+03  0.13433E+00  0.65627E+00  0.74247E+00   3.939   0.962
 0.330      1024943 -0.56215E-03  0.56215E-03  0.56215E-03 -0.48565E+02  0.77286E+03 -0.75967E+03 -0.99824E-01  0.53545E+00  0.83865E+00   4.589   0.879
 0.340      4812493  0.57966E-03  0.00000E+00 -0.11593E-02  0.33362E+03  0.56967E+03  0.17369E+03 -0.31580E+00  0.53885E+00  0.78097E+00   5.119   0.639
 0.350      1512583 -0.59614E-03 -0.23846E-02 -0.59614E-03 -0.62696E+03  0.44724E+03 -0.74391E+02 -0.39830E+00  0.53253E+00  0.74684E+00   7.218   1.011
 0.360       563583  0.61327E-03  0.61327E-03  0.12265E-02 -0.70888E+03  0.79406E+02  0.80328E+03 -0.36688E+00  0.57194E+00  0.73368E+00   6.569   1.212
 0.370      1719926 -0.63038E-03  0.00000E+00  0.18911E-02 -0.17576E+03 -0.17247E+03 -0.26156E+03 -0.40797E+00  0.62917E+00  0.66159E+00   5.776   0.739
 0.380      3061057 -0.19418E-02  0.64727E-03 -0.64727E-03 -0.57973E+03 -0.10382E+03 -0.42546E+03 -0.40934E+00  0.43161E+00  0.80384E+00   6.467   2.121
 0.390       681037  0.00000E+00 -0.19940E-02 -0.66467E-03 -0.76834E+03 -0.80437E+03 -0.37322E+03  0.75695E+00 -0.49750E+00  0.42369E+00   3.565   0.715
