  28
 0.120  1.08750E+00  2.79992E+07  1.59378E+07  1.91570E+07  2.71398E+07  3.19183E+06  4.18684E+08  2.77623E-02
 0.130  1.53750E+00  3.34895E+07  3.18852E+07  3.79136E+07  3.02709E+07  1.35230E+07  7.82996E+08  1.54557E-01
 0.140  1.83750E+00  1.35254E+08  5.86793E+07  6.99423E+07  1.25390E+08  1.85301E+07  1.33986E+09  2.75494E-01
 0.150  2.43750E+00  1.83114E+08  1.58386E+08  1.91527E+08  1.64458E+08  3.41371E+07  2.65427E+09  3.05241E-01
 0.160  2.92500E+00  9.80215E+08  5.32122E+08  6.10763E+08  9.19613E+08  3.16132E+08  5.94954E+09  5.42834E+00
 0.170  3.30000E+00  5.69646E+08  9.37704E+08  1.11871E+09  5.21908E+08  3.18423E+08  6.20727E+09  2.77962E+00
 0.180  3.78750E+00  7.45530E+08  1.16388E+09  1.41938E+09  6.87343E+08  1.77220E+08  7.81824E+09  2.28604E+00
 0.190  4.08750E+00  1.69615E+09  2.09487E+09  2.51145E+09  1.57919E+09  7.85847E+08  1.21254E+10  1.11544E+01
 0.200  4.35000E+00  1.20591E+09  2.89115E+09  3.51463E+09  1.10331E+09  6.97730E+08  1.07471E+10  7.16949E+00
 0.210  4.57500E+00  1.08264E+09  3.69202E+09  4.54179E+09  1.00302E+09  7.02819E+08  1.23313E+10  7.40578E+00
 0.220  4.83750E+00  1.04947E+09  4.49603E+09  5.58944E+09  9.49676E+08  6.71919E+08  1.33138E+10  6.53228E+00
 0.230  6.26250E+00  1.14591E+09  4.90065E+09  6.19570E+09  9.96683E+08  2.97855E+08  1.82371E+10  3.20829E+00
 0.240  7.80000E+00  3.20194E+09  5.44706E+09  6.95500E+09  2.81240E+09  3.21318E+08  2.97309E+10  3.96550E+00
 0.250  8.36250E+00  3.02164E+09  7.08438E+09  8.95370E+09  2.56976E+09  1.24886E+09  3.70113E+10  1.33251E+01
 0.260  8.96250E+00  5.09703E+09  1.33905E+10  1.69046E+10  4.50572E+09  1.63151E+09  5.15116E+10  2.04160E+01
 0.270  9.97500E+00  7.45239E+09  1.61179E+10  2.03795E+10  6.59495E+09  2.20846E+09  6.00949E+10  2.91401E+01
 0.280  1.07625E+01  4.12854E+09  1.82804E+10  2.33749E+10  3.64704E+09  1.14809E+09  6.52125E+10  1.09722E+01
 0.290  1.17375E+01  6.63247E+09  1.94117E+10  2.51102E+10  5.75767E+09  9.03302E+08  7.87386E+10  1.06492E+01
 0.300  1.33125E+01  7.32928E+09  2.06433E+10  2.68890E+10  6.26053E+09  1.01760E+09  9.17692E+10  1.15158E+01
 0.310  1.39875E+01  9.68594E+09  2.85018E+10  3.72514E+10  8.47783E+09  1.67098E+09  1.28648E+11  2.01754E+01
 0.320  1.45875E+01  1.10778E+10  4.59353E+10  5.95571E+10  9.48607E+09  5.68556E+09  1.44291E+11  5.79776E+01
 0.330  1.51875E+01  6.27451E+09  5.04461E+10  6.57931E+10  5.49275E+09  3.18944E+09  1.50893E+11  3.26768E+01
 0.340  1.59750E+01  4.84380E+09  5.22756E+10  6.89623E+10  4.19849E+09  1.36088E+09  1.52780E+11  1.36319E+01
 0.350  1.71750E+01  4.31341E+09  5.32320E+10  7.08124E+10  3.57873E+09  8.07300E+08  1.63016E+11  7.39276E+00
 0.360  1.89750E+01  5.08452E+09  5.41187E+10  7.25443E+10  4.06863E+09  5.99707E+08  1.89346E+11  6.81015E+00
 0.370  1.99875E+01  5.29388E+09  5.52382E+10  7.43798E+10  4.36048E+09  1.01684E+09  2.12505E+11  1.24320E+01
 0.380  2.08500E+01  1.47880E+10  9.00575E+10  1.20116E+11  1.23177E+10  4.79780E+09  3.49416E+11  5.63867E+01
 0.390  2.15625E+01  9.62052E+09  9.56981E+10  1.27744E+11  7.40695E+09  3.70730E+09  3.12205E+11  3.40672E+01
