  28
 0.120 -1.72318E-01  2.89138E-01 -3.77181E-01  2.31563E+01  1.81884E+01 -9.79078E+00  6.60886E-01 -6.12781E-01 -4.33278E-01  1.92313E+01   1.000   0.705  2.52929E+07  2.48854E+07  1.54426E+06  0.00000E+00  2.69368E+07  4.21992E-03  1.89554E+02   7.241   7.381
 0.130  3.26335E-01  6.41618E-01 -3.37558E-01  1.01867E+01 -1.14944E+00  1.13947E+01  4.75010E-01 -8.78933E-01 -4.29336E-02  2.26328E+01   1.434   1.033  3.69444E+07  3.70238E+07  7.87265E+06  1.26844E+06  1.30693E+08  4.55040E-02  2.20151E+02   7.660   7.385
 0.140  1.78489E-01  6.66925E-02  5.05150E-01  2.46450E+01 -1.34854E+01 -1.58968E+01  5.45570E-01  7.97620E-01  2.57206E-01  2.48504E+01   1.444   0.853  9.74574E+07  9.35285E+07  3.90219E+06  3.41381E+05  5.06312E+07  2.41835E-02  1.58853E+02   7.792   7.531
 0.150 -1.66463E-01 -4.30455E-02 -9.88848E-02 -1.29788E+01 -1.15867E+01 -4.72921E+01 -5.09419E-02 -7.86360E-01  6.15665E-01  5.72486E+01   2.204   1.616  1.54936E+08  1.44991E+08  1.97369E+07  1.16943E+07  3.19085E+08  6.31732E-02  2.55249E+02   7.847   7.587
 0.160  2.58683E-02 -6.01123E-02  1.35917E-01 -4.09807E+00  9.61013E+00 -6.65951E+00 -6.56449E-01 -5.33029E-01  5.33811E-01  2.22808E+01   1.475   0.911  4.39685E+08  4.83465E+08  7.35959E+07  6.67161E+06  2.07347E+08  1.08986E+00  7.91769E+01   8.125   7.890
 0.170  1.81959E-02  2.41140E-01  1.21686E-01  8.96722E+00  3.82894E+01 -2.43912E+01 -6.92541E-01 -5.13597E-01 -5.06562E-01  7.29612E+01   2.688   1.401  3.87087E+08  4.04701E+08  1.14900E+08  2.31190E+07  4.25003E+08  4.92361E-01  1.55622E+02   8.327   8.142
 0.180 -8.65747E-02  1.93638E-01 -7.25667E-02  3.29887E+00 -1.61722E+01  2.16879E+01  5.41211E-01  8.40876E-01  4.34259E-03  2.84030E+01   2.406   1.165  3.99560E+08  3.88470E+08  2.76210E+07  6.26101E+06  2.36445E+08  1.16124E-01  2.40150E+02   8.326   8.074
 0.190 -7.00738E-02 -1.70991E-02  9.08571E-02  2.54325E+00 -2.07192E+01 -1.50248E+01  8.91152E-01 -1.32016E-01  4.34074E-01  4.25931E+01   2.029   0.500  9.09778E+08  1.03492E+09  1.94088E+08  1.07322E+07  2.47087E+08  2.39536E+00  9.91476E+01   8.356   8.066
 0.200  8.95367E-02 -8.51755E-03 -7.12981E-02  1.60307E+01  7.96568E+00  2.38430E+00  5.07248E-01 -2.61719E-01  8.21099E-01  4.64720E+01   1.681   0.500  5.47403E+08  8.59924E+08  6.89554E+08  1.99416E+07  2.27134E+08  3.13636E+00  1.33003E+02   8.631   8.486
 0.210 -1.02085E-02 -1.73973E-02  6.35719E-03  1.47731E+00  6.85438E+00 -3.67458E+00  3.52676E-01 -8.10314E-01  4.67986E-01  2.92855E+01   1.000   0.500  5.37085E+08  9.72009E+08  1.04537E+09  1.56908E+07  1.53390E+08  5.09372E+00  1.68891E+02   8.639   8.675
 0.220  1.49518E-02 -1.03744E-02 -2.42525E-02 -2.13020E+00  1.78520E+00 -6.19848E-01  5.05249E-02 -8.17694E-01  5.73431E-01  4.08245E+01   1.940   0.500  2.84305E+08  7.48956E+08  1.48277E+09  3.54127E+07  2.74523E+08  4.45716E+00  2.11215E+02   8.926   8.689
 0.230 -1.72593E-01  1.59228E-01  1.50133E-01 -6.49454E-01  3.34907E+00  6.23048E+00  6.85661E-01 -7.03316E-02  7.24515E-01  1.71393E+02   3.579   0.880  6.16456E+08  6.95270E+08  7.43655E+08  8.03275E+07  5.95935E+08  1.33533E+00  3.53568E+02   8.497   8.573
 0.240 -2.78428E-01  2.70486E-01  2.45502E-01 -4.10992E+01 -1.31402E+01  5.91225E+01  5.06812E-01 -1.39077E-02  8.61944E-01  2.75302E+02   4.647   2.232  1.61065E+09  1.68853E+09  1.34521E+09  1.40614E+08  1.23336E+09  2.24438E+00  3.89079E+02   8.196   8.617
 0.250  7.90911E-03  2.54402E-02 -4.34304E-02 -3.20422E+00 -2.02138E+00  3.10630E-01 -4.40517E-01  2.78753E-01  8.53371E-01  8.81793E+01   2.952   1.346  8.24823E+08  1.41620E+09  2.15333E+09  8.21950E+07  7.37852E+08  8.75567E+00  3.96220E+02   8.619   8.677
 0.260  2.80456E-01  2.60345E-01  1.35397E-01 -1.93720E+01  1.73002E+01 -1.66458E+01 -4.54047E-01 -1.21672E-02  8.90895E-01  1.88583E+02   3.266   0.698  2.00827E+09  2.83032E+09  2.34841E+09  1.61912E+08  6.33597E+08  1.24162E+01  3.24675E+02   8.595   8.663
 0.270 -6.93750E-02 -1.56123E-01 -1.77034E-03  1.77474E+01 -4.16616E-02 -5.73816E+00 -6.86310E-01  9.52713E-02  7.21042E-01  2.31745E+02   3.107   1.014  2.72271E+09  3.80603E+09  2.98369E+09  3.37204E+08  1.09111E+09  1.56121E+01  2.98557E+02   8.514   8.581
 0.280 -2.26275E-01 -7.61231E-02 -1.54152E-01  4.26430E+00 -3.09436E-01  5.21123E+00 -5.82463E-01  3.93091E-01  7.11489E-01  3.60684E+02   4.915   1.418  1.71010E+09  2.06299E+09  2.99315E+09  5.83112E+08  2.00945E+09  4.40413E+00  3.95751E+02   8.681   8.529
 0.290  9.18292E-01  7.90861E-01 -6.34708E-01 -2.94732E+01  1.46720E+01 -3.71410E+01 -4.40649E-01  7.23506E-01  5.31383E-01  7.27358E+02   6.237   1.379  3.16988E+09  3.46700E+09  2.17579E+09  7.29927E+08  2.57737E+09  6.10724E+00  5.27437E+02   8.495   8.427
 0.300  3.44811E-01 -6.33686E-02 -3.32090E-01  2.11925E+01  5.10099E+00 -3.43568E+01 -2.50134E-01  9.08815E-01  3.33898E-01  6.50070E+02   6.720   1.933  3.47768E+09  3.85489E+09  2.38122E+09  8.41257E+08  3.43486E+09  6.76138E+00  5.55180E+02   8.494   8.393
 0.310  2.44303E-01 -6.65043E-01  5.48635E-01  8.80808E+00  6.16236E+01 -9.24122E+01  3.77449E-01  8.55941E-01  3.53408E-01  5.57556E+02   6.888   2.846  5.37893E+09  5.84745E+09  4.24276E+09  2.74234E+09  7.93413E+09  9.77595E+00  8.65453E+02   8.459   8.467
 0.320  1.16486E-01 -1.23005E-01  4.72111E-02  3.90886E+01 -3.64206E+00 -3.40430E+00  1.34335E-01  6.56272E-01  7.42469E-01  1.98089E+02   3.939   0.962  3.51555E+09  4.89001E+09  5.03471E+09  1.30009E+09  2.34217E+09  1.68239E+01  7.24465E+02   8.704   8.680
 0.330 -1.01189E-01  8.93271E-02 -1.49920E-01  2.04480E+01  4.53318E+00 -3.31830E+00 -9.98235E-02  5.35453E-01  8.38645E-01  4.21346E+02   4.589   0.879  2.67112E+09  3.63044E+09  4.06248E+09  1.23271E+09  2.30093E+09  1.29131E+01  6.67567E+02   8.785   8.665
 0.340 -2.62197E-01 -1.42176E-01 -4.28202E-02  4.55906E+01  1.90694E+01  3.86877E+00 -3.15800E-01  5.38851E-01  7.80967E-01  7.61243E+02   5.119   0.639  2.38689E+09  3.08314E+09  5.25972E+09  1.37933E+09  2.00737E+09  8.28588E+00  6.42968E+02   8.717   8.712
 0.350 -2.23578E-01  3.13045E-01 -5.22685E-01  8.68418E+00  1.22508E+01  1.13202E+00 -3.98300E-01  5.32529E-01  7.46840E-01  9.35312E+02   7.218   1.011  1.92511E+09  2.38337E+09  6.59523E+09  2.02777E+09  3.35480E+09  5.01636E+00  7.00055E+02   8.743   8.658
 0.360  5.63271E-01  1.43598E-01 -9.96213E-02  4.12481E+01  3.94363E+01 -1.72843E+01 -3.66880E-01  5.71944E-01  7.33675E-01  1.06357E+03   6.569   1.212  2.23258E+09  2.55390E+09  7.46112E+09  2.16516E+09  3.65584E+09  5.08832E+00  7.94171E+02   8.660   8.677
 0.370  2.02231E-01  2.59643E-01 -8.59340E-02  1.79733E+01  1.24078E+01 -1.02610E+01 -4.07969E-01  6.29172E-01  6.61592E-01  8.74189E+02   5.776   0.739  2.31919E+09  2.96016E+09  6.33929E+09  1.51605E+09  2.23750E+09  9.37729E+00  8.36130E+02   8.634   8.692
 0.380 -8.93493E-01  1.31249E+00 -8.57277E-01  1.01636E+01 -1.35528E+02  3.26323E+01 -4.09336E-01  4.31610E-01  8.03839E-01  6.89796E+02   6.467   2.121  6.08924E+09  8.09125E+09  1.10989E+10  3.05401E+09  7.22846E+09  2.94086E+01  8.18949E+02   8.576   8.634
 0.390  8.54968E-02  6.70106E-02 -1.09478E-01  6.89389E+00  2.24105E+01  1.33605E+01  7.56952E-01 -4.97501E-01  4.23694E-01  2.41290E+02   3.565   0.715  2.08317E+09  2.57506E+09  2.52197E+09  1.23445E+09  1.40986E+09  6.57114E+00  1.08173E+03   8.930   8.717
