  28
 0.120   1.000  1.40528E+07  1.69113E+07  1.38777E+07  2.07634E+02  0.00000E+00  0.00000E+00  0.00000E+00  1.40528E+07  1.69113E+07  1.38777E+07
 0.130   1.434  2.95555E+07  3.51095E+07  2.92242E+07  2.00064E+02  5.35777E+06  6.61202E+06  5.24819E+06  2.41977E+07  2.84975E+07  2.39760E+07
 0.140   1.444  5.08005E+07  6.05656E+07  5.02038E+07  2.27220E+02  1.09114E+07  1.35760E+07  1.06756E+07  3.98891E+07  4.69896E+07  3.95282E+07
 0.150   2.204  1.48750E+08  1.80031E+08  1.46839E+08  2.63532E+02  7.59785E+07  9.35635E+07  7.46577E+07  7.27715E+07  8.64673E+07  7.21816E+07
 0.160   1.475  3.32317E+08  3.79069E+08  3.30210E+08  1.46952E+02  6.63565E+07  8.29079E+07  6.49740E+07  2.65961E+08  2.96161E+08  2.65236E+08
 0.170   2.688  7.91634E+08  9.43982E+08  7.86070E+08  1.93962E+02  2.23784E+08  2.77178E+08  2.20378E+08  5.67851E+08  6.66804E+08  5.65692E+08
 0.180   2.406  9.25192E+08  1.12412E+09  9.16949E+08  2.60455E+02  2.49287E+08  3.13206E+08  2.44911E+08  6.75905E+08  8.10912E+08  6.72039E+08
 0.190   2.029  1.67343E+09  1.98963E+09  1.66124E+09  2.29834E+02  2.85825E+08  3.63524E+08  2.79990E+08  1.38761E+09  1.62611E+09  1.38125E+09
 0.200   1.681  2.30899E+09  2.78817E+09  2.29272E+09  2.46314E+02  2.32065E+08  2.97106E+08  2.26607E+08  2.07692E+09  2.49107E+09  2.06611E+09
 0.210   1.000  2.68951E+09  3.27779E+09  2.66974E+09  2.77139E+02  1.36334E+08  1.76033E+08  1.32391E+08  2.55318E+09  3.10176E+09  2.53735E+09
 0.220   1.940  3.88672E+09  4.81423E+09  3.85051E+09  3.57273E+02  4.24229E+08  5.46188E+08  4.14259E+08  3.46250E+09  4.26804E+09  3.43625E+09
 0.230   3.579  4.59498E+09  5.80367E+09  4.53865E+09  4.75531E+02  7.76059E+08  1.00726E+09  7.56875E+08  3.81892E+09  4.79641E+09  3.78177E+09
 0.240   4.647  5.06003E+09  6.46291E+09  4.98612E+09  5.78813E+02  9.72734E+08  1.27092E+09  9.46550E+08  4.08729E+09  5.19199E+09  4.03957E+09
 0.250   2.952  5.75543E+09  7.28710E+09  5.67587E+09  5.75830E+02  7.39533E+08  9.70832E+08  7.18000E+08  5.01590E+09  6.31627E+09  4.95787E+09
 0.260   3.266  1.01955E+10  1.28354E+10  1.00690E+10  5.44907E+02  3.51373E+09  4.49559E+09  3.45802E+09  6.68181E+09  8.33986E+09  6.61098E+09
 0.270   3.107  1.27978E+10  1.61587E+10  1.26366E+10  5.77692E+02  3.98457E+09  5.17651E+09  3.91086E+09  8.81319E+09  1.09822E+10  8.72577E+09
 0.280   4.915  1.61167E+10  2.05877E+10  1.58972E+10  6.47742E+02  5.37910E+09  7.04432E+09  5.26925E+09  1.07376E+10  1.35434E+10  1.06279E+10
 0.290   6.237  1.75397E+10  2.26786E+10  1.72717E+10  7.51602E+02  5.99491E+09  7.91516E+09  5.85994E+09  1.15448E+10  1.47634E+10  1.14117E+10
 0.300   6.720  1.89160E+10  2.46263E+10  1.86022E+10  8.43341E+02  6.25071E+09  8.31704E+09  6.09517E+09  1.26653E+10  1.63093E+10  1.25070E+10
 0.310   6.888  2.65797E+10  3.47103E+10  2.60976E+10  9.35673E+02  1.19297E+10  1.58740E+10  1.16327E+10  1.46500E+10  1.88362E+10  1.44649E+10
 0.320   3.939  2.56512E+10  3.31033E+10  2.52242E+10  8.95724E+02  7.79128E+09  1.04659E+10  7.57053E+09  1.78599E+10  2.26374E+10  1.76536E+10
 0.330   4.589  4.16823E+10  5.42816E+10  4.09193E+10  9.88813E+02  1.95496E+10  2.61123E+10  1.90350E+10  2.21327E+10  2.81693E+10  2.18843E+10
 0.340   5.119  4.42372E+10  5.82502E+10  4.33631E+10  1.09654E+03  2.03068E+10  2.73062E+10  1.97306E+10  2.39304E+10  3.09441E+10  2.36325E+10
 0.350   7.218  4.80341E+10  6.38237E+10  4.69847E+10  1.22356E+03  2.24623E+10  3.03714E+10  2.17702E+10  2.55718E+10  3.34524E+10  2.52145E+10
 0.360   6.569  4.74428E+10  6.35233E+10  4.63084E+10  1.35710E+03  2.16609E+10  2.94435E+10  2.09361E+10  2.57819E+10  3.40798E+10  2.53723E+10
 0.370   5.776  4.62350E+10  6.21995E+10  4.50434E+10  1.48140E+03  2.03874E+10  2.78370E+10  1.96495E+10  2.58476E+10  3.43624E+10  2.53939E+10
 0.380   6.467  6.15203E+10  8.22892E+10  6.00182E+10  1.45133E+03  3.14864E+10  4.26937E+10  3.05010E+10  3.00340E+10  3.95955E+10  2.95173E+10
 0.390   3.565  6.41575E+10  8.51458E+10  6.27787E+10  1.33190E+03  3.63875E+10  4.90889E+10  3.54441E+10  2.77700E+10  3.60569E+10  2.73346E+10
