  39
 0.110  1.00705E+08  4.11744E+07  4.65392E+07  9.53273E+07  2.78124E+07  7.04680E+08  4.39298E-01
 0.120  4.68596E+07  4.36579E+07  5.16129E+07  4.50006E+07  1.63535E+07  5.51622E+08  1.54385E-01
 0.130  1.22295E+08  8.46456E+07  9.90054E+07  1.17072E+08  3.66603E+07  6.64109E+08  5.19427E-01
 0.140  5.86195E+07  1.34219E+08  1.58764E+08  5.57218E+07  5.90467E+07  7.09336E+08  6.20295E-01
 0.150  8.94142E+07  1.72440E+08  2.08514E+08  8.47709E+07  2.62540E+07  7.62627E+08  3.72244E-01
 0.160  2.17101E+08  1.96195E+08  2.38895E+08  2.11972E+08  3.03941E+07  8.01204E+08  3.92622E-01
 0.170  4.84022E+06  2.03589E+08  2.48954E+08  4.17647E+06  5.77060E+07  4.72392E+08  2.32383E-01
 0.180  4.20016E+08  6.16196E+08  7.09413E+08  4.11744E+08  4.19799E+08  8.32962E+08  6.58998E+00
 0.190  4.78456E+08  1.39415E+09  1.63730E+09  4.71597E+08  6.51212E+08  1.10233E+09  8.46823E+00
 0.200  2.82036E+08  1.71346E+09  2.08200E+09  2.77145E+08  2.93064E+08  1.13608E+09  2.60448E+00
 0.210  4.38608E+08  2.47758E+09  3.03025E+09  4.33532E+08  5.76425E+08  1.48668E+09  6.36319E+00
 0.220  2.26435E+08  2.79221E+09  3.47802E+09  2.21537E+08  2.94449E+08  1.52742E+09  2.50143E+00
 0.230  1.70736E+08  2.97511E+09  3.76229E+09  1.66067E+08  1.68691E+08  1.57705E+09  1.68429E+00
 0.240  1.14085E+08  3.07791E+09  3.94275E+09  1.10836E+08  1.14199E+08  1.59409E+09  1.03793E+00
 0.250  8.07856E+07  3.06991E+09  3.97928E+09  7.82778E+07  5.75654E+07  1.54263E+09  6.31961E-01
 0.260  7.30526E+07  3.10792E+09  4.06497E+09  7.06787E+07  4.42295E+07  1.56200E+09  4.68158E-01
 0.270  6.93046E+07  3.08744E+09  4.07079E+09  6.70685E+07  3.88856E+07  1.52584E+09  4.24806E-01
 0.280  2.31902E+08  3.25462E+09  4.30679E+09  2.27046E+08  8.25430E+07  1.76503E+09  1.26815E+00
 0.290  5.47794E+08  3.84066E+09  5.01533E+09  5.39905E+08  4.29035E+08  1.73526E+09  5.07290E+00
 0.300  5.12338E+08  7.43337E+09  9.43255E+09  5.08420E+08  9.82914E+08  2.65710E+09  8.93494E+00
 0.310  3.16053E+08  8.14476E+09  1.04880E+10  3.11296E+08  4.73609E+08  2.75371E+09  4.33255E+00
 0.320  1.58444E+08  8.12662E+09  1.06104E+10  1.55724E+08  1.90753E+08  2.65993E+09  1.83852E+00
 0.340  1.23947E+08  7.84064E+09  1.04243E+10  1.20745E+08  1.13009E+08  2.53397E+09  1.46289E+00
 0.350  6.83001E+07  7.38727E+09  9.89157E+09  6.62985E+07  6.60161E+07  2.41350E+09  6.23680E-01
 0.360  5.18083E+07  7.43158E+09  9.97231E+09  5.01120E+07  6.77660E+07  2.24956E+09  6.76069E-01
 0.370  4.20765E+07  7.30191E+09  9.86932E+09  4.01514E+07  3.19555E+07  2.23933E+09  3.44262E-01
 0.380  4.05927E+07  6.97352E+09  9.48281E+09  3.88244E+07  2.50987E+07  2.12942E+09  2.58161E-01
 0.390  3.27340E+07  7.07348E+09  9.66303E+09  3.11527E+07  2.02122E+07  2.20466E+09  2.08927E-01
 0.400  2.91872E+07  7.09684E+09  9.73358E+09  2.77522E+07  1.74744E+07  2.23983E+09  1.93358E-01
 0.410  2.19980E+07  6.68917E+09  9.20428E+09  2.06975E+07  1.29399E+07  2.03456E+09  1.40729E-01
 0.420  1.98639E+07  6.60464E+09  9.11275E+09  1.87306E+07  1.09971E+07  2.01095E+09  1.20137E-01
 0.430  1.67944E+07  6.42154E+09  8.87900E+09  1.57130E+07  7.91350E+06  1.95807E+09  9.46288E-02
 0.440  1.46277E+07  6.36141E+09  8.81197E+09  1.36928E+07  7.21209E+06  1.93779E+09  8.66345E-02
 0.450  1.13184E+07  6.12477E+09  8.49601E+09  1.04341E+07  6.18272E+06  1.84991E+09  7.03385E-02
 0.460  9.87601E+06  6.08839E+09  8.45515E+09  9.14416E+06  5.44139E+06  1.86205E+09  5.17909E-02
 0.470  7.36283E+06  6.13715E+09  8.53145E+09  6.74792E+06  4.46170E+06  1.84409E+09  4.63534E-02
 0.480  1.13340E+08  5.88653E+09  8.17183E+09  1.09919E+08  5.11704E+07  1.71223E+09  7.54825E-01
 0.490  7.46422E+07  7.81199E+09  1.06525E+10  7.31540E+07  1.25126E+08  2.44177E+09  9.88245E-01
 0.500  2.67766E+07  7.01742E+09  9.60995E+09  2.54223E+07  3.60839E+07  2.07970E+09  3.43481E-01
