  45
 0.120   5.000   0.601  1.91486E+09  2.18333E+08  2.83253E+06  3.36449E+06  1.69369E+09  1.30518E+07  2.16419E+06  2.58401E+06  9.13690E+07  6.06444E+08  6.45465E+06  7.70126E+06  3.95589E+09  1.82552E+07  2.31248E+06  2.75500E+06  1.18805E+08
 0.130   6.750   0.823  3.85036E+09  3.94752E+08  1.61731E+07  1.87555E+07  3.43943E+09  2.74246E+07  5.96117E+06  6.89582E+06  1.55635E+08  6.69521E+08  1.74365E+07  2.02750E+07  4.74503E+09  3.59507E+07  7.65668E+06  8.82746E+06  2.14580E+08
 0.140   8.000   1.147  5.11351E+09  4.20753E+08  2.38773E+07  2.85807E+07  4.66888E+09  1.35625E+05  6.74979E+06  8.08263E+06  1.49399E+08  6.30802E+08  2.59668E+07  3.09400E+07  5.46318E+09  2.65448E+06  1.04424E+07  1.24448E+07  2.77266E+08
 0.150   9.000   1.295  5.84779E+09  5.35630E+08  2.63950E+07  3.24237E+07  5.28577E+09  9.49830E+05  7.77713E+06  9.57378E+06  1.79496E+08  6.00604E+08  2.66086E+07  3.26900E+07  5.85842E+09  6.65519E+06  1.15297E+07  1.41748E+07  3.21579E+08
 0.160  10.000   1.258  6.64549E+09  6.75506E+08  3.44978E+07  4.18771E+07  5.93549E+09  7.24210E+07  1.25197E+07  1.50935E+07  2.61220E+08  6.75506E+08  3.44978E+07  4.18771E+07  5.93549E+09  1.04004E+08  1.68357E+07  2.02328E+07  4.07128E+08
 0.170  13.250   1.716  1.26828E+10  1.29079E+09  5.88129E+07  7.22854E+07  1.13332E+10  3.54264E+07  2.11669E+07  2.59384E+07  4.05465E+08  7.97470E+08  4.71132E+07  5.79801E+07  6.99085E+09  5.51814E+07  2.71723E+07  3.33308E+07  6.30105E+08
 0.180  16.750   2.119  2.20061E+10  1.94706E+09  1.43623E+08  1.76308E+08  1.99154E+10  1.34122E+08  3.17015E+07  3.91456E+07  7.48910E+08  1.38390E+09  1.39911E+08  1.71641E+08  1.24474E+10  2.08977E+08  3.93295E+07  4.85610E+07  1.17017E+09
 0.190  18.250   2.013  2.43939E+10  1.96763E+09  2.28522E+08  2.78512E+08  2.21978E+10  1.11437E+08  6.43623E+07  7.65832E+07  7.53565E+08  1.06797E+09  2.18895E+08  2.66266E+08  1.35091E+10  1.30475E+08  6.90170E+07  8.20876E+07  9.09699E+08
 0.200  20.000   2.622  2.69733E+10  1.97432E+09  2.29314E+08  2.87280E+08  2.47696E+10  8.05895E+07  1.34490E+08  1.68352E+08  1.51553E+09  9.84681E+08  2.18900E+08  2.73877E+08  1.23434E+10  1.37662E+08  1.51525E+08  1.89494E+08  2.10024E+09
 0.210  21.750   3.052  2.98735E+10  2.34954E+09  2.41393E+08  3.05770E+08  2.72826E+10  9.32374E+07  1.11938E+08  1.42397E+08  1.63225E+09  1.21121E+09  2.31432E+08  2.92847E+08  1.16618E+10  2.39527E+08  1.37670E+08  1.74627E+08  2.59009E+09
 0.220  26.250   3.289  4.73583E+10  4.43822E+09  4.37621E+08  5.53051E+08  4.24825E+10  3.17760E+08  1.60876E+08  2.02940E+08  2.28672E+09  1.64716E+09  2.65366E+08  3.35919E+08  1.34822E+10  4.68701E+08  1.90042E+08  2.39629E+08  3.20681E+09
 0.230  32.750   3.440  7.85447E+10  6.64884E+09  7.71283E+08  9.68285E+08  7.11245E+10  9.99297E+08  3.20494E+08  3.95344E+08  4.72242E+09  3.14512E+09  5.50798E+08  6.86562E+08  2.21483E+10  1.07208E+09  3.31177E+08  4.08832E+08  5.13828E+09
 0.240  37.000   4.221  9.80398E+10  7.56711E+09  1.29824E+09  1.60213E+09  8.91744E+10  4.14931E+08  6.36670E+08  7.72334E+08  5.44631E+09  2.18397E+09  9.72175E+08  1.18898E+09  2.66128E+10  5.80079E+08  6.87762E+08  8.34750E+08  6.81942E+09
 0.250  39.500   4.690  1.06965E+11  7.07054E+09  1.31295E+09  1.66546E+09  9.85819E+10  4.76106E+08  6.88575E+08  8.64477E+08  5.96675E+09  2.36938E+09  1.02750E+09  1.29631E+09  2.43560E+10  6.53570E+08  7.62750E+08  9.58884E+08  7.97188E+09
 0.260  42.500   2.650  1.12758E+11  7.47860E+09  1.44285E+09  1.83834E+09  1.03837E+11  7.65736E+08  8.75979E+08  1.10493E+09  6.83563E+09  2.15837E+09  1.11877E+09  1.41819E+09  2.14345E+10  4.09212E+08  6.27695E+08  7.86898E+08  3.17804E+09
 0.270  44.000   4.279  1.14304E+11  7.40755E+09  1.60178E+09  2.05136E+09  1.05295E+11  6.91121E+08  1.03031E+09  1.30763E+09  7.73452E+09  1.81192E+09  1.26830E+09  1.61452E+09  2.27725E+10  6.74391E+08  1.01541E+09  1.28866E+09  7.43481E+09
 0.280  46.000   5.097  1.17104E+11  7.96981E+09  1.72211E+09  2.22312E+09  1.07412E+11  7.49191E+08  1.13986E+09  1.45932E+09  7.86180E+09  2.00158E+09  1.53727E+09  1.98040E+09  2.39547E+10  8.18949E+08  1.18078E+09  1.51229E+09  9.08676E+09
 0.290  47.500   4.685  1.17019E+11  8.05183E+09  2.14314E+09  2.73199E+09  1.06824E+11  1.14402E+09  1.55390E+09  1.96105E+09  1.06964E+10  2.70363E+09  1.95866E+09  2.48880E+09  2.79164E+10  1.12705E+09  1.54363E+09  1.94766E+09  1.04689E+10
 0.300  48.750   1.151  1.16618E+11  6.92488E+09  3.18938E+09  3.97468E+09  1.06504E+11  1.23367E+09  2.71216E+09  3.34728E+09  1.15765E+10  2.02974E+09  3.02282E+09  3.75425E+09  2.74406E+10  5.83682E+08  1.74723E+09  2.10419E+09  1.53490E+09
 0.310  50.750   0.892  1.18791E+11  6.08627E+09  3.79067E+09  4.79443E+09  1.08915E+11  5.93131E+08  3.31301E+09  4.16277E+09  1.20488E+10  1.22460E+09  3.59106E+09  4.52959E+09  2.67422E+10  2.12384E+08  2.06316E+09  2.53395E+09  1.02194E+09
 0.320  52.750   5.752  1.22806E+11  6.52730E+09  4.04405E+09  5.19662E+09  1.12234E+11  8.39075E+08  3.59390E+09  4.59610E+09  1.27796E+10  1.58971E+09  3.84947E+09  4.93670E+09  2.66493E+10  9.25604E+08  3.64474E+09  4.66398E+09  1.42181E+10
 0.330  55.250   4.206  1.30224E+11  7.19683E+09  4.20917E+09  5.47426E+09  1.18818E+11  1.08986E+09  3.79948E+09  4.92556E+09  1.43621E+10  1.65844E+09  4.03035E+09  5.23408E+09  2.80985E+10  8.96155E+08  3.63620E+09  4.70710E+09  1.01058E+10
 0.340  58.500   4.614  1.41497E+11  7.98590E+09  4.37937E+09  5.74647E+09  1.29132E+11  1.17214E+09  3.98424E+09  5.21542E+09  1.52695E+10  1.73281E+09  4.18283E+09  5.48281E+09  2.78274E+10  9.43106E+08  3.83125E+09  5.01029E+09  1.12853E+10
 0.350  64.000   3.401  1.68289E+11  9.37142E+09  4.86058E+09  6.36954E+09  1.54057E+11  7.69364E+08  4.45234E+09  5.81933E+09  1.70326E+10  1.15511E+09  4.61639E+09  6.04102E+09  2.80724E+10  4.57337E+08  3.94377E+09  5.13759E+09  7.49882E+09
 0.360  71.500   6.600  2.20771E+11  1.13862E+10  5.56489E+09  7.38137E+09  2.03820E+11  7.61411E+08  4.62965E+09  6.12151E+09  1.93129E+10  1.04141E+09  4.74702E+09  6.28106E+09  2.80786E+10  6.90647E+08  4.58933E+09  6.06686E+09  1.75405E+10
 0.370  75.750   6.974  2.46217E+11  1.32003E+10  5.74198E+09  7.65168E+09  2.27274E+11  1.12766E+09  4.81089E+09  6.39056E+09  2.17565E+10  1.40232E+09  4.91002E+09  6.52589E+09  3.04226E+10  1.03627E+09  4.77190E+09  6.33736E+09  1.95996E+10
 0.380  81.250   5.517  2.83317E+11  1.53697E+10  6.05544E+09  8.08148E+09  2.61892E+11  1.04119E+09  5.13892E+09  6.84210E+09  2.71767E+10  1.51449E+09  5.21309E+09  6.94324E+09  3.50091E+10  6.97541E+08  4.90502E+09  6.52348E+09  1.61447E+10
 0.390  88.000   8.887  3.36614E+11  1.89108E+10  7.10160E+09  9.50473E+09  3.10602E+11  8.39123E+08  5.24024E+09  7.01761E+09  2.39650E+10  1.07438E+09  5.27488E+09  7.06513E+09  2.79378E+10  8.54763E+08  5.24333E+09  7.02183E+09  2.42435E+10
 0.400  93.500  11.237  3.73800E+11  2.11725E+10  7.23997E+09  9.74802E+09  3.45388E+11  1.49752E+09  5.34702E+09  7.20932E+09  2.79074E+10  1.66869E+09  5.37146E+09  7.24299E+09  3.01853E+10  2.01016E+09  5.40978E+09  7.29573E+09  3.45192E+10
 0.410  97.750   8.118  4.01307E+11  2.29127E+10  7.58792E+09  1.02157E+10  3.70807E+11  2.48082E+09  6.01320E+09  8.09939E+09  3.39054E+10  2.56964E+09  6.02533E+09  8.11607E+09  3.48026E+10  1.94518E+09  5.90135E+09  7.94589E+09  2.72010E+10
 0.420 102.000  11.893  4.23850E+11  2.42592E+10  8.76345E+09  1.16314E+10  3.90827E+11  4.13361E+09  7.83525E+09  1.03597E+10  4.94344E+10  4.00557E+09  7.81623E+09  1.03341E+10  4.83091E+10  5.79019E+09  7.94112E+09  1.05017E+10  5.87316E+10
 0.430 107.000  10.989  4.56956E+11  2.62908E+10  9.65466E+09  1.28368E+10  4.21010E+11  5.17863E+09  7.79325E+09  1.03159E+10  3.86146E+10  4.72171E+09  7.74374E+09  1.02494E+10  3.55338E+10  5.36417E+09  7.81281E+09  1.03423E+10  3.98937E+10
 0.440 114.250  11.021  5.24386E+11  3.17307E+10  1.10483E+10  1.47846E+10  4.81607E+11  5.45878E+09  8.34392E+09  1.11047E+10  3.99722E+10  4.56873E+09  8.21724E+09  1.09350E+10  3.42269E+10  5.23772E+09  8.30983E+09  1.10589E+10  3.83454E+10
 0.450 120.750  11.317  5.84901E+11  3.72418E+10  1.15627E+10  1.55356E+10  5.36096E+11  8.66622E+09  9.08420E+09  1.21485E+10  4.64092E+10  6.95647E+09  8.74921E+09  1.16945E+10  3.73165E+10  8.02366E+09  8.93015E+09  1.19391E+10  4.30730E+10
 0.460 125.750  11.519  6.21022E+11  4.06577E+10  1.26576E+10  1.69482E+10  5.67707E+11  8.74527E+09  1.01254E+10  1.34757E+10  4.99312E+10  5.66672E+09  9.74626E+09  1.29785E+10  3.82672E+10  7.59224E+09  9.99309E+09  1.32993E+10  4.51407E+10
 0.470 129.500  14.275  6.42264E+11  4.42428E+10  1.30551E+10  1.75919E+10  5.84966E+11  7.46480E+09  1.04438E+10  1.40005E+10  5.32759E+10  4.64248E+09  9.96059E+09  1.33602E+10  3.88027E+10  8.66317E+09  1.06055E+10  1.42211E+10  6.00675E+10
 0.480 133.750  14.087  6.67594E+11  4.84863E+10  1.35489E+10  1.83083E+10  6.05559E+11  1.05502E+10  1.10977E+10  1.49282E+10  5.59030E+10  6.67571E+09  1.04111E+10  1.40129E+10  3.94645E+10  1.12369E+10  1.11807E+10  1.50412E+10  5.94166E+10
 0.490 137.750  10.285  6.95682E+11  5.08055E+10  1.48851E+10  1.99867E+10  6.29991E+11  1.03894E+10  1.23811E+10  1.65246E+10  5.84597E+10  7.91305E+09  1.18242E+10  1.57731E+10  4.04434E+10  8.09200E+09  1.18859E+10  1.58551E+10  4.17978E+10
 0.500 143.750  12.457  7.52013E+11  5.28504E+10  1.62863E+10  2.18540E+10  6.82876E+11  7.55313E+09  1.37589E+10  1.83522E+10  5.97490E+10  4.75873E+09  1.29448E+10  1.72519E+10  3.88818E+10  6.44666E+09  1.34642E+10  1.79492E+10  5.04472E+10
 0.510 152.500  10.260  8.52892E+11  5.50080E+10  1.73664E+10  2.34189E+10  7.80517E+11  8.81718E+09  1.45592E+10  1.95222E+10  6.40054E+10  6.34781E+09  1.36870E+10  1.83316E+10  3.92531E+10  6.57089E+09  1.37643E+10  1.84355E+10  4.04640E+10
 0.520 168.000  11.813  1.09064E+12  6.25726E+10  3.80981E+10  5.19271E+10  9.89973E+11  9.26723E+09  1.54406E+10  2.07943E+10  7.11689E+10  5.30967E+09  1.43730E+10  1.93326E+10  3.92980E+10  6.76646E+09  1.48141E+10  1.99284E+10  4.76563E+10
 0.530 173.000  10.881  1.13498E+12  6.20159E+10  3.87781E+10  5.30587E+10  1.03419E+12  9.30601E+09  1.58387E+10  2.14602E+10  7.30921E+10  5.16166E+09  1.46318E+10  1.97978E+10  3.87054E+10  5.79584E+09  1.48985E+10  2.01581E+10  4.27948E+10
 0.540 177.000  10.643  1.15066E+12  6.07945E+10  3.95204E+10  5.42284E+10  1.05035E+12  9.75035E+09  1.63605E+10  2.22404E+10  7.61065E+10  5.86815E+09  1.50667E+10  2.04459E+10  3.87628E+10  6.42882E+09  1.52874E+10  2.07461E+10  4.17658E+10
 0.550 180.250  14.331  1.15615E+12  5.91962E+10  4.05475E+10  5.57300E+10  1.05641E+12  9.14888E+09  1.70169E+10  2.31763E+10  7.92599E+10  4.83851E+09  1.56611E+10  2.12948E+10  3.91117E+10  7.54599E+09  1.66383E+10  2.26420E+10  6.04838E+10
 0.560 181.500  17.644  1.14357E+12  5.73335E+10  4.16498E+10  5.72852E+10  1.04458E+12  9.68838E+09  1.76028E+10  2.40296E+10  8.65451E+10  5.55609E+09  1.62637E+10  2.21620E+10  4.05919E+10  9.48708E+09  1.75560E+10  2.39632E+10  8.34058E+10
