  45
 0.120  5.00000E+00  1.91486E+09  4.05805E+01
 0.130  6.75000E+00  3.85036E+09  4.95259E+01
 0.140  8.00000E+00  5.11351E+09  5.24262E+01
 0.150  9.00000E+00  5.84779E+09  5.28578E+01
 0.160  1.00000E+01  6.64549E+09  5.34562E+01
 0.170  1.32500E+01  1.26828E+10  6.41554E+01
 0.180  1.67500E+01  2.20061E+10  7.51621E+01
 0.190  1.82500E+01  2.43939E+10  7.58130E+01
 0.200  2.00000E+01  2.69733E+10  7.61528E+01
 0.210  2.17500E+01  2.98735E+10  7.68507E+01
 0.220  2.62500E+01  4.73583E+10  8.80781E+01
 0.230  3.27500E+01  7.85447E+10  1.01552E+02
 0.240  3.70000E+01  9.80398E+10  1.06742E+02
 0.250  3.95000E+01  1.06965E+11  1.07909E+02
 0.260  4.25000E+01  1.12758E+11  1.06810E+02
 0.270  4.40000E+01  1.14304E+11  1.05691E+02
 0.280  4.60000E+01  1.17104E+11  1.04626E+02
 0.290  4.75000E+01  1.17019E+11  1.02924E+02
 0.300  4.87500E+01  1.16618E+11  1.01422E+02
 0.310  5.07500E+01  1.18791E+11  1.00325E+02
 0.320  5.27500E+01  1.22806E+11  1.00053E+02
 0.330  5.52500E+01  1.30224E+11  1.00673E+02
 0.340  5.85000E+01  1.41497E+11  1.01984E+02
 0.350  6.40000E+01  1.68289E+11  1.06334E+02
 0.360  7.15000E+01  2.20771E+11  1.15226E+02
 0.370  7.57500E+01  2.46217E+11  1.18223E+02
 0.380  8.12500E+01  2.83317E+11  1.22450E+02
 0.390  8.80000E+01  3.36614E+11  1.28251E+02
 0.400  9.35000E+01  3.73800E+11  1.31114E+02
 0.410  9.77500E+01  4.01307E+11  1.32866E+02
 0.420  1.02000E+02  4.23850E+11  1.33672E+02
 0.430  1.07000E+02  4.56956E+11  1.35513E+02
 0.440  1.14250E+02  5.24386E+11  1.40486E+02
 0.450  1.20750E+02  5.84901E+11  1.44322E+02
 0.460  1.25750E+02  6.21022E+11  1.45725E+02
 0.470  1.29500E+02  6.42264E+11  1.46035E+02
 0.480  1.33750E+02  6.67594E+11  1.46502E+02
 0.490  1.37750E+02  6.95682E+11  1.47365E+02
 0.500  1.43750E+02  7.52013E+11  1.49983E+02
 0.510  1.52500E+02  8.52892E+11  1.55077E+02
 0.520  1.68000E+02  1.09064E+12  1.67079E+02
 0.530  1.73000E+02  1.13498E+12  1.67960E+02
 0.540  1.77000E+02  1.15066E+12  1.67194E+02
 0.550  1.80250E+02  1.15615E+12  1.66075E+02
 0.560  1.81500E+02  1.14357E+12  1.64599E+02
