  45
 0.120 -8.40316E-02  1.31147E-01 -1.41717E-01 -1.65782E+01  1.95327E+00 -6.58383E+00   0.601  1.82552E+07  1.86964E+07  2.31248E+06  0.00000E+00  1.18805E+08  9.10995E-03  2.44652E+02   6.956   6.904
 0.130 -5.06617E-03 -9.96618E-03 -2.54677E-01 -4.68531E-01 -1.22788E+01  4.32143E+01   0.823  3.59507E+07  3.87342E+07  7.65668E+06  4.25887E+05  2.14580E+08  6.21610E-02  1.40029E+02   7.274   7.070
 0.140  2.07749E-01 -1.83847E-01  2.43077E-01 -4.62615E-01 -1.06946E+01  3.91140E+00   1.147  2.65448E+06  6.38996E+06  1.04424E+07  1.14781E+06  2.77266E+08  1.33788E-02  1.79501E+02   7.295   7.195
 0.150  2.02430E-01  1.41370E-01  4.66370E-01  6.12254E+00  2.90775E+01  8.40679E+00   1.295  6.65519E+06  6.14210E+06  1.15297E+07  2.81719E+06  3.21579E+08  0.00000E+00  2.81098E+02   6.862   7.182
 0.160 -1.36546E-01  1.88105E-01 -5.72286E-02  6.77025E-01 -3.45243E+00 -2.70446E+01   1.258  1.04004E+08  1.06270E+08  1.68357E+07  3.17391E+06  4.07128E+08  8.85800E-02  2.78800E+02   7.228   7.136
 0.170  6.49184E-02  1.66869E-01  9.20484E-03 -2.62694E+01 -2.32105E+01  6.05183E+00   1.716  5.51814E+07  5.76064E+07  2.71723E+07  6.71192E+06  6.30105E+08  2.73030E-02  3.27135E+02   7.281   7.207
 0.180 -4.56186E-01 -1.64030E-01 -1.45077E-01 -6.09856E+00 -2.02317E+01  1.59240E+01   2.119  2.08977E+08  2.04851E+08  3.93295E+07  1.31471E+07  1.17017E+09  6.58772E-02  3.74232E+02   7.296   7.219
 0.190  2.97021E-01 -2.19059E-01  3.83278E-01 -1.97984E+01  1.08875E+01 -9.16810E+00   2.013  1.30475E+08  1.60636E+08  6.90170E+07  6.19976E+06  9.09699E+08  3.75420E-01  2.38591E+02   7.673   7.496
 0.200 -4.18103E-01 -3.38183E-01 -3.81600E-01 -2.28542E+01 -1.20732E+01  6.59801E+00   2.622  1.37662E+08  1.27277E+08  1.51525E+08  9.30960E+07  2.10024E+09  4.72131E-02  4.20319E+02   7.536   7.429
 0.210 -3.30367E-01 -4.33968E-01  1.26605E-01 -1.84188E+01 -9.45255E+00  5.48682E+01   3.052  2.39527E+08  2.19030E+08  1.37670E+08  8.46112E+07  2.59009E+09  7.34859E-02  5.34681E+02   7.507   7.425
 0.220 -2.96850E-01 -6.06562E-02 -5.59226E-03 -6.19943E+00  1.29672E+01 -4.49220E+00   3.289  4.68701E+08  4.45044E+08  1.90042E+08  1.02750E+08  3.20681E+09  3.56208E-01  5.52030E+02   7.598   7.450
 0.230  1.92399E-01  7.09708E-01  2.09430E-01  6.51246E+01 -1.84813E+01 -5.80963E+01   3.440  1.07208E+09  1.09016E+09  3.31177E+08  1.48924E+08  5.13828E+09  1.31987E+00  4.93465E+02   7.675   7.509
 0.240  1.07312E+00  4.42328E-01 -1.21339E+00 -2.28025E+01 -4.57856E+01  1.00229E+01   4.221  5.80079E+08  8.28909E+08  6.87762E+08  1.73056E+08  6.81942E+09  1.99166E+00  3.46492E+02   7.877   7.775
 0.250 -4.80217E-01  2.58263E-01 -5.81552E-01 -3.72258E+01  2.05596E+01 -3.02766E+01   4.690  6.53570E+08  5.86973E+08  7.62750E+08  2.38741E+08  7.97188E+09  2.12560E-01  4.71914E+02   7.819   7.761
 0.260 -3.47994E-01  1.90190E-01 -1.77038E-01 -2.42241E+00 -5.74951E-01  3.42795E+01   2.650  4.09212E+08  4.81824E+08  6.27695E+08  1.38387E+08  3.17804E+09  1.44955E+00  5.04064E+02   8.046   7.842
 0.270 -8.01222E-02 -1.86333E-01  3.23858E-01 -1.55907E+01  1.22819E+01 -2.87952E+00   4.279  6.74391E+08  7.07485E+08  1.01541E+09  2.71852E+08  7.43481E+09  1.33668E+00  5.88038E+02   8.004   7.834
 0.280  1.95838E-01  3.48082E-02  2.76726E-01 -1.84780E+00  4.89716E+00  1.62801E+01   5.097  8.18949E+08  7.87112E+08  1.18078E+09  3.14371E+08  9.08676E+09  9.30946E-01  6.62481E+02   8.006   7.864
 0.290  2.48775E-01  2.80650E-02 -5.23861E-01 -6.25069E+00  1.17854E-01  1.25068E+01   4.685  1.12705E+09  1.35601E+09  1.54363E+09  3.47640E+08  1.04689E+10  3.92592E+00  6.33176E+02   8.133   8.005
 0.300  8.62736E-03 -4.51467E-03 -6.65754E-03 -1.92549E+00 -1.79612E+00 -8.25244E+00   1.151  5.83682E+08  1.32193E+09  1.74723E+09  9.87295E+07  1.53490E+09  9.40260E+00  3.42903E+02   8.572   8.337
 0.310  4.42794E-03  2.20572E-04  4.83938E-04  7.49148E-02 -3.38403E+00 -7.17531E+00   0.892  2.12384E+08  6.27882E+08  2.06316E+09  9.23432E+07  1.02194E+09  4.05937E+00  3.45210E+02   8.935   8.526
 0.320 -1.13303E-01  1.82193E-02  1.51669E-01  1.25269E+01 -3.17882E+00  1.18065E+01   5.752  9.25604E+08  1.03916E+09  3.64474E+09  7.41081E+08  1.42181E+10  2.43926E+00  6.65739E+02   8.262   8.446
 0.330  1.90223E-01 -2.40718E-01  1.49675E-01 -1.23340E+01  7.33905E+00  5.06196E+00   4.206  8.96155E+08  9.81204E+08  3.63620E+09  6.21680E+08  1.01058E+10  1.77090E+00  7.48428E+02   8.156   8.488
 0.340 -2.61932E-01 -2.03613E-02 -3.57915E-02  1.40031E+01 -2.25191E+01  5.50638E+01   4.614  9.43106E+08  9.95345E+08  3.83125E+09  6.51367E+08  1.12853E+10  1.38607E+00  8.62642E+02   8.085   8.486
 0.350 -2.64161E-02  8.62156E-02 -8.98568E-02 -1.11429E+00 -7.29006E+00  8.98038E+00   3.401  4.57337E+08  7.90026E+08  3.94377E+09  5.00157E+08  7.49882E+09  4.72053E+00  8.76579E+02   8.412   8.494
 0.360  3.71894E-01 -6.01677E-01  1.15682E+00  7.34388E+00 -4.89558E+00 -1.54837E+01   6.600  6.90647E+08  6.94148E+08  4.58933E+09  8.17304E+08  1.75405E+10  1.11739E+00  1.06061E+03   8.219   8.472
 0.370  3.16635E-01 -2.60972E-01  1.93175E-01  2.90890E+01 -2.36622E+01  2.01572E+01   6.974  1.03627E+09  1.05726E+09  4.77190E+09  8.30306E+08  1.95996E+10  2.23822E+00  1.16574E+03   8.103   8.477
 0.380  1.91302E-02 -3.71998E-01 -2.56562E-01  1.51062E+01 -1.30721E+01 -2.01168E+01   5.517  6.97541E+08  8.32722E+08  4.90502E+09  7.55796E+08  1.61447E+10  2.81149E+00  1.23536E+03   8.260   8.483
 0.390 -5.32923E-01  2.00487E-02 -1.80771E+00  3.39479E+01  1.82718E+01 -1.69194E+01   8.887  8.54763E+08  7.96001E+08  5.24333E+09  8.89411E+08  2.42435E+10  9.13268E-01  1.37306E+03   8.108   8.484
 0.400  7.99235E-01  9.29587E-02 -2.34698E+00  3.45460E+00  4.25799E+01  6.13089E+00  11.237  2.01016E+09  1.75288E+09  5.40978E+09  1.00331E+09  3.45192E+10  6.54089E-01  1.53105E+03   7.883   8.482
 0.410 -1.74960E-01  7.03786E-01  8.53472E-01  1.80651E+01 -1.01511E+01 -2.17372E+01   8.118  1.94518E+09  1.97859E+09  5.90135E+09  1.19887E+09  2.72010E+10  2.53491E+00  1.60232E+03   7.979   8.470
 0.420  1.15774E+00  7.27458E-02  1.00038E+00  1.77848E+01  8.17186E+00 -2.73430E+01  11.893  5.79019E+09  6.14026E+09  7.94112E+09  2.05452E+09  5.87316E+10  1.14226E+01  1.46437E+03   8.017   8.419
 0.430  7.22938E-01 -3.15765E-01  6.24986E-01  4.16203E+00 -2.33308E+01  7.57052E+00  10.989  5.36417E+09  5.27287E+09  7.81281E+09  1.19013E+09  3.98937E+10  4.33354E+00  1.48569E+03   8.038   8.495
 0.440  6.65944E-01 -2.37442E-01  8.50144E-02 -4.87655E+00  1.86319E+00  1.58708E+01  11.021  5.23772E+09  5.07769E+09  8.30983E+09  1.26070E+09  3.83454E+10  3.85479E+00  1.55418E+03   8.033   8.501
 0.450 -3.29289E-01  2.17458E-01  5.09403E-01 -2.12257E+00  2.48618E-01  9.88665E+00  11.317  8.02366E+09  7.63921E+09  8.93015E+09  1.47083E+09  4.30730E+10  3.99356E+00  1.64140E+03   7.968   8.488
 0.460  8.00325E-01 -1.37427E+00 -2.25857E-01 -2.02284E+01  1.60027E+01 -3.62054E+01  11.519  7.59224E+09  7.47681E+09  9.99309E+09  1.51725E+09  4.51407E+10  6.57044E+00  1.62617E+03   8.070   8.463
 0.470  3.01607E-02 -1.98033E-01 -3.81457E-01  1.69295E+01  9.20513E+00 -1.28941E+01  14.275  8.66317E+09  8.04565E+09  1.06055E+10  1.74716E+09  6.00675E+10  2.79382E+00  1.72930E+03   8.040   8.453
 0.480 -5.47026E-02  2.29213E-01 -4.63980E-01 -1.37558E+01 -3.37028E+00 -3.18118E+01  14.087  1.12369E+10  1.06243E+10  1.11807E+10  1.85903E+09  5.94166E+10  5.30881E+00  1.81677E+03   8.032   8.442
 0.490  3.66432E-01  2.64262E-01 -3.81197E-01 -9.49555E+00  1.29203E+01 -3.78571E+01  10.285  8.09200E+09  8.32338E+09  1.18859E+10  1.43532E+09  4.17978E+10  1.33038E+01  1.76513E+03   8.140   8.435
 0.500  8.30422E-02 -1.32321E-01 -3.08239E-02  4.97765E+00  1.34302E+01 -1.30677E+01  12.457  6.44666E+09  6.52480E+09  1.34642E+10  1.66047E+09  5.04472E+10  8.20172E+00  1.75009E+03   8.230   8.430
 0.510  3.78774E-01 -1.07082E-01  7.77793E-02  1.14161E+01 -8.03721E+00 -1.50538E+01  10.260  6.57089E+09  6.62979E+09  1.37643E+10  1.42157E+09  4.04640E+10  6.36642E+00  1.81491E+03   8.231   8.443
 0.520  7.25189E-01 -2.36543E-01  3.22431E-01 -2.92046E-01 -1.08622E+01 -1.08111E+01  11.813  6.76646E+09  6.58545E+09  1.48141E+10  1.63571E+09  4.76563E+10  4.56053E+00  1.88349E+03   8.255   8.432
 0.530 -1.43526E-01  6.29364E-01  5.14606E-01 -1.29102E+01  6.31878E+00  2.31092E+00  10.881  5.79584E+09  5.53676E+09  1.48985E+10  1.51019E+09  4.27948E+10  3.03036E+00  1.99314E+03   8.256   8.437
 0.540 -4.51712E-01  8.93556E-01 -2.86335E-01 -1.38228E+01  5.15852E+00 -1.44884E+01  10.643  6.42882E+09  6.27030E+09  1.52874E+10  1.48297E+09  4.17658E+10  4.84168E+00  2.08976E+03   8.268   8.436
 0.550 -3.06063E-01  1.34194E+00  1.27501E-01 -1.99539E+01  3.42624E+00 -2.02446E+01  14.331  7.54599E+09  7.13178E+09  1.66383E+10  1.91148E+09  6.04838E+10  3.53641E+00  2.18180E+03   8.259   8.419
 0.560 -1.50175E-01 -3.27088E-01  3.08221E-01  1.27115E+01 -1.46644E+01 -6.35971E+01  17.644  9.48708E+09  8.99469E+09  1.75560E+10  2.24762E+09  8.34058E+10  5.07090E+00  2.29987E+03   8.254   8.411
