  45
 0.120  7.50000E-01  2.41645E+07  2.48975E+06  2.95266E+06  2.39574E+07  7.31896E+05  1.65279E+08  1.17039E-02
 0.130  1.01250E+00  4.36784E+07  9.07120E+06  1.04381E+07  4.05727E+07  6.27385E+06  3.14013E+08  7.75840E-02
 0.140  1.20000E+00  3.79051E+06  1.08474E+07  1.29288E+07  3.20024E+06  4.33044E+06  2.99048E+08  1.35067E-02
 0.150  1.35000E+00  8.60737E+06  1.20604E+07  1.48266E+07  7.99165E+06  5.48877E+04  3.44026E+08  0.00000E+00
 0.160  1.50000E+00  1.25004E+08  1.97079E+07  2.36907E+07  1.20824E+08  6.10957E+06  5.56528E+08  1.05746E-01
 0.170  1.98750E+00  7.27621E+07  3.01343E+07  3.69953E+07  6.87578E+07  5.88636E+06  7.90894E+08  2.88085E-02
 0.180  2.51250E+00  2.72335E+08  4.64482E+07  5.73011E+07  2.58275E+08  6.44971E+06  1.59285E+09  8.55000E-02
 0.190  2.73750E+00  1.75712E+08  8.39566E+07  1.00025E+08  1.57869E+08  4.75915E+07  1.63558E+09  4.21551E-01
 0.200  3.00000E+00  1.77300E+08  1.59655E+08  1.99588E+08  1.57171E+08  4.16042E+06  2.46987E+09  5.63739E-02
 0.210  3.26250E+00  2.84931E+08  1.44224E+08  1.82751E+08  2.52373E+08  7.63094E+06  2.85480E+09  9.26664E-02
 0.220  3.93750E+00  6.19921E+08  2.13586E+08  2.69615E+08  5.45795E+08  2.63096E+07  4.15766E+09  3.71582E-01
 0.230  4.91250E+00  1.61890E+09  4.16209E+08  5.17147E+08  1.46612E+09  9.51008E+07  9.22053E+09  1.41054E+00
 0.240  5.55000E+00  9.08457E+08  7.87964E+08  9.58861E+08  8.00056E+08  3.17887E+08  1.07389E+10  2.22175E+00
 0.250  5.92500E+00  1.02840E+09  8.66375E+08  1.09095E+09  8.70123E+08  2.03691E+07  1.16783E+10  2.17793E-01
 0.260  6.37500E+00  1.37391E+09  9.97925E+08  1.26215E+09  1.18289E+09  1.15901E+08  1.20253E+10  1.62107E+00
 0.270  6.60000E+00  1.09018E+09  1.17122E+09  1.48817E+09  9.29734E+08  1.23921E+08  1.35044E+10  1.56856E+00
 0.280  6.90000E+00  1.18478E+09  1.29064E+09  1.65566E+09  9.80377E+08  7.84318E+07  1.39462E+10  9.40246E-01
 0.290  7.12500E+00  2.06854E+09  1.83177E+09  2.32398E+09  1.81246E+09  3.64486E+08  1.89297E+10  4.18932E+00
 0.300  7.31250E+00  1.61606E+09  2.92483E+09  3.62554E+09  1.40263E+09  8.86989E+08  1.93139E+10  1.05493E+01
 0.310  7.61250E+00  9.43230E+08  3.52294E+09  4.44011E+09  7.79799E+08  4.47683E+08  1.97837E+10  4.27891E+00
 0.320  7.91250E+00  1.35820E+09  3.78312E+09  4.84828E+09  1.13519E+09  2.33180E+08  2.06476E+10  2.45300E+00
 0.330  8.28750E+00  1.47061E+09  3.97770E+09  5.16365E+09  1.23590E+09  1.58655E+08  2.30622E+10  1.81247E+00
 0.340  8.77500E+00  1.56165E+09  4.14755E+09  5.43519E+09  1.32181E+09  1.40812E+08  2.42510E+10  1.40301E+00
 0.350  9.60000E+00  1.11640E+09  4.60642E+09  6.02757E+09  8.62602E+08  3.83138E+08  2.68977E+10  4.76245E+00
 0.360  1.07250E+01  1.10022E+09  4.76258E+09  6.30220E+09  8.25756E+08  1.03937E+08  3.02138E+10  1.12186E+00
 0.370  1.13625E+01  1.54227E+09  4.94622E+09  6.57536E+09  1.21222E+09  1.65758E+08  3.54216E+10  2.24404E+00
 0.380  1.21875E+01  2.27317E+09  5.25863E+09  7.00540E+09  1.89655E+09  2.32165E+08  4.39845E+10  2.84666E+00
 0.390  1.32000E+01  1.85350E+09  5.34074E+09  7.15563E+09  1.44073E+09  9.13363E+07  3.95061E+10  9.14371E-01
 0.400  1.40250E+01  2.65174E+09  5.47950E+09  7.39135E+09  2.15015E+09  5.63135E+07  4.43057E+10  6.54194E-01
 0.410  1.46625E+01  4.40637E+09  6.19256E+09  8.34510E+09  3.72868E+09  2.50640E+08  5.36786E+10  2.60963E+00
 0.420  1.53000E+01  8.34388E+09  8.10903E+09  1.07323E+10  7.38121E+09  1.00700E+09  7.67379E+10  1.14348E+01
 0.430  1.60500E+01  8.88588E+09  8.16530E+09  1.08116E+10  7.84151E+09  4.85250E+08  6.35551E+10  4.63026E+00
 0.440  1.71375E+01  8.77762E+09  8.72737E+09  1.16223E+10  7.66732E+09  3.55744E+08  6.25502E+10  4.01514E+00
 0.450  1.81125E+01  1.18863E+10  9.66515E+09  1.29440E+10  1.04441E+10  3.27437E+08  7.22256E+10  4.05109E+00
 0.460  1.88625E+01  1.27117E+10  1.06646E+10  1.42162E+10  1.07386E+10  7.20395E+08  7.85963E+10  6.84933E+00
 0.470  1.94250E+01  1.24111E+10  1.11747E+10  1.50045E+10  1.08653E+10  3.09965E+08  8.91517E+10  2.94560E+00
 0.480  2.00625E+01  1.51548E+10  1.16858E+10  1.57407E+10  1.32400E+10  4.35692E+08  8.91579E+10  5.41995E+00
 0.490  2.06625E+01  1.44148E+10  1.29745E+10  1.73484E+10  1.22626E+10  1.07265E+09  9.19024E+10  1.35019E+01
 0.500  2.15625E+01  1.13546E+10  1.43596E+10  1.91917E+10  9.70193E+09  8.11045E+08  9.48679E+10  8.23422E+00
 0.510  2.28750E+01  1.12239E+10  1.50993E+10  2.02798E+10  9.91328E+09  5.55331E+08  1.00276E+11  6.44948E+00
 0.520  2.52000E+01  1.20181E+10  1.59288E+10  2.14834E+10  9.98102E+09  4.64312E+08  1.10623E+11  4.69319E+00
 0.530  2.59500E+01  1.18866E+10  1.63329E+10  2.21593E+10  1.00600E+10  3.04858E+08  1.14022E+11  3.05236E+00
 0.540  2.65500E+01  1.21767E+10  1.67721E+10  2.28245E+10  1.03939E+10  4.12756E+08  1.18679E+11  4.86287E+00
 0.550  2.70375E+01  1.16367E+10  1.74209E+10  2.37503E+10  9.84632E+09  3.87267E+08  1.27933E+11  3.54107E+00
 0.560  2.72250E+01  1.44253E+10  1.83098E+10  2.50257E+10  1.25299E+10  4.74940E+08  1.51420E+11  5.12731E+00
