  45
 0.120 -8.40316E-02  1.31147E-01 -1.41717E-01 -1.65782E+01  1.95327E+00 -6.58383E+00 -9.28383E-01  1.83835E-02  3.71170E-01  7.42458E+00   0.601   0.454  1.88600E+07  1.87395E+07  1.69583E+05  0.00000E+00  1.00597E+07  1.06063E-04  3.94361E+02   6.945   6.864
 0.130 -5.06617E-03 -9.96618E-03 -2.54677E-01 -4.68531E-01 -1.22788E+01  4.32143E+01 -7.09839E-01  6.84185E-01  1.67390E-01  9.23456E+00   0.823   0.495  3.44584E+07  3.27599E+07  7.70042E+05  2.60503E+05  2.43595E+07  5.60920E-03  1.41689E+02   7.259   6.954
 0.140  2.07749E-01 -1.83847E-01  2.43077E-01 -4.62615E-01 -1.06946E+01  3.91140E+00  2.06023E-01 -9.43674E-01 -2.58909E-01  1.93192E+01   1.147   0.907  3.15106E+06  3.22550E+06  1.58301E+06  3.77466E+05  2.38607E+07  4.53870E-03  1.80573E+02   7.219   7.222
 0.150  2.02430E-01  1.41370E-01  4.66370E-01  6.12254E+00  2.90775E+01  8.40679E+00 -2.95593E-01 -8.86426E-01 -3.56193E-01  2.77619E+01   1.295   1.188  1.27896E+07  1.21359E+07  1.20819E+06  2.76821E+05  3.50012E+07  0.00000E+00  2.78581E+02   6.869   7.202
 0.160 -1.36546E-01  1.88105E-01 -5.72286E-02  6.77025E-01 -3.45243E+00 -2.70446E+01 -4.48774E-01 -8.62595E-01 -2.33518E-01  2.71173E+01   1.258   0.558  9.43137E+07  9.48602E+07  3.92284E+06  3.66940E+05  2.21148E+07  4.98280E-02  1.19641E+02   7.219   7.100
 0.170  6.49184E-02  1.66869E-01  9.20484E-03 -2.62694E+01 -2.32105E+01  6.05183E+00  2.46144E-01  8.96752E-01  3.67762E-01  1.08261E+01   1.716   1.217  5.65110E+07  5.33340E+07  2.35720E+06  7.53752E+05  7.67366E+07  5.32674E-04  3.72648E+02   7.281   7.227
 0.180 -4.56186E-01 -1.64030E-01 -1.45077E-01 -6.09856E+00 -2.02317E+01  1.59240E+01  5.37047E-01  7.45400E-01  3.94917E-01  2.10856E+01   2.119   1.574  2.16355E+08  2.05959E+08  4.54225E+06  2.11101E+06  1.11156E+08  3.42958E-03  3.50722E+02   7.291   7.209
 0.190  2.97021E-01 -2.19059E-01  3.83278E-01 -1.97984E+01  1.08875E+01 -9.16810E+00  3.12785E-01 -8.46373E-01 -4.31067E-01  1.91938E+01   2.013   1.347  1.16392E+08  1.11491E+08  5.73638E+06  5.70501E+05  7.26629E+07  4.47795E-02  1.96995E+02   7.659   7.456
 0.200 -4.18103E-01 -3.38183E-01 -3.81600E-01 -2.28542E+01 -1.20732E+01  6.59801E+00 -5.01110E-01  8.50552E-01 -1.59530E-01  5.70995E+01   2.622   1.186  1.29202E+08  1.19710E+08  2.34484E+07  1.75180E+07  2.91815E+08  1.82817E-02  4.63963E+02   7.543   7.374
 0.210 -3.30367E-01 -4.33968E-01  1.26605E-01 -1.84188E+01 -9.45255E+00  5.48682E+01 -6.47525E-01  7.11433E-01 -2.73082E-01  1.29479E+02   3.052   1.418  2.23384E+08  2.07123E+08  1.82644E+07  1.24184E+07  2.65876E+08  3.10486E-02  5.00105E+02   7.492   7.403
 0.220 -2.96850E-01 -6.06562E-02 -5.59226E-03 -6.19943E+00  1.29672E+01 -4.49220E+00 -6.35908E-01  6.36098E-01 -4.37036E-01  9.43677E+01   3.289   1.988  4.54874E+08  4.22744E+08  3.14617E+07  1.10548E+07  3.27648E+08  2.01790E-01  3.83058E+02   7.592   7.462
 0.230  1.92399E-01  7.09708E-01  2.09430E-01  6.51246E+01 -1.84813E+01 -5.80963E+01 -4.80517E-01  7.40164E-01 -4.70384E-01  1.08072E+02   3.440   2.090  1.02781E+09  9.80112E+08  4.56495E+07  1.78664E+07  5.71659E+08  2.50432E-01  3.75151E+02   7.679   7.519
 0.240  1.07312E+00  4.42328E-01 -1.21339E+00 -2.28025E+01 -4.57856E+01  1.00229E+01 -7.25696E-01  4.37007E-01 -5.31405E-01  1.34834E+02   4.221   1.515  5.07397E+08  5.19079E+08  5.00231E+07  5.77468E+06  4.27497E+08  6.48390E-01  1.57447E+02   7.852   7.774
 0.250 -4.80217E-01  2.58263E-01 -5.81552E-01 -3.72258E+01  2.05596E+01 -3.02766E+01 -8.64575E-01 -3.02351E-02 -5.01594E-01  9.15237E+01   4.690   3.579  7.15307E+08  6.21724E+08  5.67812E+07  1.62287E+07  4.93426E+08  1.96458E-02  4.17171E+02   7.802   7.826
 0.260 -3.47994E-01  1.90190E-01 -1.77038E-01 -2.42241E+00 -5.74951E-01  3.42795E+01  2.66215E-01  5.29919E-01 -8.05180E-01  2.41794E+01   2.650   2.075  4.20814E+08  3.93741E+08  2.71360E+07  7.15264E+06  2.18986E+08  1.29710E-01  5.74300E+02   8.044   7.790
 0.270 -8.01222E-02 -1.86333E-01  3.23858E-01 -1.55907E+01  1.22819E+01 -2.87952E+00 -9.56468E-01 -4.31900E-03  2.91806E-01  1.52388E+01   4.279   1.679  5.92725E+08  5.52628E+08  6.13710E+07  1.34311E+07  3.95904E+08  1.60739E-01  5.52818E+02   8.014   7.869
 0.280  1.95838E-01  3.48082E-02  2.76726E-01 -1.84780E+00  4.89716E+00  1.62801E+01  3.22041E-01 -7.63077E-01 -5.60359E-01  2.68559E+01   5.097   2.724  7.54225E+08  6.71317E+08  9.31725E+07  2.48170E+07  7.41926E+08  1.68838E-01  6.49575E+02   8.007   7.869
 0.290  2.48775E-01  2.80650E-02 -5.23861E-01 -6.25069E+00  1.17854E-01  1.25068E+01  6.66566E-01  7.08561E-01 -2.31582E-01  4.28781E+01   4.685   2.821  1.08902E+09  1.02286E+09  1.63757E+08  3.46069E+07  9.24581E+08  3.77336E-01  6.33415E+02   8.137   7.938
 0.300  8.62736E-03 -4.51467E-03 -6.65754E-03 -1.92549E+00 -1.79612E+00 -8.25244E+00 -3.33292E-01  6.34087E-01 -6.97747E-01  1.98913E+01   1.151   0.211  5.35773E+08  8.87740E+08  4.62156E+08  4.83396E+06  6.73420E+07  5.10563E+00  1.03632E+02   8.592   8.505
 0.310  4.42794E-03  2.20572E-04  4.83938E-04  7.49148E-02 -3.38403E+00 -7.17531E+00 -1.65697E-01  1.26417E-01 -9.78041E-01  1.33965E+01   0.892   0.061  1.89144E+08  4.34872E+08  6.26642E+08  2.45261E+06  2.31124E+07  2.48263E+00  1.48943E+02   8.942   8.685
 0.320 -1.13303E-01  1.82193E-02  1.51669E-01  1.25269E+01 -3.17882E+00  1.18065E+01  5.11816E-01  8.35921E-01  1.98191E-01  1.35967E+02   5.752   1.729  7.54987E+08  7.01364E+08  3.00820E+08  1.23977E+08  1.14797E+09  2.54791E-01  6.85128E+02   8.323   8.241
 0.330  1.90223E-01 -2.40718E-01  1.49675E-01 -1.23340E+01  7.33905E+00  5.06196E+00  4.95950E-01  8.21322E-01  2.81891E-01  2.03427E+02   4.206   0.996  7.51823E+08  7.81626E+08  3.39330E+08  9.82790E+07  7.21225E+08  9.70962E-01  6.19515E+02   8.188   8.283
 0.340 -2.61932E-01 -2.03613E-02 -3.57915E-02  1.40031E+01 -2.25191E+01  5.50638E+01  4.58969E-01  8.20565E-01  3.40619E-01  1.95748E+02   4.614   1.611  8.21745E+08  8.44748E+08  4.72361E+08  1.18547E+08  9.72136E+08  8.48177E-01  6.26300E+02   8.101   8.229
 0.350 -2.64161E-02  8.62156E-02 -8.98568E-02 -1.11429E+00 -7.29006E+00  8.98038E+00  9.71795E-01  2.07074E-01 -1.12850E-01  3.99985E+01   3.401   0.962  3.81110E+08  4.63273E+08  3.20328E+08  4.06546E+07  4.02306E+08  1.70324E+00  6.36077E+02   8.454   8.499
 0.360  3.71894E-01 -6.01677E-01  1.15682E+00  7.34388E+00 -4.89558E+00 -1.54837E+01  6.15519E-01  7.77991E-01  1.25959E-01  2.05157E+02   6.600   1.763  5.83546E+08  5.51217E+08  4.68659E+08  1.08306E+08  1.32206E+09  4.57197E-01  8.49859E+02   8.254   8.422
 0.370  3.16635E-01 -2.60972E-01  1.93175E-01  2.90890E+01 -2.36622E+01  2.01572E+01  6.40492E-01  7.29868E-01  2.38878E-01  2.27310E+02   6.974   1.059  8.19137E+08  8.30786E+08  4.82420E+08  9.62230E+07  1.00739E+09  1.23624E+00  8.49440E+02   8.141   8.403
 0.380  1.91302E-02 -3.71998E-01 -2.56562E-01  1.51062E+01 -1.30721E+01 -2.01168E+01  8.59586E-01  4.76075E-01 -1.85649E-01  1.23654E+02   5.517   2.110  5.85693E+08  5.90960E+08  4.98616E+08  1.04731E+08  1.23984E+09  1.09094E+00  9.63350E+02   8.291   8.377
 0.390 -5.32923E-01  2.00487E-02 -1.80771E+00  3.39479E+01  1.82718E+01 -1.69194E+01  9.73615E-01 -1.88560E-01  1.28525E-01  3.72169E+02   8.887   6.648  9.14122E+08  7.68330E+08  4.06565E+08  7.88763E+07  1.99158E+09  2.23310E-01  1.15773E+03   8.092   8.488
 0.400  7.99235E-01  9.29587E-02 -2.34698E+00  3.45460E+00  4.25799E+01  6.13089E+00  9.89199E-01 -6.24074E-02  1.32628E-01  5.26437E+02  11.237   5.829  1.90024E+09  1.63823E+09  5.25150E+08  1.09869E+08  2.83676E+09  8.01600E-02  1.23108E+03   7.886   8.472
 0.410 -1.74960E-01  7.03786E-01  8.53472E-01  1.80651E+01 -1.01511E+01 -2.17372E+01  9.52156E-01  3.03368E-01  3.69820E-02  3.63601E+02   8.118   3.864  1.78509E+09  1.66430E+09  5.66405E+08  1.37154E+08  2.30426E+09  7.02136E-01  1.34435E+03   7.996   8.370
 0.420  1.15774E+00  7.27458E-02  1.00038E+00  1.77848E+01  8.17186E+00 -2.73430E+01  5.87612E-01  8.09112E-01 -7.04880E-03  7.18642E+02  11.893   5.136  5.19347E+09  4.99803E+09  7.63005E+08  1.25048E+08  4.06646E+09  3.94907E+00  9.85338E+02   8.035   8.398
 0.430  7.22938E-01 -3.15765E-01  6.24986E-01  4.16203E+00 -2.33308E+01  7.57052E+00  7.82592E-01  5.90564E-01 -1.96933E-01  7.41380E+02  10.989   5.399  5.01120E+09  4.81635E+09  1.20654E+09  1.33895E+08  3.47210E+09  2.62019E+00  8.44135E+02   8.043   8.471
 0.440  6.65944E-01 -2.37442E-01  8.50144E-02 -4.87655E+00  1.86319E+00  1.58708E+01  8.26248E-01  5.34094E-01 -1.79045E-01  7.81350E+02  11.021   3.150  4.61781E+09  4.53446E+09  1.61207E+09  1.42927E+08  2.80974E+09  3.04097E+00  7.86608E+02   8.038   8.477
 0.450 -3.29289E-01  2.17458E-01  5.09403E-01 -2.12257E+00  2.48618E-01  9.88665E+00  6.63173E-01  7.12392E-01 -2.29564E-01  9.24547E+02  11.317   3.425  6.98584E+09  6.81288E+09  1.88293E+09  1.89188E+08  3.17896E+09  3.47826E+00  7.97393E+02   7.983   8.425
 0.460  8.00325E-01 -1.37427E+00 -2.25857E-01 -2.02284E+01  1.60027E+01 -3.62054E+01  6.48317E-01  7.43518E-01 -1.63911E-01  9.45803E+02  11.519   5.600  7.06929E+09  7.03781E+09  2.82980E+09  2.05240E+08  4.00760E+09  6.17627E+00  6.69814E+02   8.072   8.334
 0.470  3.01607E-02 -1.98033E-01 -3.81457E-01  1.69295E+01  9.20513E+00 -1.28941E+01  4.42184E-01  8.95926E-01 -4.23114E-02  1.01907E+03  14.275   6.075  8.07934E+09  7.56372E+09  2.67579E+09  2.55942E+08  4.88429E+09  2.24159E+00  7.58026E+02   8.038   8.299
 0.480 -5.47026E-02  2.29213E-01 -4.63980E-01 -1.37558E+01 -3.37028E+00 -3.18118E+01  5.12118E-01  8.58800E-01 -1.40700E-02  1.04493E+03  14.087   5.738  9.88166E+09  9.45282E+09  3.24337E+09  2.66996E+08  4.86791E+09  4.66708E+00  7.83736E+02   8.047   8.284
 0.490  3.66432E-01  2.64262E-01 -3.81197E-01 -9.49555E+00  1.29203E+01 -3.78571E+01  6.99974E-01  7.11934E-01  5.64384E-02  6.29388E+02  10.285   3.777  7.13422E+09  7.32869E+09  3.96909E+09  1.84882E+08  3.49621E+09  1.02666E+01  7.38983E+02   8.154   8.255
 0.500  8.30422E-02 -1.32321E-01 -3.08239E-02  4.97765E+00  1.34302E+01 -1.30677E+01  7.35995E-01  6.76330E-01  2.97986E-02  6.97456E+02  12.457   5.530  5.78109E+09  5.78707E+09  5.07911E+09  2.76126E+08  4.36276E+09  6.41401E+00  7.65039E+02   8.236   8.302
 0.510  3.78774E-01 -1.07082E-01  7.77793E-02  1.14161E+01 -8.03721E+00 -1.50538E+01  7.61192E-01  6.47244E-01 -4.07727E-02  8.63713E+02  10.260   2.060  5.55334E+09  5.74727E+09  4.82757E+09  1.66145E+08  2.60763E+09  5.64597E+00  8.35606E+02   8.227   8.332
 0.520  7.25189E-01 -2.36543E-01  3.22431E-01 -2.92046E-01 -1.08622E+01 -1.08111E+01  8.29988E-01  5.57228E-01 -2.48206E-02  1.00328E+03  11.813   3.579  5.85475E+09  5.83901E+09  5.82406E+09  2.44591E+08  3.64644E+09  4.22860E+00  8.91228E+02   8.252   8.306
 0.530 -1.43526E-01  6.29364E-01  5.14606E-01 -1.29102E+01  6.31878E+00  2.31092E+00  8.43181E-01  5.37009E-01  2.58526E-02  8.64959E+02  10.881   4.357  5.29652E+09  5.14182E+09  5.85797E+09  2.49632E+08  3.59299E+09  2.87731E+00  9.93211E+02   8.265   8.308
 0.540 -4.51712E-01  8.93556E-01 -2.86335E-01 -1.38228E+01  5.15852E+00 -1.44884E+01  8.79508E-01  4.66513E-01  9.39728E-02  8.29760E+02  10.643   4.017  5.81758E+09  5.76528E+09  5.87554E+09  2.32856E+08  3.46337E+09  4.53241E+00  1.07191E+03   8.276   8.311
 0.550 -3.06063E-01  1.34194E+00  1.27501E-01 -1.99539E+01  3.42624E+00 -2.02446E+01  8.64741E-01  3.80555E-01  3.27721E-01  8.82594E+02  14.331   5.814  6.66390E+09  6.31681E+09  5.40332E+09  2.69729E+08  4.94656E+09  2.57510E+00  1.17116E+03   8.267   8.314
 0.560 -1.50175E-01 -3.27088E-01  3.08221E-01  1.27115E+01 -1.46644E+01 -6.35971E+01  9.42230E-01  1.66418E-01  2.90703E-01  9.94416E+02  17.644   4.769  8.11991E+09  7.76974E+09  4.95801E+09  2.66226E+08  6.71125E+09  3.42145E+00  1.35513E+03   8.267   8.319
