  45
 0.120        14340  0.16353E-02 -0.69499E-02  0.15126E-01 -0.15460E+02 -0.12849E+02 -0.48171E+01 -0.92838E+00  0.18384E-01  0.37117E+00   0.601   0.454
 0.130         3928  0.00000E+00 -0.15947E-01  0.93024E-02 -0.17023E+01  0.31023E+01 -0.16917E+02 -0.70984E+00  0.68419E+00  0.16739E+00   0.823   0.495
 0.140        12402 -0.81065E-02  0.28611E-02 -0.14306E-02  0.12743E+02 -0.95125E+00  0.13600E+02  0.20602E+00 -0.94367E+00 -0.25891E+00   1.147   0.907
 0.150         2895 -0.12008E-01 -0.15329E-01  0.13797E-01  0.27666E+02 -0.70835E+00 -0.45159E+01 -0.29559E+00 -0.88643E+00 -0.35619E+00   1.295   1.188
 0.160         4218 -0.14986E-01 -0.81744E-02 -0.23433E-01 -0.15444E+02  0.12796E+02  0.22389E+02 -0.44877E+00 -0.86260E+00 -0.23352E+00   1.258   0.558
 0.170        88245 -0.10140E-01 -0.34765E-02  0.00000E+00 -0.22670E+02 -0.46676E-01  0.72096E+01  0.24614E+00  0.89675E+00  0.36776E+00   1.716   1.217
 0.180        86623 -0.22402E-01 -0.67512E-02 -0.14116E-01  0.44993E+01 -0.16146E+02 -0.23034E+01  0.53705E+00  0.74540E+00  0.39492E+00   2.119   1.574
 0.190         4569  0.20403E-01  0.45340E-02  0.17488E-01  0.26108E+02 -0.15777E+01  0.10197E+02  0.31278E+00 -0.84637E+00 -0.43107E+00   2.013   1.347
 0.200       136063  0.27258E-02 -0.10222E-01 -0.10222E-01  0.21116E+02 -0.12931E+01  0.81818E+02 -0.50111E+00  0.85055E+00 -0.15953E+00   2.622   1.186
 0.210        23952 -0.11450E-01 -0.57248E-02 -0.15028E-01 -0.10229E+02 -0.51579E+02 -0.21814E+02 -0.64753E+00  0.71143E+00 -0.27308E+00   3.052   1.418
 0.220       255604  0.48714E-02  0.82439E-02 -0.59956E-02  0.54981E+01 -0.83515E+01  0.25454E+02 -0.63591E+00  0.63610E+00 -0.43704E+00   3.289   1.988
 0.230       127245 -0.15670E-02 -0.13319E-01 -0.34474E-01  0.54135E+01  0.36734E+02 -0.35804E+02 -0.48052E+00  0.74016E+00 -0.47038E+00   3.440   2.090
 0.240       128771 -0.53150E-02 -0.13901E-01 -0.15536E-01 -0.47399E+01 -0.25190E+02 -0.33344E+02 -0.72570E+00  0.43701E+00 -0.53140E+00   4.221   1.515
 0.250       324729  0.38334E-02  0.34074E-02  0.42593E-02  0.64831E+01  0.18419E+02  0.18770E+02 -0.86457E+00 -0.30235E-01 -0.50159E+00   4.690   3.579
 0.260       499743 -0.35435E-02 -0.70871E-02 -0.53153E-02 -0.27271E+02 -0.66217E+01 -0.71469E+01  0.26621E+00  0.52992E+00 -0.80518E+00   2.650   2.075
 0.270       486736 -0.64398E-02  0.18399E-02  0.45998E-02  0.58241E+02  0.15951E+01  0.19449E+02 -0.95647E+00 -0.43190E-02  0.29181E+00   4.279   1.679
 0.280       486098 -0.38165E-02 -0.12404E-01  0.76329E-02 -0.12684E+02 -0.20322E+02  0.11723E+02  0.32204E+00 -0.76308E+00 -0.56036E+00   5.097   2.724
 0.290       564352  0.98848E-03  0.00000E+00 -0.98848E-03 -0.48276E+02 -0.98193E+02 -0.54395E+01  0.66657E+00  0.70856E+00 -0.23158E+00   4.685   2.821
 0.300       658179  0.10220E-02 -0.10220E-02  0.20441E-02 -0.85530E+01 -0.18220E+03 -0.11693E+03 -0.33329E+00  0.63409E+00 -0.69775E+00   1.151   0.211
 0.310       706143  0.15839E-02  0.00000E+00 -0.21119E-02 -0.35022E+02 -0.16200E+03  0.24717E+03 -0.16570E+00  0.12642E+00 -0.97804E+00   0.892   0.061
 0.320       742026 -0.16354E-02  0.10903E-02 -0.32708E-02 -0.13008E+03  0.21598E+02  0.71167E+02  0.51182E+00  0.83592E+00  0.19819E+00   5.752   1.729
 0.330       569463  0.11244E-02  0.11244E-02 -0.22487E-02  0.21712E+03 -0.36366E+03 -0.46085E+02  0.49595E+00  0.82132E+00  0.28189E+00   4.206   0.996
 0.340      1420515  0.00000E+00 -0.11580E-02 -0.11580E-02  0.13906E+03 -0.16266E+03  0.36849E+02  0.45897E+00  0.82056E+00  0.34062E+00   4.614   1.611
 0.350      1363623 -0.11927E-02 -0.23854E-02  0.00000E+00 -0.12040E+03  0.65505E+02 -0.27941E+03  0.97179E+00  0.20707E+00 -0.11285E+00   3.401   0.962
 0.360       643040  0.00000E+00  0.00000E+00 -0.24545E-02  0.92980E+02  0.18641E+03 -0.53155E+02  0.61552E+00  0.77799E+00  0.12596E+00   6.600   1.763
 0.370       744032  0.63014E-03  0.12603E-02  0.25205E-02  0.19893E+02 -0.19534E+02  0.26207E+02  0.64049E+00  0.72987E+00  0.23888E+00   6.974   1.059
 0.380       739913 -0.25889E-02 -0.12945E-02 -0.25889E-02 -0.31500E+03  0.12602E+02  0.16356E+03  0.85959E+00  0.47607E+00 -0.18565E+00   5.517   2.110
 0.390      1189904  0.00000E+00 -0.26568E-02  0.00000E+00 -0.52181E+02  0.15872E+03  0.15435E+03  0.97362E+00 -0.18856E+00  0.12852E+00   8.887   6.648
 0.400       753091  0.20440E-02  0.13627E-02 -0.13627E-02  0.78658E+02 -0.19229E+03 -0.53714E+02  0.98920E+00 -0.62407E-01  0.13263E+00  11.237   5.829
 0.410      2472078  0.20948E-02  0.13965E-02 -0.27930E-02  0.83059E+02 -0.12181E+03 -0.85127E+02  0.95216E+00  0.30337E+00  0.36982E-01   8.118   3.864
 0.420       729222 -0.71528E-03  0.14306E-02  0.14306E-02  0.88411E+02 -0.96911E+02  0.44020E+02  0.58761E+00  0.80911E+00 -0.70488E-02  11.893   5.136
 0.430      1203768  0.14647E-02 -0.14647E-02  0.00000E+00  0.19115E+03 -0.78363E+02  0.32152E+02  0.78259E+00  0.59056E+00 -0.19693E+00  10.989   5.399
 0.440       730951  0.00000E+00  0.14991E-02 -0.14991E-02 -0.15863E+03 -0.32554E+02 -0.72905E+01  0.82625E+00  0.53409E+00 -0.17904E+00  11.021   3.150
 0.450       646213  0.15334E-02  0.30669E-02  0.00000E+00  0.32711E+03 -0.19617E+02  0.30471E+03  0.66317E+00  0.71239E+00 -0.22956E+00  11.317   3.425
 0.460       747879 -0.15676E-02 -0.15676E-02  0.00000E+00 -0.52913E+02 -0.57294E+02 -0.18242E+03  0.64832E+00  0.74352E+00 -0.16391E+00  11.519   5.600
 0.470      2760672  0.00000E+00 -0.16009E-02  0.00000E+00 -0.27512E+03  0.24559E+02 -0.74379E+02  0.44218E+00  0.89593E+00 -0.42311E-01  14.275   6.075
 0.480      3665952  0.16352E-02  0.00000E+00 -0.32704E-02  0.12012E+03  0.86563E+02  0.11006E+03  0.51212E+00  0.85880E+00 -0.14070E-01  14.087   5.738
 0.490      1080701 -0.33390E-02  0.00000E+00 -0.16695E-02 -0.13900E+03 -0.74215E+02  0.25390E+03  0.69997E+00  0.71193E+00  0.56438E-01  10.285   3.777
 0.500      3586145 -0.34074E-02  0.00000E+00  0.00000E+00  0.29969E+03 -0.14679E+03 -0.26014E+03  0.73600E+00  0.67633E+00  0.29799E-01  12.457   5.530
 0.510      2372977  0.00000E+00  0.17379E-02 -0.17379E-02  0.21329E+03  0.12660E+03  0.16913E+03  0.76119E+00  0.64724E+00 -0.40773E-01  10.260   2.060
 0.520       736904 -0.17715E-02  0.35430E-02 -0.17715E-02 -0.18883E+03  0.24798E+03  0.27443E+03  0.82999E+00  0.55723E+00 -0.24821E-01  11.813   3.579
 0.530      2296857 -0.18054E-02 -0.36108E-02  0.00000E+00  0.16199E+02  0.24722E+03  0.23696E+03  0.84318E+00  0.53701E+00  0.25853E-01  10.881   4.357
 0.540       701140  0.18394E-02 -0.18394E-02  0.00000E+00 -0.89091E+02  0.67544E+01 -0.72266E+02  0.87951E+00  0.46651E+00  0.93973E-01  10.643   4.017
 0.550      4008317  0.18740E-02 -0.18740E-02  0.00000E+00  0.16411E+02 -0.66965E+02  0.19006E+03  0.86474E+00  0.38055E+00  0.32772E+00  14.331   5.814
 0.560      3494168 -0.19079E-02 -0.19079E-02  0.00000E+00 -0.66629E+02 -0.55325E+02 -0.12972E+03  0.94223E+00  0.16642E+00  0.29070E+00  17.644   4.769
