  45
 0.120   0.601  2.31248E+06  2.75500E+06  2.27306E+06  2.44652E+02  0.00000E+00  0.00000E+00  0.00000E+00  2.31248E+06  2.75500E+06  2.27306E+06
 0.130   0.823  7.65668E+06  8.82746E+06  7.59596E+06  1.40029E+02  4.25887E+05  5.18642E+05  4.20410E+05  7.23079E+06  8.30882E+06  7.17555E+06
 0.140   1.147  1.04424E+07  1.24448E+07  1.03513E+07  1.79501E+02  1.14781E+06  1.37840E+06  1.14003E+06  9.29461E+06  1.10664E+07  9.21129E+06
 0.150   1.295  1.15297E+07  1.41748E+07  1.13806E+07  2.81098E+02  2.81719E+06  3.45938E+06  2.78720E+06  8.71253E+06  1.07154E+07  8.59341E+06
 0.160   1.258  1.68357E+07  2.02328E+07  1.66297E+07  2.78800E+02  3.17391E+06  3.96981E+06  3.12538E+06  1.36618E+07  1.62630E+07  1.35044E+07
 0.170   1.716  2.71723E+07  3.33308E+07  2.68109E+07  3.27135E+02  6.71192E+06  8.45342E+06  6.58275E+06  2.04604E+07  2.48774E+07  2.02281E+07
 0.180   2.119  3.93295E+07  4.85610E+07  3.87682E+07  3.74232E+02  1.31471E+07  1.65912E+07  1.29057E+07  2.61823E+07  3.19698E+07  2.58625E+07
 0.190   2.013  6.90170E+07  8.20876E+07  6.84552E+07  2.38591E+02  6.19976E+06  7.95435E+06  6.04011E+06  6.28172E+07  7.41332E+07  6.24151E+07
 0.200   2.622  1.51525E+08  1.89494E+08  1.49404E+08  4.20319E+02  9.30960E+07  1.17398E+08  9.15760E+07  5.84286E+07  7.20962E+07  5.78285E+07
 0.210   3.052  1.37670E+08  1.74627E+08  1.35288E+08  5.34681E+02  8.46112E+07  1.08347E+08  8.29099E+07  5.30588E+07  6.62795E+07  5.23781E+07
 0.220   3.289  1.90042E+08  2.39629E+08  1.86831E+08  5.52030E+02  1.02750E+08  1.32643E+08  1.00484E+08  8.72921E+07  1.06986E+08  8.63469E+07
 0.230   3.440  3.31177E+08  4.08832E+08  3.26479E+08  4.93465E+02  1.48924E+08  1.93291E+08  1.45515E+08  1.82253E+08  2.15541E+08  1.80965E+08
 0.240   4.221  6.87762E+08  8.34750E+08  6.81636E+08  3.46492E+02  1.73056E+08  2.26007E+08  1.68822E+08  5.14706E+08  6.08743E+08  5.12814E+08
 0.250   4.690  7.62750E+08  9.58884E+08  7.54079E+08  4.71914E+02  2.38741E+08  3.10073E+08  2.33383E+08  5.24009E+08  6.48811E+08  5.20696E+08
 0.260   2.650  6.27695E+08  7.86898E+08  6.20357E+08  5.04064E+02  1.38387E+08  1.82328E+08  1.34445E+08  4.89307E+08  6.04569E+08  4.85912E+08
 0.270   4.279  1.01541E+09  1.28866E+09  1.00222E+09  5.88038E+02  2.71852E+08  3.58272E+08  2.64626E+08  7.43562E+08  9.30391E+08  7.37596E+08
 0.280   5.097  1.18078E+09  1.51229E+09  1.16412E+09  6.62481E+02  3.14371E+08  4.15826E+08  3.05680E+08  8.66408E+08  1.09647E+09  8.58442E+08
 0.290   4.685  1.54363E+09  1.94766E+09  1.52337E+09  6.33176E+02  3.47640E+08  4.63044E+08  3.36919E+08  1.19599E+09  1.48461E+09  1.18645E+09
 0.300   1.151  1.74723E+09  2.10419E+09  1.73622E+09  3.42903E+02  9.87295E+07  1.32365E+08  9.47690E+07  1.64850E+09  1.97182E+09  1.64145E+09
 0.310   0.892  2.06316E+09  2.53395E+09  2.05149E+09  3.45210E+02  9.23432E+07  1.21302E+08  8.92166E+07  1.97082E+09  2.41265E+09  1.96227E+09
 0.320   5.752  3.64474E+09  4.66398E+09  3.60135E+09  6.65739E+02  7.41081E+08  9.80850E+08  7.20626E+08  2.90366E+09  3.68313E+09  2.88073E+09
 0.330   4.206  3.63620E+09  4.70710E+09  3.58979E+09  7.48428E+02  6.21680E+08  8.29316E+08  6.02911E+08  3.01452E+09  3.87778E+09  2.98688E+09
 0.340   4.614  3.83125E+09  5.01029E+09  3.77652E+09  8.62642E+02  6.51367E+08  8.74909E+08  6.30113E+08  3.17988E+09  4.13538E+09  3.14640E+09
 0.350   3.401  3.94377E+09  5.13759E+09  3.88817E+09  8.76579E+02  5.00157E+08  6.75132E+08  4.82407E+08  3.44361E+09  4.46246E+09  3.40576E+09
 0.360   6.600  4.58933E+09  6.06686E+09  4.51021E+09  1.06061E+03  8.17304E+08  1.10799E+09  7.87270E+08  3.77203E+09  4.95888E+09  3.72294E+09
 0.370   6.974  4.77190E+09  6.33736E+09  4.68013E+09  1.16574E+03  8.30306E+08  1.13035E+09  7.97760E+08  3.94159E+09  5.20701E+09  3.88237E+09
 0.380   5.517  4.90502E+09  6.52348E+09  4.80434E+09  1.23536E+03  7.55796E+08  1.03286E+09  7.24181E+08  4.14923E+09  5.49062E+09  4.08016E+09
 0.390   8.887  5.24333E+09  7.02183E+09  5.12141E+09  1.37306E+03  8.89411E+08  1.21863E+09  8.50568E+08  4.35391E+09  5.80320E+09  4.27084E+09
 0.400  11.237  5.40978E+09  7.29573E+09  5.26845E+09  1.53105E+03  1.00331E+09  1.37943E+09  9.57657E+08  4.40647E+09  5.91630E+09  4.31079E+09
 0.410   8.118  5.90135E+09  7.94589E+09  5.73947E+09  1.60232E+03  1.19887E+09  1.65160E+09  1.14585E+09  4.70248E+09  6.29428E+09  4.59362E+09
 0.420  11.893  7.94112E+09  1.05017E+10  7.74436E+09  1.46437E+03  2.05452E+09  2.80218E+09  1.98132E+09  5.88660E+09  7.69957E+09  5.76304E+09
 0.430  10.989  7.81281E+09  1.03423E+10  7.61400E+09  1.48569E+03  1.19013E+09  1.64578E+09  1.13105E+09  6.62268E+09  8.69656E+09  6.48295E+09
 0.440  11.021  8.30983E+09  1.10589E+10  8.08988E+09  1.55418E+03  1.26070E+09  1.74238E+09  1.19828E+09  7.04913E+09  9.31655E+09  6.89160E+09
 0.450  11.317  8.93015E+09  1.19391E+10  8.68326E+09  1.64140E+03  1.47083E+09  2.03246E+09  1.39990E+09  7.45932E+09  9.90666E+09  7.28335E+09
 0.460  11.519  9.99309E+09  1.32993E+10  9.72382E+09  1.62617E+03  1.51725E+09  2.10233E+09  1.44152E+09  8.47584E+09  1.11970E+10  8.28229E+09
 0.470  14.275  1.06055E+10  1.42211E+10  1.03086E+10  1.72930E+03  1.74716E+09  2.42212E+09  1.66118E+09  8.85829E+09  1.17989E+10  8.64746E+09
 0.480  14.087  1.11807E+10  1.50412E+10  1.08590E+10  1.81677E+03  1.85903E+09  2.58435E+09  1.76608E+09  9.32163E+09  1.24568E+10  9.09289E+09
 0.490  10.285  1.18859E+10  1.58551E+10  1.15562E+10  1.76513E+03  1.43532E+09  2.00003E+09  1.35354E+09  1.04506E+10  1.38551E+10  1.02027E+10
 0.500  12.457  1.34642E+10  1.79492E+10  1.31011E+10  1.75009E+03  1.66047E+09  2.31313E+09  1.56843E+09  1.18037E+10  1.56361E+10  1.15326E+10
 0.510  10.260  1.37643E+10  1.84355E+10  1.33826E+10  1.81491E+03  1.42157E+09  1.98597E+09  1.33460E+09  1.23427E+10  1.64495E+10  1.20480E+10
 0.520  11.813  1.48141E+10  1.99284E+10  1.43965E+10  1.88349E+03  1.63571E+09  2.28528E+09  1.53882E+09  1.31784E+10  1.76431E+10  1.28577E+10
 0.530  10.881  1.48985E+10  2.01581E+10  1.44582E+10  1.99314E+03  1.51019E+09  2.11031E+09  1.41570E+09  1.33883E+10  1.80477E+10  1.30425E+10
 0.540  10.643  1.52874E+10  2.07461E+10  1.48199E+10  2.08976E+03  1.48297E+09  2.07529E+09  1.38648E+09  1.38045E+10  1.86708E+10  1.34334E+10
 0.550  14.331  1.66383E+10  2.26420E+10  1.61189E+10  2.18180E+03  1.91148E+09  2.68162E+09  1.79437E+09  1.47268E+10  1.99604E+10  1.43245E+10
 0.560  17.644  1.75560E+10  2.39632E+10  1.69867E+10  2.29987E+03  2.24762E+09  3.16413E+09  2.11098E+09  1.53084E+10  2.07991E+10  1.48758E+10
