  17
 0.100  9.75000E-01  1.09164E+08  6.12093E+07  6.91726E+07  1.05604E+08  4.59710E+07  6.25865E+08  6.52203E-01
 0.110  1.20000E+00  1.30930E+08  9.38820E+07  1.09629E+08  1.26681E+08  4.28585E+07  8.16834E+08  3.54691E-01
 0.120  1.87500E+00  3.08607E+08  1.78046E+08  2.10566E+08  2.94656E+08  6.63709E+07  1.93330E+09  6.44052E-01
 0.130  2.47500E+00  8.22894E+08  7.70824E+08  8.84638E+08  7.86923E+08  5.23275E+08  5.19556E+09  7.48288E+00
 0.140  2.92500E+00  1.40586E+09  2.42993E+09  2.84209E+09  1.34615E+09  1.23106E+09  9.18329E+09  1.43314E+01
 0.150  3.41250E+00  2.03455E+09  3.97057E+09  4.70506E+09  1.93186E+09  1.38821E+09  1.32060E+10  1.71404E+01
 0.160  3.86250E+00  2.20111E+09  5.64671E+09  6.78549E+09  2.07541E+09  1.53145E+09  1.68948E+10  1.80453E+01
 0.170  4.35000E+00  2.01265E+09  6.84940E+09  8.36153E+09  1.87414E+09  1.29973E+09  1.86002E+10  1.28185E+01
 0.180  4.95000E+00  2.16822E+09  7.81810E+09  9.68300E+09  2.02146E+09  8.08206E+08  2.28974E+10  8.60921E+00
 0.190  5.62500E+00  4.72626E+09  1.03839E+10  1.28475E+10  4.39252E+09  1.82978E+09  3.58343E+10  2.36608E+01
 0.200  6.22500E+00  4.12206E+09  1.25244E+10  1.55297E+10  3.77930E+09  2.42152E+09  3.61861E+10  2.50222E+01
 0.210  6.75000E+00  4.89718E+09  1.46615E+10  1.83625E+10  4.46764E+09  1.63616E+09  4.15858E+10  1.78830E+01
 0.220  7.20000E+00  4.90225E+09  1.78705E+10  2.25249E+10  4.44810E+09  2.02930E+09  4.64111E+10  2.07510E+01
 0.230  7.57500E+00  4.61387E+09  1.98518E+10  2.52228E+10  4.14502E+09  1.71688E+09  4.73176E+10  1.88121E+01
 0.240  7.98750E+00  4.98195E+09  2.14393E+10  2.74476E+10  4.46021E+09  1.38821E+09  5.06394E+10  1.52093E+01
 0.250  8.51250E+00  5.55032E+09  2.37413E+10  3.05040E+10  4.90185E+09  1.96509E+09  5.64953E+10  2.26435E+01
 0.260  9.11250E+00  4.47180E+09  2.53461E+10  3.27792E+10  3.89263E+09  1.41055E+09  5.92317E+10  1.52311E+01
