  45
 0.100   5.000   0.750  3.18591E+09  2.40308E+08  1.88899E+07  2.19974E+07  2.92672E+09  1.62656E+07  6.12268E+06  7.18424E+06  1.59210E+08  7.38636E+08  2.43590E+07  2.84772E+07  5.25717E+09  2.88132E+07  8.52113E+06  9.96433E+06  3.09025E+08
 0.110   6.500   0.975  5.89288E+09  5.15106E+08  4.21236E+07  4.91333E+07  5.33565E+09  2.28711E+07  1.30842E+07  1.53624E+07  2.34533E+08  9.25850E+08  4.61080E+07  5.37346E+07  7.21058E+09  5.92265E+07  1.88701E+07  2.20862E+07  4.46286E+08
 0.120   8.500   1.072  1.00501E+10  1.00378E+09  9.53196E+07  1.10524E+08  8.95100E+09  1.00846E+08  3.49909E+07  4.03600E+07  4.39885E+08  1.18875E+09  9.71726E+07  1.12759E+08  9.73025E+09  1.60219E+08  4.58565E+07  5.27616E+07  6.30936E+08
 0.130  10.500   1.414  1.42361E+10  1.31746E+09  1.91466E+08  2.24305E+08  1.27272E+10  2.12008E+07  9.25291E+07  1.08575E+08  6.14309E+08  1.24005E+09  1.90889E+08  2.23602E+08  1.22409E+10  5.22127E+07  1.08990E+08  1.28034E+08  9.70722E+08
 0.140  13.500   1.644  2.50345E+10  2.44323E+09  3.64606E+08  4.32063E+08  2.22267E+10  1.53185E+08  1.44770E+08  1.72142E+08  1.10125E+09  1.89738E+09  3.52700E+08  4.17689E+08  1.83176E+10  1.89738E+08  1.59054E+08  1.88949E+08  1.47180E+09
 0.150  15.250   1.841  2.90271E+10  2.81048E+09  5.39640E+08  6.44313E+08  2.56770E+10  1.37116E+08  1.72834E+08  2.09750E+08  1.27010E+09  2.01864E+09  5.22393E+08  6.22975E+08  1.87074E+10  1.97288E+08  1.99300E+08  2.41056E+08  1.73302E+09
 0.160  17.000   1.922  3.32982E+10  3.53159E+09  6.74885E+08  8.17667E+08  2.90917E+10  3.12077E+08  2.64308E+08  3.18501E+08  1.29347E+09  2.11788E+09  6.28833E+08  7.60933E+08  1.61860E+10  3.93447E+08  2.87200E+08  3.45747E+08  1.53265E+09
 0.170  18.000   1.511  3.31130E+10  3.81570E+09  9.02457E+08  1.09351E+09  2.83948E+10  5.83576E+08  5.25432E+08  6.28290E+08  2.04761E+09  2.39537E+09  8.65076E+08  1.04644E+09  1.55791E+10  5.38584E+08  4.44901E+08  5.29962E+08  1.53964E+09
 0.180  22.750   1.000  5.56919E+10  5.61789E+09  1.65231E+09  1.99337E+09  4.84217E+10  6.45781E+08  1.13306E+09  1.35499E+09  3.09782E+09  2.15027E+09  1.36729E+09  1.64801E+09  1.63398E+10  4.15053E+08  8.58920E+08  1.01683E+09  1.09851E+09
 0.190  30.500   1.402  1.14976E+11  9.79330E+09  4.51872E+09  5.45219E+09  1.00664E+11  1.01987E+09  1.98093E+09  2.37942E+09  6.08439E+09  4.65940E+09  4.24990E+09  5.11531E+09  3.63921E+10  6.10549E+08  1.74001E+09  2.07910E+09  2.29645E+09
 0.200  34.250   1.000  1.40808E+11  1.03966E+10  6.57021E+09  7.96867E+09  1.23842E+11  1.22914E+09  5.08553E+09  6.12379E+09  9.44451E+09  4.36809E+09  6.20325E+09  7.50770E+09  4.07712E+10  7.08237E+08  3.65024E+09  4.35780E+09  1.93022E+09
 0.210  40.750   2.307  2.05341E+11  1.43762E+10  9.05834E+09  1.12253E+10  1.81906E+11  1.65572E+09  6.22497E+09  7.67214E+09  1.33463E+10  3.88839E+09  7.05955E+09  8.72569E+09  4.10430E+10  1.16615E+09  5.48453E+09  6.74583E+09  6.24269E+09
 0.220  50.250   5.601  3.31999E+11  2.92313E+10  1.16285E+10  1.44744E+10  2.91139E+11  2.39786E+09  7.79846E+09  9.70802E+09  2.08878E+10  6.26472E+09  1.02726E+10  1.27775E+10  5.63674E+10  2.74954E+09  7.92391E+09  9.86445E+09  2.41383E+10
 0.230  57.000   5.009  4.24165E+11  3.91930E+10  1.63550E+10  2.01651E+10  3.68617E+11  9.17433E+09  1.10622E+10  1.36195E+10  3.78751E+10  1.42572E+10  1.24256E+10  1.52739E+10  8.49128E+10  8.25397E+09  1.06639E+10  1.31462E+10  3.13247E+10
 0.240  63.000   3.350  5.03109E+11  4.15365E+10  2.45677E+10  3.02183E+10  4.37005E+11  9.07771E+09  1.95230E+10  2.39384E+10  3.78521E+10  1.18626E+10  2.05859E+10  2.52584E+10  6.80659E+10  5.23216E+09  1.68834E+10  2.07258E+10  1.75705E+10
 0.250  69.750   4.994  6.08832E+11  4.62523E+10  3.22451E+10  4.01167E+10  5.30334E+11  1.13509E+10  2.61250E+10  3.23572E+10  5.35466E+10  1.56431E+10  2.77312E+10  3.43545E+10  8.51446E+10  8.02438E+09  2.42193E+10  3.00024E+10  3.43147E+10
 0.260  75.000   5.170  6.73795E+11  4.73336E+10  3.88584E+10  4.87508E+10  5.87603E+11  7.82990E+09  3.20628E+10  4.01200E+10  5.99631E+10  1.06493E+10  3.33548E+10  4.17396E+10  8.49994E+10  4.85876E+09  2.96990E+10  3.71786E+10  3.73665E+10
 0.270  79.750   7.924  7.22378E+11  4.84718E+10  4.38052E+10  5.54607E+10  6.30100E+11  1.20254E+10  3.66711E+10  4.63301E+10  6.80192E+10  1.55634E+10  3.81912E+10  4.82237E+10  8.96499E+10  1.19167E+10  3.66167E+10  4.62632E+10  6.74676E+10
 0.280  85.000   9.003  7.81499E+11  5.10244E+10  4.95926E+10  6.32847E+10  6.80882E+11  8.28661E+09  4.17031E+10  5.31047E+10  7.08327E+10  1.08234E+10  4.31443E+10  5.48853E+10  8.66376E+10  9.47613E+09  4.23555E+10  5.39002E+10  7.61033E+10
 0.290  89.000  10.348  8.11039E+11  5.42836E+10  5.35023E+10  6.88962E+10  7.03253E+11  8.39224E+09  4.38461E+10  5.65858E+10  7.40849E+10  1.08755E+10  4.55123E+10  5.86146E+10  8.54563E+10  1.15472E+10  4.61173E+10  5.93406E+10  8.90969E+10
 0.300  92.500  11.830  8.29679E+11  5.70789E+10  5.68258E+10  7.37696E+10  7.15774E+11  6.22551E+09  4.69946E+10  6.11134E+10  7.70896E+10  6.96686E+09  4.80352E+10  6.24262E+10  8.46794E+10  9.77981E+09  5.01177E+10  6.50139E+10  1.03344E+11
 0.310  96.750   9.778  8.65501E+11  6.00893E+10  6.08816E+10  7.95393E+10  7.44530E+11  1.02021E+10  5.09160E+10  6.65586E+10  8.68106E+10  1.09531E+10  5.14337E+10  6.72121E+10  9.02877E+10  1.04300E+10  5.10897E+10  6.67784E+10  8.79143E+10
 0.320 100.250  12.036  8.79493E+11  6.00865E+10  6.45136E+10  8.47385E+10  7.54893E+11  8.09546E+09  5.49322E+10  7.22243E+10  8.95964E+10  8.05964E+09  5.48960E+10  7.21778E+10  8.93404E+10  1.05898E+10  5.71840E+10  7.50966E+10  1.10633E+11
 0.330 104.250  12.594  9.04041E+11  6.00523E+10  6.77790E+10  8.95400E+10  7.76210E+11  8.07684E+09  5.75400E+10  7.61084E+10  9.61887E+10  7.46742E+09  5.67226E+10  7.50527E+10  9.14987E+10  1.20598E+10  6.06537E+10  8.00917E+10  1.20246E+11
 0.340 109.000  12.831  9.43513E+11  6.22228E+10  7.09566E+10  9.41949E+10  8.10333E+11  6.91101E+09  5.88547E+10  7.83636E+10  1.01062E+11  5.60963E+09  5.69632E+10  7.59072E+10  9.11536E+10  9.38748E+09  6.16940E+10  8.20582E+10  1.22259E+11
 0.350 117.750  14.195  1.07710E+12  7.22014E+10  7.69601E+10  1.02738E+11  9.27937E+11  6.99303E+09  6.12890E+10  8.20772E+10  1.09578E+11  5.17999E+09  5.77856E+10  7.75277E+10  9.02808E+10  9.86839E+09  6.45033E+10  8.62494E+10  1.36270E+11
 0.360 123.750  14.636  1.17423E+12  7.91615E+10  8.14660E+10  1.09186E+11  1.01360E+12  7.77801E+09  6.35353E+10  8.55278E+10  1.19470E+11  4.89560E+09  5.83910E+10  7.87891E+10  9.20124E+10  1.01399E+10  6.62397E+10  8.90536E+10  1.46061E+11
 0.370 129.000  14.132  1.23549E+12  8.29954E+10  8.50583E+10  1.14257E+11  1.06743E+12  1.02508E+10  6.65277E+10  8.97844E+10  1.31408E+11  7.00683E+09  5.94191E+10  8.04429E+10  9.59831E+10  1.15847E+10  6.85919E+10  9.24869E+10  1.46689E+11
 0.380 135.750  15.346  1.31646E+12  8.62233E+10  9.09806E+10  1.22211E+11  1.13925E+12  8.62876E+09  6.98503E+10  9.44184E+10  1.36786E+11  4.08991E+09  6.15541E+10  8.36011E+10  9.35401E+10  1.11720E+10  7.20913E+10  9.73467E+10  1.59273E+11
 0.390 140.750  17.633  1.37165E+12  8.87075E+10  9.42487E+10  1.27138E+11  1.18869E+12  7.03508E+09  6.92251E+10  9.42455E+10  1.39951E+11  2.71341E+09  5.98375E+10  8.18374E+10  9.15956E+10  1.22220E+10  7.45182E+10  1.01193E+11  1.82971E+11
 0.400 145.000  18.433  1.41168E+12  8.87495E+10  9.89504E+10  1.33643E+11  1.22398E+12  8.67927E+09  7.32437E+10  9.98800E+10  1.53716E+11  3.04647E+09  6.14550E+10  8.42593E+10  9.44219E+10  1.47173E+10  8.03761E+10  1.09055E+11  2.10751E+11
 0.410 149.500  19.185  1.44092E+12  8.88791E+10  1.03685E+11  1.40477E+11  1.24836E+12  8.58241E+09  7.35516E+10  1.00775E+11  1.54298E+11  2.68235E+09  6.28735E+10  8.65242E+10  9.31835E+10  1.52194E+10  7.90762E+10  1.07952E+11  2.06411E+11
 0.420 154.250  18.915  1.47376E+12  9.34831E+10  1.07279E+11  1.46016E+11  1.27300E+12  1.00143E+10  7.48019E+10  1.02852E+11  1.57699E+11  3.40616E+09  6.16354E+10  8.51376E+10  9.12418E+10  1.54445E+10  7.96469E+10  1.09287E+11  2.01332E+11
 0.430 158.000  20.426  1.47804E+12  9.37221E+10  1.09808E+11  1.49903E+11  1.27451E+12  1.24391E+10  7.78255E+10  1.07180E+11  1.68160E+11  3.22065E+09  6.21775E+10  8.61526E+10  9.46000E+10  2.09102E+10  8.41731E+10  1.15526E+11  2.24911E+11
 0.440 161.750  20.129  1.48592E+12  9.09278E+10  1.14511E+11  1.56300E+11  1.28048E+12  1.38740E+10  8.12159E+10  1.11651E+11  1.76802E+11  3.68448E+09  6.34274E+10  8.80562E+10  9.60674E+10  2.08855E+10  8.77207E+10  1.20173E+11  2.29649E+11
 0.450 165.500  18.810  1.48850E+12  8.61720E+10  1.19302E+11  1.62980E+11  1.28303E+12  1.55175E+10  8.68359E+10  1.19405E+11  1.87224E+11  6.74156E+09  6.80014E+10  9.41442E+10  1.00070E+11  1.80133E+10  9.14757E+10  1.25551E+11  2.16584E+11
 0.460 168.750  17.479  1.49085E+12  8.13753E+10  1.23347E+11  1.68842E+11  1.28613E+12  1.17383E+10  8.97343E+10  1.23363E+11  1.85532E+11  3.98145E+09  6.81282E+10  9.42427E+10  9.58331E+10  1.24655E+10  9.10021E+10  1.25078E+11  1.93471E+11
 0.470 172.250  19.739  1.49712E+12  7.64209E+10  1.27146E+11  1.74491E+11  1.29355E+12  9.97949E+09  9.27272E+10  1.27945E+11  1.92855E+11  3.03474E+09  6.99437E+10  9.69925E+10  9.82268E+10  1.34006E+10  9.80662E+10  1.35033E+11  2.24640E+11
 0.480 176.500  21.749  1.51083E+12  7.36109E+10  1.29502E+11  1.78325E+11  1.30772E+12  8.51571E+09  9.76458E+10  1.35027E+11  2.02112E+11  2.28902E+09  6.92091E+10  9.63184E+10  9.78759E+10  1.25257E+10  1.05260E+11  1.45319E+11  2.55447E+11
 0.490 179.750  18.199  1.51377E+12  7.12045E+10  1.31389E+11  1.81606E+11  1.31118E+12  8.49763E+09  1.02261E+11  1.41761E+11  2.05275E+11  2.19487E+09  7.08033E+10  9.88280E+10  9.82995E+10  8.69819E+09  1.02715E+11  1.42381E+11  2.08184E+11
 0.500 183.000  19.911  1.51093E+12  6.88050E+10  1.33145E+11  1.84635E+11  1.30898E+12  8.56529E+09  1.01520E+11  1.41256E+11  2.06884E+11  1.91708E+09  7.06586E+10  9.88430E+10  9.74209E+10  1.03412E+10  1.05409E+11  1.46568E+11  2.27634E+11
 0.510 185.750  21.855  1.50898E+12  6.61886E+10  1.34964E+11  1.87619E+11  1.30782E+12  8.41165E+09  1.04529E+11  1.45811E+11  2.19442E+11  1.70251E+09  7.30521E+10  1.02487E+11  1.00992E+11  1.26634E+10  1.11788E+11  1.55725E+11  2.61962E+11
 0.520 189.250  25.391  1.51440E+12  6.40791E+10  1.36306E+11  1.90067E+11  1.31402E+12  6.47525E+09  1.03068E+11  1.44264E+11  2.16108E+11  1.36436E+09  7.25549E+10  1.01878E+11  9.78272E+10  1.43421E+10  1.17139E+11  1.63573E+11  2.97785E+11
 0.530 193.000  24.933  1.52217E+12  6.17489E+10  1.37875E+11  1.92672E+11  1.32255E+12  5.51295E+09  1.05301E+11  1.47810E+11  2.21915E+11  1.53497E+09  7.46514E+10  1.04999E+11  9.87006E+10  1.15234E+10  1.15651E+11  1.62054E+11  2.90182E+11
 0.540 196.500  25.379  1.52886E+12  6.04217E+10  1.38772E+11  1.94481E+11  1.32967E+12  6.28733E+09  1.07633E+11  1.51417E+11  2.27330E+11  1.45468E+09  7.33827E+10  1.03453E+11  9.70344E+10  1.16401E+10  1.17586E+11  1.65181E+11  2.97723E+11
