  45
 0.100 -2.87774E-02  1.34224E-01 -5.04997E-02 -3.44294E+01  2.46357E+01  1.91206E+01  7.25613E-01  1.75746E-01  6.65281E-01  1.24842E+01   0.750   0.500  2.99374E+07  2.93820E+07  2.97033E+05  0.00000E+00  2.22811E+07  1.51674E-03  1.67719E+02   7.355   7.086
 0.110 -7.86860E-02  1.69617E-01 -1.09726E-01 -2.71123E+01  9.93032E-01  1.83040E+01  1.93684E-01  4.87692E-01  8.51260E-01  1.31648E+01   0.975   0.542  5.59723E+07  5.67673E+07  3.41125E+06  3.27805E+05  4.36476E+07  2.81706E-02  9.70984E+01   7.524   7.340
 0.120 -1.97173E-01  7.89313E-02  1.81823E-01 -6.87431E+00 -3.33217E+00  1.03373E+01  8.90098E-01 -2.81347E-01  3.58564E-01  8.48573E+00   1.072   0.763  1.61827E+08  1.58538E+08  2.89151E+06  1.90887E+05  3.15925E+07  4.28363E-02  5.25443E+01   7.741   7.673
 0.130 -1.79693E-01  6.34587E-02 -1.38741E-01 -1.86109E+01  1.09450E+01  1.53255E+01  2.30518E-01  9.72911E-01 -1.74797E-02  3.39245E+00   1.414   0.516  4.97534E+07  4.95837E+07  9.16695E+06  1.54779E+06  1.03923E+08  1.87388E-02  1.86668E+02   7.777   7.688
 0.140 -2.38887E-01  1.13635E-01  6.13720E-02 -5.00456E+01  1.60937E+01  4.92656E+00  4.80121E-01  6.54210E-01  5.84374E-01  1.99220E+01   1.644   0.583  1.70088E+08  1.71894E+08  2.09221E+07  3.23241E+06  1.16394E+08  1.17983E-01  1.54839E+02   7.817   7.800
 0.150 -1.28333E-01  1.03882E-01 -4.27017E-01 -2.18168E+01  1.04436E+01 -1.08371E+00  9.92055E-01  1.16806E-01 -4.67264E-02  4.35063E+01   1.841   1.395  2.30655E+08  2.24226E+08  1.13173E+07  1.42026E+06  1.06084E+08  5.48959E-02  2.25224E+02   7.905   7.861
 0.160  1.86703E-01  3.29972E-01 -4.98967E-02  1.33178E+01  5.02702E-01  2.58160E+01  7.53875E-01 -6.31012E-01  1.83022E-01  5.55091E+01   1.922   1.315  4.10926E+08  4.10732E+08  3.07463E+07  3.85278E+06  1.01346E+08  3.08591E-01  1.42293E+02   8.022   7.918
 0.170 -8.33246E-02 -5.44652E-02  1.57358E-02 -2.13574E+01 -3.43351E+00  1.24671E+01  4.98690E-01 -1.24616E-01  8.57776E-01  8.91664E+00   1.511   0.500  4.83184E+08  4.88086E+08  4.27118E+07  1.36578E+07  1.28449E+08  2.20386E-01  2.44425E+02   8.217   8.000
 0.180  9.13241E-03 -1.14676E-02 -3.64982E-03 -2.11935E+00 -2.00853E+00  4.97524E+00 -4.34022E-01 -4.42271E-01  7.84870E-01  1.22575E+01   1.000   0.500  3.83462E+08  5.83498E+08  2.43508E+08  7.04167E+06  5.90282E+07  2.54390E+00  7.22419E+01   8.568   8.563
 0.190  2.66869E-02  1.59401E-02  1.19652E-02 -3.48213E+00  9.02348E+00 -2.74027E+00 -5.62457E-01  1.63673E-01  8.10465E-01  3.06349E+01   1.402   0.500  5.46666E+08  8.74810E+08  4.92643E+08  1.06157E+07  1.18056E+08  4.27930E+00  9.49728E+01   8.612   8.541
 0.200 -5.25447E-03  2.41560E-03 -9.65787E-03 -4.08478E+00 -6.94525E-01  6.53310E-01 -8.20622E-01  1.20185E-01  5.58690E-01  3.21889E+01   1.000   0.500  7.09116E+08  1.35595E+09  1.14601E+09  9.15903E+07  1.44577E+08  9.23716E+00  1.25772E+02   8.798   8.645
 0.210  1.62502E-01  9.79188E-02  2.72879E-02  4.81958E+00 -1.09431E+01 -5.21910E-01 -5.17852E-01 -6.98623E-02  8.52613E-01  5.37941E+01   2.307   0.679  9.73228E+08  1.51240E+09  1.82871E+09  1.90971E+08  4.29409E+08  6.78382E+00  1.84267E+02   8.594   8.724
 0.220 -3.36452E-01  3.40025E-02 -2.11222E-01 -2.42821E+01 -4.67024E-01 -1.44408E+01 -3.87292E-01 -8.68452E-01  3.09510E-01  3.06415E+02   5.601   1.604  2.41004E+09  2.61938E+09  1.35649E+09  4.28272E+08  1.98451E+09  4.46401E+00  3.14943E+02   8.355   8.526
 0.230  7.93610E-01 -1.36930E-01  8.95355E-01  1.45801E+01  6.43584E+01  2.09735E+01 -5.69046E-01 -6.41792E-01  5.14092E-01  3.95088E+02   5.009   1.419  7.17309E+09  8.37321E+09  3.95270E+09  3.87128E+08  3.04702E+09  2.18751E+01  2.43477E+02   8.201   8.608
 0.240  4.21424E-02  1.07459E-02 -1.34571E-01 -4.43355E+00 -3.26720E+00  3.45721E+00 -4.50802E-01 -8.37231E-01 -3.09553E-01  2.02629E+02   3.350   1.046  4.50319E+09  7.09911E+09  5.43270E+09  5.47250E+08  1.27842E+09  3.00187E+01  2.11177E+02   8.602   8.580
 0.250 -1.25071E-01  3.30284E-01 -3.59404E-02 -8.71924E+00  2.83872E+01  6.54973E+00 -6.09796E-01 -5.39505E-01 -5.80589E-01  4.57533E+02   4.994   1.729  7.07922E+09  1.01825E+10  9.90922E+09  1.02571E+09  2.82969E+09  3.89190E+01  2.26085E+02   8.532   8.625
 0.260 -7.25510E-03  2.96543E-01 -9.12467E-02  1.95344E+01 -6.12420E+00  2.25240E+01 -6.45927E-01 -2.93986E-01 -7.04521E-01  5.76799E+02   5.170   1.436  4.23942E+09  7.46236E+09  1.40713E+10  1.17240E+09  2.69019E+09  3.19240E+01  2.66709E+02   8.688   8.649
 0.270  1.23116E-01  6.57969E-01 -6.74371E-01 -6.86684E+00  4.75497E+00  1.47801E+01 -8.48313E-01  7.00998E-02 -5.24834E-01  1.05241E+03   7.924   2.040  1.01801E+10  1.27492E+10  1.32269E+10  1.45610E+09  4.76565E+09  4.13394E+01  3.26151E+02   8.471   8.618
 0.280  2.39277E-01  1.29254E+00 -4.01828E-01  6.59276E+00  5.10558E+00 -2.40708E+01 -8.78999E-01  1.41846E-02 -4.76612E-01  1.26939E+03   9.003   1.554  7.66570E+09  1.07443E+10  1.94189E+10  1.51827E+09  4.84239E+09  3.43234E+01  3.74108E+02   8.586   8.636
 0.290  9.62372E-01  1.62882E+00 -1.70876E+00  6.92030E+00 -2.20936E+00 -1.45724E+01 -8.66494E-01 -5.63668E-02 -4.95996E-01  1.59701E+03  10.348   1.542  9.52273E+09  1.17428E+10  2.22932E+10  1.80375E+09  5.10045E+09  3.16071E+01  4.57091E+02   8.554   8.649
 0.300  2.33492E-01  1.67961E+00 -4.86928E-01 -6.81569E+00  3.80550E+01 -6.75985E-01 -8.48819E-01 -6.90098E-02 -5.24160E-01  1.64730E+03  11.830   2.103  8.06195E+09  9.81271E+09  2.69552E+10  2.69749E+09  6.49268E+09  2.31262E+01  5.23409E+02   8.609   8.640
 0.310  1.79325E-01  4.02777E-01 -5.40845E-01 -3.45714E+01 -8.74675E+00  4.50916E+01 -8.24478E-01 -5.88867E-02 -5.62822E-01  1.56085E+03   9.778   1.458  8.59644E+09  1.06548E+10  2.68222E+10  2.18800E+09  4.93625E+09  3.01907E+01  6.28451E+02   8.585   8.661
 0.320  7.20120E-01  7.31232E-01 -1.13809E+00  7.16864E+00  2.08925E+00 -6.86412E+00 -8.50294E-01 -6.77097E-02 -5.21934E-01  1.77424E+03  12.036   1.650  8.60719E+09  1.05097E+10  3.31866E+10  3.37025E+09  6.03218E+09  2.60308E+01  6.89787E+02   8.601   8.650
 0.330  2.20702E-01  2.08374E+00 -2.30345E-01  4.69809E+01  6.09274E+01 -3.73267E+01 -8.26951E-01  4.49652E-02 -5.60474E-01  2.22975E+03  12.594   2.055  1.01330E+10  1.16887E+10  3.56120E+10  3.80015E+09  7.10957E+09  2.17013E+01  7.73146E+02   8.561   8.654
 0.340 -2.15622E-01  2.08025E+00  5.05362E-01  1.16706E+01  7.63812E+01 -1.49960E+01 -8.23359E-01 -2.17928E-02 -5.67102E-01  2.17606E+03  12.831   1.721  7.87965E+09  8.88415E+09  3.52495E+10  3.61693E+09  6.67509E+09  1.46747E+01  8.71394E+02   8.600   8.667
 0.350 -8.06233E-01  1.36634E+00  1.04758E+00 -1.51317E+01  9.18083E+01  3.61765E+01 -8.27486E-01  1.95642E-02 -5.61145E-01  2.31982E+03  14.195   2.361  8.31996E+09  9.18728E+09  3.68884E+10  4.46437E+09  8.48775E+09  1.37277E+01  9.61588E+02   8.592   8.653
 0.360 -7.90943E-01  6.94843E-01  9.10580E-01 -2.57733E+01  5.70138E+01  5.96920E+01 -8.07558E-01 -1.58558E-03 -5.89786E-01  2.34901E+03  14.636   2.481  8.56928E+09  9.03235E+09  3.84999E+10  5.06062E+09  9.23267E+09  1.26845E+01  1.05910E+03   8.573   8.647
 0.370 -3.58077E-02 -1.68182E-01  2.36088E-01 -5.65916E+01 -1.48567E+01  9.27521E+01 -8.10406E-01 -1.16331E-01 -5.74203E-01  2.39601E+03  14.132   1.686  9.64251E+09  1.07262E+10  3.77125E+10  4.44151E+09  6.97081E+09  1.95507E+01  1.16365E+03   8.552   8.659
 0.380 -9.05191E-01  6.35949E-02  1.31265E+00 -2.33303E+01  4.15778E+01  5.08433E+01 -8.25717E-01  1.95092E-02 -5.63747E-01  2.69762E+03  15.346   3.180  9.74563E+09  1.09364E+10  4.45856E+10  6.72682E+09  1.07773E+10  1.87332E+01  1.20948E+03   8.578   8.638
 0.390  1.61711E+00  1.84651E+00 -1.65372E+00 -1.60245E+00 -1.36444E+01  1.00383E+01 -8.12211E-01  6.86464E-02 -5.79311E-01  3.02533E+03  17.633   3.893  1.06955E+10  1.09902E+10  4.62575E+10  7.44076E+09  1.28591E+10  9.40659E+00  1.33113E+03   8.566   8.639
 0.400 -5.30578E-01 -3.55194E+00  9.81607E-01 -3.85326E+01  9.41606E+01  7.33079E+01 -8.40322E-01 -7.37854E-03 -5.42038E-01  3.57810E+03  18.433   2.038  1.21011E+10  1.38429E+10  4.54434E+10  7.50708E+09  1.63507E+10  2.91100E+01  1.40426E+03   8.552   8.640
 0.410 -7.59594E-01  1.08160E+00  1.78147E+00  6.42379E-01  1.30787E+02  7.51246E+00 -8.83250E-01  3.56098E-02 -4.67549E-01  3.52352E+03  19.185   2.086  1.26260E+10  1.35500E+10  4.21248E+10  5.93522E+09  9.52540E+09  1.75462E+01  1.53091E+03   8.521   8.654
 0.420 -7.37625E-01  3.39578E-01  1.51097E+00 -2.95507E+01  8.10384E+01  3.34850E+01 -8.47767E-01  7.99815E-02 -5.24303E-01  3.32250E+03  18.915   4.030  1.31420E+10  1.32432E+10  4.90866E+10  8.33760E+09  1.48324E+10  9.75071E+00  1.64710E+03   8.526   8.638
 0.430 -8.94316E-02  1.86772E+00 -1.57578E-01  1.12097E+01  2.81347E+01  2.99804E+00 -8.21385E-01  1.08946E-01 -5.59873E-01  3.61310E+03  20.426   3.805  1.79483E+10  1.83163E+10  5.16486E+10  9.50479E+09  1.52523E+10  1.65666E+01  1.70410E+03   8.504   8.632
 0.440 -1.07480E+00 -7.36727E-01  2.07161E+00 -2.47878E+01  5.34496E+01  5.87758E+01 -8.48432E-01  1.08556E-01 -5.18053E-01  3.57179E+03  20.129   3.093  1.73166E+10  1.91081E+10  5.20340E+10  8.50660E+09  1.41146E+10  3.39988E+01  1.76099E+03   8.563   8.632
 0.450  3.41193E-02  1.93349E+00 -9.19173E-01  3.78292E+01  4.15203E+01 -8.40140E+01 -8.50139E-01  1.37386E-01 -5.08320E-01  3.16989E+03  18.810   3.039  1.52668E+10  1.66603E+10  5.19918E+10  9.59076E+09  1.56924E+10  2.66809E+01  1.85096E+03   8.590   8.641
 0.460  6.35864E-01  1.15224E+00 -6.91951E-01 -1.00828E+01  7.12430E+01  3.83622E+01 -8.12571E-01  3.14166E-01 -4.90946E-01  2.88337E+03  17.479   2.097  1.03410E+10  1.15044E+10  4.32190E+10  7.67880E+09  1.15635E+10  1.96961E+01  1.96864E+03   8.689   8.668
 0.470 -8.84362E-02  2.61163E+00  1.48024E+00  1.33028E+01  5.92741E+01  1.63490E+01 -8.24796E-01  2.89625E-01 -4.85623E-01  3.31906E+03  19.739   2.689  1.11873E+10  1.21749E+10  5.17861E+10  1.01741E+10  1.49915E+10  1.71990E+01  2.07185E+03   8.699   8.665
 0.480  9.02829E-01  1.41779E+00 -1.00987E+00 -2.04618E+01 -4.42156E-01  3.16045E+01 -8.67042E-01  3.12685E-01 -3.87901E-01  3.50132E+03  21.749   3.142  1.04726E+10  1.12640E+10  5.97707E+10  1.37859E+10  1.91184E+10  1.60588E+01  2.09421E+03   8.719   8.664
 0.490 -6.79350E-01 -1.23621E-01  1.13115E+00 -2.52852E+00  3.95152E+01  2.43495E+01 -8.76350E-01  3.28415E-01 -3.52355E-01  3.27140E+03  18.199   1.445  7.21327E+09  7.70975E+09  4.38109E+10  8.48192E+09  1.02243E+10  9.44004E+00  2.24458E+03   8.760   8.703
 0.500 -2.58395E-01 -3.63702E-01 -7.13272E-01 -6.93724E+00  1.96759E+01  1.70713E+01 -9.00382E-01  2.99056E-01 -3.16035E-01  3.66925E+03  19.911   2.631  8.91655E+09  9.32764E+09  5.63035E+10  1.30080E+10  1.61424E+10  9.58426E+00  2.33341E+03   8.736   8.679
 0.510 -3.78224E-01  7.26427E-01  1.18558E+00  1.08220E+01  7.27845E+01  1.01158E+01 -9.11545E-01  2.45102E-01 -3.30167E-01  4.33951E+03  21.855   2.205  1.07001E+10  1.10987E+10  5.44322E+10  1.31160E+10  1.75152E+10  1.00778E+01  2.44096E+03   8.695   8.681
 0.520 -3.83521E-01  4.23890E-01 -7.16131E-01  3.70466E+00  4.08106E+01  1.42909E+01 -9.05242E-01  2.61705E-01 -3.34734E-01  4.66620E+03  25.391   2.627  1.20133E+10  1.24174E+10  5.79602E+10  1.39380E+10  1.78379E+10  1.00760E+01  2.52236E+03   8.681   8.679
 0.530  3.16679E-01  2.88917E+00  2.17532E+00  1.47969E+01  6.49315E+01  1.42746E+01 -9.03452E-01  2.89613E-01 -3.16067E-01  4.53548E+03  24.933   2.255  9.66852E+09  9.87251E+09  5.31050E+10  1.21754E+10  1.55656E+10  7.00589E+00  2.65078E+03   8.712   8.693
 0.540 -6.09167E-01 -1.16557E-01  5.16618E-01 -1.44666E+01  4.08896E+01  5.75281E+01 -9.06542E-01  2.75457E-01 -3.19853E-01  4.63848E+03  25.379   2.765  9.82144E+09  9.86010E+09  5.89248E+10  1.55131E+10  1.88499E+10  6.07794E+00  2.79329E+03   8.699   8.684
