  45
 0.100  7.50000E-01  2.88132E+07  8.52113E+06  9.96433E+06  2.81067E+07  4.13342E+06  3.09025E+08  3.38822E-02
 0.110  9.75000E-01  5.92265E+07  1.88701E+07  2.20862E+07  5.73227E+07  8.67250E+06  4.46286E+08  1.03707E-01
 0.120  1.27500E+00  2.10338E+08  5.24368E+07  6.02785E+07  2.02200E+08  3.01895E+07  8.30302E+08  4.33511E-01
 0.130  1.57500E+00  7.14826E+07  1.14867E+08  1.34914E+08  6.59109E+07  6.27379E+07  1.14199E+09  5.60884E-01
 0.140  2.02500E+00  2.34778E+08  1.70964E+08  2.02985E+08  2.23640E+08  4.69813E+07  1.99964E+09  7.22423E-01
 0.150  2.28750E+00  2.95208E+08  2.32628E+08  2.80384E+08  2.80236E+08  6.20790E+07  2.40261E+09  5.95925E-01
 0.160  2.55000E+00  5.97722E+08  3.37023E+08  4.05264E+08  5.64960E+08  9.65269E+07  2.26967E+09  1.33423E+00
 0.170  2.70000E+00  7.30912E+08  6.97008E+08  8.38843E+08  6.93646E+08  2.21924E+08  3.69924E+09  3.05438E+00
 0.180  3.41250E+00  8.41750E+08  1.23228E+09  1.47882E+09  7.97885E+08  4.61380E+08  5.01640E+09  4.85715E+00
 0.190  4.57500E+00  1.54166E+09  2.09667E+09  2.52331E+09  1.43486E+09  7.00473E+08  1.05665E+10  8.23821E+00
 0.200  5.13750E+00  1.81036E+09  5.59368E+09  6.75207E+09  1.67082E+09  1.80560E+09  1.63920E+10  1.91418E+01
 0.210  6.11250E+00  2.20663E+09  6.67297E+09  8.23763E+09  2.00814E+09  8.46867E+08  2.27584E+10  9.75045E+00
 0.220  7.53750E+00  4.35461E+09  8.30586E+09  1.03324E+10  4.00687E+09  1.19631E+09  3.60382E+10  1.34374E+01
 0.230  8.55000E+00  1.25350E+10  1.19803E+10  1.47240E+10  1.14999E+10  3.12235E+09  6.80693E+10  4.39619E+01
 0.240  9.45000E+00  1.14677E+10  2.04814E+10  2.51275E+10  1.05073E+10  5.64837E+09  6.31279E+10  5.82694E+01
 0.250  1.04625E+01  1.61483E+10  2.79048E+10  3.45725E+10  1.47139E+10  4.93341E+09  9.03487E+10  5.54972E+01
 0.260  1.12500E+01  1.20093E+10  3.38048E+10  4.23096E+10  1.08007E+10  4.62525E+09  9.83136E+10  4.30469E+01
 0.270  1.19625E+01  1.80242E+10  3.89327E+10  4.91638E+10  1.63732E+10  4.24029E+09  1.09963E+11  5.69545E+01
 0.280  1.27500E+01  1.36834E+10  4.43127E+10  5.63804E+10  1.23861E+10  4.38560E+09  1.15569E+11  4.12275E+01
 0.290  1.33500E+01  1.55950E+10  4.84131E+10  6.21873E+10  1.42748E+10  3.48820E+09  1.21898E+11  4.00950E+01
 0.300  1.38750E+01  1.25569E+10  5.15132E+10  6.67686E+10  1.12791E+10  2.50121E+09  1.24968E+11  2.57706E+01
 0.310  1.45125E+01  1.51104E+10  5.52734E+10  7.21032E+10  1.36937E+10  3.03434E+09  1.38458E+11  3.72379E+01
 0.320  1.50375E+01  1.35872E+10  5.90952E+10  7.75156E+10  1.23833E+10  2.75490E+09  1.42214E+11  3.21983E+01
 0.330  1.56375E+01  1.61770E+10  6.23494E+10  8.22677E+10  1.48575E+10  2.43774E+09  1.53577E+11  2.58644E+01
 0.340  1.63500E+01  1.48653E+10  6.44546E+10  8.56197E+10  1.36448E+10  1.83514E+09  1.61669E+11  1.97301E+01
 0.350  1.76625E+01  1.47305E+10  6.71602E+10  8.96923E+10  1.34893E+10  1.63507E+09  1.74659E+11  1.69726E+01
 0.360  1.85625E+01  1.48672E+10  6.88678E+10  9.24612E+10  1.34312E+10  1.25860E+09  1.91543E+11  1.52803E+01
 0.370  1.93500E+01  1.81524E+10  7.19037E+10  9.68055E+10  1.66788E+10  2.04109E+09  2.10325E+11  2.50806E+01
 0.380  2.03625E+01  1.85378E+10  7.57733E+10  1.02176E+11  1.67260E+10  2.29129E+09  2.26110E+11  2.28201E+01
 0.390  2.11125E+01  1.79052E+10  7.64492E+10  1.03728E+11  1.65811E+10  1.13275E+09  2.24124E+11  1.10712E+01
 0.400  2.17500E+01  1.87703E+10  8.24702E+10  1.11824E+11  1.71787E+10  2.66855E+09  2.53888E+11  3.18570E+01
 0.410  2.24250E+01  1.97268E+10  8.14970E+10  1.11084E+11  1.80428E+10  1.85416E+09  2.44634E+11  2.09710E+01
 0.420  2.31375E+01  2.09398E+10  8.62765E+10  1.18048E+11  1.88328E+10  1.21834E+09  2.55114E+11  1.20089E+01
 0.430  2.37000E+01  2.74849E+10  8.78444E+10  1.20307E+11  2.52453E+10  1.71065E+09  2.62142E+11  2.14464E+01
 0.440  2.42625E+01  2.72577E+10  9.87369E+10  1.34943E+11  2.45702E+10  3.30740E+09  2.88777E+11  3.93109E+01
 0.450  2.48250E+01  2.59315E+10  9.95293E+10  1.36184E+11  2.36223E+10  3.12907E+09  2.91021E+11  3.63335E+01
 0.460  2.53125E+01  2.08011E+10  1.03295E+11  1.41483E+11  1.89480E+10  2.48005E+09  2.91063E+11  2.89633E+01
 0.470  2.58375E+01  1.99991E+10  1.09671E+11  1.50723E+11  1.85414E+10  2.03952E+09  3.01115E+11  2.28898E+01
 0.480  2.64750E+01  1.91489E+10  1.11057E+11  1.53102E+11  1.76215E+10  1.84283E+09  3.13543E+11  2.06473E+01
 0.490  2.69625E+01  1.44028E+10  1.13043E+11  1.56562E+11  1.31689E+10  9.90745E+08  3.15913E+11  1.13902E+01
 0.500  2.74500E+01  1.72142E+10  1.15463E+11  1.60360E+11  1.58487E+10  1.01536E+09  3.19390E+11  1.11776E+01
 0.510  2.78625E+01  1.83236E+10  1.21462E+11  1.69049E+11  1.68834E+10  1.19081E+09  3.34689E+11  1.33430E+01
 0.520  2.83875E+01  1.68555E+10  1.20256E+11  1.67881E+11  1.56957E+10  1.11473E+09  3.33019E+11  1.21940E+01
 0.530  2.89500E+01  1.53467E+10  1.20204E+11  1.68360E+11  1.43058E+10  7.11922E+08  3.35467E+11  7.70803E+00
 0.540  2.94750E+01  1.57897E+10  1.22821E+11  1.72301E+11  1.47821E+10  7.13982E+08  3.44548E+11  8.27077E+00
