  45
 0.100   0.750  8.52113E+06  9.96433E+06  8.43521E+06  1.37899E+02  0.00000E+00  0.00000E+00  0.00000E+00  8.52113E+06  9.96433E+06  8.43521E+06
 0.110   0.975  1.88701E+07  2.20862E+07  1.86879E+07  1.47307E+02  3.88508E+06  4.70040E+06  3.82999E+06  1.49850E+07  1.73858E+07  1.48579E+07
 0.120   1.072  4.58565E+07  5.27616E+07  4.55235E+07  1.26346E+02  6.97930E+06  8.52258E+06  6.86905E+06  3.88772E+07  4.42391E+07  3.86544E+07
 0.130   1.414  1.08990E+08  1.28034E+08  1.08250E+08  1.39225E+02  1.63486E+07  1.99992E+07  1.60957E+07  9.26413E+07  1.08035E+08  9.21547E+07
 0.140   1.644  1.59054E+08  1.88949E+08  1.57713E+08  1.83533E+02  2.87681E+07  3.54222E+07  2.83168E+07  1.30286E+08  1.53527E+08  1.29397E+08
 0.150   1.841  1.99300E+08  2.41056E+08  1.97247E+08  2.37149E+02  3.69553E+07  4.59266E+07  3.63186E+07  1.62345E+08  1.95129E+08  1.60928E+08
 0.160   1.922  2.87200E+08  3.45747E+08  2.84300E+08  2.47998E+02  5.46420E+07  6.76906E+07  5.38020E+07  2.32558E+08  2.78057E+08  2.30498E+08
 0.170   1.511  4.44901E+08  5.29962E+08  4.41085E+08  2.30998E+02  1.43104E+08  1.78869E+08  1.41093E+08  3.01797E+08  3.51093E+08  2.99992E+08
 0.180   1.000  8.58920E+08  1.01683E+09  8.53397E+08  1.95163E+02  1.21579E+08  1.53493E+08  1.19532E+08  7.37341E+08  8.63340E+08  7.33865E+08
 0.190   1.402  1.74001E+09  2.07910E+09  1.72829E+09  2.20607E+02  2.37478E+08  3.01190E+08  2.33307E+08  1.50253E+09  1.77791E+09  1.49499E+09
 0.200   1.000  3.65024E+09  4.35780E+09  3.63011E+09  2.05951E+02  8.36631E+08  1.04250E+09  8.27777E+08  2.81361E+09  3.31529E+09  2.80234E+09
 0.210   2.307  5.48453E+09  6.74583E+09  5.43965E+09  3.08012E+02  1.78717E+09  2.26033E+09  1.76406E+09  3.69736E+09  4.48551E+09  3.67559E+09
 0.220   5.601  7.92391E+09  9.86445E+09  7.84263E+09  3.90321E+02  2.87458E+09  3.68676E+09  2.82787E+09  5.04933E+09  6.17769E+09  5.01476E+09
 0.230   5.009  1.06639E+10  1.31462E+10  1.05588E+10  3.91789E+02  3.05106E+09  3.94345E+09  2.99516E+09  7.61283E+09  9.20278E+09  7.56366E+09
 0.240   3.350  1.68834E+10  2.07258E+10  1.67352E+10  3.72561E+02  4.14219E+09  5.37063E+09  4.06503E+09  1.27412E+10  1.53552E+10  1.26702E+10
 0.250   4.994  2.42193E+10  3.00024E+10  2.40026E+10  4.01092E+02  5.84289E+09  7.57633E+09  5.73400E+09  1.83764E+10  2.24261E+10  1.82686E+10
 0.260   5.170  2.96990E+10  3.71786E+10  2.94174E+10  4.47147E+02  6.29916E+09  8.22778E+09  6.17179E+09  2.33998E+10  2.89508E+10  2.32456E+10
 0.270   7.924  3.66167E+10  4.62632E+10  3.62286E+10  5.17761E+02  8.65420E+09  1.13189E+10  8.48066E+09  2.79625E+10  3.49443E+10  2.77480E+10
 0.280   9.003  4.23555E+10  5.39002E+10  4.18767E+10  5.74486E+02  9.18141E+09  1.20955E+10  8.98172E+09  3.31741E+10  4.18047E+10  3.28950E+10
 0.290  10.348  4.61173E+10  5.93406E+10  4.55288E+10  6.68643E+02  9.88555E+09  1.31146E+10  9.65213E+09  3.62318E+10  4.62260E+10  3.58767E+10
 0.300  11.830  5.01177E+10  6.50139E+10  4.94156E+10  7.53904E+02  1.08999E+10  1.45052E+10  1.06308E+10  3.92178E+10  5.05086E+10  3.87847E+10
 0.310   9.778  5.10897E+10  6.67784E+10  5.02935E+10  8.60211E+02  1.03297E+10  1.38515E+10  1.00474E+10  4.07600E+10  5.29269E+10  4.02461E+10
 0.320  12.036  5.71840E+10  7.50966E+10  5.62421E+10  9.34941E+02  1.21062E+10  1.62443E+10  1.17726E+10  4.50779E+10  5.88522E+10  4.44695E+10
 0.330  12.594  6.06537E+10  8.00917E+10  5.95849E+10  1.02615E+03  1.26675E+10  1.70559E+10  1.23022E+10  4.79862E+10  6.30358E+10  4.72828E+10
 0.340  12.831  6.16940E+10  8.20582E+10  6.05098E+10  1.14278E+03  1.28038E+10  1.73200E+10  1.24071E+10  4.88903E+10  6.47382E+10  4.81027E+10
 0.350  14.195  6.45033E+10  8.62494E+10  6.31812E+10  1.24901E+03  1.39420E+10  1.88664E+10  1.35025E+10  5.05613E+10  6.73829E+10  4.96787E+10
 0.360  14.636  6.62397E+10  8.90536E+10  6.47856E+10  1.36078E+03  1.42872E+10  1.94019E+10  1.38111E+10  5.19524E+10  6.96516E+10  5.09745E+10
 0.370  14.132  6.85919E+10  9.24869E+10  6.70093E+10  1.46197E+03  1.49356E+10  2.03171E+10  1.44262E+10  5.36564E+10  7.21698E+10  5.25831E+10
 0.380  15.346  7.20913E+10  9.73467E+10  7.03697E+10  1.54188E+03  1.56946E+10  2.13793E+10  1.51446E+10  5.63967E+10  7.59674E+10  5.52251E+10
 0.390  17.633  7.45182E+10  1.01193E+11  7.26383E+10  1.66249E+03  1.68486E+10  2.30191E+10  1.62435E+10  5.76697E+10  7.81739E+10  5.63949E+10
 0.400  18.433  8.03761E+10  1.09055E+11  7.83007E+10  1.72795E+03  1.97280E+10  2.69379E+10  1.90273E+10  6.06481E+10  8.21166E+10  5.92734E+10
 0.410  19.185  7.90762E+10  1.07952E+11  7.68984E+10  1.87491E+03  1.80248E+10  2.47694E+10  1.73308E+10  6.10514E+10  8.31822E+10  5.95675E+10
 0.420  18.915  7.96469E+10  1.09287E+11  7.73325E+10  2.01314E+03  1.83443E+10  2.52770E+10  1.76145E+10  6.13026E+10  8.40095E+10  5.97181E+10
 0.430  20.426  8.41731E+10  1.15526E+11  8.16771E+10  2.08415E+03  2.03579E+10  2.79975E+10  1.95668E+10  6.38152E+10  8.75281E+10  6.21103E+10
 0.440  20.129  8.77207E+10  1.20173E+11  8.50644E+10  2.15047E+03  2.06876E+10  2.85298E+10  1.98480E+10  6.70330E+10  9.16430E+10  6.52164E+10
 0.450  18.810  9.14757E+10  1.25551E+11  8.86445E+10  2.23277E+03  2.21378E+10  3.05993E+10  2.12316E+10  6.93379E+10  9.49512E+10  6.74129E+10
 0.460  17.479  9.10021E+10  1.25078E+11  8.80785E+10  2.33788E+03  2.06556E+10  2.86133E+10  1.97513E+10  7.03465E+10  9.64649E+10  6.83272E+10
 0.470  19.739  9.80662E+10  1.35033E+11  9.48930E+10  2.39741E+03  2.41380E+10  3.34409E+10  2.31269E+10  7.39282E+10  1.01592E+11  7.17660E+10
 0.480  21.749  1.05260E+11  1.45319E+11  1.01815E+11  2.46726E+03  2.78416E+10  3.86604E+10  2.66993E+10  7.74181E+10  1.06659E+11  7.51161E+10
 0.490  18.199  1.02715E+11  1.42381E+11  9.91565E+10  2.63236E+03  2.62963E+10  3.66291E+10  2.51396E+10  7.64183E+10  1.05752E+11  7.40170E+10
 0.500  19.911  1.05409E+11  1.46568E+11  1.01685E+11  2.73760E+03  2.76255E+10  3.85343E+10  2.64295E+10  7.77839E+10  1.08034E+11  7.52553E+10
 0.510  21.855  1.11788E+11  1.55725E+11  1.07726E+11  2.84798E+03  3.13934E+10  4.38836E+10  3.00051E+10  8.03947E+10  1.11842E+11  7.77211E+10
 0.520  25.391  1.17139E+11  1.63573E+11  1.12808E+11  2.94785E+03  3.45716E+10  4.84343E+10  3.30685E+10  8.25673E+10  1.15139E+11  7.97393E+10
 0.530  24.933  1.15651E+11  1.62054E+11  1.11176E+11  3.11095E+03  3.31329E+10  4.65936E+10  3.16060E+10  8.25184E+10  1.15460E+11  7.95699E+10
 0.540  25.379  1.17586E+11  1.65181E+11  1.12899E+11  3.24248E+03  3.42302E+10  4.82032E+10  3.26323E+10  8.33560E+10  1.16978E+11  8.02667E+10
