  38
 0.110   1.037   0.900  2.25372E+06  2.62817E+06  2.24160E+06  1.04061E+02  0.00000E+00  0.00000E+00  0.00000E+00  2.25372E+06  2.62817E+06  2.24160E+06
 0.120   1.049   0.505  1.87791E+06  2.24933E+06  1.86026E+06  1.74039E+02  4.68324E+05  5.66277E+05  4.63812E+05  1.40959E+06  1.68306E+06  1.39644E+06
 0.130   1.303   0.846  3.78686E+06  4.40762E+06  3.75254E+06  1.69791E+02  9.52950E+05  1.17639E+06  9.37524E+05  2.83391E+06  3.23122E+06  2.81501E+06
 0.140   1.350   0.861  7.77785E+06  9.41579E+06  7.65124E+06  3.03692E+02  2.09757E+06  2.62174E+06  2.05381E+06  5.68028E+06  6.79405E+06  5.59743E+06
 0.150   2.052   1.428  5.61606E+06  6.87331E+06  5.51393E+06  3.49541E+02  2.41975E+06  3.02379E+06  2.37613E+06  3.19630E+06  3.84952E+06  3.13780E+06
 0.160   2.357   1.559  1.46757E+07  1.71673E+07  1.45048E+07  2.52469E+02  4.37670E+06  5.47784E+06  4.29315E+06  1.02990E+07  1.16895E+07  1.02116E+07
 0.170   2.344   1.879  2.34616E+07  2.78989E+07  2.32302E+07  2.43628E+02  4.55358E+06  5.75334E+06  4.45539E+06  1.89081E+07  2.21456E+07  1.87748E+07
 0.180   3.043   1.843  8.42280E+07  9.81986E+07  8.38194E+07  1.51629E+02  1.10200E+07  1.36633E+07  1.08652E+07  7.32080E+07  8.45353E+07  7.29543E+07
 0.190   2.663   1.421  1.53834E+08  1.84117E+08  1.52732E+08  2.31412E+02  3.32283E+07  4.19134E+07  3.27267E+07  1.20605E+08  1.42204E+08  1.20005E+08
 0.200   1.924   0.801  2.36247E+08  2.76925E+08  2.35049E+08  1.82472E+02  2.42010E+07  3.07763E+07  2.38060E+07  2.12046E+08  2.46148E+08  2.11243E+08
 0.210   2.004   0.752  9.34860E+07  1.14248E+08  9.26017E+07  3.33829E+02  1.41531E+07  1.81546E+07  1.38657E+07  7.93329E+07  9.60933E+07  7.87360E+07
 0.220   1.821   0.878  2.69241E+08  3.24325E+08  2.67845E+08  2.27071E+02  9.89831E+06  1.27289E+07  9.69690E+06  2.59343E+08  3.11596E+08  2.58148E+08
 0.230   3.712   1.448  2.46970E+08  3.05096E+08  2.44231E+08  4.26071E+02  4.88696E+07  6.33605E+07  4.77940E+07  1.98100E+08  2.41735E+08  1.96437E+08
 0.240   2.868   0.966  3.53044E+08  4.35456E+08  3.49604E+08  4.07077E+02  4.86793E+07  6.36197E+07  4.75186E+07  3.04364E+08  3.71836E+08  3.02085E+08
 0.250   3.707   1.092  3.34379E+08  4.17572E+08  3.30606E+08  4.79607E+02  6.69317E+07  8.65843E+07  6.54916E+07  2.67448E+08  3.30988E+08  2.65114E+08
 0.260   3.728   0.926  3.43969E+08  4.33052E+08  3.39536E+08  5.60235E+02  5.88334E+07  7.72520E+07  5.72800E+07  2.85136E+08  3.55800E+08  2.82256E+08
 0.270   1.896   0.435  2.04935E+08  2.58601E+08  2.02016E+08  6.30331E+02  2.15218E+07  2.86454E+07  2.07830E+07  1.83413E+08  2.29956E+08  1.81233E+08
 0.280   1.163   0.437  4.55742E+08  5.71862E+08  4.51469E+08  4.91605E+02  1.14902E+07  1.52666E+07  1.10469E+07  4.44252E+08  5.56596E+08  4.40422E+08
 0.290   6.046   3.022  3.95126E+08  4.99156E+08  3.88452E+08  7.48531E+02  7.16591E+07  9.53154E+07  6.90668E+07  3.23467E+08  4.03840E+08  3.19385E+08
 0.300   8.050   4.045  2.96427E+08  3.80394E+08  2.90848E+08  8.36962E+02  4.82002E+07  6.44749E+07  4.63227E+07  2.48226E+08  3.15919E+08  2.44525E+08
 0.310   5.708   2.258  5.38612E+08  6.67614E+08  5.31756E+08  6.16548E+02  5.43315E+07  7.27437E+07  5.23019E+07  4.84280E+08  5.94870E+08  4.79454E+08
 0.320   5.797   1.772  1.37879E+09  1.66083E+09  1.36737E+09  4.23311E+02  7.72883E+07  1.03544E+08  7.41391E+07  1.30150E+09  1.55728E+09  1.29323E+09
 0.330   7.887   2.709  2.26796E+09  2.75051E+09  2.25339E+09  3.58415E+02  1.09448E+08  1.45034E+08  1.05635E+08  2.15851E+09  2.60548E+09  2.14775E+09
 0.340   6.679   1.815  2.75967E+09  3.38996E+09  2.74078E+09  3.98771E+02  1.07919E+08  1.43525E+08  1.03984E+08  2.65175E+09  3.24644E+09  2.63679E+09
 0.350   8.019   2.892  3.11050E+09  3.88573E+09  3.08611E+09  4.78291E+02  1.63597E+08  2.16579E+08  1.58480E+08  2.94690E+09  3.66915E+09  2.92763E+09
 0.360  10.691   4.689  3.24892E+09  4.13727E+09  3.21857E+09  5.90316E+02  2.38245E+08  3.14734E+08  2.31596E+08  3.01067E+09  3.82254E+09  2.98697E+09
 0.370  10.172   2.596  3.25962E+09  4.19994E+09  3.22537E+09  6.90410E+02  2.47287E+08  3.26411E+08  2.40787E+08  3.01234E+09  3.87353E+09  2.98459E+09
 0.380  11.325   4.056  4.03175E+09  5.17417E+09  3.99009E+09  7.06551E+02  2.93809E+08  3.90392E+08  2.85923E+08  3.73794E+09  4.78378E+09  3.70417E+09
 0.390  10.303   3.131  4.41094E+09  5.69167E+09  4.36324E+09  7.66794E+02  2.61730E+08  3.50712E+08  2.53831E+08  4.14921E+09  5.34096E+09  4.10941E+09
 0.400  11.472   5.736  5.70442E+09  7.27890E+09  5.64633E+09  7.34717E+02  3.35496E+08  4.51423E+08  3.24897E+08  5.36892E+09  6.82747E+09  5.32143E+09
 0.410   6.982   1.364  5.96153E+09  7.40628E+09  5.89030E+09  7.45902E+02  2.14425E+08  2.92664E+08  2.03534E+08  5.74710E+09  7.11362E+09  5.68677E+09
 0.420   2.733   0.726  5.20710E+09  6.39007E+09  5.14508E+09  6.35720E+02  8.70571E+07  1.16239E+08  8.20776E+07  5.12004E+09  6.27383E+09  5.06300E+09
 0.430  10.346   3.218  1.07682E+09  1.35221E+09  1.05412E+09  1.12613E+03  2.54324E+08  3.40075E+08  2.45259E+08  8.22497E+08  1.01213E+09  8.08864E+08
 0.440   8.094   2.680  2.54350E+09  3.16336E+09  2.50451E+09  8.93641E+02  5.13854E+08  6.99835E+08  4.95457E+08  2.02964E+09  2.46353E+09  2.00905E+09
 0.450   6.015   1.201  4.17921E+09  5.07444E+09  4.14575E+09  5.19098E+02  3.82671E+08  5.21889E+08  3.68521E+08  3.79654E+09  4.55256E+09  3.77722E+09
 0.460  11.034   2.028  6.41213E+09  8.01224E+09  6.36039E+09  5.92396E+02  8.73703E+08  1.17157E+09  8.49001E+08  5.53843E+09  6.84067E+09  5.51139E+09
 0.470   9.461   1.503  6.12251E+09  7.78002E+09  6.06996E+09  6.68754E+02  6.71968E+08  9.10024E+08  6.51258E+08  5.45054E+09  6.87000E+09  5.41870E+09
 0.480  10.161   1.718  6.67131E+09  8.58572E+09  6.60983E+09  7.60473E+02  8.55011E+08  1.15284E+09  8.31584E+08  5.81630E+09  7.43289E+09  5.77825E+09
