  38
 0.110   1.037   0.900  7.53323E-03  8.61689E-03  8.95767E-03
 0.120   1.049   0.505  3.01790E-03  3.00733E-03  3.39834E-03
 0.130   1.303   0.846  2.94308E-02  3.72209E-02  1.82988E-02
 0.140   1.350   0.861  2.91219E-02  3.74447E-02  1.80659E-02
 0.150   2.052   1.428  1.45109E-02  1.77452E-02  1.03648E-02
 0.160   2.357   1.559  1.02459E-01  1.32904E-01  6.81298E-02
 0.170   2.344   1.879  1.18404E-01  1.06157E-01  1.26979E-01
 0.180   3.043   1.843  5.54435E-01  5.65822E-01  5.20791E-01
 0.190   2.663   1.421  5.78781E-01  6.54158E-01  5.79334E-01
 0.200   1.924   0.801  1.74724E+00  2.01475E+00  1.25568E+00
 0.210   2.004   0.752  3.23525E-01  4.12318E-01  2.16287E-01
 0.220   1.821   0.878  9.67572E-01  1.01251E+00  8.42957E-01
 0.230   3.712   1.448  8.71483E-01  9.91185E-01  6.53180E-01
 0.240   2.868   0.966  1.10086E+00  1.10774E+00  1.03282E+00
 0.250   3.707   1.092  4.86311E-01  4.40107E-01  6.18988E-01
 0.260   3.728   0.926  7.12132E-01  7.13072E-01  6.44478E-01
 0.270   1.896   0.435  4.90239E-01  5.90844E-01  4.18401E-01
 0.280   1.163   0.437  9.57820E-01  1.06461E+00  8.04830E-01
 0.290   6.046   3.022  1.31489E+00  1.22907E+00  1.11379E+00
 0.300   8.050   4.045  2.37906E-01  2.20314E-01  2.63393E-01
 0.310   5.708   2.258  2.39317E+00  2.69745E+00  1.88744E+00
 0.320   5.797   1.772  8.22911E+00  9.09893E+00  6.43416E+00
 0.330   7.887   2.709  6.86934E+00  6.89133E+00  8.04186E+00
 0.340   6.679   1.815  6.40364E+00  6.98774E+00  6.73155E+00
 0.350   8.019   2.892  5.37720E+00  5.31304E+00  5.37654E+00
 0.360  10.691   4.689  2.20044E+00  1.98114E+00  2.74302E+00
 0.370  10.172   2.596  2.84407E+00  3.05450E+00  2.27614E+00
 0.380  11.325   4.056  5.04455E+00  4.63817E+00  5.90339E+00
 0.390  10.303   3.131  5.83537E+00  6.15656E+00  5.09808E+00
 0.400  11.472   5.736  1.09388E+01  1.12004E+01  1.10166E+01
 0.410   6.982   1.364  3.30089E+01  3.63600E+01  2.43902E+01
 0.420   2.733   0.726  1.87637E+01  1.97483E+01  1.70510E+01
 0.430  10.346   3.218  4.39229E+00  4.44510E+00  4.18189E+00
 0.440   8.094   2.680  9.12944E+00  8.51243E+00  9.81039E+00
 0.450   6.015   1.201  1.86837E+01  1.87333E+01  1.72692E+01
 0.460  11.034   2.028  8.77819E+00  8.23332E+00  1.03536E+01
 0.470   9.461   1.503  7.30576E+00  7.24180E+00  6.82685E+00
 0.480  10.161   1.718  5.83640E+00  5.95519E+00  5.67610E+00
