  38
 0.110   7.500   1.037  8.77557E+09  6.71931E+08  7.43082E+07  8.68695E+07  8.02933E+09  2.46202E+06  2.04542E+07  2.40131E+07  3.77947E+08  1.04312E+09  7.52333E+07  8.79159E+07  9.72901E+09  1.02035E+07  3.03657E+07  3.55935E+07  6.15057E+08
 0.120   9.000   1.049  1.14536E+10  8.73198E+08  8.25991E+07  9.91942E+07  1.04978E+10  1.65984E+07  2.42402E+07  2.92497E+07  4.47034E+08  1.03200E+09  8.38131E+07  1.00585E+08  1.16941E+10  1.91158E+07  2.98203E+07  3.59851E+07  5.74485E+08
 0.130  10.000   1.303  1.21450E+10  1.10893E+09  1.00021E+08  1.20763E+08  1.09361E+10  3.10573E+07  3.64362E+07  4.41554E+07  5.52288E+08  1.10893E+09  1.00021E+08  1.20763E+08  1.09361E+10  5.37809E+07  4.80626E+07  5.82946E+07  8.38283E+08
 0.140  10.750   1.350  1.26161E+10  1.14278E+09  1.21854E+08  1.48287E+08  1.13515E+10  4.74055E+07  4.67589E+07  5.70104E+07  6.01173E+08  1.06198E+09  1.21020E+08  1.47262E+08  1.04097E+10  7.19606E+07  5.84424E+07  7.12500E+07  8.46846E+08
 0.150  17.000   2.052  4.02288E+10  3.82359E+09  4.36936E+08  5.24271E+08  3.59683E+10  9.34701E+07  8.35042E+07  1.02233E+08  1.26877E+09  1.32505E+09  1.50609E+08  1.84649E+08  1.35745E+10  1.26093E+08  9.35898E+07  1.14585E+08  1.66268E+09
 0.160  21.250   2.357  6.33313E+10  6.05391E+09  5.75123E+08  6.96124E+08  5.67022E+10  4.39338E+08  1.92563E+08  2.32260E+08  3.60795E+09  2.94836E+09  5.57116E+08  6.73640E+08  2.96484E+10  5.03085E+08  2.03298E+08  2.45223E+08  4.17994E+09
 0.170  24.250   2.344  7.78441E+10  7.63190E+09  1.17815E+09  1.39567E+09  6.90340E+10  5.67828E+08  4.03951E+08  4.76723E+08  3.82428E+09  3.87377E+09  1.08114E+09  1.27828E+09  3.33695E+10  5.37401E+08  3.94884E+08  4.66114E+08  3.62882E+09
 0.180  26.500   3.043  8.76944E+10  7.24910E+09  1.67030E+09  2.01362E+09  7.87750E+10  7.34444E+08  8.06255E+08  9.64729E+08  5.00467E+09  3.30525E+09  1.59109E+09  1.91575E+09  3.20634E+10  9.34227E+08  9.12471E+08  1.09156E+09  6.33048E+09
 0.190  28.500   2.663  9.19877E+10  6.43241E+09  2.16827E+09  2.63614E+09  8.33870E+10  7.90804E+08  1.44981E+09  1.74621E+09  6.23246E+09  3.15549E+09  2.09059E+09  2.53938E+09  2.94863E+10  7.34003E+08  1.39923E+09  1.68383E+09  5.65207E+09
 0.200  30.000   1.924  9.15629E+10  5.26044E+09  2.66114E+09  3.26670E+09  8.36413E+10  8.03971E+08  2.02717E+09  2.46567E+09  7.17483E+09  2.18077E+09  2.54951E+09  3.12608E+09  2.91079E+10  5.85889E+08  1.64575E+09  1.98805E+09  3.76284E+09
 0.210  31.500   2.004  9.11596E+10  4.57642E+09  2.97248E+09  3.71153E+09  8.36107E+10  5.23765E+08  2.33454E+09  2.89569E+09  7.55918E+09  1.54279E+09  2.88711E+09  3.60215E+09  2.96530E+10  3.69340E+08  1.95963E+09  2.42003E+09  3.97617E+09
 0.220  33.250   1.821  9.54665E+10  4.76643E+09  3.17684E+09  4.01637E+09  8.75232E+10  3.54555E+08  2.58529E+09  3.25209E+09  8.24565E+09  1.30391E+09  3.08539E+09  3.89827E+09  3.03197E+10  1.94761E+08  2.09187E+09  2.61831E+09  3.56514E+09
 0.230  35.750   3.712  1.02705E+11  5.32077E+09  3.47178E+09  4.41516E+09  9.39121E+10  7.23631E+08  2.93206E+09  3.71219E+09  9.40452E+09  1.95034E+09  3.36919E+09  4.28126E+09  3.06506E+10  7.54239E+08  2.95875E+09  3.74678E+09  9.87641E+09
 0.240  38.000   2.868  1.09110E+11  5.58303E+09  3.89768E+09  4.96848E+09  9.96296E+10  1.27971E+09  3.38716E+09  4.30508E+09  1.10653E+10  2.39466E+09  3.81301E+09  4.85730E+09  3.28075E+10  9.99506E+08  3.16571E+09  4.01959E+09  7.64623E+09
 0.250  41.250   3.707  1.24329E+11  5.71777E+09  4.44681E+09  5.68623E+09  1.14165E+11  6.24392E+08  3.94526E+09  5.02904E+09  1.15556E+10  1.30461E+09  4.31722E+09  5.51722E+09  3.16898E+10  5.50109E+08  3.87108E+09  4.93249E+09  1.01565E+10
 0.260  44.750   3.728  1.42712E+11  6.60585E+09  4.76901E+09  6.14348E+09  1.31337E+11  7.88117E+08  4.30614E+09  5.53379E+09  1.31002E+10  1.40431E+09  4.62253E+09  5.95182E+09  3.15383E+10  6.76953E+08  4.18017E+09  5.36810E+09  1.05503E+10
 0.270  53.500   1.896  2.17018E+11  1.40315E+10  5.50365E+09  7.11766E+09  1.97483E+11  6.67880E+08  4.67498E+09  6.05333E+09  1.61477E+10  1.07472E+09  4.90071E+09  6.35350E+09  3.16016E+10  3.83307E+08  3.71615E+09  4.78778E+09  4.36559E+09
 0.280  60.750   1.163  2.85446E+11  2.16655E+10  6.07978E+09  7.88208E+09  2.57701E+11  7.52005E+08  5.08358E+09  6.60955E+09  1.94137E+10  1.20544E+09  5.24700E+09  6.82772E+09  3.35380E+10  2.24678E+08  3.24157E+09  4.16998E+09  2.11595E+09
 0.290  64.500   6.046  3.11045E+11  2.45392E+10  6.97760E+09  9.00351E+09  2.79528E+11  1.63446E+09  5.71615E+09  7.41992E+09  2.61701E+10  3.00326E+09  5.88586E+09  7.63669E+09  4.56666E+10  1.49308E+09  5.68365E+09  7.37790E+09  2.41126E+10
 0.300  67.750   8.050  3.27881E+11  2.57547E+10  7.49972E+09  9.75940E+09  2.94627E+11  1.47585E+09  6.12169E+09  7.98903E+09  2.26967E+10  2.92808E+09  6.28604E+09  8.20285E+09  3.58881E+10  1.96808E+09  6.21033E+09  8.10415E+09  2.77337E+10
 0.310  70.750   5.708  3.38594E+11  2.70135E+10  8.08993E+09  1.05506E+10  3.03491E+11  2.44034E+09  6.85940E+09  8.94857E+09  2.70283E+10  3.90306E+09  7.21241E+09  9.41200E+09  4.05981E+10  1.87929E+09  6.65471E+09  8.67880E+09  2.09975E+10
 0.320  73.250   5.797  3.42084E+11  2.77988E+10  9.15036E+09  1.18792E+10  3.05135E+11  4.94923E+09  7.88687E+09  1.02146E+10  2.87315E+10  6.27048E+09  8.15990E+09  1.05730E+10  4.10302E+10  4.18265E+09  7.63494E+09  9.88858E+09  2.17259E+10
 0.330  75.500   7.887  3.39484E+11  2.75563E+10  1.05418E+10  1.36652E+10  3.01386E+11  3.57491E+09  9.32973E+09  1.20644E+10  2.95681E+10  4.97959E+09  9.65262E+09  1.24855E+10  4.06766E+10  3.76707E+09  9.37879E+09  1.21282E+10  3.10866E+10
 0.340  77.250   6.679  3.37019E+11  2.66906E+10  1.18228E+10  1.53439E+10  2.98505E+11  4.63582E+09  1.05932E+10  1.37153E+10  3.20466E+10  5.84108E+09  1.09065E+10  1.41253E+10  4.24818E+10  4.02658E+09  1.04024E+10  1.34691E+10  2.72699E+10
 0.350  80.750   8.019  3.53544E+11  2.65442E+10  1.29049E+10  1.68606E+10  3.14095E+11  4.00862E+09  1.15275E+10  1.50284E+10  3.42402E+10  5.07027E+09  1.18234E+10  1.54161E+10  4.35630E+10  3.96269E+09  1.15180E+10  1.50159E+10  3.39725E+10
 0.360  85.750  10.691  3.88501E+11  2.97074E+10  1.33099E+10  1.75532E+10  3.45484E+11  2.48992E+09  1.17800E+10  1.55274E+10  3.62289E+10  3.46339E+09  1.20522E+10  1.58813E+10  4.31017E+10  4.05358E+09  1.21678E+10  1.60314E+10  4.64355E+10
 0.370  91.000  10.172  4.31379E+11  3.23755E+10  1.35635E+10  1.80321E+10  3.85440E+11  4.69662E+09  1.21208E+10  1.60990E+10  3.94696E+10  5.34869E+09  1.22860E+10  1.63172E+10  4.38874E+10  5.46849E+09  1.23129E+10  1.63528E+10  4.47202E+10
 0.380 105.250  11.325  6.02080E+11  4.37586E+10  1.57784E+10  2.09723E+10  5.42543E+11  5.98462E+09  1.30950E+10  1.74036E+10  4.80183E+10  5.32931E+09  1.29990E+10  1.72784E+10  4.53090E+10  6.85359E+09  1.32187E+10  1.75670E+10  5.21250E+10
 0.390 119.500  10.303  8.20578E+11  5.75744E+10  2.43703E+10  3.25418E+10  7.38634E+11  9.93051E+09  1.38010E+10  1.84036E+10  5.57403E+10  8.11662E+09  1.34931E+10  1.79943E+10  4.52405E+10  8.38182E+09  1.35520E+10  1.80718E+10  4.68468E+10
 0.400 124.750  11.472  8.73289E+11  5.90326E+10  2.64565E+10  3.52204E+10  7.87800E+11  1.29277E+10  1.56048E+10  2.06888E+10  7.47672E+10  9.48479E+09  1.51377E+10  2.00819E+10  5.70124E+10  1.14756E+10  1.54479E+10  2.04845E+10  6.75661E+10
 0.410 129.500   6.982  9.10455E+11  5.43534E+10  3.33193E+10  4.32992E+10  8.22782E+11  1.57755E+10  2.24751E+10  2.87437E+10  9.90106E+10  1.24472E+10  2.14264E+10  2.73809E+10  6.94061E+10  9.55636E+09  1.98198E+10  2.53294E+10  4.27224E+10
 0.420 133.750   2.733  9.42010E+11  4.90230E+10  3.81952E+10  4.99052E+10  8.54792E+11  7.94658E+09  2.55096E+10  3.28259E+10  6.47769E+10  5.62190E+09  2.46602E+10  3.17127E+10  4.57962E+10  2.06631E+09  1.54011E+10  1.96576E+10  9.29669E+09
 0.430 138.250  10.346  9.74979E+11  4.65737E+10  4.11660E+10  5.41959E+10  8.87240E+11  1.10767E+10  3.70586E+10  4.86319E+10  9.49271E+10  7.59035E+09  3.15313E+10  4.12277E+10  6.28146E+10  8.09151E+09  3.28944E+10  4.30286E+10  6.60232E+10
 0.440 143.000   8.094  1.01752E+12  4.83498E+10  4.45825E+10  5.89525E+10  9.24589E+11  1.05178E+10  3.80795E+10  5.01152E+10  9.49150E+10  7.74826E+09  3.60231E+10  4.73754E+10  6.24995E+10  6.12430E+09  3.45334E+10  4.53869E+10  4.93367E+10
 0.450 146.750   6.015  1.03375E+12  4.89762E+10  4.69214E+10  6.23775E+10  9.37857E+11  9.47933E+09  4.16400E+10  5.51476E+10  1.01499E+11  7.32441E+09  3.89339E+10  5.14728E+10  6.64832E+10  5.12820E+09  3.38251E+10  4.45818E+10  3.62934E+10
 0.460 150.750  11.034  1.05052E+12  4.95662E+10  4.85510E+10  6.50230E+10  9.52399E+11  8.77644E+09  4.32276E+10  5.77099E+10  1.03148E+11  5.95396E+09  4.01718E+10  5.35312E+10  6.51567E+10  6.57295E+09  4.09515E+10  5.45956E+10  7.30216E+10
 0.470 155.750   9.461  1.09010E+12  5.41756E+10  4.98708E+10  6.72673E+10  9.86053E+11  8.51928E+09  4.41624E+10  5.94138E+10  1.07965E+11  6.55524E+09  4.09993E+10  5.50655E+10  6.56875E+10  6.01458E+09  4.05105E+10  5.43991E+10  6.15685E+10
 0.480 159.750  10.161  1.11184E+12  5.68484E+10  5.06050E+10  6.86638E+10  1.00438E+12  8.14306E+09  4.48709E+10  6.07683E+10  1.15342E+11  5.48889E+09  4.14429E+10  5.60330E+10  6.70575E+10  5.59672E+09  4.16100E+10  5.62623E+10  6.83840E+10
