  38
 0.110  7.50000E+00  8.77557E+09  7.09318E+01
 0.120  9.00000E+00  1.14536E+10  7.39748E+01
 0.130  1.00000E+01  1.21450E+10  7.22659E+01
 0.140  1.07500E+01  1.26161E+10  7.10383E+01
 0.150  1.70000E+01  4.02288E+10  1.00874E+02
 0.160  2.12500E+01  6.33313E+10  1.13205E+02
 0.170  2.42500E+01  7.78441E+10  1.17487E+02
 0.180  2.65000E+01  8.76944E+10  1.19288E+02
 0.190  2.85000E+01  9.19877E+10  1.17809E+02
 0.200  3.00000E+01  9.15629E+10  1.14560E+02
 0.210  3.15000E+01  9.11596E+10  1.11553E+02
 0.220  3.32500E+01  9.54665E+10  1.11113E+02
 0.230  3.57500E+01  1.02705E+11  1.11145E+02
 0.240  3.80000E+01  1.09110E+11  1.11116E+02
 0.250  4.12500E+01  1.24329E+11  1.13844E+02
 0.260  4.47500E+01  1.42712E+11  1.17103E+02
 0.270  5.35000E+01  2.17018E+11  1.32070E+02
 0.280  6.07500E+01  2.85446E+11  1.42142E+02
 0.290  6.45000E+01  3.11045E+11  1.44001E+02
 0.300  6.77500E+01  3.27881E+11  1.44257E+02
 0.310  7.07500E+01  3.38594E+11  1.43453E+02
 0.320  7.32500E+01  3.42084E+11  1.41709E+02
 0.330  7.55000E+01  3.39484E+11  1.39050E+02
 0.340  7.72500E+01  3.37019E+11  1.36966E+02
 0.350  8.07500E+01  3.53544E+11  1.37210E+02
 0.360  8.57500E+01  3.88501E+11  1.39577E+02
 0.370  9.10000E+01  4.31379E+11  1.42772E+02
 0.380  1.05250E+02  6.02080E+11  1.56838E+02
 0.390  1.19500E+02  8.20578E+11  1.71834E+02
 0.400  1.24750E+02  8.73289E+11  1.73497E+02
 0.410  1.29500E+02  9.10455E+11  1.73872E+02
 0.420  1.33750E+02  9.42010E+11  1.74026E+02
 0.430  1.38250E+02  9.74979E+11  1.74140E+02
 0.440  1.43000E+02  1.01752E+12  1.74919E+02
 0.450  1.46750E+02  1.03375E+12  1.74042E+02
 0.460  1.50750E+02  1.05052E+12  1.73104E+02
 0.470  1.55750E+02  1.09010E+12  1.73482E+02
 0.480  1.59750E+02  1.11184E+12  1.72995E+02
