  38
 0.110        18582 -0.63775E-02 -0.20071E-01 -0.30387E-01  0.65779E+02 -0.96091E+01 -0.11367E+03 -0.61599E+00  0.59374E+00 -0.51772E+00   1.037   0.900
 0.120        48403  0.18803E-01 -0.59269E-02 -0.89926E-02 -0.10874E+02  0.31157E+01 -0.48035E+02 -0.63636E+00 -0.76749E+00 -0.77461E-01   1.049   0.505
 0.130        59368  0.14179E-01  0.28359E-01 -0.11078E-01  0.19980E+02  0.43767E+02  0.17198E+02  0.29151E+00 -0.50419E+00  0.81291E+00   1.303   0.846
 0.140        82206  0.23848E-02  0.19555E-01 -0.14309E-01  0.56013E+02  0.14074E+02 -0.17286E+02 -0.12633E+00 -0.42422E+00 -0.89670E+00   1.350   0.861
 0.150        33888  0.51115E-02  0.10990E-01 -0.10223E-01  0.13094E+02 -0.25927E+01  0.67852E+01  0.71939E+00 -0.61602E+00 -0.32094E+00   2.052   1.428
 0.160       118614  0.15812E-01 -0.15540E-01 -0.70882E-02  0.75605E+01  0.16719E+02 -0.22217E+01 -0.40753E+00 -0.33287E+00 -0.85037E+00   2.357   1.559
 0.170       159615 -0.75279E-02  0.14477E-02  0.81070E-02 -0.35077E+02 -0.22276E+02 -0.89981E+01 -0.20567E+00 -0.16353E+00 -0.96486E+00   2.344   1.879
 0.180       166285 -0.85854E-02 -0.15331E-01 -0.42927E-02 -0.66446E+01 -0.21897E+02 -0.16088E+02  0.53810E+00  0.77336E+00  0.33521E+00   3.043   1.843
 0.190       232030  0.25896E-02 -0.61502E-02  0.38843E-02 -0.46664E+02 -0.95336E+02 -0.61878E+02  0.37615E+00 -0.92037E+00  0.10688E+00   2.663   1.421
 0.200       249828  0.13629E-02 -0.34073E-03 -0.68146E-03 -0.13322E+03  0.11773E+03  0.18600E+02 -0.11679E+00 -0.97350E+00 -0.19662E+00   1.924   0.801
 0.210       354025 -0.71580E-03 -0.10737E-02 -0.35790E-02  0.41340E+01 -0.16180E+02 -0.29887E+02 -0.64457E+00  0.54967E+00  0.53141E+00   2.004   0.752
 0.220       357636  0.14989E-02  0.14989E-02  0.14989E-02  0.43722E+02  0.23233E+02 -0.11228E+02 -0.29949E+00  0.27216E-01  0.95371E+00   1.821   0.878
 0.230       301873  0.00000E+00 -0.11753E-02  0.15671E-02  0.19020E+03  0.50807E+02 -0.22961E+03 -0.75846E+00  0.62004E+00 -0.20071E+00   3.712   1.448
 0.240       319716  0.16352E-02 -0.40879E-03 -0.16352E-02 -0.33722E+02  0.69947E+02 -0.14615E+02 -0.76071E+00  0.57765E+00 -0.29605E+00   2.868   0.966
 0.250       410828  0.34073E-02  0.00000E+00 -0.85182E-03 -0.22683E+03 -0.20738E+02  0.12788E+03 -0.93674E+00  0.68118E-01 -0.34335E+00   3.707   1.092
 0.260       292610  0.17723E-02  0.88614E-03  0.00000E+00 -0.13015E+03  0.41421E+03 -0.24847E+03 -0.96725E+00 -0.56043E-01 -0.24758E+00   3.728   0.926
 0.270       573362 -0.18397E-02 -0.91984E-03 -0.91984E-03 -0.12822E+03 -0.28507E+03 -0.25191E+02 -0.73800E+00 -0.67380E+00 -0.36679E-01   1.896   0.435
 0.280       304350  0.95447E-03  0.95447E-03 -0.95447E-03 -0.60411E-01  0.36624E+03 -0.22417E+03 -0.29846E+00 -0.43423E+00  0.84992E+00   1.163   0.437
 0.290       381239  0.00000E+00  0.14819E-02 -0.98792E-03  0.11129E+03 -0.62390E+02  0.73821E+02  0.99818E+00 -0.19296E-03 -0.60243E-01   6.046   3.022
 0.300       134658 -0.10219E-02 -0.20438E-02  0.00000E+00  0.30042E+03 -0.69042E+02 -0.89108E+02  0.44926E+00 -0.79393E+00 -0.40968E+00   8.050   4.045
 0.310       562902  0.00000E+00  0.36955E-02  0.10559E-02 -0.12023E+03  0.22100E+03 -0.52629E+01  0.37091E-01 -0.98946E+00  0.13998E+00   5.708   2.258
 0.320       233578  0.00000E+00 -0.38168E-02 -0.32715E-02 -0.15061E+03 -0.11172E+03 -0.53515E+02  0.11159E+00 -0.89204E+00  0.43796E+00   5.797   1.772
 0.330       850973  0.00000E+00  0.11243E-02  0.00000E+00  0.17472E+03 -0.11982E+03  0.75175E+02  0.13724E+00 -0.80131E+00  0.58230E+00   7.887   2.709
 0.340      1300727  0.23172E-02  0.17379E-02 -0.23172E-02 -0.26805E+03  0.11419E+03  0.11734E+03  0.16141E+00 -0.82807E+00  0.53689E+00   6.679   1.815
 0.350       720963  0.00000E+00 -0.29823E-02  0.11929E-02  0.18491E+03 -0.11607E+02  0.30613E+03  0.12767E+00 -0.74660E+00  0.65290E+00   8.019   2.892
 0.360      1549021  0.24526E-02 -0.61315E-03  0.24526E-02  0.29342E+02  0.26019E+03 -0.40487E+02  0.24524E+00 -0.69762E+00  0.67319E+00  10.691   4.689
 0.370       796863  0.00000E+00  0.00000E+00 -0.12607E-02  0.10405E+03 -0.11237E+03 -0.56552E+02  0.25246E+00 -0.75404E+00  0.60638E+00  10.172   2.596
 0.380      1669793  0.12945E-02  0.25890E-02  0.25890E-02 -0.15294E+03  0.60669E+02 -0.40533E+01  0.22947E+00 -0.76712E+00  0.59906E+00  11.325   4.056
 0.390      1276512  0.00000E+00  0.13292E-02  0.26584E-02 -0.39890E+00  0.12206E+03 -0.87507E+02  0.25570E+00 -0.75031E+00  0.60963E+00  10.303   3.131
 0.400       347013  0.13626E-02  0.13626E-02  0.40879E-02  0.15126E+03  0.28136E+03 -0.13237E+03  0.43708E+00 -0.81774E+00  0.37451E+00  11.472   5.736
 0.410      2251153  0.00000E+00  0.00000E+00 -0.13965E-02  0.25003E+03  0.18770E+03 -0.12288E+03  0.35737E+00 -0.85983E+00  0.36465E+00   6.982   1.364
 0.420      2495352 -0.14311E-02  0.00000E+00  0.00000E+00  0.36418E+02 -0.68832E+02  0.44848E+02  0.75615E+00 -0.64904E+00  0.83630E-01   2.733   0.726
 0.430      2155600  0.14650E-02  0.14650E-02 -0.14650E-02 -0.27388E+03  0.89404E+02 -0.16021E+02 -0.37895E+00  0.49688E+00 -0.78071E+00  10.346   3.218
 0.440      2642605  0.00000E+00  0.00000E+00  0.00000E+00  0.57834E+01  0.43400E+03  0.61748E+02 -0.18059E+00  0.32931E+00 -0.92679E+00   8.094   2.680
 0.450      1904075  0.15330E-02 -0.15330E-02  0.15330E-02 -0.10061E+03 -0.13470E+03  0.53832E+02  0.42746E-01  0.45532E+00 -0.88930E+00   6.015   1.201
 0.460      1911361  0.00000E+00  0.15675E-02  0.00000E+00  0.11175E+03 -0.30329E+03 -0.55560E+02 -0.30615E-01  0.34704E+00 -0.93735E+00  11.034   2.028
 0.470      3037609  0.00000E+00  0.32020E-02  0.00000E+00  0.23106E+03 -0.11409E+03  0.16042E+02  0.31857E-01  0.35850E+00 -0.93298E+00   9.461   1.503
 0.480      2466676  0.00000E+00 -0.32699E-02 -0.32699E-02  0.90695E+02  0.16723E+03  0.24033E+03  0.48499E-01  0.48393E+00 -0.87376E+00  10.161   1.718
