  38
 0.110  1.06113E-01  9.20939E-02 -2.09226E-01  1.68669E+00  2.95916E+00 -7.20884E+00   1.037  1.02035E+07  2.08559E+07  3.03657E+07  0.00000E+00  6.15057E+08  9.27567E-02  1.18035E+02   7.646   7.435
 0.120  1.35417E-02 -1.11008E-01  2.08460E-01 -4.39450E-01 -1.20162E+01  1.09514E+01   1.049  1.91158E+07  1.98741E+07  2.98203E+07  6.67626E+06  5.74485E+08  2.65338E-02  2.00157E+02   7.671   7.457
 0.130  1.57807E-01 -1.93420E-01 -1.11422E-01  1.23732E+01  2.42083E+01 -4.61396E+00   1.303  5.37809E+07  5.87675E+07  4.80626E+07  1.46587E+07  8.38283E+08  1.05855E-01  2.47692E+02   7.506   7.441
 0.140 -8.35881E-02 -1.00551E-01  1.72711E-01 -1.65178E+01  8.65034E+00  1.89217E+00   1.350  7.19606E+07  7.81078E+07  5.84424E+07  1.51962E+07  8.46846E+08  1.16108E-01  2.93240E+02   7.497   7.457
 0.150  4.49259E-01  1.14810E-01 -6.76697E-02 -5.47296E+00  2.54405E+00 -1.30561E+01   2.052  1.26093E+08  1.30010E+08  9.35898E+07  3.23800E+07  1.66268E+09  1.95434E-01  3.32460E+02   7.511   7.432
 0.160  2.99229E-01 -3.52567E-02 -3.31712E-03 -1.08484E+01 -1.64319E+01  2.56176E+01   2.357  5.03085E+08  5.24560E+08  2.03298E+08  8.64885E+07  4.17994E+09  8.31140E-01  2.98284E+02   7.647   7.399
 0.170  2.82315E-01  1.05545E-01 -4.71531E-01  4.69731E+01 -1.16588E+01 -2.53461E+01   2.344  5.37401E+08  7.41044E+08  3.94884E+08  6.34342E+07  3.62882E+09  2.31208E+00  2.05206E+02   7.821   7.779
 0.180  3.07739E-01 -6.97353E-02  2.83008E-01  1.19855E+01  2.50047E+01 -6.80652E+01   3.043  9.34227E+08  1.15827E+09  9.12471E+08  2.83214E+08  6.33048E+09  3.15919E+00  2.18142E+02   7.970   7.850
 0.190  8.50436E-02 -1.94950E-02  3.33621E-01  4.98819E+00 -9.74119E+00 -1.39582E+01   2.663  7.34003E+08  1.11148E+09  1.39923E+09  3.89863E+08  5.65207E+09  5.21336E+00  2.40807E+02   8.142   7.960
 0.200  7.05422E-02  5.52489E-02 -1.53164E-01 -9.73109E-01 -4.09882E-01  8.11683E+00   1.924  5.85889E+08  1.01941E+09  1.64575E+09  2.84323E+08  3.76284E+09  6.28041E+00  2.57540E+02   8.376   8.098
 0.210 -1.02088E-01 -3.06457E-02 -7.46129E-03 -4.25800E+00 -8.26475E+00  1.79876E+00   2.004  3.69340E+08  6.19867E+08  1.95963E+09  3.07745E+08  3.97617E+09  2.21164E+00  3.30729E+02   8.480   8.249
 0.220 -2.05325E-02 -1.77937E-03 -1.10357E-02 -3.14357E+00  1.16271E+00  3.41831E+00   1.821  1.94761E+08  3.73529E+08  2.09187E+09  2.87371E+08  3.56514E+09  2.10145E+00  4.08039E+02   8.583   8.331
 0.230  2.21542E-02  9.02340E-02  3.25347E-01  6.28640E+00 -1.98244E+00 -2.19113E+01   3.712  7.54239E+08  9.70960E+08  2.95875E+09  6.57552E+08  9.87641E+09  3.60991E+00  5.22613E+02   8.270   8.312
 0.240  5.34307E-02 -4.14788E-02 -1.07406E-01  8.01098E+00  1.85443E+01  1.24328E+01   2.868  9.99506E+08  1.27487E+09  3.16571E+09  5.47396E+08  7.64623E+09  4.04652E+00  5.65480E+02   8.235   8.369
 0.250 -3.94717E-02 -9.57800E-02  9.94656E-02 -6.52532E+00  9.83343E+00  3.87682E+00   3.707  5.50109E+08  8.67706E+08  3.87108E+09  6.93407E+08  1.01565E+10  3.74354E+00  6.18455E+02   8.458   8.401
 0.260  5.10817E-02  8.35558E-02  9.25032E-02 -1.56256E+01  2.05357E+01  1.19282E+01   3.728  6.76953E+08  9.12747E+08  4.18017E+09  7.04077E+08  1.05503E+10  3.56238E+00  6.96607E+02   8.350   8.439
 0.270 -4.66307E-02  3.47864E-02  8.40314E-05 -5.34597E+00  2.75581E+00 -4.81083E+00   1.896  3.83307E+08  6.08677E+08  3.71615E+09  3.59958E+08  4.36559E+09  2.35540E+00  7.23769E+02   8.509   8.525
 0.280 -1.36737E-03 -1.32636E-02 -3.15643E-03 -4.38372E+00 -1.79703E+00 -9.26019E+00   1.163  2.24678E+08  4.82742E+08  3.24157E+09  1.79560E+08  2.11595E+09  3.11479E+00  7.28395E+02   8.674   8.600
 0.290 -2.15303E-01  7.71781E-01  5.90689E-01  2.54393E+01  5.68631E+00 -6.44612E+00   6.046  1.49308E+09  1.80197E+09  5.68365E+09  1.02422E+09  2.41126E+10  6.83150E+00  9.22477E+02   8.178   8.467
 0.300  1.38085E+00  8.44339E-01  2.11287E-01  2.92789E+01 -1.65722E+01 -2.01076E+00   8.050  1.96808E+09  1.90571E+09  6.21033E+09  1.12904E+09  2.77337E+10  2.40174E+00  9.86115E+02   8.047   8.490
 0.310 -2.88170E-01 -2.63993E-02 -6.40127E-01  1.95955E+01 -1.32213E+01 -2.68225E+01   5.708  1.87929E+09  2.17405E+09  6.65471E+09  1.07767E+09  2.09975E+10  5.93650E+00  1.02359E+03   8.158   8.498
 0.320  2.15885E-01 -2.18261E-01 -5.46998E-01  3.48291E+01 -1.32902E+01 -2.28411E+01   5.797  4.18265E+09  4.69804E+09  7.63494E+09  1.07910E+09  2.17259E+10  1.19453E+01  1.01747E+03   8.117   8.482
 0.330 -1.97506E-01 -1.53629E-01 -5.43594E-01  3.73365E+01 -1.86779E+01 -1.71873E+01   7.887  3.76707E+09  4.23569E+09  9.37879E+09  1.40199E+09  3.10866E+10  9.00024E+00  1.00619E+03   8.245   8.455
 0.340  9.12590E-01  1.84294E-02 -3.71336E-01  5.19054E+01 -7.13637E+00 -1.61311E+01   6.679  4.02658E+09  4.57034E+09  1.04024E+10  1.30547E+09  2.72699E+10  1.00353E+01  1.02679E+03   8.181   8.459
 0.350  3.15096E-01 -8.11862E-01 -1.52917E+00  4.45209E+01  4.03374E+00 -2.97999E+00   8.019  3.96269E+09  4.20225E+09  1.15180E+10  1.50699E+09  3.39725E+10  6.35872E+00  1.08798E+03   8.216   8.450
 0.360  1.01265E+00 -3.20019E-01 -4.91271E-01  1.73137E+01  3.10331E+01  3.28445E+00  10.691  4.05358E+09  3.84220E+09  1.21678E+10  1.81040E+09  4.64355E+10  2.63949E+00  1.20546E+03   8.205   8.442
 0.370 -9.95512E-01 -6.93135E-01 -4.83613E-01  1.13123E+01 -2.19707E+01 -3.77372E+01  10.172  5.46849E+09  5.24119E+09  1.23129E+10  1.82702E+09  4.47202E+10  3.08593E+00  1.33487E+03   8.154   8.443
 0.380 -6.17473E-01  1.23440E-02  5.48648E-01 -1.30110E+01 -5.82047E+00 -8.13568E+00  11.325  6.85359E+09  6.57832E+09  1.32187E+10  1.95501E+09  5.21250E+10  5.47973E+00  1.40300E+03   8.182   8.429
 0.390 -2.18611E-01 -4.64725E-01 -5.13343E-01  4.00020E+01  1.94656E+00 -4.02988E+01  10.303  8.38182E+09  8.19025E+09  1.35520E+10  1.83543E+09  4.68468E+10  6.09008E+00  1.49959E+03   8.141   8.430
 0.400  1.39020E+00  2.04443E-01 -2.07979E-01 -3.77847E+01 -4.88510E+00 -2.76854E+01  11.472  1.14756E+10  1.14455E+10  1.54479E+10  2.19312E+09  6.75661E+10  1.27339E+01  1.50209E+03   8.161   8.404
 0.410  5.50222E-01  1.43029E-02 -2.85048E-01 -2.67217E+01 -2.74216E+01  5.76418E+00   6.982  9.55636E+09  1.41586E+10  1.98198E+10  1.67996E+09  4.27224E+10  7.79738E+01  1.21251E+03   8.439   8.405
 0.420 -1.07243E-04 -6.16348E-03 -3.70018E-02  8.97335E+00  2.12993E-01 -6.18049E+00   2.733  2.06631E+09  4.34559E+09  1.54011E+10  6.35464E+08  9.29669E+09  2.65027E+01  1.13844E+03   8.762   8.575
 0.430 -2.54650E-01  4.03821E-01 -6.35372E-02 -1.10564E+01  2.22792E+01  1.50890E+01  10.346  8.09151E+09  9.22119E+09  3.28944E+10  8.14604E+09  6.60232E+10  1.81185E+01  1.27317E+03   8.422   8.496
 0.440 -8.88883E-01 -3.07348E-01 -2.13220E-01 -3.52814E+00 -1.57467E+00 -1.19622E+01   8.094  6.12430E+09  7.50893E+09  3.45334E+10  7.54544E+09  4.93367E+10  1.86640E+01  1.33867E+03   8.497   8.532
 0.450  4.32453E-02  1.01581E-01  2.63256E-01  1.50820E+01  4.08558E+00  2.89331E+00   6.015  5.12820E+09  6.72041E+09  3.38251E+10  5.87581E+09  3.62934E+10  2.21968E+01  1.37007E+03   8.559   8.562
 0.460  9.63052E-01 -6.17447E-01 -2.74171E-01 -2.47538E+01 -1.16576E+01 -1.72749E+00  11.034  6.57295E+09  7.03988E+09  4.09515E+10  9.34252E+09  7.30216E+10  9.98365E+00  1.51437E+03   8.534   8.533
 0.470  6.26346E-02  1.11220E-01 -8.44894E-02 -1.72774E+01  2.87649E+00 -4.84838E+00   9.461  6.01458E+09  6.29630E+09  4.05105E+10  8.44783E+09  6.15685E+10  8.43524E+00  1.62761E+03   8.528   8.546
 0.480 -9.77026E-02 -2.11850E-02  3.88565E-02 -2.73426E-01 -9.10066E+00 -1.27966E+01  10.161  5.59672E+09  5.73539E+09  4.16100E+10  8.84189E+09  6.83840E+10  6.59615E+00  1.76401E+03   8.537   8.547
