  38
 0.110  1.06113E-01  9.20939E-02 -2.09226E-01  1.68669E+00  2.95916E+00 -7.20884E+00 -6.15986E-01  5.93744E-01 -5.17716E-01  1.24062E+01   1.037   0.900  1.44301E+07  1.29451E+07  2.25372E+06  0.00000E+00  3.94907E+07  7.53323E-03  1.04061E+02   7.628   7.407
 0.120  1.35417E-02 -1.11008E-01  2.08460E-01 -4.39450E-01 -1.20162E+01  1.09514E+01 -6.36358E-01 -7.67495E-01 -7.74613E-02  7.21244E+00   1.049   0.505  1.80109E+07  1.71832E+07  1.87791E+06  4.68324E+05  4.00726E+07  3.01790E-03  1.74039E+02   7.673   7.493
 0.130  1.57807E-01 -1.93420E-01 -1.11422E-01  1.23732E+01  2.42083E+01 -4.61396E+00  2.91512E-01 -5.04187E-01  8.12906E-01  2.14945E+01   1.303   0.846  5.67302E+07  5.52792E+07  3.78686E+06  9.52950E+05  7.19146E+07  2.94308E-02  1.69791E+02   7.500   7.499
 0.140 -8.35881E-02 -1.00551E-01  1.72711E-01 -1.65178E+01  8.65034E+00  1.89217E+00 -1.26330E-01 -4.24223E-01 -8.96702E-01  1.75600E+01   1.350   0.861  7.55034E+07  7.26514E+07  7.77785E+06  2.09757E+06  9.58584E+07  2.91219E-02  3.03692E+02   7.484   7.406
 0.150  4.49259E-01  1.14810E-01 -6.76697E-02 -5.47296E+00  2.54405E+00 -1.30561E+01  7.19387E-01 -6.16020E-01 -3.20941E-01  1.75774E+01   2.052   1.428  1.27630E+08  1.16798E+08  5.61606E+06  2.41975E+06  1.25123E+08  1.45109E-02  3.49541E+02   7.509   7.378
 0.160  2.99229E-01 -3.52567E-02 -3.31712E-03 -1.08484E+01 -1.64319E+01  2.56176E+01 -4.07525E-01 -3.32869E-01 -8.50366E-01  2.14771E+01   2.357   1.559  4.96989E+08  4.67210E+08  1.46757E+07  4.37670E+06  3.01875E+08  1.02459E-01  2.52469E+02   7.646   7.496
 0.170  2.82315E-01  1.05545E-01 -4.71531E-01  4.69731E+01 -1.16588E+01 -2.53461E+01 -2.05667E-01 -1.63535E-01 -9.64861E-01  4.02101E+01   2.344   1.879  5.46678E+08  5.20265E+08  2.34616E+07  4.55358E+06  3.41366E+08  1.18404E-01  2.43628E+02   7.812   7.691
 0.180  3.07739E-01 -6.97353E-02  2.83008E-01  1.19855E+01  2.50047E+01 -6.80652E+01  5.38103E-01  7.73356E-01  3.35211E-01  5.93498E+01   3.043   1.843  9.21692E+08  8.98586E+08  8.42280E+07  1.10200E+07  5.08058E+08  5.54435E-01  1.51629E+02   7.971   7.864
 0.190  8.50436E-02 -1.94950E-02  3.33621E-01  4.98819E+00 -9.74119E+00 -1.39582E+01  3.76146E-01 -9.20375E-01  1.06885E-01  2.56257E+01   2.663   1.421  6.63275E+08  6.78512E+08  1.53834E+08  3.32283E+07  5.42810E+08  5.78781E-01  2.31412E+02   8.149   7.974
 0.200  7.05422E-02  5.52489E-02 -1.53164E-01 -9.73109E-01 -4.09882E-01  8.11683E+00 -1.16790E-01 -9.73500E-01 -1.96617E-01  1.11087E+01   1.924   0.801  4.85159E+08  5.78864E+08  2.36247E+08  2.42010E+07  3.10355E+08  1.74724E+00  1.82472E+02   8.407   8.208
 0.210 -1.02088E-01 -3.06457E-02 -7.46129E-03 -4.25800E+00 -8.26475E+00  1.79876E+00 -6.44567E-01  5.49667E-01  5.31413E-01  3.08898E+01   2.004   0.752  3.13336E+08  3.20149E+08  9.34860E+07  1.41531E+07  2.14414E+08  3.23525E-01  3.33829E+02   8.527   8.207
 0.220 -2.05325E-02 -1.77937E-03 -1.10357E-02 -3.14357E+00  1.16271E+00  3.41831E+00 -2.99494E-01  2.72162E-02  9.53710E-01  1.03486E+01   1.821   0.878  1.62494E+08  2.29484E+08  2.69241E+08  9.89831E+06  1.75671E+08  9.67572E-01  2.27071E+02   8.643   8.606
 0.230  2.21542E-02  9.02340E-02  3.25347E-01  6.28640E+00 -1.98244E+00 -2.19113E+01 -7.58462E-01  6.20043E-01 -2.00705E-01  9.08796E+01   3.712   1.448  6.54337E+08  6.54430E+08  2.46970E+08  4.88696E+07  7.32365E+08  8.71483E-01  4.26071E+02   8.304   8.332
 0.240  5.34307E-02 -4.14788E-02 -1.07406E-01  8.01098E+00  1.85443E+01  1.24328E+01 -7.60706E-01  5.77652E-01 -2.96050E-01  8.35806E+01   2.868   0.966  8.53779E+08  9.04761E+08  3.53044E+08  4.86793E+07  5.62264E+08  1.10086E+00  4.07077E+02   8.269   8.358
 0.250 -3.94717E-02 -9.57800E-02  9.94656E-02 -6.52532E+00  9.83343E+00  3.87682E+00 -9.36735E-01  6.81179E-02 -3.43347E-01  8.15067E+01   3.707   1.092  4.38069E+08  4.57682E+08  3.34379E+08  6.69317E+07  6.42991E+08  4.86311E-01  4.79607E+02   8.523   8.240
 0.260  5.10817E-02  8.35558E-02  9.25032E-02 -1.56256E+01  2.05357E+01  1.19282E+01 -9.67245E-01 -5.60435E-02 -2.47580E-01  7.81501E+01   3.728   0.926  5.51270E+08  5.76282E+08  3.43969E+08  5.88334E+07  5.99926E+08  7.12132E-01  5.60235E+02   8.408   8.330
 0.270 -4.66307E-02  3.47864E-02  8.40314E-05 -5.34597E+00  2.75581E+00 -4.81083E+00 -7.38004E-01 -6.73798E-01 -3.66794E-02  3.47376E+01   1.896   0.435  3.11426E+08  3.42037E+08  2.04935E+08  2.15218E+07  2.09425E+08  4.90239E-01  6.30331E+02   8.574   8.529
 0.280 -1.36737E-03 -1.32636E-02 -3.15643E-03 -4.38372E+00 -1.79703E+00 -9.26019E+00 -2.98461E-01 -4.34230E-01  8.49921E-01  9.43377E+00   1.163   0.437  2.00987E+08  2.69980E+08  4.55742E+08  1.14902E+07  1.10158E+08  9.57820E-01  4.91605E+02   8.710   8.728
 0.290 -2.15303E-01  7.71781E-01  5.90689E-01  2.54393E+01  5.68631E+00 -6.44612E+00  9.98184E-01 -1.92955E-04 -6.02426E-02  1.62260E+02   6.046   3.022  1.34569E+09  1.28007E+09  3.95126E+08  7.16591E+07  1.78656E+09  1.31489E+00  7.48531E+02   8.206   8.453
 0.300  1.38085E+00  8.44339E-01  2.11287E-01  2.92789E+01 -1.65722E+01 -2.01076E+00  4.49262E-01 -7.93932E-01 -4.09678E-01  2.75980E+02   8.050   4.045  1.86116E+09  1.63322E+09  2.96427E+08  4.82002E+07  1.47945E+09  2.37906E-01  8.36962E+02   8.059   8.508
 0.310 -2.88170E-01 -2.63993E-02 -6.40127E-01  1.95955E+01 -1.32213E+01 -2.68225E+01  3.70913E-02 -9.89459E-01  1.39981E-01  2.59935E+02   5.708   2.258  1.66434E+09  1.68586E+09  5.38612E+08  5.43315E+07  1.17308E+09  2.39317E+00  6.16548E+02   8.184   8.527
 0.320  2.15885E-01 -2.18261E-01 -5.46998E-01  3.48291E+01 -1.32902E+01 -2.28411E+01  1.11591E-01 -8.92042E-01  4.37959E-01  3.17998E+02   5.797   1.772  3.56856E+09  3.90785E+09  1.37879E+09  7.72883E+07  1.50023E+09  8.22911E+00  4.23311E+02   8.142   8.459
 0.330 -1.97506E-01 -1.53629E-01 -5.43594E-01  3.73365E+01 -1.86779E+01 -1.71873E+01  1.37242E-01 -8.01306E-01  5.82300E-01  3.72490E+02   7.887   2.709  3.21392E+09  3.63093E+09  2.26796E+09  1.09448E+08  2.27500E+09  6.86934E+00  3.58415E+02   8.263   8.401
 0.340  9.12590E-01  1.84294E-02 -3.71336E-01  5.19054E+01 -7.13637E+00 -1.61311E+01  1.61409E-01 -8.28070E-01  5.36886E-01  4.22318E+02   6.679   1.815  3.43821E+09  3.82359E+09  2.75967E+09  1.07919E+08  1.74765E+09  6.40364E+00  3.98771E+02   8.189   8.408
 0.350  3.15096E-01 -8.11862E-01 -1.52917E+00  4.45209E+01  4.03374E+00 -2.97999E+00  1.27672E-01 -7.46603E-01  6.52904E-01  6.87502E+02   8.019   2.892  3.50072E+09  3.69131E+09  3.11050E+09  1.63597E+08  2.56640E+09  5.37720E+00  4.78291E+02   8.225   8.384
 0.360  1.01265E+00 -3.20019E-01 -4.91271E-01  1.73137E+01  3.10331E+01  3.28445E+00  2.45243E-01 -6.97617E-01  6.73191E-01  9.45224E+02  10.691   4.689  3.87399E+09  3.70605E+09  3.24892E+09  2.38245E+08  4.07718E+09  2.20044E+00  5.90316E+02   8.207   8.356
 0.370 -9.95512E-01 -6.93135E-01 -4.83613E-01  1.13123E+01 -2.19707E+01 -3.77372E+01  2.52463E-01 -7.54036E-01  6.06377E-01  8.91834E+02  10.172   2.596  4.66342E+09  4.57896E+09  3.25962E+09  2.47287E+08  3.02665E+09  2.84407E+00  6.90410E+02   8.169   8.354
 0.380 -6.17473E-01  1.23440E-02  5.48648E-01 -1.30110E+01 -5.82047E+00 -8.13568E+00  2.29473E-01 -7.67121E-01  5.99055E-01  1.04397E+03  11.325   4.056  6.07127E+09  5.98277E+09  4.03175E+09  2.93809E+08  4.11859E+09  5.04455E+00  7.06551E+02   8.188   8.326
 0.390 -2.18611E-01 -4.64725E-01 -5.13343E-01  4.00020E+01  1.94656E+00 -4.02988E+01  2.55699E-01 -7.50313E-01  6.09629E-01  1.05481E+03  10.303   3.131  7.37735E+09  7.35950E+09  4.41094E+09  2.61730E+08  3.38822E+09  5.83537E+00  7.66794E+02   8.161   8.319
 0.400  1.39020E+00  2.04443E-01 -2.07979E-01 -3.77847E+01 -4.88510E+00 -2.76854E+01  4.37082E-01 -8.17740E-01  3.74514E-01  9.28383E+02  11.472   5.736  1.06752E+10  1.06734E+10  5.70442E+09  3.35496E+08  6.55121E+09  1.09388E+01  7.34717E+02   8.171   8.291
 0.410  5.50222E-01  1.43029E-02 -2.85048E-01 -2.67217E+01 -2.74216E+01  5.76418E+00  3.57369E-01 -8.59834E-01  3.64655E-01  3.17559E+02   6.982   1.364  8.06786E+09  9.90259E+09  5.96153E+09  2.14425E+08  3.04411E+09  3.30089E+01  7.45902E+02   8.461   8.376
 0.420 -1.07243E-04 -6.16348E-03 -3.70018E-02  8.97335E+00  2.12993E-01 -6.18049E+00  7.56147E-01 -6.49036E-01  8.36300E-02  5.72007E+01   2.733   0.726  1.66661E+09  3.16638E+09  5.20710E+09  8.70571E+07  7.02269E+08  1.87637E+01  6.35720E+02   8.811   8.644
 0.430 -2.54650E-01  4.03821E-01 -6.35372E-02 -1.10564E+01  2.22792E+01  1.50890E+01 -3.78947E-01  4.96875E-01 -7.80714E-01  8.02714E+02  10.346   3.218  7.06110E+09  6.94813E+09  1.07682E+09  2.54324E+08  4.02713E+09  4.39229E+00  1.12613E+03   8.437   8.343
 0.440 -8.88883E-01 -3.07348E-01 -2.13220E-01 -3.52814E+00 -1.57467E+00 -1.19622E+01 -1.80590E-01  3.29314E-01 -9.26790E-01  6.40061E+02   8.094   2.680  5.31183E+09  5.82069E+09  2.54350E+09  5.13854E+08  3.51201E+09  9.12944E+00  8.93641E+02   8.514   8.433
 0.450  4.32453E-02  1.01581E-01  2.63256E-01  1.50820E+01  4.08558E+00  2.89331E+00  4.27458E-02  4.55320E-01 -8.89301E-01  7.02178E+02   6.015   1.201  4.35289E+09  5.69704E+09  4.17921E+09  3.82671E+08  1.92673E+09  1.86837E+01  5.19098E+02   8.576   8.516
 0.460  9.63052E-01 -6.17447E-01 -2.74171E-01 -2.47538E+01 -1.16576E+01 -1.72749E+00 -3.06146E-02  3.47043E-01 -9.37349E-01  1.13783E+03  11.034   2.028  5.50461E+09  6.09079E+09  6.41213E+09  8.73703E+08  4.33342E+09  8.77819E+00  5.92396E+02   8.552   8.525
 0.470  6.26346E-02  1.11220E-01 -8.44894E-02 -1.72774E+01  2.87649E+00 -4.84838E+00  3.18574E-02  3.58504E-01 -9.32984E-01  1.32478E+03   9.461   1.503  5.05508E+09  5.40423E+09  6.12251E+09  6.71968E+08  3.10280E+09  7.30576E+00  6.68754E+02   8.537   8.562
 0.480 -9.77026E-02 -2.11850E-02  3.88565E-02 -2.73426E-01 -9.10066E+00 -1.27966E+01  4.84987E-02  4.83934E-01 -8.73760E-01  1.36751E+03  10.161   1.718  4.84232E+09  5.07597E+09  6.67131E+09  8.55011E+08  3.58010E+09  5.83640E+00  7.60473E+02   8.548   8.566
