  38
 0.110  8.99927E+06  2.93057E+07  3.43569E+07  7.52373E+06  1.18049E+07  5.83464E+08  8.87559E-02
 0.120  1.83963E+07  2.80707E+07  3.38757E+07  1.71827E+07  1.85536E+06  5.32584E+08  2.47789E-02
 0.130  3.10573E+07  3.64362E+07  4.41554E+07  2.92813E+07  6.82739E+06  5.52288E+08  8.48064E-02
 0.140  4.11958E+07  4.29488E+07  5.23663E+07  3.88181E+07  7.93750E+06  5.36076E+08  8.35893E-02
 0.150  4.69402E+07  5.12484E+07  6.27358E+07  4.38935E+07  8.52963E+06  5.70079E+08  1.01315E-01
 0.160  1.42991E+08  9.91602E+07  1.19966E+08  1.37273E+08  2.52484E+07  1.18264E+09  3.64519E-01
 0.170  4.52504E+07  2.19879E+08  2.59289E+08  4.08039E+07  1.45117E+08  8.81848E+08  1.32292E+00
 0.180  9.03801E+07  3.17444E+08  3.81199E+08  8.51366E+07  9.46278E+07  9.28488E+08  8.84979E-01
 0.190  2.57701E+08  6.65612E+08  7.91765E+08  2.50426E+08  2.65089E+08  1.24516E+09  3.62808E+00
 0.200  3.22459E+08  1.09577E+09  1.31007E+09  3.13168E+08  3.84439E+08  1.39248E+09  5.48966E+00
 0.210  2.25273E+08  1.32493E+09  1.62112E+09  2.19720E+08  2.48217E+08  1.36812E+09  1.96042E+00
 0.220  1.44039E+08  1.57934E+09  1.96358E+09  1.40170E+08  1.77442E+08  1.47072E+09  2.00848E+00
 0.230  2.41838E+08  1.82976E+09  2.28935E+09  2.34606E+08  2.53186E+08  1.57090E+09  3.11084E+00
 0.240  3.91317E+08  2.12943E+09  2.68834E+09  3.83973E+08  2.29009E+08  1.73119E+09  2.56451E+00
 0.250  1.80079E+08  2.54550E+09  3.21574E+09  1.75433E+08  3.24245E+08  1.74491E+09  3.35284E+00
 0.260  2.69144E+08  2.76666E+09  3.52401E+09  2.63038E+08  2.47540E+08  1.82804E+09  2.96429E+00
 0.270  2.93765E+08  2.90682E+09  3.72635E+09  2.87393E+08  2.28812E+08  1.78232E+09  2.20812E+00
 0.280  2.10432E+08  3.02627E+09  3.88845E+09  2.04939E+08  2.53945E+08  1.67416E+09  3.02209E+00
 0.290  3.98917E+08  3.46562E+09  4.45547E+09  3.90474E+08  3.50800E+08  1.90237E+09  4.86821E+00
 0.300  1.60738E+08  3.62307E+09  4.67854E+09  1.56791E+08  2.25752E+08  1.76095E+09  2.08650E+00
 0.310  3.93949E+08  3.74491E+09  4.83443E+09  3.85366E+08  3.51732E+08  1.76220E+09  4.28832E+00
 0.320  3.73697E+08  3.61925E+09  4.69495E+09  3.64327E+08  2.31415E+08  1.56450E+09  2.85737E+00
 0.330  2.82174E+08  3.67255E+09  4.77262E+09  2.74553E+08  2.71122E+08  1.55344E+09  3.46570E+00
 0.340  2.63309E+08  3.91440E+09  5.08862E+09  2.57780E+08  2.56997E+08  1.48776E+09  2.01718E+00
 0.350  1.92996E+08  3.81879E+09  5.00031E+09  1.87098E+08  1.66176E+08  1.44868E+09  1.99551E+00
 0.360  6.96196E+07  3.50165E+09  4.63119E+09  6.65254E+07  4.85950E+07  1.28166E+09  5.05555E-01
 0.370  3.76188E+07  3.13270E+09  4.17737E+09  3.57273E+07  2.18634E+07  1.20193E+09  2.21153E-01
 0.380  8.80882E+07  3.32006E+09  4.43919E+09  8.38819E+07  5.94166E+07  1.22571E+09  6.96064E-01
 0.390  4.69128E+07  3.39777E+09  4.55844E+09  4.44091E+07  4.42256E+07  1.28299E+09  3.72152E-01
 0.400  5.41502E+07  3.18255E+09  4.28580E+09  5.12839E+07  1.98352E+07  1.25996E+09  2.46355E-01
 0.410  8.56229E+08  3.72838E+09  4.88213E+09  8.40348E+08  6.05550E+08  1.34825E+09  9.82440E+00
 0.420  1.55341E+09  7.81254E+09  9.72605E+09  1.54067E+09  1.95629E+09  1.59908E+09  2.32408E+01
 0.430  5.54108E+08  9.70622E+09  1.23030E+10  5.46955E+08  1.03556E+09  1.92964E+09  9.33419E+00
 0.440  3.74159E+08  1.06365E+10  1.37052E+10  3.66855E+08  6.90740E+08  2.06740E+09  6.48216E+00
 0.450  1.88981E+08  9.16802E+09  1.19756E+10  1.84868E+08  2.23494E+08  1.70891E+09  2.42026E+00
 0.460  1.34353E+08  8.80410E+09  1.16501E+10  1.31524E+08  1.27686E+08  1.63159E+09  1.32818E+00
 0.470  8.69063E+07  8.60425E+09  1.15068E+10  8.44380E+07  8.51241E+07  1.65387E+09  9.25864E-01
 0.480  6.20771E+07  7.60690E+09  1.02549E+10  5.98979E+07  5.63713E+07  1.39481E+09  6.54190E-01
