  38
 0.110   1.037  9.27567E-02  8.52032E-02  1.43977E-01
 0.120   1.049  2.65338E-02  3.06313E-02  2.35913E-02
 0.130   1.303  1.05855E-01  1.03778E-01  9.70227E-02
 0.140   1.350  1.16108E-01  1.24324E-01  1.20504E-01
 0.150   2.052  1.95434E-01  2.18401E-01  1.76193E-01
 0.160   2.357  8.31140E-01  9.39043E-01  6.38021E-01
 0.170   2.344  2.31208E+00  1.91495E+00  2.61425E+00
 0.180   3.043  3.15919E+00  2.96346E+00  3.40666E+00
 0.190   2.663  5.21336E+00  5.22373E+00  4.72471E+00
 0.200   1.924  6.28041E+00  6.47837E+00  5.15898E+00
 0.210   2.004  2.21164E+00  2.11914E+00  2.88983E+00
 0.220   1.821  2.10145E+00  2.10904E+00  2.15020E+00
 0.230   3.712  3.60991E+00  3.65496E+00  3.23922E+00
 0.240   2.868  4.04652E+00  4.10532E+00  3.82576E+00
 0.250   3.707  3.74354E+00  3.50044E+00  4.30909E+00
 0.260   3.728  3.56238E+00  3.57973E+00  3.34306E+00
 0.270   1.896  2.35540E+00  2.36747E+00  2.64092E+00
 0.280   1.163  3.11479E+00  3.24872E+00  2.95577E+00
 0.290   6.046  6.83150E+00  6.85998E+00  5.77042E+00
 0.300   8.050  2.40174E+00  2.19201E+00  2.88384E+00
 0.310   5.708  5.93650E+00  6.02639E+00  5.67715E+00
 0.320   5.797  1.19453E+01  1.29280E+01  9.63255E+00
 0.330   7.887  9.00024E+00  9.00572E+00  1.04442E+01
 0.340   6.679  1.00353E+01  1.08187E+01  9.98501E+00
 0.350   8.019  6.35872E+00  6.12417E+00  7.22992E+00
 0.360  10.691  2.63949E+00  2.39521E+00  3.17901E+00
 0.370  10.172  3.08593E+00  3.26573E+00  2.55378E+00
 0.380  11.325  5.47973E+00  5.11160E+00  6.32880E+00
 0.390  10.303  6.09008E+00  6.39819E+00  5.38196E+00
 0.400  11.472  1.27339E+01  1.30837E+01  1.24913E+01
 0.410   6.982  7.79738E+01  8.34905E+01  5.91769E+01
 0.420   2.733  2.65027E+01  2.69922E+01  2.63081E+01
 0.430  10.346  1.81185E+01  1.68914E+01  2.14505E+01
 0.440   8.094  1.86640E+01  1.72098E+01  2.13769E+01
 0.450   6.015  2.21968E+01  2.19312E+01  2.15210E+01
 0.460  11.034  9.98365E+00  9.35039E+00  1.17328E+01
 0.470   9.461  8.43524E+00  8.26575E+00  8.17389E+00
 0.480  10.161  6.59615E+00  6.67312E+00  6.48308E+00
