  41
 0.100  5.75000E+00  5.23273E+09  6.25554E+01
 0.110  7.25000E+00  7.40556E+09  6.62742E+01
 0.120  8.50000E+00  9.46036E+09  6.91797E+01
 0.130  1.05000E+01  1.46060E+10  7.73403E+01
 0.140  1.35000E+01  2.40496E+10  8.75228E+01
 0.150  1.57500E+01  3.12840E+10  9.24177E+01
 0.160  1.77500E+01  3.69637E+10  9.46286E+01
 0.170  2.00000E+01  4.51505E+10  9.85259E+01
 0.180  2.20000E+01  4.93990E+10  9.82612E+01
 0.190  2.37500E+01  5.41188E+10  9.89866E+01
 0.200  2.67500E+01  6.56893E+10  1.02759E+02
 0.210  3.02500E+01  8.27191E+10  1.08436E+02
 0.220  3.45000E+01  1.08427E+11  1.16250E+02
 0.230  3.77500E+01  1.22526E+11  1.18138E+02
 0.240  4.05000E+01  1.32983E+11  1.18824E+02
 0.250  4.30000E+01  1.42223E+11  1.19257E+02
 0.260  4.55000E+01  1.48939E+11  1.18641E+02
 0.270  4.72500E+01  1.48791E+11  1.16365E+02
 0.280  4.87500E+01  1.48292E+11  1.14368E+02
 0.290  5.02500E+01  1.47119E+11  1.12202E+02
 0.300  5.15000E+01  1.43709E+11  1.09540E+02
 0.310  5.32500E+01  1.44800E+11  1.08133E+02
 0.320  5.47500E+01  1.44300E+11  1.06457E+02
 0.330  5.70000E+01  1.48635E+11  1.05891E+02
 0.340  6.02500E+01  1.60105E+11  1.06895E+02
 0.350  6.25000E+01  1.65858E+11  1.06823E+02
 0.360  6.52500E+01  1.73130E+11  1.06814E+02
 0.370  6.82500E+01  1.83766E+11  1.07601E+02
 0.380  7.55000E+01  2.31974E+11  1.14942E+02
 0.390  8.07500E+01  2.63928E+11  1.18551E+02
 0.400  8.45000E+01  2.82045E+11  1.19802E+02
 0.410  8.85000E+01  3.02417E+11  1.21218E+02
 0.420  9.17500E+01  3.14759E+11  1.21456E+02
 0.430  9.52500E+01  3.28667E+11  1.21809E+02
 0.440  1.04500E+02  4.10490E+11  1.29965E+02
 0.450  1.09500E+02  4.44259E+11  1.32082E+02
 0.460  1.13000E+02  4.59958E+11  1.32298E+02
 0.470  1.16000E+02  4.69366E+11  1.31905E+02
 0.480  1.18500E+02  4.71877E+11  1.30855E+02
 0.490  1.20750E+02  4.72575E+11  1.29726E+02
 0.500  1.23000E+02  4.72637E+11  1.28542E+02
