  41
 0.100  4.20684E+07  4.05981E+07  4.75001E+07  3.97688E+07  1.78805E+07  6.23038E+08  1.78000E-01
 0.110  3.10669E+07  4.58291E+07  5.51036E+07  2.95926E+07  6.48589E+06  8.28140E+08  5.60464E-02
 0.120  3.26964E+07  7.12966E+07  8.42919E+07  2.95719E+07  2.70292E+07  8.34376E+08  4.39612E-01
 0.130  8.38494E+07  8.81790E+07  1.05622E+08  8.09543E+07  1.85668E+07  8.45932E+08  2.59941E-01
 0.140  2.81633E+07  1.10311E+08  1.33429E+08  2.56651E+07  2.95627E+07  7.73602E+08  2.51173E-01
 0.150  2.30862E+07  1.17467E+08  1.44994E+08  2.14979E+07  8.56770E+06  8.50920E+08  8.76292E-02
 0.160  5.61371E+07  1.63093E+08  1.98232E+08  5.21899E+07  4.66436E+07  8.78106E+08  6.95765E-01
 0.170  1.34370E+08  2.46277E+08  2.97290E+08  1.28072E+08  6.93356E+07  1.03698E+09  1.13447E+00
 0.180  1.04291E+08  2.90117E+08  3.56637E+08  1.00154E+08  3.96879E+07  9.79119E+08  3.61198E-01
 0.190  2.33452E+08  4.95209E+08  5.97631E+08  2.26567E+08  1.86254E+08  1.16668E+09  2.06652E+00
 0.200  2.63921E+08  7.16188E+08  8.71619E+08  2.58558E+08  1.70340E+08  1.34468E+09  2.05200E+00
 0.210  1.95111E+08  9.34995E+08  1.14822E+09  1.91360E+08  1.92154E+08  1.33620E+09  1.78505E+00
 0.220  8.44716E+07  1.01839E+09  1.27541E+09  8.19440E+07  7.87015E+07  1.39348E+09  7.13317E-01
 0.230  1.22207E+08  1.10794E+09  1.40069E+09  1.17668E+08  9.19567E+07  1.44386E+09  1.22052E+00
 0.240  3.04784E+08  1.50104E+09  1.87599E+09  2.98150E+08  3.20437E+08  1.59900E+09  3.92211E+00
 0.250  4.32360E+08  1.82719E+09  2.29866E+09  4.26179E+08  2.47077E+08  1.75962E+09  2.64151E+00
 0.260  4.64389E+08  2.53367E+09  3.16845E+09  4.57256E+08  4.94009E+08  1.94801E+09  5.11300E+00
 0.270  2.07063E+08  2.97709E+09  3.76241E+09  2.03162E+08  3.02013E+08  1.99349E+09  2.76483E+00
 0.280  1.04647E+08  3.02869E+09  3.89465E+09  1.02346E+08  9.24768E+07  1.93114E+09  8.61518E-01
 0.290  1.14641E+08  3.11587E+09  4.05273E+09  1.11897E+08  8.89184E+07  1.96988E+09  9.46701E-01
 0.300  1.10695E+08  3.17348E+09  4.16410E+09  1.07084E+08  8.27138E+07  1.96173E+09  8.42016E-01
 0.310  1.82034E+08  3.28657E+09  4.33428E+09  1.77456E+08  1.15036E+08  2.00588E+09  1.48513E+00
 0.320  1.80469E+08  3.39118E+09  4.49425E+09  1.76258E+08  1.01328E+08  1.98725E+09  1.28866E+00
 0.330  1.07819E+08  3.50283E+09  4.65841E+09  1.03863E+08  1.22878E+08  2.00222E+09  1.32747E+00
 0.340  1.45806E+08  3.54202E+09  4.73465E+09  1.41540E+08  9.35734E+07  2.00380E+09  1.13955E+00
 0.350  5.35384E+07  3.51273E+09  4.72466E+09  5.15370E+07  3.43649E+07  1.96323E+09  3.57933E-01
 0.360  8.19358E+07  3.61238E+09  4.87040E+09  7.86109E+07  7.22859E+07  1.96664E+09  7.73379E-01
 0.370  5.21916E+07  3.58443E+09  4.85588E+09  4.96926E+07  3.18188E+07  1.92789E+09  3.25531E-01
 0.380  4.85983E+07  3.48929E+09  4.74577E+09  4.64517E+07  3.08937E+07  1.88940E+09  2.87728E-01
 0.390  3.78511E+07  3.53256E+09  4.82047E+09  3.59701E+07  1.83538E+07  1.89680E+09  1.94591E-01
 0.400  3.00765E+07  3.57335E+09  4.88943E+09  2.81527E+07  1.73322E+07  1.91309E+09  1.89951E-01
 0.410  3.07018E+07  3.45370E+09  4.73956E+09  2.94167E+07  1.13068E+07  1.84791E+09  1.13302E-01
 0.420  1.82310E+07  3.47577E+09  4.78104E+09  1.67096E+07  1.05012E+07  1.86562E+09  1.19150E-01
 0.430  2.40807E+07  3.30543E+09  4.55537E+09  2.26450E+07  8.04149E+06  1.76469E+09  9.93965E-02
 0.440  5.68215E+07  3.42106E+09  4.71637E+09  5.43473E+07  2.74531E+07  1.83287E+09  3.01562E-01
 0.450  1.51430E+08  3.58292E+09  4.91416E+09  1.48147E+08  1.26461E+08  1.84118E+09  1.43201E+00
 0.460  9.15133E+07  4.20063E+09  5.75152E+09  8.83914E+07  8.82049E+07  2.09126E+09  8.87102E-01
 0.470  1.42430E+08  4.78085E+09  6.55514E+09  1.38240E+08  6.09193E+07  2.11437E+09  7.02722E-01
 0.480  9.18406E+07  4.76925E+09  6.53870E+09  8.86392E+07  7.02327E+07  2.09700E+09  6.68677E-01
 0.490  2.29905E+08  1.03540E+10  1.40974E+10  2.24495E+08  2.57209E+08  4.21627E+09  2.45488E+00
 0.500  1.08673E+08  7.47084E+09  1.01704E+10  1.05723E+08  1.44520E+08  2.39646E+09  1.44913E+00
