  41
 0.100   0.863  1.56559E-01  1.65205E-01  1.79267E-01
 0.110   1.000  5.60464E-02  6.08548E-02  7.69969E-02
 0.120   1.053  4.47024E-01  4.98547E-01  3.06921E-01
 0.130   1.000  2.59941E-01  3.11438E-01  2.24089E-01
 0.140   1.626  3.98808E-01  3.66712E-01  4.45153E-01
 0.150   2.165  1.55681E-01  1.59898E-01  1.55043E-01
 0.160   2.343  1.11179E+00  1.12434E+00  8.68182E-01
 0.170   2.560  1.47563E+00  1.67262E+00  1.10958E+00
 0.180   2.830  1.12612E+00  1.19464E+00  1.09846E+00
 0.190   3.060  3.29766E+00  3.19999E+00  3.27504E+00
 0.200   3.400  2.66789E+00  2.79953E+00  2.61787E+00
 0.210   3.480  2.84358E+00  2.65963E+00  3.23659E+00
 0.220   3.553  2.06405E+00  2.08588E+00  2.32014E+00
 0.230   4.633  3.52582E+00  3.42488E+00  3.40530E+00
 0.240   4.810  5.49685E+00  5.29410E+00  5.66092E+00
 0.250   4.349  5.34013E+00  5.70494E+00  5.07677E+00
 0.260   4.453  7.42281E+00  6.86611E+00  8.64525E+00
 0.270   5.005  5.59271E+00  5.50448E+00  5.73738E+00
 0.280   5.311  2.62142E+00  2.60967E+00  2.88251E+00
 0.290   4.916  3.01835E+00  2.89634E+00  3.14341E+00
 0.300   6.091  4.98675E+00  5.09923E+00  4.68825E+00
 0.310   5.939  3.87587E+00  3.95172E+00  3.98851E+00
 0.320   6.020  5.26074E+00  5.61030E+00  4.56975E+00
 0.330   6.278  3.09062E+00  2.73202E+00  3.90252E+00
 0.340   5.919  5.72204E+00  4.83098E+00  5.95925E+00
 0.350   4.930  3.30684E+00  3.47059E+00  2.97978E+00
 0.360   4.140  4.09878E+00  4.18431E+00  3.99068E+00
 0.370   5.907  2.16640E+00  1.93721E+00  2.93208E+00
 0.380   6.239  2.55868E+00  2.32608E+00  3.01910E+00
 0.390   5.497  1.85889E+00  1.86262E+00  1.85754E+00
 0.400   5.596  2.37337E+00  2.38516E+00  2.29743E+00
 0.410   6.706  1.48381E+00  1.47904E+00  1.68086E+00
 0.420  12.070  2.47488E+00  2.49919E+00  2.15641E+00
 0.430   9.102  2.55298E+00  2.46865E+00  2.46617E+00
 0.440   7.795  2.72584E+00  2.50332E+00  2.89497E+00
 0.450   4.618  6.65526E+00  7.14709E+00  5.68010E+00
 0.460   6.234  4.62523E+00  4.74564E+00  4.22338E+00
 0.470   5.760  4.07165E+00  4.07470E+00  4.25764E+00
 0.480   4.017  6.05982E+00  5.86376E+00  6.21116E+00
 0.490   2.878  5.14149E+00  4.89731E+00  6.09834E+00
 0.500   4.752  2.76791E+00  2.59484E+00  3.25105E+00
