  38
 0.130      1632874        28456       747688
 0.140      2401162        55448      1109257
 0.150      3183204        99915      1459454
 0.160      3738989       149743      1778931
 0.170      4379508       220306      2121163
 0.180      6337185       312046      3036896
 0.190      7279361       430370      3597580
 0.200      9173297       562216      4526899
 0.210     10672823       724682      5163117
 0.220     12079398       931990      5924480
 0.230     13128649      1103674      6414009
 0.240     13880591      1275563      6779826
 0.250     14460646      1426908      7090465
 0.260     15180345      1565130      7393855
 0.270     16066772      1770953      7712922
 0.280     16449861      1892000      8007486
 0.290     17000992      1983142      8384346
 0.300     17731482      2084956      8881774
 0.310     18889108      2235469      9313909
 0.320     19770289      2350252      9645876
 0.330     20630513      2495579     10037465
 0.340     20944949      2615844     10346771
 0.350     21617942      2740450     10681304
 0.360     22273071      2916937     10922669
 0.370     22356581      3096821     11090503
 0.380     22505723      3243431     11225298
 0.390     22785012      3341105     11324626
 0.400     22846214      3447325     11411742
 0.410     23043429      3558145     11469111
 0.420     23168542      3665890     11517995
 0.430     23335653      3756998     11568673
 0.440     23240882      3835475     11607620
 0.450     23160387      3908086     11627995
 0.460     23192687      3963003     11642501
 0.470     23582372      3991392     11652304
 0.480     23541184      4016548     11664957
 0.490     23413290      4040733     11670619
 0.500     23342190      4065344     11677312
