  41
 0.100   0.825   0.522  1.14916E-02  1.51855E-02  6.75316E-03
 0.110   1.041   0.680  2.27311E-03  2.70132E-03  2.23164E-03
 0.120   1.199   0.771  2.66559E-01  3.19958E-01  1.71296E-01
 0.130   1.544   0.730  5.55836E-01  6.63483E-01  4.84517E-01
 0.140   1.416   0.572  5.42853E-01  6.60149E-01  3.71769E-01
 0.150   1.503   0.500  2.73806E+00  2.97182E+00  2.42260E+00
 0.160   1.616   0.500  7.72172E+00  7.21504E+00  8.62796E+00
 0.170   1.178   0.500  8.14992E+00  8.53297E+00  7.13845E+00
 0.180   1.000   0.500  6.40554E+00  6.19029E+00  6.63950E+00
 0.190   2.262   0.500  5.62356E+00  6.50604E+00  4.16211E+00
 0.200   2.947   0.514  7.41150E+00  7.70150E+00  8.38982E+00
 0.210   3.431   0.735  1.99862E+01  1.99358E+01  1.85779E+01
 0.220   2.848   0.551  1.83344E+01  1.84811E+01  1.76317E+01
 0.230   3.207   0.500  1.98118E+01  1.88202E+01  2.02294E+01
 0.240   3.292   0.500  2.51124E+01  2.52347E+01  2.33017E+01
 0.250   3.992   0.717  1.94487E+01  1.96520E+01  1.96486E+01
 0.260   2.814   0.500  1.91871E+01  1.94982E+01  1.88161E+01
 0.270   2.756   0.500  1.23102E+01  1.17661E+01  1.40261E+01
 0.280   2.093   0.500  1.43876E+01  1.55434E+01  1.29856E+01
 0.290   2.471   0.500  1.00218E+01  9.81112E+00  1.13237E+01
 0.300   6.430   1.977  9.02095E+00  9.06823E+00  9.26706E+00
 0.310   6.392   0.791  2.19655E+01  2.27790E+01  1.89723E+01
 0.320   5.357   0.583  1.97745E+01  1.97129E+01  2.03248E+01
 0.330   4.699   0.500  1.07202E+01  1.06614E+01  1.17351E+01
 0.340   5.373   0.500  5.88576E+00  5.87121E+00  6.46677E+00
 0.350   6.879   0.500  3.47377E+00  3.43461E+00  3.72149E+00
 0.360   6.593   0.500  2.03873E+00  2.06173E+00  2.09510E+00
 0.370   6.791   0.500  1.61683E+00  1.56967E+00  1.74474E+00
 0.380   6.224   0.500  1.27144E+00  1.27738E+00  1.21898E+00
 0.390   6.072   0.550  9.66396E-01  9.05137E-01  1.03494E+00
 0.400   5.613   0.731  7.71508E-01  7.68420E-01  7.81559E-01
 0.410   5.086   0.538  7.51932E-01  7.59471E-01  7.59083E-01
 0.420   4.682   0.500  6.29133E-01  6.17207E-01  6.58663E-01
 0.430   4.119   0.500  4.32773E-01  4.24352E-01  4.40142E-01
 0.440   3.073   0.500  4.59831E-01  4.47088E-01  4.37527E-01
 0.450  11.608   2.059  2.79527E-03  2.54965E-03  4.21115E-03
 0.460  11.308   2.476  4.33200E-03  3.99417E-03  3.89875E-03
 0.470  15.609   1.785  4.45435E-03  4.05406E-03  6.11597E-03
 0.480  18.932   5.765  1.79138E-03  1.33970E-03  1.46223E-02
 0.490  15.127   2.526  7.49639E-02  6.77632E-02  8.01153E-02
 0.500  17.758   2.760  1.37425E-01  1.27976E-01  1.34065E-01
