  41
 0.100         9352 -0.17231E-01 -0.92977E-02  0.34120E-02 -0.64915E+01 -0.34567E+01  0.51202E+00 -0.81185E-01 -0.54075E+00  0.83725E+00   0.825   0.522
 0.110        36467 -0.13129E-02  0.48764E-02  0.12566E-01 -0.28905E+02 -0.17179E+02 -0.71688E+00 -0.62205E+00 -0.75245E+00 -0.21651E+00   1.041   0.680
 0.120       148185  0.16367E-02  0.51148E-02  0.45010E-02 -0.94450E+01  0.40048E+02  0.59528E+02 -0.67238E+00 -0.70191E+00 -0.23501E+00   1.199   0.771
 0.130       207156  0.42109E-02  0.54299E-02  0.53190E-02 -0.89189E+02  0.74607E+02 -0.10806E+01  0.66987E+00 -0.70916E+00 -0.21992E+00   1.544   0.730
 0.140       206973 -0.71572E-03  0.95429E-03 -0.71572E-03 -0.60921E+01 -0.36436E+01  0.66787E+02 -0.60030E+00  0.12613E+00  0.78976E+00   1.416   0.572
 0.150       130744 -0.51104E-03 -0.12776E-02  0.51104E-03  0.24602E+03  0.12858E+03 -0.13336E+03 -0.76441E+00  0.41603E+00  0.49254E+00   1.503   0.500
 0.160       171956 -0.27268E-03  0.16361E-02 -0.16361E-02 -0.11744E+03  0.10299E+03  0.82947E+01 -0.98323E+00  0.16061E+00  0.86393E-01   1.616   0.500
 0.170       247191  0.00000E+00  0.11591E-02  0.57954E-03  0.39201E+02  0.28182E+03  0.67228E+02 -0.88240E+00  0.27754E+00 -0.37993E+00   1.178   0.500
 0.180       155180  0.30692E-03  0.21484E-02  0.00000E+00 -0.49234E+02 -0.19551E+02  0.32758E+03 -0.74374E+00  0.19730E+00 -0.63868E+00   1.000   0.500
 0.190       595493  0.00000E+00 -0.80966E-03  0.32386E-03 -0.42745E+03 -0.17751E+03  0.14879E+03  0.19476E+00 -0.50503E+00 -0.84084E+00   2.262   0.500
 0.200       793407  0.17039E-02  0.13631E-02  0.17039E-02  0.10802E+03 -0.49895E+03 -0.11474E+03  0.22537E+00 -0.53427E+00 -0.81472E+00   2.947   0.514
 0.210       335823 -0.71550E-03 -0.71550E-03  0.00000E+00 -0.17508E+03  0.42177E+03  0.56482E+03  0.58233E+00 -0.59810E+00 -0.55060E+00   3.431   0.735
 0.220       879485  0.37490E-03 -0.37490E-03  0.11247E-02  0.46941E+02  0.63913E+02  0.20151E+03  0.46495E+00 -0.61210E+00 -0.63965E+00   2.848   0.551
 0.230       766912 -0.78382E-03  0.00000E+00 -0.78382E-03 -0.92361E+02 -0.32392E+03 -0.27603E+02  0.21295E+00 -0.54409E+00 -0.81155E+00   3.207   0.500
 0.240       475703  0.40910E-03  0.18409E-02 -0.81820E-03 -0.31675E+03  0.43949E+03  0.70903E+02  0.15995E+00 -0.44597E+00 -0.88064E+00   3.292   0.500
 0.250       406704  0.34087E-02  0.00000E+00  0.00000E+00 -0.65301E+03  0.27750E+02 -0.12606E+03 -0.43523E-01 -0.33615E+00 -0.94080E+00   3.992   0.717
 0.260       800817  0.00000E+00 -0.44307E-03 -0.88615E-03  0.17891E+02 -0.24557E+03 -0.20375E+02  0.11803E+00 -0.32067E+00 -0.93981E+00   2.814   0.500
 0.270       737623  0.00000E+00 -0.69020E-03 -0.13804E-02  0.58037E+03  0.33906E+03 -0.18184E+02  0.15645E+00 -0.36562E+00 -0.91752E+00   2.756   0.500
 0.280       784606 -0.19090E-02  0.14318E-02  0.95452E-03 -0.18660E+03 -0.17264E+03 -0.42491E+03  0.11208E+00 -0.38914E+00 -0.91433E+00   2.093   0.500
 0.290      1204481  0.00000E+00  0.14822E-02 -0.14822E-02 -0.68047E+02  0.37578E+03  0.10009E+03  0.17825E+00 -0.46265E+00 -0.86844E+00   2.471   0.500
 0.300       574329  0.00000E+00 -0.22999E-02  0.51109E-03  0.23341E+03  0.64392E+01 -0.60703E+02  0.37416E+00 -0.52376E+00 -0.76530E+00   6.430   1.977
 0.310       418759  0.15840E-02  0.10560E-02  0.00000E+00  0.16328E+03  0.29490E+03 -0.36857E+03  0.36155E+00 -0.58285E+00 -0.72771E+00   6.392   0.791
 0.320       316548  0.16368E-02  0.81838E-03 -0.54559E-03 -0.12168E+03 -0.51799E+03 -0.35219E+03  0.41420E+00 -0.66679E+00 -0.61953E+00   5.357   0.583
 0.330      1903284 -0.56230E-03 -0.22492E-02 -0.22492E-02 -0.72747E+02  0.58742E+01 -0.38013E+03  0.42547E+00 -0.64514E+00 -0.63464E+00   4.699   0.500
 0.340      1044007  0.23165E-02 -0.28956E-03 -0.17374E-02  0.16374E+03 -0.21176E+03 -0.19801E+03  0.46193E+00 -0.66523E+00 -0.58660E+00   5.373   0.500
 0.350      1905776  0.11921E-02 -0.11921E-02  0.00000E+00 -0.21564E+03  0.99896E+02 -0.25385E+02  0.48517E+00 -0.67205E+00 -0.55943E+00   6.879   0.500
 0.360      1711932 -0.12265E-02 -0.12265E-02  0.12265E-02  0.19330E+03 -0.68666E+02 -0.51984E+03  0.52829E+00 -0.68974E+00 -0.49514E+00   6.593   0.500
 0.370      5287255 -0.31505E-02  0.18903E-02 -0.25204E-02 -0.83858E+02  0.25920E+03 -0.10466E+03  0.58138E+00 -0.67785E+00 -0.45003E+00   6.791   0.500
 0.380       643270 -0.12957E-02  0.12957E-02  0.19435E-02 -0.83125E+02  0.36046E+03  0.13160E+03  0.63353E+00 -0.66075E+00 -0.40255E+00   6.224   0.500
 0.390       877691  0.26582E-02 -0.66456E-03 -0.19937E-02 -0.18837E+03  0.49257E+02  0.69717E+02  0.67843E+00 -0.65327E+00 -0.33610E+00   6.072   0.550
 0.400       511870  0.27253E-02 -0.13626E-02 -0.68132E-03  0.50494E+01 -0.18173E+02 -0.19489E+03  0.75084E+00 -0.61387E+00 -0.24372E+00   5.613   0.731
 0.410      1083432 -0.13965E-02 -0.17456E-02  0.00000E+00  0.28716E+01 -0.13543E+03 -0.31698E+03  0.74734E+00 -0.60225E+00 -0.28066E+00   5.086   0.538
 0.420      3439563  0.00000E+00  0.39352E-02 -0.21464E-02 -0.41569E+01  0.14220E+02 -0.12843E+03  0.77641E+00 -0.60219E+00 -0.18589E+00   4.682   0.500
 0.430       162051  0.73260E-03  0.00000E+00 -0.36630E-02 -0.51706E+03 -0.22603E+03  0.30032E+03  0.85698E+00 -0.50780E+00 -0.87871E-01   4.119   0.500
 0.440      1151055 -0.22503E-02  0.30004E-02  0.15002E-02  0.40556E+03  0.45987E+03  0.54655E+02  0.83883E+00 -0.54158E+00 -0.55246E-01   3.073   0.500
 0.450      3879720 -0.23015E-02 -0.26851E-02 -0.23015E-02 -0.32744E+02  0.41802E+02  0.22462E+03 -0.21159E+00 -0.11799E+00  0.97021E+00  11.608   2.059
 0.460      5699631 -0.78345E-03  0.15669E-02  0.15669E-02  0.17807E+02 -0.20489E+03 -0.12805E+03 -0.52446E+00 -0.29813E+00  0.79753E+00  11.308   2.476
 0.470      5442813  0.16011E-02 -0.24017E-02  0.24017E-02 -0.57022E+01  0.28911E+03 -0.23329E+03 -0.53326E+00 -0.42302E-01  0.84489E+00  15.609   1.785
 0.480      2873918  0.81793E-03 -0.12269E-02 -0.24538E-02 -0.20010E+03 -0.75148E+02 -0.12383E+03 -0.54434E+00  0.55409E-01  0.83703E+00  18.932   5.765
 0.490      2351243 -0.16698E-02  0.29221E-02  0.00000E+00  0.38948E+03  0.17572E+03  0.12635E+03 -0.64765E+00 -0.87813E-01  0.75686E+00  15.127   2.526
 0.500      5838756 -0.42577E-02  0.42577E-03 -0.25546E-02 -0.16515E+03 -0.71978E+02 -0.17512E+02 -0.66540E+00 -0.41044E-01  0.74536E+00  17.758   2.760
