  41
 0.100  2.93411E+07  1.83943E+07  2.14875E+07  2.75291E+07  7.13460E+06  3.43112E+08  1.00460E-01
 0.110  2.69480E+07  2.54589E+07  3.06961E+07  2.61245E+07  2.18686E+06  4.85278E+08  1.70693E-02
 0.120  2.23773E+08  1.10747E+08  1.24824E+08  2.16492E+08  7.70658E+07  9.13357E+08  1.33240E+00
 0.130  1.75485E+08  2.58249E+08  2.98608E+08  1.69526E+08  1.55636E+08  1.04455E+09  1.59694E+00
 0.140  5.31074E+08  5.16733E+08  6.01577E+08  5.20309E+08  2.42852E+08  1.43189E+09  3.40471E+00
 0.150  7.66967E+08  1.03224E+09  1.21348E+09  7.55234E+08  4.92849E+08  1.84401E+09  5.04299E+00
 0.160  5.34962E+08  1.97899E+09  2.33702E+09  5.28313E+08  8.83863E+08  2.01361E+09  9.09740E+00
 0.170  5.42718E+08  2.76315E+09  3.31493E+09  5.34475E+08  7.41392E+08  2.34932E+09  9.24276E+00
 0.180  5.41112E+08  3.46458E+09  4.22271E+09  5.34100E+08  6.97518E+08  2.59209E+09  7.23940E+00
 0.190  1.46496E+09  6.07940E+09  7.37906E+09  1.45329E+09  1.58323E+09  3.53088E+09  2.12499E+01
 0.200  5.22964E+08  7.23599E+09  8.93335E+09  5.14467E+08  1.01879E+09  3.61560E+09  9.41051E+00
 0.210  7.37676E+08  8.14506E+09  1.01682E+10  7.27953E+08  9.17634E+08  3.80383E+09  1.08874E+01
 0.220  7.05670E+08  8.93682E+09  1.12644E+10  6.94201E+08  8.42031E+08  4.08550E+09  9.62785E+00
 0.230  6.89482E+08  1.20274E+10  1.51796E+10  6.81797E+08  1.26550E+09  4.82518E+09  1.27602E+01
 0.240  1.04557E+09  1.31317E+10  1.67134E+10  1.03399E+09  1.05675E+09  4.98813E+09  1.31801E+01
 0.250  3.77766E+08  1.34173E+10  1.72736E+10  3.72789E+08  5.99895E+08  4.83740E+09  5.31178E+00
 0.260  7.75321E+08  1.56685E+10  2.02584E+10  7.66642E+08  8.88408E+08  5.55305E+09  1.07301E+01
 0.270  2.92340E+08  1.61112E+10  2.10047E+10  2.88702E+08  5.19258E+08  5.48131E+09  4.71004E+00
 0.280  1.04762E+09  1.63816E+10  2.14694E+10  1.03816E+09  6.77488E+08  5.45346E+09  9.00420E+00
 0.290  4.65525E+08  1.71038E+10  2.24539E+10  4.60869E+08  8.80840E+08  5.39717E+09  8.33268E+00
 0.300  2.82851E+08  1.75697E+10  2.32638E+10  2.78780E+08  3.12154E+08  5.44631E+09  3.33891E+00
 0.310  9.25550E+08  1.85600E+10  2.46088E+10  9.18054E+08  8.86579E+08  5.54632E+09  1.10734E+01
 0.320  5.53693E+08  1.95774E+10  2.60267E+10  5.47129E+08  7.00443E+08  5.71517E+09  8.08624E+00
 0.330  1.78761E+08  1.73964E+10  2.32970E+10  1.75943E+08  2.43716E+08  5.09139E+09  2.35846E+00
 0.340  1.32889E+08  1.86451E+10  2.50705E+10  1.30500E+08  1.57267E+08  5.32401E+09  1.66619E+00
 0.350  7.67707E+07  1.55885E+10  2.10769E+10  7.50596E+07  6.43339E+07  4.44898E+09  6.48536E-01
 0.360  4.87038E+07  1.46868E+10  1.99328E+10  4.71950E+07  4.52627E+07  4.41315E+09  4.71745E-01
 0.370  3.45573E+07  1.31693E+10  1.79280E+10  3.33100E+07  2.92395E+07  3.83218E+09  2.89119E-01
 0.380  3.49575E+07  1.38168E+10  1.88536E+10  3.36917E+07  2.51180E+07  3.82153E+09  2.65978E-01
 0.390  2.84486E+07  1.35867E+10  1.85798E+10  2.73080E+07  2.24629E+07  3.76641E+09  2.45485E-01
 0.400  2.60219E+07  1.32059E+10  1.80878E+10  2.49160E+07  1.75205E+07  3.71919E+09  1.92077E-01
 0.410  2.53602E+07  1.24662E+10  1.70961E+10  2.42896E+07  1.48665E+07  3.41707E+09  1.71424E-01
 0.420  1.86475E+07  1.24608E+10  1.71174E+10  1.75705E+07  1.43164E+07  3.41848E+09  1.52894E-01
 0.430  1.74995E+07  1.24465E+10  1.71232E+10  1.65041E+07  1.14808E+07  3.40426E+09  1.23566E-01
 0.440  2.01190E+07  1.27283E+10  1.75322E+10  1.90681E+07  1.17682E+07  3.54934E+09  1.44486E-01
 0.450  1.89228E+07  1.26960E+10  1.75002E+10  1.79940E+07  1.02378E+07  3.55042E+09  1.11501E-01
 0.460  1.72712E+07  1.20935E+10  1.66770E+10  1.64018E+07  9.42900E+06  3.36128E+09  9.53365E-02
 0.470  2.70255E+07  1.16465E+10  1.60658E+10  2.58073E+07  1.53286E+07  3.21147E+09  1.80816E-01
 0.480  1.84274E+07  1.22898E+10  1.69645E+10  1.74658E+07  1.22524E+07  3.41599E+09  1.30898E-01
 0.490  1.25279E+07  1.21221E+10  1.67387E+10  1.18069E+07  7.12353E+06  3.33833E+09  7.60655E-02
 0.500  8.84794E+06  1.12046E+10  1.54749E+10  8.26157E+06  5.50285E+06  3.13514E+09  5.86069E-02
