  41
 0.100 -2.37348E-01  1.34335E-01  5.69374E-02 -2.34684E+00 -1.54677E+01 -7.77671E+00 -8.11848E-02 -5.40753E-01  8.37255E-01  1.10946E+01   0.825   0.522  1.81308E+07  1.75293E+07  1.21348E+06  0.00000E+00  2.09508E+07  1.14916E-02  9.86522E+01   7.678   7.529
 0.110  1.34960E-01 -2.30117E-01 -1.40693E-01  2.17488E+01 -2.80948E+01  1.04668E+01 -6.22047E-01 -7.52450E-01 -2.16509E-01  1.86705E+01   1.041   0.680  2.81002E+07  2.73585E+07  8.36189E+05  5.25435E+05  3.15925E+07  2.27311E-03  1.77361E+02   7.576   7.452
 0.120 -3.13954E-02  1.21186E-01  6.19365E-02 -9.59787E+00  6.06049E+00  6.62102E-01 -6.72382E-01 -7.01905E-01 -2.35013E-01  1.82950E+01   1.199   0.771  2.74843E+08  2.80267E+08  1.74864E+07  1.64615E+06  8.74615E+07  2.66559E-01  5.06177E+01   7.979   7.804
 0.130  3.20764E-02  3.68520E-02 -3.87543E-02 -2.15284E+00  1.50528E+00 -8.55140E+00  6.69869E-01 -7.09162E-01 -2.19919E-01  3.03481E+01   1.544   0.730  2.60900E+08  2.93461E+08  5.54937E+07  3.55871E+06  1.29696E+08  5.55836E-01  6.88603E+01   8.186   8.101
 0.140  2.01442E-02 -6.92723E-02  5.35271E-03  1.95361E+01  2.16405E+01  1.00224E+00 -6.00303E-01  1.26134E-01  7.89764E-01  1.77342E+01   1.416   0.572  5.68921E+08  5.90006E+08  5.28930E+07  4.02997E+06  1.56965E+08  5.42853E-01  9.86338E+01   8.209   8.257
 0.150  2.03443E-02  9.95603E-02 -6.01164E-02 -8.10211E+00  2.09042E+00 -1.94892E+01 -7.64414E-01  4.16029E-01  4.92535E-01  5.90458E+01   1.503   0.500  8.87286E+08  1.08881E+09  2.78323E+08  8.40118E+06  2.24307E+08  2.73806E+00  7.70046E+01   8.363   8.385
 0.160 -1.89170E-03 -4.81817E-04 -1.69298E-02 -2.83226E+00 -6.80499E+00 -3.04266E+00 -9.83229E-01  1.60613E-01  8.63928E-02  4.39217E+01   1.616   0.500  5.58391E+08  1.32359E+09  1.22441E+09  2.40940E+07  2.45175E+08  7.72172E+00  9.98133E+01   8.675   8.508
 0.170 -1.10105E-02 -2.29220E-02 -9.95858E-03 -4.48842E+00  1.91424E+00  2.51229E-01 -8.82397E-01  2.77543E-01 -3.79927E-01  4.25445E+01   1.178   0.500  5.58662E+08  1.17770E+09  1.69186E+09  2.49591E+07  2.10340E+08  8.14992E+00  1.44338E+02   8.694   8.588
 0.180 -5.93233E-03 -2.40386E-02 -1.17934E-02 -1.12073E+01 -1.43543E+00  1.19300E+01 -7.43745E-01  1.97304E-01 -6.38682E-01  5.17129E+01   1.000   0.500  5.38127E+08  1.12622E+09  2.05196E+09  2.21480E+07  2.11171E+08  6.40554E+00  1.96897E+02   8.714   8.638
 0.190  1.74064E-03 -3.86861E-02 -7.36518E-03  1.57027E+01  3.22632E-01  3.21625E+00  1.94755E-01 -5.05026E-01 -8.40844E-01  7.73713E+01   2.262   0.500  2.13233E+09  2.47650E+09  9.85239E+08  1.71743E+08  7.83495E+08  5.62356E+00  2.33119E+02   8.559   8.494
 0.200  1.08815E-01 -1.05534E-01  9.09645E-02 -3.32669E+01 -6.37029E-01 -4.44478E+00  2.25374E-01 -5.34267E-01 -8.14718E-01  2.02802E+02   2.947   0.514  1.64731E+09  2.32459E+09  1.76552E+09  2.75451E+08  1.00049E+09  7.41150E+00  2.00764E+02   8.636   8.502
 0.210  5.26253E-02  1.16441E-01  5.90268E-03 -1.42504E+01 -1.96502E+01  1.10938E+01  5.82331E-01 -5.98102E-01 -5.50604E-01  2.49472E+02   3.431   0.735  2.13761E+09  3.70503E+09  4.52850E+09  4.33651E+08  1.55535E+09  1.99862E+01  1.99860E+02   8.569   8.637
 0.220  7.23727E-01  1.13714E-01  2.93338E-01 -9.26179E+01 -4.95816E+00 -2.61670E+01  4.64953E-01 -6.12100E-01 -6.39650E-01  2.08953E+02   2.848   0.551  2.71793E+09  4.24216E+09  5.37510E+09  6.01191E+08  1.35349E+09  1.83344E+01  2.45255E+02   8.621   8.659
 0.230 -5.74374E-02 -2.24136E-02  7.88817E-04 -4.76008E-01  2.05982E+00 -4.66407E+00  2.12946E-01 -5.44090E-01 -8.11554E-01  2.52075E+02   3.207   0.500  1.80176E+09  3.56555E+09  6.68465E+09  1.04471E+09  1.58162E+09  1.98118E+01  3.18225E+02   8.758   8.691
 0.240 -2.49325E-01  5.74268E-02 -8.96425E-02 -1.88011E-01  3.42727E+01 -1.46518E+01  1.59954E-01 -4.45971E-01 -8.80639E-01  2.99182E+02   3.292   0.500  2.18215E+09  4.21990E+09  9.00943E+09  1.23022E+09  1.66393E+09  2.51124E+01  3.45027E+02   8.676   8.695
 0.250 -1.26158E-01  3.70093E-01 -1.12937E-01  2.95810E+00 -2.73671E+01  2.72811E+00 -4.35235E-02 -3.36149E-01 -9.40803E-01  4.52932E+02   3.992   0.717  2.35415E+09  4.05625E+09  1.11458E+10  1.45622E+09  2.28938E+09  1.94487E+01  3.96016E+02   8.640   8.687
 0.260 -5.74559E-02  5.08689E-02 -2.59772E-02 -1.37238E+01 -9.47795E+00 -1.97915E+00  1.18029E-01 -3.20669E-01 -9.39809E-01  3.43455E+02   2.814   0.500  2.04390E+09  3.65818E+09  1.20790E+10  1.24903E+09  1.58245E+09  1.91871E+01  4.53638E+02   8.684   8.706
 0.270 -5.83942E-02 -1.77988E-01  3.10177E-02 -3.17233E+01 -1.98028E+01 -2.38637E+00  1.56453E-01 -3.65623E-01 -9.17520E-01  4.01959E+02   2.756   0.500  1.26891E+09  2.48232E+09  1.35111E+10  1.38285E+09  1.57722E+09  1.23102E+01  5.18859E+02   8.783   8.715
 0.280  4.89489E-02  4.87691E-02 -1.13735E-02  1.63794E+01 -3.46029E+00  5.59768E+00  1.12083E-01 -3.89141E-01 -9.14334E-01  2.53275E+02   2.093   0.500  1.52414E+09  2.68601E+09  1.29307E+10  1.10871E+09  1.29737E+09  1.43876E+01  6.07627E+02   8.646   8.734
 0.290  1.93632E-02 -5.05576E-02  3.28296E-02 -1.46663E+01 -2.42759E+01 -1.69688E+00  1.78253E-01 -4.62647E-01 -8.68438E-01  2.48814E+02   2.471   0.500  9.25901E+08  1.90041E+09  1.49005E+10  1.44899E+09  1.45509E+09  1.00218E+01  6.66735E+02   8.789   8.724
 0.300 -3.40336E-01 -4.54274E-02  2.92423E-02 -6.14803E+01 -3.50199E+01 -3.65776E+01  3.74162E-01 -5.23760E-01 -7.65296E-01  8.07497E+02   6.430   1.977  2.92397E+09  3.52422E+09  1.83510E+10  2.93806E+09  5.40823E+09  9.02095E+00  7.94950E+02   8.378   8.679
 0.310 -3.36737E-01 -2.68239E-01 -2.15695E-02 -2.63122E+01  1.95904E+00 -2.19393E+01  3.61545E-01 -5.82854E-01 -7.27713E-01  6.11813E+02   6.392   0.791  3.56425E+09  5.10953E+09  1.86613E+10  2.31368E+09  3.38414E+09  2.19655E+01  8.39529E+02   8.450   8.676
 0.320 -1.08943E-01 -1.10956E-01  7.59211E-02 -6.82332E+00  3.10334E+00 -1.65104E+01  4.14201E-01 -6.66794E-01 -6.19534E-01  5.71508E+02   5.357   0.583  2.40387E+09  4.09311E+09  1.98451E+10  2.07275E+09  2.62767E+09  1.97745E+01  8.67091E+02   8.621   8.676
 0.330 -3.97561E-01 -3.46026E-02 -2.25279E-01 -6.81362E+00  2.29370E+01 -2.85931E+01  4.25468E-01 -6.45139E-01 -6.34644E-01  6.70036E+02   4.699   0.500  1.74904E+09  2.74795E+09  1.87656E+10  1.80609E+09  2.11861E+09  1.07202E+01  9.23487E+02   8.666   8.679
 0.340 -2.08309E-01  1.11512E-01 -2.66178E-01  3.35543E+00  1.31579E+01 -1.70303E+01  4.61930E-01 -6.65225E-01 -5.86597E-01  7.94322E+02   5.373   0.500  1.39192E+09  1.91521E+09  1.86031E+10  1.89676E+09  2.22619E+09  5.88576E+00  1.02293E+03   8.693   8.675
 0.350 -4.91050E-02 -5.54911E-02  7.31404E-02 -3.92542E+01 -9.64026E+00 -1.81944E+01  4.85166E-01 -6.72053E-01 -5.59428E-01  9.70634E+02   6.879   0.500  1.18202E+09  1.44903E+09  1.79006E+10  1.97658E+09  2.40286E+09  3.47377E+00  1.13251E+03   8.678   8.667
 0.360 -2.43694E-01 -3.44031E-01  2.28851E-01 -5.68565E+01 -2.44226E+01 -2.84629E+01  5.28288E-01 -6.89743E-01 -4.95143E-01  1.10578E+03   6.593   0.500  1.05243E+09  1.18937E+09  1.64491E+10  1.83711E+09  2.28871E+09  2.03873E+00  1.25324E+03   8.640   8.665
 0.370 -9.76735E-02 -3.02861E-01  5.01556E-01 -5.69724E+01 -2.70711E+01 -2.88243E+01  5.81378E-01 -6.77847E-01 -4.50026E-01  1.14011E+03   6.791   0.500  8.72865E+08  9.81569E+08  1.56551E+10  1.76145E+09  2.19585E+09  1.61683E+00  1.38177E+03   8.656   8.664
 0.380 -1.13065E-01 -5.83034E-02 -1.13356E-02 -2.47243E+01 -1.12096E+01 -1.46221E+01  6.33533E-01 -6.60751E-01 -4.02547E-01  1.09377E+03   6.224   0.500  7.64860E+08  8.31213E+08  1.48108E+10  1.66082E+09  2.07605E+09  1.27144E+00  1.53095E+03   8.675   8.666
 0.390 -1.97844E-01 -1.85374E-01 -3.81463E-02 -1.57125E+01 -3.58436E+00 -1.05294E+01  6.78433E-01 -6.53274E-01 -3.36096E-01  9.94793E+02   6.072   0.550  5.78577E+08  6.37858E+08  1.51761E+10  1.75156E+09  2.22719E+09  9.66396E-01  1.68167E+03   8.704   8.662
 0.400  6.63192E-02 -4.32678E-02 -9.29748E-02 -2.25862E+00  7.17129E-01 -3.22654E+00  7.50838E-01 -6.13874E-01 -2.43724E-01  9.28769E+02   5.613   0.731  5.35343E+08  5.70114E+08  1.58957E+10  1.96731E+09  2.59724E+09  7.71508E-01  1.84581E+03   8.699   8.652
 0.410 -3.21656E-04 -1.00579E-01  1.67489E-01 -1.52344E+01 -1.70528E+01 -2.14903E+01  7.47343E-01 -6.02251E-01 -2.80665E-01  8.41074E+02   5.086   0.538  4.39043E+08  4.79145E+08  1.35397E+10  1.46765E+09  1.88499E+09  7.51932E-01  1.99328E+03   8.722   8.670
 0.420 -5.44796E-02 -9.51535E-02  6.33610E-02 -9.26212E+00 -1.52440E+01 -7.14887E+00  7.76407E-01 -6.02193E-01 -1.85889E-01  7.80117E+02   4.682   0.500  2.97228E+08  3.33217E+08  1.29403E+10  1.34812E+09  1.69760E+09  6.29133E-01  2.14300E+03   8.766   8.677
 0.430 -3.08778E-02 -7.40075E-02 -6.32649E-02 -1.62651E-01 -1.34382E+00 -1.83397E+01  8.56984E-01 -5.07796E-01 -8.78715E-02  6.67316E+02   4.119   0.500  2.18078E+08  2.40494E+08  1.21450E+10  1.21732E+09  1.54446E+09  4.32773E-01  2.31992E+03   8.777   8.686
 0.440  5.34340E-02  1.02408E-01 -1.72925E-01  1.18385E+01  9.01106E+00 -2.65760E+00  8.38830E-01 -5.41582E-01 -5.52461E-02  4.92144E+02   3.073   0.500  1.55863E+08  1.84735E+08  1.07160E+10  9.74118E+08  1.25946E+09  4.59831E-01  2.53117E+03   8.790   8.704
 0.450 -1.96688E-01  3.04968E+00  1.90266E-01 -1.22905E+02  3.96027E+01 -3.09454E+01 -2.11587E-01 -1.17992E-01  9.70211E-01  1.48293E+03  11.608   2.059  2.62355E+08  2.21527E+08  1.22747E+09  4.50118E+08  4.69831E+09  2.79527E-03  3.55653E+03   8.493   8.667
 0.460 -9.91351E-01 -3.41443E+00 -1.94611E+00  2.12942E+02 -1.48781E+01  1.54868E+02 -5.24463E-01 -2.98128E-01  7.97533E-01  1.62554E+03  11.308   2.476  3.51445E+08  2.98832E+08  1.02267E+09  4.12407E+08  5.04034E+09  4.33200E-03  3.74314E+03   8.359   8.655
 0.470  8.71171E-01 -2.40038E+00  2.61774E-01  2.28172E+02  1.06558E+02  1.42401E+02 -5.33263E-01 -4.23022E-02  8.44891E-01  1.87955E+03  15.609   1.785  1.07328E+09  9.81182E+08  9.91529E+08  4.14220E+08  5.57001E+09  4.45435E-03  3.88810E+03   8.071   8.648
 0.480  5.14854E+00  7.07626E+00  3.34341E+00 -2.62359E+01 -6.54257E+00 -2.50877E+01 -5.44343E-01  5.54085E-02  8.37031E-01  2.04104E+03  18.932   5.765  6.91938E+08  5.27191E+08  1.31326E+09  7.29581E+08  1.41875E+10  1.79138E-03  3.87713E+03   8.158   8.546
 0.490 -1.90756E+00 -3.43695E+00 -2.08462E+00  3.39309E+01 -1.37025E+02  1.87486E+01 -6.47653E-01 -8.78126E-02  7.56858E-01  2.40859E+03  15.127   2.526  1.09111E+09  9.81376E+08  1.00915E+09  5.24196E+08  6.93041E+09  7.49639E-02  3.97300E+03   8.091   8.561
 0.500  1.52556E+00 -2.96000E+00  1.49066E+00 -6.21155E+00  9.02912E+00  5.04513E+00 -6.65395E-01 -4.10435E-02  7.45362E-01  2.29828E+03  17.758   2.760  9.99276E+08  8.49155E+08  1.61917E+09  1.10613E+09  9.63049E+09  1.37425E-01  3.76725E+03   8.162   8.490
