  41
 0.100   0.825  7.99619E-02  7.85555E-02  6.24244E-02
 0.110   1.041  1.84296E-02  2.10242E-02  2.91635E-02
 0.120   1.199  1.49950E+00  1.78365E+00  9.59797E-01
 0.130   1.544  1.89704E+00  1.98510E+00  2.02885E+00
 0.140   1.416  3.74681E+00  4.18396E+00  2.99965E+00
 0.150   1.503  6.00702E+00  6.04215E+00  6.37060E+00
 0.160   1.616  9.50682E+00  9.02073E+00  1.05696E+01
 0.170   1.178  9.45705E+00  9.60752E+00  8.68992E+00
 0.180   1.000  7.23940E+00  6.89952E+00  7.79535E+00
 0.190   2.262  2.72772E+01  2.77681E+01  2.29153E+01
 0.200   2.947  1.52681E+01  1.51048E+01  1.81336E+01
 0.210   3.431  2.20428E+01  2.18513E+01  2.13089E+01
 0.220   2.848  3.32998E+01  3.35229E+01  3.40641E+01
 0.230   3.207  2.26875E+01  2.11928E+01  2.61527E+01
 0.240   3.292  2.72532E+01  2.71879E+01  2.56747E+01
 0.250   3.992  2.10860E+01  2.13566E+01  2.15341E+01
 0.260   2.814  2.07999E+01  2.10364E+01  2.06490E+01
 0.270   2.756  1.31805E+01  1.26005E+01  1.50291E+01
 0.280   2.093  1.57295E+01  1.69721E+01  1.41340E+01
 0.290   2.471  1.15859E+01  1.12868E+01  1.30907E+01
 0.300   6.430  9.77048E+00  9.83404E+00  1.00795E+01
 0.310   6.392  2.64654E+01  2.66804E+01  2.38753E+01
 0.320   5.357  2.21361E+01  2.20664E+01  2.29285E+01
 0.330   4.699  1.15421E+01  1.15076E+01  1.25484E+01
 0.340   5.373  6.38985E+00  6.38797E+00  7.00443E+00
 0.350   6.879  3.97980E+00  3.94314E+00  4.23513E+00
 0.360   6.593  2.34196E+00  2.34794E+00  2.42591E+00
 0.370   6.791  1.79341E+00  1.73891E+00  1.94294E+00
 0.380   6.224  1.44398E+00  1.44366E+00  1.39558E+00
 0.390   6.072  1.13445E+00  1.06926E+00  1.19309E+00
 0.400   5.613  8.92162E-01  8.95553E-01  9.01867E-01
 0.410   5.086  8.78426E-01  8.83044E-01  9.06210E-01
 0.420   4.682  7.10064E-01  6.92550E-01  7.53407E-01
 0.430   4.119  5.11477E-01  5.00359E-01  5.31444E-01
 0.440   3.073  5.25780E-01  5.09413E-01  5.07926E-01
 0.450  11.608  3.21530E-01  3.13971E-01  3.46025E-01
 0.460  11.308  2.04842E-01  1.88441E-01  2.34193E-01
 0.470  15.609  2.93389E-01  3.05333E-01  2.70196E-01
 0.480  18.932  1.52317E-01  1.48810E-01  2.14353E-01
 0.490  15.127  1.55609E-01  1.49483E-01  1.85038E-01
 0.500  17.758  2.85561E-01  2.66310E-01  2.83191E-01
