  41
 0.100   0.825  1.51886E+07  1.77786E+07  1.50531E+07  1.30030E+02  0.00000E+00  0.00000E+00  0.00000E+00  1.51886E+07  1.77786E+07  1.50531E+07
 0.110   1.041  2.64502E+07  3.18880E+07  2.60814E+07  2.06922E+02  1.17230E+07  1.42042E+07  1.15500E+07  1.47271E+07  1.76838E+07  1.45313E+07
 0.120   1.199  1.26242E+08  1.42452E+08  1.25463E+08  1.05832E+02  2.55172E+07  3.13117E+07  2.50545E+07  1.00725E+08  1.11140E+08  1.00408E+08
 0.130   1.544  3.18169E+08  3.68838E+08  3.16293E+08  1.22532E+02  5.69070E+07  6.97189E+07  5.59727E+07  2.61263E+08  2.99119E+08  2.60320E+08
 0.140   1.416  5.83181E+08  6.80091E+08  5.79517E+08  1.42121E+02  8.02896E+07  9.94623E+07  7.87857E+07  5.02891E+08  5.80629E+08  5.00731E+08
 0.150   1.503  1.18150E+09  1.38820E+09  1.17440E+09  1.51895E+02  1.23406E+08  1.53686E+08  1.21033E+08  1.05809E+09  1.23451E+09  1.05337E+09
 0.160   1.616  2.20011E+09  2.60316E+09  2.18683E+09  1.67570E+02  1.85963E+08  2.32436E+08  1.82391E+08  2.01415E+09  2.37073E+09  2.00443E+09
 0.170   1.178  2.85777E+09  3.43009E+09  2.83722E+09  2.10991E+02  1.56976E+08  1.98339E+08  1.53369E+08  2.70080E+09  3.23175E+09  2.68385E+09
 0.180   1.000  3.46458E+09  4.22271E+09  3.43447E+09  2.66416E+02  1.56422E+08  1.98849E+08  1.52478E+08  3.30816E+09  4.02386E+09  3.28199E+09
 0.190   2.262  7.49709E+09  9.09233E+09  7.43128E+09  2.79038E+02  2.12650E+09  2.65701E+09  2.09900E+09  5.37059E+09  6.43532E+09  5.33228E+09
 0.200   2.947  9.89613E+09  1.21951E+10  9.79623E+09  3.36325E+02  2.70391E+09  3.42690E+09  2.66112E+09  7.19222E+09  8.76824E+09  7.13511E+09
 0.210   3.431  1.22899E+10  1.52591E+10  1.21517E+10  3.90231E+02  3.07261E+09  3.94018E+09  3.01453E+09  9.21731E+09  1.13189E+10  9.13713E+09
 0.220   2.848  1.74753E+10  2.17224E+10  1.72794E+10  4.11966E+02  5.15236E+09  6.60418E+09  5.06249E+09  1.23230E+10  1.51182E+10  1.22169E+10
 0.230   3.207  2.03708E+10  2.55853E+10  2.01207E+10  4.71642E+02  5.56773E+09  7.19829E+09  5.45752E+09  1.48031E+10  1.83870E+10  1.46632E+10
 0.240   3.292  2.29445E+10  2.90500E+10  2.26344E+10  5.40473E+02  5.74942E+09  7.50246E+09  5.62037E+09  1.71951E+10  2.15476E+10  1.70141E+10
 0.250   3.992  2.61903E+10  3.34572E+10  2.57990E+10  6.18825E+02  6.46467E+09  8.49309E+09  6.30440E+09  1.97256E+10  2.49641E+10  1.94946E+10
 0.260   2.814  2.60612E+10  3.35100E+10  2.56417E+10  6.92930E+02  5.45791E+09  7.22564E+09  5.30686E+09  2.06033E+10  2.62844E+10  2.03348E+10
 0.270   2.756  2.77709E+10  3.59735E+10  2.72877E+10  7.74624E+02  5.57876E+09  7.41513E+09  5.41385E+09  2.21922E+10  2.85584E+10  2.18739E+10
 0.280   2.093  2.57650E+10  3.36041E+10  2.52719E+10  8.77826E+02  4.65861E+09  6.23733E+09  4.50597E+09  2.11064E+10  2.73667E+10  2.07660E+10
 0.290   2.471  2.98716E+10  3.91525E+10  2.92695E+10  9.52625E+02  5.53272E+09  7.40935E+09  5.34724E+09  2.43389E+10  3.17431E+10  2.39222E+10
 0.300   6.430  3.59470E+10  4.75115E+10  3.51366E+10  1.08317E+03  8.72374E+09  1.17118E+10  8.42465E+09  2.72232E+10  3.57997E+10  2.67120E+10
 0.310   6.392  3.82726E+10  5.05907E+10  3.73788E+10  1.15292E+03  8.80568E+09  1.18796E+10  8.48268E+09  2.94669E+10  3.87111E+10  2.88961E+10
 0.320   5.357  4.02891E+10  5.33138E+10  3.93325E+10  1.21023E+03  8.28367E+09  1.12233E+10  7.95992E+09  3.20055E+10  4.20904E+10  3.13726E+10
 0.330   4.699  4.08598E+10  5.43667E+10  3.98252E+10  1.30553E+03  7.87306E+09  1.06992E+10  7.54165E+09  3.29867E+10  4.36675E+10  3.22835E+10
 0.340   5.373  4.21474E+10  5.64230E+10  4.09898E+10  1.42345E+03  8.27039E+09  1.12572E+10  7.90208E+09  3.38770E+10  4.51657E+10  3.30877E+10
 0.350   6.879  4.37905E+10  5.89660E+10  4.24749E+10  1.56171E+03  9.24824E+09  1.26076E+10  8.81725E+09  3.45423E+10  4.63584E+10  3.36576E+10
 0.360   6.593  4.35179E+10  5.89135E+10  4.21007E+10  1.70542E+03  9.00499E+09  1.23082E+10  8.55729E+09  3.45129E+10  4.66053E+10  3.35434E+10
 0.370   6.791  4.35580E+10  5.92280E+10  4.20341E+10  1.84854E+03  9.02261E+09  1.23568E+10  8.55021E+09  3.45354E+10  4.68712E+10  3.34838E+10
 0.380   6.224  4.28421E+10  5.84916E+10  4.12364E+10  2.00018E+03  8.59434E+09  1.17930E+10  8.11783E+09  3.42478E+10  4.66985E+10  3.31186E+10
 0.390   6.072  4.26368E+10  5.84079E+10  4.09375E+10  2.14776E+03  8.48346E+09  1.16596E+10  7.99054E+09  3.41533E+10  4.67483E+10  3.29469E+10
 0.400   5.613  4.21084E+10  5.78501E+10  4.03204E+10  2.29922E+03  8.22108E+09  1.13134E+10  7.71837E+09  3.38873E+10  4.65367E+10  3.26021E+10
 0.410   5.086  4.07701E+10  5.61565E+10  3.89289E+10  2.45894E+03  7.66168E+09  1.05552E+10  7.16677E+09  3.31084E+10  4.56013E+10  3.17622E+10
 0.420   4.682  3.95386E+10  5.45959E+10  3.76594E+10  2.61894E+03  7.26114E+09  1.00122E+10  6.77107E+09  3.22774E+10  4.45837E+10  3.08884E+10
 0.430   4.119  3.75205E+10  5.19240E+10  3.56392E+10  2.78616E+03  6.66074E+09  9.18878E+09  6.18842E+09  3.08598E+10  4.27352E+10  2.94508E+10
 0.440   3.073  3.25720E+10  4.51333E+10  3.08141E+10  2.97635E+03  5.42853E+09  7.48221E+09  5.01698E+09  2.71435E+10  3.76511E+10  2.57971E+10
 0.450  11.608  4.54639E+10  6.31818E+10  4.30045E+10  3.10524E+03  1.06873E+10  1.48122E+10  9.93454E+09  3.47766E+10  4.83696E+10  3.30700E+10
 0.460  11.308  4.53389E+10  6.31008E+10  4.27849E+10  3.25813E+03  1.05977E+10  1.47009E+10  9.82852E+09  3.47412E+10  4.83999E+10  3.29564E+10
 0.470  15.609  4.63085E+10  6.45435E+10  4.35919E+10  3.42712E+03  1.15616E+10  1.60572E+10  1.07088E+10  3.47469E+10  4.84863E+10  3.28831E+10
 0.480  18.932  4.68681E+10  6.53998E+10  4.40050E+10  3.59662E+03  1.21225E+10  1.68530E+10  1.12068E+10  3.47456E+10  4.85468E+10  3.27982E+10
 0.490  15.127  4.65389E+10  6.50022E+10  4.36127E+10  3.73669E+03  1.18351E+10  1.64544E+10  1.09345E+10  3.47038E+10  4.85479E+10  3.26782E+10
 0.500  17.758  4.82505E+10  6.74291E+10  4.51223E+10  3.88347E+03  1.35250E+10  1.88071E+10  1.25005E+10  3.47254E+10  4.86221E+10  3.26218E+10
