  28
 0.100   0.713   0.557  2.25154E-04  3.06833E-05  2.16504E-03
 0.110   1.000   0.703  1.83530E-02  2.26462E-02  1.14123E-02
 0.120   1.330   0.687  1.37917E-01  1.41905E-01  1.10618E-01
 0.130   1.330   0.538  4.31304E-01  4.90060E-01  3.26584E-01
 0.140   1.347   0.662  1.10378E-01  1.19063E-01  1.26748E-01
 0.150   2.051   0.919  2.02428E-01  2.44330E-01  1.43392E-01
 0.160   2.377   1.383  3.59996E-01  4.02735E-01  2.56356E-01
 0.170   1.749   0.500  4.35785E+00  5.14279E+00  2.78428E+00
 0.180   2.646   1.074  3.50160E+00  3.68066E+00  3.87810E+00
 0.190   2.343   0.500  4.23634E+00  4.11578E+00  3.36172E+00
 0.200   2.517   0.555  4.93622E+00  4.99572E+00  5.45483E+00
 0.210   1.845   0.500  9.41400E+00  9.36198E+00  8.87076E+00
 0.220   2.926   0.500  4.11262E+00  3.69139E+00  5.23606E+00
 0.230   3.450   0.754  2.65136E+00  2.57685E+00  2.73832E+00
 0.240   4.232   1.396  3.25438E+00  3.24372E+00  3.04099E+00
 0.250   3.456   0.539  4.82604E+00  4.98217E+00  4.25403E+00
 0.260   5.034   0.958  2.61110E+00  2.46580E+00  3.00167E+00
 0.270   5.383   1.002  1.76491E+00  1.82808E+00  1.71030E+00
 0.280   6.304   1.419  3.43621E+00  3.55201E+00  2.96175E+00
 0.290   8.438   3.565  6.30787E+00  6.46918E+00  5.56774E+00
 0.300   3.738   0.799  5.79344E+00  6.18844E+00  6.03429E+00
 0.310   5.599   2.796  4.47562E+00  4.57272E+00  4.36675E+00
 0.320   4.215   0.871  2.53276E+01  2.50911E+01  2.21960E+01
 0.330   2.550   0.500  1.71581E+01  1.68986E+01  1.76808E+01
 0.340   4.569   1.445  1.23378E+01  1.21633E+01  1.22228E+01
 0.350   7.935   2.850  4.29028E+00  4.45727E+00  3.70548E+00
 0.360  11.418   3.057  5.41134E+00  5.61701E+00  5.39592E+00
 0.370  13.783   4.112  5.49179E+00  5.45585E+00  6.24113E+00
