  28
 0.100 -2.83011E-02  5.23361E-03 -1.11065E-02 -1.01503E+01  1.25920E+01 -1.42341E+01 -1.47827E-01 -6.95122E-01  7.03529E-01  1.49325E+00   0.713   0.557  8.20129E+06  8.08325E+06  5.03320E+05  0.00000E+00  1.30527E+07  2.25154E-04  1.30352E+02   7.190   7.397
 0.110 -2.61963E-03  2.78089E-01 -3.16869E-02 -1.35372E+01  3.67497E+01 -1.63852E+01 -7.46735E-01  6.57854E-01 -9.80524E-02  8.58492E+00   1.000   0.703  9.03345E+07  8.82607E+07  2.21812E+06  4.17512E+05  6.25200E+07  1.83530E-02  1.33123E+02   7.542   7.352
 0.120  2.50641E-01 -3.68939E-02  4.31527E-01  1.49054E+01  3.40181E+01  2.13966E+00 -8.57697E-01  3.75762E-01  3.50940E-01  4.01581E+01   1.330   0.687  1.23101E+08  1.27353E+08  1.31947E+07  1.06692E+06  1.20966E+08  1.37917E-01  9.45662E+01   7.774   7.604
 0.130  8.46703E-02  1.56500E-01  5.52139E-02  1.02379E+01  1.06674E+01  4.68379E+00 -7.49147E-01  5.56223E-01  3.59713E-01  2.06230E+01   1.330   0.538  2.03939E+08  2.25306E+08  4.55229E+07  5.79333E+06  1.91384E+08  4.31304E-01  1.04084E+02   8.067   7.769
 0.140  5.39508E-02  9.37791E-02  7.79062E-02 -9.56069E+00  1.35037E+01 -7.87592E+00 -5.74092E-01  2.76289E-01  7.70768E-01  1.53979E+01   1.347   0.662  1.51477E+08  1.57029E+08  3.55476E+07  7.00178E+06  1.45658E+08  1.10378E-01  1.64262E+02   8.118   7.954
 0.150  8.36499E-02  4.34396E-02  9.55292E-02  2.26251E+00 -3.54798E+00 -2.41767E+01 -2.93096E-01  8.83805E-01  3.64668E-01  4.67054E+01   2.051   0.919  2.28530E+08  2.28160E+08  5.90010E+07  1.54067E+07  3.04286E+08  2.02428E-01  2.37719E+02   8.067   7.923
 0.160 -3.75872E-01  2.29012E-01 -1.83357E-01  1.93544E+01 -2.27349E+01  1.39148E+01  5.52600E-01  2.81670E-01  7.84407E-01  3.22713E+01   2.377   1.383  6.67583E+08  6.51056E+08  4.60159E+07  3.78332E+06  1.83902E+08  3.59996E-01  1.64680E+02   7.968   7.989
 0.170 -1.46538E-02 -2.02007E-02  1.20978E-02  9.53511E+00 -1.99866E+00 -5.54036E+00  6.47595E-01  2.79830E-01  7.08743E-01  3.21788E+01   1.749   0.500  8.69299E+08  1.10243E+09  2.90528E+08  5.40630E+06  1.57713E+08  4.35785E+00  6.82238E+01   8.353   8.203
 0.180  8.37257E-02  5.07314E-03  2.55413E-02 -3.36126E+01 -2.90977E+01 -2.88238E+00 -1.66157E-01  4.57579E-01  8.73506E-01  2.61195E+01   2.646   1.074  8.60662E+08  1.18283E+09  7.26872E+08  2.53755E+07  3.11436E+08  3.50160E+00  1.15147E+02   8.380   8.525
 0.190 -5.20192E-02 -2.09274E-02  2.92421E-03  1.74093E+01  1.73116E+01 -8.42319E+00  5.49006E-01 -8.29648E-01 -1.01370E-01  5.85791E+01   2.343   0.500  1.16180E+09  1.43590E+09  4.85185E+08  1.56433E+07  3.40867E+08  4.23634E+00  1.37036E+02   8.523   8.377
 0.200 -3.76563E-02  3.19535E-03 -7.99493E-02 -6.12962E+00 -8.15687E+00  9.63571E+00  6.56875E-01 -7.41004E-01 -1.39387E-01  8.76047E+01   2.517   0.555  8.45029E+08  1.32209E+09  1.29243E+09  4.40659E+07  4.06629E+08  4.93622E+00  1.66289E+02   8.604   8.585
 0.210  1.44731E-03  1.88819E-02  7.41999E-02  3.47229E+00  1.24242E+01 -6.64436E+00  8.56677E-01 -4.48936E-01  2.54090E-01  9.04575E+01   1.845   0.500  8.95788E+08  1.66239E+09  2.37353E+09  4.10835E+07  3.26401E+08  9.41400E+00  2.08507E+02   8.626   8.646
 0.220 -8.05621E-02 -8.25216E-02  1.26551E-01 -9.25642E+00 -3.32283E+01  1.56704E+00  8.70721E-01 -4.57675E-01  1.79941E-01  1.43557E+02   2.926   0.500  4.74691E+08  9.33499E+08  2.86741E+09  7.90157E+07  4.31820E+08  4.11262E+00  2.77520E+02   8.737   8.679
 0.230 -1.77004E-01 -1.45375E-01  6.69933E-01 -5.06814E+00 -1.36523E+01 -7.56947E-01  8.60179E-01 -5.04815E-01  7.24781E-02  2.17899E+02   3.450   0.754  5.93420E+08  8.00930E+08  3.14893E+09  1.26259E+08  6.31768E+08  2.65136E+00  3.74189E+02   8.572   8.684
 0.240  5.23625E-02  3.01273E-02  3.32130E-01 -1.05069E+01  2.48584E+00  1.65853E+00  7.93410E-01 -5.95308E-01  1.26920E-01  2.49010E+02   4.232   1.396  1.05263E+09  1.25728E+09  3.47341E+09  1.92106E+08  9.32895E+08  3.25438E+00  4.65001E+02   8.385   8.668
 0.250  2.86741E-02  1.38042E-01  4.09828E-01  1.28426E+00  1.51032E+00  5.71642E+00  9.20909E-01 -3.59393E-01  1.50875E-01  2.49467E+02   3.456   0.539  9.07726E+08  1.25297E+09  3.46241E+09  1.09973E+08  5.38902E+08  4.82604E+00  5.28553E+02   8.456   8.671
 0.260 -1.85814E-01 -5.81559E-01  2.11018E-01 -1.56813E+01 -1.86360E+01 -8.45364E+00  9.20530E-01 -3.79301E-01 -9.35665E-02  3.66336E+02   5.034   0.958  8.48568E+08  1.06930E+09  3.86743E+09  2.11071E+08  8.91991E+08  2.61110E+00  5.96124E+02   8.430   8.642
 0.270  1.19749E-02 -3.79413E-02 -2.79383E-02 -8.24033E+00 -3.07490E+01 -6.93273E+00  8.85007E-01 -4.22946E-01 -1.94627E-01  3.80121E+02   5.383   1.002  9.65190E+08  1.05963E+09  3.94982E+09  2.33692E+08  9.72801E+08  1.76491E+00  6.98472E+02   8.355   8.639
 0.280  9.40012E-02 -1.72651E-01  3.07634E-01  6.54162E+00 -3.24663E+00 -3.58508E+00  7.05369E-01 -4.68788E-01 -5.31688E-01  4.29540E+02   6.304   1.419  1.66143E+09  1.81225E+09  3.52624E+09  2.38219E+08  1.35781E+09  3.43621E+00  7.52292E+02   8.255   8.608
 0.290 -1.09680E+00 -1.94997E+00  1.32338E+00 -1.33497E+01 -3.15728E+01  5.93138E+00  3.68005E-01 -4.19233E-01 -8.29950E-01  4.48308E+02   8.438   3.565  4.66001E+09  4.74925E+09  2.72469E+09  3.45577E+08  4.07702E+09  6.30787E+00  7.10680E+02   8.116   8.467
 0.300  8.50851E-02  1.11559E-01  8.52585E-03  9.27006E+00  1.88584E+01 -6.69703E-01  6.65004E-01 -2.14300E-01 -7.15433E-01  1.59858E+02   3.738   0.799  9.78874E+08  1.46355E+09  4.68471E+09  1.85947E+08  7.76262E+08  5.79344E+00  8.69767E+02   8.506   8.610
 0.310 -1.19042E+00  1.51266E-01 -1.74578E-01  2.11350E+01  8.94920E+00 -2.99863E+01  5.47448E-01 -1.42111E-01 -8.24685E-01  3.25409E+02   5.599   2.796  2.12382E+09  2.39268E+09  5.58405E+09  3.70512E+08  2.00322E+09  4.47562E+00  8.82589E+02   8.471   8.590
 0.320 -3.12296E-02  2.79028E-02  1.04160E-01  9.35911E-01 -1.91250E+01 -1.06374E+01  5.37578E-01  4.42589E-01 -7.17722E-01  2.74339E+02   4.215   0.871  2.87691E+09  4.77709E+09  5.15166E+09  4.62648E+08  1.24924E+09  2.53276E+01  6.40289E+02   8.537   8.595
 0.330 -6.69731E-02  1.38899E-02 -4.96531E-02 -9.83264E+00  1.23950E+01  4.66951E+00  5.95074E-01  5.18570E-01 -6.13981E-01  2.43529E+02   2.550   0.500  1.37378E+09  2.90525E+09  6.63699E+09  4.36692E+08  7.37270E+08  1.71581E+01  5.76866E+02   8.745   8.663
 0.340  6.93268E-02  1.61382E-01  8.63887E-02 -2.10841E+00 -7.67396E+00 -6.88902E+00  4.18707E-01  4.32137E-01 -7.98713E-01  3.00521E+02   4.569   1.445  1.53508E+09  2.53011E+09  8.72659E+09  8.96651E+08  1.82572E+09  1.23378E+01  6.06700E+02   8.696   8.657
 0.350 -1.48603E+00 -5.85026E-01  3.90095E-01 -4.54418E+01  3.49731E+01  9.57006E+00 -1.59306E-01  1.96721E-01 -9.67431E-01  8.12574E+02   7.935   2.850  3.22268E+09  3.32145E+09  3.77036E+09  7.66963E+08  4.40600E+09  4.29028E+00  8.93169E+02   8.428   8.581
 0.360 -2.13899E+00  1.37285E+00  3.25965E-01  1.45479E+01  4.83561E+01  2.92590E+00 -2.69981E-02  2.10382E-01 -9.77246E-01  1.27259E+03  11.418   3.057  5.70192E+09  5.78871E+09  7.85141E+09  1.58797E+09  8.56341E+09  5.41134E+00  8.51333E+02   8.275   8.611
 0.370 -1.85624E-01 -1.27376E-01  1.07154E-01 -7.66169E+01 -1.35998E+01 -1.35896E+01 -7.51945E-03  4.00524E-01 -9.16255E-01  1.40431E+03  13.783   4.112  7.48507E+09  7.53436E+09  1.03168E+10  1.22319E+09  8.67947E+09  5.49179E+00  8.83306E+02   8.275   8.641
