  28
 0.100  1.42205E+07  1.45137E+07  1.70661E+07  1.34747E+07  7.74915E+06  3.86344E+08  2.81483E-02
 0.110  8.33891E+07  2.89843E+07  3.35574E+07  8.01753E+07  1.32028E+07  6.16969E+08  2.18534E-01
 0.120  5.18324E+07  4.54188E+07  5.33808E+07  4.84585E+07  2.17241E+07  5.26930E+08  2.07542E-01
 0.130  1.76200E+08  1.48584E+08  1.68980E+08  1.68891E+08  9.75517E+07  9.48857E+08  1.54486E+00
 0.140  1.31463E+08  2.15581E+08  2.54210E+08  1.27321E+08  7.81392E+07  8.65802E+08  8.34910E-01
 0.150  9.43374E+07  2.78540E+08  3.34008E+08  9.02635E+07  6.70829E+07  9.53929E+08  8.27651E-01
 0.160  8.28450E+07  3.47224E+08  4.20361E+08  7.54328E+07  7.88414E+07  9.77290E+08  1.09024E+00
 0.170  7.13377E+08  1.02753E+09  1.19549E+09  7.01409E+08  6.01664E+08  1.31500E+09  9.25748E+00
 0.180  5.13616E+08  1.63552E+09  1.95479E+09  5.07952E+08  4.90818E+08  1.63483E+09  5.07906E+00
 0.190  8.38172E+08  2.76985E+09  3.31685E+09  8.27032E+08  1.01426E+09  2.02450E+09  1.17294E+01
 0.200  6.17497E+08  3.45976E+09  4.23012E+09  6.09689E+08  6.23471E+08  2.20441E+09  5.82961E+00
 0.210  6.73536E+08  4.45415E+09  5.48417E+09  6.65387E+08  8.33306E+08  2.49423E+09  9.61489E+00
 0.220  2.14271E+08  4.84451E+09  6.07213E+09  2.10791E+08  4.02716E+08  2.41126E+09  3.46932E+00
 0.230  1.56478E+08  4.91474E+09  6.26223E+09  1.52839E+08  1.44620E+08  2.39147E+09  1.51656E+00
 0.240  1.25600E+08  5.01915E+09  6.47072E+09  1.20940E+08  1.26105E+08  2.40785E+09  1.40957E+00
 0.250  1.65574E+08  5.18106E+09  6.73088E+09  1.61455E+08  1.65484E+08  2.45657E+09  1.78816E+00
 0.260  9.39237E+07  5.20753E+09  6.82114E+09  9.11426E+07  1.05178E+08  2.41600E+09  9.93458E-01
 0.270  7.76307E+07  5.21756E+09  6.88704E+09  7.54313E+07  7.01320E+07  2.39272E+09  7.67542E-01
 0.280  1.78259E+08  5.33585E+09  7.07423E+09  1.73568E+08  1.36928E+08  2.47960E+09  1.92419E+00
 0.290  2.70589E+08  5.52620E+09  7.35870E+09  2.66124E+08  1.04454E+08  2.61711E+09  1.29099E+00
 0.300  4.75819E+08  6.02444E+09  7.96746E+09  4.68151E+08  4.36189E+08  2.56191E+09  4.70680E+00
 0.310  2.43618E+08  6.67062E+09  8.85136E+09  2.39041E+08  2.30450E+08  2.93486E+09  2.11046E+00
 0.320  7.13494E+08  9.50926E+09  1.23484E+10  7.03477E+08  1.15289E+09  3.12808E+09  1.25538E+01
 0.330  6.00253E+08  1.03548E+10  1.34990E+10  5.93398E+08  7.69005E+08  3.17563E+09  8.66383E+00
 0.340  3.98232E+08  1.16710E+10  1.53058E+10  3.92838E+08  5.57261E+08  3.45140E+09  6.01168E+00
 0.350  2.01935E+08  1.18045E+10  1.56356E+10  1.98677E+08  2.40581E+08  3.34931E+09  2.50631E+00
 0.360  1.59979E+08  1.18086E+10  1.57779E+10  1.57966E+08  1.43209E+08  3.33493E+09  1.43756E+00
 0.370  1.38702E+08  1.17960E+10  1.58805E+10  1.35430E+08  9.85833E+07  3.39695E+09  1.13993E+00
