  28
 0.100  7.12500E-01  8.56890E+06  1.23431E+07  1.45291E+07  8.28331E+06  6.67021E+06  2.34201E+08  2.01637E-02
 0.110  1.12500E+00  9.91343E+07  3.09784E+07  3.58279E+07  9.50933E+07  1.45978E+07  7.35691E+08  2.41753E-01
 0.120  1.42500E+00  1.49888E+08  6.23697E+07  7.26639E+07  1.42192E+08  3.39757E+07  9.64903E+08  3.77659E-01
 0.130  1.72500E+00  2.95613E+08  2.33437E+08  2.67223E+08  2.77916E+08  1.50163E+08  2.12817E+09  2.09793E+00
 0.140  2.02500E+00  2.40648E+08  3.31050E+08  3.92959E+08  2.26910E+08  9.66324E+07  2.44776E+09  9.96788E-01
 0.150  2.43750E+00  3.27971E+08  4.28454E+08  5.16688E+08  3.06285E+08  8.92569E+07  3.25428E+09  1.08498E+00
 0.160  3.03750E+00  9.53445E+08  6.93029E+08  8.29336E+08  8.88344E+08  2.36444E+08  5.02238E+09  3.41484E+00
 0.170  3.56250E+00  1.38309E+09  1.49876E+09  1.75976E+09  1.29238E+09  7.71242E+08  7.37786E+09  1.13460E+01
 0.180  4.05000E+00  1.60159E+09  2.25583E+09  2.71349E+09  1.52032E+09  5.84580E+08  1.08827E+10  6.22764E+00
 0.190  4.42500E+00  2.11781E+09  3.53656E+09  4.24797E+09  1.98624E+09  1.25250E+09  1.15412E+10  1.43931E+01
 0.200  4.68750E+00  1.66269E+09  4.49450E+09  5.49556E+09  1.53264E+09  8.65154E+08  1.25415E+10  8.27460E+00
 0.210  4.95000E+00  1.59926E+09  5.61032E+09  6.92120E+09  1.48586E+09  9.51522E+08  1.47088E+10  1.10629E+01
 0.220  5.21250E+00  9.81392E+08  6.21492E+09  7.79626E+09  8.82405E+08  5.29885E+08  1.55641E+10  4.55129E+00
 0.230  5.51250E+00  1.13077E+09  6.50781E+09  8.27983E+09  9.86425E+08  2.98564E+08  1.70130E+10  3.20011E+00
 0.240  5.81250E+00  1.82967E+09  6.83985E+09  8.78135E+09  1.63623E+09  3.22991E+08  1.81604E+10  4.10684E+00
 0.250  6.07500E+00  1.55815E+09  7.35639E+09  9.48650E+09  1.38949E+09  4.55914E+08  1.93644E+10  5.56639E+00
 0.260  6.48750E+00  1.45526E+09  7.69432E+09  1.00015E+10  1.27111E+09  3.02632E+08  2.07216E+10  2.87884E+00
 0.270  7.61250E+00  1.64482E+09  7.87877E+09  1.03302E+10  1.41967E+09  1.76819E+08  2.51618E+10  2.03414E+00
 0.280  9.03750E+00  3.05387E+09  8.31824E+09  1.09387E+10  2.65729E+09  3.65967E+08  3.40837E+10  4.79086E+00
 0.290  9.75000E+00  6.72650E+09  1.14121E+10  1.48242E+10  6.00907E+09  9.63433E+08  5.25189E+10  1.20961E+01
 0.300  1.05375E+01  3.18933E+09  1.01951E+10  1.33361E+10  2.65403E+09  8.13580E+08  3.87980E+10  8.18649E+00
 0.310  1.17375E+01  5.41746E+09  1.55476E+10  2.02735E+10  4.76547E+09  6.59590E+08  5.60795E+10  7.16293E+00
 0.320  1.25250E+01  7.57012E+09  1.89484E+10  2.44005E+10  6.60912E+09  2.91142E+09  6.58547E+10  3.42402E+01
 0.330  1.32375E+01  4.94968E+09  2.19452E+10  2.83848E+10  4.18319E+09  1.94050E+09  7.35495E+10  2.06031E+01
 0.340  1.42500E+01  5.75829E+09  2.34906E+10  3.06608E+10  4.71895E+09  1.24760E+09  7.99096E+10  1.40870E+01
 0.350  1.48500E+01  7.85047E+09  2.46109E+10  3.24237E+10  6.96685E+09  7.80757E+08  8.64473E+10  9.05191E+00
 0.360  1.54500E+01  9.51188E+09  2.81345E+10  3.73259E+10  8.48023E+09  8.38189E+08  1.00475E+11  9.18855E+00
 0.370  1.63125E+01  1.13982E+10  2.69376E+10  3.58754E+10  1.04107E+10  8.59245E+08  1.02359E+11  8.89316E+00
