  40
 0.110  9.75000E-01  8.07359E+07  2.39754E+07  2.72061E+07  7.74311E+07  1.64943E+07  6.31518E+08  2.48482E-01
 0.120  1.20000E+00  1.19449E+08  8.38580E+07  9.61641E+07  1.13451E+08  6.07252E+07  7.52069E+08  7.24891E-01
 0.130  1.46250E+00  9.34268E+07  1.16031E+08  1.38100E+08  8.65067E+07  2.86637E+07  1.17524E+09  2.36764E-01
 0.140  1.80000E+00  1.28321E+08  1.62592E+08  1.95130E+08  1.19549E+08  4.39504E+07  1.33919E+09  5.19159E-01
 0.150  2.25000E+00  2.39996E+08  2.15370E+08  2.62268E+08  2.24304E+08  3.31340E+07  2.62592E+09  4.15049E-01
 0.160  2.88750E+00  6.27619E+08  2.99413E+08  3.62226E+08  5.92495E+08  8.03836E+07  3.63655E+09  1.10340E+00
 0.170  3.30000E+00  9.26320E+08  6.25544E+08  7.39633E+08  8.52934E+08  3.18387E+08  5.05697E+09  4.09791E+00
 0.180  3.67500E+00  1.01754E+09  1.17228E+09  1.39804E+09  9.36959E+08  4.38471E+08  7.45268E+09  4.99122E+00
 0.190  4.05000E+00  9.93240E+08  1.55332E+09  1.88754E+09  9.18161E+08  3.38241E+08  8.20733E+09  3.53362E+00
 0.200  4.35000E+00  9.34696E+08  1.85212E+09  2.28544E+09  8.48129E+08  2.72929E+08  9.19559E+09  2.88663E+00
 0.210  4.65000E+00  1.61816E+09  2.08427E+09  2.60387E+09  1.49297E+09  2.17757E+08  1.04183E+10  2.73564E+00
 0.220  5.02500E+00  1.29596E+09  2.62701E+09  3.27710E+09  1.15715E+09  4.29537E+08  1.11072E+10  4.72699E+00
 0.230  5.55000E+00  1.26585E+09  2.99552E+09  3.78070E+09  1.13400E+09  2.73248E+08  1.28523E+10  2.77020E+00
 0.240  6.18750E+00  1.11426E+09  3.48361E+09  4.42070E+09  9.39090E+08  3.77398E+08  1.68362E+10  3.59016E+00
 0.250  6.56250E+00  2.70775E+09  4.28116E+09  5.40157E+09  2.38915E+09  7.15093E+08  2.27041E+10  1.04482E+01
 0.260  7.12500E+00  2.32655E+09  5.81374E+09  7.26035E+09  2.04634E+09  1.37875E+09  2.20425E+10  1.57537E+01
 0.270  8.13750E+00  2.06329E+09  7.54688E+09  9.46921E+09  1.76039E+09  1.24438E+09  2.84659E+10  1.33933E+01
 0.280  8.73750E+00  3.82555E+09  9.18440E+09  1.16206E+10  3.38396E+09  1.02890E+09  4.03985E+10  1.22099E+01
 0.290  9.37500E+00  3.15757E+09  1.04963E+10  1.33353E+10  2.69901E+09  1.32019E+09  3.85141E+10  1.33714E+01
 0.300  9.90000E+00  4.49517E+09  1.14922E+10  1.47637E+10  3.90615E+09  7.80595E+08  4.14131E+10  8.16391E+00
 0.310  1.04250E+01  6.21442E+09  1.29444E+10  1.66727E+10  5.38799E+09  1.18733E+09  4.47462E+10  1.53759E+01
 0.320  1.10250E+01  4.07905E+09  1.50275E+10  1.93861E+10  3.46465E+09  1.44624E+09  4.71958E+10  1.21674E+01
 0.330  1.15125E+01  4.00729E+09  1.61146E+10  2.09755E+10  3.33412E+09  9.09656E+08  4.85047E+10  9.62713E+00
 0.340  1.18875E+01  3.57971E+09  1.69019E+10  2.22154E+10  3.02396E+09  5.95717E+08  5.11570E+10  6.60734E+00
 0.350  1.22625E+01  3.82903E+09  1.74097E+10  2.30477E+10  3.30648E+09  4.98216E+08  5.22566E+10  5.27770E+00
 0.360  1.26375E+01  4.00985E+09  1.76925E+10  2.36130E+10  3.54953E+09  3.05753E+08  5.58145E+10  3.48462E+00
 0.370  1.29750E+01  3.98535E+09  1.79815E+10  2.41621E+10  3.45760E+09  2.75423E+08  5.73172E+10  3.23765E+00
 0.380  1.33875E+01  3.93098E+09  1.83825E+10  2.48168E+10  3.35612E+09  3.06639E+08  5.77340E+10  2.86908E+00
 0.390  1.37625E+01  4.87441E+09  1.88131E+10  2.54818E+10  4.19827E+09  4.01845E+08  6.04639E+10  4.56772E+00
 0.400  1.41375E+01  5.23172E+09  1.98225E+10  2.69066E+10  4.59366E+09  4.77989E+08  6.80959E+10  5.64596E+00
 0.410  1.45125E+01  4.70139E+09  1.98549E+10  2.70405E+10  4.10153E+09  3.26802E+08  6.76621E+10  3.55605E+00
 0.420  1.49250E+01  5.27224E+09  2.01638E+10  2.75706E+10  4.73838E+09  2.59923E+08  7.00839E+10  3.16107E+00
 0.430  1.54125E+01  5.66797E+09  2.08596E+10  2.85924E+10  4.99406E+09  2.91642E+08  7.33996E+10  3.07107E+00
 0.440  1.58250E+01  5.77796E+09  2.12521E+10  2.91818E+10  5.17022E+09  3.57419E+08  7.47608E+10  4.33598E+00
 0.450  1.62000E+01  5.49508E+09  2.16040E+10  2.97439E+10  4.77983E+09  2.99663E+08  7.69493E+10  3.36141E+00
 0.460  1.65750E+01  5.10278E+09  2.20633E+10  3.04335E+10  4.51244E+09  3.23779E+08  8.19227E+10  4.15903E+00
 0.470  1.69500E+01  4.48548E+09  2.21902E+10  3.07086E+10  4.07220E+09  1.32958E+08  8.15699E+10  1.44383E+00
 0.480  1.73250E+01  4.17410E+09  2.23690E+10  3.10504E+10  3.64752E+09  1.46305E+08  8.27084E+10  1.39923E+00
 0.490  1.76625E+01  4.79232E+09  2.24888E+10  3.13009E+10  4.34038E+09  1.06110E+08  8.45433E+10  1.12198E+00
 0.500  1.80000E+01  5.67202E+09  2.27201E+10  3.16764E+10  5.11316E+09  1.79570E+08  8.63965E+10  2.23423E+00
