  40
 0.110  8.19227E+07  2.44487E+07  2.77557E+07  7.85171E+07  1.67257E+07  6.57790E+08  2.51004E-01
 0.120  8.75391E+07  7.86182E+07  9.01345E+07  8.31332E+07  5.77410E+07  5.81303E+08  6.82459E-01
 0.130  4.90161E+07  9.66855E+07  1.15074E+08  4.60554E+07  2.32673E+07  6.23371E+08  1.88550E-01
 0.140  6.69915E+07  1.24285E+08  1.49154E+08  6.32469E+07  3.15632E+07  5.52703E+08  4.12330E-01
 0.150  5.35484E+07  1.53623E+08  1.87273E+08  4.99143E+07  2.41695E+07  7.65288E+08  2.87629E-01
 0.160  1.21445E+08  1.85645E+08  2.27065E+08  1.16268E+08  3.38133E+07  7.29206E+08  4.42491E-01
 0.170  2.26600E+08  3.96470E+08  4.69473E+08  2.18970E+08  2.01667E+08  8.18579E+08  2.69251E+00
 0.180  2.34098E+08  7.04149E+08  8.40698E+08  2.27940E+08  2.70461E+08  1.10241E+09  2.84580E+00
 0.190  2.77470E+08  1.02416E+09  1.24180E+09  2.72139E+08  2.48447E+08  1.30885E+09  2.34871E+00
 0.200  1.10765E+08  1.15558E+09  1.42887E+09  1.07162E+08  1.39555E+08  1.26744E+09  1.28494E+00
 0.210  1.02520E+08  1.22981E+09  1.54613E+09  9.91295E+07  7.32387E+07  1.31209E+09  7.28225E-01
 0.220  2.90772E+08  1.48831E+09  1.86713E+09  2.82966E+08  2.10387E+08  1.44760E+09  2.73505E+00
 0.230  1.53687E+08  1.63905E+09  2.07940E+09  1.48913E+08  1.29003E+08  1.50272E+09  1.19397E+00
 0.240  1.14347E+08  1.90871E+09  2.42378E+09  1.09878E+08  2.41319E+08  1.59833E+09  2.49878E+00
 0.250  5.78414E+08  2.44823E+09  3.08513E+09  5.68110E+08  4.28735E+08  1.93421E+09  6.38920E+00
 0.260  9.31112E+08  4.08793E+09  5.05259E+09  9.23131E+08  1.23877E+09  2.38931E+09  1.43448E+01
 0.270  9.59749E+08  5.60842E+09  6.97037E+09  9.49078E+08  1.13043E+09  2.76967E+09  1.21096E+01
 0.280  6.07357E+08  6.83438E+09  8.58818E+09  5.98517E+08  8.41976E+08  3.02133E+09  9.51555E+00
 0.290  6.40404E+08  7.98750E+09  1.01170E+10  6.31503E+08  9.77199E+08  3.15751E+09  1.05969E+01
 0.300  3.38708E+08  8.56435E+09  1.09969E+10  3.33667E+08  4.93657E+08  3.19949E+09  4.66848E+00
 0.310  3.81276E+08  8.73882E+09  1.13682E+10  3.74428E+08  2.57300E+08  3.26476E+09  3.11563E+00
 0.320  3.10168E+08  9.15642E+09  1.19737E+10  3.03531E+08  5.00448E+08  3.15285E+09  4.86188E+00
 0.330  1.98708E+08  9.08620E+09  1.19991E+10  1.95071E+08  1.77009E+08  3.03987E+09  1.78393E+00
 0.340  1.65867E+08  9.00951E+09  1.19948E+10  1.62269E+08  1.55003E+08  2.97352E+09  1.69730E+00
 0.350  1.00458E+08  8.64148E+09  1.15840E+10  9.75277E+07  9.11126E+07  2.79444E+09  9.76127E-01
 0.360  6.21723E+07  7.97647E+09  1.07684E+10  6.01331E+07  4.89426E+07  2.49007E+09  5.30400E-01
 0.370  4.45813E+07  7.60965E+09  1.03381E+10  4.28363E+07  3.38542E+07  2.42331E+09  3.49895E-01
 0.380  3.45689E+07  7.76098E+09  1.05985E+10  3.29670E+07  2.87274E+07  2.47486E+09  2.99252E-01
 0.390  5.04453E+07  7.68872E+09  1.05379E+10  4.85470E+07  2.26019E+07  2.48301E+09  2.71564E-01
 0.400  3.60499E+07  7.39463E+09  1.01682E+10  3.45100E+07  2.57780E+07  2.35057E+09  2.83026E-01
 0.410  3.31170E+07  7.28280E+09  1.00357E+10  3.15077E+07  2.08861E+07  2.31972E+09  2.41148E-01
 0.420  3.58795E+07  7.02579E+09  9.70338E+09  3.42964E+07  2.18982E+07  2.23243E+09  2.51533E-01
 0.430  2.35529E+07  7.09925E+09  9.82337E+09  2.23467E+07  1.42231E+07  2.26943E+09  1.49028E-01
 0.440  4.85232E+07  6.95309E+09  9.63783E+09  4.62068E+07  3.08052E+07  2.21680E+09  4.03541E-01
 0.450  2.53520E+07  7.03450E+09  9.76565E+09  2.39856E+07  1.74554E+07  2.23268E+09  1.76475E-01
 0.460  2.04063E+07  6.99057E+09  9.71859E+09  1.91627E+07  1.29565E+07  2.24864E+09  1.52101E-01
 0.470  1.84812E+07  6.80715E+09  9.47345E+09  1.74340E+07  9.56521E+06  2.14264E+09  1.00951E-01
 0.480  1.33170E+07  6.68656E+09  9.31554E+09  1.24685E+07  7.63952E+06  2.15727E+09  8.16036E-02
 0.490  1.12994E+07  6.47705E+09  9.03070E+09  1.04819E+07  6.32426E+06  2.05310E+09  6.77396E-02
 0.500  1.14963E+07  6.38606E+09  8.91055E+09  1.04379E+07  5.21117E+06  2.00538E+09  6.14050E-02
