  36
 0.130 -4.09608E-02 -3.81498E-02 -1.38608E-01 -4.13473E+00 -3.66644E+00 -8.70302E-01   0.863  2.16671E+07  2.24543E+07  7.64606E+06  0.00000E+00  2.57729E+08  1.62005E-02  2.57301E+02   7.278   7.207
 0.140 -3.41364E-01 -1.72330E-01  1.81259E-01  1.93189E+00  3.56673E+00 -3.11153E+00   1.000  7.64453E+06  1.11925E+07  1.18770E+07  1.89600E+06  3.39454E+08  3.77815E-02  2.62515E+02   7.644   7.316
 0.150  1.50304E-01 -4.28090E-02  2.78465E-02  5.10840E-01  8.24613E-01  2.71837E-01   1.068  1.69549E+07  1.72732E+07  1.35447E+07  2.40663E+06  3.70547E+08  1.90643E-02  3.32018E+02   7.483   7.341
 0.160  8.15844E-02 -5.14300E-02 -8.69190E-03 -9.69281E+00 -2.02307E+01 -1.41891E+01   1.033  6.57421E+07  6.82262E+07  1.92910E+07  2.85169E+06  4.22426E+08  8.86365E-02  3.26681E+02   7.493   7.382
 0.170  3.56336E-01  2.18563E-01 -1.36192E-01 -8.58479E-01 -1.70192E+00  2.36590E+00   1.566  6.17958E+07  8.62287E+07  5.19122E+07  5.27406E+06  6.81235E+08  3.27243E-01  2.17288E+02   7.837   7.584
 0.180 -1.53015E-01  1.14248E-01  2.02161E-01 -1.58033E+01 -9.16716E+00 -1.29840E+01   1.703  1.12482E+08  1.22989E+08  6.99330E+07  7.70399E+06  8.18995E+08  1.97506E-01  2.65851E+02   7.617   7.603
 0.190 -3.18785E-01  1.68657E-02  3.31133E-01 -9.18775E+00 -9.68907E-01  8.25507E+00   2.203  5.57008E+07  6.57262E+07  9.01978E+07  1.08765E+07  1.07913E+09  1.46632E-01  3.15167E+02   7.872   7.636
 0.200 -2.12025E-02 -3.00956E-01  6.34214E-01  1.97661E+00 -6.46227E+00 -6.71147E+00   2.710  6.74021E+07  5.45843E+07  9.50496E+07  1.58118E+07  1.28748E+09  1.48431E-02  4.23004E+02   7.752   7.640
 0.210  1.30769E-01 -3.36152E-01 -2.53063E-01  8.71780E+00 -1.31545E+01  4.43241E+01   3.131  4.70561E+08  4.51644E+08  1.31046E+08  2.49974E+07  1.76012E+09  4.42229E-01  4.27651E+02   7.683   7.639
 0.220 -8.61443E-02 -1.90577E+00  1.49646E+00  2.33398E+01 -4.08583E+01 -1.35620E+01   4.588  6.43935E+08  6.31464E+08  2.45196E+08  5.06149E+07  4.31138E+09  7.69509E-01  3.54611E+02   7.851   7.722
 0.230  9.84155E-02  6.00870E-02  5.34148E-02 -1.88038E+01  1.37677E+01 -5.57170E-01   2.030  1.12692E+09  1.76028E+09  8.38597E+08  7.79043E+07  2.07380E+09  1.06389E+01  1.15807E+02   8.272   8.056
 0.240  1.02818E-01 -1.35708E-01  6.12220E-02 -4.36901E+00  1.40205E+01  1.50658E+01   2.686  1.66030E+08  3.41959E+08  1.12688E+09  1.77589E+08  2.15087E+09  1.04241E+00  2.11699E+02   8.695   8.341
 0.250  5.60042E-02  5.17192E-02 -7.67948E-02 -3.22696E+01 -4.94408E+00  7.07273E+00   2.833  1.39195E+09  1.90768E+09  2.59767E+09  1.09243E+09  5.41180E+09  7.55951E+00  3.66569E+02   8.320   8.306
 0.260 -3.15299E-01 -3.72332E-02  3.19490E-01  7.34848E+00  2.16739E+01  4.09801E+00   3.322  1.92957E+09  2.59701E+09  3.97178E+09  1.44399E+09  7.82564E+09  8.63731E+00  3.95391E+02   8.370   8.364
 0.270 -1.46454E-01  3.98470E-01  3.62005E-01  7.29127E+00 -7.27329E+00 -1.34054E+01   4.912  1.45868E+09  1.87071E+09  5.26997E+09  1.87443E+09  1.27590E+10  4.59688E+00  4.82426E+02   8.442   8.386
 0.280 -4.85013E-03  5.20115E-02 -8.70782E-02 -3.72592E+00 -5.95299E+00  4.21663E+00   2.866  1.14236E+09  1.61747E+09  4.97580E+09  1.30167E+09  6.84444E+09  6.09443E+00  5.24943E+02   8.505   8.463
 0.290  1.06156E-02 -1.52754E-01  3.75171E-02  9.53830E+00 -3.81499E+00  1.06741E+01   4.088  1.81184E+09  2.19751E+09  6.20331E+09  1.74315E+09  1.09879E+10  5.54622E+00  6.24220E+02   8.433   8.450
 0.300  7.77719E-02 -8.16744E-02 -4.80638E-02 -6.63471E+00 -9.05496E+00  1.34170E+01   4.576  1.74041E+09  2.05730E+09  6.92331E+09  1.85328E+09  1.25917E+10  4.38921E+00  7.09060E+02   8.445   8.456
 0.310 -1.42533E-01 -1.03653E-01  1.08637E-01  1.53708E+01  1.12957E+01  6.02351E+00   5.155  2.13935E+09  2.36462E+09  7.56206E+09  2.03712E+09  1.49099E+10  3.84839E+00  8.13213E+02   8.453   8.455
 0.320  1.27484E-01 -2.61880E-01 -1.59015E-01 -6.72229E+00  6.91639E+00  3.48625E+00   7.656  2.74501E+09  2.80554E+09  8.50053E+09  2.46236E+09  2.34593E+10  2.63112E+00  9.29873E+02   8.415   8.442
 0.330 -6.08173E-01  4.15268E-02  1.16761E+00  2.19654E+01  2.41104E+01  1.35750E+01   7.291  2.78622E+09  2.88948E+09  8.82048E+09  2.42846E+09  2.27992E+10  3.98916E+00  1.02676E+03   8.419   8.449
 0.340 -2.34274E-01  5.79900E-03  2.05120E-01 -1.13442E+01 -1.54866E+01  2.03983E+01   6.030  2.07757E+09  2.25490E+09  8.95491E+09  2.24644E+09  1.89279E+10  4.39058E+00  1.11451E+03   8.467   8.461
 0.350  3.58938E-01  1.04575E-01  3.77466E-02  5.46373E+00  3.59678E+00 -1.48785E+01   6.095  2.62863E+09  2.77890E+09  9.43394E+09  2.33266E+09  1.93495E+10  4.03514E+00  1.20540E+03   8.430   8.462
 0.360  5.70743E-01  2.32430E-01  7.65238E-01  1.70358E+01  1.83458E+01  5.27840E+00   5.690  2.60133E+09  3.00180E+09  1.00571E+10  2.25654E+09  1.80847E+10  7.57414E+00  1.25250E+03   8.476   8.469
 0.370 -1.91930E-01 -4.39079E-01  1.52920E-01  6.92135E+00 -6.90937E+00  1.88802E+01   6.124  2.92156E+09  3.49808E+09  1.12637E+10  2.44938E+09  2.08552E+10  9.81830E+00  1.28993E+03   8.505   8.471
 0.380  4.63144E-01  6.09403E-01  6.08108E-01 -2.14294E+01 -3.17883E+01  2.39895E+00   9.943  3.35517E+09  3.59383E+09  1.49008E+10  4.99743E+09  3.98890E+10  5.92433E+00  1.41313E+03   8.491   8.464
 0.390 -4.57413E-01  1.14911E+00 -6.26824E-02 -5.52277E+01 -4.57178E+01 -4.39687E+01   7.608  2.90105E+09  3.37372E+09  1.48981E+10  4.44986E+09  2.97396E+10  7.70514E+00  1.47765E+03   8.511   8.488
 0.400  3.27084E-01 -3.85682E-01  1.77079E-01  1.47409E+01  4.55131E+01  2.25496E+01   8.015  3.26933E+09  3.43807E+09  1.57649E+10  4.67907E+09  3.48284E+10  4.87415E+00  1.57841E+03   8.487   8.494
 0.410  2.16390E-01  1.42534E-02  2.59714E-01  7.94566E-01 -4.00233E+00  1.39980E+00   6.527  1.94573E+09  2.22422E+09  1.54093E+10  4.24274E+09  2.62159E+10  4.45420E+00  1.68194E+03   8.588   8.512
 0.420  1.80383E-01  5.69635E-01  3.59732E-01  1.79261E+01 -7.45851E+00  4.05009E+00   7.488  2.43453E+09  2.77123E+09  1.66733E+10  4.55064E+09  3.00356E+10  6.52045E+00  1.75964E+03   8.558   8.514
 0.430  2.87408E-01 -2.41635E-01 -7.54502E-03  4.60988E+00  1.80186E+01  8.07770E+00   4.316  1.54405E+09  2.13084E+09  1.49869E+10  3.52649E+09  1.63641E+10  7.96449E+00  1.81897E+03   8.630   8.555
 0.440  2.59230E-01  5.52588E-02  9.30835E-02  2.14811E+01  2.33020E+00  6.71365E+00   3.094  1.05477E+09  1.96339E+09  1.42750E+10  2.95152E+09  1.13845E+10  1.06058E+01  1.80869E+03   8.650   8.596
 0.450  3.61544E-01 -2.66393E-01  2.80925E-02  4.51511E+01  4.64855E+00  9.61179E+00   8.068  1.30844E+09  1.60607E+09  1.99514E+10  4.81775E+09  3.32815E+10  5.63535E+00  1.91902E+03   8.509   8.556
 0.460  7.66691E-02  1.00830E-01 -3.88290E-02  9.98690E+00 -1.41995E+01 -7.96382E+00   4.636  7.40488E+08  1.03926E+09  1.80310E+10  3.75128E+09  1.82684E+10  4.03416E+00  2.00285E+03   8.570   8.590
 0.470  5.50393E-01 -1.07603E-02 -2.90625E-01 -2.44074E+01 -8.09498E-01  2.14279E+00   7.121  9.79958E+08  1.09655E+09  2.04175E+10  4.65972E+09  2.93722E+10  2.70158E+00  2.15379E+03   8.472   8.574
 0.480  1.63986E-01  2.55866E-01  6.78990E-02 -2.18916E+01  1.93674E+01  7.51970E+00   8.506  1.35514E+09  1.36640E+09  2.10990E+10  5.03081E+09  3.73034E+10  1.59210E+00  2.31368E+03   8.375   8.572
