  36
 0.130        79084  0.19718E-01 -0.11188E-01  0.23152E-01  0.29664E+02 -0.59314E+01 -0.15575E+02  0.98927E+00  0.12073E+00  0.82309E-01   0.863   0.500
 0.140        85233 -0.38180E-02  0.16942E-01 -0.78746E-02  0.24007E+02  0.33654E+01  0.27670E+02  0.95238E+00 -0.94732E-01  0.28984E+00   1.000   0.637
 0.150        59004  0.22993E-02  0.83031E-02  0.98359E-02  0.16613E+02  0.38898E+02  0.58861E+02  0.98140E+00 -0.16473E+00  0.98594E-01   1.068   0.530
 0.160       124523 -0.17988E-01 -0.16761E-01 -0.26164E-01 -0.16278E+02  0.15542E+02  0.24927E+01 -0.34724E-01  0.68596E+00 -0.72681E+00   1.033   0.672
 0.170        61030 -0.15940E-01 -0.19418E-01 -0.72456E-02  0.11941E+02 -0.24210E+02  0.50572E+02 -0.15112E+00  0.51400E+00  0.84437E+00   1.566   0.790
 0.180       188098 -0.49078E-02 -0.12116E-01  0.18404E-02  0.37969E+02  0.26788E+02  0.17604E+01 -0.25209E+00 -0.56024E+00  0.78904E+00   1.703   1.388
 0.190       233039  0.16843E-01 -0.37250E-02  0.48587E-03 -0.27469E+02 -0.19431E+02 -0.12407E+02 -0.59576E+00  0.78868E+00  0.15184E+00   2.203   1.373
 0.200       340386  0.68138E-02  0.17886E-01 -0.91986E-02  0.14658E+02  0.38316E+02 -0.97660E-01 -0.89683E+00  0.26589E+00  0.35355E+00   2.710   1.238
 0.210       387855  0.46502E-02  0.50080E-02 -0.23430E-01 -0.19446E+02 -0.29697E+02  0.16267E+02 -0.99754E+00 -0.45100E-01 -0.53602E-01   3.131   1.032
 0.220       408135  0.14631E-01  0.18757E-02 -0.10129E-01  0.26575E+02 -0.19436E+02  0.16937E+02  0.80441E+00  0.35702E+00  0.47483E+00   4.588   3.193
 0.230       547892  0.19592E-02  0.15673E-02 -0.97958E-03  0.80503E+02 -0.12207E+03 -0.51725E+02  0.18229E+00  0.33950E+00  0.92277E+00   2.030   1.186
 0.240       562549 -0.81754E-03 -0.38833E-02 -0.10219E-02 -0.25731E+02 -0.13533E+02 -0.21265E+03 -0.69373E+00 -0.11304E+00  0.71130E+00   2.686   1.041
 0.250       562691  0.85218E-03  0.10652E-02 -0.42609E-03 -0.64681E+01  0.35135E+02 -0.15960E+03 -0.16938E+00  0.24681E+00  0.95415E+00   2.833   1.479
 0.260       555176 -0.44298E-03  0.44298E-03  0.19934E-02  0.18843E+01 -0.33399E+02 -0.68816E+02 -0.49788E+00  0.86398E+00 -0.75146E-01   3.322   1.421
 0.270       641330  0.46025E-03  0.92050E-03  0.11506E-02  0.72270E+01  0.93341E+02 -0.13521E+03 -0.88765E+00  0.45957E+00 -0.29571E-01   4.912   2.720
 0.280       579284  0.23848E-02 -0.71543E-03 -0.14309E-02  0.27810E+03 -0.10869E+03  0.14506E+03 -0.89560E+00  0.33567E+00  0.29193E+00   2.866   0.867
 0.290       518139 -0.14818E-02  0.19757E-02  0.74088E-03  0.13990E+03  0.23426E+03  0.76233E+02 -0.87528E+00  0.23491E+00  0.42273E+00   4.088   1.219
 0.300       534382 -0.51091E-03  0.48537E-02 -0.25546E-03 -0.13486E+02 -0.16392E+03 -0.85266E+02 -0.77774E+00  0.41570E+00  0.47150E+00   4.576   2.022
 0.310       941297 -0.15843E-02  0.52808E-03 -0.52808E-03  0.14229E+03  0.47472E+02 -0.15841E+01 -0.81938E+00  0.50296E+00  0.27504E+00   5.155   1.554
 0.320       740781 -0.38154E-02 -0.54506E-03  0.81759E-03 -0.18113E+03  0.77665E+02 -0.27072E+02 -0.80797E+00  0.57728E+00 -0.11802E+00   7.656   2.665
 0.330       755636  0.16871E-02  0.16871E-02  0.11247E-02 -0.15125E+02 -0.34831E+02  0.10587E+03 -0.77166E+00  0.61403E+00 -0.16587E+00   7.291   1.948
 0.340      1449805  0.57944E-03 -0.20280E-02  0.57944E-03  0.27478E+02  0.14614E+03 -0.33132E+02 -0.80252E+00  0.58335E+00  0.12520E+00   6.030   2.047
 0.350      1911808  0.11925E-02 -0.59624E-03  0.11925E-02  0.14759E+03  0.16327E+03 -0.67404E+02 -0.82025E+00  0.52167E+00  0.23463E+00   6.095   1.712
 0.360       604483  0.18394E-02  0.00000E+00 -0.27591E-02  0.44346E+02 -0.25655E+02  0.74233E+02 -0.77810E+00  0.46369E+00  0.42374E+00   5.690   2.118
 0.370       744259 -0.18915E-02  0.63049E-03 -0.18915E-02  0.15964E+02  0.44907E+02  0.46785E+02 -0.72245E+00  0.42187E+00  0.54781E+00   6.124   1.207
 0.380      1395866 -0.64725E-03  0.97087E-03  0.00000E+00  0.23868E+03  0.26968E+02  0.10608E+03 -0.55772E+00 -0.84469E-01  0.82572E+00   9.943   3.053
 0.390      2424115  0.33222E-02  0.33222E-02  0.00000E+00  0.25586E+02  0.17724E+03  0.92914E+02 -0.45791E+00 -0.29051E+00  0.84019E+00   7.608   1.672
 0.400      2528431  0.13634E-02 -0.34086E-03  0.34086E-03 -0.11143E+03  0.12333E+03 -0.34197E+02 -0.40069E+00 -0.37352E+00  0.83662E+00   8.015   2.351
 0.410      2041676 -0.69863E-03  0.00000E+00 -0.69863E-03  0.40375E+02 -0.17723E+03  0.73485E+02 -0.44452E+00 -0.36648E+00  0.81737E+00   6.527   1.327
 0.420       351732  0.14319E-02  0.71597E-03 -0.14319E-02  0.10139E+03 -0.17652E+03 -0.11114E+03 -0.40657E+00 -0.35568E+00  0.84154E+00   7.488   1.917
 0.430      3392209 -0.14649E-02  0.00000E+00 -0.73247E-03 -0.51089E+02 -0.18831E+02  0.49239E+02 -0.41602E+00 -0.46471E+00  0.78165E+00   4.316   0.758
 0.440       785222  0.00000E+00  0.00000E+00 -0.74958E-03 -0.25091E+03  0.96073E+02  0.87295E+01 -0.22777E+00 -0.27081E+00  0.93530E+00   3.094   0.500
 0.450      2794212  0.00000E+00  0.00000E+00  0.00000E+00 -0.20630E+03 -0.23815E+03 -0.84262E+02 -0.38708E-01 -0.84740E-01  0.99565E+00   8.068   1.227
 0.460      3730981  0.23509E-02  0.78363E-03  0.78363E-03 -0.21883E+03 -0.37222E+02  0.10997E+03  0.46715E+00  0.38840E-02  0.88417E+00   4.636   1.173
 0.470      1803199  0.16013E-02  0.00000E+00  0.00000E+00 -0.20280E+02 -0.87883E+02  0.25460E+03  0.60286E+00  0.50086E+00  0.62105E+00   7.121   3.688
 0.480       259293  0.00000E+00  0.00000E+00  0.00000E+00  0.68194E+02  0.17960E+03  0.19215E+03  0.55361E+00  0.57717E+00  0.60032E+00   8.506   1.748
