  36
 0.130   0.863  7.64606E+06  9.22878E+06  7.52860E+06  2.57301E+02  0.00000E+00  0.00000E+00  0.00000E+00  7.64606E+06  9.22878E+06  7.52860E+06
 0.140   1.000  1.18770E+07  1.43404E+07  1.17084E+07  2.62515E+02  1.89600E+06  2.35321E+06  1.86215E+06  9.98099E+06  1.19872E+07  9.84622E+06
 0.150   1.068  1.35447E+07  1.66223E+07  1.33171E+07  3.32018E+02  2.40663E+06  3.01783E+06  2.35514E+06  1.11381E+07  1.36045E+07  1.09619E+07
 0.160   1.033  1.92910E+07  2.32564E+07  1.89908E+07  3.26681E+02  2.85169E+06  3.60709E+06  2.78058E+06  1.64394E+07  1.96493E+07  1.62102E+07
 0.170   1.566  5.19122E+07  6.12417E+07  5.14468E+07  2.17288E+02  5.27406E+06  6.65366E+06  5.14628E+06  4.66381E+07  5.45881E+07  4.63005E+07
 0.180   1.703  6.99330E+07  8.43279E+07  6.92411E+07  2.65851E+02  7.70399E+06  9.75233E+06  7.51634E+06  6.22290E+07  7.45756E+07  6.17247E+07
 0.190   2.203  9.01978E+07  1.10531E+08  8.92251E+07  3.15167E+02  1.08765E+07  1.37732E+07  1.06290E+07  7.93213E+07  9.67578E+07  7.85961E+07
 0.200   2.710  9.50496E+07  1.19292E+08  9.37350E+07  4.23004E+02  1.58118E+07  2.00442E+07  1.54692E+07  7.92378E+07  9.92476E+07  7.82659E+07
 0.210   3.131  1.31046E+08  1.62165E+08  1.29308E+08  4.27651E+02  2.49974E+07  3.19333E+07  2.44872E+07  1.06048E+08  1.30232E+08  1.04821E+08
 0.220   4.588  2.45196E+08  2.99564E+08  2.42739E+08  3.54611E+02  5.06149E+07  6.41524E+07  4.97775E+07  1.94582E+08  2.35412E+08  1.92961E+08
 0.230   2.030  8.38597E+08  9.48351E+08  8.36343E+08  1.15807E+02  7.79043E+07  9.89585E+07  7.65743E+07  7.60693E+08  8.49392E+08  7.59769E+08
 0.240   2.686  1.12688E+09  1.36093E+09  1.12201E+09  2.11699E+02  1.77589E+08  2.22918E+08  1.75581E+08  9.49292E+08  1.13802E+09  9.46431E+08
 0.250   2.833  2.59767E+09  3.20049E+09  2.57693E+09  3.66569E+02  1.09243E+09  1.40548E+09  1.07698E+09  1.50524E+09  1.79501E+09  1.49996E+09
 0.260   3.322  3.97178E+09  4.92386E+09  3.93923E+09  3.95391E+02  1.44399E+09  1.87379E+09  1.42143E+09  2.52779E+09  3.05007E+09  2.51780E+09
 0.270   4.912  5.26997E+09  6.64313E+09  5.21871E+09  4.82426E+02  1.87443E+09  2.45345E+09  1.84106E+09  3.39554E+09  4.18968E+09  3.37765E+09
 0.280   2.866  4.97580E+09  6.30511E+09  4.92564E+09  5.24943E+02  1.30167E+09  1.72299E+09  1.27428E+09  3.67413E+09  4.58212E+09  3.65135E+09
 0.290   4.088  6.20331E+09  7.94675E+09  6.13006E+09  6.24220E+02  1.74315E+09  2.31834E+09  1.70345E+09  4.46016E+09  5.62841E+09  4.42661E+09
 0.300   4.576  6.92331E+09  8.94016E+09  6.83278E+09  7.09060E+02  1.85328E+09  2.48011E+09  1.80714E+09  5.07002E+09  6.46005E+09  5.02563E+09
 0.310   5.155  7.56206E+09  9.85465E+09  7.45109E+09  8.13213E+02  2.03712E+09  2.73936E+09  1.98243E+09  5.52494E+09  7.11530E+09  5.46866E+09
 0.320   7.656  8.50053E+09  1.11696E+10  8.36018E+09  9.29873E+02  2.46236E+09  3.32419E+09  2.39204E+09  6.03817E+09  7.84538E+09  5.96814E+09
 0.330   7.291  8.82048E+09  1.16525E+10  8.66393E+09  1.02676E+03  2.42846E+09  3.29384E+09  2.35395E+09  6.39201E+09  8.35868E+09  6.30997E+09
 0.340   6.030  8.95491E+09  1.18780E+10  8.78654E+09  1.11451E+03  2.24644E+09  3.06175E+09  2.17185E+09  6.70847E+09  8.81625E+09  6.61469E+09
 0.350   6.095  9.43394E+09  1.25669E+10  9.24582E+09  1.20540E+03  2.33266E+09  3.18550E+09  2.25216E+09  7.10128E+09  9.38135E+09  6.99366E+09
 0.360   5.690  1.00571E+10  1.33699E+10  9.85210E+09  1.25250E+03  2.25654E+09  3.09413E+09  2.17320E+09  7.80058E+09  1.02758E+10  7.67890E+09
 0.370   6.124  1.12637E+10  1.49501E+10  1.10315E+10  1.28993E+03  2.44938E+09  3.36374E+09  2.35587E+09  8.81428E+09  1.15864E+10  8.67562E+09
 0.380   9.943  1.49008E+10  1.98730E+10  1.45569E+10  1.41313E+03  4.99743E+09  6.82208E+09  4.81244E+09  9.90334E+09  1.30509E+10  9.74449E+09
 0.390   7.608  1.48981E+10  1.99198E+10  1.45460E+10  1.47765E+03  4.44986E+09  6.10447E+09  4.27328E+09  1.04483E+10  1.38153E+10  1.02728E+10
 0.400   8.015  1.57649E+10  2.11889E+10  1.53737E+10  1.57841E+03  4.67907E+09  6.43937E+09  4.48467E+09  1.10858E+10  1.47496E+10  1.08890E+10
 0.410   6.527  1.54093E+10  2.08040E+10  1.50089E+10  1.68194E+03  4.24274E+09  5.86030E+09  4.05488E+09  1.11666E+10  1.49437E+10  1.09540E+10
 0.420   7.488  1.66733E+10  2.25521E+10  1.62285E+10  1.75964E+03  4.55064E+09  6.29083E+09  4.34413E+09  1.21226E+10  1.62613E+10  1.18843E+10
 0.430   4.316  1.49869E+10  2.02444E+10  1.45762E+10  1.81897E+03  3.52649E+09  4.89063E+09  3.35255E+09  1.14604E+10  1.53538E+10  1.12236E+10
 0.440   3.094  1.42750E+10  1.91613E+10  1.38866E+10  1.80869E+03  2.95152E+09  4.09835E+09  2.79631E+09  1.13234E+10  1.50630E+10  1.10903E+10
 0.450   8.068  1.99514E+10  2.70358E+10  1.93960E+10  1.91902E+03  4.81775E+09  6.69524E+09  4.57444E+09  1.51336E+10  2.03405E+10  1.48215E+10
 0.460   4.636  1.80310E+10  2.45056E+10  1.75098E+10  2.00285E+03  3.75128E+09  5.22628E+09  3.54386E+09  1.42797E+10  1.92793E+10  1.39659E+10
 0.470   7.121  2.04175E+10  2.79445E+10  1.97950E+10  2.15379E+03  4.65972E+09  6.50035E+09  4.40291E+09  1.57578E+10  2.14441E+10  1.53921E+10
 0.480   8.506  2.10990E+10  2.90375E+10  2.04162E+10  2.31368E+03  5.03081E+09  7.02895E+09  4.74639E+09  1.60682E+10  2.20086E+10  1.56698E+10
