  17
 0.150  10.500   1.318  9.53934E+09  9.26559E+08  3.24172E+07  3.95546E+07  8.58037E+09  1.46106E+07  6.88079E+06  8.50506E+06  3.30890E+08  8.73448E+08  3.23807E+07  3.95098E+07  8.22470E+09  2.01185E+07  8.00514E+06  9.88386E+06  4.55930E+08
 0.160  11.250   1.460  9.90058E+09  9.98702E+08  3.35171E+07  4.17019E+07  8.86836E+09  8.84884E+06  7.94043E+06  9.88187E+06  3.60820E+08  8.14952E+08  3.30256E+07  4.10829E+07  7.81250E+09  1.58141E+07  9.85955E+06  1.22611E+07  5.26099E+08
 0.170  15.000   1.694  1.96465E+10  2.42546E+09  6.21041E+07  7.59464E+07  1.71589E+10  1.16165E+08  1.83497E+07  2.19714E+07  6.41661E+08  1.41550E+09  5.95631E+07  7.27567E+07  1.08420E+10  1.33415E+08  1.97690E+07  2.37233E+07  7.66452E+08
 0.180  19.250   2.675  3.47585E+10  4.90890E+09  1.34113E+08  1.61636E+08  2.97155E+10  2.27444E+07  4.47188E+07  5.38890E+07  1.33903E+09  2.41775E+09  1.03713E+08  1.24872E+08  1.31289E+10  8.63577E+07  5.51276E+07  6.65724E+07  2.26444E+09
 0.190  25.500   2.663  6.77592E+10  8.56842E+09  4.34814E+08  5.27388E+08  5.87560E+10  4.29290E+08  1.09128E+08  1.28008E+08  2.52000E+09  3.00799E+09  2.41027E+08  2.84487E+08  1.87674E+10  4.59531E+08  1.15554E+08  1.35475E+08  2.69875E+09
 0.200  28.250   3.200  7.90204E+10  9.48669E+09  7.93434E+08  9.45473E+08  6.87403E+10  1.21168E+09  2.77390E+08  3.10883E+08  3.06098E+09  3.98575E+09  7.48638E+08  8.88779E+08  2.95809E+10  1.38904E+09  3.12260E+08  3.51707E+08  3.89835E+09
 0.210  32.250   4.045  1.01566E+11  1.07056E+10  1.22559E+09  1.48501E+09  8.96344E+10  4.43484E+08  5.57643E+08  6.75137E+08  5.41870E+09  3.21455E+09  1.05426E+09  1.26983E+09  2.43983E+10  6.50394E+08  7.01428E+08  8.47105E+08  7.35167E+09
 0.220  35.750   4.584  1.21935E+11  1.15882E+10  1.38279E+09  1.71495E+09  1.08964E+11  4.82003E+08  4.62537E+08  5.77460E+08  5.28776E+09  2.77874E+09  1.14474E+09  1.41657E+09  2.43822E+10  8.10568E+08  5.97323E+08  7.43523E+08  7.80419E+09
 0.230  39.250   5.175  1.40146E+11  1.29716E+10  1.64998E+09  2.06255E+09  1.25524E+11  4.41795E+08  8.03649E+08  1.00917E+09  6.76754E+09  2.96747E+09  1.34838E+09  1.68391E+09  2.44757E+10  9.01218E+08  1.01391E+09  1.26980E+09  1.02729E+10
 0.240  45.000   4.529  1.85682E+11  1.70940E+10  2.12114E+09  2.70021E+09  1.66467E+11  1.17445E+09  1.02251E+09  1.29770E+09  8.65345E+09  3.13304E+09  1.43770E+09  1.82705E+09  2.60934E+10  1.18501E+09  1.02679E+09  1.30313E+09  8.73526E+09
 0.250  48.000   5.227  2.01969E+11  1.83267E+10  2.90332E+09  3.61984E+09  1.80739E+11  2.46528E+09  1.67504E+09  2.06132E+09  1.21865E+10  5.15257E+09  2.17226E+09  2.68842E+09  3.17770E+10  2.79628E+09  1.74815E+09  2.15233E+09  1.37717E+10
 0.260  51.000   6.120  2.14953E+11  1.81905E+10  3.74341E+09  4.67716E+09  1.93019E+11  1.81172E+09  2.19980E+09  2.73155E+09  1.23285E+10  5.76516E+09  2.99155E+09  3.71073E+09  3.85362E+10  2.62856E+09  2.44514E+09  3.03039E+09  1.68291E+10
 0.270  55.250   7.310  2.41871E+11  1.86119E+10  4.17841E+09  5.29603E+09  2.19081E+11  1.45644E+09  2.49891E+09  3.15077E+09  1.29020E+10  4.25719E+09  3.09452E+09  3.90549E+09  2.99796E+10  2.36003E+09  2.80553E+09  3.53855E+09  1.94573E+10
 0.280  62.250   8.049  3.05905E+11  2.26763E+10  5.11976E+09  6.59523E+09  2.78109E+11  1.15641E+09  2.64997E+09  3.39669E+09  1.35067E+10  3.53277E+09  3.16579E+09  4.05555E+09  2.64504E+10  2.36345E+09  2.95303E+09  3.78363E+09  1.95261E+10
 0.290  66.500   8.044  3.41375E+11  2.48883E+10  5.61550E+09  7.25644E+09  3.10871E+11  3.00512E+09  3.22674E+09  4.13832E+09  1.91976E+10  5.41873E+09  3.72428E+09  4.77694E+09  3.56230E+10  4.00319E+09  3.44500E+09  4.41712E+09  2.54351E+10
 0.300  70.750   6.629  3.74938E+11  2.56825E+10  8.15117E+09  1.02549E+10  3.41104E+11  3.91755E+09  5.54827E+09  6.87810E+09  2.55437E+10  6.02641E+09  6.28160E+09  7.81023E+09  4.36281E+10  3.58030E+09  5.40791E+09  6.70134E+09  2.29504E+10
 0.310  75.750   8.422  4.19025E+11  2.75239E+10  9.02239E+09  1.15624E+10  3.82479E+11  1.84735E+09  6.32392E+09  8.02995E+09  2.24917E+10  3.28327E+09  6.90832E+09  8.77961E+09  3.31074E+10  2.37756E+09  6.57367E+09  8.35010E+09  2.61943E+10
