  17
 0.150        12402  0.63862E-02  0.10218E-01 -0.32698E-01  0.20524E+01  0.28964E+02 -0.43527E+01 -0.45180E+00 -0.78598E+00 -0.42203E+00   1.318   0.373
 0.160        94952 -0.20303E-01  0.10628E-01  0.98108E-02  0.49537E+00 -0.35709E+01  0.24442E+02  0.58730E+00 -0.58552E+00 -0.55879E+00   1.460   1.015
 0.170       168049  0.50680E-02 -0.49232E-02  0.31856E-02  0.12162E+02 -0.76689E+01  0.88599E+01 -0.78463E+00  0.61848E+00 -0.42801E-01   1.694   1.079
 0.180       180015 -0.12266E-02 -0.21465E-02  0.98127E-02  0.31862E+02  0.15866E+01  0.23759E+01 -0.54242E+00 -0.80740E+00 -0.23213E+00   2.675   2.306
 0.190       162937 -0.67949E-02 -0.45300E-02  0.15693E-01  0.19615E+01 -0.65825E+01  0.29119E+02  0.87563E-01 -0.97114E+00  0.22184E+00   2.663   1.542
 0.200       271021  0.31011E-01 -0.92010E-02 -0.85195E-02  0.29555E+02  0.52679E+02 -0.10843E+02  0.95747E+00  0.15960E+00 -0.24036E+00   3.200   1.769
 0.210       168050  0.94817E-02  0.32202E-01  0.53670E-03 -0.43010E+02  0.43883E+02 -0.16061E+02  0.20658E+00  0.65555E+00  0.72634E+00   4.045   2.104
 0.220        76357 -0.56211E-02  0.86190E-02 -0.17800E-01 -0.13084E+02  0.49842E+02 -0.80108E-01  0.48231E-01  0.81067E+00  0.58351E+00   4.584   2.916
 0.230       162314 -0.50935E-02 -0.39181E-02  0.27623E-01 -0.24098E+01  0.20919E+01  0.44826E+02  0.65848E-01  0.90866E+00  0.41232E+00   5.175   3.520
 0.240       130214 -0.13085E-01  0.22489E-01  0.12267E-02 -0.16175E+02 -0.34258E+02  0.34376E+01  0.40724E+00  0.82793E+00  0.38561E+00   4.529   2.926
 0.250       475052 -0.87292E-02 -0.42581E-03 -0.11497E-01 -0.49414E+01 -0.46103E+01  0.97275E+01  0.18620E+00 -0.52346E-01  0.98112E+00   5.227   2.128
 0.260       232425  0.11073E-02  0.17716E-02 -0.64221E-02  0.84303E+01 -0.10398E+02 -0.10089E+03  0.28002E+00 -0.70829E-01  0.95738E+00   6.120   3.550
 0.270       930260 -0.45982E-03  0.11036E-01 -0.16094E-02 -0.59041E+02 -0.66893E+01  0.26044E+02  0.17522E+00 -0.18057E+00  0.96783E+00   7.310   3.736
 0.280      1006999 -0.66768E-02  0.95383E-03  0.54845E-02 -0.47299E+02 -0.43335E+02 -0.20672E+02  0.51721E+00 -0.12677E+00  0.84642E+00   8.049   4.886
 0.290      1093869 -0.32110E-02 -0.15808E-01 -0.46930E-02 -0.28748E+02 -0.20212E+02  0.27530E+02  0.64633E+00 -0.33210E+00  0.68699E+00   8.044   3.950
 0.300       877985  0.76644E-03  0.51096E-03 -0.51096E-03 -0.19016E+03  0.20070E+03  0.23594E+03  0.28483E+00 -0.22710E+00  0.93129E+00   6.629   2.037
 0.310      1000563 -0.52805E-03  0.26403E-02 -0.21122E-02 -0.10945E+03  0.15404E+03  0.48027E+02 -0.77398E-01  0.66381E+00  0.74388E+00   8.422   5.381
