  17
 0.150  1.05000E+01  9.53934E+09  6.25027E+01
 0.160  1.12500E+01  9.90058E+09  6.15160E+01
 0.170  1.50000E+01  1.96465E+10  7.50466E+01
 0.180  1.92500E+01  3.47585E+10  8.81150E+01
 0.190  2.55000E+01  6.77592E+10  1.06893E+02
 0.200  2.82500E+01  7.90204E+10  1.09672E+02
 0.210  3.22500E+01  1.01566E+11  1.16370E+02
 0.220  3.57500E+01  1.21935E+11  1.21104E+02
 0.230  3.92500E+01  1.40146E+11  1.23910E+02
 0.240  4.50000E+01  1.85682E+11  1.33203E+02
 0.250  4.80000E+01  2.01969E+11  1.34510E+02
 0.260  5.10000E+01  2.14953E+11  1.34623E+02
 0.270  5.52500E+01  2.41871E+11  1.37202E+02
 0.280  6.22500E+01  3.05905E+11  1.45364E+02
 0.290  6.65000E+01  3.41375E+11  1.48573E+02
 0.300  7.07500E+01  3.74938E+11  1.50956E+02
 0.310  7.57500E+01  4.19025E+11  1.54228E+02
