  17
 0.150   1.318  8.00514E+06  9.88386E+06  7.87132E+06  3.39693E+02  0.00000E+00  0.00000E+00  0.00000E+00  8.00514E+06  9.88386E+06  7.87132E+06
 0.160   1.460  9.85955E+06  1.22611E+07  9.68130E+06  3.91221E+02  3.27209E+06  4.07500E+06  3.22230E+06  6.58746E+06  8.18611E+06  6.45899E+06
 0.170   1.694  1.97690E+07  2.37233E+07  1.94835E+07  3.32338E+02  5.48756E+06  6.93938E+06  5.37706E+06  1.42814E+07  1.67839E+07  1.41064E+07
 0.180   2.675  5.51276E+07  6.65724E+07  5.45097E+07  2.93436E+02  1.54239E+07  1.96665E+07  1.50731E+07  3.97036E+07  4.69059E+07  3.94366E+07
 0.190   2.663  1.15554E+08  1.35475E+08  1.14702E+08  2.15998E+02  2.40988E+07  3.03416E+07  2.36477E+07  9.14550E+07  1.05133E+08  9.10546E+07
 0.200   3.200  3.12260E+08  3.51707E+08  3.11408E+08  9.98295E+01  3.87840E+07  4.90368E+07  3.81025E+07  2.73476E+08  3.02670E+08  2.73305E+08
 0.210   4.045  7.01428E+08  8.47105E+08  6.95969E+08  2.69271E+02  1.94302E+08  2.47138E+08  1.90512E+08  5.07126E+08  5.99966E+08  5.05457E+08
 0.220   4.584  5.97323E+08  7.43523E+08  5.90729E+08  3.95081E+02  2.11757E+08  2.71582E+08  2.07426E+08  3.85566E+08  4.71941E+08  3.83303E+08
 0.230   5.175  1.01391E+09  1.26980E+09  1.00284E+09  4.24967E+02  3.33326E+08  4.27376E+08  3.27054E+08  6.80588E+08  8.42420E+08  6.75786E+08
 0.240   4.529  1.02679E+09  1.30313E+09  1.01364E+09  5.16609E+02  3.38681E+08  4.36752E+08  3.31891E+08  6.88110E+08  8.66378E+08  6.81752E+08
 0.250   5.227  1.74815E+09  2.15233E+09  1.72908E+09  4.51755E+02  4.47019E+08  5.82389E+08  4.36586E+08  1.30113E+09  1.56994E+09  1.29250E+09
 0.260   6.120  2.44514E+09  3.03039E+09  2.42095E+09  4.44508E+02  5.29265E+08  6.91229E+08  5.17387E+08  1.91587E+09  2.33916E+09  1.90356E+09
 0.270   7.310  2.80553E+09  3.53855E+09  2.77336E+09  5.34267E+02  6.75010E+08  8.84280E+08  6.59441E+08  2.13052E+09  2.65427E+09  2.11392E+09
 0.280   8.049  2.95303E+09  3.78363E+09  2.91481E+09  6.28821E+02  6.42096E+08  8.47278E+08  6.25698E+08  2.31093E+09  2.93635E+09  2.28911E+09
 0.290   8.044  3.44500E+09  4.41712E+09  3.39784E+09  6.83957E+02  7.45158E+08  9.87329E+08  7.25005E+08  2.69984E+09  3.42979E+09  2.67284E+09
 0.300   6.629  5.40791E+09  6.70134E+09  5.35413E+09  5.24486E+02  7.40519E+08  9.86125E+08  7.19110E+08  4.66739E+09  5.71521E+09  4.63502E+09
 0.310   8.422  6.57367E+09  8.35010E+09  6.49881E+09  6.21303E+02  1.15414E+09  1.52665E+09  1.12306E+09  5.41953E+09  6.82345E+09  5.37575E+09
