  17
 0.150   1.318  3.84257E-03  3.22887E-03  6.12173E-03
 0.160   1.460  7.85716E-03  5.01670E-03  1.00133E-02
 0.170   1.694  1.25058E-01  1.52421E-01  7.68792E-02
 0.180   2.675  1.71700E-01  1.31920E-01  2.47585E-01
 0.190   2.663  9.37322E-01  1.12177E+00  6.05078E-01
 0.200   3.200  4.01301E+00  4.46886E+00  2.85232E+00
 0.210   4.045  1.99706E+00  1.93402E+00  2.12659E+00
 0.220   4.584  5.44445E-01  5.32973E-01  5.79807E-01
 0.230   5.175  1.15411E+00  1.11582E+00  1.32818E+00
 0.240   4.529  7.32546E-01  8.20256E-01  5.92508E-01
 0.250   5.227  7.39730E+00  7.94297E+00  6.22057E+00
 0.260   6.120  6.32416E+00  6.13300E+00  6.03627E+00
 0.270   7.310  3.93250E+00  4.20639E+00  3.38999E+00
 0.280   8.049  1.16596E+00  1.12052E+00  1.63665E+00
 0.290   8.044  4.03730E+00  4.02611E+00  4.20768E+00
 0.300   6.629  1.97336E+01  1.88392E+01  2.02896E+01
 0.310   8.422  4.80125E+00  4.72688E+00  5.62622E+00
