  46
 0.110   6.750   1.000  6.13771E+09  5.12435E+08  4.14644E+07  4.81865E+07  5.58382E+09  1.37836E+07  7.54471E+06  8.98841E+06  2.34284E+08  9.44397E+08  4.59708E+07  5.34257E+07  7.80993E+09  2.41808E+07  1.09702E+07  1.30091E+07  4.40550E+08
 0.120   9.000   1.263  1.12002E+10  1.06882E+09  7.93119E+07  9.28685E+07  1.00521E+10  1.22089E+07  1.02998E+07  1.25448E+07  4.32070E+08  1.21324E+09  7.96319E+07  9.32404E+07  1.04832E+10  4.01772E+07  1.56362E+07  1.89221E+07  7.77842E+08
 0.130  10.750   1.455  1.54829E+10  1.62294E+09  1.22742E+08  1.45323E+08  1.37372E+10  6.92810E+07  1.86863E+07  2.21493E+07  5.14626E+08  1.52633E+09  1.21735E+08  1.44083E+08  1.31957E+10  1.15034E+08  2.87871E+07  3.40379E+07  8.85921E+08
 0.140  12.250   1.686  1.81390E+10  1.81989E+09  2.49697E+08  2.93911E+08  1.60695E+10  4.51227E+07  7.78443E+07  9.13081E+07  7.41843E+08  1.52873E+09  2.48073E+08  2.91896E+08  1.37443E+10  1.22142E+08  1.14007E+08  1.33291E+08  1.32306E+09
 0.150  13.750   1.310  2.08595E+10  1.86127E+09  2.94793E+08  3.56389E+08  1.87035E+10  1.44591E+08  1.15372E+08  1.38093E+08  9.32978E+08  1.32074E+09  2.84799E+08  3.43920E+08  1.30789E+10  1.37927E+08  1.08772E+08  1.30186E+08  8.60481E+08
 0.160  14.750   1.628  2.14449E+10  1.89057E+09  3.59440E+08  4.37917E+08  1.91949E+10  1.27534E+08  1.94089E+08  2.34476E+08  1.30386E+09  1.33098E+09  3.52656E+08  4.29359E+08  1.33461E+10  1.56463E+08  2.07134E+08  2.50353E+08  1.51453E+09
 0.170  16.250   2.014  2.42386E+10  2.50314E+09  4.01668E+08  4.97356E+08  2.13338E+10  1.00448E+08  2.20961E+08  2.72272E+08  1.35482E+09  1.30129E+09  3.87742E+08  4.80124E+08  1.24813E+10  1.57845E+08  2.60732E+08  3.21244E+08  1.86737E+09
 0.180  19.250   2.443  3.40867E+10  4.13357E+09  4.77932E+08  5.94106E+08  2.94752E+10  2.52488E+08  2.82219E+08  3.51093E+08  1.83345E+09  2.01084E+09  4.61326E+08  5.72905E+08  1.45440E+10  3.28683E+08  3.25575E+08  4.05085E+08  2.54968E+09
 0.190  23.500   3.081  5.29792E+10  6.48994E+09  7.69780E+08  9.43787E+08  4.57195E+10  3.18639E+08  4.54657E+08  5.58742E+08  2.75820E+09  2.23218E+09  6.20306E+08  7.63327E+08  1.54810E+10  4.89281E+08  5.03021E+08  6.18565E+08  3.87690E+09
 0.200  30.500   4.025  9.88861E+10  1.12285E+10  1.54988E+09  1.91282E+09  8.61077E+10  4.26894E+08  5.67295E+08  7.08480E+08  4.01259E+09  2.72107E+09  7.85756E+08  9.75496E+08  1.90774E+10  8.55859E+08  6.43655E+08  8.01104E+08  5.91853E+09
 0.210  33.750   3.790  1.14344E+11  1.21767E+10  2.34679E+09  2.86559E+09  9.98205E+10  1.51776E+09  8.85268E+08  1.08439E+09  6.00790E+09  5.76680E+09  2.10870E+09  2.56665E+09  3.79431E+10  1.75495E+09  9.46129E+08  1.15709E+09  7.37445E+09
 0.220  36.500   4.778  1.26824E+11  1.18472E+10  3.71987E+09  4.51029E+09  1.11257E+11  1.25684E+09  1.65940E+09  1.99536E+09  6.87263E+09  5.88514E+09  3.35802E+09  4.05146E+09  3.09560E+10  2.14858E+09  2.37917E+09  2.87734E+09  1.10551E+10
 0.230  39.250   4.509  1.38159E+11  1.11167E+10  4.71647E+09  5.80958E+09  1.22326E+11  1.28464E+09  3.22215E+09  3.94662E+09  9.48441E+09  3.97848E+09  4.31147E+09  5.29032E+09  2.91559E+10  1.66405E+09  3.36278E+09  4.11893E+09  1.11987E+10
 0.240  41.000   4.587  1.39977E+11  1.05295E+10  5.17210E+09  6.48736E+09  1.24276E+11  1.12793E+09  3.74433E+09  4.67941E+09  1.06237E+10  4.18546E+09  4.84862E+09  6.06787E+09  3.15635E+10  1.33617E+09  3.91987E+09  4.89938E+09  1.22116E+10
 0.250  42.750   4.960  1.40967E+11  1.03276E+10  5.63692E+09  7.14308E+09  1.25002E+11  1.39787E+09  4.13931E+09  5.23282E+09  1.14530E+10  4.47885E+09  5.30251E+09  6.70550E+09  3.21092E+10  1.74116E+09  4.38986E+09  5.54899E+09  1.37443E+10
 0.260  44.500   5.829  1.41918E+11  1.02793E+10  6.09965E+09  7.80517E+09  1.25539E+11  6.93628E+08  4.52181E+09  5.78191E+09  1.18466E+10  3.59187E+09  5.74843E+09  7.34457E+09  3.10837E+10  1.34357E+09  4.99440E+09  6.38266E+09  1.64184E+10
 0.270  46.250   5.553  1.43154E+11  1.04416E+10  6.32903E+09  8.18431E+09  1.26383E+11  1.23835E+09  4.80927E+09  6.21712E+09  1.27551E+10  3.96953E+09  5.93621E+09  7.66896E+09  3.19016E+10  1.78810E+09  5.15862E+09  6.66424E+09  1.59014E+10
 0.280  48.250   6.472  1.44830E+11  1.02699E+10  6.79602E+09  8.82880E+09  1.27764E+11  1.08892E+09  5.16980E+09  6.72934E+09  1.37709E+10  4.35009E+09  6.44348E+09  8.36167E+09  3.31974E+10  1.96088E+09  5.75038E+09  7.47465E+09  1.96254E+10
 0.290  50.500   6.416  1.50532E+11  1.03184E+10  7.19163E+09  9.39395E+09  1.33022E+11  1.01572E+09  5.47802E+09  7.17490E+09  1.44540E+10  3.73050E+09  6.81080E+09  8.88813E+09  3.26083E+10  2.02198E+09  6.04479E+09  7.89834E+09  1.93247E+10
 0.300  54.000   6.815  1.67480E+11  1.15130E+10  7.47661E+09  9.83686E+09  1.48490E+11  1.06538E+09  5.77721E+09  7.62004E+09  1.57738E+10  3.06494E+09  7.00098E+09  9.21248E+09  3.27584E+10  1.68743E+09  6.30967E+09  8.31324E+09  2.08111E+10
 0.310  60.750   7.903  2.18663E+11  1.55498E+10  8.90182E+09  1.17661E+10  1.94212E+11  1.56855E+09  6.12058E+09  8.11697E+09  1.81028E+10  3.64793E+09  7.27028E+09  9.61000E+09  3.33131E+10  2.49456E+09  6.81083E+09  9.01024E+09  2.50136E+10
 0.320  65.000   8.291  2.43400E+11  1.73146E+10  9.35335E+09  1.24002E+10  2.16732E+11  1.78568E+09  6.51857E+09  8.69034E+09  2.12475E+10  4.33143E+09  7.57507E+09  1.00612E+10  3.70674E+10  3.07554E+09  7.21086E+09  9.58965E+09  2.92029E+10
 0.330  69.500   8.336  2.72216E+11  1.84961E+10  1.11041E+10  1.45186E+10  2.42616E+11  3.42530E+09  7.57096E+09  9.98908E+09  2.77405E+10  6.65430E+09  9.07154E+09  1.18900E+10  4.63542E+10  5.04262E+09  8.40356E+09  1.10449E+10  3.61078E+10
 0.340  73.000   8.689  2.88676E+11  1.86478E+10  1.20809E+10  1.58835E+10  2.57947E+11  3.40134E+09  9.64696E+09  1.26841E+10  2.75123E+10  5.29254E+09  1.06422E+10  1.39872E+10  3.93214E+10  4.27255E+09  1.02829E+10  1.35169E+10  3.37395E+10
 0.350  76.250   8.184  3.01646E+11  1.81799E+10  1.32346E+10  1.74158E+10  2.70232E+11  4.66270E+09  1.06840E+10  1.40694E+10  3.08101E+10  6.66009E+09  1.16434E+10  1.53056E+10  4.25665E+10  5.26089E+09  1.09591E+10  1.44275E+10  3.35819E+10
 0.360  79.000   8.550  3.11702E+11  1.75173E+10  1.42094E+10  1.87734E+10  2.79975E+11  3.65609E+09  1.14047E+10  1.50759E+10  3.23492E+10  5.19921E+09  1.24363E+10  1.64200E+10  4.26558E+10  4.16237E+09  1.17898E+10  1.55776E+10  3.55378E+10
 0.370  82.250   7.462  3.25355E+11  1.74850E+10  1.49398E+10  1.98484E+10  2.92930E+11  3.85342E+09  1.24540E+10  1.65352E+10  3.35233E+10  4.75578E+09  1.31945E+10  1.75168E+10  4.16588E+10  3.31551E+09  1.19514E+10  1.58754E+10  2.99875E+10
 0.380  85.750   8.943  3.39763E+11  1.81494E+10  1.55699E+10  2.08018E+10  3.06043E+11  3.12819E+09  1.32060E+10  1.76298E+10  3.53294E+10  3.60821E+09  1.38276E+10  1.84584E+10  4.20287E+10  3.24382E+09  1.33826E+10  1.78648E+10  3.70583E+10
 0.390  88.500   7.874  3.47146E+11  1.90112E+10  1.59910E+10  2.14895E+10  3.12144E+11  3.26633E+09  1.36920E+10  1.84058E+10  3.78672E+10  3.85504E+09  1.42148E+10  1.91066E+10  4.34649E+10  2.82362E+09  1.31538E+10  1.76837E+10  3.31535E+10
 0.400  91.000   9.381  3.54221E+11  1.96104E+10  1.65452E+10  2.23038E+10  3.18066E+11  3.35830E+09  1.41981E+10  1.91570E+10  3.88487E+10  3.87273E+09  1.46450E+10  1.97536E+10  4.32974E+10  3.52122E+09  1.43499E+10  1.93603E+10  4.02393E+10
 0.410  94.000   8.914  3.62710E+11  2.05316E+10  1.68386E+10  2.28344E+10  3.25340E+11  3.57855E+09  1.47182E+10  1.99503E+10  4.02487E+10  3.84205E+09  1.49681E+10  2.02879E+10  4.32519E+10  3.32518E+09  1.44672E+10  1.96120E+10  3.78204E+10
 0.420  96.250  10.118  3.65687E+11  2.11582E+10  1.71079E+10  2.33100E+10  3.27421E+11  3.03554E+09  1.49622E+10  2.04015E+10  4.16176E+10  3.23151E+09  1.51297E+10  2.06277E+10  4.34682E+10  3.29563E+09  1.51789E+10  2.06945E+10  4.40404E+10
 0.430  98.750  11.941  3.70501E+11  2.17642E+10  1.73508E+10  2.37329E+10  3.31386E+11  3.18970E+09  1.51896E+10  2.07971E+10  4.21233E+10  3.27711E+09  1.52540E+10  2.08831E+10  4.27413E+10  4.26951E+09  1.60162E+10  2.19135E+10  5.22845E+10
 0.440 101.250  12.266  3.74841E+11  2.20721E+10  1.77755E+10  2.43622E+10  3.34994E+11  2.83745E+09  1.55011E+10  2.13107E+10  4.35984E+10  2.73449E+09  1.54337E+10  2.12206E+10  4.29852E+10  4.37292E+09  1.63841E+10  2.24832E+10  5.40386E+10
 0.450 103.500  12.810  3.77624E+11  2.22626E+10  1.81582E+10  2.49575E+10  3.37203E+11  2.48072E+09  1.55825E+10  2.15103E+10  4.42731E+10  2.24080E+09  1.53843E+10  2.12443E+10  4.25365E+10  4.12608E+09  1.66240E+10  2.28992E+10  5.62222E+10
 0.460 105.750  12.660  3.78695E+11  2.23273E+10  1.84630E+10  2.54545E+10  3.37905E+11  2.41679E+09  1.58302E+10  2.19228E+10  4.55357E+10  2.01213E+09  1.54646E+10  2.14312E+10  4.27026E+10  3.74469E+09  1.68182E+10  2.32519E+10  5.57887E+10
 0.470 107.500  14.531  3.76222E+11  2.24729E+10  1.87193E+10  2.58729E+10  3.35030E+11  2.62979E+09  1.60107E+10  2.22503E+10  4.67286E+10  2.12115E+09  1.55494E+10  2.16273E+10  4.29891E+10  4.90301E+09  1.75104E+10  2.42531E+10  6.48000E+10
 0.480 109.750  13.675  3.77216E+11  2.25614E+10  1.90797E+10  2.64183E+10  3.35575E+11  2.01551E+09  1.60874E+10  2.24124E+10  4.66888E+10  1.20982E+09  1.54785E+10  2.15914E+10  4.18937E+10  4.02616E+09  1.73587E+10  2.41187E+10  5.95805E+10
 0.490 112.500  15.068  3.83630E+11  2.25637E+10  1.94428E+10  2.69802E+10  3.41624E+11  2.33159E+09  1.62578E+10  2.27284E+10  4.83604E+10  1.40581E+09  1.54298E+10  2.16026E+10  4.22035E+10  4.88545E+09  1.79284E+10  2.49695E+10  6.65460E+10
 0.500 115.000  15.330  3.89023E+11  2.23295E+10  1.98511E+10  2.75790E+10  3.46843E+11  1.79994E+09  1.65743E+10  2.32186E+10  4.95846E+10  1.25206E+09  1.55792E+10  2.18623E+10  4.22044E+10  4.47168E+09  1.82302E+10  2.54368E+10  6.74706E+10
 0.510 117.250  15.555  3.92637E+11  2.21740E+10  2.01298E+10  2.80281E+10  3.50333E+11  2.26960E+09  1.65603E+10  2.32429E+10  5.07446E+10  1.33331E+09  1.53831E+10  2.16361E+10  4.21492E+10  5.38390E+09  1.84747E+10  2.58167E+10  6.90235E+10
 0.520 120.500  15.924  4.03308E+11  2.19864E+10  2.07712E+10  2.88963E+10  3.60551E+11  2.29636E+09  1.69470E+10  2.38521E+10  5.31611E+10  1.34132E+09  1.56444E+10  2.20533E+10  4.28272E+10  5.08438E+09  1.87051E+10  2.62164E+10  7.16089E+10
 0.530 123.750  15.827  4.17455E+11  2.21406E+10  2.11218E+10  2.94657E+10  3.74193E+11  3.05579E+09  1.71689E+10  2.41886E+10  5.44670E+10  1.94911E+09  1.56042E+10  2.20321E+10  4.25760E+10  6.04203E+09  1.88659E+10  2.64760E+10  7.09207E+10
 0.540 126.500  16.924  4.23899E+11  2.19662E+10  2.15697E+10  3.01245E+10  3.80363E+11  3.26048E+09  1.73563E+10  2.45024E+10  5.60905E+10  1.75377E+09  1.56543E+10  2.21432E+10  4.28516E+10  6.24951E+09  1.93035E+10  2.71229E+10  7.62556E+10
 0.550 129.250  16.948  4.30841E+11  2.15015E+10  2.22378E+10  3.10282E+10  3.87102E+11  4.56218E+09  1.77522E+10  2.50756E+10  5.78125E+10  2.16082E+09  1.58182E+10  2.23943E+10  4.29194E+10  6.92355E+09  1.95483E+10  2.75059E+10  7.70076E+10
 0.561 132.500  17.151  4.39785E+11  2.09357E+10  2.29072E+10  3.19861E+10  3.95942E+11  4.22234E+09  1.82434E+10  2.57707E+10  5.94701E+10  1.94057E+09  1.60162E+10  2.26982E+10  4.32054E+10  6.28331E+09  2.05006E+10  2.87940E+10  7.77621E+10
