  46
 0.110 -1.10336E-02  1.74355E-03  1.76787E-01  5.03576E+01 -1.17929E+01 -1.04824E+01   1.000  2.41808E+07  2.74263E+07  1.09702E+07  0.00000E+00  4.40550E+08  3.60372E-02  2.00574E+02   6.997   7.254
 0.120  2.20160E-01 -1.26539E-01 -5.12341E-01  2.93190E+01  1.14737E+00 -2.99831E+01   1.263  4.01772E+07  3.95500E+07  1.56362E+07  4.87579E+06  7.77842E+08  1.84961E-02  2.62867E+02   7.340   7.290
 0.130 -1.20423E-03 -2.08167E-01 -1.89311E-01 -2.11402E+01  1.98255E+01  9.76665E+00   1.455  1.15034E+08  1.20660E+08  2.87871E+07  8.51721E+06  8.85921E+08  1.50612E-01  2.11894E+02   7.529   7.394
 0.140 -3.94137E-01  3.93674E-01 -2.87514E-02  3.94204E+01 -4.99927E+00 -2.01165E+01   1.686  1.22142E+08  1.83751E+08  1.14007E+08  2.53541E+07  1.32306E+09  6.29956E-01  1.49158E+02   7.739   7.644
 0.150  1.24675E-01 -1.49936E-02 -2.84413E-01  7.14086E+00 -1.43008E+01 -4.12754E+00   1.310  1.37927E+08  1.59397E+08  1.08772E+08  2.69171E+07  8.60481E+08  2.91796E-01  2.06496E+02   7.773   7.698
 0.160  2.28196E-01  1.83103E-01 -7.85256E-03 -1.83709E+01 -1.87535E+00  5.46668E+00   1.628  1.56463E+08  2.03321E+08  2.07134E+08  5.46940E+07  1.51453E+09  5.59572E-01  2.43495E+02   7.931   7.739
 0.170  1.76639E-01 -1.14137E-01 -3.17578E-01  2.79063E+01  2.96629E+01  2.92609E+01   2.014  1.57845E+08  1.74067E+08  2.60732E+08  7.64639E+07  1.86737E+09  2.99796E-01  3.17911E+02   7.919   7.769
 0.180  3.06186E-01 -2.93557E-02  1.34352E-01  2.86437E+01 -9.45256E+00  2.68483E+01   2.443  3.28683E+08  3.43230E+08  3.25575E+08  1.06340E+08  2.54968E+09  4.67013E-01  3.95649E+02   7.773   7.767
 0.190  1.79835E-01  1.05970E-02  2.69936E-01  2.83918E+00 -1.03697E+01 -9.98231E+00   3.081  4.89281E+08  5.70101E+08  5.03021E+08  1.44485E+08  3.87690E+09  1.54019E+00  3.83329E+02   7.963   7.816
 0.200  4.57982E-01  5.97176E-01  1.05070E+00  1.23034E+01 -3.67217E+00 -6.56479E+01   4.025  8.55859E+08  8.55747E+08  6.43655E+08  2.02215E+08  5.91853E+09  8.99946E-01  4.35708E+02   7.814   7.812
 0.210  9.90004E-01  9.80263E-02 -7.20280E-02  3.71576E+01  2.08807E+01 -2.41520E+01   3.790  1.75495E+09  1.94038E+09  9.46129E+08  2.17118E+08  7.37445E+09  3.55584E+00  3.90908E+02   7.997   7.853
 0.220  2.23339E-01 -3.28805E-01  8.18212E-01  2.03104E+01  2.14116E+01 -4.04902E+01   4.778  2.14858E+09  2.84825E+09  2.37917E+09  8.53828E+08  1.10551E+10  1.01368E+01  3.13253E+02   8.212   7.999
 0.230  1.94465E-01  1.35389E-01 -4.47174E-02 -1.03002E+01 -1.70240E+00  6.06011E+00   4.509  1.66405E+09  2.30103E+09  3.36278E+09  1.01248E+09  1.11987E+10  8.49245E+00  3.42915E+02   8.349   8.206
 0.240  2.08216E-02  5.76273E-02  3.79035E-02 -9.64780E+00  1.56906E+01 -4.88646E+00   4.587  1.33617E+09  1.58853E+09  3.91987E+09  1.15509E+09  1.22116E+10  3.34239E+00  4.21657E+02   8.324   8.305
 0.250  4.28016E-02  6.33863E-02  4.52045E-03  8.07644E+00  9.93848E-01  1.06229E+00   4.960  1.74116E+09  1.97863E+09  4.38986E+09  1.19736E+09  1.37443E+10  4.47510E+00  5.03498E+02   8.311   8.339
 0.260  2.81908E-01  2.93493E-01 -4.42449E-02  2.66216E+00  1.61429E+01  5.19867E-01   5.829  1.34357E+09  1.50801E+09  4.99440E+09  1.37229E+09  1.64184E+10  2.88398E+00  5.89879E+02   8.350   8.360
 0.270  8.99259E-01 -2.30831E-01 -4.31338E-01  1.83391E+01  2.05344E+01  1.63979E+01   5.553  1.78810E+09  1.85556E+09  5.15862E+09  1.40288E+09  1.59014E+10  2.09689E+00  6.92275E+02   8.264   8.385
 0.280  3.93291E-01 -7.31182E-02 -1.24178E-01 -5.35156E+00 -1.03119E+01 -1.02525E+01   6.472  1.96088E+09  2.04521E+09  5.75038E+09  1.60016E+09  1.96254E+10  2.87212E+00  7.83075E+02   8.287   8.379
 0.290  1.56268E+00  2.89867E-01 -4.19269E-01  1.36266E+00  5.43954E+01  3.87636E+01   6.416  2.02198E+09  2.11628E+09  6.04479E+09  1.61271E+09  1.93247E+10  3.16035E+00  8.72503E+02   8.291   8.388
 0.300  7.65523E-01 -4.45906E-01 -5.01311E-01  3.51040E+01 -3.96837E-01  9.95158E+00   6.815  1.68743E+09  1.70704E+09  6.30967E+09  1.73914E+09  2.08111E+10  1.71021E+00  9.85595E+02   8.324   8.393
 0.310  1.64119E+00  4.37768E-01  1.99941E-02 -9.90214E+00  3.48929E+01  2.66869E+01   7.903  2.49456E+09  2.46884E+09  6.81083E+09  1.96211E+09  2.50136E+10  2.67278E+00  1.07472E+03   8.289   8.382
 0.320  1.91256E-01 -9.02718E-01 -2.63275E-01  2.56317E+01  1.02065E+01  4.81365E+00   8.291  3.07554E+09  2.99322E+09  7.21086E+09  2.09127E+09  2.92029E+10  2.64039E+00  1.18265E+03   8.270   8.376
 0.330  7.82235E-01  5.11199E-01 -2.63374E-01  3.56117E+01 -2.73609E+01  4.38965E+00   8.336  5.04262E+09  5.49187E+09  8.40356E+09  2.27859E+09  3.61078E+10  1.15741E+01  1.15729E+03   8.244   8.358
 0.340  2.78007E-01 -7.21640E-01 -8.46705E-02  1.59042E+01  1.43090E+01 -4.04593E+00   8.689  4.27255E+09  4.56080E+09  1.02829E+10  3.31591E+09  3.37395E+10  7.95940E+00  1.16521E+03   8.371   8.352
 0.350  7.94590E-01  2.55947E-01 -2.91636E-01  3.09622E+01  1.50952E+00  1.90468E+01   8.184  5.26089E+09  5.64803E+09  1.09591E+10  3.07633E+09  3.35819E+10  8.47588E+00  1.20383E+03   8.348   8.386
 0.360 -1.68139E-01  4.04318E-02 -4.59461E-02 -4.82665E+00 -2.52336E+01 -1.34041E+01   8.550  4.16237E+09  4.40810E+09  1.17898E+10  3.15982E+09  3.55378E+10  6.39960E+00  1.25637E+03   8.423   8.405
 0.370  1.35508E-01  3.55842E-01  3.92960E-03 -1.97678E+01 -9.59575E+00 -6.80712E+00   7.462  3.31551E+09  3.57878E+09  1.19514E+10  3.01285E+09  2.99875E+10  5.61012E+00  1.34251E+03   8.477   8.428
 0.380 -4.38812E-01  6.46179E-01  2.63484E-02  5.96557E+00 -3.16436E+01 -1.93194E+01   8.943  3.24382E+09  3.38797E+09  1.33826E+10  3.49156E+09  3.70583E+10  4.73620E+00  1.41484E+03   8.492   8.424
 0.390 -4.43346E-01 -1.20664E-01 -2.60154E-01  1.88276E+01 -2.79432E+01 -1.81771E+01   7.874  2.82362E+09  2.86920E+09  1.31538E+10  3.21930E+09  3.31535E+10  2.86236E+00  1.53829E+03   8.479   8.439
 0.400 -1.20265E+00 -4.80250E-01 -9.13112E-01  1.51704E+01 -5.76969E+01 -4.84659E+00   9.381  3.52122E+09  3.55515E+09  1.43499E+10  3.69754E+09  4.02393E+10  3.74554E+00  1.62412E+03   8.437   8.430
 0.410  6.34792E-02 -6.41036E-01 -3.23501E-01  1.00869E+01 -1.14236E+01 -8.63882E+00   8.914  3.32518E+09  3.36607E+09  1.44672E+10  3.62187E+09  3.78204E+10  3.02893E+00  1.74105E+03   8.454   8.436
 0.420 -7.46903E-01 -1.13071E+00 -2.27575E-01  3.75224E+01 -3.37611E+01 -9.00417E+00  10.118  3.29563E+09  3.22462E+09  1.51789E+10  4.00042E+09  4.40404E+10  1.78925E+00  1.87330E+03   8.457   8.431
 0.430 -1.33562E+00  3.84738E-02 -3.19702E-01  6.62639E+00 -5.17349E+01 -1.71784E+01  11.941  4.26951E+09  4.18862E+09  1.60162E+10  4.46550E+09  5.22845E+10  2.13601E+00  1.98482E+03   8.428   8.424
 0.440 -1.08766E+00 -1.77458E+00 -6.90009E-01  4.72184E+01 -4.50216E+01 -2.33100E+01  12.266  4.37292E+09  4.29517E+09  1.63841E+10  4.55772E+09  5.40386E+10  2.82342E+00  2.10544E+03   8.391   8.423
 0.450 -1.20672E+00 -5.73181E-01 -4.86081E-01  3.20615E+01 -5.95966E+01 -2.84357E+01  12.810  4.12608E+09  3.96565E+09  1.66240E+10  4.63211E+09  5.62222E+10  2.13648E+00  2.23720E+03   8.376   8.423
 0.460 -2.33007E+00 -8.63425E-01 -2.08240E-01  3.31715E+01 -7.89747E+01 -4.46816E+01  12.660  3.74469E+09  3.61363E+09  1.68182E+10  4.74531E+09  5.57887E+10  1.78854E+00  2.36944E+03   8.385   8.423
 0.470 -3.37686E-01 -2.16484E+00 -1.16586E+00  3.25962E+01 -4.81168E+01 -4.86544E+01  14.531  4.90301E+09  4.73375E+09  1.75104E+10  5.20036E+09  6.48000E+10  2.13734E+00  2.47644E+03   8.312   8.417
 0.480 -4.13886E+00 -1.42018E+00 -3.45832E-01  1.99392E+01 -8.15928E+01 -5.78733E+01  13.675  4.02616E+09  3.86958E+09  1.73587E+10  4.98099E+09  5.95805E+10  2.15885E+00  2.62085E+03   8.317   8.421
 0.490 -1.40775E+00  1.33284E+00  1.36777E+00 -1.77118E+01 -4.11212E+01 -2.41120E+01  15.068  4.88545E+09  4.67878E+09  1.79284E+10  5.36065E+09  6.65460E+10  2.10983E+00  2.74728E+03   8.325   8.416
 0.500 -2.31672E+00  1.40088E-01  5.21628E-01  2.62234E+00 -4.86423E+01 -3.46975E+01  15.330  4.47168E+09  4.27516E+09  1.82302E+10  5.49324E+09  6.74706E+10  1.63781E+00  2.86131E+03   8.333   8.414
 0.510 -2.63344E+00 -9.29252E-01  2.20227E-01  1.40455E+01 -6.00932E+01 -3.60349E+01  15.555  5.38390E+09  5.22992E+09  1.84747E+10  5.58683E+09  6.90235E+10  2.45630E+00  2.97879E+03   8.300   8.414
 0.520 -1.78521E+00 -1.24647E+00 -1.83366E-01  1.75178E+01 -3.79343E+01 -2.84328E+01  15.924  5.08438E+09  4.82884E+09  1.87051E+10  5.73936E+09  7.16089E+10  1.69294E+00  3.11945E+03   8.311   8.413
 0.530 -2.45990E+00  2.56077E-01  9.56929E-01 -1.45125E+01 -4.39124E+01 -2.17691E+01  15.827  6.04203E+09  5.76844E+09  1.88659E+10  5.78685E+09  7.09207E+10  1.91412E+00  3.23521E+03   8.321   8.413
 0.540 -2.62977E+00 -1.02747E+00  2.45833E-01  1.48550E+01 -4.66361E+01 -3.77477E+01  16.924  6.24951E+09  5.97389E+09  1.93035E+10  5.97462E+09  7.62556E+10  1.68999E+00  3.34840E+03   8.329   8.411
 0.550 -1.90558E-01 -5.87103E-01 -3.75016E-01  1.25001E+01 -1.76853E+01 -1.42960E+01  16.948  6.92355E+09  6.68033E+09  1.95483E+10  6.02257E+09  7.70076E+10  2.74414E+00  3.47087E+03   8.329   8.411
 0.561 -9.99275E-01 -7.43520E-02  2.44665E-01  9.32062E+00 -2.41193E+01 -1.60975E+01  17.151  6.28331E+09  6.02769E+09  2.05006E+10  6.58512E+09  7.77621E+10  1.52607E+00  3.49444E+03   8.373   8.416
