  46
 0.110  6.75000E+00  6.13771E+09  6.25296E+01
 0.120  9.00000E+00  1.12002E+10  7.31520E+01
 0.130  1.07500E+01  1.54829E+10  7.86966E+01
 0.140  1.22500E+01  1.81390E+10  7.97946E+01
 0.150  1.37500E+01  2.08595E+10  8.07672E+01
 0.160  1.47500E+01  2.14449E+10  7.90679E+01
 0.170  1.62500E+01  2.42386E+10  8.00868E+01
 0.180  1.92500E+01  3.40867E+10  8.72592E+01
 0.190  2.35000E+01  5.29792E+10  9.84585E+01
 0.200  3.05000E+01  9.88861E+10  1.18073E+02
 0.210  3.37500E+01  1.14344E+11  1.20699E+02
 0.220  3.65000E+01  1.26824E+11  1.22233E+02
 0.230  3.92500E+01  1.38159E+11  1.23028E+02
 0.240  4.10000E+01  1.39977E+11  1.21163E+02
 0.250  4.27500E+01  1.40967E+11  1.19076E+02
 0.260  4.45000E+01  1.41918E+11  1.17104E+02
 0.270  4.62500E+01  1.43154E+11  1.15367E+02
 0.280  4.82500E+01  1.44830E+11  1.13610E+02
 0.290  5.05000E+01  1.50532E+11  1.13215E+02
 0.300  5.40000E+01  1.67480E+11  1.15483E+02
 0.310  6.07500E+01  2.18663E+11  1.24408E+02
 0.320  6.50000E+01  2.43400E+11  1.26893E+02
 0.330  6.95000E+01  2.72216E+11  1.29777E+02
 0.340  7.30000E+01  2.88676E+11  1.30400E+02
 0.350  7.62500E+01  3.01646E+11  1.30426E+02
 0.360  7.90000E+01  3.11702E+11  1.30254E+02
 0.370  8.22500E+01  3.25355E+11  1.30420E+02
 0.380  8.57500E+01  3.39763E+11  1.30528E+02
 0.390  8.85000E+01  3.47146E+11  1.29873E+02
 0.400  9.10000E+01  3.54221E+11  1.29375E+02
 0.410  9.40000E+01  3.62710E+11  1.28810E+02
 0.420  9.62500E+01  3.65687E+11  1.27817E+02
 0.430  9.87500E+01  3.70501E+11  1.27017E+02
 0.440  1.01250E+02  3.74841E+11  1.26171E+02
 0.450  1.03500E+02  3.77624E+11  1.25255E+02
 0.460  1.05750E+02  3.78695E+11  1.24091E+02
 0.470  1.07500E+02  3.76222E+11  1.22674E+02
 0.480  1.09750E+02  3.77216E+11  1.21570E+02
 0.490  1.12500E+02  3.83630E+11  1.21092E+02
 0.500  1.15000E+02  3.89023E+11  1.20607E+02
 0.510  1.17250E+02  3.92637E+11  1.19998E+02
 0.520  1.20500E+02  4.03308E+11  1.19966E+02
 0.530  1.23750E+02  4.17455E+11  1.20439E+02
 0.540  1.26500E+02  4.23899E+11  1.20038E+02
 0.550  1.29250E+02  4.30841E+11  1.19723E+02
 0.561  1.32500E+02  4.39785E+11  1.19467E+02
