  46
 0.110   1.000  1.09702E+07  1.30091E+07  1.08016E+07  2.00574E+02  0.00000E+00  0.00000E+00  0.00000E+00  1.09702E+07  1.30091E+07  1.08016E+07
 0.120   1.263  1.56362E+07  1.89221E+07  1.53507E+07  2.62867E+02  4.87579E+06  5.91731E+06  4.80594E+06  1.07604E+07  1.30048E+07  1.05447E+07
 0.130   1.455  2.87871E+07  3.40379E+07  2.84142E+07  2.11894E+02  8.51721E+06  1.03504E+07  8.40986E+06  2.02699E+07  2.36874E+07  2.00043E+07
 0.140   1.686  1.14007E+08  1.33291E+08  1.13193E+08  1.49158E+02  2.53541E+07  3.11499E+07  2.49902E+07  8.86529E+07  1.02141E+08  8.82027E+07
 0.150   1.310  1.08772E+08  1.30186E+08  1.07776E+08  2.06496E+02  2.69171E+07  3.31537E+07  2.65501E+07  8.18551E+07  9.70321E+07  8.12262E+07
 0.160   1.628  2.07134E+08  2.50353E+08  2.05090E+08  2.43495E+02  5.46940E+07  6.81793E+07  5.38393E+07  1.52440E+08  1.82173E+08  1.51250E+08
 0.170   2.014  2.60732E+08  3.21244E+08  2.57537E+08  3.17911E+02  7.64639E+07  9.62439E+07  7.50961E+07  1.84268E+08  2.25001E+08  1.82441E+08
 0.180   2.443  3.25575E+08  4.05085E+08  3.20792E+08  3.95649E+02  1.06340E+08  1.35229E+08  1.04142E+08  2.19235E+08  2.69855E+08  2.16650E+08
 0.190   3.081  5.03021E+08  6.18565E+08  4.96251E+08  3.83329E+02  1.44485E+08  1.84665E+08  1.41252E+08  3.58536E+08  4.33900E+08  3.54998E+08
 0.200   4.025  6.43655E+08  8.01104E+08  6.34301E+08  4.35708E+02  2.02215E+08  2.58600E+08  1.97599E+08  4.41440E+08  5.42504E+08  4.36702E+08
 0.210   3.790  9.46129E+08  1.15709E+09  9.34541E+08  3.90908E+02  2.17118E+08  2.79481E+08  2.11719E+08  7.29011E+08  8.77612E+08  7.22822E+08
 0.220   4.778  2.37917E+09  2.87734E+09  2.35829E+09  3.13253E+02  8.53828E+08  1.07917E+09  8.40815E+08  1.52534E+09  1.79818E+09  1.51747E+09
 0.230   4.509  3.36278E+09  4.11893E+09  3.33292E+09  3.42915E+02  1.01248E+09  1.29185E+09  9.95525E+08  2.35030E+09  2.82708E+09  2.33740E+09
 0.240   4.587  3.91987E+09  4.89938E+09  3.87953E+09  4.21657E+02  1.15509E+09  1.48865E+09  1.13401E+09  2.76478E+09  3.41074E+09  2.74553E+09
 0.250   4.960  4.38986E+09  5.54899E+09  4.33808E+09  5.03498E+02  1.19736E+09  1.55914E+09  1.17243E+09  3.19250E+09  3.98985E+09  3.16565E+09
 0.260   5.829  4.99440E+09  6.38266E+09  4.92785E+09  5.89879E+02  1.37229E+09  1.79829E+09  1.34148E+09  3.62212E+09  4.58438E+09  3.58637E+09
 0.270   5.553  5.15862E+09  6.66424E+09  5.08029E+09  6.92275E+02  1.40288E+09  1.84970E+09  1.36863E+09  3.75574E+09  4.81454E+09  3.71166E+09
 0.280   6.472  5.75038E+09  7.47465E+09  5.65449E+09  7.83075E+02  1.60016E+09  2.12216E+09  1.55862E+09  4.15021E+09  5.35249E+09  4.09587E+09
 0.290   6.416  6.04479E+09  7.89834E+09  5.93551E+09  8.72503E+02  1.61271E+09  2.14814E+09  1.56767E+09  4.43209E+09  5.75021E+09  4.36784E+09
 0.300   6.815  6.30967E+09  8.31324E+09  6.18402E+09  9.85595E+02  1.73914E+09  2.32485E+09  1.68816E+09  4.57054E+09  5.98838E+09  4.49586E+09
 0.310   7.903  6.81083E+09  9.01024E+09  6.66687E+09  1.07472E+03  1.96211E+09  2.62855E+09  1.90344E+09  4.84871E+09  6.38169E+09  4.76343E+09
 0.320   8.291  7.21086E+09  9.58965E+09  7.04743E+09  1.18265E+03  2.09127E+09  2.81814E+09  2.02451E+09  5.11958E+09  6.77151E+09  5.02292E+09
 0.330   8.336  8.40356E+09  1.10449E+10  8.22214E+09  1.15729E+03  2.27859E+09  3.07531E+09  2.20351E+09  6.12496E+09  7.96961E+09  6.01862E+09
 0.340   8.689  1.02829E+10  1.35169E+10  1.00664E+10  1.16521E+03  3.31591E+09  4.43699E+09  3.21808E+09  6.96694E+09  9.07995E+09  6.84830E+09
 0.350   8.184  1.09591E+10  1.44275E+10  1.07281E+10  1.20383E+03  3.07633E+09  4.15404E+09  2.97623E+09  7.88282E+09  1.02735E+10  7.75187E+09
 0.360   8.550  1.17898E+10  1.55776E+10  1.15377E+10  1.25637E+03  3.15982E+09  4.27966E+09  3.05248E+09  8.62998E+09  1.12979E+10  8.48526E+09
 0.370   7.462  1.19514E+10  1.58754E+10  1.16857E+10  1.34251E+03  3.01285E+09  4.10001E+09  2.90404E+09  8.93853E+09  1.17754E+10  8.78168E+09
 0.380   8.943  1.33826E+10  1.78648E+10  1.30788E+10  1.41484E+03  3.49156E+09  4.75879E+09  3.36592E+09  9.89109E+09  1.31060E+10  9.71293E+09
 0.390   7.874  1.31538E+10  1.76837E+10  1.28368E+10  1.53829E+03  3.21930E+09  4.41071E+09  3.09427E+09  9.93453E+09  1.32730E+10  9.74255E+09
 0.400   9.381  1.43499E+10  1.93603E+10  1.39926E+10  1.62412E+03  3.69754E+09  5.07331E+09  3.55399E+09  1.06524E+10  1.42870E+10  1.04386E+10
 0.410   8.914  1.44672E+10  1.96120E+10  1.40884E+10  1.74105E+03  3.62187E+09  4.97881E+09  3.47557E+09  1.08453E+10  1.46332E+10  1.06128E+10
 0.420  10.118  1.51789E+10  2.06945E+10  1.47597E+10  1.87330E+03  4.00042E+09  5.51957E+09  3.83557E+09  1.11785E+10  1.51749E+10  1.09241E+10
 0.430  11.941  1.60162E+10  2.19135E+10  1.55561E+10  1.98482E+03  4.46550E+09  6.16890E+09  4.28164E+09  1.15507E+10  1.57446E+10  1.12744E+10
 0.440  12.266  1.63841E+10  2.24832E+10  1.58929E+10  2.10544E+03  4.55772E+09  6.31692E+09  4.36255E+09  1.18263E+10  1.61663E+10  1.15303E+10
 0.450  12.810  1.66240E+10  2.28992E+10  1.61028E+10  2.23720E+03  4.63211E+09  6.43386E+09  4.42738E+09  1.19919E+10  1.64654E+10  1.16754E+10
 0.460  12.660  1.68182E+10  2.32519E+10  1.62680E+10  2.36944E+03  4.74531E+09  6.59875E+09  4.53198E+09  1.20729E+10  1.66532E+10  1.17361E+10
 0.470  14.531  1.75104E+10  2.42531E+10  1.69201E+10  2.47644E+03  5.20036E+09  7.23016E+09  4.96781E+09  1.23100E+10  1.70229E+10  1.19523E+10
 0.480  13.675  1.73587E+10  2.41187E+10  1.67477E+10  2.62085E+03  4.98099E+09  6.94727E+09  4.74681E+09  1.23777E+10  1.71715E+10  1.20009E+10
 0.490  15.068  1.79284E+10  2.49695E+10  1.72770E+10  2.74728E+03  5.36065E+09  7.48228E+09  5.10821E+09  1.25677E+10  1.74872E+10  1.21687E+10
 0.500  15.330  1.82302E+10  2.54368E+10  1.75497E+10  2.86131E+03  5.49324E+09  7.67579E+09  5.23156E+09  1.27369E+10  1.77610E+10  1.23181E+10
 0.510  15.555  1.84747E+10  2.58167E+10  1.77654E+10  2.97879E+03  5.58683E+09  7.81405E+09  5.31596E+09  1.28879E+10  1.80027E+10  1.24494E+10
 0.520  15.924  1.87051E+10  2.62164E+10  1.79632E+10  3.11945E+03  5.73936E+09  8.04325E+09  5.45630E+09  1.29657E+10  1.81732E+10  1.25069E+10
 0.530  15.827  1.88659E+10  2.64760E+10  1.80991E+10  3.23521E+03  5.78685E+09  8.11487E+09  5.49746E+09  1.30791E+10  1.83611E+10  1.26017E+10
 0.540  16.924  1.93035E+10  2.71229E+10  1.85023E+10  3.34840E+03  5.97462E+09  8.39204E+09  5.67110E+09  1.33289E+10  1.87308E+10  1.28312E+10
 0.550  16.948  1.95483E+10  2.75059E+10  1.87182E+10  3.47087E+03  6.02257E+09  8.48053E+09  5.70965E+09  1.35257E+10  1.90254E+10  1.30086E+10
 0.561  17.151  2.05006E+10  2.87940E+10  1.96368E+10  3.49444E+03  6.58512E+09  9.22725E+09  6.25970E+09  1.39154E+10  1.95668E+10  1.33771E+10
