  36
 0.150   7.250   1.002  3.13623E+09  3.20202E+08  2.63241E+07  3.15692E+07  2.78970E+09  4.58177E+06  5.89900E+06  6.95669E+06  4.29825E+07  6.03567E+08  3.19246E+07  3.83436E+07  4.78286E+09  1.25944E+07  9.67652E+06  1.15208E+07  1.02509E+08
 0.160  11.250   1.459  9.92128E+09  1.18714E+09  5.25908E+07  6.30840E+07  8.68155E+09  3.12065E+07  1.91210E+07  2.33080E+07  2.39189E+08  1.01736E+09  5.13123E+07  6.15256E+07  7.70392E+09  4.36743E+07  2.26037E+07  2.74392E+07  4.02556E+08
 0.170  14.750   2.003  1.85105E+10  2.34091E+09  1.56191E+08  1.85545E+08  1.60134E+10  7.62994E+07  3.07496E+07  3.74413E+07  5.92693E+08  1.69605E+09  1.55326E+08  1.84462E+08  1.28449E+10  1.89291E+08  4.64252E+07  5.61167E+07  1.10707E+09
 0.180  16.500   1.998  2.18027E+10  2.60306E+09  3.61178E+08  4.22620E+08  1.88385E+10  2.30530E+08  1.62980E+08  1.87901E+08  9.83110E+08  1.87193E+09  3.59425E+08  4.20397E+08  1.47523E+10  3.02321E+08  1.83791E+08  2.12192E+08  1.43538E+09
 0.190  18.750   2.422  2.72003E+10  2.77824E+09  4.72104E+08  5.73009E+08  2.39500E+10  7.45760E+07  1.61579E+08  1.95708E+08  9.00221E+08  1.57801E+09  4.45202E+08  5.39828E+08  1.30175E+10  1.11905E+08  2.01245E+08  2.44064E+08  1.46905E+09
 0.200  22.750   2.765  4.01913E+10  4.15534E+09  6.23973E+08  7.69369E+08  3.54120E+10  2.24087E+08  2.49302E+08  3.03495E+08  1.56815E+09  1.82509E+09  5.25129E+08  6.46103E+08  1.44528E+10  3.91445E+08  2.96632E+08  3.61594E+08  2.22752E+09
 0.210  25.500   3.128  4.91105E+10  5.22243E+09  8.20428E+08  1.00838E+09  4.30676E+10  4.88430E+08  4.51603E+08  5.52883E+08  2.56689E+09  2.56706E+09  7.78103E+08  9.55231E+08  1.76971E+10  7.28458E+08  5.25560E+08  6.40504E+08  3.54319E+09
 0.220  28.500   3.806  6.03647E+10  6.32083E+09  1.03650E+09  1.28503E+09  5.30074E+10  2.22971E+08  5.72730E+08  7.08866E+08  2.66832E+09  2.28182E+09  8.98078E+08  1.10866E+09  1.69199E+10  4.22893E+08  6.76645E+08  8.36959E+08  4.19840E+09
 0.230  34.000   3.962  8.97801E+10  9.37650E+09  1.38075E+09  1.73839E+09  7.90228E+10  4.20785E+08  6.67531E+08  8.41844E+08  4.00311E+09  1.73002E+09  9.91862E+08  1.25171E+09  1.60016E+10  4.90283E+08  7.20171E+08  9.07544E+08  5.00650E+09
 0.240  36.500   4.456  9.66850E+10  1.05768E+10  1.63048E+09  2.05696E+09  8.44777E+10  3.45284E+08  7.90844E+08  1.00443E+09  4.75767E+09  2.67407E+09  1.12677E+09  1.43166E+09  1.85416E+10  5.12095E+08  8.69958E+08  1.10523E+09  6.39466E+09
 0.250  38.500   4.828  1.03077E+11  1.13709E+10  2.14030E+09  2.68142E+09  8.95656E+10  5.50163E+08  8.77878E+08  1.12705E+09  5.28219E+09  3.22350E+09  1.45412E+09  1.82080E+09  1.78869E+10  9.31175E+08  1.00554E+09  1.28446E+09  7.33579E+09
 0.260  40.500   2.833  1.06736E+11  1.16566E+10  2.54509E+09  3.20343E+09  9.25346E+10  1.45055E+09  1.34405E+09  1.68369E+09  6.47173E+09  3.29300E+09  1.84242E+09  2.30986E+09  1.86235E+10  1.06591E+09  1.10926E+09  1.38866E+09  3.89470E+09
 0.270  42.000   3.065  1.06878E+11  1.12028E+10  3.25752E+09  4.08918E+09  9.24173E+10  1.42756E+09  2.36262E+09  2.94361E+09  9.13390E+09  3.10082E+09  2.84738E+09  3.56034E+09  2.31027E+10  1.10068E+09  1.96946E+09  2.44080E+09  5.84454E+09
 0.280  43.500   4.178  1.07160E+11  1.07468E+10  3.96140E+09  4.98674E+09  9.24518E+10  1.61046E+09  2.93916E+09  3.67107E+09  8.76701E+09  4.29504E+09  3.48414E+09  4.36406E+09  2.19744E+10  1.52070E+09  2.90577E+09  3.62916E+09  8.39522E+09
 0.290  45.250   3.812  1.08534E+11  9.97795E+09  4.91847E+09  6.20328E+09  9.36371E+10  1.62946E+09  3.82129E+09  4.79414E+09  9.73715E+09  4.00263E+09  4.45773E+09  5.59774E+09  2.22106E+10  1.31513E+09  3.60191E+09  4.51615E+09  7.94153E+09
 0.300  47.250   4.394  1.11727E+11  9.39959E+09  5.55257E+09  7.07302E+09  9.67750E+10  1.89487E+09  4.48575E+09  5.68131E+09  1.04929E+10  3.80019E+09  5.07649E+09  6.44304E+09  2.27820E+10  1.75919E+09  4.39264E+09  5.56188E+09  9.67256E+09
 0.310  49.750   5.801  1.18889E+11  9.47349E+09  6.61031E+09  8.45831E+09  1.02805E+11  1.70445E+09  5.34237E+09  6.80663E+09  1.16009E+10  3.54748E+09  5.92446E+09  7.55623E+09  2.36622E+10  2.14421E+09  5.52144E+09  7.03732E+09  1.36804E+10
 0.320  53.250   5.368  1.33066E+11  1.00796E+10  7.68804E+09  9.91188E+09  1.15298E+11  1.71324E+09  6.17789E+09  7.92991E+09  1.27936E+10  3.05624E+09  6.67012E+09  8.57099E+09  2.37504E+10  1.73555E+09  6.19008E+09  7.94551E+09  1.28982E+10
 0.330  56.500   4.253  1.43916E+11  1.04371E+10  8.30519E+09  1.07865E+10  1.25173E+11  2.24424E+09  6.79946E+09  8.79421E+09  1.38840E+10  2.83090E+09  7.21193E+09  9.34034E+09  2.42464E+10  1.70881E+09  6.35581E+09  8.21951E+09  1.02490E+10
 0.340  59.250   4.246  1.51707E+11  1.02154E+10  8.88065E+09  1.16197E+10  1.32611E+11  1.60289E+09  7.24392E+09  9.46517E+09  1.50848E+10  2.07765E+09  7.64063E+09  9.99413E+09  2.66461E+10  1.16903E+09  6.68896E+09  8.73776E+09  1.04235E+10
 0.350  62.000   3.052  1.60789E+11  9.89852E+09  9.64415E+09  1.26496E+10  1.41246E+11  1.50578E+09  7.78002E+09  1.02074E+10  1.67269E+10  2.58353E+09  8.27868E+09  1.08635E+10  2.90504E+10  6.27534E+08  6.18661E+09  8.12583E+09  7.10308E+09
 0.360  64.750   4.477  1.68907E+11  9.72807E+09  9.95478E+09  1.31784E+10  1.49224E+11  1.81508E+09  8.25473E+09  1.09083E+10  1.72327E+10  2.29391E+09  8.60336E+09  1.13757E+10  2.70007E+10  1.29194E+09  7.62850E+09  1.00817E+10  1.15442E+10
 0.370  67.000   4.994  1.74464E+11  9.25452E+09  1.03177E+10  1.37424E+10  1.54892E+11  1.24478E+09  8.67192E+09  1.15238E+10  1.80864E+10  1.77172E+09  9.16846E+09  1.21915E+10  2.72946E+10  1.00118E+09  8.21357E+09  1.09120E+10  1.31457E+10
 0.380  69.250   5.356  1.78024E+11  8.96240E+09  1.05029E+10  1.40906E+10  1.58559E+11  1.40686E+09  8.97259E+09  1.20192E+10  1.89286E+10  1.96968E+09  9.34138E+09  1.25182E+10  2.73898E+10  9.67434E+08  8.58802E+09  1.14997E+10  1.44232E+10
 0.390  71.500   5.163  1.82086E+11  8.89885E+09  1.06878E+10  1.44199E+10  1.62499E+11  1.35421E+09  9.19898E+09  1.23946E+10  2.01863E+10  2.13393E+09  9.62013E+09  1.29651E+10  2.88457E+10  8.59921E+08  8.67029E+09  1.16829E+10  1.40814E+10
 0.400  74.250   4.880  1.90268E+11  9.23637E+09  1.08708E+10  1.47398E+10  1.70161E+11  1.28299E+09  9.42356E+09  1.27653E+10  2.10515E+10  1.91493E+09  9.78929E+09  1.32643E+10  2.89425E+10  8.47417E+08  8.70361E+09  1.17888E+10  1.32774E+10
 0.410  78.000  10.023  2.05639E+11  1.03014E+10  1.11066E+10  1.51313E+10  1.84231E+11  1.27512E+09  9.62234E+09  1.31046E+10  2.23319E+10  2.03923E+09  9.97323E+09  1.35762E+10  2.90587E+10  2.04877E+09  9.97681E+09  1.35810E+10  2.91269E+10
 0.420  82.750   8.339  2.29676E+11  1.20205E+10  1.18601E+10  1.61995E+10  2.05795E+11  1.46721E+09  9.71535E+09  1.33006E+10  2.34484E+10  2.00841E+09  9.99675E+09  1.36820E+10  2.85967E+10  1.48153E+09  9.72598E+09  1.33151E+10  2.36380E+10
 0.430  87.500   9.796  2.57166E+11  1.40329E+10  1.24315E+10  1.70285E+10  2.30702E+11  1.95053E+09  9.94288E+09  1.36611E+10  2.53881E+10  2.62063E+09  1.01559E+10  1.39467E+10  2.93428E+10  2.50236E+09  1.01231E+10  1.39029E+10  2.86892E+10
 0.440  91.500   8.549  2.74775E+11  1.50778E+10  1.27491E+10  1.74841E+10  2.46948E+11  2.75240E+09  1.03124E+10  1.41813E+10  2.96449E+10  3.10221E+09  1.04746E+10  1.43994E+10  3.29977E+10  2.53813E+09  1.01968E+10  1.40261E+10  2.74204E+10
 0.450  95.000   9.487  2.89103E+11  1.57508E+10  1.32307E+10  1.81501E+10  2.60121E+11  3.13945E+09  1.07105E+10  1.47241E+10  2.96072E+10  3.41513E+09  1.08260E+10  1.48746E+10  3.13867E+10  3.13293E+09  1.07080E+10  1.47207E+10  2.95601E+10
 0.460  98.500   9.459  3.01539E+11  1.59079E+10  1.37619E+10  1.88862E+10  2.71870E+11  3.13414E+09  1.11286E+10  1.53057E+10  3.00436E+10  3.21461E+09  1.11547E+10  1.53409E+10  3.05450E+10  2.96181E+09  1.10551E+10  1.52063E+10  2.87419E+10
 0.470 101.500   5.735  3.11458E+11  1.57257E+10  1.42125E+10  1.95391E+10  2.81520E+11  2.98240E+09  1.16036E+10  1.59676E+10  3.21140E+10  2.94146E+09  1.15732E+10  1.59266E+10  3.15937E+10  1.65696E+09  1.03030E+10  1.42089E+10  1.68530E+10
 0.480 104.250   7.263  3.19254E+11  1.55513E+10  1.46729E+10  2.01974E+10  2.89030E+11  3.50836E+09  1.21192E+10  1.66825E+10  3.38393E+10  3.34837E+09  1.20295E+10  1.65614E+10  3.23247E+10  2.52876E+09  1.13178E+10  1.55948E+10  2.25140E+10
 0.490 106.750   6.341  3.24107E+11  1.48994E+10  1.53618E+10  2.11190E+10  2.93845E+11  3.27790E+09  1.28255E+10  1.76111E+10  3.41279E+10  3.17094E+09  1.26838E+10  1.74185E+10  3.17701E+10  1.91589E+09  1.15838E+10  1.59318E+10  1.91600E+10
 0.500 108.750   6.242  3.26156E+11  1.46274E+10  1.56912E+10  2.16474E+10  2.95838E+11  3.21623E+09  1.32075E+10  1.81956E+10  3.43586E+10  3.11930E+09  1.30373E+10  1.79617E+10  3.14017E+10  2.07999E+09  1.19041E+10  1.64102E+10  1.87808E+10
