  36
 0.150  1.25262E+07  9.67207E+06  1.15156E+07  1.15796E+07  4.81154E+06  1.01844E+08  1.96335E-02
 0.160  2.63063E+07  1.61762E+07  1.98031E+07  2.54735E+07  1.02141E+06  1.93130E+08  1.62578E-02
 0.170  1.61766E+07  1.65792E+07  2.02997E+07  1.51652E+07  2.66527E+06  2.53738E+08  1.23530E-02
 0.180  9.57011E+07  1.07427E+08  1.23492E+08  8.95679E+07  7.94491E+07  3.43029E+08  8.76428E-01
 0.190  1.90849E+07  6.17878E+07  7.43886E+07  1.75967E+07  1.02685E+07  2.07596E+08  3.92997E-02
 0.200  4.29635E+07  1.01508E+08  1.22031E+08  4.02392E+07  3.36507E+07  3.23242E+08  5.28455E-01
 0.210  3.02443E+07  1.43572E+08  1.78359E+08  2.77439E+07  1.02539E+07  4.15442E+08  8.83766E-02
 0.220  6.46929E+07  1.78059E+08  2.21445E+08  6.16527E+07  2.04621E+07  4.24504E+08  2.73548E-01
 0.230  1.21574E+08  2.24098E+08  2.79988E+08  1.18080E+08  2.63418E+07  5.20279E+08  3.83189E-01
 0.240  4.53627E+07  2.55476E+08  3.20179E+08  4.32483E+07  3.62351E+07  4.39053E+08  2.39738E-01
 0.250  5.95040E+07  2.68571E+08  3.42433E+08  5.75453E+07  1.10651E+07  4.39718E+08  1.21187E-01
 0.260  1.83647E+08  4.36905E+08  5.52246E+08  1.77356E+08  7.67878E+07  6.53134E+08  9.44398E-01
 0.270  4.18047E+08  9.88324E+08  1.21075E+09  4.11634E+08  3.35031E+08  9.93502E+08  3.96329E+00
 0.280  3.68865E+08  1.41221E+09  1.74324E+09  3.62003E+08  2.87263E+08  1.09551E+09  3.38606E+00
 0.290  1.94159E+08  1.79742E+09  2.24785E+09  1.89331E+08  2.36353E+08  1.16701E+09  2.30290E+00
 0.300  1.62130E+08  2.01987E+09  2.56414E+09  1.57459E+08  1.62730E+08  1.21931E+09  1.80806E+00
 0.310  1.46499E+08  2.18502E+09  2.80284E+09  1.41627E+08  1.60730E+08  1.26985E+09  1.67630E+00
 0.320  1.20993E+08  2.41169E+09  3.12041E+09  1.17338E+08  1.17023E+08  1.31724E+09  1.26491E+00
 0.330  1.03620E+08  2.40481E+09  3.14694E+09  1.00488E+08  7.54393E+07  1.28415E+09  8.76395E-01
 0.340  7.32928E+07  2.50358E+09  3.30429E+09  7.02830E+07  6.20299E+07  1.31383E+09  6.42460E-01
 0.350  1.64259E+08  2.78622E+09  3.68056E+09  1.59760E+08  1.64834E+08  1.39165E+09  2.12485E+00
 0.360  9.91899E+07  2.88933E+09  3.84246E+09  9.57496E+07  9.21920E+07  1.42441E+09  1.01132E+00
 0.370  1.14542E+08  2.75932E+09  3.69008E+09  1.10879E+08  8.73723E+07  1.32024E+09  1.04077E+00
 0.380  8.56906E+07  2.88799E+09  3.88550E+09  8.27935E+07  5.87956E+07  1.38234E+09  6.21936E-01
 0.390  7.09971E+07  2.89189E+09  3.91387E+09  6.85350E+07  3.86175E+07  1.38833E+09  4.27752E-01
 0.400  6.05405E+07  3.02172E+09  4.10679E+09  5.81684E+07  3.30494E+07  1.40296E+09  3.42356E-01
 0.410  3.90973E+07  2.89928E+09  3.96344E+09  3.71669E+07  2.24687E+07  1.35732E+09  2.34014E-01
 0.420  3.61177E+07  3.05634E+09  4.19589E+09  3.45431E+07  1.77596E+07  1.44453E+09  1.90670E-01
 0.430  5.01575E+07  3.00233E+09  4.13451E+09  4.83677E+07  1.99517E+07  1.38242E+09  2.61082E-01
 0.440  1.68422E+08  3.00318E+09  4.14041E+09  1.63966E+08  4.58847E+07  1.40878E+09  7.01691E-01
 0.450  7.67439E+07  3.09244E+09  4.25074E+09  7.33321E+07  7.56400E+07  1.41302E+09  7.67135E-01
 0.460  6.93732E+07  3.30968E+09  4.56267E+09  6.65882E+07  4.28683E+07  1.46357E+09  4.47607E-01
 0.470  3.83678E+07  3.02086E+09  4.17772E+09  3.64299E+07  2.28381E+07  1.33329E+09  2.54286E-01
 0.480  3.10817E+07  2.82397E+09  3.92037E+09  2.95123E+07  1.23859E+07  1.31151E+09  1.40026E-01
 0.490  2.82116E+07  3.02139E+09  4.20141E+09  2.65186E+07  1.41315E+07  1.34235E+09  1.53968E-01
 0.500  1.67773E+07  2.91046E+09  4.05640E+09  1.57764E+07  8.22173E+06  1.28257E+09  8.27015E-02
