  36
 0.150  7.25000E+00  3.13623E+09  4.31290E+01
 0.160  1.12500E+01  9.92128E+09  6.15803E+01
 0.170  1.47500E+01  1.85105E+10  7.34595E+01
 0.180  1.65000E+01  2.18027E+10  7.53785E+01
 0.190  1.87500E+01  2.72003E+10  7.89806E+01
 0.200  2.27500E+01  4.01913E+10  8.71585E+01
 0.210  2.55000E+01  4.91105E+10  9.10021E+01
 0.220  2.85000E+01  6.03647E+10  9.54341E+01
 0.230  3.40000E+01  8.97801E+10  1.06558E+02
 0.240  3.65000E+01  9.66850E+10  1.06725E+02
 0.250  3.85000E+01  1.03077E+11  1.07296E+02
 0.260  4.05000E+01  1.06736E+11  1.06454E+02
 0.270  4.20000E+01  1.06878E+11  1.04605E+02
 0.280  4.35000E+01  1.07160E+11  1.02921E+02
 0.290  4.52500E+01  1.08534E+11  1.01556E+02
 0.300  4.72500E+01  1.11727E+11  1.00835E+02
 0.310  4.97500E+01  1.18889E+11  1.01370E+02
 0.320  5.32500E+01  1.33066E+11  1.03659E+02
 0.330  5.65000E+01  1.43916E+11  1.04656E+02
 0.340  5.92500E+01  1.51707E+11  1.04928E+02
 0.350  6.20000E+01  1.60789E+11  1.05601E+02
 0.360  6.47500E+01  1.68907E+11  1.05910E+02
 0.370  6.70000E+01  1.74464E+11  1.05816E+02
 0.380  6.92500E+01  1.78024E+11  1.05139E+02
 0.390  7.15000E+01  1.82086E+11  1.04645E+02
 0.400  7.42500E+01  1.90268E+11  1.04971E+02
 0.410  7.80000E+01  2.05639E+11  1.06473E+02
 0.420  8.27500E+01  2.29676E+11  1.09247E+02
 0.430  8.75000E+01  2.57166E+11  1.12418E+02
 0.440  9.15000E+01  2.74775E+11  1.13635E+02
 0.450  9.50000E+01  2.89103E+11  1.14393E+02
 0.460  9.85000E+01  3.01539E+11  1.14733E+02
 0.470  1.01500E+02  3.11458E+11  1.14869E+02
 0.480  1.04250E+02  3.19254E+11  1.14753E+02
 0.490  1.06750E+02  3.24107E+11  1.14260E+02
 0.500  1.08750E+02  3.26156E+11  1.13562E+02
