  39
 0.120   1.139   0.799  2.10600E+06  2.49672E+06  2.07035E+06  2.43253E+02  0.00000E+00  0.00000E+00  0.00000E+00  2.10600E+06  2.49672E+06  2.07035E+06
 0.130   1.394   1.041  4.57808E+06  5.31591E+06  4.54047E+06  1.54331E+02  9.07117E+05  1.11100E+06  8.94669E+05  3.67096E+06  4.20491E+06  3.64580E+06
 0.140   1.828   1.015  7.73232E+06  9.32792E+06  7.62955E+06  2.51967E+02  1.86699E+06  2.31259E+06  1.83360E+06  5.86533E+06  7.01533E+06  5.79596E+06
 0.150   1.472   1.013  3.84132E+06  4.70845E+06  3.78354E+06  3.08026E+02  9.68112E+05  1.19190E+06  9.55517E+05  2.87321E+06  3.51656E+06  2.82802E+06
 0.160   2.342   1.257  9.27274E+06  1.10682E+07  9.16166E+06  2.65609E+02  2.71526E+06  3.37867E+06  2.66870E+06  6.55747E+06  7.68950E+06  6.49296E+06
 0.170   2.660   1.592  1.02623E+07  1.17316E+07  1.01822E+07  1.84554E+02  1.64174E+06  2.06363E+06  1.60502E+06  8.62054E+06  9.66796E+06  8.57718E+06
 0.180   3.199   1.427  3.05876E+07  3.55256E+07  3.02758E+07  2.54770E+02  6.87350E+06  8.69535E+06  6.71665E+06  2.37141E+07  2.68302E+07  2.35591E+07
 0.190   3.491   2.466  2.43853E+07  2.96412E+07  2.40341E+07  3.80995E+02  7.67649E+06  9.81601E+06  7.48308E+06  1.67088E+07  1.98252E+07  1.65510E+07
 0.200   3.636   2.003  4.20061E+07  5.25876E+07  4.13327E+07  4.65447E+02  2.09535E+07  2.63519E+07  2.05960E+07  2.10526E+07  2.62357E+07  2.07367E+07
 0.210   3.894   1.787  6.50987E+07  7.84577E+07  6.43003E+07  3.74950E+02  1.79220E+07  2.30378E+07  1.74920E+07  4.71767E+07  5.54199E+07  4.68083E+07
 0.220   4.585   2.533  6.39113E+07  7.73160E+07  6.31689E+07  3.83873E+02  1.96255E+07  2.53520E+07  1.91871E+07  4.42858E+07  5.19640E+07  4.39818E+07
 0.230   4.960   3.195  7.06736E+07  8.79227E+07  6.96046E+07  5.21851E+02  2.22965E+07  2.90989E+07  2.17266E+07  4.83771E+07  5.88238E+07  4.78780E+07
 0.240   3.951   2.493  4.60907E+07  5.92253E+07  4.51985E+07  6.91791E+02  2.59320E+07  3.36385E+07  2.53073E+07  2.01587E+07  2.55868E+07  1.98912E+07
 0.250   5.390   3.289  1.13625E+08  1.43412E+08  1.11672E+08  6.44963E+02  4.43895E+07  5.80823E+07  4.32443E+07  6.92359E+07  8.53299E+07  6.84272E+07
 0.260   5.542   2.056  1.11067E+08  1.41683E+08  1.09102E+08  6.97687E+02  3.60426E+07  4.75770E+07  3.49814E+07  7.50241E+07  9.41064E+07  7.41209E+07
 0.270   5.845   2.471  1.52253E+08  1.95811E+08  1.49346E+08  7.82119E+02  4.95407E+07  6.55325E+07  4.80132E+07  1.02713E+08  1.30279E+08  1.01333E+08
 0.280   6.654   2.636  1.71767E+08  2.22444E+08  1.68481E+08  8.34929E+02  6.05897E+07  8.02394E+07  5.89022E+07  1.11178E+08  1.42205E+08  1.09578E+08
 0.290   7.379   2.764  2.39493E+08  3.07409E+08  2.34918E+08  8.52350E+02  8.11955E+07  1.08119E+08  7.87176E+07  1.58297E+08  1.99290E+08  1.56200E+08
 0.300   7.718   4.250  2.93610E+08  3.73720E+08  2.88066E+08  8.70002E+02  8.79671E+07  1.17844E+08  8.50140E+07  2.05643E+08  2.55876E+08  2.03052E+08
 0.310   8.231   3.683  3.50531E+08  4.38949E+08  3.45277E+08  7.27008E+02  8.72023E+07  1.16341E+08  8.44408E+07  2.63329E+08  3.22608E+08  2.60836E+08
 0.320   5.654   2.909  4.36206E+08  5.47119E+08  4.28509E+08  8.69369E+02  1.14792E+08  1.54414E+08  1.10677E+08  3.21413E+08  3.92705E+08  3.17832E+08
 0.330   8.316   5.391  1.04843E+09  1.25715E+09  1.04255E+09  3.27360E+02  8.90391E+07  1.17800E+08  8.65062E+07  9.59388E+08  1.13935E+09  9.56042E+08
 0.340   7.716   4.603  1.17215E+09  1.43744E+09  1.16500E+09  3.84795E+02  1.00786E+08  1.33032E+08  9.80682E+07  1.07136E+09  1.30441E+09  1.06694E+09
 0.350   6.799   2.024  2.27655E+09  2.70071E+09  2.26760E+09  2.70372E+02  8.73065E+07  1.17421E+08  8.41843E+07  2.18924E+09  2.58329E+09  2.18342E+09
 0.360   8.748   4.229  2.11886E+09  2.63928E+09  2.10529E+09  4.45167E+02  1.94620E+08  2.55754E+08  1.89788E+08  1.92424E+09  2.38353E+09  1.91550E+09
 0.370   8.355   2.560  1.64794E+09  2.06803E+09  1.63476E+09  5.56539E+02  1.49796E+08  2.00042E+08  1.45356E+08  1.49815E+09  1.86799E+09  1.48940E+09
 0.380   9.613   3.033  2.49561E+09  3.12234E+09  2.47805E+09  5.21573E+02  1.69866E+08  2.28088E+08  1.64617E+08  2.32574E+09  2.89425E+09  2.31343E+09
 0.390   9.333   2.711  2.82419E+09  3.58975E+09  2.80229E+09  5.97348E+02  1.63911E+08  2.19970E+08  1.58637E+08  2.66027E+09  3.36978E+09  2.64365E+09
 0.400   8.812   2.484  3.00405E+09  3.85487E+09  2.97868E+09  6.75023E+02  1.83609E+08  2.46579E+08  1.78261E+08  2.82044E+09  3.60829E+09  2.80042E+09
 0.410  11.865   3.661  3.35224E+09  4.34437E+09  3.32062E+09  7.66174E+02  2.74395E+08  3.67705E+08  2.67227E+08  3.07785E+09  3.97667E+09  3.05339E+09
 0.420   9.694   3.051  3.23932E+09  4.25000E+09  3.20436E+09  8.95760E+02  2.31953E+08  3.13539E+08  2.25065E+08  3.00736E+09  3.93646E+09  2.97930E+09
 0.430  12.154   3.767  3.23475E+09  4.28626E+09  3.19503E+09  1.02149E+03  2.52151E+08  3.43044E+08  2.44261E+08  2.98260E+09  3.94321E+09  2.95077E+09
 0.440  10.178   2.605  3.26440E+09  4.35362E+09  3.22072E+09  1.13289E+03  2.26064E+08  3.09087E+08  2.18487E+08  3.03833E+09  4.04453E+09  3.00223E+09
 0.450  11.285   2.310  3.39633E+09  4.54930E+09  3.34760E+09  1.23068E+03  2.36067E+08  3.23890E+08  2.27874E+08  3.16026E+09  4.22541E+09  3.11973E+09
 0.460  12.541   2.269  3.46033E+09  4.66590E+09  3.40626E+09  1.35092E+03  2.59507E+08  3.56212E+08  2.50617E+08  3.20082E+09  4.30969E+09  3.15564E+09
 0.470  13.659   2.570  3.45374E+09  4.68719E+09  3.39422E+09  1.49215E+03  2.86894E+08  3.94905E+08  2.76870E+08  3.16684E+09  4.29229E+09  3.11735E+09
 0.480  13.871   2.861  3.50830E+09  4.77979E+09  3.44355E+09  1.61214E+03  3.06054E+08  4.22631E+08  2.95205E+08  3.20225E+09  4.35716E+09  3.14835E+09
 0.490  14.648   2.456  3.39427E+09  4.64346E+09  3.32687E+09  1.73469E+03  2.78253E+08  3.85915E+08  2.67547E+08  3.11602E+09  4.25755E+09  3.05932E+09
 0.500  14.427   2.599  3.52813E+09  4.83116E+09  3.45503E+09  1.82311E+03  3.06429E+08  4.25465E+08  2.94875E+08  3.22171E+09  4.40569E+09  3.16016E+09
