  39
 0.120  1.38487E-02  1.31129E-01 -8.40129E-02  2.36447E+01  2.51868E+01  3.69505E+01  8.20999E-01 -5.11027E-01 -2.54581E-01  1.39692E+01   1.139   0.799  5.93376E+07  5.68352E+07  2.10600E+06  0.00000E+00  9.39462E+07  9.98953E-03  2.43253E+02   7.168   7.025
 0.130 -4.25573E-02  1.71678E-01 -2.21476E-01  1.92807E+01  1.57805E+01  1.00650E+01  7.29933E-01 -6.96291E-02 -6.79963E-01  3.70375E+01   1.394   1.041  1.21430E+08  1.15785E+08  4.57808E+06  9.07117E+05  1.16310E+08  3.06125E-02  1.54331E+02   7.400   7.240
 0.140  2.16297E-01 -2.46641E-01  6.36355E-02  1.95391E+01  7.45772E+00 -1.50084E+00  5.02468E-01 -2.65282E-01  8.22892E-01  7.66729E+01   1.828   1.015  4.77135E+07  4.34616E+07  7.73232E+06  1.86699E+06  2.16326E+08  1.86370E-02  2.51967E+02   7.492   7.265
 0.150  2.20536E-01 -4.41221E-01 -4.62983E-03 -4.11886E-01  2.07044E+01  1.15245E+01 -7.64898E-01 -6.90171E-02  6.40444E-01  8.93162E+00   1.472   1.013  1.11079E+08  1.05772E+08  3.84132E+06  9.68112E+05  8.30551E+07  3.45967E-03  3.08026E+02   7.475   7.316
 0.160 -2.49539E-01  6.95276E-02 -1.55204E-01  8.15729E+00 -4.44587E+01  1.27685E+01 -6.06326E-01 -5.47030E-02  7.93333E-01  7.73578E+01   2.342   1.257  2.29813E+08  2.13757E+08  9.27274E+06  2.71526E+06  2.63881E+08  4.65256E-02  2.65609E+02   7.604   7.389
 0.170 -1.36441E-01 -5.66356E-01 -2.49076E-01 -3.40916E+01 -3.31522E+01  3.97964E+01 -9.96919E-01  5.57043E-02 -5.52269E-02  1.27602E+02   2.660   1.592  2.84494E+08  2.70774E+08  1.02623E+07  1.64174E+06  2.19152E+08  1.02153E-01  1.84554E+02   7.397   7.364
 0.180 -7.83311E-01  9.99832E-02  9.53555E-02  6.03230E+00 -3.20426E+01  3.15440E+01 -5.64366E-02  1.03767E-01  9.92999E-01  1.98579E+02   3.199   1.427  5.49137E+08  5.23452E+08  3.05876E+07  6.87350E+06  5.05813E+08  2.71985E-01  2.54770E+02   7.447   7.417
 0.190 -1.99013E-01  4.97739E-01 -5.08414E-01  1.55481E+00 -1.04787E+01 -1.45528E+00  8.56864E-04 -6.19103E-01  7.85309E-01  1.24335E+02   3.491   2.466  4.33550E+08  3.89155E+08  2.43853E+07  7.67649E+06  5.27845E+08  1.23209E-01  3.80995E+02   7.624   7.474
 0.200  9.90332E-02  1.85204E-02  1.35799E-01  3.61689E+01 -2.67989E+01  3.45153E+00  1.70647E-01  9.22739E-02  9.81002E-01  1.18534E+02   3.636   2.003  3.48637E+08  3.04348E+08  4.20061E+07  2.09535E+07  6.35260E+08  3.66620E-02  4.65447E+02   7.620   7.484
 0.210 -4.10154E-01  4.96551E-01  3.73886E-01 -1.20475E+01 -1.13217E+01  1.53158E+01  9.30372E-02  1.45263E-01  9.85009E-01  2.58255E+02   3.894   1.787  7.81661E+08  7.48412E+08  6.50987E+07  1.79220E+07  8.17748E+08  3.72180E-01  3.74950E+02   7.576   7.511
 0.220 -8.70928E-01  6.13419E-01 -2.84780E-01  9.45608E-01  2.42813E+01  1.38561E+01 -1.61117E-01  9.50467E-02  9.82348E-01  1.41345E+02   4.585   2.533  1.54394E+09  1.42437E+09  6.39113E+07  1.96255E+07  1.10383E+09  3.27783E-01  3.83873E+02   7.741   7.564
 0.230  2.91397E-01  5.53470E-01  2.72810E-01 -3.14481E+01  3.01928E+01  1.65977E+01  2.26007E-02 -3.13611E-01  9.49282E-01  1.99574E+02   4.960   3.195  4.54982E+08  3.93448E+08  7.06736E+07  2.22965E+07  9.35389E+08  2.21225E-01  5.21851E+02   7.969   7.688
 0.240 -5.98049E-01  3.68991E-01  1.52574E-01 -1.29594E+02  1.37666E+02  9.28715E+00 -2.55868E-01 -5.73371E-01  7.78317E-01  1.13673E+02   3.951   2.493  6.15873E+08  5.53079E+08  4.60907E+07  2.59320E+07  7.20559E+08  5.95385E-03  6.91791E+02   7.892   7.634
 0.250  8.42813E-03  9.16573E-01  5.09672E-02 -3.13161E+01 -3.60483E+00 -7.05897E+00 -4.81239E-01 -5.39067E-01  6.91242E-01  9.38035E+01   5.390   3.289  1.38028E+09  1.22491E+09  1.13625E+08  4.43895E+07  1.30643E+09  2.93904E-01  6.44963E+02   7.940   7.701
 0.260  3.04761E-01  6.54376E-01  1.41675E-01 -5.42194E+01  1.16922E+01 -1.45435E+01 -4.28276E-01 -6.55249E-02  9.01269E-01  1.48960E+02   5.542   2.056  8.96046E+08  8.04271E+08  1.11067E+08  3.60426E+07  1.04447E+09  1.50532E-01  6.97687E+02   7.991   7.776
 0.270 -1.23160E-01 -3.64378E-01  2.84177E-01  4.13629E+01 -2.06724E+01 -1.76691E+01  9.32971E-02  1.74336E-01  9.80256E-01  3.27295E+02   5.845   2.471  9.39674E+08  8.38329E+08  1.52253E+08  4.95407E+07  1.31724E+09  1.40052E-01  7.82119E+02   7.941   7.795
 0.280  1.09375E-01  1.40673E-01  7.64987E-01 -2.53886E+01  6.52286E-01 -1.31654E+01 -1.14888E-01 -2.69764E-01  9.56048E-01  4.37755E+02   6.654   2.636  1.05125E+09  9.28099E+08  1.71767E+08  6.05897E+07  1.54687E+09  1.73839E-01  8.34929E+02   7.869   7.792
 0.290 -1.62841E-02  7.57362E-01  1.80306E-01 -3.46176E+01  4.43304E+00 -6.22629E+00 -2.30672E-01  1.22793E-01  9.65253E-01  4.93722E+02   7.379   2.764  1.59677E+09  1.42469E+09  2.39493E+08  8.11955E+07  1.93371E+09  5.99189E-01  8.52350E+02   7.872   7.792
 0.300 -4.56245E-01  1.06482E-01 -5.43518E-03 -8.57993E+00 -1.34485E+01 -9.75945E+00 -1.02043E-01  2.17048E-01  9.70813E-01  5.19393E+02   7.718   4.250  2.92782E+09  2.64760E+09  2.93610E+08  8.79671E+07  2.50695E+09  1.00316E+00  8.70002E+02   7.819   7.790
 0.310 -2.56372E-01  5.54309E-01  4.53967E-03  8.38986E+00 -4.24961E+01 -9.76148E+00 -2.86602E-01  5.62724E-01  7.75371E-01  4.62889E+02   8.231   3.683  3.15488E+09  2.90051E+09  3.50531E+08  8.72023E+07  2.55126E+09  1.19207E+00  7.27008E+02   7.839   7.785
 0.320  9.49563E-01 -3.68642E-01 -1.15117E+00  1.81045E+01 -1.35808E+00 -2.24074E+01 -1.56612E-01  9.60146E-01  2.31500E-01  2.16445E+02   5.654   2.909  5.00417E+09  4.80420E+09  4.36206E+08  1.14792E+08  2.60090E+09  2.20376E+00  8.69369E+02   7.996   7.859
 0.330 -5.71793E-01 -3.36983E-01  2.84990E-02  3.93696E+01 -2.39349E+01  6.83893E+00 -7.67340E-01  5.70236E-01  2.93291E-01  2.34438E+02   8.316   5.391  2.54211E+09  2.59554E+09  1.04843E+09  8.90391E+07  2.30326E+09  4.16290E+00  3.27360E+02   8.292   8.395
 0.340  3.58638E-01 -1.18254E-01  4.36611E-01  1.05312E+01  2.67736E+00 -4.18178E+00 -7.17824E-01  5.81996E-01  3.82112E-01  3.97972E+02   7.716   4.603  4.11953E+09  3.94544E+09  1.17215E+09  1.00786E+08  2.03098E+09  3.02371E+00  3.84795E+02   8.118   8.496
 0.350 -3.05913E-01 -5.44330E-01  1.03251E+00  9.81944E+00  2.15084E+01  3.13132E+01 -8.00404E-01  5.80290E-01  1.50387E-01  5.00250E+02   6.799   2.024  5.12807E+09  5.98890E+09  2.27655E+09  8.73065E+07  1.88533E+09  1.54192E+01  2.70372E+02   8.223   8.404
 0.360 -6.03538E-01 -5.33853E-01  5.33658E-01  1.66954E+01  2.43318E+01  3.63983E+01 -7.83357E-01  6.12202E-01 -1.07524E-01  3.98231E+02   8.748   4.229  2.81539E+09  2.69738E+09  2.11886E+09  1.94620E+08  3.22161E+09  1.89111E+00  4.45167E+02   8.298   8.367
 0.370 -2.10617E-01  2.32845E-02  6.34108E-01  6.89769E+00  7.28151E+00  2.88396E+00 -5.16616E-01  7.94903E-01 -3.18177E-01  3.95669E+02   8.355   2.560  3.51557E+09  3.57284E+09  1.64794E+09  1.49796E+08  2.61711E+09  4.15790E+00  5.56539E+02   8.311   8.434
 0.380 -6.43563E-01 -8.18921E-03  1.16395E+00  3.32058E+01  1.80467E+01  3.19654E+01 -5.02221E-01  8.42713E-01 -1.93930E-01  5.75462E+02   9.613   3.033  3.60650E+09  3.75208E+09  2.49561E+09  1.69866E+08  3.24580E+09  5.59457E+00  5.21573E+02   8.315   8.498
 0.390 -7.32413E-01 -1.52762E-01  4.53776E-01 -6.04052E+00 -8.95744E+00  7.83927E+00 -5.78275E-01  8.04561E-01 -1.35202E-01  5.45962E+02   9.333   2.711  2.88254E+09  2.93320E+09  2.82419E+09  1.63911E+08  2.92522E+09  3.93697E+00  5.97348E+02   8.315   8.513
 0.400 -7.10643E-01 -3.37756E-01 -1.16299E-01  1.24011E+00  1.22351E+01  1.54218E+01 -4.41225E-01  8.32766E-01 -3.34396E-01  3.61409E+02   8.812   2.484  1.91712E+09  2.04976E+09  3.00405E+09  1.83609E+08  2.60647E+09  3.92773E+00  6.75023E+02   8.414   8.478
 0.410 -4.57718E-01 -3.15604E-01  5.21570E-01  3.52348E+00  1.25397E+01  7.03023E+00 -4.22733E-01  8.65410E-01 -2.69003E-01  7.22397E+02  11.865   3.661  2.44202E+09  2.37269E+09  3.35224E+09  2.74395E+08  4.02248E+09  2.34199E+00  7.66174E+02   8.332   8.484
 0.420  8.23658E-02  3.36485E-01  5.91309E-01  1.41123E+01  1.46482E+01  4.67186E+00 -3.06762E-01  8.95960E-01 -3.21175E-01  7.97435E+02   9.694   3.051  2.85603E+09  2.76718E+09  3.23932E+09  2.31953E+08  3.21595E+09  1.99308E+00  8.95760E+02   8.271   8.473
 0.430 -1.70426E-01  2.35626E-01  2.56418E-01 -1.91437E+01 -6.24601E-01 -5.62562E+00 -4.74086E-01  8.67625E-01 -1.49896E-01  9.14908E+02  12.154   3.767  2.73469E+09  2.53784E+09  3.23475E+09  2.52151E+08  4.07145E+09  8.80414E-01  1.02149E+03   8.249   8.454
 0.440 -3.18454E-01  9.81124E-03 -2.94968E-01 -2.02156E+01 -6.41586E+00 -2.11938E+01 -4.52924E-01  8.66802E-01 -2.08601E-01  9.41716E+02  10.178   2.605  2.82069E+09  2.72548E+09  3.26440E+09  2.26064E+08  3.13157E+09  1.45302E+00  1.13289E+03   8.233   8.448
 0.450 -1.01191E+00 -5.18164E-01 -2.16641E-01 -9.15636E+00  6.77573E+00  6.50019E+00 -3.96606E-01  8.76628E-01 -2.72448E-01  1.13228E+03  11.285   2.310  3.17115E+09  3.06785E+09  3.39633E+09  2.36067E+08  3.26417E+09  1.28797E+00  1.23068E+03   8.214   8.429
 0.460  5.07288E-01 -1.35612E-02 -7.39176E-01 -1.48909E+01 -1.62642E+01 -6.52858E+00 -3.52996E-01  8.94321E-01 -2.74927E-01  1.20136E+03  12.541   2.269  3.16604E+09  3.02643E+09  3.46033E+09  2.59507E+08  3.49522E+09  9.31616E-01  1.35092E+03   8.216   8.415
 0.470 -6.67292E-01 -3.00972E-01 -9.34481E-02 -1.80152E+01 -2.38224E+00  8.47326E+00 -3.54907E-01  9.00535E-01 -2.51153E-01  1.31719E+03  13.659   2.570  3.55003E+09  3.39565E+09  3.45374E+09  2.86894E+08  3.84531E+09  6.77328E-01  1.49215E+03   8.196   8.391
 0.480 -4.97013E-01  1.10793E-01  5.31684E-01  5.44301E+00  2.35674E+00 -8.02552E+00 -3.84688E-01  8.94087E-01 -2.29396E-01  1.40036E+03  13.871   2.861  3.76022E+09  3.57228E+09  3.50830E+09  3.06054E+08  4.18460E+09  8.53339E-01  1.61214E+03   8.179   8.377
 0.490 -1.22584E+00 -7.90318E-01 -1.20175E-01 -4.64435E+00 -2.01744E+00  1.23209E+01 -3.47567E-01  9.09814E-01 -2.26792E-01  1.57182E+03  14.648   2.456  4.18251E+09  4.03139E+09  3.39427E+09  2.78253E+08  3.97152E+09  6.35384E-01  1.73469E+03   8.151   8.373
 0.500 -8.00734E-01 -3.32434E-01 -6.57192E-01 -7.25751E+00 -1.61298E+00  9.79560E+00 -3.20042E-01  9.22683E-01 -2.15009E-01  1.66373E+03  14.427   2.599  4.46896E+09  4.29871E+09  3.52813E+09  3.06429E+08  4.16016E+09  1.28615E+00  1.82311E+03   8.140   8.361
