  39
 0.120  9.00000E+00  1.16840E+10  7.47152E+01
 0.130  1.10000E+01  1.70686E+10  8.16839E+01
 0.140  1.27500E+01  2.09740E+10  8.41045E+01
 0.150  1.60000E+01  3.33635E+10  9.46913E+01
 0.160  1.82500E+01  4.20204E+10  9.95023E+01
 0.170  2.15000E+01  5.57193E+10  1.05565E+02
 0.180  2.35000E+01  6.28955E+10  1.07278E+02
 0.190  2.55000E+01  6.81987E+10  1.07239E+02
 0.200  2.80000E+01  7.65051E+10  1.08393E+02
 0.210  3.20000E+01  9.96484E+10  1.15716E+02
 0.220  3.50000E+01  1.13435E+11  1.18052E+02
 0.230  3.75000E+01  1.22207E+11  1.18377E+02
 0.240  4.00000E+01  1.29849E+11  1.18147E+02
 0.250  4.20000E+01  1.31979E+11  1.16242E+02
 0.260  4.35000E+01  1.33467E+11  1.14862E+02
 0.270  4.57500E+01  1.37906E+11  1.13849E+02
 0.280  4.90000E+01  1.52292E+11  1.15605E+02
 0.290  5.42500E+01  1.82202E+11  1.20174E+02
 0.300  6.02500E+01  2.26835E+11  1.27236E+02
 0.310  6.67500E+01  2.81094E+11  1.34566E+02
 0.320  7.15000E+01  3.11136E+11  1.36791E+02
 0.330  7.55000E+01  3.31972E+11  1.37503E+02
 0.340  7.87500E+01  3.41678E+11  1.36590E+02
 0.350  8.12500E+01  3.45178E+11  1.35159E+02
 0.360  8.30000E+01  3.39082E+11  1.32540E+02
 0.370  8.50000E+01  3.35603E+11  1.30298E+02
 0.380  8.70000E+01  3.31540E+11  1.28010E+02
 0.390  8.87500E+01  3.28580E+11  1.26174E+02
 0.400  9.05000E+01  3.24840E+11  1.24235E+02
 0.410  9.27500E+01  3.23369E+11  1.22441E+02
 0.420  9.50000E+01  3.23518E+11  1.21010E+02
 0.430  9.77500E+01  3.26990E+11  1.19934E+02
 0.440  1.00000E+02  3.27720E+11  1.18710E+02
 0.450  1.02250E+02  3.29291E+11  1.17677E+02
 0.460  1.04500E+02  3.32033E+11  1.16887E+02
 0.470  1.07000E+02  3.35501E+11  1.16115E+02
 0.480  1.09750E+02  3.38642E+11  1.15187E+02
 0.490  1.12000E+02  3.39671E+11  1.14197E+02
 0.500  1.13750E+02  3.39941E+11  1.13360E+02
