  39
 0.120  5.14735E+07  1.86906E+07  2.22423E+07  4.92626E+07  5.55311E+06  6.88052E+08  7.56065E-02
 0.130  5.67896E+07  2.95809E+07  3.51624E+07  5.32757E+07  1.20341E+07  7.35275E+08  1.11991E-01
 0.140  5.43050E+06  3.37776E+07  4.09813E+07  4.53381E+06  7.34630E+06  7.05179E+08  3.62170E-02
 0.150  6.65993E+07  4.01144E+07  4.83446E+07  6.38948E+07  9.41878E+06  5.87206E+08  1.55082E-01
 0.160  3.79349E+07  7.07528E+07  8.48885E+07  3.47432E+07  2.84688E+07  7.68364E+08  3.07549E-01
 0.170  1.45271E+07  6.87621E+07  8.53672E+07  1.29946E+07  1.97270E+06  7.83578E+08  9.89862E-03
 0.180  1.53661E+07  7.10250E+07  8.90432E+07  1.34736E+07  3.79771E+06  7.32781E+08  3.38243E-02
 0.190  1.26537E+07  7.42714E+07  9.40698E+07  1.11658E+07  3.48948E+06  7.81333E+08  3.34162E-02
 0.200  4.27781E+07  7.94568E+07  1.00732E+08  3.99815E+07  5.11308E+06  7.03516E+08  7.08593E-02
 0.210  3.50987E+07  9.60776E+07  1.22448E+08  3.29443E+07  6.91837E+06  8.52666E+08  7.04010E-02
 0.220  9.15872E+07  1.24275E+08  1.56299E+08  8.74147E+07  1.86014E+07  9.56672E+08  2.65489E-01
 0.230  1.37042E+06  1.24883E+08  1.57573E+08  8.08374E+05  1.57797E+07  7.48660E+08  7.65063E-02
 0.240  5.73153E+07  1.81364E+08  2.32128E+08  5.47416E+07  3.19464E+06  1.00531E+09  5.27728E-02
 0.250  1.45897E+07  1.45349E+08  1.85559E+08  1.30123E+07  1.41766E+07  7.90894E+08  8.55761E-02
 0.260  1.31971E+08  2.20767E+08  2.78266E+08  1.25821E+08  3.98047E+07  9.36386E+08  6.34834E-01
 0.270  1.08688E+08  2.57869E+08  3.26954E+08  1.04827E+08  2.43800E+07  9.25828E+08  2.77604E-01
 0.280  3.05824E+07  2.54739E+08  3.27551E+08  2.85328E+07  6.01151E+06  8.56241E+08  4.91140E-02
 0.290  1.95073E+07  2.72257E+08  3.52989E+08  1.76055E+07  1.28665E+07  8.81681E+08  9.30709E-02
 0.300  2.95178E+07  2.94888E+08  3.84768E+08  2.69346E+07  1.38599E+07  9.07371E+08  1.44799E-01
 0.310  1.21723E+08  3.38940E+08  4.41926E+08  1.17447E+08  2.38817E+07  9.85854E+08  3.41411E-01
 0.320  7.44047E+08  8.63098E+08  1.04243E+09  7.31101E+08  4.13398E+08  1.42840E+09  7.13983E+00
 0.330  3.21600E+08  1.66100E+09  2.02175E+09  3.15066E+08  5.11407E+08  1.35981E+09  4.90775E+00
 0.340  3.53177E+08  1.94972E+09  2.43137E+09  3.45847E+08  2.28438E+08  1.43147E+09  2.53434E+00
 0.350  3.02633E+08  2.56291E+09  3.21435E+09  2.94180E+08  4.21667E+08  1.60174E+09  4.00447E+00
 0.360  2.66985E+08  2.54855E+09  3.25181E+09  2.61083E+08  1.43615E+08  1.40986E+09  1.62913E+00
 0.370  6.49141E+08  3.37037E+09  4.26469E+09  6.38388E+08  6.14025E+08  1.64290E+09  7.29457E+00
 0.380  2.05949E+08  3.73369E+09  4.77449E+09  1.99467E+08  3.21742E+08  1.57481E+09  2.97215E+00
 0.390  3.34218E+08  3.83452E+09  4.96503E+09  3.25462E+08  2.08514E+08  1.57763E+09  2.71329E+00
 0.400  2.85897E+08  3.98544E+09  5.17498E+09  2.78008E+08  3.33531E+08  1.58570E+09  3.92790E+00
 0.410  1.42229E+08  4.02788E+09  5.27319E+09  1.36421E+08  2.02697E+08  1.52276E+09  1.81329E+00
 0.420  5.69373E+07  3.65825E+09  4.85620E+09  5.42347E+07  4.74753E+07  1.43014E+09  5.15105E-01
 0.430  3.03515E+07  3.50594E+09  4.70098E+09  2.83483E+07  2.09582E+07  1.33903E+09  2.20460E-01
 0.440  2.32231E+07  3.22597E+09  4.36055E+09  2.15410E+07  1.21710E+07  1.25373E+09  1.37113E-01
 0.450  1.33697E+07  3.29567E+09  4.48076E+09  1.23466E+07  7.01704E+06  1.25381E+09  7.14853E-02
 0.460  8.88695E+06  3.05001E+09  4.16839E+09  8.03372E+06  4.13120E+06  1.17799E+09  4.23853E-02
 0.470  6.77695E+06  2.89966E+09  3.98011E+09  6.11166E+06  2.54508E+06  1.14698E+09  2.83479E-02
 0.480  3.82090E+06  2.81735E+09  3.87973E+09  3.27807E+06  1.59686E+06  1.09934E+09  1.58123E-02
 0.490  2.95322E+06  2.61166E+09  3.60651E+09  2.48327E+06  7.30883E+05  1.02958E+09  7.09204E-03
 0.500  1.83511E+06  2.52150E+09  3.48914E+09  1.47896E+06  5.48763E+05  1.00614E+09  5.76281E-03
