  39
 0.120  1.38487E-02  1.31129E-01 -8.40129E-02  2.36447E+01  2.51868E+01  3.69505E+01   1.139  6.10473E+07  6.43345E+07  2.15113E+07  0.00000E+00  8.39863E+08  8.58969E-02  2.07511E+02   7.156   7.085
 0.130 -4.25573E-02  1.71678E-01 -2.21476E-01  1.92807E+01  1.57805E+01  1.00650E+01   1.394  1.09103E+08  1.17514E+08  4.21152E+07  9.28157E+06  1.25231E+09  1.67558E-01  2.07908E+02   7.415   7.209
 0.140  2.16297E-01 -2.46641E-01  6.36355E-02  1.95391E+01  7.45772E+00 -1.50084E+00   1.828  4.48814E+07  5.23287E+07  6.02517E+07  1.47676E+07  1.78648E+09  9.69673E-02  2.57791E+02   7.515   7.274
 0.150  2.20536E-01 -4.41221E-01 -4.62983E-03 -4.11886E-01  2.07044E+01  1.15245E+01   1.472  1.07557E+08  1.18352E+08  6.35279E+07  1.30674E+07  1.12810E+09  2.70720E-01  2.76494E+02   7.469   7.324
 0.160 -2.49539E-01  6.95276E-02 -1.55204E-01  8.15729E+00 -4.44587E+01  1.27685E+01   2.342  2.28902E+08  2.55604E+08  1.57045E+08  4.90123E+07  3.20116E+09  5.77524E-01  2.77488E+02   7.637   7.425
 0.170 -1.36441E-01 -5.66356E-01 -2.49076E-01 -3.40916E+01 -3.31522E+01  3.97964E+01   2.660  2.80299E+08  2.79169E+08  1.75968E+08  5.76448E+07  3.68544E+09  2.32479E-01  3.50850E+02   7.404   7.429
 0.180 -7.83311E-01  9.99832E-02  9.53555E-02  6.03230E+00 -3.20426E+01  3.15440E+01   3.199  5.83770E+08  5.71958E+08  2.42737E+08  8.59860E+07  5.01864E+09  5.41166E-01  3.81230E+02   7.468   7.415
 0.190 -1.99013E-01  4.97739E-01 -5.08414E-01  1.55481E+00 -1.04787E+01 -1.45528E+00   3.491  3.87586E+08  3.83124E+08  3.13436E+08  1.23150E+08  5.80995E+09  4.92351E-01  4.26734E+02   7.627   7.444
 0.200  9.90332E-02  1.85204E-02  1.35799E-01  3.61689E+01 -2.67989E+01  3.45153E+00   3.636  3.62665E+08  3.34070E+08  3.55076E+08  1.59485E+08  5.77902E+09  3.17969E-01  4.85014E+02   7.630   7.473
 0.210 -4.10154E-01  4.96551E-01  3.73886E-01 -1.20475E+01 -1.13217E+01  1.53158E+01   3.894  8.45134E+08  8.11763E+08  4.49437E+08  1.99024E+08  7.73361E+09  5.93218E-01  5.38450E+02   7.588   7.486
 0.220 -8.70928E-01  6.13419E-01 -2.84780E-01  9.45608E-01  2.42813E+01  1.38561E+01   4.585  1.66159E+09  1.66056E+09  7.22582E+08  2.71535E+08  1.15477E+10  2.30320E+00  4.90763E+02   7.734   7.545
 0.230  2.91397E-01  5.53470E-01  2.72810E-01 -3.14481E+01  3.01928E+01  1.65977E+01   4.960  4.81544E+08  5.13858E+08  8.30482E+08  2.60055E+08  1.02312E+10  6.14638E-01  5.11224E+02   7.974   7.654
 0.240 -5.98049E-01  3.68991E-01  1.52574E-01 -1.29594E+02  1.37666E+02  9.28715E+00   3.951  6.65088E+08  6.20905E+08  8.95011E+08  4.31917E+08  8.47961E+09  3.59640E-01  6.31331E+02   7.887   7.668
 0.250  8.42813E-03  9.16573E-01  5.09672E-02 -3.13161E+01 -3.60483E+00 -7.05897E+00   5.390  1.45394E+09  1.43302E+09  1.19157E+09  4.62193E+08  1.27851E+10  2.09438E+00  6.31866E+02   7.937   7.722
 0.260  3.04761E-01  6.54376E-01  1.41675E-01 -5.42194E+01  1.16922E+01 -1.45435E+01   5.542  9.99414E+08  9.82284E+08  1.38666E+09  5.16398E+08  1.30337E+10  1.50857E+00  6.84679E+02   7.997   7.769
 0.270 -1.23160E-01 -3.64378E-01  2.84177E-01  4.13629E+01 -2.06724E+01 -1.76691E+01   5.845  1.05601E+09  9.68064E+08  1.52615E+09  5.59054E+08  1.47201E+10  5.94004E-01  7.88815E+02   7.945   7.788
 0.280  1.09375E-01  1.40673E-01  7.64987E-01 -2.53886E+01  6.52286E-01 -1.31654E+01   6.654  1.18073E+09  1.03112E+09  1.64448E+09  6.22427E+08  1.73921E+10  3.40387E-01  8.94286E+02   7.878   7.797
 0.290 -1.62841E-02  7.57362E-01  1.80306E-01 -3.46176E+01  4.43304E+00 -6.22629E+00   7.379  1.79334E+09  1.58954E+09  1.87799E+09  7.42141E+08  2.05879E+10  9.03839E-01  9.87397E+02   7.875   7.798
 0.300 -4.56245E-01  1.06482E-01 -5.43518E-03 -8.57993E+00 -1.34485E+01 -9.75945E+00   7.718  3.12931E+09  2.87560E+09  2.06005E+09  7.91641E+08  2.47192E+10  1.56233E+00  1.05831E+03   7.799   7.798
 0.310 -2.56372E-01  5.54309E-01  4.53967E-03  8.38986E+00 -4.24961E+01 -9.76148E+00   8.231  3.41087E+09  3.15182E+09  2.34928E+09  8.46511E+08  2.77355E+10  2.27329E+00  1.08212E+03   7.837   7.809
 0.320  9.49563E-01 -3.68642E-01 -1.15117E+00  1.81045E+01 -1.35808E+00 -2.24074E+01   5.654  5.47878E+09  6.13003E+09  3.31107E+09  8.04441E+08  2.41063E+10  1.68317E+01  8.31050E+02   7.984   7.890
 0.330 -5.71793E-01 -3.36983E-01  2.84990E-02  3.93696E+01 -2.39349E+01  6.83893E+00   8.316  2.65076E+09  3.06588E+09  4.96151E+09  8.95793E+08  2.83697E+10  6.66177E+00  6.94220E+02   8.285   8.144
 0.340  3.58638E-01 -1.18254E-01  4.36611E-01  1.05312E+01  2.67736E+00 -4.18178E+00   7.716  4.31587E+09  4.25406E+09  5.55900E+09  1.05119E+09  2.73810E+10  4.79736E+00  7.73177E+02   8.114   8.233
 0.350 -3.05913E-01 -5.44330E-01  1.03251E+00  9.81944E+00  2.15084E+01  3.13132E+01   6.799  6.02376E+09  7.01310E+09  7.28091E+09  1.03808E+09  2.67763E+10  1.84381E+01  7.10185E+02   8.221   8.272
 0.360 -6.03538E-01 -5.33853E-01  5.33658E-01  1.66954E+01  2.43318E+01  3.63983E+01   8.748  3.09236E+09  3.10246E+09  8.52692E+09  1.30900E+09  3.55110E+10  3.72211E+00  7.85116E+02   8.306   8.289
 0.370 -2.10617E-01  2.32845E-02  6.34108E-01  6.89769E+00  7.28151E+00  2.88396E+00   8.355  4.09234E+09  4.52935E+09  9.36331E+09  1.25788E+09  3.28230E+10  1.01247E+01  8.45566E+02   8.290   8.342
 0.380 -6.43563E-01 -8.18921E-03  1.16395E+00  3.32058E+01  1.80467E+01  3.19654E+01   9.613  4.19199E+09  4.38712E+09  1.07760E+10  1.49137E+09  3.97934E+10  7.53598E+00  9.13093E+02   8.303   8.380
 0.390 -7.32413E-01 -1.52762E-01  4.53776E-01 -6.04052E+00 -8.95744E+00  7.83927E+00   9.333  3.38368E+09  3.43042E+09  1.12257E+10  1.45382E+09  3.81271E+10  5.58526E+00  1.00883E+03   8.306   8.400
 0.400 -7.10643E-01 -3.37756E-01 -1.16299E-01  1.24011E+00  1.22351E+01  1.54218E+01   8.812  2.31649E+09  2.52357E+09  1.17305E+10  1.42484E+09  3.62070E+10  5.92470E+00  1.10045E+03   8.395   8.420
 0.410 -4.57718E-01 -3.15604E-01  5.21570E-01  3.52348E+00  1.25397E+01  7.03023E+00  11.865  2.84344E+09  2.72306E+09  1.27107E+10  1.78016E+09  5.20703E+10  2.91879E+00  1.22798E+03   8.319   8.424
 0.420  8.23658E-02  3.36485E-01  5.91309E-01  1.41123E+01  1.46482E+01  4.67186E+00   9.694  3.29619E+09  3.15646E+09  1.25454E+10  1.56539E+09  4.13475E+10  2.29555E+00  1.35249E+03   8.257   8.436
 0.430 -1.70426E-01  2.35626E-01  2.56418E-01 -1.91437E+01 -6.24601E-01 -5.62562E+00  12.154  3.06501E+09  2.76177E+09  1.29327E+10  1.77621E+09  5.16678E+10  9.54324E-01  1.50719E+03   8.244   8.429
 0.440 -3.18454E-01  9.81124E-03 -2.94968E-01 -2.02156E+01 -6.41586E+00 -2.11938E+01  10.178  3.30055E+09  3.09397E+09  1.27819E+10  1.61163E+09  4.38182E+10  1.51942E+00  1.64028E+03   8.234   8.433
 0.450 -1.01191E+00 -5.18164E-01 -2.16641E-01 -9.15636E+00  6.77573E+00  6.50019E+00  11.285  3.73321E+09  3.50465E+09  1.30594E+10  1.71342E+09  4.94713E+10  1.34430E+00  1.78268E+03   8.219   8.427
 0.460  5.07288E-01 -1.35612E-02 -7.39176E-01 -1.48909E+01 -1.62642E+01 -6.52858E+00  12.541  3.72474E+09  3.43237E+09  1.32834E+10  1.84364E+09  5.55206E+10  9.64847E-01  1.93528E+03   8.215   8.422
 0.470 -6.67292E-01 -3.00972E-01 -9.34481E-02 -1.80152E+01 -2.38224E+00  8.47326E+00  13.659  4.20883E+09  3.88697E+09  1.34269E+10  1.92155E+09  6.03474E+10  6.88344E-01  2.09022E+03   8.189   8.418
 0.480 -4.97013E-01  1.10793E-01  5.31684E-01  5.44301E+00  2.35674E+00 -8.02552E+00  13.871  4.39284E+09  4.04133E+09  1.35032E+10  1.94439E+09  6.19502E+10  8.59728E-01  2.23837E+03   8.173   8.416
 0.490 -1.22584E+00 -7.90318E-01 -1.20175E-01 -4.64435E+00 -2.01744E+00  1.23209E+01  14.648  4.80505E+09  4.49779E+09  1.35957E+10  1.98296E+09  6.61481E+10  6.36706E-01  2.39424E+03   8.151   8.413
 0.500 -8.00734E-01 -3.32434E-01 -6.57192E-01 -7.25751E+00 -1.61298E+00  9.79560E+00  14.427  5.19721E+09  4.86101E+09  1.37092E+10  1.99570E+09  6.54568E+10  1.30115E+00  2.53233E+03   8.135   8.411
