  39
 0.120  1.35000E+00  7.69774E+07  2.56214E+07  3.04616E+07  7.27565E+07  7.37506E+06  1.07523E+09  9.87979E-02
 0.130  1.65000E+00  1.52678E+08  4.79882E+07  5.70219E+07  1.42335E+08  1.80345E+07  1.60939E+09  1.95924E-01
 0.140  1.91250E+00  5.50413E+07  6.24843E+07  7.55906E+07  4.69835E+07  1.54710E+07  1.90046E+09  1.08797E-01
 0.150  2.40000E+00  1.89852E+08  9.66319E+07  1.16553E+08  1.75678E+08  2.20015E+07  2.49332E+09  3.42728E-01
 0.160  2.73750E+00  3.03456E+08  1.73728E+08  2.09790E+08  2.72897E+08  5.11101E+07  4.07652E+09  6.21059E-01
 0.170  3.22500E+00  3.86582E+08  2.01387E+08  2.47245E+08  3.54337E+08  2.69707E+07  4.92569E+09  2.97518E-01
 0.180  3.52500E+00  7.17890E+08  2.61040E+08  3.20694E+08  6.55229E+08  4.32476E+07  5.80205E+09  6.21850E-01
 0.190  3.82500E+00  4.86333E+08  3.42706E+08  4.24575E+08  4.24346E+08  5.41334E+07  6.61249E+09  6.07475E-01
 0.200  4.20000E+00  4.67622E+08  4.06929E+08  5.09527E+08  3.93075E+08  3.15804E+07  7.05395E+09  3.73258E-01
 0.210  4.80000E+00  1.12371E+09  5.28435E+08  6.65098E+08  9.95054E+08  5.41701E+07  1.02400E+10  7.11630E-01
 0.220  5.25000E+00  2.07510E+09  7.98803E+08  9.86015E+08  1.86117E+09  2.00073E+08  1.40293E+10  2.85324E+00
 0.230  5.62500E+00  6.27853E+08  8.99348E+08  1.12669E+09  5.09921E+08  1.26981E+08  1.22579E+10  6.64452E-01
 0.240  6.00000E+00  1.09769E+09  1.17512E+09  1.49828E+09  9.12488E+08  2.45955E+07  1.42460E+10  3.79587E-01
 0.250  6.30000E+00  1.88711E+09  1.33262E+09  1.68916E+09  1.62246E+09  1.78149E+08  1.59156E+10  2.29307E+00
 0.260  6.52500E+00  1.25949E+09  1.53176E+09  1.95763E+09  1.05943E+09  1.31778E+08  1.63404E+10  1.59287E+00
 0.270  6.86250E+00  1.35015E+09  1.65915E+09  2.14508E+09  1.14734E+09  6.04295E+07  1.82153E+10  6.35956E-01
 0.280  7.35000E+00  1.40213E+09  1.72969E+09  2.25787E+09  1.17310E+09  3.40322E+07  1.98263E+10  3.63888E-01
 0.290  8.13750E+00  2.17825E+09  1.95974E+09  2.56900E+09  1.82329E+09  8.50293E+07  2.33514E+10  9.65644E-01
 0.300  9.03750E+00  4.07976E+09  2.18648E+09  2.86658E+09  3.57265E+09  1.25862E+08  3.02432E+10  1.65780E+00
 0.310  1.00125E+01  4.65327E+09  2.56124E+09  3.34466E+09  3.94129E+09  2.25102E+08  3.58754E+10  2.53884E+00
 0.320  1.07250E+01  9.50307E+09  4.31527E+09  5.42708E+09  8.22699E+09  1.14497E+09  5.90401E+10  1.82379E+01
 0.330  1.13250E+01  4.70018E+09  5.33996E+09  6.71503E+09  3.84198E+09  8.73399E+08  4.27603E+10  7.02699E+00
 0.340  1.18125E+01  7.17275E+09  6.15511E+09  7.88153E+09  6.20170E+09  4.17688E+08  4.62467E+10  5.00388E+00
 0.350  1.21875E+01  9.39038E+09  8.22251E+09  1.04210E+10  8.13660E+09  1.59333E+09  5.53402E+10  1.91123E+01
 0.360  1.24500E+01  5.03540E+09  9.06985E+09  1.16787E+10  4.25942E+09  4.14772E+08  5.57386E+10  3.80592E+00
 0.370  1.27500E+01  6.24219E+09  1.00393E+10  1.29897E+10  5.49318E+09  8.45732E+08  5.44250E+10  1.04088E+01
 0.380  1.30500E+01  5.81343E+09  1.12540E+10  1.46485E+10  4.96005E+09  7.65213E+08  5.65265E+10  7.81939E+00
 0.390  1.33125E+01  4.80623E+09  1.17598E+10  1.54536E+10  4.13179E+09  4.60071E+08  5.73457E+10  5.75285E+00
 0.400  1.35750E+01  3.91728E+09  1.24755E+10  1.64951E+10  3.29010E+09  5.32919E+08  5.94975E+10  6.03077E+00
 0.410  1.39125E+01  3.67179E+09  1.29144E+10  1.72100E+10  3.09766E+09  3.17518E+08  6.27286E+10  3.06659E+00
 0.420  1.42500E+01  4.50664E+09  1.31054E+10  1.76104E+10  3.91283E+09  2.01536E+08  6.43034E+10  2.31778E+00
 0.430  1.46625E+01  4.17074E+09  1.31890E+10  1.78545E+10  3.57228E+09  1.09564E+08  6.41545E+10  1.05617E+00
 0.440  1.50000E+01  4.86092E+09  1.33514E+10  1.81778E+10  4.28624E+09  1.40292E+08  6.82866E+10  1.58096E+00
 0.450  1.53375E+01  5.08424E+09  1.34704E+10  1.84203E+10  4.52450E+09  1.35600E+08  7.04042E+10  1.38645E+00
 0.460  1.56750E+01  5.04167E+09  1.35560E+10  1.86239E+10  4.51082E+09  8.94934E+07  7.16896E+10  9.73837E-01
 0.470  1.60500E+01  5.18707E+09  1.36076E+10  1.87746E+10  4.67316E+09  6.20214E+07  7.26436E+10  7.19729E-01
 0.480  1.64625E+01  5.75119E+09  1.37001E+10  1.89626E+10  5.16243E+09  7.90400E+07  7.50015E+10  9.35210E-01
 0.490  1.68000E+01  6.23339E+09  1.37493E+10  1.90926E+10  5.74730E+09  6.07248E+07  7.74165E+10  6.92803E-01
 0.500  1.70625E+01  6.65339E+09  1.38938E+10  1.93269E+10  6.06147E+09  1.06792E+08  7.89175E+10  1.36387E+00
