  39
 0.120   1.139  8.58969E-02  8.95075E-02  7.08038E-02
 0.130   1.394  1.67558E-01  1.76479E-01  1.73103E-01
 0.140   1.828  9.69673E-02  9.02150E-02  1.57048E-01
 0.150   1.472  2.70720E-01  3.26996E-01  1.80456E-01
 0.160   2.342  5.77524E-01  5.60377E-01  5.43970E-01
 0.170   2.660  2.32479E-01  2.58997E-01  2.24781E-01
 0.180   3.199  5.41166E-01  6.52756E-01  4.28488E-01
 0.190   3.491  4.92351E-01  4.85664E-01  5.28674E-01
 0.200   3.636  3.17969E-01  3.24347E-01  2.95182E-01
 0.210   3.894  5.93218E-01  6.34390E-01  5.01127E-01
 0.220   4.585  2.30320E+00  2.58491E+00  1.83615E+00
 0.230   4.960  6.14638E-01  4.48696E-01  1.35425E+00
 0.240   3.951  3.59640E-01  4.31860E-01  2.48726E-01
 0.250   5.390  2.09438E+00  2.23928E+00  1.85075E+00
 0.260   5.542  1.50857E+00  1.56702E+00  1.43340E+00
 0.270   5.845  5.94004E-01  6.23638E-01  6.27109E-01
 0.280   6.654  3.40387E-01  3.56431E-01  3.82182E-01
 0.290   7.379  9.03839E-01  8.92745E-01  9.08494E-01
 0.300   7.718  1.56233E+00  1.71729E+00  1.31751E+00
 0.310   8.231  2.27329E+00  2.32206E+00  2.30022E+00
 0.320   5.654  1.68317E+01  1.96219E+01  1.14689E+01
 0.330   8.316  6.66177E+00  6.12583E+00  9.08237E+00
 0.340   7.716  4.79736E+00  5.09605E+00  4.41429E+00
 0.350   6.799  1.84381E+01  1.86152E+01  1.66167E+01
 0.360   8.748  3.72211E+00  3.60787E+00  4.74899E+00
 0.370   8.355  1.01247E+01  1.05028E+01  9.13331E+00
 0.380   9.613  7.53598E+00  7.08110E+00  8.23609E+00
 0.390   9.333  5.58526E+00  5.79710E+00  4.99471E+00
 0.400   8.812  5.92470E+00  5.73574E+00  5.83554E+00
 0.410  11.865  2.91879E+00  2.81521E+00  3.41072E+00
 0.420   9.694  2.29555E+00  2.23051E+00  2.27259E+00
 0.430  12.154  9.54324E-01  8.94118E-01  1.17735E+00
 0.440  10.178  1.51942E+00  1.39430E+00  1.54250E+00
 0.450  11.285  1.34430E+00  1.32114E+00  1.46939E+00
 0.460  12.541  9.64847E-01  9.25813E-01  9.80239E-01
 0.470  13.659  6.88344E-01  6.48506E-01  6.92298E-01
 0.480  13.871  8.59728E-01  9.46446E-01  8.00925E-01
 0.490  14.648  6.36706E-01  6.59796E-01  6.27143E-01
 0.500  14.427  1.30115E+00  1.36607E+00  1.13335E+00
