  39
 0.120   1.139  2.15113E+07  2.55907E+07  2.12230E+07  2.07511E+02  0.00000E+00  0.00000E+00  0.00000E+00  2.15113E+07  2.55907E+07  2.12230E+07
 0.130   1.394  4.21152E+07  5.00474E+07  4.16114E+07  2.07908E+02  9.28157E+06  1.13806E+07  9.13846E+06  3.28336E+07  3.86668E+07  3.24729E+07
 0.140   1.828  6.02517E+07  7.29359E+07  5.94295E+07  2.57791E+02  1.47676E+07  1.83328E+07  1.44826E+07  4.54841E+07  5.46031E+07  4.49469E+07
 0.150   1.472  6.35279E+07  7.63574E+07  6.26570E+07  2.76494E+02  1.30674E+07  1.62708E+07  1.28171E+07  5.04605E+07  6.00866E+07  4.98399E+07
 0.160   2.342  1.57045E+08  1.89421E+08  1.55101E+08  2.77488E+02  4.90123E+07  6.11991E+07  4.81069E+07  1.08033E+08  1.28222E+08  1.06994E+08
 0.170   2.660  1.75968E+08  2.16513E+08  1.73384E+08  3.50850E+02  5.76448E+07  7.25308E+07  5.64609E+07  1.18323E+08  1.43983E+08  1.16923E+08
 0.180   3.199  2.42737E+08  2.98694E+08  2.39106E+08  3.81230E+02  8.59860E+07  1.08594E+08  8.42192E+07  1.56751E+08  1.90100E+08  1.54887E+08
 0.190   3.491  3.13436E+08  3.89219E+08  3.08508E+08  4.26734E+02  1.23150E+08  1.56110E+08  1.20597E+08  1.90285E+08  2.33109E+08  1.87911E+08
 0.200   3.636  3.55076E+08  4.45467E+08  3.49075E+08  4.85014E+02  1.59485E+08  2.01832E+08  1.56403E+08  1.95591E+08  2.43635E+08  1.92672E+08
 0.210   3.894  4.49437E+08  5.66320E+08  4.41455E+08  5.38450E+02  1.99024E+08  2.55019E+08  1.94698E+08  2.50413E+08  3.11302E+08  2.46757E+08
 0.220   4.585  7.22582E+08  8.95333E+08  7.11658E+08  4.90763E+02  2.71535E+08  3.50321E+08  2.65366E+08  4.51047E+08  5.45012E+08  4.46292E+08
 0.230   4.960  8.30482E+08  1.04020E+09  8.18218E+08  5.11224E+02  2.60055E+08  3.37174E+08  2.53683E+08  5.70427E+08  7.03030E+08  5.64535E+08
 0.240   3.951  8.95011E+08  1.14195E+09  8.79278E+08  6.31331E+02  4.31917E+08  5.56929E+08  4.22722E+08  4.63094E+08  5.85023E+08  4.56556E+08
 0.250   5.390  1.19157E+09  1.50940E+09  1.17172E+09  6.31866E+02  4.62193E+08  6.02603E+08  4.51011E+08  7.29382E+08  9.06792E+08  7.20714E+08
 0.260   5.542  1.38666E+09  1.77063E+09  1.36290E+09  6.84679E+02  5.16398E+08  6.76730E+08  5.03414E+08  8.70257E+08  1.09390E+09  8.59488E+08
 0.270   5.845  1.52615E+09  1.97195E+09  1.49701E+09  7.88815E+02  5.59054E+08  7.37483E+08  5.43394E+08  9.67098E+08  1.23447E+09  9.53615E+08
 0.280   6.654  1.64448E+09  2.14619E+09  1.61015E+09  8.94286E+02  6.22427E+08  8.25631E+08  6.04095E+08  1.02206E+09  1.32056E+09  1.00605E+09
 0.290   7.379  1.87799E+09  2.46234E+09  1.83606E+09  9.87397E+02  7.42141E+08  9.88733E+08  7.19379E+08  1.13585E+09  1.47360E+09  1.11668E+09
 0.300   7.718  2.06005E+09  2.70189E+09  2.01194E+09  1.05831E+03  7.91641E+08  1.05829E+09  7.65552E+08  1.26841E+09  1.64360E+09  1.24639E+09
 0.310   8.231  2.34928E+09  3.07274E+09  2.29509E+09  1.08212E+03  8.46511E+08  1.13722E+09  8.17303E+08  1.50277E+09  1.93552E+09  1.47778E+09
 0.320   5.654  3.31107E+09  4.14249E+09  3.25452E+09  8.31050E+02  8.04441E+08  1.08170E+09  7.75609E+08  2.50663E+09  3.06079E+09  2.47891E+09
 0.330   8.316  4.96151E+09  6.22869E+09  4.89499E+09  6.94220E+02  8.95793E+08  1.20344E+09  8.63134E+08  4.06572E+09  5.02525E+09  4.03185E+09
 0.340   7.716  5.55900E+09  7.10332E+09  5.48027E+09  7.73177E+02  1.05119E+09  1.41113E+09  1.01429E+09  4.50781E+09  5.69220E+09  4.46598E+09
 0.350   6.799  7.28091E+09  9.19210E+09  7.19078E+09  7.10185E+02  1.03808E+09  1.40245E+09  9.98720E+08  6.24282E+09  7.78966E+09  6.19206E+09
 0.360   8.748  8.52692E+09  1.09612E+10  8.41588E+09  7.85116E+02  1.30900E+09  1.76308E+09  1.26267E+09  7.21792E+09  9.19816E+09  7.15321E+09
 0.370   8.355  9.36331E+09  1.20963E+10  9.23689E+09  8.45566E+02  1.25788E+09  1.70477E+09  1.20952E+09  8.10543E+09  1.03915E+10  8.02737E+09
 0.380   9.613  1.07760E+10  1.40154E+10  1.06236E+10  9.13093E+02  1.49137E+09  2.02763E+09  1.43378E+09  9.28458E+09  1.19878E+10  9.18987E+09
 0.390   9.333  1.12257E+10  1.47396E+10  1.10544E+10  1.00883E+03  1.45382E+09  1.98075E+09  1.39517E+09  9.77193E+09  1.27589E+10  9.65919E+09
 0.400   8.812  1.17305E+10  1.54957E+10  1.15386E+10  1.10045E+03  1.42484E+09  1.94946E+09  1.36382E+09  1.03057E+10  1.35463E+10  1.01748E+10
 0.410  11.865  1.27107E+10  1.69348E+10  1.24821E+10  1.22798E+03  1.78016E+09  2.43890E+09  1.70535E+09  1.09305E+10  1.44959E+10  1.07768E+10
 0.420   9.694  1.25454E+10  1.68468E+10  1.23012E+10  1.35249E+03  1.56539E+09  2.15312E+09  1.49368E+09  1.09800E+10  1.46937E+10  1.08075E+10
 0.430  12.154  1.29327E+10  1.75045E+10  1.26559E+10  1.50719E+03  1.77621E+09  2.45080E+09  1.69405E+09  1.11565E+10  1.50537E+10  1.09618E+10
 0.440  10.178  1.27819E+10  1.73949E+10  1.24876E+10  1.64028E+03  1.61163E+09  2.22900E+09  1.53210E+09  1.11703E+10  1.51659E+10  1.09555E+10
 0.450  11.285  1.30594E+10  1.78531E+10  1.27336E+10  1.78268E+03  1.71342E+09  2.37647E+09  1.62649E+09  1.13460E+10  1.54766E+10  1.11071E+10
 0.460  12.541  1.32834E+10  1.82461E+10  1.29254E+10  1.93528E+03  1.84364E+09  2.56192E+09  1.74817E+09  1.14398E+10  1.56842E+10  1.11772E+10
 0.470  13.659  1.34269E+10  1.85237E+10  1.30373E+10  2.09022E+03  1.92155E+09  2.67653E+09  1.81919E+09  1.15054E+10  1.58471E+10  1.12181E+10
 0.480  13.871  1.35032E+10  1.86900E+10  1.30851E+10  2.23837E+03  1.94439E+09  2.71301E+09  1.83745E+09  1.15589E+10  1.59770E+10  1.12477E+10
 0.490  14.648  1.35957E+10  1.88801E+10  1.31468E+10  2.39424E+03  1.98296E+09  2.77264E+09  1.87011E+09  1.16128E+10  1.61074E+10  1.12767E+10
 0.500  14.427  1.37092E+10  1.90714E+10  1.32303E+10  2.53233E+03  1.99570E+09  2.79395E+09  1.87919E+09  1.17135E+10  1.62774E+10  1.13512E+10
