  27
 0.100   0.863   0.500  1.76619E+07  1.95558E+07  1.75975E+07  5.95436E+01  0.00000E+00  0.00000E+00  0.00000E+00  1.76619E+07  1.95558E+07  1.75975E+07
 0.110   1.000   0.500  6.02776E+06  7.10925E+06  5.96667E+06  1.57274E+02  6.28372E+05  7.58448E+05  6.20122E+05  5.39939E+06  6.35081E+06  5.34655E+06
 0.120   1.000   0.500  9.15305E+07  1.03582E+08  9.11622E+07  8.33561E+01  5.86205E+05  7.21078E+05  5.74980E+05  9.09443E+07  1.02861E+08  9.05873E+07
 0.130   1.000   0.500  1.93312E+08  2.22883E+08  1.92401E+08  1.06993E+02  1.72420E+06  2.10990E+06  1.69775E+06  1.91588E+08  2.20773E+08  1.90704E+08
 0.140   1.081   0.500  3.52166E+08  4.11548E+08  3.50403E+08  1.24928E+02  2.65178E+06  3.27145E+06  2.60440E+06  3.49514E+08  4.08277E+08  3.47799E+08
 0.150   1.114   0.500  5.74259E+08  6.74719E+08  5.70765E+08  1.57197E+02  1.05449E+07  1.28315E+07  1.04268E+07  5.63714E+08  6.61887E+08  5.60338E+08
 0.160   2.068   0.600  6.65513E+08  7.86151E+08  6.61308E+08  1.72483E+02  1.32472E+07  1.64916E+07  1.30288E+07  6.52266E+08  7.69659E+08  6.48279E+08
 0.170   2.196   0.757  8.71928E+08  1.04431E+09  8.65573E+08  2.11007E+02  1.93625E+07  2.43448E+07  1.90130E+07  8.52565E+08  1.01997E+09  8.46560E+08
 0.180   2.282   0.605  6.33920E+08  7.59213E+08  6.28673E+08  2.38564E+02  3.65647E+08  4.55455E+08  3.61073E+08  2.68273E+08  3.03758E+08  2.67600E+08
 0.190   1.782   0.500  2.28941E+09  2.72466E+09  2.27380E+09  2.22734E+02  3.50887E+08  4.40448E+08  3.46759E+08  1.93852E+09  2.28421E+09  1.92704E+09
 0.200   1.000   0.500  3.47910E+09  4.15894E+09  3.45723E+09  2.24855E+02  3.27621E+08  4.17150E+08  3.22750E+08  3.15148E+09  3.74179E+09  3.13448E+09
 0.210   1.000   0.500  4.39842E+09  5.33876E+09  4.36822E+09  2.62458E+02  3.44205E+08  4.40248E+08  3.38563E+08  4.05422E+09  4.89851E+09  4.02966E+09
 0.220   1.000   0.500  3.06302E+08  3.81607E+08  3.01785E+08  5.00983E+02  9.34884E+07  1.21858E+08  9.11528E+07  2.12814E+08  2.59749E+08  2.10633E+08
 0.230   2.762   0.500  5.57115E+08  6.92792E+08  5.49362E+08  5.00728E+02  7.81821E+07  1.02300E+08  7.60933E+07  4.78933E+08  5.90492E+08  4.73269E+08
 0.240   2.569   0.500  7.61865E+08  9.34479E+08  7.53271E+08  4.34520E+02  8.30570E+07  1.09050E+08  8.07344E+07  6.78808E+08  8.25429E+08  6.72537E+08
 0.250   3.144   0.500  1.07482E+09  1.34433E+09  1.06164E+09  5.02988E+02  1.47524E+08  1.91434E+08  1.44120E+08  9.27301E+08  1.15289E+09  9.17519E+08
 0.260   3.056   0.500  1.00131E+09  1.26004E+09  9.88680E+08  5.40451E+02  1.43960E+08  1.88058E+08  1.40419E+08  8.57353E+08  1.07198E+09  8.48262E+08
 0.270   2.974   0.500  9.48480E+08  1.19296E+09  9.36918E+08  5.51233E+02  1.33790E+08  1.75491E+08  1.30346E+08  8.14689E+08  1.01747E+09  8.06572E+08
 0.280   2.007   0.500  7.77235E+08  9.91530E+08  7.64939E+08  7.19438E+02  1.17917E+08  1.57438E+08  1.13901E+08  6.59318E+08  8.34092E+08  6.51038E+08
 0.290   2.019   0.500  6.59748E+08  8.47534E+08  6.46952E+08  8.82347E+02  1.26438E+08  1.69008E+08  1.21916E+08  5.33310E+08  6.78525E+08  5.25036E+08
 0.300   1.300   0.500  6.65641E+08  8.58660E+08  6.52758E+08  9.16465E+02  1.04124E+08  1.39792E+08  1.00125E+08  5.61517E+08  7.18868E+08  5.52633E+08
 0.310   1.235   0.500  5.75993E+08  7.57454E+08  5.62612E+08  1.11587E+03  9.97042E+07  1.33936E+08  9.57618E+07  4.76289E+08  6.23519E+08  4.66850E+08
 0.320   1.283   0.500  6.53624E+08  8.65788E+08  6.38445E+08  1.17058E+03  1.13286E+08  1.51730E+08  1.09011E+08  5.40338E+08  7.14058E+08  5.29434E+08
 0.330   6.091   0.897  1.01654E+09  1.37950E+09  9.76568E+08  1.81179E+03  1.90963E+08  2.60152E+08  1.81355E+08  8.25581E+08  1.11935E+09  7.95212E+08
 0.340   6.246   0.750  6.51718E+08  8.84952E+08  6.22950E+08  1.96963E+03  1.39913E+08  1.90815E+08  1.32316E+08  5.11806E+08  6.94137E+08  4.90634E+08
 0.350   6.763   0.590  5.15376E+08  7.00200E+08  4.91165E+08  2.09011E+03  1.23350E+08  1.68483E+08  1.16275E+08  3.92026E+08  5.31717E+08  3.74890E+08
 0.360   6.588   0.500  4.48424E+08  6.09001E+08  4.25885E+08  2.21605E+03  1.00062E+08  1.36854E+08  9.40483E+07  3.48361E+08  4.72147E+08  3.31837E+08
