  38
 0.130   7.000   1.000  4.33819E+09  2.63217E+08  2.68832E+07  3.24605E+07  4.04809E+09  1.33956E+07  8.26377E+06  9.98429E+06  2.04770E+08  4.17512E+08  3.06491E+07  3.69343E+07  5.68591E+09  2.54896E+07  1.17234E+07  1.41833E+07  3.63397E+08
 0.140   8.750   1.070  6.57966E+09  3.66716E+08  3.90929E+07  4.73696E+07  6.17385E+09  2.30229E+07  1.27069E+07  1.55161E+07  3.45689E+08  4.27293E+08  3.95765E+07  4.79696E+07  6.78857E+09  2.90856E+07  1.51392E+07  1.84846E+07  4.75634E+08
 0.150  10.250   1.226  8.69100E+09  5.00735E+08  4.49630E+07  5.52295E+07  8.14531E+09  3.30312E+07  1.53095E+07  1.88602E+07  4.12449E+08  4.86091E+08  4.48232E+07  5.50561E+07  8.04280E+09  4.31995E+07  1.77050E+07  2.18133E+07  5.37406E+08
 0.160  11.750   1.470  1.09255E+10  6.98151E+08  5.98136E+07  7.29639E+07  1.01676E+10  5.21277E+07  2.06839E+07  2.55266E+07  5.87372E+08  5.94311E+08  5.79998E+07  7.06842E+07  8.84084E+09  7.42077E+07  2.47292E+07  3.04318E+07  8.25147E+08
 0.170  13.250   1.369  1.32993E+10  8.02332E+08  8.92355E+07  1.08305E+08  1.24077E+10  8.99841E+07  4.07092E+07  4.88652E+07  7.64706E+08  6.00845E+08  8.70874E+07  1.05634E+08  9.91781E+09  9.36228E+07  4.17667E+07  5.01417E+07  8.01204E+08
 0.180  14.750   1.493  1.51009E+10  8.63291E+08  1.13731E+08  1.39349E+08  1.41239E+10  6.59397E+07  5.14792E+07  6.30663E+07  9.29569E+08  5.86703E+08  1.10456E+08  1.35181E+08  9.78687E+09  6.65649E+07  5.18896E+07  6.35751E+07  9.48608E+08
 0.190  16.000   2.119  1.65540E+10  1.01214E+09  1.34135E+08  1.65842E+08  1.54077E+10  4.57710E+07  7.07082E+07  8.69391E+07  9.89013E+08  6.20718E+08  1.28130E+08  1.58257E+08  9.50204E+09  7.60098E+07  8.37988E+07  1.03211E+08  1.44885E+09
 0.200  18.750   2.047  2.28178E+10  1.80845E+09  1.73045E+08  2.14981E+08  2.08363E+10  1.04346E+08  8.20082E+07  1.02710E+08  1.34077E+09  7.69850E+08  1.42592E+08  1.77853E+08  1.02016E+10  1.23617E+08  8.69066E+07  1.08692E+08  1.50713E+09
 0.210  23.500   2.981  3.93525E+10  3.82596E+09  3.05318E+08  3.72749E+08  3.52212E+10  2.84382E+08  1.25513E+08  1.55288E+08  1.86529E+09  1.38301E+09  2.21483E+08  2.73375E+08  1.47451E+10  3.86487E+08  1.40561E+08  1.73834E+08  2.52208E+09
 0.220  31.750   2.783  8.26382E+10  8.08460E+09  8.29519E+08  1.01595E+09  7.37241E+10  3.06185E+08  1.83067E+08  2.26788E+08  3.22759E+09  2.11039E+09  3.65799E+08  4.47471E+08  2.10322E+10  2.73211E+08  1.72823E+08  2.13957E+08  2.62235E+09
 0.230  34.000   4.661  9.13597E+10  8.38297E+09  1.15560E+09  1.41139E+09  8.18211E+10  1.76443E+08  2.70799E+08  3.37070E+08  4.40358E+09  3.18550E+09  6.77894E+08  8.17913E+08  2.72859E+10  4.71983E+08  3.65506E+08  4.50450E+08  7.80386E+09
 0.240  36.250   4.897  9.68366E+10  8.61917E+09  1.47773E+09  1.83131E+09  8.67397E+10  4.85870E+08  4.28752E+08  5.29104E+08  3.82702E+09  3.52482E+09  8.51208E+08  1.04403E+09  2.19043E+10  1.00370E+09  5.53902E+08  6.78665E+08  6.25341E+09
 0.250  36.750   3.178  9.06680E+10  8.19669E+09  1.79078E+09  2.22571E+09  8.06805E+10  9.49164E+08  6.24874E+08  7.70140E+08  4.74861E+09  2.78880E+09  1.48693E+09  1.83780E+09  1.96506E+10  8.49783E+08  5.50306E+08  6.78936E+08  3.84082E+09
 0.260  37.750   4.095  8.72631E+10  7.56519E+09  2.05251E+09  2.58746E+09  7.76454E+10  8.71228E+08  8.25499E+08  1.03276E+09  5.31337E+09  2.53082E+09  1.70552E+09  2.13972E+09  2.05362E+10  9.66428E+08  8.86681E+08  1.10897E+09  5.98778E+09
 0.270  39.250   4.382  8.79447E+10  7.24848E+09  2.29363E+09  2.91658E+09  7.84026E+10  8.73632E+08  1.08178E+09  1.35879E+09  5.67028E+09  2.46226E+09  1.95482E+09  2.47193E+09  2.18410E+10  1.01172E+09  1.20323E+09  1.51327E+09  6.75299E+09
 0.280  41.000   3.502  8.89851E+10  6.85099E+09  2.55768E+09  3.26936E+09  7.95765E+10  9.71735E+08  1.54780E+09  1.95309E+09  6.60766E+09  2.62132E+09  2.31777E+09  2.95212E+09  2.35382E+10  8.23302E+08  1.38072E+09  1.73860E+09  5.20396E+09
 0.290  43.000   2.823  9.30330E+10  6.56671E+09  3.06822E+09  3.91082E+09  8.33981E+10  8.72895E+08  2.09809E+09  2.63374E+09  7.69902E+09  1.88827E+09  2.80347E+09  3.55763E+09  2.58848E+10  6.47742E+08  1.68687E+09  2.10093E+09  4.14818E+09
 0.300  44.750   3.437  9.43009E+10  6.00595E+09  3.46298E+09  4.44332E+09  8.48320E+10  7.09099E+08  2.55041E+09  3.23358E+09  8.07672E+09  1.60250E+09  3.20275E+09  4.09492E+09  2.43011E+10  5.58022E+08  2.28040E+09  2.87918E+09  5.53510E+09
 0.310  46.750   4.648  9.80361E+10  5.43203E+09  3.72916E+09  4.82641E+09  8.88749E+10  6.03970E+08  2.85881E+09  3.66568E+09  8.74033E+09  1.41144E+09  3.45422E+09  4.45660E+09  2.41101E+10  6.00350E+08  2.85342E+09  3.65857E+09  8.67290E+09
 0.320  51.000   4.285  1.14590E+11  6.48323E+09  3.97606E+09  5.19966E+09  1.04130E+11  6.81528E+08  3.12720E+09  4.05992E+09  9.84981E+09  1.28801E+09  3.60118E+09  4.69534E+09  2.33579E+10  5.91881E+08  2.95084E+09  3.82460E+09  7.77044E+09
 0.330  54.000   4.843  1.24413E+11  6.82942E+09  4.15712E+09  5.47566E+09  1.13426E+11  6.53592E+08  3.30614E+09  4.33049E+09  1.04717E+10  1.16436E+09  3.75149E+09  4.93163E+09  2.39528E+10  5.71384E+08  3.19902E+09  4.18664E+09  8.99423E+09
 0.340  57.250   5.131  1.37226E+11  7.45716E+09  4.37305E+09  5.78775E+09  1.25396E+11  9.16694E+08  3.61934E+09  4.77304E+09  1.29790E+10  1.66942E+09  4.01259E+09  5.30670E+09  2.79693E+10  7.84808E+08  3.51185E+09  4.62768E+09  1.11180E+10
 0.350  62.750   5.534  1.66985E+11  9.18714E+09  4.70066E+09  6.24971E+09  1.53097E+11  9.50029E+08  3.79929E+09  5.02986E+09  1.30722E+10  1.52436E+09  4.08741E+09  5.42263E+09  2.44146E+10  8.34738E+08  3.70170E+09  4.89733E+09  1.10054E+10
 0.360  77.250   5.455  2.90717E+11  1.85800E+10  8.46901E+09  1.12095E+10  2.63668E+11  1.54387E+09  4.06080E+09  5.42484E+09  1.70594E+10  1.79515E+09  4.21309E+09  5.63340E+09  2.36917E+10  1.14849E+09  3.81541E+09  5.08948E+09  1.08542E+10
 0.370  86.250   6.621  3.72334E+11  2.23880E+10  9.54228E+09  1.26148E+10  3.40404E+11  1.32164E+09  4.29870E+09  5.76219E+09  2.14699E+10  1.49146E+09  4.39539E+09  5.89519E+09  2.61236E+10  1.03146E+09  4.11876E+09  5.51535E+09  1.49988E+10
 0.380  91.250   7.309  4.07956E+11  2.19543E+10  1.12170E+10  1.47096E+10  3.74785E+11  3.92645E+09  8.12232E+09  1.06363E+10  4.00872E+10  4.32414E+09  9.35436E+09  1.22202E+10  4.72414E+10  2.71390E+09  4.75977E+09  6.35717E+09  2.62218E+10
 0.390  94.750  12.762  4.22748E+11  2.10198E+10  1.24211E+10  1.63575E+10  3.89308E+11  9.42066E+08  4.67907E+09  6.28770E+09  2.13630E+10  1.03834E+09  4.72762E+09  6.35371E+09  2.33717E+10  1.56096E+09  4.92121E+09  6.61804E+09  3.54699E+10
 0.400  98.250   7.129  4.37576E+11  2.11818E+10  1.27106E+10  1.69280E+10  4.03683E+11  2.13317E+09  5.04647E+09  6.83062E+09  2.49094E+10  2.17010E+09  5.06266E+09  6.85263E+09  2.55811E+10  1.49955E+09  4.74613E+09  6.41894E+09  1.53327E+10
 0.410 101.000   7.865  4.48412E+11  2.10990E+10  1.34748E+10  1.79719E+10  4.13838E+11  3.64863E+09  1.14009E+10  1.51503E+10  4.36908E+10  3.59314E+09  1.13716E+10  1.51106E+10  4.31015E+10  2.59702E+09  1.06314E+10  1.41116E+10  3.03333E+10
 0.420 103.250   9.677  4.50613E+11  2.05558E+10  1.43056E+10  1.91458E+10  4.15751E+11  3.80407E+09  1.25196E+10  1.67279E+10  4.38214E+10  3.60976E+09  1.24429E+10  1.66271E+10  4.22088E+10  3.36930E+09  1.23494E+10  1.65040E+10  4.05866E+10
 0.430 105.000  11.070  4.44009E+11  1.99645E+10  1.46928E+10  1.97997E+10  4.09352E+11  3.02962E+09  1.26167E+10  1.70005E+10  4.40062E+10  2.87650E+09  1.25232E+10  1.68748E+10  4.15725E+10  3.22989E+09  1.27067E+10  1.71206E+10  4.67610E+10
 0.440 106.500  10.632  4.35279E+11  1.94827E+10  1.47928E+10  2.00903E+10  4.01004E+11  3.50342E+09  1.28222E+10  1.74051E+10  4.46780E+10  3.13474E+09  1.26859E+10  1.72206E+10  4.15298E+10  3.49244E+09  1.28187E+10  1.74004E+10  4.45900E+10
 0.450 109.250  11.444  4.42014E+11  2.02258E+10  1.52449E+10  2.07511E+10  4.06543E+11  5.02195E+09  1.33434E+10  1.81479E+10  4.84573E+10  4.03480E+09  1.31375E+10  1.78736E+10  4.37003E+10  5.47829E+09  1.34478E+10  1.82890E+10  5.11512E+10
 0.460 112.750   9.489  4.58114E+11  2.28082E+10  1.55727E+10  2.13110E+10  4.19733E+11  3.77890E+09  1.35102E+10  1.84861E+10  4.98625E+10  3.15842E+09  1.32068E+10  1.80769E+10  4.32180E+10  2.93199E+09  1.30748E+10  1.78983E+10  4.05423E+10
 0.470 115.750   9.882  4.67144E+11  2.39097E+10  1.60057E+10  2.19470E+10  4.27229E+11  5.57663E+09  1.40144E+10  1.92107E+10  5.17492E+10  4.77101E+09  1.36431E+10  1.87068E+10  4.35907E+10  4.69385E+09  1.36094E+10  1.86611E+10  4.29620E+10
 0.480 118.750  11.469  4.75233E+11  2.41206E+10  1.65111E+10  2.26797E+10  4.34602E+11  4.68091E+09  1.45328E+10  1.99572E+10  5.35307E+10  3.71214E+09  1.40674E+10  1.93281E+10  4.37750E+10  4.49821E+09  1.44547E+10  1.98506E+10  5.14408E+10
 0.490 121.000   9.046  4.78260E+11  2.40794E+10  1.69038E+10  2.32761E+10  4.37277E+11  5.49424E+09  1.49969E+10  2.06386E+10  5.61148E+10  4.53501E+09  1.45120E+10  1.99757E+10  4.50589E+10  3.92080E+09  1.41824E+10  1.95281E+10  3.98975E+10
 0.500 123.750   9.260  4.83047E+11  2.37156E+10  1.75392E+10  2.41653E+10  4.41792E+11  5.42917E+09  1.56490E+10  2.15515E+10  5.79330E+10  4.21229E+09  1.50883E+10  2.07845E+10  4.53530E+10  3.83185E+09  1.48382E+10  2.04439E+10  4.13075E+10
