  38
 0.130  7.00000E+00  4.33819E+09  5.16225E+01
 0.140  8.75000E+00  6.57966E+09  5.68633E+01
 0.150  1.02500E+01  8.69100E+09  6.03820E+01
 0.160  1.17500E+01  1.09255E+10  6.32319E+01
 0.170  1.32500E+01  1.32993E+10  6.56962E+01
 0.180  1.47500E+01  1.51009E+10  6.63498E+01
 0.190  1.60000E+01  1.65540E+10  6.66999E+01
 0.200  1.87500E+01  2.28178E+10  7.23386E+01
 0.210  2.35000E+01  3.93525E+10  8.48567E+01
 0.220  3.17500E+01  8.26382E+10  1.05792E+02
 0.230  3.40000E+01  9.13597E+10  1.07491E+02
 0.240  3.62500E+01  9.68366E+10  1.07177E+02
 0.250  3.67500E+01  9.06680E+10  1.02999E+02
 0.260  3.77500E+01  8.72631E+10  9.96991E+01
 0.270  3.92500E+01  8.79447E+10  9.81565E+01
 0.280  4.10000E+01  8.89851E+10  9.66053E+01
 0.290  4.30000E+01  9.30330E+10  9.64536E+01
 0.300  4.47500E+01  9.43009E+10  9.51909E+01
 0.310  4.67500E+01  9.80361E+10  9.49591E+01
 0.320  5.10000E+01  1.14590E+11  9.82929E+01
 0.330  5.40000E+01  1.24413E+11  9.95337E+01
 0.340  5.72500E+01  1.37226E+11  1.01523E+02
 0.350  6.27500E+01  1.66985E+11  1.06971E+02
 0.360  7.72500E+01  2.90717E+11  1.27210E+02
 0.370  8.62500E+01  3.72334E+11  1.36245E+02
 0.380  9.12500E+01  4.07956E+11  1.38651E+02
 0.390  9.47500E+01  4.22748E+11  1.38511E+02
 0.400  9.82500E+01  4.37576E+11  1.38387E+02
 0.410  1.01000E+02  4.48412E+11  1.38169E+02
 0.420  1.03250E+02  4.50613E+11  1.36991E+02
 0.430  1.05000E+02  4.44009E+11  1.34845E+02
 0.440  1.06500E+02  4.35279E+11  1.32569E+02
 0.450  1.09250E+02  4.42014E+11  1.31899E+02
 0.460  1.12750E+02  4.58114E+11  1.32179E+02
 0.470  1.15750E+02  4.67144E+11  1.31734E+02
 0.480  1.18750E+02  4.75233E+11  1.31181E+02
 0.490  1.21000E+02  4.78260E+11  1.30369E+02
 0.500  1.23750E+02  4.83047E+11  1.29556E+02
