  38
 0.130  2.54896E+07  1.17234E+07  1.41833E+07  2.44711E+07  2.84486E+06  3.63397E+08  2.04471E-02
 0.140  2.68712E+07  1.42686E+07  1.74270E+07  2.56688E+07  2.09090E+06  4.25585E+08  2.67413E-02
 0.150  3.17425E+07  1.49540E+07  1.84195E+07  3.05044E+07  1.81711E+06  3.97318E+08  1.94854E-02
 0.160  3.91655E+07  1.72744E+07  2.13679E+07  3.75697E+07  1.95205E+06  4.57177E+08  3.23092E-02
 0.170  6.31654E+07  3.08356E+07  3.69277E+07  6.01938E+07  1.36617E+07  4.97250E+08  1.76443E-01
 0.180  4.00859E+07  3.66246E+07  4.48510E+07  3.84725E+07  5.06155E+06  5.12797E+08  6.26019E-02
 0.190  2.69469E+07  4.79136E+07  5.86580E+07  2.55242E+07  1.24809E+07  4.78627E+08  1.19193E-01
 0.200  3.91168E+07  4.97999E+07  6.24973E+07  3.77341E+07  1.89177E+06  5.36408E+08  2.28214E-02
 0.210  7.95364E+07  6.92671E+07  8.54699E+07  7.53453E+07  1.77900E+07  5.35992E+08  2.03855E-01
 0.220  8.87570E+07  8.35571E+07  1.03257E+08  8.52588E+07  1.55625E+07  5.56611E+08  2.07797E-01
 0.230  1.52372E+07  9.49198E+07  1.18547E+08  1.39660E+07  1.19529E+07  5.15873E+08  8.38523E-02
 0.240  1.64444E+07  9.76071E+07  1.23941E+08  1.50632E+07  2.89865E+06  4.77463E+08  2.16661E-02
 0.250  7.67100E+07  1.24620E+08  1.59247E+08  7.46144E+07  4.70899E+06  5.86125E+08  7.37183E-02
 0.260  1.05883E+08  1.85152E+08  2.34462E+08  1.03549E+08  2.86448E+07  6.29274E+08  1.68778E-01
 0.270  1.11271E+08  1.86799E+08  2.37146E+08  1.07474E+08  1.79612E+07  5.94272E+08  2.33491E-01
 0.280  2.58989E+08  3.76810E+08  4.64043E+08  2.50954E+08  1.16412E+08  7.03267E+08  1.51148E+00
 0.290  2.41680E+08  8.52812E+08  1.03483E+09  2.36700E+08  3.21457E+08  8.79270E+08  3.65445E+00
 0.300  1.84462E+08  1.22837E+09  1.51430E+09  1.79822E+08  2.59995E+08  9.57005E+08  2.53512E+00
 0.310  1.91034E+08  1.46124E+09  1.83233E+09  1.86510E+08  1.85102E+08  1.02210E+09  2.30316E+00
 0.320  1.88727E+08  1.62442E+09  2.06899E+09  1.84090E+08  1.21902E+08  1.07282E+09  1.31761E+00
 0.330  4.66590E+07  1.73242E+09  2.23187E+09  4.46267E+07  8.48546E+07  1.02135E+09  6.44017E-01
 0.340  1.01585E+08  1.83679E+09  2.38748E+09  9.71900E+07  1.14068E+08  1.06542E+09  9.57693E-01
 0.350  9.42896E+07  1.92827E+09  2.51879E+09  9.03572E+07  1.20849E+08  1.02194E+09  1.17055E+00
 0.360  7.99891E+07  1.90962E+09  2.52606E+09  7.70252E+07  2.80322E+07  1.02426E+09  3.32436E-01
 0.370  4.15549E+07  1.88166E+09  2.51189E+09  3.95301E+07  2.73326E+07  1.01021E+09  2.49030E-01
 0.380  3.18250E+08  2.04600E+09  2.73113E+09  3.11431E+08  9.62249E+07  1.07124E+09  1.59078E+00
 0.390  6.20011E+07  2.09523E+09  2.80203E+09  6.00583E+07  6.88994E+07  9.28821E+08  6.98859E-01
 0.400  3.56160E+07  1.87769E+08  2.52748E+08  3.32528E+07  5.76745E+06  2.40519E+08  7.54327E-02
 0.410  4.07181E+08  4.86400E+09  6.40019E+09  4.00565E+08  2.79078E+08  1.71947E+09  4.08341E+00
 0.420  1.54811E+08  5.28257E+09  6.99851E+09  1.51982E+08  1.94078E+08  1.81483E+09  1.72387E+00
 0.430  7.70870E+07  5.32778E+09  7.13833E+09  7.48295E+07  6.71798E+07  1.80992E+09  6.69249E-01
 0.440  5.42779E+07  5.13335E+09  6.93830E+09  5.21621E+07  4.03533E+07  1.71198E+09  4.32604E-01
 0.450  3.13015E+07  5.15067E+09  7.01387E+09  2.98016E+07  2.93097E+07  1.74491E+09  3.11982E-01
 0.460  2.80208E+07  5.06205E+09  6.93965E+09  2.65514E+07  1.69406E+07  1.68787E+09  1.77978E-01
 0.470  3.38293E+07  5.02133E+09  6.92382E+09  3.21711E+07  1.64602E+07  1.68887E+09  1.77398E-01
 0.480  3.77883E+07  5.02543E+09  6.96172E+09  3.60886E+07  1.81971E+07  1.73260E+09  2.10638E-01
 0.490  3.96523E+07  4.99223E+09  6.94296E+09  3.78234E+07  2.13153E+07  1.72620E+09  2.39309E-01
 0.500  6.16687E+07  4.88556E+09  6.81949E+09  5.94722E+07  2.42705E+07  1.66983E+09  2.66270E-01
