  38
 0.130 -1.04254E-01  1.76133E-01  1.27864E-01  6.92435E+00 -5.66574E+01  2.19921E+01   1.000  2.54896E+07  2.73160E+07  1.17234E+07  0.00000E+00  3.63397E+08  2.04471E-02  2.76101E+02   7.076   7.219
 0.140  6.68483E-02  1.70812E-02  6.88218E-02 -9.98225E+00 -4.01376E+01  2.44067E+01   1.070  2.90856E+07  2.99485E+07  1.51392E+07  3.15161E+06  4.75634E+08  2.87826E-02  3.33752E+02   7.140   7.212
 0.150  1.89675E-01  4.31129E-02 -4.41507E-02 -3.72999E+01 -2.43982E+01  1.66360E+01   1.226  4.31995E+07  4.34437E+07  1.77050E+07  4.68191E+06  5.37406E+08  2.38790E-02  3.91249E+02   7.138   7.195
 0.160  1.02692E-01 -1.48317E-01  2.66839E-01 -3.58812E+01 -1.67459E+01  2.04644E+01   1.470  7.42077E+07  7.40347E+07  2.47292E+07  8.02391E+06  8.25147E+08  5.62193E-02  4.23965E+02   7.152   7.175
 0.170  1.59554E-02 -7.47431E-02 -2.92919E-02 -7.49941E+00  3.35373E+01 -4.65905E+00   1.369  9.36228E+07  1.06467E+08  4.17667E+07  9.83790E+06  8.01204E+08  2.13139E-01  3.35785E+02   7.478   7.306
 0.180  1.16604E-01 -3.08213E-01  1.00872E-01 -1.67000E+01  1.35955E+00  2.09033E+01   1.493  6.65649E+07  6.96296E+07  5.18896E+07  1.32231E+07  9.48608E+08  8.41215E-02  3.89303E+02   7.480   7.347
 0.190  2.69819E-01  6.74272E-03  3.97275E-01 -3.66289E+01 -4.37583E+01  1.96852E+01   2.119  7.60098E+07  8.43569E+07  8.37988E+07  2.65705E+07  1.44885E+09  1.66972E-01  4.01205E+02   7.516   7.411
 0.200 -2.01536E-01 -3.11605E-01  1.78561E-01 -3.36753E+01 -5.59033E+00  1.71819E+01   2.047  1.23617E+08  1.20099E+08  8.69066E+07  2.68985E+07  1.50713E+09  1.01434E-01  4.88131E+02   7.400   7.407
 0.210  1.03388E-01 -4.14727E-01  4.01511E-02 -4.34918E+01 -5.66699E+00  1.87537E+01   2.981  3.86487E+08  3.86538E+08  1.40561E+08  4.46348E+07  2.52208E+09  3.85212E-01  4.62468E+02   7.497   7.420
 0.220 -1.88373E-01  2.99572E-01  4.02500E-01 -3.27682E+01 -8.73466E+00  2.98805E+00   2.783  2.73211E+08  2.76844E+08  1.72823E+08  4.11351E+07  2.62235E+09  3.08928E-01  4.59689E+02   7.687   7.531
 0.230 -1.93791E+00  1.91147E+00 -1.66169E-01  4.38112E+01  1.88637E+01 -4.49357E+01   4.661  4.71983E+08  4.55171E+08  3.65506E+08  1.39765E+08  7.80386E+09  9.71004E-01  4.20317E+02   7.867   7.594
 0.240 -6.89419E-01 -3.65527E-01  4.08840E-01  5.06531E+01 -6.50833E+01  2.96082E+01   4.897  1.00370E+09  9.79313E+08  5.53902E+08  1.75143E+08  6.25341E+09  1.07048E+00  3.69796E+02   7.924   7.781
 0.250  1.13669E+00 -5.95418E-01 -2.98010E-01 -1.68760E+01 -2.12927E+01 -2.29126E+01   3.178  8.49783E+08  9.01292E+08  5.50306E+08  1.66688E+08  3.84082E+09  1.72339E+00  4.22005E+02   7.972   7.822
 0.260 -4.57747E-01  4.96576E-01  1.14265E-01 -3.42334E+01  9.49378E+01  1.85198E+01   4.095  9.66428E+08  1.05499E+09  8.86681E+08  4.11149E+08  5.98778E+09  1.57776E+00  4.98847E+02   8.099   7.880
 0.270 -6.61664E-02 -5.08425E-02 -2.89711E-02  3.78835E+01 -1.92868E+01 -8.63655E+00   4.382  1.01172E+09  1.07331E+09  1.20323E+09  5.35071E+08  6.75299E+09  1.89364E+00  5.24576E+02   8.113   7.938
 0.280 -4.97221E-02 -1.24750E-01 -1.14962E-01  1.34718E+00 -1.12718E+01  3.59617E+00   3.502  8.23302E+08  9.74809E+08  1.38072E+09  5.06315E+08  5.20396E+09  2.70580E+00  5.42213E+02   8.234   8.012
 0.290  2.76409E-02  9.14458E-02  7.03883E-02  2.43644E+00  1.90978E+01  1.03650E+01   2.823  6.47742E+08  1.00117E+09  1.68687E+09  4.07186E+08  4.14818E+09  4.46671E+00  4.97125E+02   8.418   8.210
 0.300 -1.51116E-01 -7.03712E-02 -1.15412E-01  2.42732E+01  3.16171E+01  5.14123E+00   3.437  5.58022E+08  8.11590E+08  2.28040E+09  5.46334E+08  5.53510E+09  2.95252E+00  5.58541E+02   8.452   8.328
 0.310  4.89757E-03  4.01832E-01 -1.25431E-01  9.68965E-01 -4.60318E+00 -4.82742E+00   4.648  6.00350E+08  7.56466E+08  2.85342E+09  7.42257E+08  8.67290E+09  2.70272E+00  6.73435E+02   8.393   8.355
 0.320  4.89748E-02  7.26605E-02 -1.27501E-01 -6.98485E+00 -8.45532E+00 -1.98262E+01   4.285  5.91881E+08  6.68133E+08  2.95084E+09  7.10628E+08  7.77044E+09  1.56332E+00  7.62738E+02   8.353   8.405
 0.330  7.74342E-02  2.56514E-01 -1.23903E-01  1.61909E+00 -2.56676E+00 -3.55524E+00   4.843  5.71384E+08  6.05532E+08  3.19902E+09  7.67595E+08  8.99423E+09  8.43081E-01  8.70532E+02   8.264   8.427
 0.340 -3.88960E-01 -3.03423E-01 -6.42313E-01 -1.53568E+00  1.78710E+00 -4.69514E+00   5.131  7.84808E+08  8.63454E+08  3.51185E+09  8.61105E+08  1.11180E+10  1.51723E+00  9.85230E+02   8.208   8.424
 0.350 -2.56975E-01  2.86127E-02 -1.72003E-01  6.87596E+00  6.04725E+00 -3.32206E+00   5.534  8.34738E+08  9.06038E+08  3.70170E+09  8.47469E+08  1.10054E+10  1.69759E+00  1.06902E+03   8.185   8.431
 0.360  3.09158E-03  6.33746E-02 -5.51372E-02  7.72067E+00 -1.86994E+00  4.81683E-01   5.455  1.14849E+09  1.13017E+09  3.81541E+09  8.61605E+08  1.08542E+10  1.06361E+00  1.19387E+03   8.090   8.430
 0.370 -1.94479E-01  1.37576E-01 -1.81369E-01 -1.30949E+01 -6.43977E+00 -3.29472E+00   6.621  1.03146E+09  1.03636E+09  4.11876E+09  9.59526E+08  1.49988E+10  1.20763E+00  1.30130E+03   8.156   8.413
 0.380  7.23563E-02  7.07531E-01  7.49105E-01  1.12419E+02  6.91147E+01  8.89746E+01   7.309  2.71390E+09  2.76557E+09  4.75977E+09  1.24062E+09  2.62218E+10  4.46851E+00  1.36897E+03   8.111   8.378
 0.390  1.39772E+00  6.68170E-01  3.71905E+00 -1.24171E+01  4.06497E+01 -8.22535E+00  12.762  1.56096E+09  1.35151E+09  4.92121E+09  1.21017E+09  3.54699E+10  9.93634E-01  1.48228E+03   8.186   8.388
 0.400 -2.21168E-01  6.74140E-01 -1.34215E+00 -1.13684E+01  3.99079E+01 -4.31106E+01   7.129  1.49955E+09  1.46013E+09  4.74613E+09  1.04682E+09  1.53327E+10  1.31412E+00  1.58126E+03   8.157   8.413
 0.410  4.22797E-01  1.96000E-01  4.56337E-01  1.53875E+01 -5.89441E+00 -3.32751E+01   7.865  2.59702E+09  3.03029E+09  1.06314E+10  6.55869E+09  3.03333E+10  9.26451E+00  1.28120E+03   8.345   8.486
 0.420 -1.07682E+00 -1.71953E+00 -3.61056E-01 -3.69396E+01  2.47749E+01 -2.53037E+01   9.677  3.36930E+09  3.46030E+09  1.23494E+10  7.13377E+09  4.05866E+10  4.36474E+00  1.40155E+03   8.291   8.473
 0.430 -6.29137E-01 -1.17577E+00  4.65680E-01 -6.37553E+01  2.52977E-01  6.49441E+00  11.070  3.22989E+09  3.12513E+09  1.27067E+10  7.20066E+09  4.67610E+10  2.66275E+00  1.52849E+03   8.270   8.478
 0.440  3.94690E-01 -5.29009E-02  3.78447E-01 -1.91125E+01 -2.19361E+01  1.95214E+01  10.632  3.49244E+09  3.36895E+09  1.28187E+10  7.24948E+09  4.45900E+10  1.34799E+00  1.66085E+03   8.265   8.481
 0.450  3.55639E-01 -1.51865E+00  1.07706E+00 -1.03057E+01 -2.46782E+01  1.35161E+01  11.444  5.47829E+09  5.35702E+09  1.34478E+10  7.35139E+09  5.11512E+10  4.55056E+00  1.76649E+03   8.244   8.473
 0.460 -6.13721E-01 -3.16411E-01  1.41214E-01 -1.10076E+01  1.80062E+01 -1.69582E+01   9.489  2.93199E+09  2.84359E+09  1.30748E+10  6.96470E+09  4.05423E+10  1.56457E+00  1.89525E+03   8.329   8.486
 0.470  8.44450E-01  9.32854E-02  2.04275E-01  8.29780E+00 -3.27929E+01  3.46857E+01   9.882  4.69385E+09  4.62897E+09  1.36094E+10  7.07000E+09  4.29620E+10  3.94682E+00  1.99837E+03   8.326   8.481
 0.480  1.56888E-02 -2.74550E-01  3.23845E-01  1.97107E+00 -1.08254E+00 -2.88666E-02  11.469  4.49821E+09  4.40503E+09  1.44547E+10  7.30721E+09  5.14408E+10  3.47618E+00  2.08890E+03   8.370   8.471
 0.490  6.37856E-01 -6.33611E-02 -2.37389E-01  1.78606E+01 -1.93558E+01 -2.85768E+00   9.046  3.92080E+09  3.93723E+09  1.41824E+10  6.94063E+09  3.98975E+10  3.99512E+00  2.18837E+03   8.414   8.484
 0.500 -3.55786E-01  1.66129E-01 -1.22642E-01  1.29900E+01  1.11020E+01 -1.15158E+01   9.260  3.83185E+09  3.88282E+09  1.48382E+10  6.98984E+09  4.13075E+10  4.41940E+00  2.26567E+03   8.457   8.483
