  38
 0.130   1.000  2.04471E-02  1.95414E-02  3.22256E-02
 0.140   1.070  2.87826E-02  3.24181E-02  2.41439E-02
 0.150   1.226  2.38790E-02  2.71061E-02  2.56065E-02
 0.160   1.470  5.62193E-02  6.94736E-02  3.82812E-02
 0.170   1.369  2.13139E-01  2.20461E-01  1.94593E-01
 0.180   1.493  8.41215E-02  1.00066E-01  8.50734E-02
 0.190   2.119  1.66972E-01  1.48738E-01  1.85059E-01
 0.200   2.047  1.01434E-01  1.20224E-01  7.43362E-02
 0.210   2.981  3.85212E-01  4.12700E-01  3.51220E-01
 0.220   2.783  3.08928E-01  3.28840E-01  3.59765E-01
 0.230   4.661  9.71004E-01  1.07165E+00  8.33175E-01
 0.240   4.897  1.07048E+00  9.95849E-01  1.38202E+00
 0.250   3.178  1.72339E+00  1.97207E+00  1.23269E+00
 0.260   4.095  1.57776E+00  1.54110E+00  1.76699E+00
 0.270   4.382  1.89364E+00  2.03023E+00  1.80371E+00
 0.280   3.502  2.70580E+00  2.76307E+00  2.43424E+00
 0.290   2.823  4.46671E+00  4.20916E+00  4.42949E+00
 0.300   3.437  2.95252E+00  2.81826E+00  3.37878E+00
 0.310   4.648  2.70272E+00  2.76693E+00  2.55693E+00
 0.320   4.285  1.56332E+00  1.58764E+00  1.58648E+00
 0.330   4.843  8.43081E-01  7.53623E-01  1.20765E+00
 0.340   5.131  1.51723E+00  1.28135E+00  1.89150E+00
 0.350   5.534  1.69759E+00  1.53703E+00  1.96048E+00
 0.360   5.455  1.06361E+00  1.15643E+00  9.44664E-01
 0.370   6.621  1.20763E+00  1.06737E+00  1.49553E+00
 0.380   7.309  4.46851E+00  5.04212E+00  3.23211E+00
 0.390  12.762  9.93634E-01  9.33764E-01  1.27087E+00
 0.400   7.129  1.31412E+00  1.39125E+00  1.11605E+00
 0.410   7.865  9.26451E+00  9.19247E+00  7.84405E+00
 0.420   9.677  4.36474E+00  4.03752E+00  5.05807E+00
 0.430  11.070  2.66275E+00  2.75395E+00  2.45739E+00
 0.440  10.632  1.34799E+00  1.35829E+00  1.32655E+00
 0.450  11.444  4.55056E+00  4.36830E+00  4.48435E+00
 0.460   9.489  1.56457E+00  1.54889E+00  1.66589E+00
 0.470   9.882  3.94682E+00  3.99099E+00  3.67361E+00
 0.480  11.469  3.47618E+00  3.24933E+00  3.83725E+00
 0.490   9.046  3.99512E+00  4.09872E+00  3.69198E+00
 0.500   9.260  4.41940E+00  4.32991E+00  4.44061E+00
