  36
 0.130   0.863   0.500  4.58062E-03  4.86580E-03  3.66442E-03
 0.140   1.000   0.637  5.49493E-03  2.59465E-03  9.14867E-03
 0.150   1.068   0.530  9.80854E-03  9.32314E-03  7.72867E-03
 0.160   1.033   0.672  2.79754E-02  3.70601E-02  1.64529E-02
 0.170   1.566   0.790  1.60370E-02  1.72533E-02  1.69268E-02
 0.180   1.703   1.388  2.34374E-03  2.40861E-03  4.03529E-03
 0.190   2.203   1.373  3.19623E-02  3.19088E-02  2.64469E-02
 0.200   2.710   1.238  5.45945E-03  5.34720E-03  5.46235E-03
 0.210   3.131   1.032  2.46465E-01  3.07264E-01  1.52968E-01
 0.220   4.588   3.193  2.05430E-01  2.57063E-01  1.25567E-01
 0.230   2.030   1.186  1.39311E+00  1.57192E+00  9.64990E-01
 0.240   2.686   1.041  7.17171E-02  4.90315E-02  1.20020E-01
 0.250   2.833   1.479  2.41125E+00  2.85251E+00  1.63993E+00
 0.260   3.322   1.421  4.85512E+00  5.00540E+00  4.48384E+00
 0.270   4.912   2.720  3.63026E+00  3.12581E+00  4.87240E+00
 0.280   2.866   0.867  5.27608E+00  5.43318E+00  4.83273E+00
 0.290   4.088   1.219  5.12178E+00  5.11419E+00  5.07327E+00
 0.300   4.576   2.022  3.93351E+00  4.04608E+00  4.37481E+00
 0.310   5.155   1.554  3.52141E+00  3.57850E+00  3.59746E+00
 0.320   7.656   2.665  2.16730E+00  2.00152E+00  2.77084E+00
 0.330   7.291   1.948  3.36040E+00  3.32698E+00  3.24756E+00
 0.340   6.030   2.047  4.02630E+00  4.08225E+00  3.59267E+00
 0.350   6.095   1.712  3.54096E+00  3.69983E+00  3.14626E+00
 0.360   5.690   2.118  7.13018E+00  7.17780E+00  6.56414E+00
 0.370   6.124   1.207  8.96287E+00  9.41384E+00  7.87828E+00
 0.380   9.943   3.053  4.25223E+00  4.39939E+00  4.66705E+00
 0.390   7.608   1.672  5.31529E+00  5.07553E+00  5.14624E+00
 0.400   8.015   2.351  4.57942E+00  4.77692E+00  4.41794E+00
 0.410   6.527   1.327  4.08179E+00  3.84247E+00  4.45712E+00
 0.420   7.488   1.917  5.84514E+00  5.69200E+00  5.36024E+00
 0.430   4.316   0.758  6.35367E+00  6.46011E+00  6.20013E+00
 0.440   3.094   0.500  9.48458E+00  9.63256E+00  9.38776E+00
 0.450   8.068   1.227  4.63918E+00  5.05509E+00  4.37426E+00
 0.460   4.636   1.173  1.63561E+00  1.62019E+00  1.68876E+00
 0.470   7.121   3.688  6.47068E-01  6.36385E-01  5.40906E-01
 0.480   8.506   1.748  6.34469E-01  7.12916E-01  4.96265E-01
