  36
 0.130   0.863   0.500  1.04618E+06  1.23418E+06  1.03654E+06  1.73238E+02  0.00000E+00  0.00000E+00  0.00000E+00  1.04618E+06  1.23418E+06  1.03654E+06
 0.140   1.000   0.637  1.80437E+06  2.15938E+06  1.78460E+06  2.13956E+02  1.00554E+05  1.25972E+05  9.79528E+04  1.70382E+06  2.03341E+06  1.68665E+06
 0.150   1.068   0.530  2.57466E+06  3.09130E+06  2.54827E+06  2.27439E+02  9.11515E+04  1.14156E+05  8.92918E+04  2.48351E+06  2.97714E+06  2.45898E+06
 0.160   1.033   0.672  2.26781E+06  2.53270E+06  2.25228E+06  1.47442E+02  1.07903E+05  1.36653E+05  1.04832E+05  2.15990E+06  2.39605E+06  2.14745E+06
 0.170   1.566   0.790  2.70895E+06  3.17814E+06  2.68408E+06  2.16760E+02  2.37227E+05  3.03213E+05  2.28800E+05  2.47172E+06  2.87493E+06  2.45528E+06
 0.180   1.703   1.388  2.91958E+06  3.54434E+06  2.88957E+06  2.72480E+02  1.67235E+05  2.11479E+05  1.63147E+05  2.75235E+06  3.33286E+06  2.72642E+06
 0.190   2.203   1.373  1.12253E+07  1.37387E+07  1.10990E+07  3.24750E+02  1.61591E+06  2.03226E+06  1.58536E+06  9.60936E+06  1.17064E+07  9.51361E+06
 0.200   2.710   1.238  1.57366E+07  1.96719E+07  1.55397E+07  3.92172E+02  3.31219E+06  4.16675E+06  3.26234E+06  1.24244E+07  1.55051E+07  1.22774E+07
 0.210   3.131   1.032  2.88028E+07  3.40341E+07  2.85736E+07  2.71120E+02  3.61487E+06  4.59922E+06  3.55641E+06  2.51879E+07  2.94349E+07  2.50172E+07
 0.220   4.588   3.193  2.04699E+07  2.41112E+07  2.02768E+07  3.16792E+02  3.49809E+06  4.52236E+06  3.42246E+06  1.69718E+07  1.95889E+07  1.68543E+07
 0.230   2.030   1.186  9.21610E+07  1.02185E+08  9.20903E+07  5.05135E+01  2.23134E+06  2.87342E+06  2.19176E+06  8.99296E+07  9.93117E+07  8.98986E+07
 0.240   2.686   1.041  1.20310E+08  1.45321E+08  1.19941E+08  1.76505E+02  1.18510E+07  1.48306E+07  1.17447E+07  1.08459E+08  1.30490E+08  1.08196E+08
 0.250   2.833   1.479  2.97434E+08  3.50845E+08  2.95802E+08  2.54946E+02  8.66726E+07  1.11459E+08  8.54889E+07  2.10761E+08  2.39386E+08  2.10313E+08
 0.260   3.322   1.421  7.01343E+08  8.20952E+08  6.99232E+08  1.69648E+02  9.66287E+07  1.25006E+08  9.52763E+07  6.04714E+08  6.95947E+08  6.03955E+08
 0.270   4.912   2.720  1.46447E+09  1.76447E+09  1.45935E+09  2.14556E+02  1.59315E+08  2.05918E+08  1.57131E+08  1.30515E+09  1.55855E+09  1.30222E+09
 0.280   2.866   0.867  1.75805E+09  2.14253E+09  1.75064E+09  2.65791E+02  1.06726E+08  1.40499E+08  1.04799E+08  1.65132E+09  2.00203E+09  1.64584E+09
 0.290   4.088   1.219  2.41344E+09  2.98034E+09  2.40109E+09  3.26854E+02  1.74928E+08  2.28511E+08  1.72076E+08  2.23851E+09  2.75183E+09  2.22901E+09
 0.300   4.576   2.022  2.96852E+09  3.71043E+09  2.95053E+09  3.92711E+02  2.13667E+08  2.80988E+08  2.09966E+08  2.75485E+09  3.42944E+09  2.74056E+09
 0.310   5.155   1.554  3.18128E+09  4.02448E+09  3.15848E+09  4.70956E+02  2.22663E+08  2.94864E+08  2.18454E+08  2.95862E+09  3.72962E+09  2.94003E+09
 0.320   7.656   2.665  2.66823E+09  3.39834E+09  2.64599E+09  5.46217E+02  2.80721E+08  3.72075E+08  2.75297E+08  2.38751E+09  3.02626E+09  2.37070E+09
 0.330   7.291   1.948  2.38138E+09  3.04638E+09  2.35899E+09  6.23682E+02  2.53988E+08  3.39020E+08  2.48508E+08  2.12739E+09  2.70736E+09  2.11048E+09
 0.340   6.030   2.047  3.54042E+09  4.56723E+09  3.50491E+09  6.90653E+02  2.37921E+08  3.20752E+08  2.32030E+08  3.30250E+09  4.24648E+09  3.27288E+09
 0.350   6.095   1.712  4.23252E+09  5.51394E+09  4.18483E+09  7.90877E+02  2.51224E+08  3.39467E+08  2.44817E+08  3.98130E+09  5.17447E+09  3.94001E+09
 0.360   5.690   2.118  4.94649E+09  6.40468E+09  4.89143E+09  7.97911E+02  2.81277E+08  3.79956E+08  2.74090E+08  4.66522E+09  6.02473E+09  4.61734E+09
 0.370   6.124   1.207  5.37601E+09  6.94115E+09  5.31597E+09  8.16130E+02  2.35793E+08  3.21301E+08  2.28808E+08  5.14021E+09  6.61985E+09  5.08716E+09
 0.380   9.943   3.053  5.64641E+09  7.37784E+09  5.54906E+09  1.08450E+03  1.79630E+09  2.42736E+09  1.73726E+09  3.85011E+09  4.95048E+09  3.81181E+09
 0.390   7.608   1.672  5.65096E+09  7.42801E+09  5.54755E+09  1.17488E+03  1.62465E+09  2.21012E+09  1.56614E+09  4.02631E+09  5.21789E+09  3.98140E+09
 0.400   8.015   2.351  6.92105E+09  9.14904E+09  6.79465E+09  1.23063E+03  1.34133E+09  1.83295E+09  1.29217E+09  5.57972E+09  7.31609E+09  5.50248E+09
 0.410   6.527   1.327  6.24069E+09  8.27269E+09  6.12413E+09  1.28761E+03  9.94932E+08  1.36779E+09  9.54727E+08  5.24576E+09  6.90490E+09  5.16940E+09
 0.420   7.488   1.917  7.66193E+09  1.01739E+10  7.51885E+09  1.32679E+03  1.29386E+09  1.77258E+09  1.24379E+09  6.36807E+09  8.40129E+09  6.27506E+09
 0.430   4.316   0.758  5.89638E+09  7.77544E+09  5.78672E+09  1.32002E+03  7.37002E+08  1.01680E+09  7.03847E+08  5.15937E+09  6.75865E+09  5.08287E+09
 0.440   3.094   0.500  5.39422E+09  6.99294E+09  5.30265E+09  1.19369E+03  5.39126E+08  7.45153E+08  5.12848E+08  4.85509E+09  6.24778E+09  4.78980E+09
 0.450   8.068   1.227  7.70943E+09  1.02054E+10  7.57059E+09  1.35181E+03  9.90158E+08  1.36491E+09  9.47009E+08  6.71928E+09  8.84045E+09  6.62358E+09
 0.460   4.636   1.173  3.76906E+09  5.04405E+09  3.68543E+09  1.61305E+03  5.47634E+08  7.59678E+08  5.20062E+08  3.22143E+09  4.28438E+09  3.16537E+09
 0.470   7.121   3.688  1.25247E+09  1.72586E+09  1.20751E+09  2.48730E+03  3.99880E+08  5.58228E+08  3.79278E+08  8.52587E+08  1.16764E+09  8.28228E+08
 0.480   8.506   1.748  1.13536E+09  1.56175E+09  1.09307E+09  2.57233E+03  3.50155E+08  4.89478E+08  3.30883E+08  7.85205E+08  1.07227E+09  7.62184E+08
