  36
 0.130   5.750   0.863  2.31982E+09  1.35256E+08  1.37376E+07  1.66347E+07  2.17082E+09  1.20641E+07  4.58571E+06  5.54525E+06  1.42000E+08  2.61125E+08  1.42935E+07  1.73072E+07  3.21604E+09  2.16671E+07  7.64606E+06  9.22878E+06  2.57729E+08
 0.140   6.750   1.000  3.01227E+09  1.65232E+08  1.84268E+07  2.24078E+07  2.82861E+09  2.50404E+06  8.17970E+06  9.81479E+06  1.84733E+08  2.80023E+08  1.85627E+07  2.25755E+07  3.73382E+09  7.64453E+06  1.18770E+07  1.43404E+07  3.39454E+08
 0.150   8.000   1.068  4.19906E+09  2.47118E+08  2.13281E+07  2.62842E+07  3.93061E+09  8.81269E+06  1.11180E+07  1.36249E+07  2.46422E+08  3.74139E+08  2.29642E+07  2.82619E+07  4.81894E+09  1.69549E+07  1.35447E+07  1.66223E+07  3.70547E+08
 0.160  10.250   1.033  7.14125E+09  6.42187E+08  3.24850E+07  3.95129E+07  6.46658E+09  6.50720E+07  1.91819E+07  2.31229E+07  4.17687E+08  6.20514E+08  3.23213E+07  3.93061E+07  6.30113E+09  6.57421E+07  1.92910E+07  2.32564E+07  4.22426E+08
 0.170  12.750   1.566  1.17297E+10  1.34198E+09  7.59496E+07  9.03508E+07  1.03118E+10  4.23100E+07  4.90818E+07  5.78619E+07  5.07559E+08  9.92204E+08  6.76610E+07  8.04669E+07  8.17000E+09  6.17958E+07  5.19122E+07  6.12417E+07  6.81235E+08
 0.180  15.500   1.703  1.78637E+10  2.18742E+09  1.21301E+08  1.46568E+08  1.55550E+10  9.74830E+07  6.81106E+07  8.21428E+07  7.28125E+08  1.19575E+09  9.90589E+07  1.19297E+08  9.24431E+09  1.12482E+08  6.99330E+07  8.43279E+07  8.18995E+08
 0.190  17.250   2.203  2.07599E+10  2.60599E+09  2.18982E+08  2.65429E+08  1.79349E+10  4.05049E+07  8.46220E+07  1.03775E+08  7.93305E+08  9.25589E+08  1.21654E+08  1.48225E+08  7.93098E+09  5.57008E+07  9.01978E+07  1.10531E+08  1.07913E+09
 0.200  20.000   2.710  2.73619E+10  3.42430E+09  2.93058E+08  3.63466E+08  2.36445E+10  3.25181E+07  8.94064E+07  1.12227E+08  8.82430E+08  9.70883E+08  1.25091E+08  1.56553E+08  7.57689E+09  6.74021E+07  9.50496E+07  1.19292E+08  1.28748E+09
 0.210  28.250   3.131  6.70817E+10  8.35195E+09  1.33711E+09  1.64282E+09  5.73926E+10  4.29185E+08  1.27964E+08  1.58360E+08  1.54113E+09  1.86686E+09  2.73570E+08  3.37780E+08  1.13287E+10  4.70561E+08  1.31046E+08  1.62165E+08  1.76012E+09
 0.220  34.250   4.588  1.05172E+11  1.18894E+10  2.06434E+09  2.56130E+09  9.12187E+10  3.28658E+08  2.12134E+08  2.60101E+08  2.73542E+09  3.20006E+09  5.34968E+08  6.54068E+08  1.77612E+10  6.43935E+08  2.45196E+08  2.99564E+08  4.31138E+09
 0.230  38.250   2.030  1.28137E+11  1.29879E+10  3.27920E+09  3.97489E+09  1.11870E+11  1.91584E+09  1.33248E+09  1.53593E+09  6.94437E+09  5.10529E+09  2.71897E+09  3.25676E+09  3.07592E+10  1.12692E+09  8.38597E+08  9.48351E+08  2.07380E+09
 0.240  41.250   2.686  1.41748E+11  1.29298E+10  4.03427E+09  5.00288E+09  1.24784E+11  2.99618E+08  1.50777E+09  1.83556E+09  5.22882E+09  2.66646E+09  3.33338E+09  4.10212E+09  2.43919E+10  1.66030E+08  1.12688E+09  1.36093E+09  2.15087E+09
 0.250  44.250   2.833  1.56592E+11  1.30015E+10  4.90784E+09  6.14048E+09  1.38682E+11  1.99858E+09  3.07451E+09  3.80189E+09  9.70872E+09  3.71654E+09  4.29874E+09  5.34848E+09  2.86862E+10  1.39195E+09  2.59767E+09  3.20049E+09  5.41180E+09
 0.260  46.750   3.322  1.61572E+11  1.23036E+10  5.94473E+09  7.46760E+09  1.43324E+11  2.49752E+09  4.50889E+09  5.60773E+09  1.20309E+10  3.98990E+09  5.26391E+09  6.57671E+09  2.80366E+10  1.92957E+09  3.97178E+09  4.92386E+09  7.82564E+09
 0.270  48.500   4.912  1.62936E+11  1.15416E+10  6.73061E+09  8.54754E+09  1.44664E+11  1.43200E+09  5.25203E+09  6.62005E+09  1.25742E+10  3.20370E+09  6.09971E+09  7.72000E+09  2.86474E+10  1.45868E+09  5.26997E+09  6.64313E+09  1.27590E+10
 0.280  51.000   2.866  1.70750E+11  1.10389E+10  7.34969E+09  9.40972E+09  1.52361E+11  1.88317E+09  5.90705E+09  7.51418E+09  1.38663E+10  3.31131E+09  6.64991E+09  8.48564E+09  2.88605E+10  1.14236E+09  4.97580E+09  6.30511E+09  6.84444E+09
 0.290  56.500   4.088  2.09361E+11  1.31009E+10  9.73619E+09  1.25827E+10  1.86524E+11  2.45829E+09  6.69914E+09  8.59548E+09  1.59776E+10  3.73827E+09  7.30229E+09  9.39224E+09  2.96711E+10  1.81184E+09  6.20331E+09  7.94675E+09  1.09879E+10
 0.300  59.500   4.576  2.22839E+11  1.33261E+10  1.05577E+10  1.37162E+10  1.98956E+11  2.30222E+09  7.32784E+09  9.47181E+09  1.69705E+10  3.45251E+09  7.91085E+09  1.02437E+10  3.06177E+10  1.74041E+09  6.92331E+09  8.94016E+09  1.25917E+10
 0.310  63.500   5.155  2.45754E+11  1.45125E+10  1.11089E+10  1.45530E+10  2.20132E+11  2.60531E+09  7.86918E+09  1.02611E+10  1.88400E+10  3.96953E+09  8.34106E+09  1.08883E+10  3.13179E+10  2.13935E+09  7.56206E+09  9.85465E+09  1.49099E+10
 0.320  66.750   7.656  2.60194E+11  1.53665E+10  1.15951E+10  1.52849E+10  2.33233E+11  2.20048E+09  8.30667E+09  1.09132E+10  1.99983E+10  3.78317E+09  8.77094E+09  1.15290E+10  3.22363E+10  2.74501E+09  8.50053E+09  1.11696E+10  2.34593E+10
 0.330  70.250   7.291  2.76465E+11  1.62481E+10  1.21178E+10  1.60462E+10  2.48099E+11  2.62010E+09  8.75437E+09  1.15668E+10  2.18085E+10  4.05899E+09  9.17577E+09  1.21219E+10  3.34760E+10  2.78622E+09  8.82048E+09  1.16525E+10  2.27992E+10
 0.340  72.750   6.030  2.81446E+11  1.65912E+10  1.26853E+10  1.68508E+10  2.52169E+11  2.69781E+09  9.32585E+09  1.23632E+10  2.35277E+10  3.84855E+09  9.68318E+09  1.28372E+10  3.43389E+10  2.07757E+09  8.95491E+09  1.18780E+10  1.89279E+10
 0.350  75.250   6.095  2.87001E+11  1.69600E+10  1.30979E+10  1.74823E+10  2.56943E+11  3.17751E+09  9.78697E+09  1.30339E+10  2.46398E+10  3.88913E+09  1.00590E+10  1.33998E+10  3.42757E+10  2.62863E+09  9.43394E+09  1.25669E+10  1.93495E+10
 0.360  78.000   5.690  2.96555E+11  1.69166E+10  1.40700E+10  1.87582E+10  2.65568E+11  3.61641E+09  1.06454E+10  1.41505E+10  2.59468E+10  4.35564E+09  1.08951E+10  1.44880E+10  3.46460E+10  2.60133E+09  1.00571E+10  1.33699E+10  1.80847E+10
 0.370  82.500   6.124  3.25000E+11  1.87894E+10  1.56577E+10  2.08565E+10  2.90553E+11  3.67533E+09  1.20306E+10  1.59831E+10  3.05688E+10  4.24965E+09  1.38503E+10  1.84168E+10  4.05149E+10  2.92156E+09  1.12637E+10  1.49501E+10  2.08552E+10
 0.380  86.750   9.943  3.53910E+11  2.24813E+10  1.70487E+10  2.27636E+10  3.14380E+11  2.93726E+09  1.46542E+10  1.95376E+10  3.40420E+10  3.37620E+09  1.49085E+10  1.98835E+10  4.01504E+10  3.35517E+09  1.49008E+10  1.98730E+10  3.98890E+10
 0.390  89.500   7.608  3.61045E+11  2.23667E+10  1.80306E+10  2.41223E+10  3.20648E+11  3.38215E+09  1.53468E+10  2.05205E+10  3.58337E+10  3.67472E+09  1.55702E+10  2.08225E+10  4.06231E+10  2.90105E+09  1.48981E+10  1.99198E+10  2.97396E+10
 0.400  92.000   8.015  3.62209E+11  2.17618E+10  1.89839E+10  2.54689E+10  3.21463E+11  3.89694E+09  1.61964E+10  2.17693E+10  4.19057E+10  4.47599E+09  1.64210E+10  2.20723E+10  4.68879E+10  3.26933E+09  1.57649E+10  2.11889E+10  3.48284E+10
 0.410  94.250   6.527  3.67580E+11  2.10611E+10  1.99568E+10  2.68410E+10  3.26562E+11  2.66312E+09  1.66432E+10  2.24545E+10  4.04045E+10  2.81548E+09  1.67827E+10  2.26396E+10  4.33764E+10  1.94573E+09  1.54093E+10  2.08040E+10  2.62159E+10
 0.420  97.000   7.488  3.73980E+11  2.02493E+10  2.06060E+10  2.78365E+10  3.33124E+11  3.04823E+09  1.73292E+10  2.34400E+10  4.01644E+10  3.11482E+09  1.73917E+10  2.35241E+10  4.15217E+10  2.43453E+09  1.66733E+10  2.25521E+10  3.00356E+10
 0.430  98.500   4.316  3.68698E+11  1.87051E+10  2.14807E+10  2.90609E+10  3.28512E+11  2.31954E+09  1.83284E+10  2.47881E+10  4.01382E+10  2.33761E+09  1.83519E+10  2.48206E+10  4.07710E+10  1.54405E+09  1.49869E+10  2.02444E+10  1.63641E+10
 0.440 100.250   3.094  3.62789E+11  1.62751E+10  2.28727E+10  3.09074E+10  3.23641E+11  1.64857E+09  1.97360E+10  2.66234E+10  4.03759E+10  1.64578E+09  1.97318E+10  2.66177E+10  4.02778E+10  1.05477E+09  1.42750E+10  1.91613E+10  1.13845E+10
 0.450 102.250   8.068  3.61117E+11  1.44331E+10  2.35811E+10  3.20144E+10  3.23103E+11  1.68349E+09  2.04854E+10  2.77715E+10  4.24365E+10  1.63907E+09  2.04401E+10  2.77093E+10  4.14805E+10  1.30844E+09  1.99514E+10  2.70358E+10  3.32815E+10
 0.460 104.250   4.636  3.60594E+11  1.30582E+10  2.40324E+10  3.27875E+10  3.23504E+11  1.27115E+09  2.10007E+10  2.86093E+10  4.31736E+10  1.22650E+09  2.09299E+10  2.85112E+10  4.14147E+10  7.40488E+08  1.80310E+10  2.45056E+10  1.82684E+10
 0.470 106.250   7.121  3.60308E+11  1.22268E+10  2.42717E+10  3.32857E+10  3.23810E+11  1.68227E+09  2.12888E+10  2.91529E+10  4.42783E+10  1.55882E+09  2.11921E+10  2.90188E+10  4.16396E+10  9.79958E+08  2.04175E+10  2.79445E+10  2.93722E+10
 0.480 108.250   8.506  3.58673E+11  1.16650E+10  2.43717E+10  3.35906E+10  3.22637E+11  1.63187E+09  2.17395E+10  2.99297E+10  4.88617E+10  1.52706E+09  2.14994E+10  2.95955E+10  4.46591E+10  1.35514E+09  2.10990E+10  2.90375E+10  3.73034E+10
