  36
 0.130  8.62500E-01  2.16671E+07  7.64606E+06  9.22878E+06  2.10353E+07  1.41895E+06  2.57729E+08  1.62005E-02
 0.140  1.01250E+00  8.01518E+06  1.19627E+07  1.44463E+07  7.71495E+06  3.85204E+06  3.44858E+08  3.78523E-02
 0.150  1.20000E+00  2.08061E+07  1.44840E+07  1.77971E+07  1.94989E+07  1.44291E+06  4.32153E+08  1.94098E-02
 0.160  1.53750E+00  9.23584E+07  2.32021E+07  2.80099E+07  8.76788E+07  6.41371E+06  7.20975E+08  1.08154E-01
 0.170  1.91250E+00  8.38891E+07  5.40111E+07  6.37695E+07  7.70237E+07  2.97382E+07  9.09865E+08  3.34838E-01
 0.180  2.32500E+00  1.70536E+08  7.40191E+07  8.92729E+07  1.60247E+08  1.81543E+07  1.21980E+09  2.08630E-01
 0.190  2.58750E+00  7.33372E+07  9.34616E+07  1.14441E+08  6.43945E+07  1.73399E+07  1.30610E+09  1.57153E-01
 0.200  3.00000E+00  8.46657E+07  9.67134E+07  1.21386E+08  6.51292E+07  1.62669E+06  1.47013E+09  1.48431E-02
 0.210  4.23750E+00  6.15989E+08  1.38402E+08  1.71191E+08  5.25340E+08  2.94613E+07  2.66192E+09  4.67843E-01
 0.220  5.13750E+00  8.59621E+08  2.61212E+08  3.18351E+08  7.50370E+08  7.62131E+07  5.17536E+09  8.92000E-01
 0.230  5.73750E+00  2.67946E+09  1.56690E+09  1.81502E+09  2.45250E+09  1.03645E+09  1.27084E+10  1.54110E+01
 0.240  6.18750E+00  7.95116E+08  2.15235E+09  2.64333E+09  6.67941E+08  2.66149E+08  1.12508E+10  1.46779E+00
 0.250  6.63750E+00  2.63596E+09  3.71455E+09  4.60676E+09  2.36772E+09  6.53573E+08  1.71590E+10  8.26888E+00
 0.260  7.01250E+00  3.25182E+09  5.05522E+09  6.30653E+09  2.91705E+09  8.23663E+08  1.91631E+10  9.34518E+00
 0.270  7.27500E+00  2.38153E+09  5.79657E+09  7.32449E+09  2.10252E+09  5.60766E+08  2.02519E+10  4.94741E+00
 0.280  7.65000E+00  2.54511E+09  6.41706E+09  8.18198E+09  2.26771E+09  5.64559E+08  2.16391E+10  6.47765E+00
 0.290  8.47500E+00  3.28981E+09  7.17303E+09  9.22076E+09  2.90682E+09  5.14904E+08  2.47740E+10  5.94662E+00
 0.300  8.92500E+00  3.22448E+09  7.82125E+09  1.01242E+10  2.85643E+09  4.63803E+08  2.70126E+10  4.78546E+00
 0.310  9.52500E+00  3.83975E+09  8.30696E+09  1.08425E+10  3.44983E+09  3.71982E+08  2.96457E+10  4.15899E+00
 0.320  1.00125E+01  3.78759E+09  8.77202E+09  1.15305E+10  3.37984E+09  2.99343E+08  3.22842E+10  2.71792E+00
 0.330  1.05375E+01  4.22758E+09  9.21574E+09  1.21758E+10  3.70712E+09  3.85772E+08  3.57682E+10  4.30857E+00
 0.340  1.09125E+01  4.14618E+09  9.75796E+09  1.29377E+10  3.65169E+09  4.04394E+08  3.81021E+10  4.88964E+00
 0.350  1.12875E+01  4.25907E+09  1.01396E+10  1.35095E+10  3.82025E+09  3.39455E+08  3.94580E+10  4.16761E+00
 0.360  1.17000E+01  4.92161E+09  1.10113E+10  1.46462E+10  4.29713E+09  6.34891E+08  4.15559E+10  7.81429E+00
 0.370  1.23750E+01  4.97544E+09  1.43741E+10  1.91216E+10  4.27395E+09  8.95611E+08  5.20043E+10  1.11460E+01
 0.380  1.30125E+01  4.65112E+09  1.52092E+10  2.02939E+10  4.05393E+09  6.04762E+08  5.35234E+10  5.96695E+00
 0.390  1.34250E+01  4.55854E+09  1.59462E+10  2.13351E+10  3.99313E+09  7.22015E+08  5.60303E+10  7.83299E+00
 0.400  1.38000E+01  6.46566E+09  1.70670E+10  2.29494E+10  5.83274E+09  4.65316E+08  7.00129E+10  5.30454E+00
 0.410  1.41375E+01  3.88654E+09  1.74029E+10  2.34759E+10  3.32805E+09  5.53943E+08  6.57699E+10  5.40673E+00
 0.420  1.45500E+01  3.81580E+09  1.78925E+10  2.42071E+10  3.34362E+09  5.49983E+08  6.22148E+10  6.56921E+00
 0.430  1.47750E+01  2.92976E+09  1.88204E+10  2.54671E+10  2.50372E+09  7.18088E+08  6.06556E+10  8.13540E+00
 0.440  1.50375E+01  2.16875E+09  2.02300E+10  2.73064E+10  1.93429E+09  9.89639E+08  6.01464E+10  1.11129E+01
 0.450  1.53375E+01  2.24368E+09  2.10717E+10  2.85789E+10  1.84826E+09  5.04043E+08  6.31626E+10  5.87217E+00
 0.460  1.56375E+01  2.07776E+09  2.15137E+10  2.93172E+10  1.71719E+09  3.90905E+08  6.43558E+10  4.29865E+00
 0.470  1.59375E+01  2.32742E+09  2.17757E+10  2.98301E+10  1.83761E+09  2.52068E+08  6.60825E+10  2.75206E+00
 0.480  1.62375E+01  2.45709E+09  2.31740E+10  3.19219E+10  2.07276E+09  1.41515E+08  7.57749E+10  1.59474E+00
