  36
 0.130   0.863  1.62005E-02  1.73719E-02  1.61384E-02
 0.140   1.000  3.77815E-02  2.52101E-02  4.41614E-02
 0.150   1.068  1.90643E-02  1.93956E-02  1.57837E-02
 0.160   1.033  8.86365E-02  1.08512E-01  5.73172E-02
 0.170   1.566  3.27243E-01  2.96952E-01  3.29705E-01
 0.180   1.703  1.97506E-01  2.17476E-01  1.82890E-01
 0.190   2.203  1.46632E-01  1.27877E-01  1.80819E-01
 0.200   2.710  1.48431E-02  1.37067E-02  1.78140E-02
 0.210   3.131  4.42229E-01  5.28735E-01  2.98965E-01
 0.220   4.588  7.69509E-01  7.65337E-01  7.89841E-01
 0.230   2.030  1.06389E+01  1.19062E+01  7.54158E+00
 0.240   2.686  1.04241E+00  8.02928E-01  2.08297E+00
 0.250   2.833  7.55951E+00  8.03090E+00  6.40622E+00
 0.260   3.322  8.63731E+00  8.56372E+00  8.71068E+00
 0.270   4.912  4.59688E+00  4.05623E+00  6.03392E+00
 0.280   2.866  6.09443E+00  6.16419E+00  5.88356E+00
 0.290   4.088  5.54622E+00  5.52389E+00  5.53458E+00
 0.300   4.576  4.38921E+00  4.47147E+00  4.82804E+00
 0.310   5.155  3.84839E+00  3.91553E+00  3.88652E+00
 0.320   7.656  2.63112E+00  2.43270E+00  3.29314E+00
 0.330   7.291  3.98916E+00  3.91108E+00  3.95477E+00
 0.340   6.030  4.39058E+00  4.41638E+00  3.94545E+00
 0.350   6.095  4.03514E+00  4.15327E+00  3.66282E+00
 0.360   5.690  7.57414E+00  7.64161E+00  6.92322E+00
 0.370   6.124  9.81830E+00  1.02589E+01  8.73317E+00
 0.380   9.943  5.92433E+00  5.95663E+00  6.71284E+00
 0.390   7.608  7.70514E+00  7.23065E+00  7.74870E+00
 0.400   8.015  4.87415E+00  5.07111E+00  4.75859E+00
 0.410   6.527  4.45420E+00  4.18835E+00  4.88890E+00
 0.420   7.488  6.52045E+00  6.25990E+00  6.03273E+00
 0.430   4.316  7.96449E+00  8.11880E+00  7.75241E+00
 0.440   3.094  1.06058E+01  1.06899E+01  1.07610E+01
 0.450   8.068  5.63535E+00  6.02283E+00  5.39595E+00
 0.460   4.636  4.03416E+00  4.09280E+00  4.07888E+00
 0.470   7.121  2.70158E+00  2.45851E+00  2.76193E+00
 0.480   8.506  1.59210E+00  1.67169E+00  1.57057E+00
