  35
 0.100  3.75000E+00  1.32647E+09  3.90003E+01
 0.110  4.50000E+00  1.95098E+09  4.31772E+01
 0.120  5.50000E+00  2.69867E+09  4.59333E+01
 0.130  6.75000E+00  3.99269E+09  5.04330E+01
 0.140  1.10000E+01  1.34493E+10  7.25082E+01
 0.150  1.40000E+01  2.19844E+10  8.21727E+01
 0.160  1.70000E+01  3.27308E+10  9.09888E+01
 0.170  1.97500E+01  4.25571E+10  9.62579E+01
 0.180  2.37500E+01  6.28489E+10  1.06672E+02
 0.190  2.70000E+01  7.87228E+10  1.11970E+02
 0.200  2.95000E+01  8.82858E+10  1.13441E+02
 0.210  3.15000E+01  9.37525E+10  1.13128E+02
 0.220  3.32500E+01  9.69945E+10  1.11998E+02
 0.230  3.52500E+01  9.99670E+10  1.10429E+02
 0.240  3.72500E+01  1.04369E+11  1.09763E+02
 0.250  4.05000E+01  1.18892E+11  1.12353E+02
 0.260  4.52500E+01  1.48178E+11  1.18664E+02
 0.270  4.77500E+01  1.55739E+11  1.18426E+02
 0.280  4.95000E+01  1.56350E+11  1.16542E+02
 0.290  5.10000E+01  1.54796E+11  1.14243E+02
 0.300  5.20000E+01  1.49191E+11  1.11072E+02
 0.310  5.37500E+01  1.49432E+11  1.09337E+02
 0.320  5.55000E+01  1.49307E+11  1.07554E+02
 0.330  5.67500E+01  1.45928E+11  1.05153E+02
 0.340  5.82500E+01  1.44270E+11  1.03199E+02
 0.350  5.87500E+01  1.37836E+11  1.00441E+02
 0.360  6.02500E+01  1.36197E+11  9.85915E+01
 0.370  6.20000E+01  1.36672E+11  9.73595E+01
 0.380  6.37500E+01  1.37154E+11  9.61829E+01
 0.390  6.50000E+01  1.35448E+11  9.46594E+01
 0.400  6.62500E+01  1.33520E+11  9.30923E+01
 0.410  6.67500E+01  1.27863E+11  9.07571E+01
 0.420  6.77500E+01  1.24796E+11  8.89981E+01
 0.430  6.87500E+01  1.22149E+11  8.74062E+01
 0.440  6.97500E+01  1.20158E+11  8.60672E+01
