  40
 0.110  6.21251E-02  1.88553E-01 -4.75770E-02 -2.78201E+01 -2.08865E+01  3.00046E+01   1.000  4.09488E+07  4.75424E+07  1.95861E+07  0.00000E+00  4.39718E+08  9.69760E-02  1.38827E+02   7.370   7.372
 0.120  3.66439E-02 -7.01569E-04  9.16416E-02 -1.76411E+01  1.21669E+01  1.86179E+01   1.231  5.11633E+07  7.01795E+07  4.56548E+07  6.25934E+06  7.72521E+08  3.07767E-01  1.41169E+02   7.766   7.494
 0.130  1.90724E-01  3.81285E-02 -7.12330E-02  8.44576E+01  6.70436E+01 -2.34443E+01   1.219  2.01657E+08  2.16703E+08  7.63264E+07  2.30011E+07  1.08886E+09  2.51123E-01  1.88968E+02   7.479   7.509
 0.140  1.84549E-02  1.53136E-01  2.40690E-01  2.14739E+01  5.83083E+01 -4.05546E+01   1.717  1.96491E+08  2.44593E+08  1.43732E+08  3.76080E+07  1.72096E+09  6.67694E-01  1.91955E+02   7.698   7.570
 0.150  3.03020E-02  2.66377E-02  1.27910E-03  1.91018E+01  4.71580E+01 -1.20030E+01   1.246  6.44362E+07  8.79538E+07  1.29898E+08  3.72555E+07  9.50936E+08  3.09843E-01  2.44992E+02   7.597   7.651
 0.160 -1.18436E-02  3.18389E-01  1.92917E-01  2.42383E+01  7.26952E+01 -9.77379E+00   1.965  7.37896E+07  8.01092E+07  2.07251E+08  8.81961E+07  1.91467E+09  5.84654E-02  3.23986E+02   7.443   7.652
 0.170  1.39919E-01  2.19643E-01  2.01648E-03  5.60238E+00  7.61040E+01 -3.40815E+01   2.082  1.38640E+08  1.38923E+08  2.36028E+08  1.07155E+08  2.22644E+09  1.33004E-01  4.10847E+02   7.550   7.643
 0.180  1.02226E-02  1.99605E-01 -1.12701E-01  7.37672E+00  3.95221E+01 -3.92742E+01   2.321  1.04255E+08  1.12119E+08  2.60898E+08  1.15107E+08  2.51036E+09  1.17944E-01  4.93356E+02   7.535   7.643
 0.190  8.88016E-02  6.68929E-01  1.61644E-01  1.93840E+01  4.86641E+01 -5.69357E+01   2.300  1.01828E+08  9.97017E+07  2.58941E+08  1.15383E+08  2.39887E+09  6.70173E-02  5.89990E+02   7.582   7.643
 0.200  1.71155E-01  7.57567E-01  5.66061E-01  2.41153E+01  6.94676E+01 -7.98606E+01   2.562  5.83670E+07  5.26576E+07  2.87182E+08  1.37109E+08  2.77291E+09  1.54089E-02  6.87946E+02   7.410   7.636
 0.210  1.12581E-01  5.22775E-01  2.64602E-02 -1.05921E+01  2.49673E+01 -6.08801E+01   2.704  8.71387E+07  7.27810E+07  2.96589E+08  1.46444E+08  3.05874E+09  1.20835E-02  8.03616E+02   7.478   7.636
 0.220 -6.39704E-02  4.09188E-01  6.86282E-02  3.10191E+01  6.81522E+01 -5.80942E+01   2.957  1.72480E+08  1.55106E+08  3.47180E+08  1.77636E+08  3.96520E+09  1.19067E-01  8.85037E+02   7.440   7.625
 0.230 -2.69108E-01  8.86386E-01  2.11190E-01  1.23993E+01  2.64155E+01 -3.31484E+01   3.807  1.97946E+08  1.76190E+08  4.11897E+08  2.13241E+08  5.05738E+09  1.39874E-01  9.61001E+02   7.546   7.619
 0.240  3.93162E-03  1.63881E+00 -1.63004E-01  4.83964E+01  2.42469E+01 -9.74135E+01   4.254  2.70264E+08  2.30766E+08  4.42621E+08  2.35684E+08  6.59918E+09  5.32141E-02  1.06128E+03   7.518   7.614
 0.250  1.41383E-01  1.10950E+00  1.21873E-01  2.65549E+00  3.24221E+01 -1.17298E+01   4.560  2.33185E+08  1.78594E+08  4.69743E+08  2.53665E+08  6.73212E+09  7.24079E-02  1.16028E+03   7.665   7.609
 0.260 -8.06021E-01  1.46484E+00  1.55817E+00  3.18951E+01  1.08732E+01 -3.96048E+01   5.123  3.15715E+08  2.37024E+08  4.69943E+08  2.54693E+08  7.14449E+09  2.02117E-02  1.29960E+03   7.595   7.610
 0.270 -1.56031E-02  8.87397E-01 -1.82069E-01 -3.26921E+00  1.49376E+00  2.41099E+01   4.346  9.10834E+08  8.78939E+08  7.87143E+08  5.02504E+08  1.04209E+10  1.04685E+00  1.16771E+03   7.752   7.651
 0.280  1.63768E-01  1.06618E+00  7.15577E-01  3.01413E+01 -9.87447E+00 -6.95938E+01   6.020  8.62991E+08  7.86841E+08  8.30117E+08  4.78199E+08  1.07830E+10  5.78672E-01  1.18507E+03   7.812   7.689
 0.290  1.82732E-01  4.07041E-01 -9.30784E-01  1.17755E+01 -2.43430E+00 -3.90134E+01   5.978  6.73757E+08  5.92941E+08  9.02528E+08  5.19045E+08  1.15154E+10  3.68629E-01  1.22885E+03   7.822   7.704
 0.300 -2.27488E-01  4.05057E-01  5.60219E-01 -3.02289E+01 -2.91906E+01  5.62331E+01   6.092  1.04192E+09  1.00672E+09  1.10379E+09  5.82624E+08  1.41044E+10  1.30101E+00  1.22267E+03   7.937   7.726
 0.310  3.18622E-02  2.20365E-02 -4.66236E-01 -7.49093E+00 -4.32488E+01  3.13599E+00   7.435  9.28614E+08  7.98233E+08  1.11496E+09  5.49153E+08  1.39661E+10  2.72885E-01  1.28972E+03   7.920   7.765
 0.320  4.81970E-01 -5.90217E-01 -4.15592E-01  5.54064E+01  1.92440E+01 -5.01649E+01   7.720  2.20034E+09  2.05223E+09  1.33592E+09  6.02051E+08  1.91233E+10  1.89509E+00  1.27535E+03   7.896   7.778
 0.330  6.77283E-01  6.12221E-02 -4.71183E-01 -2.39941E+01  4.60487E+01  5.88683E+00   5.664  1.82289E+09  2.05577E+09  1.74853E+09  5.99342E+08  1.39380E+10  5.40066E+00  1.05108E+03   8.126   7.894
 0.340 -5.56155E-01 -4.57615E-01  1.09605E+00 -5.07565E+01  4.62145E+01  4.61441E+01   7.194  1.95852E+09  1.97679E+09  2.43003E+09  9.61917E+08  1.76029E+10  2.76496E+00  1.02617E+03   8.090   7.964
 0.350 -1.10548E+00 -7.32332E-01  2.30709E+00 -2.28587E+01  3.02031E+01  4.22541E+01   8.319  1.35900E+09  1.34966E+09  2.89861E+09  1.12088E+09  2.29949E+10  1.68228E+00  1.05374E+03   8.119   7.992
 0.360  7.21177E-02 -1.86589E+00  5.02053E-01  1.99882E+00  2.58185E+01  2.73042E+01   8.888  1.57524E+09  1.41169E+09  2.99697E+09  1.15162E+09  2.40877E+10  8.80516E-01  1.17843E+03   8.087   8.007
 0.370  3.03127E-04 -6.86062E-01  6.51586E-01  3.55587E+00  8.88825E+00  1.54112E+01   6.900  1.18767E+09  1.19827E+09  2.97473E+09  1.03303E+09  1.90861E+10  2.35133E+00  1.26158E+03   8.169   8.044
 0.380 -2.47548E-01  2.89750E-01 -6.41744E-02  1.59001E+01 -3.13473E+01 -7.25389E+00   8.876  1.63762E+09  1.59559E+09  3.46189E+09  1.17164E+09  2.49304E+10  1.90641E+00  1.30437E+03   8.161   8.128
 0.390 -1.19668E-01 -2.34361E-01  9.70626E-01 -1.15072E+01  2.81837E+01  8.92237E-01   9.041  1.74463E+09  1.70008E+09  3.70669E+09  1.23516E+09  2.64016E+10  1.68356E+00  1.39019E+03   8.128   8.168
 0.400  1.38491E-01 -1.00362E+00  4.53053E-01  1.05653E-02  1.39976E+01  1.25540E+01   8.263  1.48253E+09  1.52791E+09  3.97927E+09  1.19765E+09  2.43943E+10  1.96066E+00  1.41526E+03   8.208   8.231
 0.410 -4.52127E-01  3.95725E-01  1.75591E+00  3.73838E+00  3.45856E+01  6.00541E+00  10.170  1.56414E+09  1.54396E+09  4.46197E+09  1.38048E+09  3.12991E+10  1.62482E+00  1.48631E+03   8.187   8.252
 0.420 -3.02079E-01  9.18943E-03  6.81258E-01 -4.76007E+00  3.83834E+01 -2.23911E+00  10.512  1.56361E+09  1.45066E+09  4.62499E+09  1.41602E+09  3.29297E+10  1.57130E+00  1.60833E+03   8.153   8.266
 0.430 -3.22214E-01  3.91679E-01  1.64352E+00 -5.88946E+00  6.26252E+01  8.78888E+00  10.681  1.68523E+09  1.56773E+09  4.87815E+09  1.45652E+09  3.38103E+10  1.17563E+00  1.67912E+03   8.166   8.283
 0.440  7.82862E-02 -1.28366E+00  8.00344E-02  2.78666E+00  1.91386E+01  1.34411E+01  11.544  1.63838E+09  1.51140E+09  5.04673E+09  1.56155E+09  3.76350E+10  5.36726E-01  1.83390E+03   8.140   8.291
 0.450 -1.23204E-01 -8.51495E-01  1.20629E+00 -1.20358E+01  1.07841E+01  1.30677E+01  10.581  1.72544E+09  1.60704E+09  5.01767E+09  1.46190E+09  3.43926E+10  8.74975E-01  1.93362E+03   8.154   8.305
 0.460 -5.09906E-01  6.69239E-01  1.81131E+00  1.30733E+01  3.61009E+01 -1.85148E+01  10.827  1.57036E+09  1.44880E+09  5.09382E+09  1.48363E+09  3.53422E+10  4.34863E-01  2.07800E+03   8.165   8.307
 0.470  1.52911E-01  5.78753E-01 -4.91729E-01  4.47978E+00 -4.41485E+00 -1.50804E+00  12.388  1.93103E+09  1.73844E+09  5.26243E+09  1.59462E+09  4.07062E+10  4.77917E-01  2.21863E+03   8.138   8.301
 0.480 -1.05154E-01  6.02204E-01  1.18664E+00 -4.00851E+00  1.37222E+01 -9.72579E+00  10.807  1.40823E+09  1.29691E+09  5.05356E+09  1.43353E+09  3.39280E+10  2.02398E-01  2.37189E+03   8.179   8.314
 0.490 -4.78701E-01  5.36007E-01  2.07777E+00  6.23028E+00  2.90104E+01 -1.39118E+01  11.624  1.50986E+09  1.40599E+09  5.23784E+09  1.53450E+09  3.69266E+10  5.29566E-01  2.51374E+03   8.170   8.305
 0.500  1.26046E-01  2.05514E-01  1.05387E+00  7.57041E-02  2.01500E+01 -4.99126E+00  12.280  1.31513E+09  1.17927E+09  5.30123E+09  1.57338E+09  3.91245E+10  3.13109E-01  2.66421E+03   8.185   8.303
