  40
 0.110  4.09488E+07  1.95861E+07  2.29380E+07  3.83864E+07  9.15601E+06  4.39718E+08  9.69760E-02
 0.120  2.67573E+07  3.89567E+07  4.55939E+07  2.46936E+07  1.90948E+07  5.33997E+08  2.62136E-01
 0.130  1.39990E+08  6.10895E+07  7.26558E+07  1.37558E+08  1.29299E+07  7.78008E+08  1.70810E-01
 0.140  5.63145E+07  7.04551E+07  8.43986E+07  5.35898E+07  2.25343E+07  7.19395E+08  2.69657E-01
 0.150  3.96159E+07  9.84959E+07  1.19242E+08  3.64332E+07  2.22881E+07  6.72090E+08  2.33515E-01
 0.160  1.38921E+07  9.40815E+07  1.16618E+08  1.31434E+07  4.14077E+06  6.68931E+08  2.46227E-02
 0.170  5.12195E+07  1.00726E+08  1.26460E+08  4.89646E+07  3.80952E+06  7.26296E+08  5.19232E-02
 0.180  1.84952E+07  9.64852E+07  1.22374E+08  1.71067E+07  4.42811E+06  6.80154E+08  2.96444E-02
 0.190  6.97293E+06  9.66686E+07  1.23607E+08  6.38439E+06  1.51636E+06  6.54132E+08  4.47207E-03
 0.200  4.49244E+06  9.46164E+07  1.22048E+08  4.02487E+06  8.83914E+05  6.61781E+08  1.77204E-03
 0.210  2.14122E+07  1.01829E+08  1.32342E+08  1.99329E+07  2.58381E+05  6.65189E+08  1.56211E-03
 0.220  3.63013E+07  1.07701E+08  1.39644E+08  3.38735E+07  7.36487E+06  7.19811E+08  5.59954E-02
 0.230  3.48928E+07  1.07676E+08  1.39743E+08  3.31122E+07  4.83710E+06  6.59370E+08  6.12121E-02
 0.240  1.12932E+07  1.05573E+08  1.37955E+08  1.00598E+07  2.18194E+06  6.30022E+08  9.72294E-03
 0.250  8.86123E+06  1.08794E+08  1.43126E+08  7.63884E+06  6.21163E+05  6.24701E+08  7.34786E-03
 0.260  4.39803E+06  1.01275E+08  1.33905E+08  3.42328E+06  3.31719E+05  6.07242E+08  4.42861E-03
 0.270  4.80116E+07  1.34152E+08  1.77252E+08  4.58115E+07  4.67517E+06  8.58569E+08  6.88157E-02
 0.280  7.31787E+06  1.29741E+08  1.70632E+08  6.19059E+06  4.04368E+06  5.21526E+08  1.75468E-02
 0.290  2.24617E+07  1.89303E+08  2.48781E+08  2.05320E+07  5.83941E+06  8.16667E+08  7.41255E-02
 0.300  1.15908E+08  2.19973E+08  2.88326E+08  1.11663E+08  1.60688E+07  9.05210E+08  2.19890E-01
 0.310  1.17180E+07  2.09753E+08  2.73777E+08  1.08764E+07  1.41354E+07  7.09336E+08  1.08648E-01
 0.320  7.54050E+07  2.39014E+08  3.14895E+08  7.24601E+07  6.97335E+06  8.67049E+08  1.06150E-01
 0.330  1.31257E+08  3.62935E+08  4.55191E+08  1.24062E+08  1.23906E+08  8.84425E+08  1.88193E+00
 0.340  6.83858E+07  5.46340E+08  6.90241E+08  6.49696E+07  8.77568E+07  1.02052E+09  8.87222E-01
 0.350  5.78626E+07  5.73538E+08  7.31900E+08  5.42119E+07  5.13659E+07  9.34640E+08  6.09901E-01
 0.360  6.36157E+07  6.28073E+08  8.12211E+08  6.09239E+07  3.78170E+07  9.69060E+08  4.17314E-01
 0.370  2.04486E+08  8.81503E+08  1.13345E+09  1.99510E+08  1.25920E+08  1.22870E+09  2.02443E+00
 0.380  7.69766E+07  1.09765E+09  1.40990E+09  7.35267E+07  1.35381E+08  1.24682E+09  1.37452E+00
 0.390  2.72393E+08  1.25777E+09  1.62932E+09  2.67671E+08  1.10240E+08  1.34559E+09  1.28186E+00
 0.400  2.34930E+08  1.58143E+09  2.04644E+09  2.29567E+08  1.43934E+08  1.47994E+09  1.42747E+00
 0.410  1.24997E+08  1.76540E+09  2.29983E+09  1.20977E+08  1.08776E+08  1.50671E+09  1.08807E+00
 0.420  1.48492E+08  1.87754E+09  2.47216E+09  1.43837E+08  7.55196E+07  1.56433E+09  1.16546E+00
 0.430  6.09974E+07  2.01454E+09  2.67210E+09  5.84665E+07  6.29877E+07  1.64331E+09  5.52242E-01
 0.440  4.49184E+07  2.07384E+09  2.77390E+09  4.31154E+07  4.55227E+07  1.65961E+09  3.94499E-01
 0.450  2.35349E+07  2.02605E+09  2.73461E+09  2.21296E+07  1.78670E+07  1.58179E+09  1.84691E-01
 0.460  1.47527E+07  2.05082E+09  2.79021E+09  1.37382E+07  1.10488E+07  1.62444E+09  1.11426E-01
 0.470  1.13375E+07  1.95900E+09  2.68349E+09  1.04185E+07  6.44526E+06  1.54953E+09  6.81372E-02
 0.480  1.03015E+07  1.92523E+09  2.65323E+09  9.45561E+06  3.91427E+06  1.49823E+09  3.75870E-02
 0.490  6.33413E+06  1.97489E+09  2.73551E+09  5.76961E+06  4.02442E+06  1.56059E+09  4.41175E-02
 0.500  5.22258E+06  1.92946E+09  2.68554E+09  4.70745E+06  2.10699E+06  1.51370E+09  2.49831E-02
