  40
 0.110  6.21251E-02  1.88553E-01 -4.75770E-02 -2.78201E+01 -2.08865E+01  3.00046E+01  5.38183E-01 -3.49013E-01  7.67169E-01  1.16255E+01   1.000   0.753  4.48260E+07  4.33490E+07  1.49183E+06  0.00000E+00  4.10703E+07  1.34453E-02  8.05371E+01   7.379   7.222
 0.120  3.66439E-02 -7.01569E-04  9.16416E-02 -1.76411E+01  1.21669E+01  1.86179E+01 -8.98080E-01  1.40931E-01 -4.16641E-01  1.76137E+01   1.231   0.982  6.38079E+07  6.19493E+07  4.19507E+06  3.47233E+05  6.29357E+07  4.19840E-02  1.01389E+02   7.756   7.530
 0.130  1.90724E-01  3.81285E-02 -7.12330E-02  8.44576E+01  6.70436E+01 -2.34443E+01 -1.66640E-01 -2.89586E-01  9.42535E-01  4.07150E+01   1.219   0.906  2.09264E+08  2.11895E+08  1.32165E+07  1.77686E+06  1.05502E+08  1.05402E-01  1.11938E+02   7.487   7.559
 0.140  1.84549E-02  1.53136E-01  2.40690E-01  2.14739E+01  5.83083E+01 -4.05546E+01 -9.73777E-01  1.97790E-01 -1.12416E-01  4.84759E+01   1.717   0.691  1.82826E+08  1.78814E+08  9.85083E+06  1.68267E+06  1.33188E+08  9.10421E-02  1.53355E+02   7.671   7.538
 0.150  3.03020E-02  2.66377E-02  1.27910E-03  1.91018E+01  4.71580E+01 -1.20030E+01  2.50339E-01  9.41895E-01 -2.23976E-01  1.37642E+01   1.246   1.073  6.92780E+07  6.27342E+07  2.90707E+06  7.36240E+05  4.67237E+07  2.67224E-03  3.11665E+02   7.602   7.642
 0.160 -1.18436E-02  3.18389E-01  1.92917E-01  2.42383E+01  7.26952E+01 -9.77379E+00 -7.77303E-01  6.28467E-01  2.88065E-02  3.63579E+01   1.965   1.200  7.66615E+07  7.28557E+07  1.40352E+07  5.42381E+06  1.48319E+08  3.42754E-03  3.49598E+02   7.464   7.655
 0.170  1.39919E-01  2.19643E-01  2.01648E-03  5.60238E+00  7.61040E+01 -3.40815E+01 -2.36552E-01  4.02193E-01  8.84468E-01  3.91120E+01   2.082   0.609  1.22615E+08  1.18330E+08  1.71116E+07  5.94206E+06  1.65528E+08  2.60373E-02  3.89330E+02   7.546   7.643
 0.180  1.02226E-02  1.99605E-01 -1.12701E-01  7.37672E+00  3.95221E+01 -3.92742E+01 -9.20762E-01  3.88579E-01  3.47037E-02  4.30051E+01   2.321   1.027  9.84902E+07  9.12368E+07  1.98738E+07  8.80894E+06  2.01610E+08  9.22220E-03  5.12097E+02   7.539   7.649
 0.190  8.88016E-02  6.68929E-01  1.61644E-01  1.93840E+01  4.86641E+01 -5.69357E+01 -9.27254E-01  3.54806E-01 -1.19634E-01  9.63095E+01   2.300   1.196  9.15177E+07  8.49582E+07  1.85659E+07  7.33880E+06  2.02275E+08  2.47438E-02  5.71308E+02   7.562   7.657
 0.200  1.71155E-01  7.57567E-01  5.66061E-01  2.41153E+01  6.94676E+01 -7.98606E+01 -8.94036E-01  4.46422E-01 -3.75102E-02  1.33788E+02   2.562   1.230  5.26089E+07  4.63232E+07  2.18813E+07  1.04351E+07  2.21730E+08  3.03076E-03  7.00901E+02   7.405   7.649
 0.210  1.12581E-01  5.22775E-01  2.64602E-02 -1.05921E+01  2.49673E+01 -6.08801E+01 -9.51541E-01  3.03410E-01  5.01248E-02  8.13133E+01   2.704   0.834  7.33494E+07  6.39436E+07  2.49182E+07  1.25358E+07  2.43013E+08  1.29848E-03  8.28537E+02   7.466   7.631
 0.220 -6.39704E-02  4.09188E-01  6.86282E-02  3.10191E+01  6.81522E+01 -5.80942E+01 -6.28078E-01 -1.99550E-01 -7.52129E-01  5.65249E+01   2.957   1.493  1.54054E+08  1.29347E+08  3.54463E+07  1.91801E+07  4.44540E+08  5.50238E-03  9.25117E+02   7.418   7.621
 0.230 -2.69108E-01  8.86386E-01  2.11190E-01  1.23993E+01  2.64155E+01 -3.31484E+01 -8.03785E-01 -2.71202E-01 -5.29509E-01  1.20882E+02   3.807   1.452  1.69488E+08  1.44597E+08  3.60228E+07  1.84944E+07  4.83033E+08  9.51922E-03  1.01671E+03   7.519   7.625
 0.240  3.93162E-03  1.63881E+00 -1.63004E-01  4.83964E+01  2.42469E+01 -9.74135E+01 -8.68946E-01 -8.21772E-02 -4.88036E-01  3.00252E+02   4.254   1.314  2.40025E+08  2.13487E+08  4.31750E+07  2.30429E+07  6.94121E+08  2.37583E-02  1.06008E+03   7.507   7.619
 0.250  1.41383E-01  1.10950E+00  1.21873E-01  2.65549E+00  3.24221E+01 -1.17298E+01 -7.98623E-01  4.16701E-01 -4.34237E-01  2.37788E+02   4.560   1.489  1.98874E+08  1.63564E+08  3.26988E+07  1.61633E+07  5.10303E+08  3.81312E-02  1.08327E+03   7.665   7.620
 0.260 -8.06021E-01  1.46484E+00  1.55817E+00  3.18951E+01  1.08732E+01 -3.96048E+01 -8.28130E-01  2.13988E-01 -5.18084E-01  2.71234E+02   5.123   2.364  2.92125E+08  2.26716E+08  4.09948E+07  2.18410E+07  7.60300E+08  9.28711E-03  1.24625E+03   7.600   7.624
 0.270 -1.56031E-02  8.87397E-01 -1.82069E-01 -3.26921E+00  1.49376E+00  2.41099E+01 -8.08449E-01 -2.63697E-01 -5.26188E-01  1.46122E+02   4.346   2.136  8.57256E+08  7.88306E+08  9.53468E+07  5.83051E+07  1.24591E+09  1.53699E-01  1.18655E+03   7.750   7.619
 0.280  1.63768E-01  1.06618E+00  7.15577E-01  3.01413E+01 -9.87447E+00 -6.95938E+01 -8.93051E-01  3.77194E-01 -2.45324E-01  3.25162E+02   6.020   2.203  7.68410E+08  6.89852E+08  7.98363E+07  3.44841E+07  9.88431E+08  2.87613E-01  8.19083E+02   7.812   7.699
 0.290  1.82732E-01  4.07041E-01 -9.30784E-01  1.17755E+01 -2.43430E+00 -3.90134E+01 -8.09687E-01  5.22187E-01 -2.67821E-01  1.68006E+02   5.978   2.545  5.88664E+08  5.02733E+08  8.01218E+07  4.17958E+07  1.03125E+09  6.73094E-02  1.22573E+03   7.842   7.714
 0.300 -2.27488E-01  4.05057E-01  5.60219E-01 -3.02289E+01 -2.91906E+01  5.62331E+01 -5.53644E-01 -7.50671E-01 -3.60514E-01  1.74099E+02   6.092   2.413  9.20855E+08  8.24281E+08  1.51453E+08  1.00970E+08  1.93812E+09  1.03068E-01  1.28543E+03   7.939   7.667
 0.310  3.18622E-02  2.20365E-02 -4.66236E-01 -7.49093E+00 -4.32488E+01  3.13599E+00 -7.56607E-01 -5.46411E-01 -3.59141E-01  3.84900E+02   7.435   2.341  7.91995E+08  6.93776E+08  9.04791E+07  4.54880E+07  1.27226E+09  1.09640E-01  1.31912E+03   7.910   7.732
 0.320  4.81970E-01 -5.90217E-01 -4.15592E-01  5.54064E+01  1.92440E+01 -5.01649E+01 -5.75318E-01 -5.42947E-01 -6.11733E-01  2.37306E+02   7.720   2.807  1.94659E+09  1.78704E+09  1.57685E+08  6.61135E+07  1.81732E+09  3.70731E-01  1.17920E+03   7.895   7.780
 0.330  6.77283E-01  6.12221E-02 -4.71183E-01 -2.39941E+01  4.60487E+01  5.88683E+00 -7.89888E-01 -8.93968E-02 -6.06700E-01  1.25392E+02   5.664   2.970  1.69437E+09  1.57166E+09  1.81753E+08  7.16937E+07  1.53889E+09  5.68444E-01  1.16301E+03   8.120   7.828
 0.340 -5.56155E-01 -4.57615E-01  1.09605E+00 -5.07565E+01  4.62145E+01  4.61441E+01 -8.49159E-01 -6.54297E-02 -5.24069E-01  2.85766E+02   7.194   2.898  1.73271E+09  1.61509E+09  2.31707E+08  8.39518E+07  1.51528E+09  5.18130E-01  8.88459E+02   8.096   7.978
 0.350 -1.10548E+00 -7.32332E-01  2.30709E+00 -2.28587E+01  3.02031E+01  4.22541E+01 -9.25070E-01 -1.48967E-01 -3.49362E-01  3.65098E+02   8.319   3.184  1.20584E+09  1.08587E+09  2.09610E+08  7.50360E+07  1.69685E+09  1.43136E-01  1.07365E+03   8.098   7.988
 0.360  7.21177E-02 -1.86589E+00  5.02053E-01  1.99882E+00  2.58185E+01  2.73042E+01 -9.68166E-01  5.25633E-02 -2.44729E-01  4.77951E+02   8.888   4.326  1.45873E+09  1.28066E+09  2.34421E+08  7.31922E+07  1.82779E+09  2.67845E-01  1.09342E+03   8.080   8.050
 0.370  3.03127E-04 -6.86062E-01  6.51586E-01  3.55587E+00  8.88825E+00  1.54112E+01 -9.93985E-01 -9.61600E-02  5.24087E-02  2.31616E+02   6.900   2.821  1.04365E+09  9.46362E+08  1.55333E+08  4.87160E+07  1.15421E+09  2.32200E-01  1.24991E+03   8.172   8.081
 0.380 -2.47548E-01  2.89750E-01 -6.41744E-02  1.59001E+01 -3.13473E+01 -7.25389E+00 -9.52536E-01 -3.03707E-01  2.09273E-02  4.19555E+02   8.876   3.684  1.53004E+09  1.40253E+09  2.41809E+08  5.75652E+07  1.55078E+09  5.64468E-01  1.00462E+03   8.164   8.285
 0.390 -1.19668E-01 -2.34361E-01  9.70626E-01 -1.15072E+01  2.81837E+01  8.92237E-01 -9.87779E-01 -4.53071E-02 -1.49132E-01  3.74376E+02   9.041   3.990  1.56993E+09  1.42951E+09  2.87978E+08  9.92514E+07  2.00214E+09  8.52354E-02  1.33068E+03   8.136   8.069
 0.400  1.38491E-01 -1.00362E+00  4.53053E-01  1.05653E-02  1.39976E+01  1.25540E+01 -9.95963E-01 -6.73871E-02  5.92935E-02  2.62032E+02   8.263   2.824  1.29200E+09  1.19764E+09  2.61484E+08  7.21760E+07  1.61903E+09  1.26037E-01  1.34215E+03   8.223   8.251
 0.410 -4.52127E-01  3.95725E-01  1.75591E+00  3.73838E+00  3.45856E+01  6.00541E+00 -9.94004E-01 -6.89377E-03 -1.09122E-01  6.03054E+02  10.170   2.199  1.30879E+09  1.22458E+09  3.02093E+08  9.45882E+07  1.73510E+09  3.67732E-01  1.32456E+03   8.189   8.155
 0.420 -3.02079E-01  9.18943E-03  6.81258E-01 -4.76007E+00  3.83834E+01 -2.23911E+00 -9.80088E-01  6.10860E-02 -1.88933E-01  4.94703E+02  10.512   2.767  1.29465E+09  1.19398E+09  4.16189E+08  1.20723E+08  2.10963E+09  4.72639E-01  1.27740E+03   8.167   8.245
 0.430 -3.22214E-01  3.91679E-01  1.64352E+00 -5.88946E+00  6.26252E+01  8.78888E+00 -9.91038E-01  2.53486E-02 -1.31153E-01  5.93081E+02  10.681   3.398  1.46345E+09  1.37301E+09  5.76267E+08  1.45760E+08  2.27342E+09  6.98754E-01  1.05438E+03   8.175   8.244
 0.440  7.82862E-02 -1.28366E+00  8.00344E-02  2.78666E+00  1.91386E+01  1.34411E+01 -9.91548E-01 -2.29969E-02 -1.27682E-01  6.90180E+02  11.544   2.855  1.38556E+09  1.29152E+09  5.64809E+08  1.41895E+08  2.31939E+09  1.66350E-01  1.20581E+03   8.150   8.250
 0.450 -1.23204E-01 -8.51495E-01  1.20629E+00 -1.20358E+01  1.07841E+01  1.30677E+01 -9.80712E-01  7.34355E-03 -1.95323E-01  7.33008E+02  10.581   2.438  1.46768E+09  1.40837E+09  5.83740E+08  1.23954E+08  1.99233E+09  6.80974E-01  1.18957E+03   8.157   8.235
 0.460 -5.09906E-01  6.69239E-01  1.81131E+00  1.30733E+01  3.61009E+01 -1.85148E+01 -9.58261E-01  8.78503E-02 -2.72062E-01  8.16699E+02  10.827   2.458  1.33439E+09  1.27110E+09  6.33609E+08  1.49321E+08  1.99465E+09  3.25779E-01  1.25377E+03   8.165   8.198
 0.470  1.52911E-01  5.78753E-01 -4.91729E-01  4.47978E+00 -4.41485E+00 -1.50804E+00 -9.80523E-01  7.48392E-02 -1.81588E-01  9.43272E+02  12.388   2.665  1.64489E+09  1.53436E+09  6.98563E+08  1.72360E+08  2.34575E+09  4.10884E-01  1.31919E+03   8.147   8.181
 0.480 -1.05154E-01  6.02204E-01  1.18664E+00 -4.00851E+00  1.37222E+01 -9.72579E+00 -9.72537E-01  1.30729E-01 -1.92567E-01  8.52423E+02  10.807   1.688  1.18115E+09  1.13108E+09  6.14575E+08  1.18184E+08  1.62228E+09  1.63008E-01  1.46313E+03   8.181   8.224
 0.490 -4.78701E-01  5.36007E-01  2.07777E+00  6.23028E+00  2.90104E+01 -1.39118E+01 -9.65609E-01  1.55888E-01 -2.08080E-01  9.33241E+02  11.624   1.797  1.27324E+09  1.22517E+09  6.91121E+08  1.29018E+08  1.73742E+09  3.90953E-01  1.50576E+03   8.173   8.233
 0.500  1.26046E-01  2.05514E-01  1.05387E+00  7.57041E-02  2.01500E+01 -4.99126E+00 -9.70576E-01  1.88803E-01 -1.49451E-01  9.08403E+02  12.280   1.617  1.07707E+09  1.02408E+09  8.00888E+08  1.39287E+08  1.69103E+09  2.87684E-01  1.57052E+03   8.186   8.299
