  47
 0.100   0.556   0.402  4.64223E-03  5.56891E-03  2.92506E-03
 0.110   0.898   0.596  3.95260E-03  3.10707E-03  8.33097E-03
 0.120   1.096   0.893  1.37992E-02  1.73478E-02  8.18558E-03
 0.130   1.406   1.136  1.45443E-03  1.30063E-03  4.16944E-03
 0.140   1.600   1.305  9.94538E-04  1.32623E-03  7.45999E-04
 0.150   1.991   1.732  1.00791E-01  1.12359E-01  7.11332E-02
 0.160   2.242   1.041  1.72514E-02  1.94476E-02  1.54750E-02
 0.170   2.045   0.911  2.57821E-01  3.21041E-01  1.56510E-01
 0.180   2.541   1.632  1.36437E-01  1.47956E-01  1.17996E-01
 0.190   3.305   2.269  8.37627E-02  1.01369E-01  6.21657E-02
 0.200   1.371   0.436  9.03755E+00  9.46270E+00  6.24732E+00
 0.210   4.332   1.373  3.86452E-01  4.60558E-01  2.82065E-01
 0.220   5.687   3.385  2.59333E+00  2.76350E+00  1.94759E+00
 0.230   3.868   1.564  3.03712E+00  3.13595E+00  2.65709E+00
 0.240   2.704   0.224  2.89074E+01  2.81380E+01  2.79324E+01
 0.250   1.668   0.223  4.93591E+01  5.10382E+01  4.16791E+01
 0.260   6.817   2.051  3.18856E+01  3.11016E+01  3.32971E+01
 0.270   7.625   2.074  2.68008E+01  2.67971E+01  2.62869E+01
 0.280   8.221   1.590  2.40318E+01  2.36781E+01  2.37594E+01
 0.290   7.712   1.969  2.32973E+01  2.31208E+01  2.17800E+01
 0.300   9.614   2.339  2.02879E+01  2.05099E+01  2.07895E+01
 0.310   9.530   2.293  2.27261E+01  2.31854E+01  2.23128E+01
 0.320  11.135   2.178  2.29128E+01  2.18275E+01  2.31348E+01
 0.330  12.645   2.532  1.80255E+01  1.77633E+01  1.91646E+01
 0.340  13.028   2.964  1.30087E+01  1.26677E+01  1.36396E+01
 0.350  12.634   3.034  3.18177E+01  3.26662E+01  2.81239E+01
 0.360  12.463   2.649  2.08913E+01  2.06291E+01  2.11143E+01
 0.370  13.043   3.457  2.52518E+01  2.64731E+01  2.32760E+01
 0.380  12.177   2.530  3.51124E+01  3.53258E+01  3.50510E+01
 0.390  11.278   2.271  3.52103E+01  3.78096E+01  3.05346E+01
 0.400  12.982   3.224  3.48173E+01  3.13068E+01  4.55871E+01
 0.410  14.842   2.917  3.77362E+01  3.69108E+01  3.79551E+01
 0.420  13.470   2.374  3.19593E+01  3.08763E+01  3.37293E+01
 0.430  13.183   1.888  3.31733E+01  3.37562E+01  3.09354E+01
 0.440  12.619   1.830  3.14466E+01  3.26519E+01  3.01662E+01
 0.450  13.823   2.470  2.40745E+01  2.42817E+01  2.62336E+01
 0.460  13.688   3.235  2.86475E+01  2.64639E+01  3.35389E+01
 0.470  13.285   1.489  2.80572E+01  2.84033E+01  2.56818E+01
 0.480  14.868   2.624  1.94318E+01  1.75640E+01  2.37629E+01
 0.490  14.892   1.753  2.85970E+01  2.75089E+01  2.56516E+01
 0.500  15.660   2.755  1.01903E+01  9.81805E+00  1.07560E+01
 0.510  14.421   1.864  1.69357E+01  1.64766E+01  1.77338E+01
 0.520  14.990   1.842  1.29420E+01  1.33418E+01  1.24072E+01
 0.530  16.187   2.070  1.07149E+01  1.03694E+01  1.12709E+01
 0.540  17.036   2.197  7.89750E+00  7.58856E+00  8.61904E+00
 0.550  18.488   2.585  7.20137E+00  7.12819E+00  7.83438E+00
 0.560  19.166   2.722  5.77040E+00  5.46376E+00  6.08257E+00
