  47
 0.100   0.556   0.402  4.74793E+05  5.35618E+05  4.71178E+05  1.01365E+02  0.00000E+00  0.00000E+00  0.00000E+00  4.74793E+05  5.35618E+05  4.71178E+05
 0.110   0.898   0.596  1.12442E+06  1.31275E+06  1.11563E+06  1.26181E+02  1.31007E+05  1.57636E+05  1.29145E+05  9.93412E+05  1.15512E+06  9.86485E+05
 0.120   1.096   0.893  1.23139E+06  1.40620E+06  1.22261E+06  1.21145E+02  2.29749E+05  2.80948E+05  2.26625E+05  1.00164E+06  1.12525E+06  9.95980E+05
 0.130   1.406   1.136  2.03572E+06  2.44970E+06  2.01151E+06  2.13113E+02  6.51803E+05  7.92499E+05  6.42784E+05  1.38392E+06  1.65720E+06  1.36873E+06
 0.140   1.600   1.305  1.02576E+06  1.25417E+06  1.01038E+06  2.86558E+02  3.80662E+05  4.72352E+05  3.73777E+05  6.45098E+05  7.81823E+05  6.36605E+05
 0.150   1.991   1.732  9.28247E+06  1.06112E+07  9.23545E+06  1.22933E+02  1.58564E+06  1.96795E+06  1.56237E+06  7.69683E+06  8.64323E+06  7.67308E+06
 0.160   2.242   1.041  6.70991E+06  8.13619E+06  6.62660E+06  2.84073E+02  2.06566E+06  2.59857E+06  2.02524E+06  4.64424E+06  5.53763E+06  4.60136E+06
 0.170   2.045   0.911  2.43535E+07  2.79006E+07  2.41912E+07  1.70724E+02  3.78621E+06  4.75996E+06  3.71090E+06  2.05673E+07  2.31406E+07  2.04803E+07
 0.180   2.541   1.632  2.93041E+07  3.51324E+07  2.90492E+07  2.50015E+02  7.43862E+06  9.40525E+06  7.30249E+06  2.18655E+07  2.57271E+07  2.17467E+07
 0.190   3.305   2.269  5.34887E+07  6.56192E+07  5.29333E+07  3.19070E+02  1.60753E+07  2.04522E+07  1.57727E+07  3.74134E+07  4.51669E+07  3.71607E+07
 0.200   1.371   0.436  5.70868E+08  6.33021E+08  5.70490E+08  4.26377E+01  1.03860E+07  1.31475E+07  1.02358E+07  5.60482E+08  6.19873E+08  5.60254E+08
 0.210   4.332   1.373  1.93836E+08  2.39190E+08  1.91909E+08  3.52737E+02  9.54216E+07  1.20446E+08  9.41414E+07  9.84140E+07  1.18744E+08  9.77676E+07
 0.220   5.687   3.385  4.61712E+08  5.57298E+08  4.57684E+08  3.22339E+02  1.78200E+08  2.28697E+08  1.75152E+08  2.83512E+08  3.28601E+08  2.82532E+08
 0.230   3.868   1.564  6.15026E+08  7.38837E+08  6.11380E+08  2.59331E+02  8.71209E+07  1.12625E+08  8.55071E+07  5.27905E+08  6.26212E+08  5.25873E+08
 0.240   2.704   0.224  4.01029E+09  4.66125E+09  4.00151E+09  1.29718E+02  4.43251E+07  5.71781E+07  4.35401E+07  3.96596E+09  4.60407E+09  3.95797E+09
 0.250   1.668   0.223  6.88706E+09  8.04465E+09  6.87150E+09  1.41381E+02  9.45322E+07  1.20027E+08  9.32592E+07  6.79252E+09  7.92462E+09  6.77824E+09
 0.260   6.817   2.051  8.36009E+09  1.00048E+10  8.33281E+09  1.98254E+02  7.30869E+08  9.15890E+08  7.24819E+08  7.62922E+09  9.08894E+09  7.60799E+09
 0.270   7.625   2.074  1.13003E+10  1.38028E+10  1.12515E+10  2.65172E+02  9.30834E+08  1.18559E+09  9.21782E+08  1.03695E+10  1.26172E+10  1.03297E+10
 0.280   8.221   1.590  1.23538E+10  1.52861E+10  1.22888E+10  3.28194E+02  9.45303E+08  1.21790E+09  9.34767E+08  1.14084E+10  1.40682E+10  1.13540E+10
 0.290   7.712   1.969  1.36404E+10  1.70702E+10  1.35549E+10  3.98545E+02  1.11249E+09  1.44664E+09  1.09821E+09  1.25279E+10  1.56235E+10  1.24567E+10
 0.300   9.614   2.339  1.52287E+10  1.91848E+10  1.51260E+10  4.47730E+02  1.52934E+09  1.98387E+09  1.51092E+09  1.36994E+10  1.72009E+10  1.36151E+10
 0.310   9.530   2.293  1.58193E+10  2.00351E+10  1.57000E+10  5.06128E+02  1.36104E+09  1.79081E+09  1.34050E+09  1.44582E+10  1.82442E+10  1.43595E+10
 0.320  11.135   2.178  1.84763E+10  2.35207E+10  1.83273E+10  5.49455E+02  1.73309E+09  2.28030E+09  1.70799E+09  1.67432E+10  2.12404E+10  1.66193E+10
 0.330  12.645   2.532  2.06686E+10  2.65205E+10  2.04809E+10  6.17182E+02  2.20720E+09  2.91009E+09  2.17464E+09  1.84614E+10  2.36104E+10  1.83063E+10
 0.340  13.028   2.964  2.21528E+10  2.87111E+10  2.19221E+10  7.07293E+02  2.54614E+09  3.36888E+09  2.50699E+09  1.96067E+10  2.53422E+10  1.94151E+10
 0.350  12.634   3.034  2.46838E+10  3.19623E+10  2.44109E+10  7.57747E+02  2.65599E+09  3.53495E+09  2.61128E+09  2.20278E+10  2.84274E+10  2.17996E+10
 0.360  12.463   2.649  2.61405E+10  3.40223E+10  2.58312E+10  8.19935E+02  2.65668E+09  3.53396E+09  2.61053E+09  2.34838E+10  3.04884E+10  2.32207E+10
 0.370  13.043   3.457  2.85719E+10  3.72880E+10  2.82212E+10  8.69437E+02  3.10553E+09  4.14874E+09  3.05039E+09  2.54664E+10  3.31393E+10  2.51708E+10
 0.380  12.177   2.530  3.00386E+10  3.91330E+10  2.96590E+10  9.05658E+02  2.54493E+09  3.43424E+09  2.49078E+09  2.74937E+10  3.56987E+10  2.71682E+10
 0.390  11.278   2.271  3.21919E+10  4.20430E+10  3.17741E+10  9.49398E+02  2.68656E+09  3.61686E+09  2.62966E+09  2.95054E+10  3.84262E+10  2.91444E+10
 0.400  12.982   3.224  4.04460E+10  5.26850E+10  3.99414E+10  9.33809E+02  3.74783E+09  5.03577E+09  3.67405E+09  3.66982E+10  4.76493E+10  3.62673E+10
 0.410  14.842   2.917  4.59975E+10  6.02175E+10  4.54101E+10  9.80253E+02  4.65922E+09  6.25762E+09  4.57183E+09  4.13383E+10  5.39599E+10  4.08383E+10
 0.420  13.470   2.374  4.68092E+10  6.14971E+10  4.61905E+10  1.02957E+03  3.91090E+09  5.29772E+09  3.82766E+09  4.28983E+10  5.61994E+10  4.23628E+10
 0.430  13.183   1.888  4.67767E+10  6.17051E+10  4.61307E+10  1.08966E+03  3.49676E+09  4.74920E+09  3.41739E+09  4.32799E+10  5.69559E+10  4.27133E+10
 0.440  12.619   1.830  4.88470E+10  6.47357E+10  4.81313E+10  1.16958E+03  3.47624E+09  4.73668E+09  3.39172E+09  4.53708E+10  5.99990E+10  4.47396E+10
 0.450  13.823   2.470  5.66971E+10  7.55094E+10  5.58358E+10  1.24009E+03  5.19421E+09  7.04038E+09  5.08182E+09  5.15029E+10  6.84691E+10  5.07540E+10
 0.460  13.688   3.235  6.05295E+10  8.09145E+10  5.95510E+10  1.32842E+03  5.61991E+09  7.67074E+09  5.48874E+09  5.49096E+10  7.32437E+10  5.40623E+10
 0.470  13.285   1.489  5.33117E+10  7.13581E+10  5.24385E+10  1.36137E+03  3.92951E+09  5.35453E+09  3.83378E+09  4.93822E+10  6.60036E+10  4.86047E+10
 0.480  14.868   2.624  6.56056E+10  8.84003E+10  6.44592E+10  1.47847E+03  6.29620E+09  8.59778E+09  6.15078E+09  5.93094E+10  7.98025E+10  5.83084E+10
 0.490  14.892   1.753  6.14255E+10  8.29006E+10  6.03095E+10  1.54068E+03  5.37719E+09  7.33210E+09  5.25169E+09  5.60483E+10  7.55685E+10  5.50578E+10
 0.500  15.660   2.755  6.93498E+10  9.43904E+10  6.80068E+10  1.68186E+03  7.36496E+09  1.00986E+10  7.19073E+09  6.19849E+10  8.42918E+10  6.08161E+10
 0.510  14.421   1.864  6.27145E+10  8.55353E+10  6.14394E+10  1.76715E+03  5.46611E+09  7.53769E+09  5.32282E+09  5.72484E+10  7.79976E+10  5.61166E+10
 0.520  14.990   1.842  6.10421E+10  8.36089E+10  5.97251E+10  1.88496E+03  5.30646E+09  7.33310E+09  5.16025E+09  5.57357E+10  7.62758E+10  5.45648E+10
 0.530  16.187   2.070  6.54115E+10  8.99794E+10  6.39366E+10  1.99779E+03  6.13274E+09  8.50559E+09  5.96396E+09  5.92787E+10  8.14738E+10  5.79727E+10
 0.540  17.036   2.197  7.04126E+10  9.73253E+10  6.87268E+10  2.13794E+03  7.18842E+09  1.00098E+10  6.98566E+09  6.32242E+10  8.73155E+10  6.17411E+10
 0.550  18.488   2.585  7.16661E+10  9.94488E+10  6.98274E+10  2.28669E+03  7.46955E+09  1.04423E+10  7.24541E+09  6.41966E+10  8.90066E+10  6.25820E+10
 0.560  19.166   2.722  7.27743E+10  1.01381E+11  7.08035E+10  2.42774E+03  7.97893E+09  1.11976E+10  7.73121E+09  6.47954E+10  9.01830E+10  6.30723E+10
