  47
 0.100   4.750   0.556  3.03018E+09  1.90854E+08  1.29536E+07  1.49618E+07  2.82637E+09  1.65928E+07  4.45977E+06  5.19415E+06  1.43995E+08  6.79173E+08  1.58378E+07  1.83547E+07  5.19456E+09  1.97916E+07  4.90349E+06  5.71277E+06  1.89555E+08
 0.110   6.500   0.898  5.65271E+09  4.29451E+08  2.00505E+07  2.38288E+07  5.20321E+09  6.72047E+06  6.20948E+06  7.45959E+06  2.39023E+08  8.44691E+08  2.14094E+07  2.54456E+07  7.18090E+09  1.37388E+07  8.61436E+06  1.03008E+07  3.81937E+08
 0.120   8.500   1.096  9.84200E+09  9.80874E+08  5.03777E+07  5.83309E+07  8.81074E+09  3.41359E+07  1.36316E+07  1.59803E+07  3.20415E+08  1.18462E+09  5.14987E+07  5.96848E+07  9.64545E+09  5.67848E+07  1.89808E+07  2.21449E+07  5.15125E+08
 0.130  10.250   1.406  1.36692E+10  1.27297E+09  8.53188E+07  1.00443E+08  1.23109E+10  1.45099E+07  2.19999E+07  2.65843E+07  5.53701E+08  1.23198E+09  8.52444E+07  1.00354E+08  1.20727E+10  2.92718E+07  3.08203E+07  3.71832E+07  8.97976E+08
 0.140  13.500   1.600  2.45868E+10  2.45641E+09  1.47720E+08  1.76669E+08  2.19827E+10  1.13002E+08  3.35652E+07  4.06465E+07  9.79119E+08  1.93607E+09  1.39827E+08  1.67055E+08  1.77403E+10  1.53405E+08  3.94648E+07  4.75983E+07  1.28149E+09
 0.150  15.000   1.991  2.82468E+10  2.72065E+09  2.99150E+08  3.52466E+08  2.52270E+10  6.69182E+07  6.24671E+07  7.48954E+07  1.23643E+09  1.94573E+09  2.94109E+08  3.46270E+08  1.91014E+10  1.78433E+08  9.19485E+07  1.09111E+08  1.95782E+09
 0.160  16.750   2.242  3.18561E+10  2.95011E+09  3.25522E+08  3.97221E+08  2.85804E+10  5.65591E+07  6.33354E+07  7.77943E+07  9.26576E+08  1.72020E+09  2.72363E+08  3.31745E+08  1.58050E+10  9.87573E+07  9.34231E+07  1.14304E+08  1.49192E+09
 0.170  17.750   2.045  3.18147E+10  3.53887E+09  4.04191E+08  4.91335E+08  2.78716E+10  4.39600E+08  1.72666E+08  2.05263E+08  1.56258E+09  2.04395E+09  3.69415E+08  4.47831E+08  1.51505E+10  5.30715E+08  1.99129E+08  2.37262E+08  1.94078E+09
 0.180  22.250   2.541  5.24324E+10  5.59361E+09  8.09814E+08  9.77892E+08  4.60290E+10  2.42259E+08  4.22197E+08  5.00434E+08  2.28023E+09  1.97410E+09  6.34654E+08  7.64151E+08  1.57216E+10  3.07394E+08  4.46670E+08  5.30194E+08  2.77225E+09
 0.190  30.500   3.305  1.12495E+11  1.05269E+10  1.79949E+09  2.21674E+09  1.00168E+11  7.09098E+08  5.68996E+08  6.93359E+08  4.25194E+09  4.03950E+09  1.44117E+09  1.76994E+09  3.11962E+10  7.96698E+08  5.85219E+08  7.13637E+08  4.82626E+09
 0.200  34.250   1.371  1.38832E+11  1.15707E+10  3.68116E+09  4.39184E+09  1.23580E+11  1.40680E+09  2.61700E+09  3.06771E+09  8.16592E+09  3.95469E+09  3.44726E+09  4.09517E+09  4.06809E+10  8.87546E+08  1.91615E+09  2.21415E+09  2.18371E+09
 0.210  40.750   4.332  2.05697E+11  1.60679E+10  4.77110E+09  5.87458E+09  1.84858E+11  1.64196E+09  3.34693E+09  4.07418E+09  1.10817E+10  4.22656E+09  3.93001E+09  4.81007E+09  3.55954E+10  1.72634E+09  3.39229E+09  4.13122E+09  1.20561E+10
 0.220  50.750   5.687  3.45408E+11  3.39410E+10  6.49085E+09  8.01685E+09  3.04976E+11  2.49796E+09  4.84595E+09  5.95680E+09  2.36100E+10  8.00128E+09  5.81351E+09  7.16853E+09  6.16169E+10  3.14052E+09  5.03498E+09  6.19405E+09  2.83621E+10
 0.230  57.250   3.868  4.26854E+11  4.17986E+10  1.20413E+10  1.44809E+10  3.73014E+11  5.19036E+09  8.60916E+09  1.04127E+10  3.17311E+10  1.18075E+10  1.01007E+10  1.21443E+10  6.92089E+10  3.53978E+09  7.78695E+09  9.42791E+09  1.81689E+10
 0.240  63.000   2.704  5.02508E+11  4.44766E+10  1.68431E+10  2.05724E+10  4.41188E+11  4.55158E+09  1.33400E+10  1.62215E+10  3.15028E+10  8.79244E+09  1.45407E+10  1.76979E+10  5.84341E+10  2.50767E+09  1.09013E+10  1.32143E+10  1.03229E+10
 0.250  68.750   1.668  5.78727E+11  4.55274E+10  2.40253E+10  2.93724E+10  5.09175E+11  1.10551E+10  2.08110E+10  2.53319E+10  4.81908E+10  1.45762E+10  2.18629E+10  2.66386E+10  7.85408E+10  5.30665E+09  1.52337E+10  1.84423E+10  7.44536E+09
 0.260  74.250   6.817  6.50827E+11  4.53123E+10  3.16061E+10  3.91500E+10  5.73909E+11  7.23587E+09  2.75926E+10  3.40543E+10  5.13464E+10  1.14174E+10  2.86248E+10  3.53472E+10  7.61283E+10  6.21136E+09  2.72411E+10  3.36161E+10  4.60375E+10
 0.270  79.250   7.625  7.10701E+11  5.00777E+10  3.52313E+10  4.43745E+10  6.25392E+11  8.42672E+09  3.11404E+10  3.91436E+10  6.15297E+10  1.14243E+10  3.23009E+10  4.06013E+10  8.41564E+10  7.98806E+09  3.09471E+10  3.89007E+10  5.84056E+10
 0.280  84.500   8.221  7.67413E+11  5.37817E+10  3.81733E+10  4.86924E+10  6.75458E+11  8.07643E+09  3.36579E+10  4.28506E+10  6.19053E+10  1.02101E+10  3.45041E+10  4.39200E+10  7.67499E+10  7.75849E+09  3.35106E+10  4.26653E+10  5.97763E+10
 0.290  89.250   7.712  8.09489E+11  5.65449E+10  4.08553E+10  5.25966E+10  7.12089E+11  9.99467E+09  3.64093E+10  4.68051E+10  7.24811E+10  1.14064E+10  3.71011E+10  4.76841E+10  8.41526E+10  8.51443E+09  3.51550E+10  4.52301E+10  5.94873E+10
 0.300  93.500   9.614  8.47720E+11  6.05005E+10  4.35814E+10  5.65480E+10  7.43639E+11  9.73522E+09  3.89519E+10  5.04939E+10  7.40246E+10  1.03635E+10  3.93944E+10  5.10601E+10  8.07526E+10  9.98591E+09  3.91397E+10  5.07340E+10  7.67477E+10
 0.310  98.000   9.530  8.89809E+11  6.36789E+10  4.65477E+10  6.07402E+10  7.79583E+11  1.07874E+10  4.16745E+10  5.43459E+10  7.82529E+10  1.11105E+10  4.18250E+10  5.45392E+10  8.02728E+10  1.03629E+10  4.14608E+10  5.40718E+10  7.55292E+10
 0.320 102.000  11.135  9.19785E+11  6.63731E+10  4.96724E+10  6.51440E+10  8.03739E+11  9.81850E+09  4.45119E+10  5.83587E+10  8.39813E+10  9.49334E+09  4.43377E+10  5.81347E+10  8.18509E+10  1.15302E+10  4.52260E+10  5.92742E+10  9.39768E+10
 0.330 106.750  12.645  9.61639E+11  6.94909E+10  5.21901E+10  6.88358E+10  8.39958E+11  9.43167E+09  4.68231E+10  6.17978E+10  8.75397E+10  7.77101E+09  4.60210E+10  6.07842E+10  8.05001E+10  1.35373E+10  4.82941E+10  6.36633E+10  1.08296E+11
 0.340 111.500  13.028  1.00070E+12  7.25425E+10  5.39259E+10  7.15588E+10  8.74233E+11  9.87043E+09  4.86199E+10  6.45711E+10  9.60232E+10  7.94726E+09  4.73391E+10  6.29184E+10  8.34539E+10  1.23191E+10  4.98605E+10  6.61716E+10  1.16377E+11
 0.350 120.000  12.634  1.14750E+12  8.43941E+10  5.84484E+10  7.75199E+10  1.00466E+12  1.57671E+10  5.21082E+10  6.92415E+10  1.08746E+11  1.08138E+10  4.92097E+10  6.56191E+10  8.60184E+10  1.70327E+10  5.27258E+10  7.00112E+10  1.15798E+11
 0.360 129.500  12.463  1.31897E+12  9.58937E+10  6.28901E+10  8.37623E+10  1.16019E+12  1.59589E+10  5.52246E+10  7.35740E+10  1.18050E+11  9.63168E+09  5.09997E+10  6.81733E+10  8.44603E+10  1.51289E+10  5.48246E+10  7.30607E+10  1.12579E+11
 0.370 134.500  13.043  1.38515E+12  9.89152E+10  6.59917E+10  8.80850E+10  1.22025E+12  2.04961E+10  5.80369E+10  7.75018E+10  1.31333E+11  1.21560E+10  5.24281E+10  7.02972E+10  8.71421E+10  1.95209E+10  5.75649E+10  7.68962E+10  1.25975E+11
 0.380 138.750  12.177  1.42639E+12  9.74601E+10  7.16761E+10  9.54388E+10  1.25725E+12  2.09329E+10  6.27731E+10  8.36753E+10  1.37191E+11  1.28458E+10  5.58181E+10  7.47271E+10  8.89708E+10  1.75560E+10  6.03013E+10  8.04996E+10  1.15900E+11
 0.390 144.000  11.278  1.47437E+12  9.60531E+10  7.60863E+10  1.01522E+11  1.30223E+12  2.55816E+10  6.81190E+10  9.08668E+10  1.45887E+11  1.60155E+10  6.07806E+10  8.13378E+10  9.21382E+10  1.95856E+10  6.39582E+10  8.54468E+10  1.08035E+11
 0.400 150.000  12.982  1.54843E+12  9.45138E+10  8.32668E+10  1.10974E+11  1.37065E+12  2.03474E+10  7.44194E+10  9.90762E+10  1.50155E+11  1.12302E+10  6.55870E+10  8.76111E+10  8.98696E+10  1.67529E+10  7.20731E+10  9.60233E+10  1.26295E+11
 0.410 154.750  14.842  1.58916E+12  9.19158E+10  8.78066E+10  1.17378E+11  1.40944E+12  2.40835E+10  7.94643E+10  1.06096E+11  1.56909E+11  1.02029E+10  6.96830E+10  9.33302E+10  9.23696E+10  2.31555E+10  7.90340E+10  1.05529E+11  1.49911E+11
 0.420 158.750  13.470  1.60533E+12  8.84954E+10  9.24162E+10  1.23869E+11  1.42442E+12  2.15681E+10  8.42395E+10  1.12732E+11  1.65522E+11  9.37630E+09  7.16056E+10  9.62245E+10  9.18073E+10  1.66667E+10  8.17924E+10  1.09515E+11  1.35961E+11
 0.430 161.500  13.183  1.59449E+12  8.38987E+10  9.65598E+10  1.29774E+11  1.41403E+12  2.65688E+10  8.84152E+10  1.18678E+11  1.73482E+11  1.03534E+10  7.33520E+10  9.89889E+10  9.45865E+10  2.07520E+10  8.49367E+10  1.14096E+11  1.36532E+11
 0.440 165.000  12.619  1.59354E+12  7.87343E+10  1.01239E+11  1.36344E+11  1.41357E+12  2.32529E+10  9.27924E+10  1.24838E+11  1.79643E+11  1.01345E+10  7.64668E+10  1.03406E+11  9.66157E+10  1.78540E+10  8.72117E+10  1.17487E+11  1.31684E+11
 0.450 168.750  13.823  1.60284E+12  7.41983E+10  1.05143E+11  1.42059E+11  1.42350E+12  2.29787E+10  9.69817E+10  1.30849E+11  1.83430E+11  5.71346E+09  7.82383E+10  1.06188E+11  9.65407E+10  1.70554E+10  9.29218E+10  1.25474E+11  1.45933E+11
 0.460 172.000  13.688  1.60261E+12  6.94425E+10  1.09712E+11  1.48437E+11  1.42345E+12  2.01156E+10  1.01220E+11  1.36751E+11  1.85017E+11  6.63898E+09  7.89807E+10  1.07481E+11  9.49748E+10  1.44791E+10  9.48940E+10  1.28393E+11  1.41990E+11
 0.470 175.000  13.285  1.59534E+12  6.53245E+10  1.12600E+11  1.52945E+11  1.41742E+12  2.06922E+10  1.04776E+11  1.42090E+11  1.88194E+11  7.15633E+09  8.24077E+10  1.12294E+11  9.61659E+10  1.56196E+10  9.78518E+10  1.32832E+11  1.38286E+11
 0.480 178.250  14.868  1.59193E+12  6.02138E+10  1.16031E+11  1.57998E+11  1.41569E+12  1.69703E+10  1.07883E+11  1.46693E+11  1.91951E+11  3.59602E+09  7.57087E+10  1.03725E+11  9.28163E+10  1.32095E+10  1.03233E+11  1.40478E+11  1.56680E+11
 0.490 181.250  14.892  1.58492E+12  5.53361E+10  1.18662E+11  1.62061E+11  1.41092E+12  1.75990E+10  1.11151E+11  1.51576E+11  1.99218E+11  3.75101E+09  7.55854E+10  1.03994E+11  9.36304E+10  1.39980E+10  1.06365E+11  1.45109E+11  1.59423E+11
 0.500 184.500  15.660  1.58953E+12  5.28771E+10  1.19952E+11  1.64583E+11  1.41670E+12  1.62543E+10  1.11945E+11  1.53388E+11  1.99243E+11  4.06194E+09  8.09830E+10  1.11594E+11  9.42970E+10  1.26742E+10  1.09071E+11  1.49461E+11  1.66710E+11
 0.510 188.500  14.421  1.60425E+12  5.02420E+10  1.22031E+11  1.67841E+11  1.43197E+12  1.73350E+10  1.14245E+11  1.56915E+11  2.06400E+11  3.52267E+09  8.47697E+10  1.17012E+11  9.70721E+10  1.21043E+10  1.08030E+11  1.48421E+11  1.53683E+11
 0.520 192.000  14.990  1.61241E+12  4.90605E+10  1.23341E+11  1.70204E+11  1.44000E+12  1.65430E+10  1.15632E+11  1.59355E+11  2.08378E+11  3.38821E+09  8.23063E+10  1.13895E+11  9.21599E+10  1.25263E+10  1.09772E+11  1.51293E+11  1.57693E+11
 0.530 195.750  16.187  1.62199E+12  4.79405E+10  1.24549E+11  1.72368E+11  1.44950E+12  1.52401E+10  1.17026E+11  1.61762E+11  2.13030E+11  2.51163E+09  7.51914E+10  1.04350E+11  8.96800E+10  1.20043E+10  1.12882E+11  1.56031E+11  1.72335E+11
 0.540 199.250  17.036  1.63156E+12  4.68374E+10  1.25443E+11  1.74088E+11  1.45928E+12  1.40100E+10  1.18235E+11  1.63903E+11  2.18080E+11  2.82008E+09  8.30498E+10  1.15435E+11  9.43313E+10  1.12220E+10  1.16015E+11  1.60840E+11  1.84934E+11
 0.550 203.250  18.488  1.64515E+12  4.62709E+10  1.26153E+11  1.75530E+11  1.47273E+12  1.42559E+10  1.18385E+11  1.64538E+11  2.21325E+11  2.03030E+09  7.94330E+10  1.10646E+11  9.16940E+10  1.22657E+10  1.16613E+11  1.62075E+11  2.00290E+11
 0.560 206.750  19.166  1.66297E+12  4.62857E+10  1.26606E+11  1.76631E+11  1.49008E+12  1.47269E+10  1.19738E+11  1.66883E+11  2.26677E+11  1.96591E+09  8.18414E+10  1.14211E+11  9.37609E+10  1.28099E+10  1.18607E+11  1.65293E+11  2.09291E+11
