  47
 0.100  3.74070E+07  6.77800E+06  7.86170E+06  3.62091E+07  2.27592E+06  4.86442E+08  3.79345E-02
 0.110  1.81489E+07  9.52081E+06  1.13624E+07  1.71910E+07  3.31136E+06  4.49612E+08  1.71732E-02
 0.120  4.85384E+07  1.70263E+07  1.98950E+07  4.47944E+07  7.94909E+06  4.33899E+08  1.26173E-01
 0.130  1.38649E+07  2.10202E+07  2.54146E+07  1.34767E+07  3.39980E+06  5.30672E+08  1.36167E-02
 0.140  7.04066E+07  2.38014E+07  2.89127E+07  6.81260E+07  3.02153E+06  5.81303E+08  5.33093E-02
 0.150  3.55831E+07  3.52998E+07  4.25289E+07  3.27973E+07  1.20897E+07  6.04665E+08  1.21477E-01
 0.160  8.38058E+06  2.63134E+07  3.25274E+07  7.59651E+06  1.47120E+06  3.88339E+08  2.69549E-03
 0.170  2.10459E+08  8.36978E+07  9.79185E+07  2.03912E+08  4.03729E+07  6.20960E+08  7.03065E-01
 0.180  7.21651E+07  2.72011E+08  3.17995E+08  6.94832E+07  1.73667E+08  6.69097E+08  1.85719E+00
 0.190  2.30267E+08  3.40862E+08  4.10410E+08  2.24076E+08  5.91816E+07  8.01619E+08  8.83680E-01
 0.200  7.47023E+08  1.55341E+09  1.77573E+09  7.31246E+08  1.27159E+09  1.21008E+09  1.72663E+01
 0.210  6.94582E+08  2.07068E+09  2.48163E+09  6.84089E+08  4.21573E+08  1.17765E+09  4.97419E+00
 0.220  4.68482E+08  2.91365E+09  3.53319E+09  4.61483E+08  7.49889E+08  1.54088E+09  8.01678E+00
 0.230  2.05915E+09  4.71069E+09  5.68880E+09  2.04701E+09  1.52616E+09  2.22777E+09  2.02323E+01
 0.240  1.70634E+09  8.34248E+09  1.00420E+10  1.69522E+09  3.02340E+09  2.57230E+09  3.31098E+01
 0.250  4.73962E+09  1.27818E+10  1.54436E+10  4.71285E+09  4.16016E+09  3.59049E+09  5.43315E+01
 0.260  1.69236E+09  1.62501E+10  1.99368E+10  1.68308E+09  3.32297E+09  3.36710E+09  3.30404E+01
 0.270  5.53105E+08  1.54784E+10  1.94859E+10  5.48853E+08  9.20193E+08  3.07736E+09  9.41405E+00
 0.280  2.73108E+08  1.27220E+10  1.63339E+10  2.69818E+08  3.10662E+08  2.37443E+09  3.13837E+00
 0.290  1.95701E+08  1.27643E+10  1.66106E+10  1.92235E+08  1.92481E+08  2.46937E+09  2.14285E+00
 0.300  1.53270E+08  1.03205E+10  1.35924E+10  1.49732E+08  1.07733E+08  1.97595E+09  1.21688E+00
 0.310  1.28872E+08  9.67048E+09  1.28414E+10  1.26140E+08  7.49848E+07  1.90154E+09  8.62852E-01
 0.320  9.38527E+07  8.33248E+09  1.11341E+10  9.13642E+07  5.97896E+07  1.56009E+09  5.88719E-01
 0.330  5.42573E+07  7.71266E+09  1.03621E+10  5.21632E+07  3.01715E+07  1.48369E+09  3.29627E-01
 0.340  5.76407E+07  8.00532E+09  1.07865E+10  5.55125E+07  3.69726E+07  1.62036E+09  3.72331E-01
 0.350  4.36904E+07  7.24297E+09  9.78838E+09  4.15410E+07  2.23755E+07  1.44694E+09  2.45331E-01
 0.360  3.28009E+07  6.85141E+09  9.27787E+09  3.08502E+07  1.92667E+07  1.32298E+09  2.18044E-01
 0.370  2.50793E+07  5.14643E+09  6.97872E+09  2.33663E+07  1.36451E+07  1.00880E+09  1.39456E-01
 0.380  2.68325E+07  4.84354E+09  6.57344E+09  2.45384E+07  9.50116E+06  9.52765E+08  9.80230E-02
 0.390  4.26578E+07  5.35372E+09  7.27337E+09  4.02432E+07  1.42360E+07  1.16186E+09  1.58896E-01
 0.400  2.81173E+07  4.28435E+09  5.82209E+09  2.64240E+07  1.07505E+07  9.81863E+08  1.19098E-01
 0.410  2.99782E+07  5.03394E+09  6.83962E+09  2.81876E+07  1.28926E+07  1.08944E+09  1.36457E-01
 0.420  2.47065E+07  4.12176E+09  5.60609E+09  2.33172E+07  7.50408E+06  9.12526E+08  8.06174E-02
 0.430  2.09078E+07  3.93677E+09  5.35295E+09  1.96134E+07  6.05643E+06  8.48675E+08  6.21970E-02
 0.440  2.91177E+07  4.17111E+09  5.67388E+09  2.75907E+07  1.10494E+07  9.34058E+08  1.17954E-01
 0.450  2.16466E+07  3.90374E+09  5.31412E+09  2.02247E+07  4.55721E+06  9.39546E+08  5.95082E-02
 0.460  1.78282E+07  3.78689E+09  5.15709E+09  1.67319E+07  5.02190E+06  9.27075E+08  5.09759E-02
 0.470  1.58085E+07  3.32442E+09  4.52721E+09  1.47614E+07  3.92366E+06  8.08104E+08  4.31415E-02
 0.480  1.73496E+07  3.19327E+09  4.35048E+09  1.62736E+07  3.66429E+06  7.48993E+08  4.02325E-02
 0.490  1.20208E+07  3.50086E+09  4.77157E+09  1.09893E+07  3.04431E+06  8.42856E+08  3.19797E-02
 0.500  2.17686E+07  3.37996E+09  4.60948E+09  2.02823E+07  5.68040E+06  8.01702E+08  7.37811E-02
 0.510  1.78716E+07  2.84304E+09  3.87393E+09  1.67558E+07  3.04537E+06  6.97198E+08  3.10733E-02
 0.520  9.37722E+06  2.58950E+09  3.53245E+09  8.47512E+06  1.87951E+06  6.33431E+08  1.79983E-02
 0.530  1.18939E+07  2.61029E+09  3.55881E+09  1.10457E+07  1.87061E+06  5.94688E+08  2.00497E-02
 0.540  1.06135E+07  2.38453E+09  3.25100E+09  9.80701E+06  1.49402E+06  5.82550E+08  1.43191E-02
 0.550  8.16318E+06  2.33247E+09  3.18290E+09  7.39618E+06  1.25383E+06  5.82550E+08  1.28327E-02
 0.560  8.66043E+06  2.32591E+09  3.17575E+09  7.95202E+06  9.49896E+05  6.09986E+08  1.07789E-02
