  47
 0.100   0.556  4.90349E+06  5.71277E+06  4.85080E+06  1.42672E+02  0.00000E+00  0.00000E+00  0.00000E+00  4.90349E+06  5.71277E+06  4.85080E+06
 0.110   0.898  8.61436E+06  1.03008E+07  8.50396E+06  1.88107E+02  2.18480E+06  2.63691E+06  2.15520E+06  6.42956E+06  7.66385E+06  6.34876E+06
 0.120   1.096  1.89808E+07  2.21449E+07  1.88006E+07  1.56617E+02  3.72329E+06  4.55080E+06  3.66553E+06  1.52575E+07  1.75941E+07  1.51351E+07
 0.130   1.406  3.08203E+07  3.71832E+07  3.04570E+07  2.16541E+02  1.31457E+07  1.59988E+07  1.29752E+07  1.76746E+07  2.11844E+07  1.74818E+07
 0.140   1.600  3.94648E+07  4.75983E+07  3.89486E+07  2.54523E+02  1.68105E+07  2.07216E+07  1.65489E+07  2.26543E+07  2.68767E+07  2.23997E+07
 0.150   1.991  9.19485E+07  1.09111E+08  9.10839E+07  2.07665E+02  2.93252E+07  3.63662E+07  2.88586E+07  6.26233E+07  7.27452E+07  6.22252E+07
 0.160   2.242  9.34231E+07  1.14304E+08  9.23097E+07  2.82211E+02  4.08753E+07  5.04790E+07  4.03122E+07  5.25478E+07  6.38253E+07  5.19975E+07
 0.170   2.045  1.99129E+08  2.37262E+08  1.97133E+08  2.56019E+02  7.24616E+07  9.07606E+07  7.12866E+07  1.26667E+08  1.46502E+08  1.25847E+08
 0.180   2.541  4.46670E+08  5.30194E+08  4.43546E+08  2.05279E+02  8.57575E+07  1.08580E+08  8.41417E+07  3.60912E+08  4.21614E+08  3.59404E+08
 0.190   3.305  5.85219E+08  7.13637E+08  5.79626E+08  2.94834E+02  1.48432E+08  1.88805E+08  1.45548E+08  4.36787E+08  5.24832E+08  4.34078E+08
 0.200   1.371  1.91615E+09  2.21415E+09  1.90945E+09  1.34131E+02  2.65587E+08  3.36135E+08  2.61713E+08  1.65056E+09  1.87801E+09  1.64774E+09
 0.210   4.332  3.39229E+09  4.13122E+09  3.36851E+09  2.67282E+02  9.94668E+08  1.25718E+09  9.80984E+08  2.39762E+09  2.87404E+09  2.38753E+09
 0.220   5.687  5.03498E+09  6.19405E+09  4.99140E+09  3.34513E+02  1.45203E+09  1.86458E+09  1.42647E+09  3.58294E+09  4.32947E+09  3.56493E+09
 0.230   3.868  7.78695E+09  9.42791E+09  7.73213E+09  2.96817E+02  1.39435E+09  1.80546E+09  1.36754E+09  6.39260E+09  7.62245E+09  6.36459E+09
 0.240   2.704  1.09013E+10  1.32143E+10  1.08367E+10  2.80214E+02  1.19330E+09  1.53937E+09  1.17055E+09  9.70802E+09  1.16749E+10  9.66613E+09
 0.250   1.668  1.52337E+10  1.84423E+10  1.51516E+10  2.77675E+02  1.00677E+09  1.30825E+09  9.85409E+08  1.42269E+10  1.71341E+10  1.41661E+10
 0.260   6.817  2.72411E+10  3.36161E+10  2.70584E+10  3.44561E+02  4.92832E+09  6.30594E+09  4.85698E+09  2.23128E+10  2.73101E+10  2.22014E+10
 0.270   7.625  3.09471E+10  3.89007E+10  3.06907E+10  4.35804E+02  5.46542E+09  7.09216E+09  5.37295E+09  2.54817E+10  3.18085E+10  2.53177E+10
 0.280   8.221  3.35106E+10  4.26653E+10  3.31843E+10  5.25117E+02  5.51831E+09  7.23148E+09  5.41219E+09  2.79923E+10  3.54338E+10  2.77721E+10
 0.290   7.712  3.51550E+10  4.52301E+10  3.47591E+10  6.22671E+02  5.39850E+09  7.13717E+09  5.27999E+09  2.97565E+10  3.80930E+10  2.94791E+10
 0.300   9.614  3.91397E+10  5.07340E+10  3.86476E+10  7.11995E+02  6.49381E+09  8.60903E+09  6.34540E+09  3.26459E+10  4.21250E+10  3.23022E+10
 0.310   9.530  4.14608E+10  5.40718E+10  4.08819E+10  8.02104E+02  6.48193E+09  8.65377E+09  6.31779E+09  3.49789E+10  4.54181E+10  3.45642E+10
 0.320  11.135  4.52260E+10  5.92742E+10  4.45319E+10  8.85969E+02  7.37870E+09  9.88362E+09  7.18388E+09  3.78473E+10  4.93906E+10  3.73481E+10
 0.330  12.645  4.82941E+10  6.36633E+10  4.74680E+10  9.83305E+02  8.07480E+09  1.08543E+10  7.85035E+09  4.02193E+10  5.28090E+10  3.96176E+10
 0.340  13.028  4.98605E+10  6.61716E+10  4.89061E+10  1.09489E+03  8.31460E+09  1.12233E+10  8.06759E+09  4.15459E+10  5.49483E+10  4.08385E+10
 0.350  12.634  5.27258E+10  7.00112E+10  5.16442E+10  1.17465E+03  8.45059E+09  1.14452E+10  8.18429E+09  4.42752E+10  5.85660E+10  4.34599E+10
 0.360  12.463  5.48246E+10  7.30607E+10  5.36176E+10  1.26306E+03  8.45707E+09  1.14786E+10  8.17616E+09  4.63675E+10  6.15820E+10  4.54414E+10
 0.370  13.043  5.75649E+10  7.68962E+10  5.62096E+10  1.35198E+03  8.82547E+09  1.20144E+10  8.51766E+09  4.87395E+10  6.48817E+10  4.76919E+10
 0.380  12.177  6.03013E+10  8.04996E+10  5.88124E+10  1.41737E+03  8.36492E+09  1.14389E+10  8.04635E+09  5.19364E+10  6.90607E+10  5.07661E+10
 0.390  11.278  6.39582E+10  8.54468E+10  6.23170E+10  1.47806E+03  8.75297E+09  1.19498E+10  8.41554E+09  5.52053E+10  7.34970E+10  5.39015E+10
 0.400  12.982  7.20731E+10  9.60233E+10  7.02354E+10  1.48179E+03  9.80525E+09  1.33898E+10  9.42650E+09  6.22678E+10  8.26335E+10  6.08089E+10
 0.410  14.842  7.90340E+10  1.05529E+11  7.69744E+10  1.53254E+03  1.14540E+10  1.56264E+10  1.10233E+10  6.75800E+10  8.99025E+10  6.59511E+10
 0.420  13.470  8.17924E+10  1.09515E+11  7.95717E+10  1.60836E+03  1.07175E+10  1.46965E+10  1.02780E+10  7.10750E+10  9.48184E+10  6.92937E+10
 0.430  13.183  8.49367E+10  1.14096E+11  8.25384E+10  1.69370E+03  1.07781E+10  1.48164E+10  1.03147E+10  7.41586E+10  9.92793E+10  7.22237E+10
 0.440  12.619  8.72117E+10  1.17487E+11  8.46331E+10  1.78818E+03  1.05524E+10  1.45456E+10  1.00693E+10  7.66594E+10  1.02941E+11  7.45637E+10
 0.450  13.823  9.29218E+10  1.25474E+11  9.01056E+10  1.85703E+03  1.18747E+10  1.63340E+10  1.13463E+10  8.10471E+10  1.09140E+11  7.87593E+10
 0.460  13.688  9.48940E+10  1.28393E+11  9.18912E+10  1.95179E+03  1.16095E+10  1.60144E+10  1.10612E+10  8.32845E+10  1.12378E+11  8.08300E+10
 0.470  13.285  9.78518E+10  1.32832E+11  9.46434E+10  2.05230E+03  1.19669E+10  1.65120E+10  1.13928E+10  8.58849E+10  1.16320E+11  8.32507E+10
 0.480  14.868  1.03233E+11  1.40478E+11  9.97769E+10  2.12826E+03  1.31545E+10  1.81643E+10  1.25304E+10  9.00784E+10  1.22314E+11  8.72465E+10
 0.490  14.892  1.06365E+11  1.45109E+11  1.02692E+11  2.22804E+03  1.38304E+10  1.90932E+10  1.31757E+10  9.25348E+10  1.26016E+11  8.95162E+10
 0.500  15.660  1.09071E+11  1.49461E+11  1.05159E+11  2.34725E+03  1.44051E+10  1.99258E+10  1.37102E+10  9.46662E+10  1.29535E+11  9.14493E+10
 0.510  14.421  1.08030E+11  1.48421E+11  1.03951E+11  2.48645E+03  1.34220E+10  1.86333E+10  1.27230E+10  9.46084E+10  1.29788E+11  9.12275E+10
 0.520  14.990  1.09772E+11  1.51293E+11  1.05479E+11  2.61184E+03  1.37729E+10  1.91511E+10  1.30410E+10  9.59989E+10  1.32142E+11  9.24381E+10
 0.530  16.187  1.12882E+11  1.56031E+11  1.08334E+11  2.73252E+03  1.45786E+10  2.03194E+10  1.37984E+10  9.83037E+10  1.35711E+11  9.45353E+10
 0.540  17.036  1.16015E+11  1.60840E+11  1.11182E+11  2.86222E+03  1.55549E+10  2.17287E+10  1.47169E+10  1.00461E+11  1.39111E+11  9.64649E+10
 0.550  18.488  1.16613E+11  1.62075E+11  1.11544E+11  3.00736E+03  1.56619E+10  2.19185E+10  1.47882E+10  1.00951E+11  1.40156E+11  9.67561E+10
 0.560  19.166  1.18607E+11  1.65293E+11  1.13283E+11  3.14487E+03  1.64112E+10  2.30142E+10  1.54917E+10  1.02196E+11  1.42279E+11  9.77909E+10
