  41
 0.100   4.750   0.713  3.02442E+09  2.86889E+08  3.24588E+07  3.73099E+07  2.70507E+09  1.04720E+07  8.02218E+06  9.20674E+06  1.25206E+08  7.25867E+08  3.75146E+07  4.31210E+07  5.04533E+09  2.07924E+07  1.16213E+07  1.33758E+07  2.55068E+08
 0.110   6.500   0.975  5.87513E+09  5.66954E+08  7.14581E+07  8.23255E+07  5.23671E+09  7.34342E+07  2.07499E+07  2.40005E+07  2.90236E+08  8.82272E+08  7.23865E+07  8.34218E+07  6.56950E+09  1.30412E+08  3.58020E+07  4.09842E+07  5.73405E+08
 0.120   8.250   1.000  8.75190E+09  6.86145E+08  2.46352E+08  2.82532E+08  7.81940E+09  1.65900E+08  1.84174E+08  2.08826E+08  5.53285E+08  8.28569E+08  2.47107E+08  2.83442E+08  8.54395E+09  1.79913E+08  1.92706E+08  2.18829E+08  7.05096E+08
 0.130   9.750   1.114  1.16666E+10  8.96796E+08  4.23007E+08  4.94459E+08  1.03468E+10  1.51968E+08  3.41666E+08  3.99049E+08  8.11596E+08  9.19361E+08  4.23039E+08  4.94498E+08  1.04846E+10  1.79213E+08  3.54135E+08  4.13369E+08  9.72552E+08
 0.140  12.250   1.100  1.79671E+10  1.41755E+09  5.49029E+08  6.58476E+08  1.60005E+10  1.68550E+08  4.39920E+08  5.26618E+08  1.01645E+09  1.18476E+09  5.30200E+08  6.35134E+08  1.34326E+10  1.59903E+08  4.30276E+08  5.15057E+08  8.90494E+08
 0.150  15.000   1.506  2.71468E+10  2.36613E+09  7.48611E+08  9.02424E+08  2.40320E+10  3.49662E+08  6.06279E+08  7.30019E+08  1.65803E+09  1.58443E+09  7.25680E+08  8.75186E+08  1.71567E+10  3.50796E+08  6.06575E+08  7.30381E+08  1.66784E+09
 0.160  19.500   2.133  4.85628E+10  4.12237E+09  1.38491E+09  1.67091E+09  4.30555E+10  4.58039E+08  9.32333E+08  1.12099E+09  2.62551E+09  2.56595E+09  1.35397E+09  1.63223E+09  2.73328E+10  5.03587E+08  9.42273E+08  1.13288E+09  2.96022E+09
 0.170  22.250   1.017  5.97509E+10  4.57856E+09  2.36032E+09  2.81756E+09  5.28120E+10  9.22094E+08  1.80474E+09  2.13846E+09  3.88455E+09  2.67423E+09  2.30411E+09  2.74740E+09  3.14796E+10  6.41469E+08  1.64335E+09  1.94595E+09  1.56308E+09
 0.180  24.500   1.871  6.84524E+10  4.65650E+09  3.28897E+09  3.97799E+09  6.05070E+10  8.65309E+08  2.81071E+09  3.38833E+09  5.11142E+09  2.57230E+09  3.21117E+09  3.88010E+09  2.76096E+10  6.99599E+08  2.72454E+09  3.28304E+09  3.77498E+09
 0.190  27.000   2.562  7.84235E+10  5.53391E+09  3.91503E+09  4.80745E+09  6.89746E+10  8.42381E+08  3.34975E+09  4.10815E+09  5.88611E+09  2.70147E+09  3.81466E+09  4.68108E+09  2.83605E+10  8.06269E+08  3.32398E+09  4.07654E+09  5.54216E+09
 0.200  29.250   2.951  8.52309E+10  6.16113E+09  4.44048E+09  5.52485E+09  7.46292E+10  9.31326E+08  3.86471E+09  4.80767E+09  6.86406E+09  3.04324E+09  4.35848E+09  5.42061E+09  3.17595E+10  9.39581E+08  3.87070E+09  4.81511E+09  6.94263E+09
 0.210  31.250   3.171  9.18253E+10  6.71513E+09  5.04355E+09  6.31890E+09  8.00666E+10  1.15167E+09  4.43784E+09  5.55888E+09  7.55037E+09  3.24378E+09  4.91208E+09  6.15051E+09  2.96227E+10  1.16738E+09  4.44949E+09  5.57328E+09  7.68605E+09
 0.220  34.500   3.442  1.06312E+11  8.05055E+09  5.76443E+09  7.27308E+09  9.24973E+10  8.03604E+08  5.06643E+09  6.39538E+09  8.35623E+09  2.99126E+09  5.54854E+09  7.00091E+09  2.77748E+10  8.00726E+08  5.06374E+09  6.39203E+09  8.33320E+09
 0.230  37.500   4.053  1.18205E+11  9.26906E+09  6.17315E+09  7.86373E+09  1.02763E+11  1.37600E+09  5.48966E+09  7.00167E+09  9.81414E+09  3.28956E+09  5.90480E+09  7.52758E+09  2.95918E+10  1.47569E+09  5.55353E+09  7.08227E+09  1.07763E+10
 0.240  41.000   4.217  1.37762E+11  1.01831E+10  7.75932E+09  9.82172E+09  1.19820E+11  1.88677E+09  6.54665E+09  8.31409E+09  1.22664E+10  3.64393E+09  7.10910E+09  8.99595E+09  3.30571E+10  1.95833E+09  6.58446E+09  8.35955E+09  1.27097E+10
 0.250  44.750   4.446  1.58562E+11  1.08328E+10  8.79693E+09  1.12220E+10  1.38932E+11  1.51523E+09  7.44207E+09  9.50670E+09  1.40173E+10  3.20617E+09  7.94062E+09  1.01297E+10  3.54715E+10  1.50628E+09  7.43440E+09  9.49712E+09  1.39002E+10
 0.260  48.500   2.047  1.81341E+11  1.15551E+10  1.01272E+10  1.29198E+10  1.59658E+11  1.97498E+09  8.71190E+09  1.11163E+10  1.63199E+10  3.30728E+09  9.21784E+09  1.17607E+10  3.73690E+10  1.22144E+09  7.04193E+09  8.99735E+09  5.76863E+09
 0.270  54.750   1.401  2.31965E+11  1.41711E+10  1.25456E+10  1.60264E+10  2.05248E+11  1.68380E+09  1.04565E+10  1.33395E+10  1.96669E+10  2.71882E+09  1.07604E+10  1.37322E+10  3.70413E+10  1.04735E+09  7.68890E+09  9.77535E+09  4.12715E+09
 0.280  58.500   4.659  2.56847E+11  1.45387E+10  1.44730E+10  1.85164E+10  2.27836E+11  2.52806E+09  1.25332E+10  1.60347E+10  2.59922E+10  4.23435E+09  1.31297E+10  1.67971E+10  4.76537E+10  1.87898E+09  1.20774E+10  1.54479E+10  1.92259E+10
 0.290  62.750   5.693  2.83834E+11  1.62626E+10  1.59729E+10  2.05849E+10  2.51598E+11  2.37740E+09  1.34897E+10  1.73852E+10  2.63999E+10  3.54626E+09  1.39149E+10  1.79355E+10  4.29495E+10  2.14196E+09  1.33998E+10  1.72705E+10  2.37023E+10
 0.300  66.000   5.069  3.02093E+11  1.68734E+10  1.70066E+10  2.20898E+10  2.68213E+11  2.93857E+09  1.44125E+10  1.87243E+10  2.84215E+10  4.24092E+09  1.48077E+10  1.92382E+10  4.41998E+10  2.31650E+09  1.41555E+10  1.83889E+10  2.10326E+10
 0.310  69.250   6.029  3.15878E+11  1.72825E+10  1.81688E+10  2.37356E+10  2.80426E+11  3.84126E+09  1.57967E+10  2.06426E+10  3.10359E+10  5.28199E+09  1.62402E+10  2.12189E+10  4.52478E+10  3.31397E+09  1.55475E+10  2.03209E+10  2.65489E+10
 0.320  72.000   4.737  3.22436E+11  1.67450E+10  1.99835E+10  2.61078E+10  2.85707E+11  3.77561E+09  1.73936E+10  2.26893E+10  3.16357E+10  4.61930E+09  1.77896E+10  2.32070E+10  4.39114E+10  2.55536E+09  1.66055E+10  2.16968E+10  2.01863E+10
 0.330  76.500   6.097  3.51440E+11  1.77189E+10  2.27490E+10  2.99107E+10  3.10972E+11  2.97152E+09  1.90618E+10  2.49997E+10  3.35516E+10  3.59773E+09  1.93782E+10  2.54151E+10  4.36138E+10  2.28720E+09  1.86279E+10  2.44474E+10  2.66274E+10
 0.340  79.750   5.897  3.64792E+11  1.78664E+10  2.36394E+10  3.12829E+10  3.23286E+11  3.12299E+09  1.97890E+10  2.61279E+10  3.49836E+10  3.86297E+09  2.00612E+10  2.64882E+10  4.39147E+10  2.37210E+09  1.90682E+10  2.52031E+10  2.54140E+10
 0.350  82.250   6.512  3.72028E+11  1.77240E+10  2.46114E+10  3.27243E+10  3.29692E+11  3.10949E+09  2.08361E+10  2.76498E+10  3.68144E+10  3.72833E+09  2.11011E+10  2.80015E+10  4.44808E+10  2.13731E+09  2.03615E+10  2.70350E+10  2.89653E+10
 0.360  84.750   8.167  3.76330E+11  1.77734E+10  2.53613E+10  3.38931E+10  3.33195E+11  3.39709E+09  2.19593E+10  2.93174E+10  3.93852E+10  4.00125E+09  2.22436E+10  2.96873E+10  4.63986E+10  3.24962E+09  2.18876E+10  2.92238E+10  3.79476E+10
 0.370  87.500   8.217  3.80629E+11  1.75776E+10  2.61497E+10  3.50989E+10  3.36901E+11  3.32471E+09  2.25049E+10  3.01874E+10  4.10672E+10  3.71035E+09  2.27306E+10  3.04857E+10  4.71285E+10  3.08498E+09  2.23746E+10  3.00178E+10  3.84722E+10
 0.380  90.000   8.643  3.85299E+11  1.73069E+10  2.68273E+10  3.61596E+10  3.41164E+11  3.04572E+09  2.30565E+10  3.10666E+10  4.12195E+10  3.33838E+09  2.32881E+10  3.13719E+10  4.58000E+10  2.90625E+09  2.29508E+10  3.09312E+10  3.95929E+10
 0.390  92.750   8.203  3.90555E+11  1.72233E+10  2.74218E+10  3.71097E+10  3.45909E+11  2.85070E+09  2.36614E+10  3.20131E+10  4.28222E+10  3.00977E+09  2.38534E+10  3.22629E+10  4.61391E+10  2.43709E+09  2.33210E+10  3.15681E+10  3.77720E+10
 0.400  95.500   9.061  3.98306E+11  1.73588E+10  2.78612E+10  3.78665E+10  3.53086E+11  3.54383E+09  2.42082E+10  3.28857E+10  4.51406E+10  3.76605E+09  2.43218E+10  3.30366E+10  4.72929E+10  3.29012E+09  2.40638E+10  3.26950E+10  4.28224E+10
 0.410  98.250  10.733  4.03194E+11  1.69091E+10  2.86430E+10  3.89779E+10  3.57642E+11  3.40675E+09  2.47815E+10  3.37680E+10  4.80449E+10  3.48318E+09  2.48365E+10  3.38415E+10  4.89950E+10  3.84292E+09  2.50621E+10  3.41423E+10  5.30660E+10
 0.420 100.750   8.008  4.07148E+11  1.69669E+10  2.90878E+10  3.97503E+10  3.61093E+11  3.17410E+09  2.65680E+10  3.63132E+10  5.05970E+10  3.14402E+09  2.65406E+10  3.62769E+10  5.02178E+10  2.46105E+09  2.55976E+10  3.50239E+10  3.96037E+10
 0.430 104.000  10.885  4.15830E+11  1.74975E+10  2.98824E+10  4.09296E+10  3.68450E+11  3.17355E+09  2.69365E+10  3.69105E+10  5.15841E+10  3.08152E+09  2.67927E+10  3.67187E+10  4.95576E+10  3.29640E+09  2.70887E+10  3.71145E+10  5.40311E+10
 0.440 106.250  11.581  4.16605E+11  1.74287E+10  3.02107E+10  4.15263E+10  3.68966E+11  3.00053E+09  2.72897E+10  3.75289E+10  5.29101E+10  2.75180E+09  2.69791E+10  3.71164E+10  4.96657E+10  3.44480E+09  2.76687E+10  3.80272E+10  5.78876E+10
 0.450 108.500  10.768  4.17039E+11  1.70848E+10  3.05317E+10  4.20879E+10  3.69423E+11  3.15256E+09  2.77689E+10  3.82751E+10  5.51867E+10  2.72065E+09  2.73558E+10  3.77216E+10  5.06977E+10  3.11539E+09  2.77351E+10  3.82296E+10  5.47525E+10
 0.460 110.750  12.938  4.15502E+11  1.68606E+10  3.08327E+10  4.26197E+10  3.67809E+11  2.58511E+09  2.76142E+10  3.82233E+10  5.60715E+10  2.24819E+09  2.70744E+10  3.74961E+10  5.04867E+10  3.31314E+09  2.83451E+10  3.91984E+10  6.57148E+10
 0.470 113.000  14.174  4.17574E+11  1.66398E+10  3.10786E+10  4.30846E+10  3.69856E+11  2.47082E+09  2.80543E+10  3.89265E+10  5.63508E+10  2.01661E+09  2.74792E+10  3.81463E+10  4.94965E+10  3.55542E+09  2.89395E+10  4.01212E+10  7.11101E+10
 0.480 115.250  12.522  4.20244E+11  1.65882E+10  3.12660E+10  4.34648E+10  3.72390E+11  2.52244E+09  2.82758E+10  3.93425E+10  5.83432E+10  1.96648E+09  2.74211E+10  3.81879E+10  5.01926E+10  2.79791E+09  2.86483E+10  3.98491E+10  6.35769E+10
 0.490 117.500  12.679  4.21812E+11  1.66352E+10  3.13995E+10  4.37626E+10  3.73777E+11  2.50335E+09  2.84962E+10  3.97445E+10  5.94014E+10  1.77351E+09  2.76969E+10  3.86543E+10  5.01789E+10  2.83120E+09  2.88178E+10  4.01820E+10  6.42165E+10
 0.500 120.000  13.385  4.25664E+11  1.65924E+10  3.16252E+10  4.41619E+10  3.77447E+11  2.66626E+09  2.87360E+10  4.01616E+10  6.05914E+10  1.87777E+09  2.77888E+10  3.88629E+10  5.00282E+10  3.10103E+09  2.91633E+10  4.07448E+10  6.78056E+10
