  41
 0.100  3.06907E+07  1.49462E+07  1.72665E+07  2.80386E+07  7.88116E+06  4.23922E+08  1.16404E-01
 0.110  1.32492E+08  3.65677E+07  4.18645E+07  1.29001E+08  1.99361E+07  6.01007E+08  3.06254E-01
 0.120  1.79913E+08  1.92706E+08  2.18829E+08  1.75957E+08  1.57154E+08  7.05096E+08  1.83303E+00
 0.130  1.55324E+08  3.43719E+08  4.01446E+08  1.50103E+08  1.63407E+08  8.40195E+08  1.69436E+00
 0.140  1.48618E+08  4.21288E+08  5.04406E+08  1.44951E+08  8.74704E+07  7.88816E+08  9.20036E-01
 0.150  2.69060E+08  5.59843E+08  6.74520E+08  2.63090E+08  1.34859E+08  9.74796E+08  1.72442E+00
 0.160  2.83602E+08  8.31803E+08  1.00070E+09  2.78112E+08  2.57128E+08  1.13550E+09  3.11176E+00
 0.170  6.39017E+08  1.63828E+09  1.93990E+09  6.31171E+08  7.59585E+08  1.53307E+09  1.03741E+01
 0.180  4.81527E+08  2.47100E+09  2.97751E+09  4.73282E+08  6.53570E+08  1.84209E+09  7.07670E+00
 0.190  2.38919E+08  2.78722E+09  3.42430E+09  2.33215E+08  3.76081E+08  1.85432E+09  4.05709E+00
 0.200  1.67922E+08  2.95232E+09  3.69570E+09  1.64122E+08  1.98124E+08  1.88217E+09  1.94314E+00
 0.210  2.41741E+08  3.21967E+09  4.06683E+09  2.35301E+08  2.38071E+08  1.98385E+09  2.78467E+00
 0.220  2.20947E+08  3.45001E+09  4.39244E+09  2.16577E+08  2.25382E+08  1.97137E+09  2.36671E+00
 0.230  1.06648E+08  3.56046E+09  4.58159E+09  1.03285E+08  1.13727E+08  2.00114E+09  1.14954E+00
 0.240  1.21339E+08  3.68920E+09  4.78162E+09  1.17225E+08  1.27238E+08  2.09375E+09  1.34902E+00
 0.250  2.17282E+08  3.95480E+09  5.14525E+09  2.11844E+08  1.60833E+08  2.15519E+09  1.88297E+00
 0.260  8.45540E+08  5.06576E+09  6.49693E+09  8.34147E+08  7.19718E+08  2.50055E+09  9.66176E+00
 0.270  9.56955E+08  6.79178E+09  8.62023E+09  9.49805E+08  1.21254E+09  2.85597E+09  1.28143E+01
 0.280  4.52238E+08  8.05287E+09  1.02535E+10  4.45463E+08  9.97510E+08  3.01659E+09  1.04737E+01
 0.290  5.21194E+08  8.56410E+09  1.10417E+10  5.15223E+08  5.15775E+08  3.02598E+09  6.52331E+00
 0.300  2.98420E+08  8.83350E+09  1.15023E+10  2.94140E+08  3.53262E+08  3.08609E+09  3.50372E+00
 0.310  2.63029E+08  9.34472E+09  1.22885E+10  2.58226E+08  1.95875E+08  3.17713E+09  2.17309E+00
 0.320  1.95345E+08  9.35158E+09  1.23862E+10  1.92466E+08  2.02212E+08  3.19060E+09  2.17361E+00
 0.330  9.24203E+07  9.08265E+09  1.21191E+10  9.02860E+07  9.92594E+07  3.04452E+09  1.01972E+00
 0.340  6.63982E+07  8.95731E+09  1.20104E+10  6.47439E+07  6.73252E+07  2.90444E+09  6.90391E-01
 0.350  7.19179E+07  8.96099E+09  1.20837E+10  6.93316E+07  7.56621E+07  2.93037E+09  6.52601E-01
 0.360  7.29749E+07  8.91983E+09  1.20808E+10  7.07062E+07  6.16864E+07  2.93511E+09  6.58251E-01
 0.370  4.80087E+07  8.62297E+09  1.17284E+10  4.64383E+07  3.67776E+07  2.80800E+09  3.67025E-01
 0.380  5.68448E+07  8.42643E+09  1.15044E+10  5.49833E+07  4.30902E+07  2.73093E+09  4.77891E-01
 0.390  3.90626E+07  8.54508E+09  1.17053E+10  3.77767E+07  2.98306E+07  2.75495E+09  2.99184E-01
 0.400  4.06413E+07  8.48266E+09  1.16572E+10  3.90677E+07  2.16500E+07  2.76593E+09  2.44850E-01
 0.410  2.66662E+07  8.37860E+09  1.15452E+10  2.55194E+07  2.03408E+07  2.73101E+09  1.89763E-01
 0.420  2.12718E+07  8.17451E+09  1.12934E+10  2.03569E+07  1.31431E+07  2.62118E+09  1.43997E-01
 0.430  2.05161E+07  8.22297E+09  1.13848E+10  1.96158E+07  1.26333E+07  2.63573E+09  1.40558E-01
 0.440  2.93193E+07  8.39044E+09  1.16351E+10  2.81937E+07  1.32071E+07  2.69277E+09  1.30727E-01
 0.450  2.73648E+07  8.72155E+09  1.20762E+10  2.63666E+07  2.19176E+07  2.85139E+09  2.41265E-01
 0.460  2.21922E+07  8.45804E+09  1.17344E+10  2.13934E+07  1.36993E+07  2.75878E+09  1.42932E-01
 0.470  1.98743E+07  8.55643E+09  1.18907E+10  1.90783E+07  1.03461E+07  2.77150E+09  1.11676E-01
 0.480  1.84547E+07  8.44003E+09  1.17468E+10  1.77749E+07  8.57616E+06  2.74548E+09  8.42584E-02
 0.490  1.71387E+07  8.45958E+09  1.17865E+10  1.64152E+07  7.59132E+06  2.75736E+09  8.47421E-02
 0.500  1.62714E+07  8.25550E+09  1.15136E+10  1.55845E+07  7.00565E+06  2.69875E+09  8.01903E-02
