  41
 0.100 -1.00542E-01 -2.11348E-02 -1.84969E-01  2.74508E+01  2.28069E+01  4.57534E+01  5.76817E-01  1.88567E-01 -7.94811E-01  9.94135E+00   0.713   0.500  2.13175E+07  2.09236E+07  1.73056E+06  0.00000E+00  3.94075E+07  1.96208E-02  8.36182E+01   7.706   7.341
 0.110 -3.62364E-02 -3.14243E-01 -2.44717E-02  1.60730E+00 -4.86236E+00  7.22772E+00  2.04003E-01 -6.89802E-01 -6.94663E-01  2.61511E+00   0.975   0.766  1.31801E+08  1.29329E+08  1.35566E+06  1.96055E+04  2.56897E+07  1.68351E-02  6.41924E+01   7.687   7.620
 0.120  7.57216E-03 -1.65167E-02  1.09102E-02  1.38893E+00  3.58784E+00  2.39308E+00  5.82524E-01  4.95434E-01 -6.44368E-01  4.77398E+00   1.000   0.500  1.73256E+08  2.44745E+08  7.89006E+07  7.34728E+05  6.56792E+07  1.09631E+00  4.54653E+01   8.331   8.287
 0.130  4.28823E-02 -5.20893E-02  6.88545E-02  1.71198E+00 -5.62827E+00  1.03498E+01  8.19811E-01  3.97620E-01 -4.12078E-01  2.40434E+01   1.114   0.500  1.71049E+08  2.89434E+08  1.93659E+08  9.02646E+05  7.70692E+07  1.34727E+00  8.46150E+01   8.478   8.461
 0.140  1.29990E-01 -1.28160E-01 -4.78192E-02 -5.35359E+00 -2.43583E-01  7.87705E+00  7.49202E-01  6.54060E-01 -1.04410E-01  2.19729E+01   1.100   0.500  1.56382E+08  2.13189E+08  2.17567E+08  5.71478E+06  6.99193E+07  6.39356E-01  1.45834E+02   8.399   8.529
 0.150 -9.21771E-02  6.81324E-02 -2.37212E-02 -2.15544E+00 -7.50334E+00  1.39240E+01  1.49755E-01  8.38721E-01  5.23565E-01  3.68633E+01   1.506   0.557  3.07084E+08  3.56825E+08  1.40798E+08  3.75185E+06  1.10990E+08  8.60248E-01  1.63500E+02   8.300   8.463
 0.160 -1.33158E-02 -6.30969E-02  1.68701E-01 -1.83888E+00 -6.05949E+00  1.81806E+00  5.45369E-01  6.57106E-01  5.20369E-01  3.58233E+01   2.133   1.004  4.46978E+08  6.14585E+08  4.55518E+08  1.83587E+07  2.27383E+08  2.22917E+00  1.88834E+02   8.353   8.482
 0.170  1.86084E-02 -2.16260E-02  1.25451E-02  2.77716E+00  8.06187E-01 -4.53343E+00  5.10954E-01  6.30226E-01  5.84586E-01  3.39748E+01   1.017   0.500  6.16905E+08  1.23655E+09  9.82550E+08  1.04837E+07  1.29031E+08  8.91184E+00  1.34463E+02   8.603   8.469
 0.180  4.55577E-02 -2.40065E-03  4.58642E-02  7.60890E+00  5.47775E+00  1.09705E+00 -4.99151E-01  4.24615E-01  7.55348E-01  5.58255E+01   1.871   0.502  5.81290E+08  9.12419E+08  8.44136E+08  2.26870E+07  2.37609E+08  4.37108E+00  1.64977E+02   8.685   8.574
 0.190  6.06994E-02 -1.93578E-01  2.63830E-02  1.49384E+01 -9.07202E+00  6.81263E+00 -7.30311E-01 -1.92275E-01  6.55497E-01  1.07709E+02   2.562   0.689  6.69103E+08  8.65889E+08  7.56543E+08  7.74666E+07  4.36393E+08  2.95590E+00  2.28301E+02   8.554   8.521
 0.200  2.85630E-01 -1.66359E-01  2.42594E-01 -8.07602E+00  3.09854E+00 -5.62048E+00 -7.92338E-01 -2.74819E-01  5.44679E-01  1.74250E+02   2.951   0.660  8.13041E+08  1.08540E+09  1.33187E+09  1.11620E+08  5.25683E+08  3.14393E+00  2.78804E+02   8.483   8.573
 0.210  8.11410E-02  1.14312E-01  2.96510E-01 -1.29012E+01  1.89265E+01 -6.71523E+00 -7.82613E-01 -3.56465E-01  5.10343E-01  1.73164E+02   3.171   0.937  1.00289E+09  1.38008E+09  2.10713E+09  1.63111E+08  7.29871E+08  4.89776E+00  3.26537E+02   8.443   8.598
 0.220  1.03710E-02 -1.68861E-01 -1.34002E-01 -2.46183E+00 -9.54786E+00  1.31654E+00 -7.78205E-01 -4.11210E-01  4.74662E-01  1.84864E+02   3.442   0.718  6.27888E+08  1.08523E+09  2.79617E+09  1.55327E+08  6.89965E+08  4.76505E+00  3.89191E+02   8.609   8.617
 0.230  4.12991E-01 -2.50478E-01  4.53550E-01 -7.83891E+00  4.70041E+01  3.90030E+01 -7.48667E-01 -5.28541E-01  4.00178E-01  3.01206E+02   4.053   0.855  1.22461E+09  1.45969E+09  3.18499E+09  2.28615E+08  8.64056E+08  3.70869E+00  4.64652E+02   8.417   8.618
 0.240 -1.89335E-01  4.87434E-01  8.97742E-01 -1.31367E+01  1.09479E+01  7.88700E+00 -6.08959E-01 -7.21876E-01  3.28731E-01  2.96796E+02   4.217   1.106  1.63422E+09  2.30209E+09  3.62606E+09  2.49841E+08  1.02119E+09  9.70929E+00  4.49146E+02   8.421   8.568
 0.250  6.09174E-02 -5.25439E-02 -1.09076E-02  2.43515E+01  1.04256E+00 -1.16776E+01 -4.52115E-01 -8.22572E-01  3.44916E-01  2.57575E+02   4.446   1.347  1.26440E+09  1.70391E+09  4.46054E+09  3.40254E+08  1.28232E+09  5.84504E+00  5.18919E+02   8.542   8.586
 0.260  4.34449E-02  2.90764E-02  1.18516E-01 -3.49338E+00  1.32971E+01  9.75941E+00 -6.61505E-01 -6.56382E-01  3.62732E-01  9.37974E+01   2.047   0.500  1.06147E+09  1.77298E+09  4.00233E+09  1.35172E+08  4.87190E+08  9.81865E+00  5.76554E+02   8.606   8.644
 0.270  4.38713E-02 -1.36157E-02  2.05784E-02  1.80242E+00  6.04690E+00  1.03945E+01 -5.10655E-01 -7.56853E-01  4.07926E-01  7.93488E+01   1.401   0.500  1.02392E+09  2.10532E+09  4.74043E+09  1.27900E+08  4.06879E+08  1.16054E+01  5.33347E+02   8.758   8.665
 0.280  4.09454E-02  6.38500E-02  2.38518E-01 -4.22905E+00  2.17814E+01  1.57429E+01 -5.91356E-01 -5.99445E-01  5.39411E-01  2.44843E+02   4.659   2.103  1.59100E+09  2.61922E+09  7.58341E+09  6.09334E+08  1.91667E+09  1.25369E+01  5.63903E+02   8.554   8.634
 0.290  2.62271E-01 -4.13978E-02  2.51097E-01  9.07723E+00 -2.43292E+00  8.89354E+00 -4.54119E-01 -6.80527E-01  5.75030E-01  3.55464E+02   5.693   0.890  1.67686E+09  2.49658E+09  8.08411E+09  5.11969E+08  1.59601E+09  1.12108E+01  6.12589E+02   8.530   8.652
 0.300 -2.60394E-01  1.98738E-01  1.14305E-02 -1.34335E+01 -7.93294E+00 -1.69891E+01 -4.24210E-01 -7.38173E-01  5.24544E-01  4.18878E+02   5.069   1.030  1.91757E+09  2.52080E+09  8.66030E+09  5.29952E+08  1.53906E+09  7.79002E+00  6.79790E+02   8.481   8.657
 0.310  2.16711E-01 -7.53226E-02  2.91140E-01  2.98912E+01 -4.73495E+00  1.78846E+01 -6.21597E-01 -6.20935E-01  4.77553E-01  5.54760E+02   6.029   1.469  2.78554E+09  3.30873E+09  9.41511E+09  6.08199E+08  2.10880E+09  7.33334E+00  7.44481E+02   8.393   8.646
 0.320  5.35823E-01 -1.55703E-01  4.94500E-01  5.95961E+00  1.08294E+01  1.95658E+01 -6.22773E-01 -5.81003E-01  5.24013E-01  5.31118E+02   4.737   0.599  2.10310E+09  3.17479E+09  9.82918E+09  4.04974E+08  1.13924E+09  1.29376E+01  7.65826E+02   8.528   8.651
 0.330  6.10455E-01 -2.73849E-01  3.64513E-01  3.11240E+01 -6.10422E+00  2.53341E+01 -4.51758E-01 -7.40600E-01  4.97420E-01  6.16839E+02   6.097   1.015  1.84259E+09  2.59679E+09  1.15936E+10  8.05384E+08  1.72770E+09  8.09330E+00  8.06653E+02   8.589   8.634
 0.340  6.92829E-01 -7.17650E-01 -3.90837E-01  5.30334E+01 -2.23563E+01  1.10146E+01 -4.63805E-01 -7.59474E-01  4.56162E-01  7.23878E+02   5.897   0.989  1.92540E+09  2.40977E+09  1.15076E+10  7.51457E+08  1.65013E+09  5.39370E+00  8.95008E+02   8.559   8.634
 0.350  4.64735E-01 -2.16574E-01  1.23963E-01  2.72729E+01 -1.52068E+01  8.36480E+00 -4.37017E-01 -8.03830E-01  4.03576E-01  7.27756E+02   6.512   1.022  1.78303E+09  2.34609E+09  1.22270E+10  9.29196E+08  1.77500E+09  7.11508E+00  9.59004E+02   8.586   8.626
 0.360  1.36278E-01  1.40156E-01  4.86979E-01  3.03479E+01 -1.62459E+01  6.97989E+00 -4.42378E-01 -8.59758E-01  2.55182E-01  8.39309E+02   8.167   1.334  2.62901E+09  2.99952E+09  1.22957E+10  1.07857E+09  2.35148E+09  5.63447E+00  1.02980E+03   8.489   8.618
 0.370  1.39439E+00 -5.90262E-01  6.86333E-01  3.67837E+01 -1.12766E+01  7.94011E+00 -5.00047E-01 -8.15831E-01  2.90469E-01  8.77600E+02   8.217   1.118  2.54015E+09  2.80336E+09  1.21298E+10  1.04160E+09  2.13931E+09  4.76910E+00  1.13504E+03   8.508   8.621
 0.380  7.04668E-01 -7.85207E-01 -1.02844E+00  4.30705E+01 -3.67971E+01  1.84828E+00 -5.51667E-01 -8.09012E-01  2.02886E-01  9.31519E+02   8.643   1.578  2.42672E+09  2.71547E+09  1.31020E+10  1.31438E+09  2.68029E+09  4.29796E+00  1.21885E+03   8.535   8.610
 0.390  1.46019E-01 -2.04847E-01 -6.55622E-01  3.48523E+01 -2.74195E+01 -1.32197E+01 -5.93207E-01 -7.72885E-01  2.25290E-01  9.71524E+02   8.203   1.522  2.05973E+09  2.26991E+09  1.31201E+10  1.33264E+09  2.53638E+09  3.75581E+00  1.32680E+03   8.593   8.614
 0.400  1.90636E-01 -5.62767E-01 -9.39322E-01  2.68693E+01 -3.54870E+01 -1.71697E+01 -6.72024E-01 -7.11492E-01  2.05336E-01  1.08716E+03   9.061   1.313  2.74648E+09  2.92591E+09  1.19976E+10  1.41539E+09  2.50163E+09  3.85406E+00  1.44418E+03   8.537   8.622
 0.410  1.94482E-01 -4.97050E-01 -5.72482E-01  9.35478E+00 -2.90962E+01 -1.01750E+01 -7.62168E-01 -6.27922E-01  1.57524E-01  1.20250E+03  10.733   1.959  3.22924E+09  3.41411E+09  1.28155E+10  1.70819E+09  3.74954E+09  4.80521E+00  1.49602E+03   8.513   8.607
 0.420  3.04128E-01 -3.34064E-01 -6.55371E-01  2.55741E+01 -1.69662E+01 -5.33000E+00 -7.45157E-01 -6.56779E-01  1.15683E-01  1.04378E+03   8.008   1.577  2.09494E+09  2.20373E+09  1.33808E+10  1.96313E+09  3.15111E+09  2.73191E+00  1.69058E+03   8.588   8.615
 0.430 -5.39170E-01  5.80728E-01 -8.08608E-01  1.44762E+01 -2.54102E+01 -2.88385E+01 -8.29026E-01 -5.39544E-01  1.46997E-01  1.22961E+03  10.885   1.487  2.69927E+09  2.85969E+09  1.26326E+10  2.32225E+09  3.85487E+09  3.75361E+00  1.77735E+03   8.562   8.614
 0.440  9.76354E-01 -1.28258E+00  1.05442E-01  3.01376E+01 -1.89328E+01  8.97687E+00 -8.46771E-01 -5.14986E-01  1.33297E-01  1.30743E+03  11.581   1.833  2.84285E+09  2.91637E+09  1.39903E+10  2.32250E+09  4.30399E+09  2.36319E+00  1.85694E+03   8.571   8.608
 0.450  3.01368E-01 -3.09895E-01 -3.99648E-01  8.25111E+00 -2.04833E+01 -1.64663E+01 -8.67355E-01 -4.89703E-01  8.88040E-02  1.31647E+03  10.768   1.904  2.63084E+09  2.73242E+09  1.48062E+10  2.43017E+09  4.29409E+09  3.34525E+00  1.99563E+03   8.597   8.612
 0.460  1.59492E-01 -4.21952E-01 -9.85650E-02  3.59306E+00 -2.14930E+01 -1.97215E+01 -9.03641E-01 -4.17475E-01  9.56442E-02  1.41273E+03  12.938   1.704  2.75530E+09  2.80574E+09  1.47322E+10  2.31282E+09  4.43584E+09  2.06205E+00  2.13755E+03   8.580   8.616
 0.470  7.91742E-01 -1.44400E+00  5.62184E-01  5.06642E+00 -1.38286E+01  2.06799E+00 -9.28501E-01 -3.50272E-01  1.23271E-01  1.56180E+03  14.174   1.413  2.90886E+09  2.95313E+09  1.43308E+10  2.24310E+09  4.07386E+09  2.15352E+00  2.26272E+03   8.582   8.621
 0.480  2.27022E-01 -9.13405E-01 -6.64935E-01  7.78007E+00 -2.78176E+01 -5.02509E+00 -9.48916E-01 -2.95801E-01  1.09819E-01  1.43451E+03  12.522   1.201  2.29825E+09  2.33022E+09  1.37611E+10  1.99513E+09  3.56397E+09  1.43726E+00  2.43617E+03   8.627   8.630
 0.490  1.11615E-01 -6.00752E-01 -1.28000E+00  6.26260E+00 -3.00462E+01 -1.18144E+01 -9.53903E-01 -2.76957E-01  1.15601E-01  1.52246E+03  12.679   1.140  2.34060E+09  2.35202E+09  1.39086E+10  2.04711E+09  3.51409E+09  1.07149E+00  2.56346E+03   8.622   8.632
 0.500  1.73459E-01 -8.61666E-01 -1.23971E+00  9.03017E+00 -3.58025E+01 -9.31178E+00 -9.59617E-01 -2.43435E-01  1.40974E-01  1.59535E+03  13.385   1.191  2.55042E+09  2.57228E+09  1.42063E+10  2.11651E+09  3.66199E+09  1.49775E+00  2.68092E+03   8.614   8.629
