  41
 0.100 -1.00542E-01 -2.11348E-02 -1.84969E-01  2.74508E+01  2.28069E+01  4.57534E+01   0.713  2.07924E+07  2.57110E+07  1.16213E+07  0.00000E+00  2.55068E+08  1.01173E-01  1.13960E+02   7.710   7.475
 0.110 -3.62364E-02 -3.14243E-01 -2.44717E-02  1.60730E+00 -4.86236E+00  7.22772E+00   0.975  1.30412E+08  1.46618E+08  3.58020E+07  8.10120E+06  5.73405E+08  2.99822E-01  1.13468E+02   7.689   7.564
 0.120  7.57216E-03 -1.65167E-02  1.09102E-02  1.38893E+00  3.58784E+00  2.39308E+00   1.000  1.79913E+08  3.33111E+08  1.92706E+08  1.43897E+07  7.05096E+08  1.83303E+00  7.82347E+01   8.317   8.144
 0.130  4.28823E-02 -5.20893E-02  6.88545E-02  1.71198E+00 -5.62827E+00  1.03498E+01   1.114  1.79213E+08  3.42081E+08  3.54135E+08  2.48809E+07  9.72552E+08  1.79037E+00  1.20356E+02   8.461   8.367
 0.140  1.29990E-01 -1.28160E-01 -4.78192E-02 -5.35359E+00 -2.43583E-01  7.87705E+00   1.100  1.59903E+08  2.46019E+08  4.30276E+08  3.09245E+07  8.90494E+08  9.55746E-01  1.82545E+02   8.392   8.445
 0.150 -9.21771E-02  6.81324E-02 -2.37212E-02 -2.15544E+00 -7.50334E+00  1.39240E+01   1.506  3.50796E+08  4.89010E+08  6.06575E+08  5.78213E+07  1.66784E+09  1.92442E+00  2.23962E+02   8.265   8.436
 0.160 -1.33158E-02 -6.30969E-02  1.68701E-01 -1.83888E+00 -6.05949E+00  1.81806E+00   2.133  5.03587E+08  7.74795E+08  9.42273E+08  8.90705E+07  2.96022E+09  3.52969E+00  2.38008E+02   8.318   8.429
 0.170  1.86084E-02 -2.16260E-02  1.25451E-02  2.77716E+00  8.06187E-01 -4.53343E+00   1.017  6.41469E+08  1.39511E+09  1.64335E+09  6.13618E+07  1.56308E+09  1.03931E+01  2.03679E+02   8.591   8.448
 0.180  4.55577E-02 -2.40065E-03  4.58642E-02  7.60890E+00  5.47775E+00  1.09705E+00   1.871  6.99599E+08  1.40206E+09  2.72454E+09  2.97946E+08  3.77498E+09  7.99193E+00  2.38031E+02   8.630   8.520
 0.190  6.06994E-02 -1.93578E-01  2.63830E-02  1.49384E+01 -9.07202E+00  6.81263E+00   2.562  8.06269E+08  1.26771E+09  3.32398E+09  3.93838E+08  5.54216E+09  5.79087E+00  3.03761E+02   8.500   8.563
 0.200  2.85630E-01 -1.66359E-01  2.42594E-01 -8.07602E+00  3.09854E+00 -5.62048E+00   2.951  9.39581E+08  1.31632E+09  3.87070E+09  5.00975E+08  6.94263E+09  4.39573E+00  3.77516E+02   8.457   8.570
 0.210  8.11410E-02  1.14312E-01  2.96510E-01 -1.29012E+01  1.89265E+01 -6.71523E+00   3.171  1.16738E+09  1.61298E+09  4.44949E+09  5.58374E+08  7.68605E+09  5.85257E+00  4.38908E+02   8.413   8.569
 0.220  1.03710E-02 -1.68861E-01 -1.34002E-01 -2.46183E+00 -9.54786E+00  1.31654E+00   3.442  8.00726E+08  1.26481E+09  5.06374E+09  6.21302E+08  8.33320E+09  5.12784E+00  5.03477E+02   8.570   8.572
 0.230  4.12991E-01 -2.50478E-01  4.53550E-01 -7.83891E+00  4.70041E+01  3.90030E+01   4.053  1.47569E+09  1.68351E+09  5.55353E+09  7.70354E+08  1.07763E+10  3.91100E+00  5.89107E+02   8.373   8.573
 0.240 -1.89335E-01  4.87434E-01  8.97742E-01 -1.31367E+01  1.09479E+01  7.88700E+00   4.217  1.95833E+09  2.64378E+09  6.58446E+09  8.50969E+08  1.27097E+10  1.07914E+01  6.16282E+02   8.382   8.552
 0.250  6.09174E-02 -5.25439E-02 -1.09076E-02  2.43515E+01  1.04256E+00 -1.16776E+01   4.446  1.50628E+09  1.99058E+09  7.43440E+09  9.63198E+08  1.39002E+10  6.61459E+00  6.67052E+02   8.513   8.556
 0.260  4.34449E-02  2.90764E-02  1.18516E-01 -3.49338E+00  1.32971E+01  9.75941E+00   2.047  1.22144E+09  2.10890E+09  7.04193E+09  4.89806E+08  5.76863E+09  1.20236E+01  7.28622E+02   8.578   8.611
 0.270  4.38713E-02 -1.36157E-02  2.05784E-02  1.80242E+00  6.04690E+00  1.03945E+01   1.401  1.04735E+09  2.27261E+09  7.68890E+09  3.71721E+08  4.12715E+09  1.30231E+01  7.22126E+02   8.751   8.651
 0.280  4.09454E-02  6.38500E-02  2.38518E-01 -4.22905E+00  2.17814E+01  1.57429E+01   4.659  1.87898E+09  3.01855E+09  1.20774E+10  1.50881E+09  1.92259E+10  1.38494E+01  7.34442E+02   8.502   8.610
 0.290  2.62271E-01 -4.13978E-02  2.51097E-01  9.07723E+00 -2.43292E+00  8.89354E+00   5.693  2.14196E+09  2.95127E+09  1.33998E+10  1.60562E+09  2.37023E+10  1.21922E+01  8.03144E+02   8.472   8.619
 0.300 -2.60394E-01  1.98738E-01  1.14305E-02 -1.34335E+01 -7.93294E+00 -1.69891E+01   5.069  2.31650E+09  2.88504E+09  1.41555E+10  1.54777E+09  2.10326E+10  8.27746E+00  8.79974E+02   8.426   8.633
 0.310  2.16711E-01 -7.53226E-02  2.91140E-01  2.98912E+01 -4.73495E+00  1.78846E+01   6.029  3.31397E+09  3.76782E+09  1.55475E+10  1.92144E+09  2.65489E+10  7.76697E+00  9.60766E+02   8.349   8.625
 0.320  5.35823E-01 -1.55703E-01  4.94500E-01  5.95961E+00  1.08294E+01  1.95658E+01   4.737  2.55536E+09  3.65563E+09  1.66055E+10  1.57555E+09  2.01863E+10  1.40726E+01  1.00221E+03   8.502   8.628
 0.330  6.10455E-01 -2.73849E-01  3.64513E-01  3.11240E+01 -6.10422E+00  2.53341E+01   6.097  2.28720E+09  2.99327E+09  1.86279E+10  2.14665E+09  2.66274E+10  8.34443E+00  1.06124E+03   8.561   8.622
 0.340  6.92829E-01 -7.17650E-01 -3.90837E-01  5.30334E+01 -2.23563E+01  1.10146E+01   5.897  2.37210E+09  2.79995E+09  1.90682E+10  1.99158E+09  2.54140E+10  5.85474E+00  1.15829E+03   8.531   8.629
 0.350  4.64735E-01 -2.16574E-01  1.23963E-01  2.72729E+01 -1.52068E+01  8.36480E+00   6.512  2.13731E+09  2.65357E+09  2.03615E+10  2.35429E+09  2.89653E+10  7.51547E+00  1.24753E+03   8.561   8.625
 0.360  1.36278E-01  1.40156E-01  4.86979E-01  3.03479E+01 -1.62459E+01  6.97989E+00   8.167  3.24962E+09  3.48423E+09  2.18876E+10  3.19214E+09  3.79476E+10  6.07200E+00  1.34629E+03   8.458   8.619
 0.370  1.39439E+00 -5.90262E-01  6.86333E-01  3.67837E+01 -1.12766E+01  7.94011E+00   8.217  3.08498E+09  3.25602E+09  2.23746E+10  3.10046E+09  3.84722E+10  5.60103E+00  1.45295E+03   8.494   8.621
 0.380  7.04668E-01 -7.85207E-01 -1.02844E+00  4.30705E+01 -3.67971E+01  1.84828E+00   8.643  2.90625E+09  3.12039E+09  2.29508E+10  3.15325E+09  3.95929E+10  4.50976E+00  1.56443E+03   8.521   8.621
 0.390  1.46019E-01 -2.04847E-01 -6.55622E-01  3.48523E+01 -2.74195E+01 -1.32197E+01   8.203  2.43709E+09  2.57288E+09  2.33210E+10  3.13428E+09  3.77720E+10  4.02381E+00  1.68074E+03   8.576   8.623
 0.400  1.90636E-01 -5.62767E-01 -9.39322E-01  2.68693E+01 -3.54870E+01 -1.71697E+01   9.061  3.29012E+09  3.37775E+09  2.40638E+10  3.43116E+09  4.28224E+10  4.25832E+00  1.79611E+03   8.521   8.621
 0.410  1.94482E-01 -4.97050E-01 -5.72482E-01  9.35478E+00 -2.90962E+01 -1.01750E+01  10.733  3.84292E+09  3.86387E+09  2.50621E+10  3.87194E+09  5.30660E+10  5.23214E+00  1.90441E+03   8.484   8.615
 0.420  3.04128E-01 -3.34064E-01 -6.55371E-01  2.55741E+01 -1.69662E+01 -5.33000E+00   8.008  2.46105E+09  2.52946E+09  2.55976E+10  4.40363E+09  3.96037E+10  3.13217E+00  2.06192E+03   8.570   8.622
 0.430 -5.39170E-01  5.80728E-01 -8.08608E-01  1.44762E+01 -2.54102E+01 -2.88385E+01  10.885  3.29640E+09  3.36514E+09  2.70887E+10  5.17250E+09  5.40311E+10  4.34242E+00  2.15807E+03   8.555   8.615
 0.440  9.76354E-01 -1.28258E+00  1.05442E-01  3.01376E+01 -1.89328E+01  8.97687E+00  11.581  3.44480E+09  3.41625E+09  2.76687E+10  5.38687E+09  5.78876E+10  2.66306E+00  2.27506E+03   8.545   8.614
 0.450  3.01368E-01 -3.09895E-01 -3.99648E-01  8.25111E+00 -2.04833E+01 -1.64663E+01  10.768  3.11539E+09  3.14034E+09  2.77351E+10  5.21907E+09  5.47525E+10  3.55939E+00  2.41027E+03   8.576   8.618
 0.460  1.59492E-01 -4.21952E-01 -9.85650E-02  3.59306E+00 -2.14930E+01 -1.97215E+01  12.938  3.31314E+09  3.23464E+09  2.83451E+10  5.56158E+09  6.57148E+10  2.25957E+00  2.54844E+03   8.564   8.614
 0.470  7.91742E-01 -1.44400E+00  5.62184E-01  5.06642E+00 -1.38286E+01  2.06799E+00  14.174  3.55542E+09  3.44201E+09  2.89395E+10  5.85993E+09  7.11101E+10  2.34256E+00  2.67969E+03   8.567   8.613
 0.480  2.27022E-01 -9.13405E-01 -6.64935E-01  7.78007E+00 -2.78176E+01 -5.02509E+00  12.522  2.79791E+09  2.72138E+09  2.86483E+10  5.56663E+09  6.35769E+10  1.51282E+00  2.83868E+03   8.608   8.616
 0.490  1.11615E-01 -6.00752E-01 -1.28000E+00  6.26260E+00 -3.00462E+01 -1.18144E+01  12.679  2.83120E+09  2.74989E+09  2.88178E+10  5.62348E+09  6.42165E+10  1.20245E+00  2.97776E+03   8.610   8.617
 0.500  1.73459E-01 -8.61666E-01 -1.23971E+00  9.03017E+00 -3.58025E+01 -9.31178E+00  13.385  3.10103E+09  2.98124E+09  2.91633E+10  5.75430E+09  6.78056E+10  1.54471E+00  3.11388E+03   8.584   8.616
