  41
 0.100  4.75000E+00  3.02442E+09  5.23249E+01
 0.110  6.50000E+00  5.87513E+09  6.23428E+01
 0.120  8.25000E+00  8.75190E+09  6.75396E+01
 0.130  9.75000E+00  1.16666E+10  7.17306E+01
 0.140  1.22500E+01  1.79671E+10  7.94155E+01
 0.150  1.50000E+01  2.71468E+10  8.82161E+01
 0.160  1.95000E+01  4.85628E+10  1.03483E+02
 0.170  2.22500E+01  5.97509E+10  1.07459E+02
 0.180  2.45000E+01  6.84524E+10  1.09609E+02
 0.190  2.70000E+01  7.84235E+10  1.11757E+02
 0.200  2.92500E+01  8.52309E+10  1.11936E+02
 0.210  3.12500E+01  9.18253E+10  1.12406E+02
 0.220  3.45000E+01  1.06312E+11  1.15111E+02
 0.230  3.75000E+01  1.18205E+11  1.16422E+02
 0.240  4.10000E+01  1.37762E+11  1.20201E+02
 0.250  4.47500E+01  1.58562E+11  1.23435E+02
 0.260  4.85000E+01  1.81341E+11  1.26798E+02
 0.270  5.47500E+01  2.31965E+11  1.34975E+02
 0.280  5.85000E+01  2.56847E+11  1.37402E+02
 0.290  6.27500E+01  2.83834E+11  1.39463E+02
 0.300  6.60000E+01  3.02093E+11  1.40292E+02
 0.310  6.92500E+01  3.15878E+11  1.40050E+02
 0.320  7.20000E+01  3.22436E+11  1.38768E+02
 0.330  7.65000E+01  3.51440E+11  1.40549E+02
 0.340  7.97500E+01  3.64792E+11  1.40246E+02
 0.350  8.22500E+01  3.72028E+11  1.39461E+02
 0.360  8.47500E+01  3.76330E+11  1.38181E+02
 0.370  8.75000E+01  3.80629E+11  1.36767E+02
 0.380  9.00000E+01  3.85299E+11  1.35679E+02
 0.390  9.27500E+01  3.90555E+11  1.34561E+02
 0.400  9.55000E+01  3.98306E+11  1.33919E+02
 0.410  9.82500E+01  4.03194E+11  1.32839E+02
 0.420  1.00750E+02  4.07148E+11  1.31822E+02
 0.430  1.04000E+02  4.15830E+11  1.31122E+02
 0.440  1.06250E+02  4.16605E+11  1.29847E+02
 0.450  1.08500E+02  4.17039E+11  1.28561E+02
 0.460  1.10750E+02  4.15502E+11  1.27013E+02
 0.470  1.13000E+02  4.17574E+11  1.26055E+02
 0.480  1.15250E+02  4.20244E+11  1.25217E+02
 0.490  1.17500E+02  4.21812E+11  1.24244E+02
 0.500  1.20000E+02  4.25664E+11  1.23503E+02
