  41
 0.100   0.713  1.01173E-01  1.09757E-01  7.11921E-02
 0.110   0.975  2.99822E-01  3.60555E-01  2.18658E-01
 0.120   1.000  1.83303E+00  1.78736E+00  1.75317E+00
 0.130   1.114  1.79037E+00  1.75394E+00  1.90393E+00
 0.140   1.100  9.55746E-01  1.02017E+00  1.05772E+00
 0.150   1.506  1.92442E+00  2.07766E+00  1.71517E+00
 0.160   2.133  3.52969E+00  3.61366E+00  3.32287E+00
 0.170   1.017  1.03931E+01  1.04605E+01  8.57000E+00
 0.180   1.871  7.99193E+00  7.64614E+00  8.43408E+00
 0.190   2.562  5.79087E+00  5.86359E+00  5.74217E+00
 0.200   2.951  4.39573E+00  4.40835E+00  4.90442E+00
 0.210   3.171  5.85257E+00  5.99227E+00  5.69676E+00
 0.220   3.442  5.12784E+00  4.68095E+00  5.84755E+00
 0.230   4.053  3.91100E+00  4.20236E+00  3.54192E+00
 0.240   4.217  1.07914E+01  1.17360E+01  9.50635E+00
 0.250   4.446  6.61459E+00  6.19370E+00  7.20318E+00
 0.260   2.047  1.20236E+01  1.26467E+01  1.03734E+01
 0.270   1.401  1.30231E+01  1.21467E+01  1.42197E+01
 0.280   4.659  1.38494E+01  1.33625E+01  1.46365E+01
 0.290   5.693  1.21922E+01  1.18768E+01  1.15594E+01
 0.300   5.069  8.27746E+00  8.25839E+00  8.42230E+00
 0.310   6.029  7.76697E+00  7.61199E+00  8.25124E+00
 0.320   4.737  1.40726E+01  1.36180E+01  1.44964E+01
 0.330   6.097  8.34443E+00  7.25408E+00  1.03740E+01
 0.340   5.897  5.85474E+00  5.65980E+00  6.86611E+00
 0.350   6.512  7.51547E+00  7.61300E+00  7.76267E+00
 0.360   8.167  6.07200E+00  5.90698E+00  6.27069E+00
 0.370   8.217  5.60103E+00  5.63017E+00  5.44112E+00
 0.380   8.643  4.50976E+00  4.30183E+00  5.04390E+00
 0.390   8.203  4.02381E+00  3.84770E+00  4.29212E+00
 0.400   9.061  4.25832E+00  4.18401E+00  4.10544E+00
 0.410  10.733  5.23214E+00  4.98566E+00  4.96963E+00
 0.420   8.008  3.13217E+00  3.08145E+00  2.95174E+00
 0.430  10.885  4.34242E+00  4.38777E+00  4.39728E+00
 0.440  11.581  2.66306E+00  2.48816E+00  3.13581E+00
 0.450  10.768  3.55939E+00  3.57519E+00  3.32321E+00
 0.460  12.938  2.25957E+00  2.09790E+00  2.54035E+00
 0.470  14.174  2.34256E+00  2.26035E+00  2.35718E+00
 0.480  12.522  1.51282E+00  1.43095E+00  1.62762E+00
 0.490  12.679  1.20245E+00  1.15927E+00  1.24804E+00
 0.500  13.385  1.54471E+00  1.52060E+00  1.54297E+00
