  46
 0.110       430321         5485       190396
 0.120       599416         7728       273808
 0.130       889424        14989       410384
 0.140      1290717        23835       595929
 0.150      1782241        33402       817431
 0.160      2200160        43220      1037620
 0.170      2480453        57955      1208659
 0.180      2813672        70987      1382460
 0.190      3179744        92589      1554558
 0.200      3558974        98335      1687702
 0.210      3772538       116635      1809858
 0.220      4064982       136550      1959489
 0.230      4398138       157797      2174993
 0.240      5303352       193380      2688196
 0.250      6534875       232772      3288993
 0.260      7688723       258849      3853969
 0.270      9899898       343598      5013324
 0.280     12741331       381372      6394438
 0.290     14220644       419911      7082960
 0.300     15167113       449949      7518575
 0.310     16149945       483378      7949655
 0.320     18123586       537537      8996810
 0.330     20627488       644194     10233579
 0.340     21765741       758557     10921672
 0.350     23434411       876397     11652603
 0.360     24542290       978285     12298230
 0.370     26766322      1066314     13406325
 0.380     28977955      1161881     14423735
 0.390     30507825      1287624     15300411
 0.400     33454975      2186126     16903508
 0.410     35595346      2351136     17988006
 0.420     38034489      2461133     19359921
 0.430     39500221      2537468     20383485
 0.440     41717922      2614080     21352976
 0.450     43540034      2696137     22192527
 0.460     45426801      2755235     22932077
 0.470     49192521      2883666     24772195
 0.480     52083518      3056116     26257713
 0.490     52929833      3236304     27031993
 0.500     54680903      3457577     27631324
 0.510     57003111      3790642     28300118
 0.520     57256871      4088197     28795683
 0.530     59051409      4380282     29132433
 0.540     58269920      4771688     29483274
 0.550     59283710      5215311     29787638
 0.560     59702149      5400412     30016443
