  15
 0.100   1.062   0.532  5.52795E-02  6.03338E-02  5.68125E-02
 0.110   1.538   0.768  7.53247E-02  8.33834E-02  6.48512E-02
 0.120   1.499   0.832  2.69134E-01  3.35301E-01  1.69886E-01
 0.130   1.693   0.599  2.22970E+00  2.13120E+00  2.08260E+00
 0.140   1.304   0.500  1.10163E+01  1.23740E+01  7.60878E+00
 0.150   2.406   0.571  2.19815E+01  2.34190E+01  1.96077E+01
 0.160   1.774   0.500  2.32575E+01  2.34812E+01  2.26171E+01
 0.170   3.669   1.221  2.63885E+01  2.78753E+01  2.36879E+01
 0.180   1.140   0.500  3.31274E+01  3.33563E+01  3.10282E+01
 0.190   1.593   0.598  2.39382E+01  2.35605E+01  2.40623E+01
 0.200   1.740   0.500  1.10379E+01  1.18235E+01  9.02452E+00
 0.210   1.000   0.500  3.14441E+01  3.02100E+01  3.06190E+01
 0.220   4.949   0.905  1.47432E+01  1.42791E+01  1.50066E+01
 0.230   5.722   0.649  1.83751E+01  1.88018E+01  1.69732E+01
 0.240   6.050   0.994  1.25424E+01  1.23920E+01  1.33540E+01
