  15
 0.100   1.062  8.05764E-01  8.13985E-01  7.36487E-01
 0.110   1.538  4.69316E-01  4.27380E-01  5.77686E-01
 0.120   1.499  2.04767E+00  2.38851E+00  1.48522E+00
 0.130   1.693  3.75740E+00  3.52989E+00  3.96838E+00
 0.140   1.304  2.35468E+01  2.47466E+01  1.81301E+01
 0.150   2.406  3.34138E+01  3.41497E+01  3.08850E+01
 0.160   1.774  2.65388E+01  2.63662E+01  2.70392E+01
 0.170   3.669  3.38119E+01  3.58371E+01  3.01927E+01
 0.180   1.140  3.75188E+01  3.68141E+01  3.98220E+01
 0.190   1.593  3.48525E+01  3.45329E+01  3.53474E+01
 0.200   1.740  2.59090E+01  2.60813E+01  2.58006E+01
 0.210   1.000  3.91825E+01  3.75318E+01  4.06092E+01
 0.220   4.949  3.05645E+01  2.94931E+01  3.30124E+01
 0.230   5.722  2.65108E+01  2.62970E+01  2.66805E+01
 0.240   6.050  1.80767E+01  1.76516E+01  1.94061E+01
