  40
 0.110       452323         6622       201938
 0.120       605351         9470       272053
 0.130       786366        12684       365722
 0.140      1395412        24263       655722
 0.150      2302789        33260      1064645
 0.160      2787975        46970      1290257
 0.170      3123832        60780      1472615
 0.180      3473006        73083      1639437
 0.190      4013317       109046      1823083
 0.200      4326464       133455      1993010
 0.210      4649446       149199      2184645
 0.220      5876751       226842      2803331
 0.230      6741008       285652      3270801
 0.240      7327473       323024      3592701
 0.250      8030787       381830      3958834
 0.260     10576997       474884      5246350
 0.270     11808193       532087      5776117
 0.280     12925972       631896      6357156
 0.290     13819663       703899      6707916
 0.300     14543593       831410      7196094
 0.310     15533411       941150      7705003
 0.320     17533048      1213281      8553556
 0.330     18437752      1436597      9115158
 0.340     19672822      1679960      9588888
 0.350     20131984      1873055      9969736
 0.360     20812519      1983327     10348698
 0.370     21622545      2051245     10779863
 0.380     22438610      2106033     11188030
 0.390     23461145      2151848     11680856
 0.400     24681920      2271482     12324972
 0.410     25494892      2371900     12703752
 0.420     26157157      2491013     13042836
 0.430     27040981      2701483     13371669
 0.440     27280258      2890220     13674621
 0.450     27815235      3050539     13919027
 0.460     28731618      3244795     14199124
 0.470     29996948      4070276     14437686
 0.480     30343991      4324278     14628521
 0.490     30776901      4421660     14851725
 0.500     31790741      4493892     15163976
