  39
 0.120   8.000   0.941  8.36961E+09  6.82632E+08  8.20717E+07  9.45355E+07  7.60491E+09  4.59016E+07  3.79456E+07  4.35841E+07  3.69799E+08  9.08670E+08  8.28244E+07  9.54236E+07  8.52891E+09  6.30315E+07  4.47348E+07  5.14139E+07  4.85029E+08
 0.130   9.750   1.295  1.13673E+10  8.30418E+08  9.75092E+07  1.16670E+08  1.04393E+10  4.37958E+07  5.80433E+07  6.94530E+07  5.63677E+08  8.50014E+08  9.76012E+07  1.16782E+08  1.06301E+10  7.91427E+07  6.75955E+07  8.07977E+07  8.79686E+08
 0.140  11.750   1.612  1.62278E+10  1.12282E+09  1.40174E+08  1.68604E+08  1.49648E+10  1.20427E+07  7.18302E+07  8.70205E+07  7.48826E+08  9.18070E+08  1.36964E+08  1.64628E+08  1.29332E+10  3.13055E+07  8.89938E+07  1.07463E+08  1.23743E+09
 0.150  15.000   2.146  2.75925E+10  2.06089E+09  1.69862E+08  2.08275E+08  2.53617E+10  1.85413E+07  8.86309E+07  1.09800E+08  1.21191E+09  1.23458E+09  1.52911E+08  1.87802E+08  1.62808E+10  8.85254E+07  1.05085E+08  1.29852E+08  2.17016E+09
 0.160  19.250   2.458  4.70114E+10  3.72683E+09  2.78806E+08  3.39006E+08  4.30058E+10  2.83559E+08  1.27955E+08  1.55971E+08  1.87676E+09  2.33279E+09  2.71495E+08  3.29855E+08  2.77521E+10  3.86399E+08  1.43438E+08  1.74598E+08  2.89030E+09
 0.170  21.750   2.793  5.73884E+10  4.91470E+09  4.75414E+08  5.71537E+08  5.19983E+10  1.98592E+08  2.31267E+08  2.77635E+08  2.06349E+09  2.54511E+09  4.45390E+08  5.34487E+08  2.97751E+10  3.10471E+08  2.60817E+08  3.12797E+08  3.20565E+09
 0.180  24.500   3.309  6.82289E+10  6.11966E+09  5.65296E+08  6.90820E+08  6.15439E+10  4.27664E+08  2.99935E+08  3.68951E+08  3.17688E+09  2.98054E+09  5.10978E+08  6.22904E+08  2.55079E+10  7.12112E+08  3.57445E+08  4.38805E+08  5.19365E+09
 0.190  27.000   2.428  7.73906E+10  7.12388E+09  7.95865E+08  9.67981E+08  6.94708E+10  7.07238E+08  4.53629E+08  5.49981E+08  4.08384E+09  3.03786E+09  7.39074E+08  8.97416E+08  2.55867E+10  6.28486E+08  4.25098E+08  5.15587E+08  3.49688E+09
 0.200  29.000   3.770  8.42428E+10  7.90192E+09  9.68315E+08  1.19371E+09  7.53726E+10  4.24996E+08  5.56426E+08  6.87228E+08  4.61708E+09  2.89795E+09  8.99101E+08  1.10618E+09  2.69485E+10  8.00619E+08  6.58706E+08  8.10062E+08  6.83580E+09
 0.210  31.000   3.603  8.84051E+10  7.91572E+09  1.34065E+09  1.64077E+09  7.91487E+10  6.08215E+08  9.26555E+08  1.12425E+09  5.25708E+09  2.88716E+09  1.27364E+09  1.55535E+09  2.57478E+10  8.20726E+08  9.93629E+08  1.20619E+09  6.40506E+09
 0.220  33.500   4.465  9.69926E+10  8.40917E+09  1.44400E+09  1.81046E+09  8.71394E+10  2.35385E+08  9.44957E+08  1.18549E+09  5.50076E+09  2.14876E+09  1.34977E+09  1.69109E+09  2.39690E+10  5.00170E+08  1.07025E+09  1.34218E+09  8.22745E+09
 0.230  36.750   4.569  1.11462E+11  1.06057E+10  1.58034E+09  2.01004E+09  9.92764E+10  4.75264E+08  1.02152E+09  1.30007E+09  6.10684E+09  1.76987E+09  1.37239E+09  1.74577E+09  2.38249E+10  6.49221E+08  1.12735E+09  1.43338E+09  8.29961E+09
 0.240  40.500   3.868  1.32455E+11  1.33030E+10  1.73758E+09  2.22077E+09  1.17414E+11  9.19820E+08  1.16265E+09  1.48705E+09  8.22163E+09  2.46418E+09  1.51106E+09  1.93104E+09  2.75446E+10  8.81763E+08  1.13696E+09  1.45433E+09  7.68871E+09
 0.250  43.750   5.102  1.48384E+11  1.42322E+10  2.42414E+09  3.02257E+09  1.31728E+11  1.94777E+09  1.83237E+09  2.27718E+09  1.13184E+10  4.86580E+09  2.20297E+09  2.73997E+09  3.59927E+10  2.49126E+09  1.93297E+09  2.40294E+09  1.42378E+10
 0.260  48.250   3.380  1.75493E+11  1.52715E+10  3.34580E+09  4.16203E+09  1.56875E+11  2.36083E+09  2.63370E+09  3.26102E+09  1.15965E+10  4.89848E+09  3.03092E+09  3.75748E+09  3.09313E+10  1.69514E+09  2.27700E+09  2.81745E+09  6.96732E+09
 0.270  54.250   2.095  2.26316E+11  1.71909E+10  4.91345E+09  6.09610E+09  2.04212E+11  2.47107E+09  4.13672E+09  5.10073E+09  1.51248E+10  3.68775E+09  4.39757E+09  5.43351E+09  3.13440E+10  1.35759E+09  3.15995E+09  3.86984E+09  4.41298E+09
 0.280  58.250   4.809  2.51980E+11  1.72761E+10  6.32679E+09  7.88990E+09  2.28377E+11  3.62297E+09  5.56776E+09  6.91712E+09  2.10334E+10  5.10917E+09  5.98336E+09  7.44378E+09  4.48407E+10  2.92898E+09  5.33335E+09  6.62626E+09  1.58112E+10
 0.290  62.250   3.653  2.77076E+11  1.84386E+10  7.46469E+09  9.40510E+09  2.51173E+11  2.64782E+09  6.35303E+09  7.99249E+09  2.01130E+10  3.77735E+09  6.70949E+09  8.44415E+09  3.66793E+10  1.79440E+09  5.68954E+09  7.15967E+09  1.00927E+10
 0.300  65.750   5.102  2.97181E+11  1.75405E+10  8.45975E+09  1.07729E+10  2.71181E+11  2.17988E+09  7.36685E+09  9.36450E+09  2.26005E+10  3.44885E+09  7.71272E+09  9.80839E+09  3.73101E+10  1.60904E+09  7.04986E+09  8.95998E+09  1.62481E+10
 0.310  69.000   1.325  3.13297E+11  1.58485E+10  1.02695E+10  1.30365E+10  2.87179E+11  2.97246E+09  9.35018E+09  1.18402E+10  2.67535E+10  4.11379E+09  9.65403E+09  1.22328E+10  4.03326E+10  9.47495E+08  5.86432E+09  7.34873E+09  2.95465E+09
 0.320  72.750   3.479  3.32978E+11  1.44903E+10  1.18121E+10  1.51267E+10  3.06676E+11  2.21879E+09  1.05919E+10  1.35211E+10  2.68110E+10  3.02582E+09  1.08871E+10  1.39065E+10  3.85422E+10  1.41489E+09  9.20961E+09  1.17234E+10  1.04948E+10
 0.330  76.250   2.951  3.50621E+11  1.36822E+10  1.30419E+10  1.68530E+10  3.23897E+11  2.63125E+09  1.17255E+10  1.51067E+10  2.93290E+10  3.12899E+09  1.19939E+10  1.54599E+10  3.97599E+10  1.38199E+09  9.63757E+09  1.23601E+10  8.66359E+09
 0.340  79.000   1.566  3.56543E+11  1.29617E+10  1.41896E+10  1.84492E+10  3.29392E+11  1.59326E+09  1.28042E+10  1.65994E+10  3.05153E+10  1.97421E+09  1.31008E+10  1.69939E+10  3.98351E+10  5.47563E+08  7.88809E+09  1.01048E+10  3.31489E+09
 0.350  81.750   7.772  3.60480E+11  1.29697E+10  1.45508E+10  1.91482E+10  3.32959E+11  1.54298E+09  1.31776E+10  1.73090E+10  3.17782E+10  2.19256E+09  1.34409E+10  1.76600E+10  3.94440E+10  1.38236E+09  1.30949E+10  1.71987E+10  3.00282E+10
 0.360  84.250   5.858  3.64465E+11  1.32130E+10  1.48859E+10  1.97434E+10  3.36366E+11  2.04950E+09  1.35306E+10  1.79134E+10  3.33513E+10  2.41213E+09  1.37398E+10  1.81951E+10  4.00736E+10  1.51256E+09  1.28599E+10  1.70123E+10  2.17339E+10
 0.370  86.250   5.763  3.62529E+11  1.30602E+10  1.50955E+10  2.01746E+10  3.34373E+11  2.10297E+09  1.36948E+10  1.82717E+10  3.38838E+10  2.27048E+09  1.38854E+10  1.85301E+10  4.00771E+10  1.53684E+09  1.28382E+10  1.71138E+10  2.07302E+10
 0.380  88.250   6.821  3.60176E+11  1.24382E+10  1.53525E+10  2.06335E+10  3.32386E+11  2.09273E+09  1.39604E+10  1.87333E+10  3.42576E+10  2.23389E+09  1.41290E+10  1.89629E+10  3.94977E+10  1.70780E+09  1.34407E+10  1.80262E+10  2.51645E+10
 0.390  90.250   4.831  3.59754E+11  1.16370E+10  1.57562E+10  2.12428E+10  3.32360E+11  2.04044E+09  1.44296E+10  1.94237E+10  3.55931E+10  2.15252E+09  1.45658E+10  1.96102E+10  3.97554E+10  1.37710E+09  1.28988E+10  1.73343E+10  1.65930E+10
 0.400  92.250   3.537  3.57665E+11  1.06210E+10  1.63196E+10  2.20432E+10  3.30724E+11  9.70463E+08  1.49829E+10  2.02041E+10  3.63480E+10  1.12102E+09  1.51000E+10  2.03650E+10  3.98011E+10  4.09729E+08  1.18193E+10  1.58812E+10  1.02082E+10
 0.410  94.500  12.740  3.59755E+11  9.99565E+09  1.64237E+10  2.23215E+10  3.33336E+11  5.34316E+08  1.51166E+10  2.05171E+10  3.75546E+10  6.00188E+08  1.52015E+10  2.06343E+10  3.99883E+10  1.00211E+09  1.54827E+10  2.10230E+10  5.16351E+10
 0.420  97.000  11.275  3.63046E+11  9.88159E+09  1.63604E+10  2.23709E+10  3.36804E+11  6.80883E+08  1.50716E+10  2.05857E+10  3.84060E+10  7.25965E+08  1.51172E+10  2.06488E+10  3.97316E+10  8.85315E+08  1.52727E+10  2.08643E+10  4.52388E+10
 0.430 100.000   9.670  3.70067E+11  9.99666E+09  1.63181E+10  2.24186E+10  3.43752E+11  1.15570E+09  1.50477E+10  2.06544E+10  3.93315E+10  1.15570E+09  1.50477E+10  2.06544E+10  3.93315E+10  1.08575E+09  1.49963E+10  2.05834E+10  3.78975E+10
 0.440 103.250   9.982  3.81224E+11  1.03722E+10  1.62997E+10  2.24761E+10  3.54552E+11  1.35367E+09  1.50762E+10  2.07723E+10  4.08821E+10  1.29257E+09  1.50268E+10  2.07037E+10  3.94601E+10  1.28916E+09  1.50233E+10  2.06988E+10  3.93847E+10
 0.450 107.000  11.813  3.96372E+11  1.18874E+10  1.63201E+10  2.25767E+10  3.68165E+11  1.03233E+09  1.50740E+10  2.08392E+10  4.24630E+10  9.48297E+08  1.49761E+10  2.07022E+10  3.93742E+10  1.15800E+09  1.52024E+10  2.10185E+10  4.73998E+10
 0.460 110.250   8.085  4.03245E+11  1.25083E+10  1.63368E+10  2.26532E+10  3.74400E+11  1.61442E+09  1.51438E+10  2.09860E+10  4.51624E+10  1.48614E+09  1.49987E+10  2.07827E+10  4.05113E+10  1.23309E+09  1.45828E+10  2.02002E+10  3.15402E+10
 0.470 112.500   9.399  4.06268E+11  1.25376E+10  1.63924E+10  2.27673E+10  3.77338E+11  2.58121E+09  1.52896E+10  2.12210E+10  4.91369E+10  2.32648E+09  1.51198E+10  2.09825E+10  4.30277E+10  2.19016E+09  1.50170E+10  2.08382E+10  4.00513E+10
 0.480 115.250   6.491  4.11365E+11  1.24119E+10  1.66822E+10  2.31447E+10  3.82271E+11  2.92438E+09  1.55413E+10  2.15447E+10  4.90941E+10  2.62719E+09  1.53462E+10  2.12702E+10  4.18063E+10  1.77204E+09  1.43366E+10  1.98535E+10  2.45644E+10
 0.490 117.750   7.695  4.16236E+11  1.20826E+10  1.69567E+10  2.35268E+10  3.87196E+11  2.75083E+09  1.58375E+10  2.19536E+10  4.92754E+10  2.41499E+09  1.56127E+10  2.16368E+10  4.11538E+10  1.86474E+09  1.50869E+10  2.08968E+10  3.02593E+10
 0.500 120.000   7.760  4.18406E+11  1.15165E+10  1.71748E+10  2.38454E+10  3.89714E+11  2.72721E+09  1.60509E+10  2.22625E+10  4.86555E+10  2.33889E+09  1.58081E+10  2.19196E+10  3.99485E+10  1.79969E+09  1.53131E+10  2.12220E+10  2.98609E+10
