  39
 0.120 -1.69351E-01 -2.32987E-01  4.08529E-02  1.52464E+01 -1.04513E+01  1.43352E+01 -2.93822E-01  3.06512E-01  9.05383E-01  7.47679E+00   0.941   0.691  6.56787E+07  6.55181E+07  4.31226E+06  0.00000E+00  5.15457E+07  3.54399E-02  8.84032E+01   7.570   7.394
 0.130 -1.06446E-01  1.47811E-01  2.05431E-01  5.19666E+01 -4.15547E+01  3.28536E+01  8.09843E-01  5.58576E-01 -1.79294E-01  5.81650E+01   1.295   0.710  7.97460E+07  7.82906E+07  4.43407E+06  8.06723E+05  8.82097E+07  1.56700E-02  1.56017E+02   7.201   7.387
 0.140  2.94834E-02  8.62385E-02  3.81367E-01 -5.61783E+00  2.76512E+00  3.04731E+00  4.45014E-01  7.37911E-01  5.07395E-01  2.69045E+01   1.612   1.035  3.19419E+07  3.24747E+07  1.02204E+07  1.96424E+06  1.61538E+08  3.33211E-02  1.81587E+02   7.642   7.377
 0.150  4.16733E-01 -3.36432E-01  2.41317E-01  3.46866E+01  5.05988E+00  5.42332E+00 -4.72952E-01 -1.29814E-01  8.71473E-01  1.12687E+02   2.146   1.482  9.88250E+07  9.34972E+07  7.79206E+06  2.32279E+06  2.04021E+08  6.95633E-03  2.82976E+02   7.221   7.426
 0.160 -2.32504E-01  8.90204E-03  1.69293E-01 -2.47782E+01  8.79577E+00 -3.47828E-01 -7.25645E-01  4.93363E-01  4.79617E-01  2.37847E+01   2.458   1.900  3.92473E+08  3.66344E+08  8.95395E+06  2.20806E+06  2.22229E+08  3.57767E-02  3.06113E+02   7.469   7.400
 0.170  1.10701E-01 -4.05334E-01  2.16439E-01 -9.00170E-01  4.59048E+00  3.19985E+01 -9.88755E-01  1.36668E-01  6.07151E-02  6.61266E+01   2.793   1.681  2.96167E+08  2.83189E+08  3.50213E+07  3.42269E+06  2.33868E+08  1.71643E-01  1.75690E+02   7.849   7.573
 0.180 -3.06381E-01 -3.65300E-01  3.68394E-01 -5.64366E+00 -4.84343E+00  2.80350E+01 -8.27087E-01  1.74337E-01  5.34353E-01  1.54976E+02   3.309   2.073  6.99967E+08  6.56522E+08  3.83070E+07  1.22828E+07  5.75733E+08  1.13366E-01  2.82415E+02   7.560   7.551
 0.190  3.03113E-01 -1.42834E-01  3.94712E-01 -2.58870E+01  1.98239E+01  3.57111E+00 -5.72492E-01 -5.57422E-01  6.01276E-01  4.26975E+01   2.428   1.502  6.01691E+08  5.83730E+08  4.27487E+07  5.56533E+06  2.68620E+08  3.43924E-01  2.52876E+02   7.866   7.675
 0.200  8.95024E-02 -4.46308E-01  8.02561E-01  1.77877E+01  1.81656E+01  2.01436E+01 -8.00936E-01  5.02017E-01  3.26315E-01  1.03780E+02   3.770   2.780  8.04585E+08  7.79022E+08  9.16722E+07  1.83997E+07  8.57072E+08  6.91552E-01  2.52754E+02   7.792   7.733
 0.210 -1.86620E-01 -2.33912E-01  1.25436E-01  6.28138E+00  5.02821E+00  1.63031E+01 -8.02327E-01 -2.65973E-01  5.34349E-01  9.50849E+01   3.603   2.038  7.80076E+08  7.31351E+08  1.04320E+08  1.49350E+07  5.45055E+08  4.94204E-01  2.83499E+02   8.047   7.775
 0.220  2.85523E-01 -1.76650E-01  7.80721E-01  1.44614E+00  4.61735E+01  2.91140E+01 -9.33801E-01 -1.91571E-01  3.02185E-01  2.38070E+02   4.465   1.611  4.67112E+08  4.33329E+08  9.67144E+07  1.47807E+07  6.70676E+08  2.31848E-01  4.02320E+02   7.840   7.805
 0.230  1.53397E-01  5.91922E-01  3.11360E-01  1.31636E+01  2.23034E+01  2.75050E+01 -9.30353E-01  2.60375E-01  2.58164E-01  1.99129E+02   4.569   2.190  5.81554E+08  5.18553E+08  1.25868E+08  2.90896E+07  8.95898E+08  1.68015E-01  5.03262E+02   7.826   7.818
 0.240  2.54097E-01  5.01965E-01  1.89467E-01  1.66040E+01  2.57957E+01  6.23249E+01  4.53865E-01  6.94211E-01  5.58640E-01  5.76249E+01   3.868   2.694  8.62150E+08  7.86399E+08  3.71396E+07  7.61981E+06  3.63813E+08  5.90793E-03  7.58133E+02   7.760   7.787
 0.250 -3.66419E-01 -4.70532E-01 -6.67244E-01 -5.57528E-01 -2.01137E+01  2.12842E+00 -7.46463E-01 -1.55220E-01  6.47071E-01  9.94436E+01   5.102   2.232  2.20288E+09  2.09272E+09  1.84946E+08  2.58367E+07  1.13243E+09  9.77869E-01  4.57914E+02   7.915   7.832
 0.260 -8.59965E-02  2.67861E-01  1.45801E-01 -1.73140E+01 -5.01359E+00 -1.72034E+00 -3.06942E-01  4.14122E-01  8.56907E-01  4.61625E+01   3.380   2.099  1.58237E+09  1.53139E+09  1.69444E+08  1.36542E+07  4.37889E+08  6.60509E-01  4.18819E+02   8.120   8.065
 0.270  3.91615E-02 -7.88687E-02  1.28403E-01 -4.65577E+00  8.54525E+00  2.27691E+00 -1.79426E-01  7.42272E-01  6.45631E-01  4.88674E+01   2.095   0.838  1.14750E+09  1.54621E+09  6.58742E+08  9.88535E+06  2.25222E+08  4.68041E+00  1.66015E+02   8.430   8.480
 0.280 -1.79724E-01  1.69182E-01  1.30359E+00  7.72014E+01  5.94299E+01  7.03900E+01 -5.90999E-01  8.05593E-01 -4.17178E-02  4.02567E+02   4.809   1.970  2.52765E+09  2.54005E+09  4.42549E+08  7.66519E+07  1.62111E+09  2.55094E+00  4.08255E+02   8.223   8.028
 0.290 -1.18221E-01 -4.77569E-01 -1.66128E-01  7.53943E+00 -2.53161E+01 -8.22687E+00 -5.02640E-01 -7.76442E-02  8.61002E-01  9.82987E+01   3.653   1.752  1.61296E+09  1.77121E+09  1.15690E+09  5.04486E+07  6.50557E+08  3.46624E+00  3.01691E+02   8.297   8.541
 0.300  5.58752E-02  2.42808E-01  1.93766E-01 -3.48934E+01  2.70374E+01  4.44274E+01  2.51463E-01 -8.19538E-01  5.14901E-01  1.33884E+02   5.102   2.304  1.42210E+09  1.57694E+09  1.40750E+09  7.46822E+07  1.23768E+09  2.31045E+00  3.54373E+02   8.290   8.545
 0.310  1.29481E-03  1.30398E-03  1.67389E-03  2.35333E-01  9.49341E+00  4.77084E+00  7.72210E-01 -1.06786E-01  6.26329E-01  2.61746E+01   1.325   0.209  7.80608E+08  1.63629E+09  1.78706E+09  9.76374E+06  1.21964E+08  1.02881E+01  2.53896E+02   8.735   8.578
 0.320 -2.86449E-02  7.40061E-02  1.70561E-01  6.40832E-01  3.41759E+00  1.05912E+01 -1.89817E-01  9.62729E-01 -1.92671E-01  7.23840E+01   3.479   0.892  1.14693E+09  1.31272E+09  5.88933E+08  7.95990E+07  6.70178E+08  3.18387E+00  5.06393E+02   8.555   8.354
 0.330 -1.54130E-01 -6.88630E-03 -5.81330E-02 -7.65688E+00 -5.54802E+00 -7.85372E+00  1.46403E-01  9.75116E-01 -1.66479E-01  9.39670E+01   2.951   0.658  1.15400E+09  1.58612E+09  1.66295E+09  6.88764E+07  4.75883E+08  5.84710E+00  3.86552E+02   8.533   8.654
 0.340  4.88731E-03  4.51875E-04  1.36681E-02  6.19377E+00  4.64099E-01  1.29359E+00 -2.67569E-01  9.43170E-01  1.97072E-01  4.46952E+01   1.566   0.139  4.76530E+08  9.19932E+08  1.44283E+09  1.53837E+07  8.79603E+07  5.36702E+00  3.23021E+02   8.747   8.695
 0.350  2.52683E-01  6.42417E-02 -9.31557E-01 -2.25208E-01  2.47037E+01 -6.80729E+00  5.14051E-01 -8.55880E-01  5.67636E-02  3.74782E+02   7.772   4.692  1.37839E+09  1.16842E+09  4.25048E+08  1.44081E+08  2.71962E+09  1.30140E-01  1.17841E+03   8.236   8.310
 0.360  6.41000E-02 -4.77111E-01  8.81465E-01 -2.68774E+01 -1.66969E+01 -2.44747E+01  7.47933E-01 -6.37283E-01 -1.85652E-01  3.63013E+02   5.858   1.821  1.27698E+09  1.40994E+09  6.90906E+08  1.19264E+08  1.63109E+09  3.31711E+00  7.72565E+02   8.239   8.318
 0.370 -1.94806E-01 -2.12763E-01  3.45090E-01 -9.15129E+00  8.30727E+00 -1.91689E+01  6.95467E-01 -7.16034E-01 -6.01720E-02  3.81438E+02   5.763   1.388  1.30036E+09  1.35048E+09  8.64273E+08  1.11667E+08  1.36330E+09  2.02516E+00  7.21449E+02   8.205   8.357
 0.380  2.28871E-01  2.96922E-01  7.81165E-01 -1.72250E+01  3.56170E+00  5.67930E+01  7.30235E-01 -6.67169E-01  1.47114E-01  4.09134E+02   6.821   1.343  1.41332E+09  1.48418E+09  1.19405E+09  1.29230E+08  1.51461E+09  2.11518E+00  7.22324E+02   8.165   8.372
 0.390  3.38423E-02  2.37681E-01  1.86210E-01  1.07708E+01  2.10181E+01  1.00696E+01  7.76174E-01 -6.05509E-01  1.75817E-01  2.35212E+02   4.831   1.177  1.16256E+09  1.32753E+09  1.46925E+09  1.15796E+08  1.08254E+09  3.57391E+00  6.89621E+02   8.243   8.370
 0.400  2.47907E-02  3.03183E-02 -3.77202E-02 -7.98529E+00 -1.15878E+01  6.02130E+00  8.88334E-01 -3.72670E-01  2.68289E-01  4.05709E+01   3.537   0.487  3.04667E+08  5.56971E+08  1.38566E+09  5.94414E+07  4.26333E+08  2.22811E+00  6.53539E+02   8.562   8.457
 0.410  9.35918E-01  1.19662E+00  3.83681E+00 -3.47627E+01  2.99912E+01 -3.05891E+01 -6.41101E-01 -5.82714E-01  4.99434E-01  7.92500E+02  12.740   5.588  8.91572E+08  6.38074E+08  7.90261E+08  1.81343E+08  3.44292E+09  3.56409E-02  1.77820E+03   8.086   8.503
 0.420 -7.35701E-01  3.51486E-01 -1.76841E+00  2.65393E+01 -7.50960E+01 -3.99528E+01 -6.93345E-01 -6.31271E-01  3.47519E-01  6.54013E+02  11.275   4.351  7.84387E+08  6.35238E+08  8.73895E+08  1.87760E+08  3.13456E+09  5.31255E-02  1.88127E+03   7.955   8.518
 0.430  8.77191E-01 -1.72807E+00 -9.98512E-01 -6.18284E+00  1.85106E+01  4.48970E-01 -7.84273E-01 -6.02240E-01  1.49076E-01  6.55715E+02   9.670   2.311  9.07638E+08  8.17665E+08  9.48914E+08  1.94259E+08  2.11628E+09  1.11888E-01  1.94928E+03   7.907   8.533
 0.440  5.99459E-01  3.77014E-01  1.41342E+00 -3.04787E+01  5.11534E+01  2.21450E+01 -6.70000E-01 -7.34274E-01  1.09277E-01  9.22859E+02   9.982   5.112  1.16998E+09  9.74397E+08  9.84604E+08  2.09287E+08  2.88872E+09  1.76210E-01  2.05106E+03   7.857   8.511
 0.450 -1.42758E-02  3.67052E-01 -2.97527E+00  1.21219E+01 -4.02546E+01  1.06929E+01 -7.04653E-01 -6.98308E-01 -1.25815E-01  7.15679E+02  11.813   4.698  1.00540E+09  8.28191E+08  1.01953E+09  2.12530E+08  3.29527E+09  1.10944E-01  2.20803E+03   7.834   8.519
 0.460 -9.03463E-01 -2.18844E-01  7.74442E-01 -3.50680E+01  3.00452E+01 -2.04511E+01 -5.84601E-01 -7.67506E-01 -2.63014E-01  6.31399E+02   8.085   2.414  1.06940E+09  9.53275E+08  9.23335E+08  1.70097E+08  1.95949E+09  2.72977E-01  2.35836E+03   7.823   8.531
 0.470  8.98396E-01 -3.82397E-01 -5.13115E-01  1.49085E+01 -1.47331E+01  3.12664E+01 -1.59348E-01 -9.47305E-01 -2.77886E-01  5.87970E+02   9.399   4.080  2.01468E+09  1.81166E+09  7.66175E+08  1.50893E+08  2.69160E+09  4.39774E-01  2.55209E+03   7.799   8.505
 0.480  3.30210E-01  2.21426E-02 -4.34017E-01  2.52986E+01 -1.40585E+01 -5.46980E+00 -4.09714E-01 -8.12360E-01 -4.14977E-01  4.40062E+02   6.491   2.042  1.53092E+09  1.49780E+09  8.87144E+08  1.25596E+08  1.54172E+09  1.63295E+00  2.24629E+03   7.993   8.487
 0.490 -2.20685E-01  5.41785E-02  3.48628E-01  1.75608E+01  4.60580E+00 -1.55094E+00 -1.57375E-01 -9.25950E-01 -3.43293E-01  4.62018E+02   7.695   3.500  1.66989E+09  1.55975E+09  1.05416E+09  1.60136E+08  2.14846E+09  1.16754E+00  2.42055E+03   8.039   8.474
 0.500  3.18826E-01  1.32810E-01  5.55974E-01 -3.91906E+01  2.51418E+00  1.23399E+01  5.02173E-02 -9.82844E-01 -1.77474E-01  5.16201E+02   7.760   2.517  1.59772E+09  1.49077E+09  9.53930E+08  1.57720E+08  1.89306E+09  7.74385E-01  2.64097E+03   8.093   8.473
