  39
 0.120 -1.69351E-01 -2.32987E-01  4.08529E-02  1.52464E+01 -1.04513E+01  1.43352E+01   0.941  6.30315E+07  8.97209E+07  4.47348E+07  0.00000E+00  4.85029E+08  3.56559E-01  9.22390E+01   7.573   7.391
 0.130 -1.06446E-01  1.47811E-01  2.05431E-01  5.19666E+01 -4.15547E+01  3.28536E+01   1.295  7.91427E+07  8.89760E+07  6.75955E+07  1.40068E+07  8.79686E+08  7.50408E-02  1.65779E+02   7.194   7.420
 0.140  2.94834E-02  8.62385E-02  3.81367E-01 -5.61783E+00  2.76512E+00  3.04731E+00   1.612  3.13055E+07  4.85060E+07  8.89938E+07  1.79352E+07  1.23743E+09  2.47087E-01  2.19213E+02   7.663   7.425
 0.150  4.16733E-01 -3.36432E-01  2.41317E-01  3.46866E+01  5.05988E+00  5.42332E+00   2.146  8.85254E+07  8.56240E+07  1.05085E+08  3.28939E+07  2.17016E+09  2.83112E-02  3.08285E+02   7.239   7.402
 0.160 -2.32504E-01  8.90204E-03  1.69293E-01 -2.47782E+01  8.79577E+00 -3.47828E-01   2.458  3.86399E+08  3.92590E+08  1.43438E+08  3.83758E+07  2.89030E+09  5.28757E-01  3.18674E+02   7.473   7.408
 0.170  1.10701E-01 -4.05334E-01  2.16439E-01 -9.00170E-01  4.59048E+00  3.19985E+01   2.793  3.10471E+08  3.95246E+08  2.60817E+08  4.36974E+07  3.20565E+09  1.19782E+00  2.59682E+02   7.845   7.576
 0.180 -3.06381E-01 -3.65300E-01  3.68394E-01 -5.64366E+00 -4.84343E+00  2.80350E+01   3.309  7.12112E+08  6.95317E+08  3.57445E+08  1.04571E+08  5.19365E+09  5.37995E-01  3.28030E+02   7.563   7.559
 0.190  3.03113E-01 -1.42834E-01  3.94712E-01 -2.58870E+01  1.98239E+01  3.57111E+00   2.428  6.28486E+08  7.18492E+08  4.25098E+08  7.44626E+07  3.49688E+09  1.85919E+00  3.33727E+02   7.864   7.650
 0.200  8.95024E-02 -4.46308E-01  8.02561E-01  1.77877E+01  1.81656E+01  2.01436E+01   3.770  8.00619E+08  8.51709E+08  6.58706E+08  1.72022E+08  6.83580E+09  1.22220E+00  3.59339E+02   7.787   7.687
 0.210 -1.86620E-01 -2.33912E-01  1.25436E-01  6.28138E+00  5.02821E+00  1.63031E+01   3.603  8.20726E+08  1.05098E+09  9.93629E+08  1.85116E+08  6.40506E+09  4.52760E+00  3.28783E+02   8.039   7.795
 0.220  2.85523E-01 -1.76650E-01  7.80721E-01  1.44614E+00  4.61735E+01  2.91140E+01   4.465  5.00170E+08  4.77540E+08  1.07025E+09  2.38826E+08  8.22745E+09  4.50228E-01  4.41582E+02   7.862   7.804
 0.230  1.53397E-01  5.91922E-01  3.11360E-01  1.31636E+01  2.23034E+01  2.75050E+01   4.569  6.49221E+08  5.98762E+08  1.12735E+09  2.73310E+08  8.29961E+09  5.17905E-01  5.36582E+02   7.828   7.802
 0.240  2.54097E-01  5.01965E-01  1.89467E-01  1.66040E+01  2.57957E+01  6.23249E+01   3.868  8.81763E+08  8.86009E+08  1.13696E+09  2.34821E+08  7.68871E+09  1.11511E+00  6.24925E+02   7.763   7.806
 0.250 -3.66419E-01 -4.70532E-01 -6.67244E-01 -5.57528E-01 -2.01137E+01  2.12842E+00   5.102  2.49126E+09  2.79786E+09  1.93297E+09  3.99988E+08  1.42378E+10  7.63532E+00  5.39043E+02   7.922   7.824
 0.260 -8.59965E-02  2.67861E-01  1.45801E-01 -1.73140E+01 -5.01359E+00 -1.72034E+00   3.380  1.69514E+09  2.07239E+09  2.27700E+09  2.48820E+08  6.96732E+09  6.17607E+00  4.83235E+02   8.110   7.978
 0.270  3.91615E-02 -7.88687E-02  1.28403E-01 -4.65577E+00  8.54525E+00  2.27691E+00   2.095  1.35759E+09  2.24420E+09  3.15995E+09  2.07425E+08  4.41298E+09  9.95690E+00  4.08461E+02   8.381   8.238
 0.280 -1.79724E-01  1.69182E-01  1.30359E+00  7.72014E+01  5.94299E+01  7.03900E+01   4.809  2.92898E+09  3.65125E+09  5.33335E+09  7.19317E+08  1.58112E+10  9.38089E+00  4.55067E+02   8.199   8.313
 0.290 -1.18221E-01 -4.77569E-01 -1.66128E-01  7.53943E+00 -2.53161E+01 -8.22687E+00   3.653  1.79440E+09  2.38151E+09  5.68954E+09  5.56268E+08  1.00927E+10  8.00930E+00  5.14858E+02   8.280   8.379
 0.300  5.58752E-02  2.42808E-01  1.93766E-01 -3.48934E+01  2.70374E+01  4.44274E+01   5.102  1.60904E+09  2.00874E+09  7.04986E+09  8.97403E+08  1.62481E+10  5.05757E+00  5.80764E+02   8.281   8.387
 0.310  1.29481E-03  1.30398E-03  1.67389E-03  2.35333E-01  9.49341E+00  4.77084E+00   1.325  9.47495E+08  2.32666E+09  5.86432E+09  1.79421E+08  2.95465E+09  1.50281E+01  5.15539E+02   8.676   8.503
 0.320 -2.86449E-02  7.40061E-02  1.70561E-01  6.40832E-01  3.41759E+00  1.05912E+01   3.479  1.41489E+09  2.32856E+09  9.20961E+09  8.98805E+08  1.04948E+10  1.15215E+01  6.21630E+02   8.492   8.485
 0.330 -1.54130E-01 -6.88630E-03 -5.81330E-02 -7.65688E+00 -5.54802E+00 -7.85372E+00   2.951  1.38199E+09  2.14364E+09  9.63757E+09  7.79458E+08  8.66359E+09  8.37070E+00  6.73372E+02   8.481   8.533
 0.340  4.88731E-03  4.51875E-04  1.36681E-02  6.19377E+00  4.64099E-01  1.29359E+00   1.566  5.47563E+08  1.27536E+09  7.88809E+09  3.13520E+08  3.31489E+09  8.09348E+00  6.63958E+02   8.714   8.606
 0.350  2.52683E-01  6.42417E-02 -9.31557E-01 -2.25208E-01  2.47037E+01 -6.80729E+00   7.772  1.38236E+09  1.44282E+09  1.30949E+10  1.90516E+09  3.00282E+10  2.54947E+00  9.13564E+02   8.242   8.523
 0.360  6.41000E-02 -4.77111E-01  8.81465E-01 -2.68774E+01 -1.66969E+01 -2.44747E+01   5.858  1.51256E+09  1.69344E+09  1.28599E+10  1.61838E+09  2.17339E+10  4.42867E+00  1.02089E+03   8.211   8.536
 0.370 -1.94806E-01 -2.12763E-01  3.45090E-01 -9.15129E+00  8.30727E+00 -1.91689E+01   5.763  1.53684E+09  1.60969E+09  1.28382E+10  1.55966E+09  2.07302E+10  2.93432E+00  1.14261E+03   8.176   8.538
 0.380  2.28871E-01  2.96922E-01  7.81165E-01 -1.72250E+01  3.56170E+00  5.67930E+01   6.821  1.70780E+09  1.75598E+09  1.34407E+10  1.71927E+09  2.51645E+10  2.83583E+00  1.27390E+03   8.148   8.528
 0.390  3.38423E-02  2.37681E-01  1.86210E-01  1.07708E+01  2.10181E+01  1.00696E+01   4.831  1.37710E+09  1.57979E+09  1.28988E+10  1.36433E+09  1.65930E+10  4.37755E+00  1.36258E+03   8.230   8.537
 0.400  2.47907E-02  3.03183E-02 -3.77202E-02 -7.98529E+00 -1.15878E+01  6.02130E+00   3.537  4.09729E+08  7.77981E+08  1.18193E+10  9.69064E+08  1.02082E+10  3.48663E+00  1.42005E+03   8.519   8.557
 0.410  9.35918E-01  1.19662E+00  3.83681E+00 -3.47627E+01  2.99912E+01 -3.05891E+01  12.740  1.00211E+09  7.54685E+08  1.54827E+10  2.28890E+09  5.16351E+10  7.08938E-01  1.64974E+03   8.067   8.507
 0.420 -7.35701E-01  3.51486E-01 -1.76841E+00  2.65393E+01 -7.50960E+01 -3.99528E+01  11.275  8.85315E+08  7.14176E+08  1.52727E+10  2.18965E+09  4.52388E+10  2.21548E-01  1.80517E+03   7.932   8.512
 0.430  8.77191E-01 -1.72807E+00 -9.98512E-01 -6.18284E+00  1.85106E+01  4.48970E-01   9.670  1.08575E+09  9.39471E+08  1.49963E+10  2.04677E+09  3.78975E+10  2.09386E-01  1.95824E+03   7.887   8.516
 0.440  5.99459E-01  3.77014E-01  1.41342E+00 -3.04787E+01  5.11534E+01  2.21450E+01   9.982  1.28916E+09  1.06426E+09  1.50233E+10  2.07490E+09  3.93847E+10  2.59215E-01  2.11524E+03   7.831   8.514
 0.450 -1.42758E-02  3.67052E-01 -2.97527E+00  1.21219E+01 -4.02546E+01  1.06929E+01  11.813  1.15800E+09  9.47209E+08  1.52024E+10  2.19665E+09  4.73998E+10  1.59737E-01  2.28008E+03   7.810   8.510
 0.460 -9.03463E-01 -2.18844E-01  7.74442E-01 -3.50680E+01  3.00452E+01 -2.04511E+01   8.085  1.23309E+09  1.08783E+09  1.45828E+10  1.87187E+09  3.15402E+10  5.37854E-01  2.41866E+03   7.819   8.519
 0.470  8.98396E-01 -3.82397E-01 -5.13115E-01  1.49085E+01 -1.47331E+01  3.12664E+01   9.399  2.19016E+09  1.98696E+09  1.50170E+10  2.07772E+09  4.00513E+10  8.79465E-01  2.57440E+03   7.789   8.511
 0.480  3.30210E-01  2.21426E-02 -4.34017E-01  2.52986E+01 -1.40585E+01 -5.46980E+00   6.491  1.77204E+09  1.80969E+09  1.43366E+10  1.64221E+09  2.45644E+10  3.23362E+00  2.66116E+03   7.985   8.519
 0.490 -2.20685E-01  5.41785E-02  3.48628E-01  1.75608E+01  4.60580E+00 -1.55094E+00   7.695  1.86474E+09  1.82336E+09  1.50869E+10  1.81838E+09  3.02593E+10  2.42222E+00  2.78078E+03   8.032   8.508
 0.500  3.18826E-01  1.32810E-01  5.55974E-01 -3.91906E+01  2.51418E+00  1.23399E+01   7.760  1.79969E+09  1.74888E+09  1.53131E+10  1.82521E+09  2.98609E+10  2.37872E+00  2.90280E+03   8.083   8.505
