  39
 0.120  7.13209E+07  4.76002E+07  5.46809E+07  6.75122E+07  3.20539E+07  5.32334E+08  3.84542E-01
 0.130  4.61404E+07  5.91509E+07  7.07762E+07  4.43303E+07  1.10083E+07  5.85460E+08  5.23577E-02
 0.140  8.75209E+06  6.15338E+07  7.46624E+07  7.85065E+06  1.06735E+07  5.73571E+08  1.41049E-01
 0.150  6.36436E+05  6.65334E+07  8.25859E+07  4.24876E+05  4.12740E+05  6.28110E+08  2.82412E-03
 0.160  6.46295E+07  7.59596E+07  9.38755E+07  5.99985E+07  1.04250E+07  6.31103E+08  1.74295E-01
 0.170  4.74933E+07  1.25002E+08  1.51116E+08  4.43810E+07  5.23419E+07  5.74735E+08  5.21507E-01
 0.180  2.84720E+07  1.28578E+08  1.60026E+08  2.57944E+07  4.60725E+06  6.60284E+08  3.80627E-02
 0.190  8.28746E+07  1.79863E+08  2.21393E+08  7.65940E+07  4.05075E+07  7.71939E+08  5.85782E-01
 0.200  1.91874E+07  2.10230E+08  2.63025E+08  1.73973E+07  2.03753E+07  7.52900E+08  6.82201E-02
 0.210  1.37872E+08  4.51957E+08  5.41235E+08  1.29588E+08  2.07996E+08  9.58751E+08  3.24484E+00
 0.220  7.21840E+06  3.98490E+08  4.97314E+08  6.35067E+06  7.81621E+06  8.08935E+08  5.52502E-02
 0.230  1.76073E+06  3.84001E+08  4.89320E+08  1.24467E+06  9.19106E+05  7.98709E+08  8.14025E-03
 0.240  7.82145E+07  4.12167E+08  5.31007E+08  7.44886E+07  9.77660E+06  8.83178E+08  1.23985E-01
 0.250  2.82518E+08  6.45749E+08  8.02412E+08  2.72341E+08  1.88443E+08  1.07697E+09  2.98802E+00
 0.260  4.55176E+08  9.90790E+08  1.22674E+09  4.42572E+08  2.16058E+08  1.19420E+09  2.40175E+00
 0.270  7.46735E+08  2.27560E+09  2.76435E+09  7.34407E+08  8.18138E+08  1.68064E+09  8.20256E+00
 0.280  2.55883E+08  3.05640E+09  3.76106E+09  2.49966E+08  6.06374E+08  1.68064E+09  5.10424E+00
 0.290  5.17516E+08  3.28213E+09  4.11483E+09  5.08487E+08  3.54435E+08  1.68837E+09  3.69440E+00
 0.300  3.02429E+08  3.68971E+09  4.64992E+09  2.96451E+08  3.93791E+08  1.62452E+09  3.39642E+00
 0.310  8.56289E+08  5.18917E+09  6.47900E+09  8.48685E+08  1.34056E+09  2.00338E+09  1.46895E+01
 0.320  7.44783E+08  5.50617E+09  6.92149E+09  7.33643E+08  8.08963E+08  1.81175E+09  9.60945E+00
 0.330  6.28845E+08  5.87308E+09  7.44335E+09  6.18594E+08  7.16888E+08  1.68530E+09  6.98550E+00
 0.340  5.04139E+08  6.10789E+09  7.79256E+09  4.98294E+08  6.49431E+08  1.66301E+09  7.63314E+00
 0.350  1.29658E+08  5.61998E+09  7.26841E+09  1.25770E+08  2.68692E+08  1.36530E+09  2.36811E+00
 0.360  1.90097E+08  5.75762E+09  7.54062E+09  1.84252E+08  1.70920E+08  1.42732E+09  1.84976E+00
 0.370  1.31510E+08  4.61424E+09  6.10468E+09  1.26982E+08  8.82927E+07  1.11555E+09  1.09319E+00
 0.380  7.30575E+07  4.40132E+09  5.87367E+09  6.98683E+07  4.32125E+07  1.07523E+09  4.74281E-01
 0.390  1.24701E+08  4.62576E+09  6.19069E+09  1.17880E+08  1.31525E+08  1.14041E+09  1.50648E+00
 0.400  2.49215E+08  4.78913E+09  6.37486E+09  2.42752E+08  3.27092E+08  1.12478E+09  3.06757E+00
 0.410  3.58664E+07  4.58226E+09  6.13632E+09  3.45738E+07  8.23651E+07  1.05951E+09  6.77774E-01
 0.420  1.26036E+07  4.26993E+09  5.76090E+09  1.19897E+07  1.49194E+07  9.93170E+08  1.46643E-01
 0.430  1.68282E+07  4.19672E+09  5.69667E+09  1.56791E+07  6.26376E+06  9.66067E+08  6.28802E-02
 0.440  7.57737E+06  3.99619E+09  5.44670E+09  6.57237E+06  3.71855E+06  9.49855E+08  4.07141E-02
 0.450  4.69376E+06  3.82820E+09  5.23712E+09  4.03401E+06  3.47422E+06  9.28821E+08  3.66145E-02
 0.460  1.29495E+07  3.29648E+09  4.52151E+09  1.11521E+07  4.33918E+06  8.25896E+08  6.27889E-02
 0.470  3.33335E+07  3.08797E+09  4.24190E+09  3.06449E+07  9.63549E+06  8.06358E+08  1.11668E-01
 0.480  7.59001E+07  3.34923E+09  4.59893E+09  7.10223E+07  3.85471E+07  8.61229E+08  4.50440E-01
 0.490  8.16835E+07  3.01028E+09  4.13146E+09  7.70731E+07  3.56957E+07  7.99125E+08  4.17355E-01
 0.500  1.01459E+08  3.19379E+09  4.37051E+09  9.61316E+07  8.38383E+07  8.31300E+08  1.18709E+00
