  39
 0.120        13970 -0.44963E-02 -0.24321E-01 -0.11241E-02  0.20970E+02 -0.25810E+02 -0.30759E+02 -0.29382E+00  0.30651E+00  0.90538E+00   0.941   0.691
 0.130        12313 -0.21264E-01  0.21043E-01 -0.10521E-01  0.13928E+02 -0.22265E+01 -0.57046E+02  0.80984E+00  0.55858E+00 -0.17929E+00   1.295   0.710
 0.140        17939  0.27798E-01  0.16225E-01  0.15151E-01  0.17241E+02 -0.84330E+01 -0.27295E+02  0.44501E+00  0.73791E+00  0.50739E+00   1.612   1.035
 0.150        14284  0.86920E-02 -0.26587E-01  0.17895E-01  0.17051E+02 -0.13564E+02 -0.66801E+02 -0.47295E+00 -0.12981E+00  0.87147E+00   2.146   1.482
 0.160        33664 -0.70878E-02  0.27261E-03  0.13494E-01  0.12389E+02  0.15779E+02 -0.72780E+01 -0.72564E+00  0.49336E+00  0.47962E+00   2.458   1.900
 0.170        14029  0.41994E-02  0.23169E-02  0.21286E-01  0.51344E+02 -0.24248E+02  0.23349E+02 -0.98875E+00  0.13667E+00  0.60715E-01   2.793   1.681
 0.180        51482  0.30665E-03 -0.21772E-01 -0.19472E-01 -0.30616E+01  0.96155E+01 -0.14674E+02 -0.82709E+00  0.17434E+00  0.53435E+00   3.309   2.073
 0.190        77728  0.92253E-02 -0.32370E-02 -0.14404E-01 -0.34933E+02  0.32018E+02 -0.50413E+02 -0.57249E+00 -0.55742E+00  0.60128E+00   2.428   1.502
 0.200        17654 -0.22145E-02  0.61325E-02  0.11924E-02  0.68006E+02  0.60098E+02 -0.35469E+02 -0.80094E+00  0.50202E+00  0.32631E+00   3.770   2.780
 0.210       110614 -0.25042E-02 -0.46507E-02  0.75127E-02 -0.21386E+02  0.72029E+02  0.15806E+01 -0.80233E+00 -0.26597E+00  0.53435E+00   3.603   2.038
 0.220       115849  0.65589E-02  0.67463E-02  0.74959E-03 -0.49104E+01 -0.37062E+01  0.29531E+02 -0.93380E+00 -0.19157E+00  0.30219E+00   4.465   1.611
 0.230       117105  0.43087E-02 -0.82257E-02 -0.78340E-03 -0.11691E+02 -0.55547E+01 -0.99465E+01 -0.93035E+00  0.26038E+00  0.25816E+00   4.569   2.190
 0.240       128739 -0.55184E-02  0.20439E-02  0.11037E-01  0.33439E+02  0.34950E+02 -0.26301E+02  0.45386E+00  0.69421E+00  0.55864E+00   3.868   2.694
 0.250       174467 -0.21294E-02 -0.29812E-02  0.63883E-03 -0.78786E+02  0.73008E+00  0.29969E+02 -0.74646E+00 -0.15522E+00  0.64707E+00   5.102   2.232
 0.260       102380  0.42082E-02  0.11517E-01 -0.46512E-02 -0.12212E+03 -0.13703E+02 -0.54561E+02 -0.30694E+00  0.41412E+00  0.85691E+00   3.380   2.099
 0.270       285678 -0.62109E-02  0.13802E-02 -0.46007E-03  0.17639E+02  0.60658E+02  0.27386E+02 -0.17943E+00  0.74227E+00  0.64563E+00   2.095   0.838
 0.280       278166  0.33385E-02  0.95387E-03  0.47693E-03  0.46657E+01  0.10466E+03  0.30736E+02 -0.59100E+00  0.80559E+00 -0.41718E-01   4.809   1.970
 0.290       185582  0.19755E-02  0.00000E+00  0.24694E-02  0.24204E+03 -0.12678E+03  0.51147E+02 -0.50264E+00 -0.77644E-01  0.86100E+00   3.653   1.752
 0.300       142930  0.30659E-02 -0.20439E-02 -0.12774E-02 -0.77422E+02 -0.20400E+03 -0.20758E+03  0.25146E+00 -0.81954E+00  0.51490E+00   5.102   2.304
 0.310       180793 -0.36960E-02 -0.52800E-03  0.10560E-02 -0.17796E+02 -0.10748E+02 -0.16536E+03  0.77221E+00 -0.10679E+00  0.62633E+00   1.325   0.209
 0.320       438200 -0.27254E-03  0.00000E+00  0.29979E-02  0.13741E+03  0.21202E+03 -0.84534E+02 -0.18982E+00  0.96273E+00 -0.19267E+00   3.479   0.892
 0.330       200352  0.28101E-02  0.11241E-02  0.11241E-02 -0.34245E+03 -0.13928E+03 -0.14293E+03  0.14640E+00  0.97512E+00 -0.16648E+00   2.951   0.658
 0.340       523121  0.23162E-02  0.57906E-03 -0.17372E-02 -0.68344E+02  0.76265E+02 -0.64307E+02 -0.26757E+00  0.94317E+00  0.19707E+00   1.566   0.139
 0.350       623072 -0.59610E-03  0.11922E-02 -0.17883E-02 -0.59145E+02  0.15359E+03 -0.11876E+01  0.51405E+00 -0.85588E+00  0.56764E-01   7.772   4.692
 0.360       864695 -0.18398E-02  0.00000E+00  0.61326E-03  0.41361E+03 -0.68748E+02 -0.34515E+02  0.74793E+00 -0.63728E+00 -0.18565E+00   5.858   1.821
 0.370       881284 -0.12603E-02  0.00000E+00  0.00000E+00  0.29773E+03  0.23414E+02 -0.16148E+02  0.69547E+00 -0.71603E+00 -0.60172E-01   5.763   1.388
 0.380       657121  0.64722E-03  0.38833E-02 -0.12944E-02  0.20469E+03 -0.58460E+02 -0.25823E+03  0.73024E+00 -0.66717E+00  0.14711E+00   6.821   1.343
 0.390      1056396 -0.39861E-02  0.00000E+00 -0.66435E-03 -0.89401E+01 -0.99792E+02  0.85898E+02  0.77617E+00 -0.60551E+00  0.17582E+00   4.831   1.177
 0.400       542914  0.00000E+00 -0.68128E-03 -0.40877E-02 -0.93932E+02 -0.78127E+02  0.36641E+02  0.88833E+00 -0.37267E+00  0.26829E+00   3.537   0.487
 0.410      1031274  0.69835E-03 -0.69835E-03 -0.34917E-02  0.29379E+03  0.18530E+02  0.82745E+02 -0.64110E+00 -0.58271E+00  0.49943E+00  12.740   5.588
 0.420       287846  0.21468E-02  0.00000E+00 -0.14312E-02  0.15824E+03  0.24697E+03  0.16052E+03 -0.69335E+00 -0.63127E+00  0.34752E+00  11.275   4.351
 0.430       527926 -0.29308E-02  0.21981E-02  0.21981E-02 -0.64621E+02 -0.55778E+02 -0.28335E+02 -0.78427E+00 -0.60224E+00  0.14908E+00   9.670   2.311
 0.440      1206825  0.29982E-02  0.14991E-02 -0.22486E-02  0.23386E+03 -0.77524E+01 -0.55100E+01 -0.67000E+00 -0.73427E+00  0.10928E+00   9.982   5.112
 0.450      1236884 -0.45982E-02 -0.22991E-02 -0.22991E-02 -0.64520E+02  0.34782E+02 -0.14379E+02 -0.70465E+00 -0.69831E+00 -0.12581E+00  11.813   4.698
 0.460      1160970  0.23510E-02  0.00000E+00  0.39183E-02  0.13739E+03 -0.92173E+02  0.13611E+03 -0.58460E+00 -0.76751E+00 -0.26301E+00   8.085   2.414
 0.470      1245023  0.80048E-03  0.56034E-02 -0.48029E-02  0.91545E+02  0.67993E+02 -0.59956E+02 -0.15935E+00 -0.94731E+00 -0.27789E+00   9.399   4.080
 0.480      1291360  0.49059E-02  0.65412E-02 -0.16353E-02 -0.33415E+02 -0.46545E+02 -0.29275E+02 -0.40971E+00 -0.81236E+00 -0.41498E+00   6.491   2.042
 0.490      1314449  0.16691E-02  0.91798E-02 -0.16691E-02 -0.80941E+02  0.63332E+02 -0.14141E+02 -0.15737E+00 -0.92595E+00 -0.34329E+00   7.695   3.500
 0.500      1103487 -0.25552E-02  0.42587E-02 -0.51104E-02  0.17361E+03 -0.14132E+03 -0.10605E+03  0.50217E-01 -0.98284E+00 -0.17747E+00   7.760   2.517
