  39
 0.120  1.20000E+00  9.85841E+07  5.45586E+07  6.26654E+07  9.32490E+07  3.67784E+07  7.04431E+08  4.40637E-01
 0.130  1.46250E+00  1.00425E+08  7.12049E+07  8.50766E+07  9.62401E+07  1.39517E+07  1.07182E+09  8.57768E-02
 0.140  1.76250E+00  4.11618E+07  9.29145E+07  1.12114E+08  3.65709E+07  2.25374E+07  1.41377E+09  2.64716E-01
 0.150  2.25000E+00  1.05592E+08  1.07423E+08  1.32668E+08  9.87890E+07  3.40385E+06  2.35024E+09  3.26283E-02
 0.160  2.88750E+00  4.96990E+08  1.54960E+08  1.88428E+08  4.61637E+08  3.65698E+07  3.84681E+09  5.75003E-01
 0.170  3.26250E+00  4.05102E+08  2.80162E+08  3.35665E+08  3.59546E+08  1.27505E+08  4.19773E+09  1.32926E+00
 0.180  3.67500E+00  8.65263E+08  3.75863E+08  4.61138E+08  7.97696E+08  4.09157E+07  6.20162E+09  6.00801E-01
 0.190  4.05000E+00  1.01215E+09  5.43285E+08  6.57911E+08  9.15306E+08  1.74136E+08  7.17990E+09  2.32371E+00
 0.200  4.35000E+00  1.03908E+09  7.07992E+08  8.69656E+08  9.45788E+08  1.33783E+08  8.34467E+09  1.41095E+00
 0.210  4.65000E+00  1.24924E+09  1.09055E+09  1.32557E+09  1.09619E+09  3.40870E+08  9.01460E+09  4.70546E+00
 0.220  5.02500E+00  6.53496E+08  1.11725E+09  1.40071E+09  5.62923E+08  5.23947E+07  9.70456E+09  5.63605E-01
 0.230  5.51250E+00  8.42062E+08  1.20471E+09  1.53154E+09  7.08581E+08  4.68171E+07  1.07485E+10  5.81347E-01
 0.240  6.07500E+00  1.37946E+09  1.35976E+09  1.73897E+09  1.19890E+09  9.34291E+07  1.45139E+10  1.23442E+00
 0.250  6.56250E+00  3.37340E+09  2.05767E+09  2.55868E+09  2.99450E+09  5.69417E+08  2.04930E+10  8.07404E+00
 0.260  7.23750E+00  3.71231E+09  2.91189E+09  3.60722E+09  3.27086E+09  6.45033E+08  2.01248E+10  7.54251E+00
 0.270  8.13750E+00  3.13858E+09  4.32639E+09  5.34268E+09  2.73530E+09  1.05437E+09  2.47927E+10  1.14878E+01
 0.280  8.73750E+00  4.75569E+09  5.89526E+09  7.33124E+09  4.18153E+09  1.03289E+09  3.75484E+10  1.08851E+01
 0.290  9.33750E+00  3.57108E+09  6.65883E+09  8.37945E+09  3.11069E+09  8.87406E+08  3.36822E+10  9.57185E+00
 0.300  9.86250E+00  3.39356E+09  7.70187E+09  9.79452E+09  2.87809E+09  5.86200E+08  3.67184E+10  5.41901E+00
 0.310  1.03500E+01  4.22539E+09  9.67401E+09  1.22588E+10  3.65288E+09  1.69779E+09  4.17360E+10  1.81630E+01
 0.320  1.09125E+01  3.25564E+09  1.09461E+10  1.39839E+10  2.72837E+09  1.07267E+09  4.22498E+10  1.20773E+01
 0.330  1.14375E+01  3.39555E+09  1.20956E+10  1.55945E+10  2.78080E+09  8.76583E+08  4.57645E+10  8.88526E+00
 0.340  1.18500E+01  2.31470E+09  1.32499E+10  1.71929E+10  1.82524E+09  8.11798E+08  4.76673E+10  8.62666E+00
 0.350  1.22625E+01  2.84546E+09  1.36262E+10  1.79067E+10  2.19184E+09  3.14075E+08  4.85478E+10  2.86804E+00
 0.360  1.26375E+01  2.96470E+09  1.39461E+10  1.84736E+10  2.25047E+09  3.92930E+08  5.07384E+10  4.56382E+00
 0.370  1.29375E+01  2.65693E+09  1.41564E+10  1.88979E+10  2.15678E+09  2.41906E+08  5.26792E+10  3.11463E+00
 0.380  1.32375E+01  2.63335E+09  1.44294E+10  1.93728E+10  2.12871E+09  2.56854E+08  5.29681E+10  2.88896E+00
 0.390  1.35375E+01  2.55430E+09  1.48542E+10  2.00056E+10  1.99713E+09  3.59542E+08  5.42094E+10  4.43525E+00
 0.400  1.38375E+01  1.88576E+09  1.54491E+10  2.08454E+10  1.44394E+09  4.28510E+08  5.61076E+10  3.67343E+00
 0.410  1.41750E+01  1.25296E+09  1.55657E+10  2.11376E+10  8.30576E+08  8.60823E+07  5.76997E+10  7.10614E-01
 0.420  1.45500E+01  1.28256E+09  1.54980E+10  2.11766E+10  9.54985E+08  2.03214E+07  5.87603E+10  2.21622E-01
 0.430  1.50000E+01  1.56519E+09  1.54655E+10  2.12343E+10  1.20908E+09  2.54723E+07  6.02768E+10  2.65830E-01
 0.440  1.54875E+01  2.03153E+09  1.54772E+10  2.13309E+10  1.47932E+09  2.42927E+07  6.26353E+10  2.61601E-01
 0.450  1.60500E+01  1.62536E+09  1.54694E+10  2.13918E+10  1.22334E+09  1.34295E+07  6.58148E+10  1.59772E-01
 0.460  1.65375E+01  2.44093E+09  1.55029E+10  2.14895E+10  1.86623E+09  4.53903E+07  6.99996E+10  5.38727E-01
 0.470  1.68750E+01  3.73302E+09  1.56404E+10  2.17140E+10  3.02141E+09  7.09145E+07  7.57552E+10  8.83209E-01
 0.480  1.72875E+01  4.09066E+09  1.59037E+10  2.20548E+10  3.15812E+09  2.65819E+08  7.66475E+10  3.28207E+00
 0.490  1.76625E+01  3.63005E+09  1.61608E+10  2.24096E+10  2.77540E+09  2.13375E+08  7.61638E+10  2.42728E+00
 0.500  1.80000E+01  3.49765E+09  1.63932E+10  2.27462E+10  2.71428E+09  1.92694E+08  7.50213E+10  2.39860E+00
