  39
 0.120   0.941  3.56559E-01  3.26506E-01  3.42713E-01
 0.130   1.295  7.50408E-02  6.84434E-02  1.57810E-01
 0.140   1.612  2.47087E-01  2.04667E-01  2.35443E-01
 0.150   2.146  2.83112E-02  2.55174E-02  3.94746E-02
 0.160   2.458  5.28757E-01  6.05575E-01  3.63112E-01
 0.170   2.793  1.19782E+00  1.06141E+00  1.31529E+00
 0.180   3.309  5.37995E-01  6.04699E-01  4.20078E-01
 0.190   2.428  1.85919E+00  2.06822E+00  1.46037E+00
 0.200   3.770  1.22220E+00  1.27767E+00  1.32200E+00
 0.210   3.603  4.52760E+00  4.74968E+00  3.63362E+00
 0.220   4.465  4.50228E-01  4.41380E-01  4.90071E-01
 0.230   4.569  5.17905E-01  5.36980E-01  4.55660E-01
 0.240   3.868  1.11511E+00  1.18104E+00  8.81506E-01
 0.250   5.102  7.63532E+00  8.09904E+00  6.02300E+00
 0.260   3.380  6.17607E+00  6.75537E+00  5.78311E+00
 0.270   2.095  9.95690E+00  9.86176E+00  1.07540E+01
 0.280   4.809  9.38089E+00  9.42961E+00  1.04529E+01
 0.290   3.653  8.00930E+00  8.16758E+00  7.76858E+00
 0.300   5.102  5.05757E+00  5.12610E+00  6.52676E+00
 0.310   1.325  1.50281E+01  1.36871E+01  1.54297E+01
 0.320   3.479  1.15215E+01  1.17708E+01  1.10550E+01
 0.330   2.951  8.37070E+00  8.35198E+00  9.00494E+00
 0.340   1.566  8.09348E+00  8.29877E+00  8.19335E+00
 0.350   7.772  2.54947E+00  2.28999E+00  3.22512E+00
 0.360   5.858  4.42867E+00  4.34648E+00  4.28944E+00
 0.370   5.763  2.93432E+00  3.15636E+00  2.57166E+00
 0.380   6.821  2.83583E+00  2.90210E+00  2.82082E+00
 0.390   4.831  4.37755E+00  4.47176E+00  3.91156E+00
 0.400   3.537  3.48663E+00  3.18753E+00  4.44294E+00
 0.410  12.740  7.08938E-01  6.31428E-01  1.00324E+00
 0.420  11.275  2.21548E-01  2.07071E-01  2.25792E-01
 0.430   9.670  2.09386E-01  1.98371E-01  2.15909E-01
 0.440   9.982  2.59215E-01  2.26722E-01  2.70489E-01
 0.450  11.813  1.59737E-01  1.54931E-01  1.47111E-01
 0.460   8.085  5.37854E-01  5.39093E-01  5.14067E-01
 0.470   9.399  8.79465E-01  9.06513E-01  7.93941E-01
 0.480   6.491  3.23362E+00  3.20717E+00  2.89223E+00
 0.490   7.695  2.42222E+00  2.40856E+00  2.39132E+00
 0.500   7.760  2.37872E+00  2.32755E+00  2.13601E+00
