  39
 0.120   0.941  4.47348E+07  5.14139E+07  4.45368E+07  9.22390E+01  0.00000E+00  0.00000E+00  0.00000E+00  4.47348E+07  5.14139E+07  4.45368E+07
 0.130   1.295  6.75955E+07  8.07977E+07  6.70673E+07  1.65779E+02  1.40068E+07  1.69212E+07  1.38789E+07  5.35887E+07  6.38765E+07  5.31884E+07
 0.140   1.612  8.89938E+07  1.07463E+08  8.80943E+07  2.19213E+02  1.79352E+07  2.21490E+07  1.76904E+07  7.10586E+07  8.53143E+07  7.04039E+07
 0.150   2.146  1.05085E+08  1.29852E+08  1.03632E+08  3.08285E+02  3.28939E+07  4.08594E+07  3.23956E+07  7.21909E+07  8.89930E+07  7.12369E+07
 0.160   2.458  1.43438E+08  1.74598E+08  1.41473E+08  3.18674E+02  3.83758E+07  4.81971E+07  3.76843E+07  1.05062E+08  1.26401E+08  1.03788E+08
 0.170   2.793  2.60817E+08  3.12797E+08  2.58172E+08  2.59682E+02  4.36974E+07  5.52880E+07  4.28031E+07  2.17119E+08  2.57509E+08  2.15369E+08
 0.180   3.309  3.57445E+08  4.38805E+08  3.53192E+08  3.28030E+02  1.04571E+08  1.31116E+08  1.02845E+08  2.52873E+08  3.07688E+08  2.50347E+08
 0.190   2.428  4.25098E+08  5.15587E+08  4.20180E+08  3.33727E+02  7.44626E+07  9.50982E+07  7.27604E+07  3.50635E+08  4.20489E+08  3.47419E+08
 0.200   3.770  6.58706E+08  8.10062E+08  6.51145E+08  3.59339E+02  1.72022E+08  2.17879E+08  1.68935E+08  4.86684E+08  5.92183E+08  4.82210E+08
 0.210   3.603  9.93629E+08  1.20619E+09  9.83917E+08  3.28783E+02  1.85116E+08  2.36623E+08  1.81470E+08  8.08514E+08  9.69567E+08  8.02447E+08
 0.220   4.465  1.07025E+09  1.34218E+09  1.05690E+09  4.41582E+02  2.38826E+08  3.07239E+08  2.33871E+08  8.31427E+08  1.03494E+09  8.23032E+08
 0.230   4.569  1.12735E+09  1.43338E+09  1.11091E+09  5.36582E+02  2.73310E+08  3.52344E+08  2.67588E+08  8.54041E+08  1.08104E+09  8.43325E+08
 0.240   3.868  1.13696E+09  1.45433E+09  1.11819E+09  6.24925E+02  2.34821E+08  3.06007E+08  2.28982E+08  9.02137E+08  1.14833E+09  8.89211E+08
 0.250   5.102  1.93297E+09  2.40294E+09  1.90671E+09  5.39043E+02  3.99988E+08  5.23160E+08  3.90098E+08  1.53298E+09  1.87978E+09  1.51661E+09
 0.260   3.380  2.27700E+09  2.81745E+09  2.25103E+09  4.83235E+02  2.48820E+08  3.27203E+08  2.41683E+08  2.02818E+09  2.49025E+09  2.00934E+09
 0.270   2.095  3.15995E+09  3.86984E+09  3.13160E+09  4.08461E+02  2.07425E+08  2.71228E+08  2.01526E+08  2.95253E+09  3.59861E+09  2.93008E+09
 0.280   4.809  5.33335E+09  6.62626E+09  5.28320E+09  4.55067E+02  7.19317E+08  9.33993E+08  7.04213E+08  4.61403E+09  5.69227E+09  4.57898E+09
 0.290   3.653  5.68954E+09  7.15967E+09  5.63147E+09  5.14858E+02  5.56268E+08  7.30018E+08  5.42711E+08  5.13327E+09  6.42966E+09  5.08876E+09
 0.300   5.102  7.04986E+09  8.95998E+09  6.97176E+09  5.80764E+02  8.97403E+08  1.17538E+09  8.77573E+08  6.15246E+09  7.78460E+09  6.09418E+09
 0.310   1.325  5.86432E+09  7.34873E+09  5.81036E+09  5.15539E+02  1.79421E+08  2.38383E+08  1.73377E+08  5.68490E+09  7.11035E+09  5.63699E+09
 0.320   3.479  9.20961E+09  1.17234E+10  9.11091E+09  6.21630E+02  8.98805E+08  1.17441E+09  8.79657E+08  8.31080E+09  1.05490E+10  8.23125E+09
 0.330   2.951  9.63757E+09  1.23601E+10  9.53023E+09  6.73372E+02  7.79458E+08  1.02854E+09  7.61138E+08  8.85811E+09  1.13316E+10  8.76909E+09
 0.340   1.566  7.88809E+09  1.01048E+10  7.80455E+09  6.63958E+02  3.13520E+08  4.17445E+08  3.04476E+08  7.57457E+09  9.68734E+09  7.50007E+09
 0.350   7.772  1.30949E+10  1.71987E+10  1.29019E+10  9.13564E+02  1.90516E+09  2.53923E+09  1.86074E+09  1.11897E+10  1.46594E+10  1.10412E+10
 0.360   5.858  1.28599E+10  1.70123E+10  1.26513E+10  1.02089E+03  1.61838E+09  2.17418E+09  1.57659E+09  1.12416E+10  1.48381E+10  1.10747E+10
 0.370   5.763  1.28382E+10  1.71138E+10  1.26075E+10  1.14261E+03  1.55966E+09  2.10899E+09  1.51595E+09  1.12786E+10  1.50048E+10  1.10915E+10
 0.380   6.821  1.34407E+10  1.80262E+10  1.31715E+10  1.27390E+03  1.71927E+09  2.33796E+09  1.66782E+09  1.17214E+10  1.56882E+10  1.15036E+10
 0.390   4.831  1.28988E+10  1.73343E+10  1.26197E+10  1.36258E+03  1.36433E+09  1.86391E+09  1.31978E+09  1.15345E+10  1.54704E+10  1.12999E+10
 0.400   3.537  1.18193E+10  1.58812E+10  1.15469E+10  1.42005E+03  9.69064E+08  1.32781E+09  9.34644E+08  1.08502E+10  1.45533E+10  1.06122E+10
 0.410  12.740  1.54827E+10  2.10230E+10  1.50722E+10  1.64974E+03  2.28890E+09  3.14885E+09  2.20767E+09  1.31938E+10  1.78741E+10  1.28646E+10
 0.420  11.275  1.52727E+10  2.08643E+10  1.48310E+10  1.80517E+03  2.18965E+09  3.02384E+09  2.10769E+09  1.30830E+10  1.78405E+10  1.27233E+10
 0.430   9.670  1.49963E+10  2.05834E+10  1.45278E+10  1.95824E+03  2.04677E+09  2.83578E+09  1.96586E+09  1.29495E+10  1.77476E+10  1.25619E+10
 0.440   9.982  1.50233E+10  2.06988E+10  1.45177E+10  2.11524E+03  2.07490E+09  2.88311E+09  1.98883E+09  1.29484E+10  1.78157E+10  1.25289E+10
 0.450  11.813  1.52024E+10  2.10185E+10  1.46516E+10  2.28008E+03  2.19665E+09  3.06046E+09  2.10138E+09  1.30057E+10  1.79581E+10  1.25502E+10
 0.460   8.085  1.45828E+10  2.02002E+10  1.40197E+10  2.41866E+03  1.87187E+09  2.61298E+09  1.78590E+09  1.27109E+10  1.75872E+10  1.22338E+10
 0.470   9.399  1.50170E+10  2.08382E+10  1.44005E+10  2.57440E+03  2.07772E+09  2.90542E+09  1.97878E+09  1.29392E+10  1.79328E+10  1.24217E+10
 0.480   6.491  1.43366E+10  1.98535E+10  1.37204E+10  2.66116E+03  1.64221E+09  2.30003E+09  1.55857E+09  1.26944E+10  1.75535E+10  1.21618E+10
 0.490   7.695  1.50869E+10  2.08968E+10  1.44118E+10  2.78078E+03  1.81838E+09  2.55075E+09  1.72279E+09  1.32686E+10  1.83460E+10  1.26890E+10
 0.500   7.760  1.53131E+10  2.12220E+10  1.45967E+10  2.90280E+03  1.82521E+09  2.56367E+09  1.72513E+09  1.34879E+10  1.86584E+10  1.28715E+10
