  34
 0.170   1.967   1.505  1.86989E-02  1.67127E-02  1.71060E-02
 0.180   2.154   1.217  9.33986E-02  1.08710E-01  7.03650E-02
 0.190   2.254   1.112  6.46975E-02  7.22117E-02  5.36704E-02
 0.200   2.522   1.650  1.57870E-03  1.80819E-03  5.30698E-03
 0.210   3.291   2.218  2.76791E-01  3.14156E-01  1.95872E-01
 0.220   4.058   3.178  2.91423E-01  3.22909E-01  2.13608E-01
 0.230   4.049   2.147  4.67221E-02  5.19522E-02  3.35902E-02
 0.240   4.739   3.946  4.37881E-01  4.41478E-01  3.56616E-01
 0.250   4.920   3.803  1.83965E-01  1.74062E-01  2.45219E-01
 0.260   4.824   3.793  8.31715E-01  8.32994E-01  7.22731E-01
 0.270   4.582   2.274  1.13923E+00  1.09932E+00  1.04771E+00
 0.280   4.013   2.344  5.75560E-01  6.66348E-01  3.88256E-01
 0.290   5.148   3.217  6.41538E-01  7.01391E-01  5.32082E-01
 0.300   4.660   3.102  3.74108E-01  3.81281E-01  4.14802E-01
 0.310   5.824   1.647  1.94657E+00  2.05172E+00  1.65070E+00
 0.320   5.825   2.661  3.48092E-01  3.76017E-01  3.50839E-01
 0.330   5.215   2.341  1.34276E+00  1.30557E+00  1.11641E+00
 0.340   6.522   2.187  4.64737E-01  4.52355E-01  5.14871E-01
 0.350   7.123   4.450  3.30247E-01  3.17492E-01  3.86648E-01
 0.360   7.924   3.841  5.77724E-01  5.69145E-01  5.58027E-01
 0.370   8.989   2.639  6.61295E-01  6.85520E-01  6.16369E-01
 0.380   8.120   3.244  1.95613E+00  2.12491E+00  1.68181E+00
 0.390   9.205   4.273  1.10830E+00  1.02870E+00  1.33408E+00
 0.400   9.355   2.554  1.31656E+00  1.29047E+00  1.36386E+00
 0.410   9.688   2.994  2.61870E+00  2.48076E+00  2.69031E+00
 0.420  10.691   2.960  1.37058E+00  1.41507E+00  1.34923E+00
 0.430  11.042   2.958  1.58438E+00  1.57225E+00  1.68003E+00
 0.440  10.202   3.384  2.65776E+00  2.68429E+00  2.44670E+00
 0.450   9.363   3.045  2.01304E+00  2.16127E+00  1.91679E+00
 0.460   8.699   3.337  3.97772E+00  4.21775E+00  3.49606E+00
 0.470   7.599   3.752  2.67413E+00  2.61526E+00  2.79821E+00
 0.480   5.561   2.185  5.85991E+00  5.92731E+00  5.19055E+00
 0.490   8.619   3.194  2.69948E+00  2.63607E+00  2.64728E+00
 0.500   2.996   1.323  2.59872E+00  2.42094E+00  2.71475E+00
