  34
 0.170  14.750   1.967  1.83128E+10  2.23800E+09  9.27793E+07  1.10088E+08  1.59820E+10  9.48767E+07  2.35589E+07  2.77759E+07  6.71591E+08  1.64823E+09  9.15518E+07  1.08540E+08  1.29110E+10  1.83737E+08  3.00220E+07  3.52582E+07  1.13866E+09
 0.180  16.750   2.154  2.17885E+10  2.71346E+09  1.68210E+08  1.99579E+08  1.89068E+10  1.38723E+08  5.25728E+07  6.22909E+07  1.04837E+09  1.92063E+09  1.66963E+08  1.97986E+08  1.49028E+10  2.09108E+08  6.99872E+07  8.29685E+07  1.61263E+09
 0.190  19.000   2.254  2.76529E+10  3.23183E+09  2.41823E+08  2.92504E+08  2.41793E+10  9.80573E+07  5.41483E+07  6.58201E+07  9.71970E+08  1.76148E+09  2.12217E+08  2.56015E+08  1.25811E+10  1.24155E+08  6.92478E+07  8.41598E+07  1.30635E+09
 0.200  23.000   2.522  4.06012E+10  4.89324E+09  3.10886E+08  3.84564E+08  3.53971E+10  1.74774E+08  1.00610E+08  1.24456E+08  1.58304E+09  1.96380E+09  2.41599E+08  2.99395E+08  1.40549E+10  1.98317E+08  1.09789E+08  1.35911E+08  1.79936E+09
 0.210  25.500   3.291  4.99460E+10  6.43923E+09  4.61446E+08  5.63590E+08  4.30453E+10  2.98731E+08  1.82452E+08  2.23664E+08  2.67913E+09  2.94181E+09  4.13167E+08  5.04491E+08  1.73382E+10  5.46591E+08  2.38439E+08  2.90034E+08  3.93452E+09
 0.220  29.000   4.058  6.45951E+10  8.32015E+09  6.88249E+08  8.46894E+08  5.55867E+10  1.16018E+08  1.77018E+08  2.20745E+08  2.52549E+09  2.51514E+09  5.33753E+08  6.53616E+08  1.71989E+10  3.96336E+08  2.65269E+08  3.28390E+08  4.46577E+09
 0.230  34.000   4.049  9.01383E+10  1.06534E+10  8.81383E+08  1.10242E+09  7.86035E+10  3.90988E+08  2.45702E+08  3.10165E+08  3.39370E+09  2.31893E+09  5.26873E+08  6.62744E+08  1.51056E+10  5.34968E+08  2.83505E+08  3.57655E+08  4.43476E+09
 0.240  36.500   4.739  9.76785E+10  1.16092E+10  1.09408E+09  1.36354E+09  8.49752E+10  6.33395E+08  4.01204E+08  5.02756E+08  5.07418E+09  3.58165E+09  7.51785E+08  9.31716E+08  1.87987E+10  1.06237E+09  5.15820E+08  6.43458E+08  7.62278E+09
 0.250  38.500   4.920  1.03311E+11  1.21913E+10  1.40566E+09  1.75680E+09  8.97138E+10  5.89676E+08  5.48696E+08  6.86797E+08  5.36192E+09  4.03545E+09  9.64248E+08  1.19673E+09  1.82010E+10  9.97220E+08  6.67285E+08  8.33261E+08  7.47621E+09
 0.260  40.250   4.824  1.05037E+11  1.23200E+10  1.77675E+09  2.22169E+09  9.09399E+10  8.80839E+08  8.10928E+08  1.00898E+09  6.59420E+09  4.46754E+09  1.35919E+09  1.68249E+09  1.90016E+10  1.25824E+09  9.52943E+08  1.18526E+09  8.50654E+09
 0.270  41.750   4.582  1.04206E+11  1.21930E+10  2.13696E+09  2.68688E+09  8.98756E+10  1.09329E+09  1.23668E+09  1.54183E+09  7.88575E+09  3.54479E+09  1.80540E+09  2.25667E+09  2.10019E+10  1.23226E+09  1.32813E+09  1.65640E+09  8.87534E+09
 0.280  43.250   4.013  1.03385E+11  1.17580E+10  2.43184E+09  3.08811E+09  8.91955E+10  1.27531E+09  1.37623E+09  1.72589E+09  7.33762E+09  3.53766E+09  2.06568E+09  2.60719E+09  2.05132E+10  1.15910E+09  1.29931E+09  1.62839E+09  6.60775E+09
 0.290  44.500   5.148  1.03138E+11  1.12979E+10  2.91910E+09  3.69881E+09  8.89213E+10  1.63443E+09  1.96111E+09  2.45428E+09  8.52882E+09  4.16532E+09  2.58059E+09  3.25044E+09  2.04750E+10  1.98506E+09  2.11216E+09  2.64791E+09  1.01881E+10
 0.300  46.750   4.660  1.09711E+11  1.13064E+10  3.47246E+09  4.43077E+09  9.49324E+10  1.26825E+09  2.37546E+09  2.99806E+09  8.89904E+09  3.23442E+09  3.04259E+09  3.86255E+09  2.05846E+10  1.26098E+09  2.37166E+09  2.99317E+09  8.86545E+09
 0.310  48.750   5.824  1.12743E+11  1.08978E+10  4.09295E+09  5.22845E+09  9.77522E+10  1.22373E+09  3.03543E+09  3.84369E+09  1.01494E+10  3.30189E+09  3.65017E+09  4.64012E+09  2.15307E+10  1.69746E+09  3.25603E+09  4.12713E+09  1.24537E+10
 0.320  52.500   5.825  1.28162E+11  1.16958E+10  4.64924E+09  6.00472E+09  1.11817E+11  8.98381E+08  3.35303E+09  4.30995E+09  1.07818E+10  2.14603E+09  3.96119E+09  5.09872E+09  2.15994E+10  1.11402E+09  3.50733E+09  4.50697E+09  1.21277E+10
 0.330  55.500   5.215  1.38677E+11  1.27975E+10  5.02169E+09  6.52499E+09  1.20858E+11  9.04572E+08  3.82826E+09  4.94856E+09  1.19601E+10  1.77463E+09  4.29849E+09  5.56941E+09  2.16763E+10  8.39097E+08  3.74147E+09  4.83521E+09  1.11835E+10
 0.340  58.750   6.522  1.47648E+11  1.31226E+10  5.21330E+09  6.84633E+09  1.29312E+11  8.44351E+08  3.97389E+09  5.20935E+09  1.32497E+10  1.91127E+09  4.53829E+09  5.95821E+09  2.58383E+10  9.72114E+08  4.09045E+09  5.36452E+09  1.50078E+10
 0.350  61.250   7.123  1.56532E+11  1.29453E+10  5.60025E+09  7.38157E+09  1.37986E+11  9.27436E+08  4.05236E+09  5.36425E+09  1.44841E+10  2.34172E+09  4.60479E+09  6.09463E+09  2.63301E+10  1.31632E+09  4.25307E+09  5.63128E+09  1.75221E+10
 0.360  64.250   7.924  1.65256E+11  1.30944E+10  5.67807E+09  7.55909E+09  1.46484E+11  9.87285E+08  4.20966E+09  5.61618E+09  1.46308E+10  2.44775E+09  4.67619E+09  6.23563E+09  2.42109E+10  1.56297E+09  4.44929E+09  5.93528E+09  1.85412E+10
 0.370  66.500   8.989  1.70846E+11  1.31907E+10  5.84415E+09  7.81926E+09  1.51811E+11  1.36370E+09  4.53371E+09  6.07545E+09  1.68131E+10  3.06004E+09  5.13888E+09  6.87423E+09  2.67283E+10  2.53320E+09  5.02955E+09  6.73114E+09  2.38833E+10
 0.380  69.000   8.120  1.76177E+11  1.30647E+10  6.15515E+09  8.24108E+09  1.56958E+11  1.88543E+09  4.82691E+09  6.46236E+09  1.75514E+10  3.55787E+09  5.27176E+09  7.05399E+09  2.65377E+10  2.49198E+09  5.04276E+09  6.74845E+09  2.11071E+10
 0.390  71.000   9.205  1.80950E+11  1.28875E+10  6.46018E+09  8.68070E+09  1.61602E+11  1.62131E+09  5.03348E+09  6.77251E+09  1.78600E+10  2.92495E+09  5.50522E+09  7.40533E+09  2.66309E+10  2.47904E+09  5.40000E+09  7.26472E+09  2.42136E+10
 0.400  74.000   9.355  1.89272E+11  1.29365E+10  6.68806E+09  9.02408E+09  1.69647E+11  2.10361E+09  5.34737E+09  7.22703E+09  1.96376E+10  3.46919E+09  5.80182E+09  7.83461E+09  2.79002E+10  3.10766E+09  5.71045E+09  7.71241E+09  2.58423E+10
 0.410  77.750   9.688  2.05481E+11  1.37775E+10  7.09814E+09  9.58383E+09  1.84605E+11  1.77282E+09  5.51296E+09  7.47962E+09  2.07564E+10  3.40108E+09  6.04152E+09  8.16114E+09  2.78038E+10  3.21525E+09  5.98586E+09  8.08862E+09  2.68138E+10
 0.420  82.000  10.691  2.26482E+11  1.48631E+10  7.42197E+09  1.00708E+10  2.04197E+11  1.85048E+09  5.71898E+09  7.78935E+09  2.13992E+10  2.73647E+09  6.07898E+09  8.26671E+09  2.70272E+10  3.10643E+09  6.19599E+09  8.42149E+09  2.91874E+10
 0.430  87.000  11.042  2.54369E+11  1.65922E+10  8.33366E+09  1.13154E+10  2.29443E+11  2.43255E+09  6.07625E+09  8.29586E+09  2.43707E+10  3.02043E+09  6.37372E+09  8.69013E+09  2.86959E+10  3.50987E+09  6.54879E+09  8.92273E+09  3.22123E+10
 0.440  91.250  10.202  2.73165E+11  1.71271E+10  8.63389E+09  1.17467E+10  2.47404E+11  3.65172E+09  6.38398E+09  8.73043E+09  2.84631E+10  4.30739E+09  6.61930E+09  9.03601E+09  3.17294E+10  4.44645E+09  6.66447E+09  9.09486E+09  3.24929E+10
 0.450  94.750   9.363  2.87570E+11  1.74240E+10  9.10761E+09  1.23845E+10  2.61038E+11  3.68025E+09  6.87031E+09  9.36750E+09  2.81426E+10  3.90637E+09  6.99565E+09  9.53371E+09  3.00862E+10  3.62587E+09  6.84264E+09  9.33078E+09  2.77393E+10
 0.460  98.000   8.699  2.98295E+11  1.72442E+10  9.70134E+09  1.31744E+10  2.71349E+11  4.49378E+09  7.58932E+09  1.02875E+10  2.95617E+10  4.58156E+09  7.63188E+09  1.03449E+10  3.03014E+10  3.94316E+09  7.31538E+09  9.92016E+09  2.56654E+10
 0.470 101.250   7.599  3.10190E+11  1.67613E+10  1.04072E+10  1.41268E+10  2.83022E+11  3.76180E+09  8.22271E+09  1.11275E+10  3.02903E+10  3.72049E+09  8.19153E+09  1.10855E+10  2.98450E+10  2.85466E+09  7.48468E+09  1.01353E+10  2.15899E+10
 0.480 103.750   5.561  3.16699E+11  1.56219E+10  1.13235E+10  1.53151E+10  2.89754E+11  3.17608E+09  9.36728E+09  1.26079E+10  3.26632E+10  3.10975E+09  9.29297E+09  1.25064E+10  3.13216E+10  2.06593E+09  7.63185E+09  1.02568E+10  1.58260E+10
 0.490 106.000   8.619  3.19622E+11  1.45424E+10  1.17881E+10  1.60251E+10  2.93291E+11  1.99838E+09  9.70948E+09  1.31386E+10  3.18810E+10  1.88976E+09  9.56761E+09  1.29443E+10  2.97988E+10  1.62750E+09  9.20287E+09  1.24455E+10  2.51195E+10
 0.500 108.000   2.996  3.21156E+11  1.33645E+10  1.21335E+10  1.65671E+10  2.95658E+11  1.69121E+09  1.01819E+10  1.38411E+10  3.21501E+10  1.61587E+09  1.00249E+10  1.36237E+10  2.94716E+10  7.85054E+08  6.47400E+09  8.74610E+09  7.40405E+09
