  34
 0.170  1.47500E+01  1.83128E+10  7.30660E+01
 0.180  1.67500E+01  2.17885E+10  7.47894E+01
 0.190  1.90000E+01  2.76529E+10  7.91094E+01
 0.200  2.30000E+01  4.06012E+10  8.71244E+01
 0.210  2.55000E+01  4.99460E+10  9.17729E+01
 0.220  2.90000E+01  6.45951E+10  9.78667E+01
 0.230  3.40000E+01  9.01383E+10  1.06770E+02
 0.240  3.65000E+01  9.76785E+10  1.07272E+02
 0.250  3.85000E+01  1.03311E+11  1.07418E+02
 0.260  4.02500E+01  1.05037E+11  1.05931E+02
 0.270  4.17500E+01  1.04206E+11  1.03598E+02
 0.280  4.32500E+01  1.03385E+11  1.01384E+02
 0.290  4.45000E+01  1.03138E+11  9.98307E+01
 0.300  4.67500E+01  1.09711E+11  1.00454E+02
 0.310  4.87500E+01  1.12743E+11  9.97221E+01
 0.320  5.25000E+01  1.28162E+11  1.02455E+02
 0.330  5.55000E+01  1.38677E+11  1.03655E+02
 0.340  5.87500E+01  1.47648E+11  1.03955E+02
 0.350  6.12500E+01  1.56532E+11  1.04829E+02
 0.360  6.42500E+01  1.65256E+11  1.05166E+02
 0.370  6.65000E+01  1.70846E+11  1.05106E+02
 0.380  6.90000E+01  1.76177E+11  1.04782E+02
 0.390  7.10000E+01  1.80950E+11  1.04685E+02
 0.400  7.40000E+01  1.89272E+11  1.04872E+02
 0.410  7.77500E+01  2.05481E+11  1.06603E+02
 0.420  8.20000E+01  2.26482E+11  1.08979E+02
 0.430  8.70000E+01  2.54369E+11  1.12126E+02
 0.440  9.12500E+01  2.73165E+11  1.13457E+02
 0.450  9.47500E+01  2.87570E+11  1.14239E+02
 0.460  9.80000E+01  2.98295E+11  1.14405E+02
 0.470  1.01250E+02  3.10190E+11  1.14776E+02
 0.480  1.03750E+02  3.16699E+11  1.14568E+02
 0.490  1.06000E+02  3.19622E+11  1.13867E+02
 0.500  1.08000E+02  3.21156E+11  1.13079E+02
