  34
 0.170  3.48306E-01  1.60822E-01  3.77274E-01 -4.11944E+01  1.80521E+01  2.62016E+01 -3.72881E-01 -9.21053E-01  1.12344E-01  4.11097E+01   1.967   1.505  2.02561E+08  1.91321E+08  2.03409E+06  0.00000E+00  7.93971E+07  1.86989E-02  1.69311E+02   7.403   7.248
 0.180  2.50711E-01 -2.80026E-01 -6.75234E-02 -1.76437E+01 -3.47165E+01 -2.14774E+00 -5.44720E-01 -7.83442E-01 -2.99162E-01  5.97145E+01   2.154   1.217  1.98303E+08  1.89000E+08  9.30503E+06  1.27565E+06  1.53723E+08  9.33986E-02  1.13288E+02   7.572   7.424
 0.190 -8.05899E-01 -3.09350E-01  3.01676E-01 -2.67811E+00  4.58177E+01  6.83523E+00 -2.28108E-01  1.47072E-01 -9.62464E-01  6.06363E+01   2.254   1.112  1.14777E+08  1.10652E+08  8.70588E+06  1.04524E+06  9.62741E+07  6.46975E-02  1.70713E+02   7.559   7.492
 0.200  1.96838E-01  2.43405E-01  5.53576E-01 -1.26039E+01  1.95917E+01 -6.31820E+01 -7.33231E-01  6.79240E-01 -3.17022E-02  2.23327E+01   2.522   1.650  1.95883E+08  1.81717E+08  3.49490E+06  8.56863E+05  7.57390E+07  1.57870E-03  2.71763E+02   7.586   7.533
 0.210 -1.09296E-02  4.23525E-01  5.38093E-02 -3.43634E+01  3.95705E+01 -3.65615E+01 -8.25462E-01 -5.11011E-01  2.39751E-01  1.34285E+02   3.291   2.218  6.09022E+08  5.68519E+08  4.40991E+07  1.62908E+07  5.61017E+08  2.76791E-01  2.87590E+02   7.707   7.498
 0.220 -3.83040E-02  1.13431E+00 -5.03553E-01 -9.13962E+00 -3.14133E+01 -4.91804E+01 -7.99295E-01 -5.95152E-01  8.31953E-02  1.84350E+02   4.058   3.178  4.63333E+08  4.07422E+08  4.86226E+07  1.30837E+07  7.11580E+08  2.91423E-01  3.08491E+02   7.779   7.559
 0.230  3.63954E-01  2.24210E-01  2.66273E-01 -2.26763E+01 -8.24984E+00 -1.14406E+00 -5.04240E-01 -7.37258E-01  4.49658E-01  1.32001E+02   4.049   2.147  5.22269E+08  4.66695E+08  3.08262E+07  1.29441E+07  4.10038E+08  4.67221E-02  4.63815E+02   7.669   7.597
 0.240 -1.50093E+00 -1.32550E-01 -2.75768E-01 -2.94013E+01  3.22195E+01 -2.86395E+01 -5.66534E-01  3.11725E-01 -7.62802E-01  1.09129E+02   4.739   3.946  1.17065E+09  1.03679E+09  5.01534E+07  7.11514E+06  4.55515E+08  4.37881E-01  2.08017E+02   7.780   7.772
 0.250 -4.70975E-01 -4.32409E-01  2.87818E-01 -1.49443E+01  2.95450E+01  1.58651E+01 -9.33641E-01 -1.94333E-01 -3.00915E-01  1.54661E+02   4.920   3.803  1.04693E+09  9.08978E+08  6.04119E+07  1.48025E+07  6.19297E+08  1.83965E-01  3.19729E+02   7.843   7.765
 0.260  1.22931E+00  1.45775E-01  4.18438E-01  4.43961E+01  3.81313E+01  2.08270E+01 -5.58175E-01  3.46100E-01  7.54093E-01  1.36096E+02   4.824   3.793  1.35006E+09  1.25006E+09  1.79576E+08  3.69538E+07  1.07465E+09  8.31715E-01  3.67734E+02   7.997   7.817
 0.270  1.17898E-01  3.58405E-01 -2.21815E-01 -2.16384E+01 -4.42703E+00 -1.60897E+01 -7.59313E-01 -9.99015E-02  6.43011E-01  1.19670E+02   4.582   2.274  1.17806E+09  1.17130E+09  1.77566E+08  2.25105E+07  4.91181E+08  1.13923E+00  2.14053E+02   8.115   7.988
 0.280 -6.85515E-01 -3.40016E-01 -2.16635E-01 -4.14180E+01  3.32243E+01 -9.56701E+00 -3.61050E-01  2.57899E-03 -9.32543E-01  1.08702E+02   4.013   2.344  1.10615E+09  1.05911E+09  1.95172E+08  5.45518E+07  9.04877E+08  5.75560E-01  5.39977E+02   8.119   7.907
 0.290 -1.16845E-01 -1.09302E-03  1.47998E-02 -8.42061E+00 -3.34461E-01 -7.12007E+00 -8.06204E-01  5.70697E-01 -1.56012E-01  1.13894E+02   5.148   3.217  1.89126E+09  1.76368E+09  1.68748E+08  3.81549E+07  8.71455E+08  6.41538E-01  4.80821E+02   8.160   8.019
 0.300 -7.38525E-02 -1.35296E-01  7.61409E-02 -1.06165E+01  3.07114E+01 -1.06510E+01 -8.63916E-01  3.52918E-01 -3.59303E-01  9.21437E+01   4.660   3.102  1.21600E+09  1.13946E+09  2.34816E+08  4.71784E+07  8.28722E+08  3.74108E-01  5.28384E+02   8.266   8.155
 0.310 -2.70624E-01 -2.71835E-01  3.48931E-01 -1.43439E+01 -1.89984E+01  9.04702E+00 -5.74325E-01  5.70581E-01  5.87017E-01  2.49329E+02   5.824   1.647  1.42869E+09  1.47900E+09  3.27961E+08  3.88685E+07  6.64358E+08  1.94657E+00  3.44804E+02   8.244   8.124
 0.320 -8.29061E-01 -7.69267E-01 -1.68571E-01  2.74388E+00  1.16119E+00  9.86102E+00 -5.57571E-01  6.86591E-01  4.66591E-01  1.67267E+02   5.825   2.661  1.00594E+09  9.42926E+08  3.42828E+08  5.31980E+07  7.71939E+08  3.48092E-01  5.04509E+02   8.282   8.097
 0.330  1.99655E-01  2.05652E-01 -4.06607E-02  1.58227E+00  9.81329E-01 -4.21845E+00 -2.01129E-01  4.92648E-01  8.46667E-01  1.29309E+02   5.215   2.341  7.57972E+08  7.83879E+08  4.51462E+08  5.93576E+07  7.48993E+08  1.34276E+00  5.27225E+02   8.390   8.250
 0.340  5.28636E-01 -8.45662E-01  7.39765E-01  2.97672E+01  4.72663E+01 -1.53489E+01 -3.54399E-01  5.11995E-01  7.82472E-01  3.89762E+02   6.522   2.187  8.93022E+08  8.61879E+08  5.31817E+08  7.15441E+07  1.07889E+09  4.64737E-01  6.10450E+02   8.257   8.417
 0.350  1.05924E+00 -7.85506E-02  4.39618E-01  1.10489E+01  1.90909E+00  3.59872E+01 -5.42473E-01 -1.67343E-01  8.23237E-01  3.87468E+02   7.123   4.450  1.32381E+09  1.18987E+09  6.03299E+08  8.90233E+07  1.59226E+09  3.30247E-01  7.36646E+02   8.074   8.387
 0.360  2.05125E-01 -1.55212E+00  1.14562E+00  1.48392E+01  2.82181E+01  2.55389E+01 -6.68576E-01  8.97550E-02  7.38207E-01  4.95942E+02   7.924   3.841  1.51839E+09  1.41139E+09  6.50322E+08  9.78780E+07  1.49300E+09  5.77724E-01  7.92212E+02   8.076   8.428
 0.370  1.23189E+00  1.09059E+00  3.89589E-01 -4.71261E-02  1.84255E+01 -2.10288E+00 -5.68246E-01 -5.39528E-02  8.21088E-01  5.40951E+02   8.989   2.639  2.22725E+09  2.08023E+09  6.91326E+08  1.25711E+08  1.87518E+09  6.61295E-01  8.95523E+02   8.067   8.379
 0.380  4.11699E-01 -1.14983E+00  3.29005E-03  2.14822E+01 -8.28596E+00  5.20572E+00 -6.77200E-01 -1.33654E-01  7.23559E-01  4.41229E+02   8.120   3.244  2.24059E+09  2.19045E+09  9.11094E+08  1.20072E+08  1.72687E+09  1.95613E+00  8.13392E+02   8.140   8.350
 0.390 -3.61772E-01  5.17675E-03 -7.13483E-01  9.24750E+00 -2.11574E+01  4.19851E+00 -7.93026E-01 -2.22277E-01  5.67188E-01  5.78068E+02   9.205   4.273  2.33662E+09  2.25110E+09  1.09231E+09  1.25400E+08  2.02242E+09  1.10830E+00  8.22445E+02   8.137   8.344
 0.400 -6.75504E-01  7.23058E-02 -6.61942E-01  2.04287E+01 -2.23404E+01  9.72355E+00 -7.08707E-01 -2.13898E-01  6.72296E-01  6.70861E+02   9.355   2.554  2.70896E+09  2.65315E+09  1.23659E+09  1.57674E+08  1.89214E+09  1.31656E+00  8.65145E+02   8.137   8.323
 0.410 -2.58458E-02 -7.64624E-01 -6.20110E-01  1.02968E+01 -1.20744E+01 -4.47508E+00 -7.15377E-01 -1.64232E-01  6.79164E-01  7.68752E+02   9.688   2.994  2.79683E+09  2.82067E+09  1.55274E+09  1.82581E+08  2.07156E+09  2.61870E+00  8.33239E+02   8.184   8.293
 0.420  3.92546E-01 -7.35612E-01  2.79552E-01  3.83022E+00  4.97314E+00  7.01694E+00 -7.26845E-01 -1.35126E-01  6.73378E-01  7.75773E+02  10.691   2.960  2.67888E+09  2.59180E+09  1.69969E+09  2.12420E+08  2.19485E+09  1.37058E+00  9.16576E+02   8.195   8.290
 0.430 -3.26887E-01 -5.32495E-01 -3.82574E-02  9.85175E+00 -1.56458E+01  7.16998E+00 -6.81215E-01 -1.39091E-01  7.18749E-01  8.04069E+02  11.042   2.958  3.04410E+09  2.96716E+09  1.91570E+09  2.55222E+08  2.41708E+09  1.58438E+00  9.49577E+02   8.201   8.273
 0.440  2.51446E-01 -2.17524E-01  3.45527E-01 -3.28001E+01  2.12164E+00 -2.98736E+00 -5.99816E-01 -3.43854E-01  7.22485E-01  7.90543E+02  10.202   3.384  3.86626E+09  3.78651E+09  1.92549E+09  2.37980E+08  2.58144E+09  2.65776E+00  1.01058E+03   8.176   8.274
 0.450 -8.51873E-01  4.43654E-01 -8.53081E-01 -5.74757E+00 -1.66068E+01 -6.10695E+00 -7.10687E-01 -2.84074E-02  7.02935E-01  5.07575E+02   9.363   3.045  3.19009E+09  3.11863E+09  2.24030E+09  2.58477E+08  2.16467E+09  2.01304E+00  1.07315E+03   8.226   8.272
 0.460 -2.53574E-02  3.30287E-01  2.05754E-02  1.10703E+01  2.04616E+01  1.51360E+01 -8.50427E-01  1.12971E-01  5.13820E-01  5.17267E+02   8.699   3.337  3.48452E+09  3.50805E+09  2.28608E+09  2.45143E+08  2.17091E+09  3.97772E+00  1.01534E+03   8.305   8.282
 0.470  4.07708E-01 -1.04911E-01  2.65469E-01  5.89956E+00  9.15862E-01  9.04971E+00 -7.85007E-01  4.48776E-01  4.27040E-01  2.98767E+02   7.599   3.752  2.58534E+09  2.60392E+09  2.28395E+09  1.85647E+08  1.83278E+09  2.67413E+00  1.03855E+03   8.384   8.350
 0.480  2.93300E-02 -3.97963E-02  1.54538E-01 -7.50167E+00 -1.05012E+01  7.13067E+00 -6.75293E-01  7.16338E-01  1.75612E-01  2.33633E+02   5.561   2.185  1.74724E+09  2.08080E+09  2.10891E+09  8.46936E+07  1.20550E+09  5.85991E+00  9.57224E+02   8.504   8.469
 0.490  3.07631E-02 -9.27151E-02  2.27824E-01 -2.60726E+00  6.73620E+00 -1.12115E+01 -7.14231E-01  6.92832E-01 -9.92843E-02  1.88228E+02   8.619   3.194  1.37944E+09  1.47623E+09  2.38301E+09  1.39305E+08  1.91343E+09  2.69948E+00  1.09165E+03   8.540   8.483
 0.500  4.24689E-02 -7.89034E-03 -7.62469E-02  3.88334E-01 -3.98251E+01  2.94439E+01 -7.82116E-01  6.04199E-01  1.52443E-01  1.29084E+02   2.996   1.323  6.90020E+08  8.97855E+08  2.27126E+09  3.74773E+07  5.52288E+08  2.59872E+00  9.82025E+02   8.628   8.562
