  34
 0.170  3.48306E-01  1.60822E-01  3.77274E-01 -4.11944E+01  1.80521E+01  2.62016E+01   1.967  1.83737E+08  1.89264E+08  3.00220E+07  0.00000E+00  1.13866E+09  2.17704E-01  1.99078E+02   7.405   7.279
 0.180  2.50711E-01 -2.80026E-01 -6.75234E-02 -1.76437E+01 -3.47165E+01 -2.14774E+00   2.154  2.09108E+08  2.17345E+08  6.99872E+07  1.65878E+07  1.61263E+09  3.07464E-01  1.92344E+02   7.574   7.389
 0.190 -8.05899E-01 -3.09350E-01  3.01676E-01 -2.67811E+00  4.58177E+01  6.83523E+00   2.254  1.24155E+08  1.24788E+08  6.92478E+07  1.55920E+07  1.30635E+09  1.08581E-01  2.55901E+02   7.560   7.464
 0.200  1.96838E-01  2.43405E-01  5.53576E-01 -1.26039E+01  1.95917E+01 -6.31820E+01   2.522  1.98317E+08  1.93892E+08  1.09789E+08  3.99001E+07  1.79936E+09  1.22195E-01  3.37799E+02   7.601   7.472
 0.210 -1.09296E-02  4.23525E-01  5.38093E-02 -3.43634E+01  3.95705E+01 -3.65615E+01   3.291  5.46591E+08  5.68957E+08  2.38439E+08  7.90832E+07  3.93452E+09  1.03243E+00  3.19491E+02   7.722   7.540
 0.220 -3.83040E-02  1.13431E+00 -5.03553E-01 -9.13962E+00 -3.14133E+01 -4.91804E+01   4.058  3.96336E+08  3.73343E+08  2.65269E+08  8.88586E+07  4.46577E+09  4.40126E-01  3.79567E+02   7.788   7.581
 0.230  3.63954E-01  2.24210E-01  2.66273E-01 -2.26763E+01 -8.24984E+00 -1.14406E+00   4.049  5.34968E+08  4.92183E+08  2.83505E+08  1.15345E+08  4.43476E+09  3.53967E-01  4.87669E+02   7.684   7.595
 0.240 -1.50093E+00 -1.32550E-01 -2.75768E-01 -2.94013E+01  3.22195E+01 -2.86395E+01   4.739  1.06237E+09  1.03093E+09  5.15820E+08  1.88419E+08  7.62278E+09  1.41944E+00  4.74403E+02   7.787   7.650
 0.250 -4.70975E-01 -4.32409E-01  2.87818E-01 -1.49443E+01  2.95450E+01  1.58651E+01   4.920  9.97220E+08  9.57712E+08  6.67285E+08  2.39480E+08  7.47621E+09  9.84095E-01  4.74747E+02   7.836   7.712
 0.260  1.22931E+00  1.45775E-01  4.18438E-01  4.43961E+01  3.81313E+01  2.08270E+01   4.824  1.25824E+09  1.32627E+09  9.52943E+08  2.91418E+08  8.50654E+09  2.72347E+00  4.76425E+02   8.004   7.775
 0.270  1.17898E-01  3.58405E-01 -2.21815E-01 -2.16384E+01 -4.42703E+00 -1.60897E+01   4.582  1.23226E+09  1.37057E+09  1.32813E+09  4.27559E+08  8.87534E+09  2.91431E+00  4.91884E+02   8.115   7.857
 0.280 -6.85515E-01 -3.40016E-01 -2.16635E-01 -4.14180E+01  3.32243E+01 -9.56701E+00   4.013  1.15910E+09  1.25739E+09  1.29931E+09  2.72774E+08  6.60775E+09  2.09556E+00  5.01828E+02   8.120   7.954
 0.290 -1.16845E-01 -1.09302E-03  1.47998E-02 -8.42061E+00 -3.34461E-01 -7.12007E+00   5.148  1.98506E+09  2.19496E+09  2.11216E+09  4.93324E+08  1.01881E+10  4.85409E+00  5.27962E+02   8.154   8.024
 0.300 -7.38525E-02 -1.35296E-01  7.61409E-02 -1.06165E+01  3.07114E+01 -1.06510E+01   4.660  1.26098E+09  1.45412E+09  2.37166E+09  4.19771E+08  8.86545E+09  3.22259E+00  5.58328E+02   8.255   8.170
 0.310 -2.70624E-01 -2.71835E-01  3.48931E-01 -1.43439E+01 -1.89984E+01  9.04702E+00   5.824  1.69746E+09  2.02469E+09  3.25603E+09  6.18587E+08  1.24537E+10  5.08303E+00  5.98104E+02   8.243   8.225
 0.320 -8.29061E-01 -7.69267E-01 -1.68571E-01  2.74388E+00  1.16119E+00  9.86102E+00   5.825  1.11402E+09  1.20900E+09  3.50733E+09  6.01797E+08  1.21277E+10  2.10313E+00  6.81247E+02   8.278   8.289
 0.330  1.99655E-01  2.05652E-01 -4.06607E-02  1.58227E+00  9.81329E-01 -4.21845E+00   5.215  8.39097E+08  1.05570E+09  3.74147E+09  5.77337E+08  1.11835E+10  3.64649E+00  7.53099E+02   8.369   8.334
 0.340  5.28636E-01 -8.45662E-01  7.39765E-01  2.97672E+01  4.72663E+01 -1.53489E+01   6.522  9.72114E+08  9.62689E+08  4.09045E+09  7.43620E+08  1.50078E+10  8.88365E-01  8.85904E+02   8.253   8.347
 0.350  1.05924E+00 -7.85506E-02  4.39618E-01  1.10489E+01  1.90909E+00  3.59872E+01   7.123  1.31632E+09  1.22165E+09  4.25307E+09  8.07660E+08  1.75221E+10  8.84678E-01  1.01680E+03   8.075   8.346
 0.360  2.05125E-01 -1.55212E+00  1.14562E+00  1.48392E+01  2.82181E+01  2.55389E+01   7.924  1.56297E+09  1.44066E+09  4.44929E+09  9.29635E+08  1.85412E+10  7.42470E-01  1.13631E+03   8.075   8.341
 0.370  1.23189E+00  1.09059E+00  3.89589E-01 -4.71261E-02  1.84255E+01 -2.10288E+00   8.989  2.53320E+09  2.36037E+09  5.02955E+09  1.34027E+09  2.38833E+10  1.47681E+00  1.23582E+03   8.065   8.313
 0.380  4.11699E-01 -1.14983E+00  3.29005E-03  2.14822E+01 -8.28596E+00  5.20572E+00   8.120  2.49198E+09  2.48007E+09  5.04276E+09  1.09660E+09  2.11071E+10  3.38460E+00  1.31298E+03   8.132   8.322
 0.390 -3.61772E-01  5.17675E-03 -7.13483E-01  9.24750E+00 -2.11574E+01  4.19851E+00   9.205  2.47904E+09  2.37015E+09  5.40000E+09  1.22272E+09  2.42136E+10  1.30725E+00  1.41499E+03   8.142   8.316
 0.400 -6.75504E-01  7.23058E-02 -6.61942E-01  2.04287E+01 -2.23404E+01  9.72355E+00   9.355  3.10766E+09  2.97637E+09  5.71045E+09  1.35070E+09  2.58423E+10  1.47463E+00  1.50918E+03   8.143   8.308
 0.410 -2.58458E-02 -7.64624E-01 -6.20110E-01  1.02968E+01 -1.20744E+01 -4.47508E+00   9.688  3.21525E+09  3.12301E+09  5.98586E+09  1.33440E+09  2.68138E+10  2.69387E+00  1.58674E+03   8.188   8.303
 0.420  3.92546E-01 -7.35612E-01  2.79552E-01  3.83022E+00  4.97314E+00  7.01694E+00  10.691  3.10643E+09  2.91468E+09  6.19599E+09  1.43132E+09  2.91874E+10  1.41657E+00  1.70607E+03   8.197   8.299
 0.430 -3.26887E-01 -5.32495E-01 -3.82574E-02  9.85175E+00 -1.56458E+01  7.16998E+00  11.042  3.50987E+09  3.31633E+09  6.54879E+09  1.56640E+09  3.22123E+10  1.62076E+00  1.79864E+03   8.197   8.290
 0.440  2.51446E-01 -2.17524E-01  3.45527E-01 -3.28001E+01  2.12164E+00 -2.98736E+00  10.202  4.44645E+09  4.28406E+09  6.66447E+09  1.51565E+09  3.24929E+10  2.84062E+00  1.89638E+03   8.159   8.292
 0.450 -8.51873E-01  4.43654E-01 -8.53081E-01 -5.74757E+00 -1.66068E+01 -6.10695E+00   9.363  3.62587E+09  3.58211E+09  6.84264E+09  1.42267E+09  2.77393E+10  3.78329E+00  1.95353E+03   8.218   8.297
 0.460 -2.53574E-02  3.30287E-01  2.05754E-02  1.10703E+01  2.04616E+01  1.51360E+01   8.699  3.94316E+09  3.99099E+09  7.31538E+09  1.37154E+09  2.56654E+10  5.54236E+00  1.94466E+03   8.296   8.309
 0.470  4.07708E-01 -1.04911E-01  2.65469E-01  5.89956E+00  9.15862E-01  9.04971E+00   7.599  2.85466E+09  2.98860E+09  7.48468E+09  1.17856E+09  2.15899E+10  4.47394E+00  1.96122E+03   8.373   8.338
 0.480  2.93300E-02 -3.97963E-02  1.54538E-01 -7.50167E+00 -1.05012E+01  7.13067E+00   5.561  2.06593E+09  2.52760E+09  7.63185E+09  8.96826E+08  1.58260E+10  7.59693E+00  1.91526E+03   8.479   8.393
 0.490  3.07631E-02 -9.27151E-02  2.27824E-01 -2.60726E+00  6.73620E+00 -1.12115E+01   8.619  1.62750E+09  1.77688E+09  9.20287E+09  1.36708E+09  2.51195E+10  3.76299E+00  1.95302E+03   8.514   8.391
 0.500  4.24689E-02 -7.89034E-03 -7.62469E-02  3.88334E-01 -3.98251E+01  2.94439E+01   2.996  7.85054E+08  1.02833E+09  6.47400E+09  3.87134E+08  7.40405E+09  3.06189E+00  1.99545E+03   8.611   8.501
