  38
 0.130   1.834   1.256  6.40653E-02  6.66053E-02  5.86324E-02
 0.140   1.527   0.935  5.82269E-02  6.11874E-02  7.27748E-02
 0.150   2.450   1.141  5.02733E-01  6.01081E-01  3.92766E-01
 0.160   1.754   0.560  1.99925E+00  2.34405E+00  1.33649E+00
 0.170   2.074   0.568  2.83677E+00  2.99882E+00  2.57764E+00
 0.180   3.687   1.995  1.38145E+00  1.39937E+00  1.28804E+00
 0.190   2.245   0.769  1.91634E+00  1.92837E+00  1.66569E+00
 0.200   2.435   0.536  4.15464E+00  5.12370E+00  2.62946E+00
 0.210   2.351   0.476  6.59231E+00  6.17977E+00  7.01104E+00
 0.220   3.555   1.413  1.11219E+01  1.16770E+01  9.59199E+00
 0.230   1.153   0.191  2.36824E+01  2.35128E+01  2.20387E+01
 0.240   0.839   0.079  2.80069E+01  2.97480E+01  2.39635E+01
 0.250   1.299   0.128  1.60224E+01  1.61902E+01  1.59729E+01
 0.260   3.004   0.684  4.79294E+00  5.57826E+00  3.25101E+00
 0.270   1.923   0.405  1.46466E+01  1.46923E+01  1.36134E+01
 0.280   1.452   0.125  1.40945E+01  1.56562E+01  1.01509E+01
 0.290   1.554   0.303  8.18965E+00  8.36391E+00  7.56875E+00
 0.300   6.653   0.749  5.66758E+00  6.16196E+00  4.70691E+00
 0.310   4.963   0.924  5.84678E+00  5.90510E+00  5.63479E+00
 0.320   4.277   0.636  5.50566E+00  5.46060E+00  5.49488E+00
 0.330   3.964   0.664  4.86149E+00  4.74526E+00  4.83367E+00
 0.340   4.319   1.038  3.07352E+00  3.03030E+00  3.25899E+00
 0.350   8.848   2.306  2.26731E+00  2.49867E+00  2.05489E+00
 0.360   5.759   1.842  2.28532E+00  2.20424E+00  2.46330E+00
 0.370   4.005   0.584  8.73591E-01  1.00108E+00  8.92309E-01
 0.380  11.428   5.140  2.80210E-01  2.79481E-01  2.89862E-01
 0.390   7.154   1.718  1.32907E+00  1.46279E+00  1.16022E+00
 0.400   5.594   1.627  2.86273E+00  3.04583E+00  2.41726E+00
 0.410   6.617   2.484  3.91230E+00  3.97528E+00  3.66181E+00
 0.420   6.169   2.111  2.92493E+00  2.82929E+00  2.94005E+00
 0.430   6.399   2.314  1.99582E+00  1.93290E+00  2.03888E+00
 0.440   7.081   1.976  1.29324E+00  1.26962E+00  1.42496E+00
 0.450   6.984   1.921  1.30183E+00  1.31558E+00  1.24471E+00
 0.460   6.821   1.408  1.09377E+00  1.08408E+00  1.03076E+00
 0.470   7.485   1.387  1.20441E+00  1.10769E+00  1.23486E+00
 0.480   7.334   1.232  7.94154E-01  8.06141E-01  8.89133E-01
 0.490   7.000   1.562  7.17580E-01  7.19550E-01  7.36132E-01
 0.500   6.096   1.239  9.20010E-01  9.68122E-01  8.10655E-01
