  38
 0.130  13.750   1.834  3.29165E+10  3.73823E+09  2.65823E+08  3.12540E+08  2.89124E+10  1.45868E+08  7.09138E+07  8.26964E+07  1.59634E+09  2.53696E+09  2.60286E+08  3.05859E+08  2.22071E+10  2.95257E+08  9.83069E+07  1.14463E+08  2.55634E+09
 0.140  17.250   1.527  5.19439E+10  6.13382E+09  6.00016E+08  7.02508E+08  4.52101E+10  4.23667E+08  2.52156E+08  2.92549E+08  2.65934E+09  3.48397E+09  5.72873E+08  6.69561E+08  2.64615E+10  3.85075E+08  2.29427E+08  2.66019E+08  2.19568E+09
 0.150  19.250   2.450  5.73566E+10  6.45344E+09  9.35292E+08  1.11482E+09  4.99678E+10  3.60542E+08  4.75946E+08  5.63040E+08  3.25844E+09  3.51556E+09  8.90503E+08  1.06066E+09  2.67733E+10  5.82450E+08  5.47461E+08  6.48222E+08  4.74387E+09
 0.160  20.250   1.754  5.62574E+10  6.28553E+09  1.52007E+09  1.80449E+09  4.84518E+10  6.77160E+08  9.42358E+08  1.10563E+09  3.84631E+09  2.95052E+09  1.43832E+09  1.70496E+09  2.30955E+10  5.94504E+08  8.88329E+08  1.04097E+09  3.20756E+09
 0.170  22.250   2.074  6.29159E+10  5.85709E+09  2.05613E+09  2.48232E+09  5.50027E+10  5.39897E+08  1.47326E+09  1.76183E+09  4.50427E+09  2.22376E+09  1.96223E+09  2.36648E+09  2.44931E+10  5.07215E+08  1.44053E+09  1.72157E+09  4.12482E+09
 0.180  31.750   3.687  1.54685E+11  1.37149E+10  4.30673E+09  5.27055E+09  1.36663E+11  5.31332E+08  1.89900E+09  2.32277E+09  7.27003E+09  3.31491E+09  2.80301E+09  3.44017E+09  3.63340E+10  7.03893E+08  1.96304E+09  2.40262E+09  8.81341E+09
 0.190  35.000   2.245  1.74904E+11  1.36645E+10  5.90321E+09  7.19344E+09  1.55336E+11  8.57314E+08  3.16777E+09  3.86012E+09  9.88406E+09  4.61851E+09  5.20994E+09  6.33068E+09  5.11142E+10  5.49706E+08  2.49736E+09  3.03539E+09  4.99029E+09
 0.200  40.500   2.435  2.32124E+11  1.68075E+10  8.08783E+09  9.94647E+09  2.07229E+11  2.20608E+09  5.47457E+09  6.69853E+09  1.62342E+10  4.22250E+09  6.60706E+09  8.12552E+09  4.69191E+10  1.67676E+09  4.54819E+09  5.55179E+09  8.74606E+09
 0.210  46.500   2.351  3.05960E+11  2.29130E+10  1.12548E+10  1.38383E+10  2.71792E+11  2.15964E+09  7.55949E+09  9.28879E+09  2.25223E+10  4.76909E+09  8.74941E+09  1.07944E+10  6.19378E+10  1.42699E+09  6.16813E+09  7.53810E+09  9.18262E+09
 0.220  52.500   3.555  3.79277E+11  2.30735E+10  1.66685E+10  2.04579E+10  3.39535E+11  3.92025E+09  1.00534E+10  1.23644E+10  2.59149E+10  7.28046E+09  1.44653E+10  1.76648E+10  6.53017E+10  2.71890E+09  9.04727E+09  1.11149E+10  1.54783E+10
 0.230  56.250   1.153  4.10405E+11  2.04549E+10  2.05732E+10  2.55002E+10  3.69377E+11  4.03482E+09  1.70913E+10  2.10703E+10  3.68268E+10  6.03902E+09  1.84610E+10  2.28177E+10  7.19554E+10  1.78313E+09  1.01501E+10  1.23110E+10  4.30922E+09
 0.240  60.250   0.839  4.45828E+11  1.98847E+10  2.45427E+10  3.06471E+10  4.01401E+11  3.72659E+09  2.11676E+10  2.62924E+10  4.03433E+10  4.85258E+09  2.23357E+10  2.77993E+10  7.10899E+10  2.23927E+09  1.20667E+10  1.47163E+10  3.15709E+09
 0.250  63.500   1.299  4.59382E+11  1.89589E+10  2.71312E+10  3.43211E+10  4.13292E+11  2.42735E+09  2.37330E+10  2.98948E+10  4.34299E+10  3.91754E+09  2.48899E+10  3.14000E+10  7.31698E+10  1.19050E+09  1.50249E+10  1.87031E+10  5.37539E+09
 0.260  66.500   3.004  4.69688E+11  1.95982E+10  2.85309E+10  3.65484E+10  4.21559E+11  3.48303E+09  2.50166E+10  3.19548E+10  4.66819E+10  4.57994E+09  2.62062E+10  3.35074E+10  7.43207E+10  2.18030E+09  2.09883E+10  2.67176E+10  1.73716E+10
 0.270  70.250   1.923  4.94210E+11  1.84894E+10  3.16958E+10  4.07079E+10  4.44025E+11  3.03136E+09  2.82354E+10  3.61491E+10  5.13412E+10  3.51700E+09  2.92515E+10  3.74874E+10  7.66793E+10  1.87560E+09  1.91859E+10  2.43570E+10  9.23907E+09
 0.280  73.000   1.452  5.00523E+11  1.64806E+10  3.34625E+10  4.33415E+10  4.50580E+11  2.33266E+09  2.99855E+10  3.87301E+10  5.49180E+10  2.88324E+09  3.11188E+10  4.02294E+10  8.12499E+10  1.21484E+09  1.53036E+10  1.95377E+10  5.36591E+09
 0.290  76.250   1.554  5.11922E+11  1.49464E+10  3.48930E+10  4.55552E+10  4.62082E+11  1.98739E+09  3.13237E+10  4.07958E+10  5.70631E+10  2.48442E+09  3.23450E+10  4.21560E+10  7.83273E+10  7.20483E+08  1.60767E+10  2.06965E+10  5.82425E+09
 0.300  79.250   6.653  5.19644E+11  1.45984E+10  3.61458E+10  4.74743E+10  4.68900E+11  2.71079E+09  3.27716E+10  4.29561E+10  6.14389E+10  3.28762E+09  3.36924E+10  4.41875E+10  8.05075E+10  2.39614E+09  3.17888E+10  4.16434E+10  4.97317E+10
 0.310  81.750   4.963  5.16566E+11  1.43390E+10  3.70706E+10  4.90149E+10  4.65156E+11  2.91908E+09  3.34428E+10  4.41417E+10  6.07239E+10  3.22860E+09  3.44193E+10  4.54511E+10  7.72956E+10  2.04404E+09  2.97436E+10  3.91903E+10  3.24532E+10
 0.320  84.750   4.277  5.23948E+11  1.41799E+10  3.76941E+10  5.01460E+10  4.72074E+11  2.51804E+09  3.41921E+10  4.54204E+10  6.29670E+10  2.76373E+09  3.50003E+10  4.65100E+10  7.63715E+10  1.68077E+09  2.83945E+10  3.76303E+10  2.64457E+10
 0.330  87.750   3.964  5.35438E+11  1.43158E+10  3.82856E+10  5.11960E+10  4.82837E+11  2.03178E+09  3.47879E+10  4.64593E+10  6.47872E+10  2.24914E+09  3.54358E+10  4.73361E+10  7.54846E+10  1.28811E+09  2.74561E+10  3.65690E+10  2.31268E+10
 0.340  91.500   4.319  5.56584E+11  1.44388E+10  3.86733E+10  5.19900E+10  5.03472E+11  2.10101E+09  3.50980E+10  4.71304E+10  6.77351E+10  2.26955E+09  3.55716E+10  4.77739E+10  7.52879E+10  1.07248E+09  2.79020E+10  3.73782E+10  2.50192E+10
 0.350  97.500   8.848  6.15274E+11  1.69639E+10  3.95689E+10  5.33828E+10  5.58742E+11  3.00020E+09  3.56854E+10  4.81106E+10  7.39506E+10  3.05993E+09  3.58226E+10  4.82972E+10  7.61954E+10  2.70879E+09  3.50870E+10  4.72973E+10  6.57910E+10
 0.360 105.000   5.759  6.98686E+11  2.19500E+10  4.15566E+10  5.60594E+10  6.35179E+11  3.57434E+09  3.70407E+10  4.99807E+10  8.29500E+10  3.45322E+09  3.67876E+10  4.96355E+10  7.83976E+10  1.97000E+09  3.21365E+10  4.33028E+10  3.86064E+10
 0.370 109.750   4.005  7.35195E+11  2.02646E+10  4.33774E+10  5.84532E+10  6.71553E+11  2.21644E+09  3.89017E+10  5.23995E+10  9.08517E+10  2.10246E+09  3.83709E+10  5.16733E+10  8.11245E+10  1.11909E+09  2.82633E+10  3.78948E+10  2.31501E+10
 0.380 114.000  11.428  7.65082E+11  1.89748E+10  4.46025E+10  6.02077E+10  7.01505E+11  3.12168E+09  4.01090E+10  5.41276E+10  1.00227E+11  2.51322E+09  3.94034E+10  5.31612E+10  8.50436E+10  3.13563E+09  4.01226E+10  5.41463E+10  1.00525E+11
 0.390 118.000   7.154  7.88454E+11  1.85927E+10  4.51066E+10  6.11323E+10  7.24755E+11  2.68990E+09  4.06192E+10  5.50212E+10  9.53485E+10  2.48397E+09  3.97602E+10  5.38397E+10  7.85751E+10  2.02248E+09  3.72127E+10  5.03375E+10  5.17581E+10
 0.400 122.000   5.594  8.08205E+11  1.80293E+10  4.55887E+10  6.19584E+10  7.44587E+11  3.54942E+09  4.12828E+10  5.60647E+10  9.95990E+10  3.09125E+09  4.02586E+10  5.46535E+10  7.95630E+10  1.93347E+09  3.48702E+10  4.72431E+10  3.77925E+10
 0.410 124.750   6.617  8.04278E+11  1.66463E+10  4.60767E+10  6.27585E+10  7.41555E+11  4.11416E+09  4.19977E+10  5.71523E+10  1.03134E+11  3.57877E+09  4.08312E+10  5.55415E+10  8.04546E+10  2.38200E+09  3.74710E+10  5.09088E+10  4.81232E+10
 0.420 127.000   6.169  7.91261E+11  1.53021E+10  4.64143E+10  6.33538E+10  7.29545E+11  3.37343E+09  4.26504E+10  5.81598E+10  1.05395E+11  2.91044E+09  4.14045E+10  5.64352E+10  8.06453E+10  1.87279E+09  3.69874E+10  5.03339E+10  4.37394E+10
 0.430 129.500   6.399  7.85566E+11  1.46051E+10  4.67164E+10  6.39145E+10  7.24245E+11  3.47722E+09  4.29656E+10  5.87244E+10  1.06929E+11  3.02457E+09  4.15686E+10  5.67861E+10  8.01873E+10  2.05792E+09  3.75625E+10  5.12417E+10  4.56948E+10
 0.440 132.000   7.081  7.80154E+11  1.39058E+10  4.69806E+10  6.44069E+10  7.19267E+11  3.20135E+09  4.32552E+10  5.92373E+10  1.07770E+11  2.62217E+09  4.16929E+10  5.70657E+10  7.87663E+10  1.87930E+09  3.86892E+10  5.28996E+10  5.11320E+10
 0.450 134.500   6.984  7.76839E+11  1.29697E+10  4.71878E+10  6.48115E+10  7.16681E+11  2.85716E+09  4.35608E+10  5.97672E+10  1.13102E+11  2.39634E+09  4.19545E+10  5.75307E+10  8.06004E+10  1.73131E+09  3.87608E+10  5.30926E+10  5.11342E+10
 0.460 137.500   6.821  7.78861E+11  1.21169E+10  4.73553E+10  6.51467E+10  7.19389E+11  2.80153E+09  4.37450E+10  6.01151E+10  1.13866E+11  2.47485E+09  4.20570E+10  5.77609E+10  7.97006E+10  1.72252E+09  3.86258E+10  5.29920E+10  4.92478E+10
 0.470 140.500   7.485  7.84984E+11  1.13385E+10  4.74707E+10  6.54101E+10  7.26175E+11  2.74033E+09  4.39561E+10  6.05025E+10  1.16186E+11  2.34079E+09  4.20580E+10  5.78518E+10  7.90362E+10  1.71791E+09  3.94009E+10  5.41528E+10  5.48062E+10
 0.480 144.000   7.334  7.93837E+11  1.07343E+10  4.76485E+10  6.57509E+10  7.35454E+11  2.28811E+09  4.41446E+10  6.08494E+10  1.20140E+11  1.99433E+09  4.20968E+10  5.79862E+10  7.96006E+10  1.57233E+09  3.92222E+10  5.39803E+10  5.37471E+10
 0.490 147.000   7.000  7.98056E+11  9.98695E+09  4.77152E+10  6.59357E+10  7.40354E+11  2.14576E+09  4.42175E+10  6.10342E+10  1.22030E+11  1.92376E+09  4.20448E+10  5.79927E+10  7.90059E+10  1.35584E+09  3.86339E+10  5.32395E+10  5.00509E+10
 0.500 150.250   6.096  8.05673E+11  9.10181E+09  4.78031E+10  6.61280E+10  7.48768E+11  2.14529E+09  4.43985E+10  6.13492E+10  1.25318E+11  1.88015E+09  4.18513E+10  5.77818E+10  7.82162E+10  1.34356E+09  3.57305E+10  4.92763E+10  4.01247E+10
