  38
 0.130  2.06250E+00  3.82273E+08  1.10892E+08  1.29074E+08  3.60227E+08  6.09275E+07  3.05234E+09  8.99637E-01
 0.140  2.58750E+00  6.51285E+08  3.31714E+08  3.85214E+08  6.10523E+08  1.90849E+08  4.75518E+09  2.26600E+00
 0.150  2.88750E+00  7.80221E+08  5.94515E+08  7.04245E+08  7.19402E+08  2.42055E+08  6.07159E+09  2.06950E+00
 0.160  3.03750E+00  9.30170E+08  1.09481E+09  1.28925E+09  8.77212E+08  4.76400E+08  6.34187E+09  6.53274E+00
 0.170  3.33750E+00  8.38364E+08  1.65442E+09  1.98442E+09  7.88817E+08  5.14467E+08  7.52235E+09  5.25472E+00
 0.180  4.76250E+00  1.13598E+09  2.06591E+09  2.53092E+09  1.02324E+09  2.98660E+08  1.21862E+10  3.13587E+00
 0.190  5.25000E+00  1.82073E+09  4.11314E+09  4.98861E+09  1.62648E+09  1.29671E+09  1.89018E+10  1.63700E+01
 0.200  6.07500E+00  2.98225E+09  5.99430E+09  7.34904E+09  2.70348E+09  1.12347E+09  2.60906E+10  1.40005E+01
 0.210  6.97500E+00  2.97647E+09  8.18403E+09  1.00825E+10  2.60624E+09  1.73839E+09  3.84113E+10  1.81622E+01
 0.220  7.87500E+00  5.95063E+09  1.39065E+10  1.69624E+10  5.38141E+09  4.00380E+09  4.71482E+10  4.04850E+01
 0.230  8.43750E+00  5.30343E+09  1.80405E+10  2.22798E+10  4.71400E+09  3.34132E+09  5.87068E+10  3.46622E+01
 0.240  9.03750E+00  4.58852E+09  2.21242E+10  2.75260E+10  4.03820E+09  3.51586E+09  6.35715E+10  4.12292E+01
 0.250  9.52500E+00  3.67835E+09  2.47870E+10  3.12660E+10  3.15652E+09  2.25833E+09  6.92302E+10  2.43985E+01
 0.260  9.97500E+00  4.56954E+09  2.62003E+10  3.34997E+10  3.87550E+09  1.45444E+09  7.41085E+10  1.74370E+01
 0.270  1.05375E+01  3.60049E+09  2.93682E+10  3.76414E+10  3.07013E+09  2.82174E+09  8.11597E+10  3.22153E+01
 0.280  1.09500E+01  3.09474E+09  3.13643E+10  4.05544E+10  2.54250E+09  1.68978E+09  9.03992E+10  2.01387E+01
 0.290  1.14375E+01  2.75143E+09  3.27136E+10  4.26475E+10  2.20131E+09  1.33402E+09  9.10741E+10  1.41380E+01
 0.300  1.18875E+01  3.82343E+09  3.41784E+10  4.48371E+10  3.14182E+09  1.25321E+09  9.74492E+10  1.46535E+01
 0.310  1.22625E+01  3.63216E+09  3.50724E+10  4.63259E+10  2.99643E+09  8.44861E+08  9.70943E+10  8.79243E+00
 0.320  1.27125E+01  3.36084E+09  3.58198E+10  4.76146E+10  2.76824E+09  6.43744E+08  9.91310E+10  7.01530E+00
 0.330  1.31625E+01  2.78555E+09  3.64145E+10  4.86590E+10  2.13865E+09  5.41915E+08  1.01700E+11  5.76968E+00
 0.340  1.37250E+01  3.01915E+09  3.67677E+10  4.93967E+10  2.38672E+09  3.41595E+08  1.07109E+11  3.81757E+00
 0.350  1.46250E+01  3.84883E+09  3.72906E+10  5.02947E+10  3.09845E+09  4.02570E+08  1.14987E+11  5.03810E+00
 0.360  1.57500E+01  4.40084E+09  3.84060E+10  5.18436E+10  3.51582E+09  7.94776E+08  1.27423E+11  1.02192E+01
 0.370  1.64625E+01  2.86960E+09  4.03295E+10  5.43529E+10  2.26485E+09  1.35506E+09  1.43097E+11  1.30171E+01
 0.380  1.71000E+01  5.32815E+09  4.16245E+10  5.61978E+10  4.12392E+09  9.56940E+08  1.60307E+11  9.60614E+00
 0.390  1.77000E+01  3.59298E+09  4.18987E+10  5.67776E+10  2.72818E+09  4.76818E+08  1.47092E+11  5.41156E+00
 0.400  1.83000E+01  4.47847E+09  4.26487E+10  5.79426E+10  3.36993E+09  4.49430E+08  1.52645E+11  4.99668E+00
 0.410  1.87125E+01  4.96849E+09  4.32945E+10  5.89421E+10  3.80735E+09  4.79824E+08  1.56455E+11  5.59203E+00
 0.420  1.90500E+01  4.40485E+09  4.39627E+10  5.99751E+10  3.38550E+09  3.81866E+08  1.59731E+11  4.03088E+00
 0.430  1.94250E+01  4.33070E+09  4.42074E+10  6.04463E+10  3.32385E+09  2.97582E+08  1.61070E+11  3.22115E+00
 0.440  1.98000E+01  3.90078E+09  4.45728E+10  6.10682E+10  2.93977E+09  2.50870E+08  1.62679E+11  2.49110E+00
 0.450  2.01750E+01  3.56000E+09  4.48694E+10  6.15889E+10  2.70923E+09  2.13365E+08  1.70846E+11  2.39187E+00
 0.460  2.06250E+01  3.26272E+09  4.50612E+10  6.19505E+10  2.56450E+09  1.70484E+08  1.72167E+11  1.90001E+00
 0.470  2.10750E+01  3.28925E+09  4.52370E+10  6.22916E+10  2.54732E+09  1.30576E+08  1.75536E+11  1.40047E+00
 0.480  2.16000E+01  2.61908E+09  4.53746E+10  6.25697E+10  2.05695E+09  9.37476E+07  1.81178E+11  9.43095E-01
 0.490  2.20500E+01  2.48654E+09  4.54898E+10  6.28162E+10  1.88821E+09  8.36484E+07  1.85429E+11  8.80280E-01
 0.500  2.25375E+01  2.46446E+09  4.56408E+10  6.30918E+10  1.83960E+09  1.04811E+08  1.89238E+11  1.20483E+00
