  38
 0.130  1.43069E-01 -3.63412E-01  5.11101E-03 -3.10112E+00 -4.48299E+01  2.41635E+00  1.69719E-01 -2.64860E-02 -9.85137E-01  1.78180E+01   1.834   1.256  3.02667E+08  2.90719E+08  1.09454E+07  0.00000E+00  2.73941E+08  6.40653E-02  1.78424E+02   7.667   7.458
 0.140  7.40840E-02 -4.06681E-02 -1.20156E-01  2.62944E+01  7.44751E+00  1.16242E+01 -1.68853E-01 -9.68462E-01  1.83222E-01  1.80368E+01   1.527   0.935  3.59720E+08  3.52466E+08  1.52158E+07  1.96208E+06  1.44328E+08  5.82269E-02  1.28598E+02   7.915   7.662
 0.150  1.79696E-02  2.10570E-01  7.72464E-02 -5.82330E+00  2.02511E+01 -1.97794E+00 -9.01857E-01  4.24384E-01  8.09409E-02  9.37569E+01   2.450   1.141  5.48794E+08  5.46909E+08  6.27379E+07  1.03433E+07  4.28328E+08  5.02733E-01  1.18181E+02   7.959   7.831
 0.160 -3.29523E-02  1.69428E-02 -8.35162E-02  5.40257E-02  3.40023E+00  2.63388E+01 -9.86454E-01  1.01791E-01  1.28637E-01  2.29393E+01   1.754   0.560  5.27166E+08  6.35096E+08  1.67278E+08  6.68301E+06  2.71613E+08  1.99925E+00  8.66599E+01   8.319   8.228
 0.170  3.99935E-02 -2.05637E-02 -7.56736E-02 -8.47627E+00 -2.55800E+00 -2.86560E+00 -6.65113E-01  6.37882E-01 -3.88241E-01  3.49130E+01   2.074   0.568  4.18972E+08  6.39158E+08  3.44773E+08  1.05908E+07  2.37193E+08  2.83677E+00  9.73211E+01   8.559   8.489
 0.180  4.22855E-02  2.55940E-01 -1.34807E-01  6.42918E+00  3.14368E+00 -8.60812E+00 -8.35147E-01  5.49936E-01  9.99736E-03  6.20608E+01   3.687   1.995  6.86056E+08  7.40053E+08  3.73112E+08  5.17639E+07  8.46846E+08  1.38145E+00  1.84458E+02   8.309   8.462
 0.190  8.03224E-03  1.06454E-02  1.50631E-02  1.18614E+00  7.60803E+00 -7.23950E-01 -8.96539E-01  3.13689E-01  3.12756E-01  1.91079E+01   2.245   0.769  4.78740E+08  6.07384E+08  3.32428E+08  1.49498E+07  2.81506E+08  1.91634E+00  1.91316E+02   8.634   8.485
 0.200 -7.79803E-02  1.06487E-01 -3.18990E-02  1.01333E+01  1.54805E+01 -2.07161E+01 -2.57388E-01 -5.58895E-01 -7.88282E-01  6.54351E+01   2.435   0.536  1.44057E+09  1.64862E+09  3.77751E+08  5.04278E+07  4.70230E+08  4.15464E+00  1.74251E+02   8.463   8.262
 0.210  1.25838E-02  4.63677E-02 -3.93087E-02  3.24213E+00 -5.56449E+00 -3.22763E+00  5.18786E-01 -7.40030E-01 -4.28038E-01  5.11630E+01   2.351   0.476  1.14948E+09  1.74619E+09  1.06233E+09  1.02674E+08  5.68749E+08  6.59231E+00  1.53471E+02   8.634   8.392
 0.220  1.85141E-02  1.81587E-01  2.84477E-02 -1.53072E+01  2.94648E+01 -8.15737E+00  8.57906E-01  4.95774E-01 -1.34926E-01  5.05612E+01   3.555   1.413  2.28386E+09  3.04018E+09  1.55711E+09  1.06057E+08  8.74282E+08  1.11219E+01  1.69608E+02   8.483   8.602
 0.230 -5.12206E-03 -1.04343E-02 -1.08277E-02  1.25684E+00  2.16386E+00 -7.18116E-01  6.45589E-02  6.85923E-01 -7.24805E-01  6.91961E+01   1.153   0.191  1.44762E+09  3.41866E+09  3.01695E+09  2.21679E+08  1.68189E+08  2.36824E+01  1.14656E+02   8.823   8.713
 0.240 -1.51153E-02 -9.11117E-03 -9.33584E-03  4.05011E+00  7.76493E-01  3.75013E+00 -3.57168E-01  8.70787E-01 -3.37878E-01  9.54523E+01   0.839   0.079  2.01462E+09  4.14500E+09  4.15457E+09  1.87810E+08  8.73783E+07  2.80069E+01  1.35398E+02   8.746   8.738
 0.250 -9.99072E-03 -1.53737E-03  2.66113E-03  1.73017E+01 -3.07679E+00  4.95197E+00  1.74932E-01  8.96087E-01  4.07955E-01  1.19443E+02   1.299   0.128  1.04738E+09  2.44424E+09  4.67904E+09  4.09220E+08  1.46490E+08  1.60224E+01  2.00689E+02   8.899   8.783
 0.260 -1.82705E-02 -9.06275E-02  4.44783E-02 -2.88118E+00 -1.02845E+01  1.56258E+01 -6.39920E-01  7.68399E-01  8.10855E-03  2.19977E+02   3.004   0.684  1.89681E+09  2.13239E+09  9.99743E+08  3.20944E+08  9.80200E+08  4.79294E+00  4.90266E+02   8.574   8.486
 0.270  5.43039E-04 -3.62372E-02  5.69818E-02  1.06307E+01 -4.40749E+00  6.77247E+00 -4.97683E-01  7.11874E-01  4.95526E-01  1.43323E+02   1.923   0.405  1.67699E+09  2.87253E+09  1.91910E+09  1.86517E+08  4.89934E+08  1.46466E+01  2.49309E+02   8.656   8.460
 0.280 -1.06939E-02 -1.71775E-03  1.95653E-02  4.06841E+00  3.04463E+00  1.02291E+01 -5.98079E-01  7.25850E-01 -3.39770E-01  6.18857E+01   1.452   0.125  1.04134E+09  1.94590E+09  2.29911E+09  2.06084E+08  1.24957E+08  1.40945E+01  3.40819E+02   8.740   8.771
 0.290 -5.14516E-03 -1.37830E-02  1.08909E-02  4.62532E+00  4.07845E+00 -1.09724E+00 -2.76961E-01  6.36023E-01  7.20255E-01  4.67834E+01   1.554   0.303  6.07078E+08  1.26714E+09  3.02260E+09  3.67300E+08  2.65045E+08  8.18965E+00  4.35134E+02   8.870   8.768
 0.300 -2.56196E-01 -2.03055E-01  1.86047E-01 -2.85140E+01 -2.30058E+01  2.85937E+01 -7.26311E-01  2.36604E-01 -6.45361E-01  2.38510E+02   6.653   0.749  1.85595E+09  2.18544E+09  2.33228E+09  5.56021E+08  1.88001E+09  5.66758E+00  6.50315E+02   8.428   8.667
 0.310  8.10106E-03 -2.48930E-01 -1.43469E-01 -1.32693E+01 -3.02313E+01 -1.17517E+01 -6.87211E-01  3.69456E-01 -6.25495E-01  4.40950E+02   4.963   0.924  1.67354E+09  2.09531E+09  3.65702E+09  7.18192E+08  1.65296E+09  5.84678E+00  6.73175E+02   8.443   8.694
 0.320 -2.47473E-01 -5.10952E-01 -7.53726E-02 -4.53512E+01 -8.07201E+00  3.24142E+01 -7.00423E-01  3.77087E-01 -6.05980E-01  5.21023E+02   4.277   0.636  1.39695E+09  1.81931E+09  3.62577E+09  6.25909E+08  1.15113E+09  5.50566E+00  6.92727E+02   8.483   8.669
 0.330 -2.26239E-01 -1.09017E-01  1.43768E-01 -5.84752E+00  2.23557E+01  3.10953E+01 -6.88905E-01  4.10177E-01 -5.97633E-01  5.14225E+02   3.964   0.664  1.07193E+09  1.43696E+09  3.69120E+09  6.49559E+08  1.08171E+09  4.86149E+00  7.44268E+02   8.520   8.636
 0.340  1.37013E-01 -1.00614E-01 -1.99526E-01  4.66051E+00 -9.75031E+00  1.98849E+00 -6.21948E-01  4.29697E-01 -6.54630E-01  4.65640E+02   4.319   1.038  9.11738E+08  1.13118E+09  4.26825E+09  8.59386E+08  1.50006E+09  3.07352E+00  8.35918E+02   8.547   8.602
 0.350 -1.68257E-01 -1.90050E-01  1.36190E-01 -5.65891E+01 -1.42470E+01  2.94720E+00 -1.60047E-01  4.08321E-01 -8.98698E-01  5.00545E+02   8.848   2.306  2.28529E+09  2.24971E+09  4.03276E+09  1.02709E+09  4.11526E+09  2.26731E+00  1.06799E+03   8.281   8.567
 0.360 -2.08029E-01 -4.02118E-03  1.51247E-01 -1.98487E+01 -1.11782E+01  1.04070E+01 -2.12753E-01  6.51980E-01 -7.27776E-01  2.18718E+02   5.759   1.842  1.68920E+09  1.77105E+09  3.78428E+09  9.03937E+08  2.52981E+09  2.28532E+00  1.12323E+03   8.364   8.557
 0.370 -8.93386E-02 -1.84995E-01 -9.25734E-02 -5.73947E+00 -1.05607E+01  1.86893E-01  5.82069E-01 -6.98276E-01  4.16661E-01  8.37445E+01   4.005   0.584  9.11710E+08  9.56743E+08  1.16463E+09  2.87834E+08  8.81931E+08  8.73591E-01  1.64559E+03   8.631   8.672
 0.380 -1.69994E+00 -1.99599E+00  3.99603E-01  9.85061E+00 -1.08535E+02  3.30051E+01  5.41070E-02  5.96946E-03  9.98517E-01  9.39125E+02  11.428   5.140  2.70780E+09  2.26557E+09  2.33587E+09  9.30898E+08  8.49557E+09  2.80210E-01  2.00239E+03   8.247   8.578
 0.390  1.32403E-01  8.22988E-01  2.95594E-01 -3.22119E+01  2.02255E+01 -4.10197E+01 -8.26504E-01 -1.96482E-01  5.27529E-01  6.00332E+02   7.154   1.718  1.63803E+09  1.59273E+09  3.96279E+09  9.07656E+08  3.04718E+09  1.32907E+00  1.49865E+03   8.321   8.551
 0.400 -2.71134E-01  2.33824E-01 -4.58369E-01  7.60501E+00 -2.27942E+00 -1.19353E+01 -8.68348E-01 -3.86683E-01  3.10563E-01  6.04310E+02   5.594   1.627  1.64718E+09  1.73011E+09  3.99750E+09  8.52960E+08  2.35772E+09  2.86273E+00  1.54301E+03   8.315   8.549
 0.410  1.70651E-01  1.00294E-01 -6.42504E-01 -3.04877E+00 -1.63413E+01 -2.43236E+01 -8.29525E-01 -5.42299E-01  1.33419E-01  6.75752E+02   6.617   2.484  2.06326E+09  2.19160E+09  4.57681E+09  1.02712E+09  3.39612E+09  3.91230E+00  1.59253E+03   8.340   8.526
 0.420 -7.04107E-02  3.25927E-01 -3.88476E-01  1.28188E+01 -1.73438E+01 -4.12945E+00 -7.16138E-01 -6.94983E-01 -6.43806E-02  7.34788E+02   6.169   2.111  1.70215E+09  1.80605E+09  4.33229E+09  9.20280E+08  2.89388E+09  2.92493E+00  1.68750E+03   8.412   8.530
 0.430 -1.37372E-01 -2.20973E-02  2.73482E-02 -6.45934E+00 -4.81199E+00  4.80974E+00 -4.93127E-01 -8.60060E-01 -1.30856E-01  7.85134E+02   6.399   2.314  1.85273E+09  1.87392E+09  3.81484E+09  8.52251E+08  2.99007E+09  1.99582E+00  1.78836E+03   8.395   8.527
 0.440  5.63257E-02 -8.44716E-02  4.11233E-01 -1.02253E+01  1.26761E+01 -4.59631E+00 -1.47130E-01 -9.69340E-01 -1.96808E-01  8.07511E+02   7.081   1.976  1.65788E+09  1.64377E+09  2.72023E+09  6.64447E+08  2.78513E+09  1.29324E+00  1.97605E+03   8.434   8.539
 0.450  2.81427E-01  2.10978E-02 -1.20285E-02 -5.20362E+00 -2.62510E+00  1.83981E+01  1.49746E-01 -9.77124E-01  1.51010E-01  8.43263E+02   6.984   1.921  1.50880E+09  1.48420E+09  1.67452E+09  4.73669E+08  2.50055E+09  1.30183E+00  2.26155E+03   8.450   8.554
 0.460 -2.19532E-01  2.61975E-01  3.38248E-01 -1.10344E+01 -7.86617E-01 -7.15717E+00 -6.04480E-02 -8.30819E-01  5.53251E-01  9.75629E+02   6.821   1.408  1.50510E+09  1.49066E+09  1.22595E+09  3.31587E+08  1.83070E+09  1.09377E+00  2.38632E+03   8.422   8.572
 0.470 -1.29391E+00  8.92737E-01  5.44734E-01 -2.56479E+01 -3.12681E+01 -4.63202E+01 -3.01660E-01 -7.46384E-01  5.93222E-01  1.10144E+03   7.485   1.387  1.48263E+09  1.50087E+09  1.35830E+09  3.52715E+08  1.97004E+09  1.20441E+00  2.36467E+03   8.409   8.565
 0.480 -4.65183E-01  1.34118E-01 -5.15055E-01  4.63889E+00 -1.02447E+01 -2.03800E+01 -4.93018E-01 -7.54318E-01  4.33518E-01  1.05808E+03   7.334   1.232  1.32751E+09  1.32205E+09  1.42098E+09  3.33151E+08  1.80851E+09  7.94154E-01  2.34140E+03   8.427   8.553
 0.490 -2.78824E-01  1.98331E-01 -2.18071E-01  6.86031E+00 -1.14814E+01 -1.02640E+01 -4.54367E-01 -8.69705E-01  1.92776E-01  9.87850E+02   7.000   1.562  1.20292E+09  1.18338E+09  1.57601E+09  3.85230E+08  2.04952E+09  7.17580E-01  2.43524E+03   8.460   8.550
 0.500 -4.81658E-02  1.57484E-01 -5.75305E-01  3.62305E+01 -1.13664E+01 -4.13188E+01 -3.46702E-01 -9.36935E-01  4.41696E-02  8.60425E+02   6.096   1.239  1.15149E+09  1.15768E+09  1.32010E+09  3.34256E+08  1.58952E+09  9.20010E-01  2.74534E+03   8.442   8.571
