  38
 0.130          696 -0.44302E-02  0.53163E-02  0.13291E-01  0.42507E+01  0.14763E+02 -0.22706E+02  0.16972E+00 -0.26486E-01 -0.98514E+00   1.834   1.256
 0.140       135653  0.45312E-02  0.19794E-01  0.45312E-02 -0.58299E+01 -0.28783E+02 -0.14239E+02 -0.16885E+00 -0.96846E+00  0.18322E+00   1.527   0.935
 0.150       139433 -0.30656E-02 -0.34488E-02 -0.40874E-02 -0.20225E+02  0.63797E+01  0.26888E+00 -0.90186E+00  0.42438E+00  0.80941E-01   2.450   1.141
 0.160       219246 -0.38165E-02 -0.95413E-03 -0.43617E-02 -0.70865E+02 -0.45067E+02 -0.16947E+02 -0.98645E+00  0.10179E+00  0.12864E+00   1.754   0.560
 0.170       221506  0.37655E-02  0.57931E-03 -0.57931E-03  0.35175E+02  0.81882E+02 -0.16446E+03 -0.66511E+00  0.63788E+00 -0.38824E+00   2.074   0.568
 0.180       197050  0.12262E-02  0.12262E-02  0.21458E-02 -0.14139E+03  0.15998E+03  0.70819E+02 -0.83515E+00  0.54994E+00  0.99974E-02   3.687   1.995
 0.190       375626  0.64720E-03  0.12944E-02  0.25888E-02 -0.30365E+02  0.15131E+03  0.98244E+02 -0.89654E+00  0.31369E+00  0.31276E+00   2.245   0.769
 0.200       495728  0.34068E-03  0.85171E-03 -0.34068E-03  0.81056E+02 -0.16210E+03 -0.14368E+03 -0.25739E+00 -0.55889E+00 -0.78828E+00   2.435   0.536
 0.210       743640 -0.71528E-03  0.14306E-02 -0.25035E-02 -0.83066E+01 -0.31353E+02  0.63401E+02  0.51879E+00 -0.74003E+00 -0.42804E+00   2.351   0.476
 0.220       663338  0.18734E-02 -0.11240E-02  0.14987E-02 -0.18971E+02  0.19896E+03  0.24327E+02  0.85791E+00  0.49577E+00 -0.13493E+00   3.555   1.413
 0.230       971466 -0.15669E-02  0.29380E-02  0.00000E+00 -0.17740E+03 -0.62421E+02  0.15603E+03  0.64559E-01  0.68592E+00 -0.72480E+00   1.153   0.191
 0.240       841798 -0.40884E-03 -0.42929E-02  0.24531E-02  0.29256E+03 -0.38184E+03 -0.36213E+03 -0.35717E+00  0.87079E+00 -0.33788E+00   0.839   0.079
 0.250       152468  0.25552E-02 -0.21294E-02  0.85175E-03 -0.36773E+03 -0.35629E+03  0.98474E+02  0.17493E+00  0.89609E+00  0.40795E+00   1.299   0.128
 0.260       359616  0.44292E-03  0.31005E-02  0.00000E+00 -0.71406E+02  0.17607E+03 -0.34730E+03 -0.63992E+00  0.76840E+00  0.81085E-02   3.004   0.684
 0.270      1353214 -0.91971E-03  0.18394E-02 -0.36789E-02 -0.35765E+02  0.21223E+03  0.18120E+03 -0.49768E+00  0.71187E+00  0.49553E+00   1.923   0.405
 0.280      1908564  0.28619E-02  0.16695E-02  0.00000E+00  0.15078E+03  0.69118E+03  0.88687E+01 -0.59808E+00  0.72585E+00 -0.33977E+00   1.452   0.125
 0.290      1004071  0.14822E-02 -0.49406E-02  0.14822E-02 -0.14108E+03 -0.25038E+03 -0.13608E+03 -0.27696E+00  0.63602E+00  0.72025E+00   1.554   0.303
 0.300      1835128  0.00000E+00 -0.51097E-03 -0.15329E-02 -0.29975E+03 -0.62124E+03  0.15951E+02 -0.72631E+00  0.23660E+00 -0.64536E+00   6.653   0.749
 0.310      1913270  0.21118E-02 -0.21118E-02 -0.52795E-03 -0.15750E+02 -0.15142E+03 -0.23681E+03 -0.68721E+00  0.36946E+00 -0.62550E+00   4.963   0.924
 0.320      1029297  0.59966E-02  0.43611E-02  0.43611E-02 -0.49341E+02 -0.34270E+02  0.22329E+03 -0.70042E+00  0.37709E+00 -0.60598E+00   4.277   0.636
 0.330      2356823  0.11240E-02 -0.84299E-03 -0.28100E-02  0.33246E+02 -0.11047E+03 -0.32582E+02 -0.68891E+00  0.41018E+00 -0.59763E+00   3.964   0.664
 0.340      2395980 -0.11584E-02  0.57922E-03 -0.17377E-02  0.22732E+03 -0.13930E+03  0.93844E+02 -0.62195E+00  0.42970E+00 -0.65463E+00   4.319   1.038
 0.350      2027190 -0.17884E-02 -0.14903E-02  0.17884E-02 -0.56415E+01  0.30363E+03 -0.48697E+02 -0.16005E+00  0.40832E+00 -0.89870E+00   8.848   2.306
 0.360      1243476 -0.42926E-02 -0.76654E-02 -0.61323E-03  0.42601E+03  0.18413E+03 -0.18464E+03 -0.21275E+00  0.65198E+00 -0.72778E+00   5.759   1.842
 0.370      3039723 -0.50415E-02  0.15755E-02  0.18906E-02 -0.17690E+03  0.12788E+03  0.75275E+02  0.58207E+00 -0.69828E+00  0.41666E+00   4.005   0.584
 0.380      2125578 -0.64726E-03  0.64726E-03 -0.12945E-02  0.23651E+03  0.47514E+02  0.12660E+03  0.54107E-01  0.59695E-02  0.99852E+00  11.428   5.140
 0.390      3066011 -0.66444E-03  0.29900E-02  0.19933E-02 -0.24095E+03 -0.94610E+02 -0.19163E+03 -0.82650E+00 -0.19648E+00  0.52753E+00   7.154   1.718
 0.400      1904586 -0.20437E-02 -0.27250E-02  0.47687E-02  0.92534E+02 -0.35620E+01 -0.27395E+02 -0.86835E+00 -0.38668E+00  0.31056E+00   5.594   1.627
 0.410      1834779 -0.69842E-03  0.48889E-02 -0.20952E-02 -0.39417E+02 -0.13008E+02 -0.86125E+02 -0.82952E+00 -0.54230E+00  0.13342E+00   6.617   2.484
 0.420      3211214  0.00000E+00  0.14307E-02 -0.28614E-02 -0.14966E+03  0.32976E+03  0.32562E+03 -0.71614E+00 -0.69498E+00 -0.64381E-01   6.169   2.111
 0.430      3701403 -0.43950E-02  0.21975E-02  0.00000E+00  0.72095E+01 -0.97780E+02  0.15134E+03 -0.49313E+00 -0.86006E+00 -0.13086E+00   6.399   2.314
 0.440      3581565 -0.22482E-02  0.14988E-02 -0.22482E-02  0.87844E+02  0.30298E+02 -0.83198E+02 -0.14713E+00 -0.96934E+00 -0.19681E+00   7.081   1.976
 0.450      3530524  0.45987E-02 -0.30658E-02  0.00000E+00  0.34600E+02 -0.19752E+03  0.29240E+02  0.14975E+00 -0.97712E+00  0.15101E+00   6.984   1.921
 0.460      3342838  0.15673E-02  0.31345E-02  0.62691E-02 -0.27484E+03 -0.48403E+02  0.91936E+02 -0.60448E-01 -0.83082E+00  0.55325E+00   6.821   1.408
 0.470      1052263 -0.80046E-03  0.16009E-02  0.24014E-02  0.47792E+00  0.51646E+02 -0.69866E+02 -0.30166E+00 -0.74638E+00  0.59322E+00   7.485   1.387
 0.480      3950301 -0.57239E-02  0.81770E-03  0.16354E-02  0.48394E+02  0.80167E+02 -0.24418E+03 -0.49302E+00 -0.75432E+00  0.43352E+00   7.334   1.232
 0.490      3988603  0.25040E-02 -0.66774E-02  0.25040E-02 -0.28080E+02  0.53020E+02 -0.17541E+03 -0.45437E+00 -0.86971E+00  0.19278E+00   7.000   1.562
 0.500      3196636  0.00000E+00  0.42583E-02 -0.25550E-02  0.78864E+02  0.17024E+03  0.28309E+02 -0.34670E+00 -0.93693E+00  0.44170E-01   6.096   1.239
