  38
 0.130  1.37500E+01  3.29165E+10  1.01459E+02
 0.140  1.72500E+01  5.19439E+10  1.13791E+02
 0.150  1.92500E+01  5.73566E+10  1.13191E+02
 0.160  2.02500E+01  5.62574E+10  1.09298E+02
 0.170  2.22500E+01  6.29159E+10  1.10268E+02
 0.180  3.17500E+01  1.54685E+11  1.44739E+02
 0.190  3.50000E+01  1.74904E+11  1.46588E+02
 0.200  4.05000E+01  2.32124E+11  1.56988E+02
 0.210  4.65000E+01  3.05960E+11  1.68205E+02
 0.220  5.25000E+01  3.79277E+11  1.76252E+02
 0.230  5.62500E+01  4.10405E+11  1.77125E+02
 0.240  6.02500E+01  4.45828E+11  1.78377E+02
 0.250  6.35000E+01  4.59382E+11  1.76374E+02
 0.260  6.65000E+01  4.69688E+11  1.74272E+02
 0.270  7.02500E+01  4.94210E+11  1.73927E+02
 0.280  7.30000E+01  5.00523E+11  1.71706E+02
 0.290  7.62500E+01  5.11922E+11  1.69909E+02
 0.300  7.92500E+01  5.19644E+11  1.67914E+02
 0.310  8.17500E+01  5.16566E+11  1.64836E+02
 0.320  8.47500E+01  5.23948E+11  1.63045E+02
 0.330  8.77500E+01  5.35438E+11  1.61982E+02
 0.340  9.15000E+01  5.56584E+11  1.61729E+02
 0.350  9.75000E+01  6.15274E+11  1.64728E+02
 0.360  1.05000E+02  6.98686E+11  1.69153E+02
 0.370  1.09750E+02  7.35195E+11  1.69720E+02
 0.380  1.14000E+02  7.65082E+11  1.69878E+02
 0.390  1.18000E+02  7.88454E+11  1.69505E+02
 0.400  1.22000E+02  8.08205E+11  1.68778E+02
 0.410  1.24750E+02  8.04278E+11  1.66501E+02
 0.420  1.27000E+02  7.91261E+11  1.63679E+02
 0.430  1.29500E+02  7.85566E+11  1.61507E+02
 0.440  1.32000E+02  7.80154E+11  1.59418E+02
 0.450  1.34500E+02  7.76839E+11  1.57594E+02
 0.460  1.37500E+02  7.78861E+11  1.56068E+02
 0.470  1.40500E+02  7.84984E+11  1.54998E+02
 0.480  1.44000E+02  7.93837E+11  1.53964E+02
 0.490  1.47000E+02  7.98056E+11  1.52789E+02
 0.500  1.50250E+02  8.05673E+11  1.51847E+02
