  38
 0.130  1.43069E-01 -3.63412E-01  5.11101E-03 -3.10112E+00 -4.48299E+01  2.41635E+00   1.834  2.95257E+08  3.32345E+08  9.83069E+07  0.00000E+00  2.55634E+09  7.99965E-01  1.53410E+02   7.662   7.506
 0.140  7.40840E-02 -4.06681E-02 -1.20156E-01  2.62944E+01  7.44751E+00  1.16242E+01   1.527  3.85075E+08  5.00170E+08  2.29427E+08  2.43480E+07  2.19568E+09  1.53060E+00  1.30767E+02   7.917   7.729
 0.150  1.79696E-02  2.10570E-01  7.72464E-02 -5.82330E+00  2.02511E+01 -1.97794E+00   2.450  5.82450E+08  7.65566E+08  5.47461E+08  1.15645E+08  4.74387E+09  1.89082E+00  1.60865E+02   7.968   7.889
 0.160 -3.29523E-02  1.69428E-02 -8.35162E-02  5.40257E-02  3.40023E+00  2.63388E+01   1.754  5.94504E+08  9.85369E+08  8.88329E+08  1.00573E+08  3.20756E+09  5.81687E+00  1.58257E+02   8.293   8.077
 0.170  3.99935E-02 -2.05637E-02 -7.56736E-02 -8.47627E+00 -2.55800E+00 -2.86560E+00   2.074  5.07215E+08  9.78507E+08  1.44053E+09  1.76399E+08  4.12482E+09  5.01409E+00  1.96687E+02   8.502   8.294
 0.180  4.22855E-02  2.55940E-01 -1.34807E-01  6.42918E+00  3.14368E+00 -8.60812E+00   3.687  7.03893E+08  9.28024E+08  1.96304E+09  3.49840E+08  8.81341E+09  3.01960E+00  2.79984E+02   8.309   8.346
 0.190  8.03224E-03  1.06454E-02  1.50631E-02  1.18614E+00  7.60803E+00 -7.23950E-01   2.245  5.49706E+08  1.27136E+09  2.49736E+09  2.55565E+08  4.99029E+09  8.63411E+00  2.76677E+02   8.597   8.393
 0.200 -7.79803E-02  1.06487E-01 -3.18990E-02  1.01333E+01  1.54805E+01 -2.07161E+01   2.435  1.67676E+09  2.60814E+09  4.54819E+09  1.25838E+09  8.74606E+09  1.28497E+01  3.10099E+02   8.433   8.393
 0.210  1.25838E-02  4.63677E-02 -3.93087E-02  3.24213E+00 -5.56449E+00 -3.22763E+00   2.351  1.42699E+09  2.97861E+09  6.16813E+09  1.29551E+09  9.18262E+09  1.68259E+01  3.19055E+02   8.578   8.452
 0.220  1.85141E-02  1.81587E-01  2.84477E-02 -1.53072E+01  2.94648E+01 -8.15737E+00   3.555  2.71890E+09  4.59769E+09  9.04727E+09  1.86132E+09  1.54783E+10  2.32874E+01  3.52740E+02   8.437   8.478
 0.230 -5.12206E-03 -1.04343E-02 -1.08277E-02  1.25684E+00  2.16386E+00 -7.18116E-01   1.153  1.78313E+09  4.60121E+09  1.01501E+10  2.19868E+09  4.30922E+09  2.97107E+01  2.72151E+02   8.770   8.615
 0.240 -1.51153E-02 -9.11117E-03 -9.33584E-03  4.05011E+00  7.76493E-01  3.75013E+00   0.839  2.23927E+09  5.13071E+09  1.20667E+10  1.90569E+09  3.15709E+09  3.52709E+01  2.95487E+02   8.725   8.668
 0.250 -9.99072E-03 -1.53737E-03  2.66113E-03  1.73017E+01 -3.07679E+00  4.95197E+00   1.299  1.19050E+09  3.13352E+09  1.50249E+10  2.63161E+09  5.37539E+09  2.13324E+01  3.87371E+02   8.870   8.685
 0.260 -1.82705E-02 -9.06275E-02  4.44783E-02 -2.88118E+00 -1.02845E+01  1.56258E+01   3.004  2.18030E+09  3.32194E+09  2.09883E+10  5.20953E+09  1.73716E+10  1.48113E+01  5.41072E+02   8.538   8.643
 0.270  5.43039E-04 -3.62372E-02  5.69818E-02  1.06307E+01 -4.40749E+00  6.77247E+00   1.923  1.87560E+09  4.33483E+09  1.91859E+10  3.47562E+09  9.23907E+09  3.01398E+01  5.59122E+02   8.627   8.664
 0.280 -1.06939E-02 -1.71775E-03  1.95653E-02  4.06841E+00  3.04463E+00  1.02291E+01   1.452  1.21484E+09  2.67943E+09  1.53036E+10  2.27899E+09  5.36591E+09  1.88035E+01  6.15988E+02   8.707   8.700
 0.290 -5.14516E-03 -1.37830E-02  1.08909E-02  4.62532E+00  4.07845E+00 -1.09724E+00   1.554  7.20483E+08  1.90603E+09  1.60767E+10  2.38340E+09  5.82425E+09  1.26074E+01  6.97417E+02   8.813   8.703
 0.300 -2.56196E-01 -2.03055E-01  1.86047E-01 -2.85140E+01 -2.30058E+01  2.85937E+01   6.653  2.39614E+09  3.36328E+09  3.17888E+10  8.34653E+09  4.97317E+10  1.41799E+01  9.19147E+02   8.358   8.621
 0.310  8.10106E-03 -2.48930E-01 -1.43469E-01 -1.32693E+01 -3.02313E+01 -1.17517E+01   4.963  2.04404E+09  2.63698E+09  2.97436E+10  6.93632E+09  3.24532E+10  7.93727E+00  1.00325E+03   8.397   8.636
 0.320 -2.47473E-01 -5.10952E-01 -7.53726E-02 -4.53512E+01 -8.07201E+00  3.24142E+01   4.277  1.68077E+09  2.16981E+09  2.83945E+10  6.19703E+09  2.64457E+10  6.53728E+00  1.10594E+03   8.455   8.641
 0.330 -2.26239E-01 -1.09017E-01  1.43768E-01 -5.84752E+00  2.23557E+01  3.10953E+01   3.964  1.28811E+09  1.66956E+09  2.74561E+10  5.70327E+09  2.31268E+10  5.33188E+00  1.21405E+03   8.500   8.644
 0.340  1.37013E-01 -1.00614E-01 -1.99526E-01  4.66051E+00 -9.75031E+00  1.98849E+00   4.319  1.07248E+09  1.27819E+09  2.79020E+10  5.86562E+09  2.50192E+10  3.36191E+00  1.34951E+03   8.512   8.642
 0.350 -1.68257E-01 -1.90050E-01  1.36190E-01 -5.65891E+01 -1.42470E+01  2.94720E+00   8.848  2.70879E+09  2.73179E+09  3.50870E+10  9.02020E+09  6.57910E+10  4.59429E+00  1.54019E+03   8.242   8.611
 0.360 -2.08029E-01 -4.02118E-03  1.51247E-01 -1.98487E+01 -1.11782E+01  1.04070E+01   5.759  1.97000E+09  2.46053E+09  3.21365E+10  7.21657E+09  3.86064E+10  8.91368E+00  1.61208E+03   8.334   8.622
 0.370 -8.93386E-02 -1.84995E-01 -9.25734E-02 -5.73947E+00 -1.05607E+01  1.86893E-01   4.005  1.11909E+09  2.30656E+09  2.82633E+10  5.34494E+09  2.31501E+10  1.16372E+01  1.62515E+03   8.579   8.633
 0.380 -1.69994E+00 -1.99599E+00  3.99603E-01  9.85061E+00 -1.08535E+02  3.30051E+01  11.428  3.13563E+09  3.43964E+09  4.01226E+10  1.01514E+10  1.00525E+11  9.02548E+00  1.83512E+03   8.215   8.598
 0.390  1.32403E-01  8.22988E-01  2.95594E-01 -3.22119E+01  2.02255E+01 -4.10197E+01   7.154  2.02248E+09  2.22876E+09  3.72127E+10  8.25752E+09  5.17581E+10  5.35499E+00  1.92257E+03   8.288   8.616
 0.400 -2.71134E-01  2.33824E-01 -4.58369E-01  7.60501E+00 -2.27942E+00 -1.19353E+01   5.594  1.93347E+09  2.14193E+09  3.48702E+10  7.10860E+09  3.77925E+10  4.51003E+00  2.01665E+03   8.285   8.624
 0.410  1.70651E-01  1.00294E-01 -6.42504E-01 -3.04877E+00 -1.63413E+01 -2.43236E+01   6.617  2.38200E+09  2.56138E+09  3.74710E+10  8.02459E+09  4.81232E+10  5.14920E+00  2.16552E+03   8.314   8.615
 0.420 -7.04107E-02  3.25927E-01 -3.88476E-01  1.28188E+01 -1.73438E+01 -4.12945E+00   6.169  1.87279E+09  2.04305E+09  3.69874E+10  7.68453E+09  4.37394E+10  3.93197E+00  2.28007E+03   8.398   8.616
 0.430 -1.37372E-01 -2.20973E-02  2.73482E-02 -6.45934E+00 -4.81199E+00  4.80974E+00   6.399  2.05792E+09  2.14569E+09  3.75625E+10  7.79362E+09  4.56948E+10  3.10231E+00  2.42062E+03   8.382   8.614
 0.440  5.63257E-02 -8.44716E-02  4.11233E-01 -1.02253E+01  1.26761E+01 -4.59631E+00   7.081  1.87930E+09  1.92821E+09  3.86892E+10  8.17529E+09  5.11320E+10  2.48550E+00  2.56940E+03   8.421   8.611
 0.450  2.81427E-01  2.10978E-02 -1.20285E-02 -5.20362E+00 -2.62510E+00  1.83981E+01   6.984  1.73131E+09  1.75911E+09  3.87608E+10  8.13832E+09  5.11342E+10  2.36656E+00  2.71117E+03   8.431   8.611
 0.460 -2.19532E-01  2.61975E-01  3.38248E-01 -1.10344E+01 -7.86617E-01 -7.15717E+00   6.821  1.72252E+09  1.73596E+09  3.86258E+10  8.00143E+09  4.92478E+10  1.82179E+00  2.85747E+03   8.409   8.612
 0.470 -1.29391E+00  8.92737E-01  5.44734E-01 -2.56479E+01 -3.12681E+01 -4.63202E+01   7.485  1.71791E+09  1.69113E+09  3.94009E+10  8.34736E+09  5.48062E+10  1.35136E+00  3.01410E+03   8.402   8.609
 0.480 -4.65183E-01  1.34118E-01 -5.15055E-01  4.63889E+00 -1.02447E+01 -2.03800E+01   7.334  1.57233E+09  1.53635E+09  3.92222E+10  8.23655E+09  5.37471E+10  9.30942E-01  3.16511E+03   8.418   8.610
 0.490 -2.78824E-01  1.98331E-01 -2.18071E-01  6.86031E+00 -1.14814E+01 -1.02640E+01   7.000  1.35584E+09  1.31142E+09  3.86339E+10  7.96709E+09  5.00509E+10  8.34733E-01  3.31564E+03   8.451   8.611
 0.500 -4.81658E-02  1.57484E-01 -5.75305E-01  3.62305E+01 -1.13664E+01 -4.13188E+01   6.096  1.34356E+09  1.32597E+09  3.57305E+10  6.96891E+09  4.01247E+10  1.08013E+00  3.45348E+03   8.437   8.619
