  38
 0.130   1.834  9.83069E+07  1.14463E+08  9.74972E+07  1.53410E+02  0.00000E+00  0.00000E+00  0.00000E+00  9.83069E+07  1.14463E+08  9.74972E+07
 0.140   1.527  2.29427E+08  2.66019E+08  2.28087E+08  1.30767E+02  2.43480E+07  2.96665E+07  2.40597E+07  2.05079E+08  2.36353E+08  2.04027E+08
 0.150   2.450  5.47461E+08  6.48222E+08  5.43962E+08  1.60865E+02  1.15645E+08  1.41484E+08  1.14385E+08  4.31816E+08  5.06738E+08  4.29578E+08
 0.160   1.754  8.88329E+08  1.04097E+09  8.83212E+08  1.58257E+02  1.00573E+08  1.25033E+08  9.91717E+07  7.87755E+08  9.15935E+08  7.84040E+08
 0.170   2.074  1.44053E+09  1.72157E+09  1.43096E+09  1.96687E+02  1.76399E+08  2.20017E+08  1.73893E+08  1.26413E+09  1.50156E+09  1.25707E+09
 0.180   3.687  1.96304E+09  2.40262E+09  1.94487E+09  2.79984E+02  3.49840E+08  4.41841E+08  3.43905E+08  1.61320E+09  1.96078E+09  1.60097E+09
 0.190   2.245  2.49736E+09  3.03539E+09  2.47616E+09  2.76677E+02  2.55565E+08  3.24516E+08  2.50917E+08  2.24179E+09  2.71088E+09  2.22525E+09
 0.200   2.435  4.54819E+09  5.55179E+09  4.50642E+09  3.10099E+02  1.25838E+09  1.58004E+09  1.24071E+09  3.28981E+09  3.97175E+09  3.26571E+09
 0.210   2.351  6.16813E+09  7.53810E+09  6.11343E+09  3.19055E+02  1.29551E+09  1.65081E+09  1.27379E+09  4.87263E+09  5.88729E+09  4.83963E+09
 0.220   3.555  9.04727E+09  1.11149E+10  8.96225E+09  3.52740E+02  1.86132E+09  2.39286E+09  1.82641E+09  7.18595E+09  8.72201E+09  7.13583E+09
 0.230   1.153  1.01501E+10  1.23110E+10  1.00857E+10  2.72151E+02  2.19868E+09  2.74379E+09  2.17743E+09  7.95141E+09  9.56723E+09  7.90823E+09
 0.240   0.839  1.20667E+10  1.47163E+10  1.19886E+10  2.95487E+02  1.90569E+09  2.42249E+09  1.88314E+09  1.01611E+10  1.22938E+10  1.01054E+10
 0.250   1.299  1.50249E+10  1.87031E+10  1.48999E+10  3.87371E+02  2.63161E+09  3.38392E+09  2.59353E+09  1.23932E+10  1.53192E+10  1.23063E+10
 0.260   3.004  2.09883E+10  2.67176E+10  2.07427E+10  5.41072E+02  5.20953E+09  6.77563E+09  5.11717E+09  1.57788E+10  1.99419E+10  1.56255E+10
 0.270   1.923  1.91859E+10  2.43570E+10  1.89663E+10  5.59122E+02  3.47562E+09  4.56476E+09  3.40652E+09  1.57102E+10  1.97922E+10  1.55598E+10
 0.280   1.452  1.53036E+10  1.95377E+10  1.51150E+10  6.15988E+02  2.27899E+09  3.01317E+09  2.22651E+09  1.30246E+10  1.65246E+10  1.28885E+10
 0.290   1.554  1.60767E+10  2.06965E+10  1.58542E+10  6.97417E+02  2.38340E+09  3.16310E+09  2.32210E+09  1.36933E+10  1.75334E+10  1.35321E+10
 0.300   6.653  3.17888E+10  4.16434E+10  3.11905E+10  9.19147E+02  8.34653E+09  1.11328E+10  8.11002E+09  2.34422E+10  3.05106E+10  2.30805E+10
 0.310   4.963  2.97436E+10  3.91903E+10  2.91386E+10  1.00325E+03  6.93632E+09  9.29906E+09  6.71914E+09  2.28073E+10  2.98913E+10  2.24195E+10
 0.320   4.277  2.83945E+10  3.76303E+10  2.77652E+10  1.10594E+03  6.19703E+09  8.34265E+09  5.98439E+09  2.21975E+10  2.92877E+10  2.17808E+10
 0.330   3.964  2.74561E+10  3.65690E+10  2.67888E+10  1.21405E+03  5.70327E+09  7.70392E+09  5.48952E+09  2.17528E+10  2.88651E+10  2.12992E+10
 0.340   4.319  2.79020E+10  3.73782E+10  2.71470E+10  1.34951E+03  5.86562E+09  7.94513E+09  5.62841E+09  2.20364E+10  2.94330E+10  2.15186E+10
 0.350   8.848  3.50870E+10  4.72973E+10  3.40067E+10  1.54019E+03  9.02020E+09  1.22625E+10  8.63632E+09  2.60668E+10  3.50347E+10  2.53703E+10
 0.360   5.759  3.21365E+10  4.33028E+10  3.10930E+10  1.61208E+03  7.21657E+09  9.82924E+09  6.88267E+09  2.49200E+10  3.34735E+10  2.42104E+10
 0.370   4.005  2.82633E+10  3.78948E+10  2.73243E+10  1.62515E+03  5.34494E+09  7.28325E+09  5.07624E+09  2.29184E+10  3.06116E+10  2.22480E+10
 0.380  11.428  4.01226E+10  5.41463E+10  3.86298E+10  1.83512E+03  1.01514E+10  1.38646E+10  9.63602E+09  2.99713E+10  4.02818E+10  2.89938E+10
 0.390   7.154  3.72127E+10  5.03375E+10  3.57578E+10  1.92257E+03  8.25752E+09  1.12921E+10  7.80741E+09  2.89552E+10  3.90454E+10  2.79504E+10
 0.400   5.594  3.48702E+10  4.72431E+10  3.34312E+10  2.01665E+03  7.10860E+09  9.72903E+09  6.69386E+09  2.77616E+10  3.75140E+10  2.67374E+10
 0.410   6.617  3.74710E+10  5.09088E+10  3.58267E+10  2.16552E+03  8.02459E+09  1.09976E+10  7.53981E+09  2.94464E+10  3.99112E+10  2.82869E+10
 0.420   6.169  3.69874E+10  5.03339E+10  3.52833E+10  2.28007E+03  7.68453E+09  1.05400E+10  7.19696E+09  2.93028E+10  3.97939E+10  2.80863E+10
 0.430   6.399  3.75625E+10  5.12417E+10  3.57389E+10  2.42062E+03  7.79362E+09  1.07015E+10  7.27726E+09  2.97689E+10  4.05402E+10  2.84616E+10
 0.440   7.081  3.86892E+10  5.28996E+10  3.67125E+10  2.56940E+03  8.17529E+09  1.12379E+10  7.61399E+09  3.05139E+10  4.16617E+10  2.90985E+10
 0.450   6.984  3.87608E+10  5.30926E+10  3.66828E+10  2.71117E+03  8.13832E+09  1.11961E+10  7.55683E+09  3.06225E+10  4.18965E+10  2.91259E+10
 0.460   6.821  3.86258E+10  5.29920E+10  3.64510E+10  2.85747E+03  8.00143E+09  1.10143E+10  7.40585E+09  3.06243E+10  4.19777E+10  2.90451E+10
 0.470   7.485  3.94009E+10  5.41528E+10  3.70813E+10  3.01410E+03  8.34736E+09  1.15006E+10  7.70884E+09  3.10535E+10  4.26522E+10  2.93724E+10
 0.480   7.334  3.92222E+10  5.39803E+10  3.68125E+10  3.16511E+03  8.23655E+09  1.13526E+10  7.58379E+09  3.09856E+10  4.26276E+10  2.92287E+10
 0.490   7.000  3.86339E+10  5.32395E+10  3.61634E+10  3.31564E+03  7.96709E+09  1.09836E+10  7.31273E+09  3.06668E+10  4.22558E+10  2.88507E+10
 0.500   6.096  3.57305E+10  4.92763E+10  3.33575E+10  3.45348E+03  6.96891E+09  9.60373E+09  6.37258E+09  2.87616E+10  3.96726E+10  2.69849E+10
