  27
 0.100   0.863   0.500  2.14646E-01  2.57530E-01  1.46661E-01
 0.110   1.000   0.500  2.21435E-02  2.45392E-02  2.15483E-02
 0.120   1.000   0.500  9.03529E-01  1.01810E+00  7.03131E-01
 0.130   1.000   0.500  1.30880E+00  1.42044E+00  1.24628E+00
 0.140   1.081   0.500  1.95168E+00  1.74251E+00  2.21914E+00
 0.150   1.114   0.500  3.04323E+00  3.57388E+00  2.30572E+00
 0.160   2.068   0.600  3.48214E+00  3.44152E+00  3.29532E+00
 0.170   2.196   0.757  3.15007E+00  3.16816E+00  3.10026E+00
 0.180   2.282   0.605  3.07564E+00  3.04538E+00  2.64630E+00
 0.190   1.782   0.500  1.21111E+01  1.27490E+01  1.11763E+01
 0.200   1.000   0.500  1.49501E+01  1.48774E+01  1.47116E+01
 0.210   1.000   0.500  1.13854E+01  1.10588E+01  1.21848E+01
 0.220   1.000   0.500  1.08171E+00  1.06322E+00  8.79838E-01
 0.230   2.762   0.500  1.97698E+00  2.06919E+00  1.54559E+00
 0.240   2.569   0.500  3.01878E+00  3.06081E+00  2.69372E+00
 0.250   3.144   0.500  1.50599E+00  1.52059E+00  1.71076E+00
 0.260   3.056   0.500  1.21853E+00  1.18824E+00  1.40260E+00
 0.270   2.974   0.500  1.69404E+00  1.75746E+00  1.68256E+00
 0.280   2.007   0.500  1.37316E+00  1.22266E+00  1.37706E+00
 0.290   2.019   0.500  1.34652E+00  1.37475E+00  1.25082E+00
 0.300   1.300   0.500  9.71073E-01  9.70101E-01  9.27603E-01
 0.310   1.235   0.500  1.44800E-01  1.35556E-01  1.78454E-01
 0.320   1.283   0.500  5.37719E-02  4.47416E-02  6.61116E-02
 0.330   6.091   0.897  8.05750E-02  6.22101E-02  7.51916E-02
 0.340   6.246   0.750  2.59024E-02  2.51995E-02  2.63342E-02
 0.350   6.763   0.590  2.15831E-02  2.25682E-02  3.38753E-02
 0.360   6.588   0.500  8.44579E-02  9.67570E-02  6.00280E-02
