  27
 0.100        69077 -0.51134E-03 -0.51134E-03  0.51134E-03  0.75507E+01 -0.23673E+01 -0.70883E+01 -0.62322E+00 -0.14308E+00 -0.76884E+00   0.863   0.500
 0.110        78833  0.56213E-03  0.20611E-02  0.28106E-02  0.31980E+02 -0.77751E+02  0.47336E+01 -0.56348E+00 -0.70324E+00  0.43354E+00   1.000   0.500
 0.120        43562 -0.20451E-02 -0.20451E-03 -0.40902E-03 -0.61792E+02 -0.23054E+02  0.33357E+02 -0.33622E+00 -0.69355E+00 -0.63714E+00   1.000   0.500
 0.130       184182  0.28816E-02  0.22166E-03  0.19950E-02  0.48053E+02 -0.29056E+01  0.34820E+02  0.66467E-01 -0.19537E+00 -0.97847E+00   1.000   0.500
 0.140        25256  0.16709E-02  0.23870E-03  0.31031E-02  0.78715E+02  0.79011E+02 -0.11336E+03  0.82958E-01 -0.22914E+00 -0.96985E+00   1.081   0.500
 0.150       167813 -0.15335E-02 -0.17891E-02  0.51118E-03 -0.15532E+02 -0.46539E+02  0.10152E+02  0.18589E+00 -0.26984E+00 -0.94479E+00   1.114   0.500
 0.160       184098 -0.81784E-03 -0.24535E-02  0.38166E-02 -0.14429E+03  0.54895E+01  0.41517E+02  0.71935E+00 -0.50437E+00 -0.47764E+00   2.068   0.600
 0.170        81086  0.86972E-03 -0.11596E-02 -0.86972E-03  0.23232E+03 -0.80406E+02 -0.10223E+03 -0.53383E-01 -0.31722E+00 -0.94685E+00   2.196   0.757
 0.180       334915  0.00000E+00  0.61331E-03 -0.15333E-02  0.15061E+03  0.13388E+03 -0.47208E+03 -0.95667E+00  0.24154E+00  0.16258E+00   2.282   0.605
 0.190       225767  0.12947E-02  0.64733E-03 -0.32367E-03 -0.39060E+02 -0.44126E+03 -0.35864E+02 -0.27838E+00 -0.17630E+00 -0.94415E+00   1.782   0.500
 0.200       114148  0.68220E-03  0.17055E-02  0.13644E-02 -0.16141E+03  0.21320E+03 -0.13261E+03 -0.15162E+00  0.15125E+00 -0.97680E+00   1.000   0.500
 0.210       622570  0.35780E-03  0.35780E-03 -0.14312E-02 -0.40280E+02  0.31169E+03 -0.12238E+03 -0.85665E-01  0.16665E+00 -0.98229E+00   1.000   0.500
 0.220       159116 -0.37479E-03 -0.74959E-03  0.00000E+00 -0.12098E+03 -0.21362E+03  0.29873E+03  0.15619E+00  0.13095E+00  0.97901E+00   1.000   0.500
 0.230       221799 -0.11760E-02 -0.39199E-03 -0.39199E-03 -0.93115E+02  0.74443E+03 -0.14117E+03  0.90162E+00  0.42159E+00 -0.96707E-01   2.762   0.500
 0.240       355878  0.81813E-03 -0.40907E-03 -0.12272E-02  0.48806E+03 -0.26308E+03  0.35326E+03  0.79042E+00  0.59508E+00 -0.14531E+00   2.569   0.500
 0.250       879195  0.85239E-03  0.42619E-03  0.85239E-03 -0.40857E+03 -0.45280E+03  0.40416E+03  0.63546E+00  0.69261E+00 -0.34128E+00   3.144   0.500
 0.260       607344 -0.22164E-02 -0.13299E-02  0.00000E+00 -0.56534E+03 -0.47162E+03  0.13457E+03  0.47519E+00  0.81626E+00 -0.32850E+00   3.056   0.500
 0.270      1952561 -0.23009E-02 -0.46019E-03  0.13806E-02  0.36293E+02 -0.86781E+02  0.29681E+03  0.38003E+00  0.92399E+00 -0.42574E-01   2.974   0.500
 0.280       444687  0.95459E-03 -0.47729E-03  0.19092E-02 -0.51638E+02 -0.86218E+03  0.84415E+01  0.41244E+00  0.76561E+00  0.49369E+00   2.007   0.500
 0.290       599082  0.00000E+00  0.49403E-03 -0.29642E-02  0.33071E+03 -0.14364E+03 -0.45867E+01  0.90199E-02  0.35469E+00  0.93494E+00   2.019   0.500
 0.300      2637436 -0.10224E-02  0.51122E-03  0.10224E-02  0.19478E+03  0.28802E+03  0.22128E+03  0.21279E+00  0.55729E+00  0.80259E+00   1.300   0.500
 0.310       857367 -0.10560E-02 -0.15841E-02 -0.26401E-02 -0.36923E+03 -0.13288E+03  0.29104E+03  0.51188E+00  0.38018E+00  0.77035E+00   1.235   0.500
 0.320       878948  0.54506E-03  0.00000E+00  0.10901E-02 -0.30099E+03 -0.32979E+03  0.91376E+02  0.57371E+00  0.31577E+00  0.75574E+00   1.283   0.500
 0.330       130979  0.11243E-02 -0.56215E-03 -0.16864E-02 -0.72479E+02  0.23521E+03  0.11085E+03  0.15415E+00  0.11339E+00 -0.98152E+00   6.091   0.897
 0.340      1952173  0.11582E-02 -0.23163E-02  0.11582E-02  0.24107E+03  0.32864E+03 -0.13627E+03  0.27566E+00  0.10066E+00 -0.95597E+00   6.246   0.750
 0.350      2873081  0.00000E+00  0.23842E-02 -0.11921E-02  0.34402E+03 -0.10152E+03 -0.17858E+03  0.33781E+00  0.12092E+00 -0.93342E+00   6.763   0.590
 0.360      2168573  0.12268E-02 -0.12268E-02  0.24535E-02 -0.22894E+03  0.11138E+03  0.36352E+03  0.33233E+00  0.87220E-01 -0.93912E+00   6.588   0.500
