  27
 0.100  1.04493E+08  1.03145E+08  1.18473E+08  1.00895E+08  5.40931E+07  7.38351E+08  7.68504E-01
 0.110  1.10043E+08  1.74673E+08  2.03831E+08  1.06539E+08  8.62280E+07  9.29985E+08  9.31184E-01
 0.120  1.77015E+08  3.23379E+08  3.76310E+08  1.71318E+08  1.56530E+08  9.84108E+08  2.09650E+00
 0.130  2.68054E+08  4.76885E+08  5.63702E+08  2.64163E+08  1.70516E+08  1.12752E+09  1.84517E+00
 0.140  1.80716E+08  7.20211E+08  8.59504E+08  1.75464E+08  2.56706E+08  1.26703E+09  2.47613E+00
 0.150  3.88122E+08  9.78256E+08  1.17133E+09  3.80958E+08  2.52490E+08  1.40271E+09  3.63171E+00
 0.160  3.18194E+08  1.39781E+09  1.68380E+09  3.12345E+08  4.17501E+08  1.59434E+09  4.74213E+00
 0.170  2.25104E+08  1.72141E+09  2.10027E+09  2.21012E+08  3.38853E+08  1.51287E+09  3.69920E+00
 0.180  9.92900E+08  2.33843E+09  2.84422E+09  9.82207E+08  5.41186E+08  2.26485E+09  8.15321E+00
 0.190  1.02431E+09  4.67947E+09  5.67931E+09  1.01018E+09  1.32665E+09  2.72045E+09  1.47410E+01
 0.200  1.18614E+09  6.34127E+09  7.75427E+09  1.17459E+09  1.44459E+09  3.13747E+09  1.63012E+01
 0.210  8.61557E+08  7.78015E+09  9.61820E+09  8.53038E+08  1.33995E+09  3.36876E+09  1.37940E+01
 0.220  5.40584E+08  8.64902E+09  1.08456E+10  5.32239E+08  8.22692E+08  3.43037E+09  8.11740E+00
 0.230  4.15932E+08  9.36117E+09  1.18700E+10  4.08977E+08  7.14719E+08  3.51093E+09  7.02089E+00
 0.240  2.54261E+08  9.51845E+09  1.22332E+10  2.50234E+08  2.68468E+08  3.48865E+09  2.70495E+00
 0.250  1.37348E+08  9.59387E+09  1.24628E+10  1.35254E+08  1.85403E+08  3.46279E+09  1.78474E+00
 0.260  1.27874E+08  9.59878E+09  1.25835E+10  1.25464E+08  1.10269E+08  3.46944E+09  1.12663E+00
 0.270  1.51919E+08  9.59464E+09  1.26651E+10  1.49022E+08  1.15121E+08  3.41241E+09  1.30504E+00
 0.280  1.28724E+08  9.64011E+09  1.27996E+10  1.26179E+08  1.24879E+08  3.41482E+09  1.33618E+00
 0.290  1.47990E+08  9.71580E+09  1.29650E+10  1.44314E+08  1.13326E+08  3.42214E+09  1.26984E+00
 0.300  1.39654E+08  9.66763E+09  1.29558E+10  1.36637E+08  1.31268E+08  3.26708E+09  1.49751E+00
 0.310  6.91929E+07  9.32546E+09  1.25585E+10  6.76572E+07  6.97160E+07  3.05749E+09  7.78929E-01
 0.320  4.21457E+07  9.40587E+09  1.27204E+10  4.08812E+07  5.27732E+07  3.15227E+09  5.67785E-01
 0.330  3.97578E+07  8.85525E+09  1.19936E+10  3.82833E+07  5.81875E+07  2.84965E+09  6.10253E-01
 0.340  2.50508E+07  8.24967E+09  1.11945E+10  2.39951E+07  2.56216E+07  2.52873E+09  2.44401E-01
 0.350  1.68277E+07  8.04869E+09  1.09432E+10  1.60647E+07  1.56386E+07  2.53647E+09  1.50058E-01
 0.360  1.06762E+07  7.28401E+09  9.91629E+09  1.00922E+07  1.15633E+07  2.24922E+09  1.14524E-01
