  27
 0.110   4.500   0.675  1.98172E+09  2.76098E+08  9.35178E+06  1.08796E+07  1.69627E+09  6.19572E+06  2.92540E+06  3.39599E+06  8.54661E+07  9.04312E+08  1.81867E+07  2.13069E+07  4.90366E+09  1.95808E+07  4.40472E+06  5.07623E+06  1.64614E+08
 0.120   5.750   0.863  3.08473E+09  5.29859E+08  2.75457E+07  3.15390E+07  2.52732E+09  4.02960E+07  1.28936E+07  1.44875E+07  1.25871E+08  1.27558E+09  6.26503E+07  7.27745E+07  7.19612E+09  5.48974E+07  1.79255E+07  2.02623E+07  2.34616E+08
 0.130   9.250   1.051  1.00818E+10  1.45539E+09  1.19200E+08  1.39824E+08  8.50721E+09  7.55252E+07  3.50714E+07  4.09335E+07  2.74024E+08  1.56323E+09  1.19471E+08  1.40152E+08  9.15643E+09  8.75974E+07  3.76930E+07  4.39790E+07  3.22826E+08
 0.140  11.750   1.323  1.60329E+10  2.00001E+09  3.64423E+08  4.21158E+08  1.36685E+10  1.53307E+08  1.67587E+08  1.92150E+08  8.97395E+08  1.73683E+09  3.58721E+08  4.14083E+08  1.18317E+10  1.82530E+08  1.79704E+08  2.05945E+08  1.08462E+09
 0.150  13.250   1.282  1.95292E+10  2.04864E+09  5.61881E+08  6.64718E+08  1.69187E+10  3.01803E+08  4.03738E+08  4.74165E+08  1.29130E+09  1.54038E+09  5.61378E+08  6.64092E+08  1.44696E+10  2.92594E+08  3.99276E+08  4.68806E+08  1.23144E+09
 0.160  15.000   1.367  2.26685E+10  2.24071E+09  7.34565E+08  8.86504E+08  1.96932E+10  2.08285E+08  5.87545E+08  7.05508E+08  1.49532E+09  1.63439E+09  7.26057E+08  8.75707E+08  1.37310E+10  1.98308E+08  5.71829E+08  6.86492E+08  1.32764E+09
 0.170  16.750   2.171  2.54176E+10  2.49489E+09  9.86573E+08  1.19236E+09  2.19361E+10  3.29137E+08  8.23116E+08  9.94885E+08  2.05784E+09  1.90327E+09  9.75517E+08  1.17824E+09  1.33413E+10  6.32258E+08  8.80030E+08  1.06283E+09  2.87908E+09
 0.180  17.750   1.989  2.64543E+10  2.42719E+09  1.26422E+09  1.54534E+09  2.27629E+10  4.60479E+08  9.72777E+08  1.19382E+09  2.12244E+09  1.76990E+09  1.25529E+09  1.53387E+09  1.38423E+10  5.16173E+08  1.00979E+09  1.23829E+09  2.44551E+09
 0.190  19.250   2.067  2.86006E+10  2.13844E+09  1.58359E+09  1.94941E+09  2.48785E+10  3.14024E+08  1.30069E+09  1.60048E+09  2.46355E+09  1.18571E+09  1.57369E+09  1.93661E+09  1.35691E+10  3.41496E+08  1.33177E+09  1.63842E+09  2.68936E+09
 0.200  20.500   2.030  2.96300E+10  1.95850E+09  1.73273E+09  2.16503E+09  2.59388E+10  3.74247E+08  1.50797E+09  1.88187E+09  2.85513E+09  1.02312E+09  1.72153E+09  2.15047E+09  1.37599E+10  3.70456E+08  1.50361E+09  1.87639E+09  2.82396E+09
 0.210  22.000   2.106  3.15036E+10  2.15176E+09  1.86894E+09  2.36138E+09  2.74829E+10  3.57825E+08  1.65392E+09  2.08713E+09  3.05500E+09  1.08951E+09  1.85681E+09  2.34554E+09  1.38696E+10  3.42806E+08  1.63608E+09  2.06480E+09  2.90635E+09
 0.220  24.250   2.611  3.62448E+10  2.88229E+09  1.99901E+09  2.54517E+09  3.13635E+10  4.18873E+08  1.81443E+09  2.30766E+09  3.33551E+09  1.18975E+09  1.98634E+09  2.52857E+09  1.47226E+10  4.50810E+08  1.84426E+09  2.34559E+09  3.62641E+09
 0.230  27.500   2.442  4.70939E+10  4.05250E+09  2.21524E+09  2.83606E+09  4.08261E+10  4.52185E+08  2.04197E+09  2.61131E+09  4.19183E+09  1.50646E+09  2.16171E+09  2.76665E+09  1.59295E+10  4.05675E+08  1.99989E+09  2.55698E+09  3.66623E+09
 0.240  33.250   3.614  7.34362E+10  5.45246E+09  3.75848E+09  4.79766E+09  6.42253E+10  7.32607E+08  2.31781E+09  2.96889E+09  5.32226E+09  1.83776E+09  2.39178E+09  3.06425E+09  1.67393E+10  8.35416E+08  2.33714E+09  2.99364E+09  5.84229E+09
 0.250  38.000   4.153  9.85419E+10  6.91041E+09  4.62214E+09  5.92129E+09  8.70094E+10  1.14207E+09  2.54783E+09  3.28215E+09  7.47014E+09  2.64786E+09  4.11483E+09  5.26885E+09  2.74960E+10  1.31982E+09  2.57937E+09  3.32020E+09  8.42515E+09
 0.260  45.250   3.355  1.49333E+11  1.11742E+10  7.21702E+09  9.26012E+09  1.30942E+11  8.18010E+08  2.94584E+09  3.78517E+09  7.30336E+09  1.81088E+09  3.11013E+09  3.99669E+09  2.02911E+10  5.80449E+08  2.82388E+09  3.63355E+09  5.23405E+09
 0.270  49.000   3.195  1.69642E+11  1.25936E+10  7.98321E+09  1.02741E+10  1.49065E+11  1.25764E+09  4.96683E+09  6.38083E+09  1.24815E+10  1.98508E+09  5.14374E+09  6.61157E+09  2.40015E+10  8.61910E+08  4.47556E+09  5.75058E+09  7.13019E+09
 0.280  52.000   3.778  1.81361E+11  1.29716E+10  8.96263E+09  1.15597E+10  1.59427E+11  8.19640E+08  5.41809E+09  7.01345E+09  1.16694E+10  1.60668E+09  5.55266E+09  7.19076E+09  2.25288E+10  6.30850E+08  5.17971E+09  6.70209E+09  8.34076E+09
 0.290  55.000   3.848  1.94676E+11  1.36185E+10  9.41347E+09  1.22629E+10  1.71644E+11  8.37808E+08  5.54728E+09  7.25272E+09  1.25381E+10  1.61425E+09  5.73146E+09  7.49551E+09  2.30084E+10  6.12992E+08  5.27664E+09  6.89609E+09  8.54487E+09
 0.300  58.250   5.226  2.08429E+11  1.47473E+10  9.84195E+09  1.28994E+10  1.83840E+11  1.37815E+09  5.83709E+09  7.66933E+09  1.48460E+10  2.41528E+09  7.18718E+09  9.43063E+09  2.97585E+10  1.28484E+09  5.76455E+09  7.57310E+09  1.31490E+10
 0.310  61.500   2.767  2.22091E+11  1.59590E+10  1.10274E+10  1.44558E+10  1.95104E+11  1.95567E+09  6.48886E+09  8.49203E+09  1.53387E+10  2.71082E+09  6.60489E+09  8.64658E+09  2.55283E+10  1.24142E+09  5.73357E+09  7.50173E+09  6.47622E+09
 0.320  66.750   4.345  2.60894E+11  2.02761E+10  1.31943E+10  1.73345E+10  2.27424E+11  1.79277E+09  7.25138E+09  9.51357E+09  1.75263E+10  2.89590E+09  9.00074E+09  1.18083E+10  2.93791E+10  1.18590E+09  6.94931E+09  9.11233E+09  1.10892E+10
 0.330  73.750   7.457  3.18019E+11  2.48211E+10  1.51362E+10  1.97978E+10  2.78062E+11  3.14582E+09  9.75442E+09  1.28182E+10  2.63357E+10  4.12032E+09  9.98246E+09  1.31181E+10  3.77682E+10  3.19409E+09  9.76549E+09  1.28325E+10  2.66609E+10
 0.340  79.500   4.434  3.69324E+11  2.78433E+10  1.90484E+10  2.47591E+10  3.22432E+11  3.60958E+09  1.11234E+10  1.44606E+10  2.81549E+10  4.36683E+09  1.15113E+10  1.49459E+10  3.77077E+10  1.98337E+09  9.85401E+09  1.28148E+10  1.35675E+10
 0.350  84.000   2.013  3.90796E+11  2.61755E+10  2.21840E+10  2.87947E+10  3.42437E+11  3.79343E+09  1.56839E+10  2.02533E+10  3.59457E+10  4.17047E+09  1.60460E+10  2.07282E+10  4.33002E+10  1.53623E+09  1.03385E+10  1.32938E+10  6.38984E+09
 0.360  86.000   1.000  3.92388E+11  2.18277E+10  2.54888E+10  3.30971E+10  3.45072E+11  3.48652E+09  1.96364E+10  2.53582E+10  3.10568E+10  4.19342E+09  2.06667E+10  2.67212E+10  3.82570E+10  1.68164E+09  1.11257E+10  1.41626E+10  3.17197E+09
 0.370  86.500   1.000  3.71302E+11  1.70593E+10  2.80186E+10  3.66290E+10  3.26224E+11  1.93156E+09  2.06233E+10  2.67688E+10  2.74020E+10  2.05671E+09  2.09456E+10  2.72007E+10  3.14657E+10  8.93781E+08  1.35579E+10  1.73677E+10  3.36486E+09
