  33
 0.120  2.81509E+07  2.40729E+06  2.84155E+06  2.80425E+07  6.79036E+05  9.77706E+07  8.55207E-03
 0.130  2.21819E+07  1.01185E+07  1.18223E+07  2.12044E+07  6.22352E+06  2.41517E+08  7.17767E-02
 0.140  2.55721E+07  1.31656E+07  1.58206E+07  2.44764E+07  3.24262E+06  2.21065E+08  3.04945E-02
 0.150  1.29746E+08  3.02346E+07  3.48350E+07  1.26356E+08  1.62474E+07  2.73691E+08  2.75113E-01
 0.160  5.28236E+07  1.19870E+08  1.38924E+08  5.04843E+07  8.96522E+07  2.96554E+08  7.88393E-01
 0.170  9.91019E+07  1.69887E+08  2.04202E+08  9.54166E+07  2.34245E+07  3.56414E+08  3.01104E-01
 0.180  7.89987E+07  2.21785E+08  2.70024E+08  7.61829E+07  4.94382E+07  3.85762E+08  3.38353E-01
 0.190  7.75880E+07  2.78317E+08  3.40867E+08  7.41607E+07  5.56310E+07  3.97152E+08  7.48004E-01
 0.200  2.11979E+08  3.94974E+08  4.84081E+08  2.07105E+08  9.14321E+07  6.33181E+08  9.63475E-01
 0.210  1.22723E+08  6.18375E+08  7.53010E+08  1.20060E+08  1.39795E+08  5.60103E+08  1.49583E+00
 0.220  1.23860E+08  7.36303E+08  9.11389E+08  1.20611E+08  9.50756E+07  5.89118E+08  1.21811E+00
 0.230  6.44479E+08  1.70825E+09  2.12700E+09  6.34943E+08  3.10114E+08  1.66110E+09  4.50577E+00
 0.240  3.75829E+08  2.30923E+09  2.86498E+09  3.70773E+08  5.10876E+08  1.35391E+09  5.57460E+00
 0.250  2.96062E+08  2.69574E+09  3.39002E+09  2.90358E+08  2.69788E+08  1.44478E+09  3.07907E+00
 0.260  2.78832E+08  3.10334E+09  3.93548E+09  2.73981E+08  3.05253E+08  1.50414E+09  3.61374E+00
 0.270  3.10974E+08  3.53964E+09  4.50952E+09  3.05152E+08  3.69012E+08  1.60698E+09  4.37891E+00
 0.280  2.58729E+08  3.78848E+09  4.87635E+09  2.53175E+08  2.29519E+08  1.63101E+09  2.73298E+00
 0.290  2.71840E+08  4.09634E+09  5.30513E+09  2.68016E+08  2.61794E+08  1.71257E+09  3.03401E+00
 0.300  1.40081E+08  4.59584E+09  6.00455E+09  1.37624E+08  1.62702E+08  1.90403E+09  1.57333E+00
 0.310  1.13267E+08  4.63188E+09  6.10982E+09  1.10830E+08  9.38980E+07  1.78855E+09  1.00632E+00
 0.320  6.88292E+07  4.56703E+09  6.07561E+09  6.70021E+07  5.19501E+07  1.76228E+09  5.17543E-01
 0.330  5.74953E+07  4.57252E+09  6.12355E+09  5.58225E+07  3.63189E+07  1.72204E+09  3.83910E-01
 0.340  4.99976E+07  4.50815E+09  6.07559E+09  4.83278E+07  3.06701E+07  1.67249E+09  3.31275E-01
 0.350  5.25018E+07  4.62341E+09  6.25899E+09  5.09343E+07  2.49438E+07  1.78265E+09  2.81118E-01
 0.360  4.60282E+07  4.47679E+09  6.08435E+09  4.45001E+07  2.19233E+07  1.68496E+09  2.46674E-01
 0.370  4.12264E+07  4.41534E+09  6.02588E+09  4.00931E+07  1.72393E+07  1.62718E+09  1.97094E-01
 0.380  5.16769E+07  4.37754E+09  5.99201E+09  5.03250E+07  1.92986E+07  1.61987E+09  2.06553E-01
 0.390  3.45329E+07  4.38948E+09  6.02537E+09  3.33590E+07  1.76274E+07  1.61579E+09  1.73256E-01
 0.400  3.03922E+07  4.41508E+09  6.07488E+09  2.94136E+07  1.21521E+07  1.62710E+09  1.40159E-01
 0.410  2.78362E+07  4.34319E+09  5.98386E+09  2.69236E+07  1.17361E+07  1.58004E+09  1.25179E-01
 0.420  2.69728E+07  4.32985E+09  5.97436E+09  2.60516E+07  1.05825E+07  1.58819E+09  1.15829E-01
 0.430  2.42549E+07  4.28776E+09  5.92401E+09  2.34692E+07  8.05813E+06  1.55818E+09  8.28276E-02
 0.440  2.39051E+07  4.31422E+09  5.96824E+09  2.30516E+07  7.59623E+06  1.56982E+09  7.99266E-02
