  33
 0.120  6.75000E-01  1.74307E+07  2.14595E+06  2.53735E+06  1.73919E+07  5.11201E+05  5.45387E+07  7.22409E-03
 0.130  9.00000E-01  1.88652E+07  9.58208E+06  1.11811E+07  1.80252E+07  6.04103E+06  1.99698E+08  6.93476E-02
 0.140  1.12500E+00  3.35288E+07  1.39371E+07  1.67648E+07  3.22628E+07  3.31961E+06  2.63299E+08  3.08357E-02
 0.150  1.50000E+00  1.81741E+08  3.56601E+07  4.11863E+07  1.75710E+08  1.89247E+07  5.03818E+08  3.11370E-01
 0.160  1.72500E+00  1.42059E+08  1.38078E+08  1.60286E+08  1.35881E+08  9.96009E+07  6.75748E+08  8.80450E-01
 0.170  1.91250E+00  2.15182E+08  2.13063E+08  2.56284E+08  2.04055E+08  3.07745E+07  8.84342E+08  3.80195E-01
 0.180  2.06250E+00  2.34801E+08  2.82472E+08  3.43256E+08  2.23250E+08  6.47094E+07  1.09003E+09  5.44421E-01
 0.190  2.43750E+00  2.48003E+08  3.55382E+08  4.35564E+08  2.31391E+08  6.69837E+07  1.27102E+09  8.79583E-01
 0.200  2.85000E+00  6.20456E+08  5.72160E+08  6.97456E+08  5.70219E+08  1.48459E+08  3.36860E+09  1.84921E+00
 0.210  3.41250E+00  2.80391E+08  8.12909E+08  9.96028E+08  2.48188E+08  1.57806E+08  3.09790E+09  1.62093E+00
 0.220  4.57500E+00  5.01528E+08  9.46460E+08  1.17807E+09  4.08406E+08  1.01991E+08  4.77064E+09  1.31941E+00
 0.230  5.10000E+00  1.87787E+09  2.77704E+09  3.46488E+09  1.69700E+09  5.19239E+08  1.46716E+10  7.16293E+00
 0.240  5.58750E+00  1.19244E+09  3.43484E+09  4.28231E+09  1.05102E+09  6.28482E+08  1.26382E+10  6.63693E+00
 0.250  6.00000E+00  1.23865E+09  3.99977E+09  5.03968E+09  1.07346E+09  4.28041E+08  1.39990E+10  5.18769E+00
 0.260  6.26250E+00  8.21217E+08  4.39151E+09  5.59235E+09  6.49745E+08  3.52171E+08  1.39275E+10  4.10153E+00
 0.270  6.45000E+00  7.49993E+08  4.99535E+09  6.40126E+09  6.32336E+08  4.26534E+08  1.52431E+10  5.07924E+00
 0.280  6.67500E+00  5.94020E+08  5.22422E+09  6.75271E+09  4.84533E+08  2.74305E+08  1.60925E+10  3.05423E+00
 0.290  6.97500E+00  9.48266E+08  6.56196E+09  8.55408E+09  8.08635E+08  3.08965E+08  2.18837E+10  3.61528E+00
 0.300  7.27500E+00  7.78172E+08  6.81540E+09  8.95562E+09  5.87910E+08  1.77732E+08  2.15515E+10  1.70918E+00
 0.310  7.57500E+00  1.40345E+09  6.99558E+09  9.25691E+09  1.19310E+09  1.55088E+08  2.30484E+10  1.78544E+00
 0.320  7.91250E+00  1.68585E+09  7.14780E+09  9.51954E+09  1.44792E+09  1.44196E+08  2.36459E+10  1.73531E+00
 0.330  8.06250E+00  1.76934E+09  7.41393E+09  9.88982E+09  1.52772E+09  2.61717E+08  2.40065E+10  3.14878E+00
 0.340  8.36250E+00  1.60535E+09  7.70284E+09  1.03125E+10  1.39940E+09  2.36796E+08  2.47074E+10  2.77160E+00
 0.350  8.55000E+00  1.76484E+09  7.90376E+09  1.06123E+10  1.58185E+09  1.88598E+08  2.42547E+10  2.58139E+00
 0.360  8.70000E+00  1.43295E+09  8.21342E+09  1.10649E+10  1.28138E+09  1.52703E+08  2.49828E+10  1.52941E+00
 0.370  8.96250E+00  1.47257E+09  8.43241E+09  1.13831E+10  1.28386E+09  2.24407E+08  2.56974E+10  2.47476E+00
 0.380  9.15000E+00  1.17435E+09  8.63061E+09  1.17008E+10  1.02790E+09  1.02297E+08  2.62300E+10  9.27367E-01
 0.390  9.33750E+00  1.21806E+09  8.68498E+09  1.18231E+10  1.07357E+09  9.48013E+07  2.61500E+10  1.02434E+00
 0.400  9.60000E+00  1.25351E+09  8.79622E+09  1.20188E+10  1.13114E+09  7.00650E+07  2.65116E+10  8.22902E-01
 0.410  1.06500E+01  1.27357E+09  8.90941E+09  1.22145E+10  1.16768E+09  5.20856E+07  2.94831E+10  5.67225E-01
 0.420  1.14750E+01  1.27824E+09  8.99661E+09  1.23696E+10  1.14404E+09  4.47696E+07  3.15341E+10  4.27219E-01
 0.430  1.23000E+01  1.49843E+09  9.03470E+09  1.24573E+10  1.32581E+09  3.32117E+07  3.31019E+10  3.65600E-01
 0.440  1.36875E+01  1.53119E+09  9.10433E+09  1.25847E+10  1.34343E+09  3.54210E+07  3.69319E+10  3.46046E-01
