  36
 0.150       623296         7133       271659
 0.160       671580         7920       300221
 0.170       703731         9436       325737
 0.180       753531        10897       360870
 0.190       816528        11645       402466
 0.200       958863        14300       472491
 0.210      1126320        22547       549583
 0.220      1288674        27402       629268
 0.230      1467263        29853       721347
 0.240      1744662        32058       857262
 0.250      1957705        36059       981496
 0.260      2188468        38851      1081973
 0.270      2844534        44268      1392185
 0.280      3084059        48837      1509628
 0.290      3278349        51448      1587054
 0.300      3426410        53886      1651915
 0.310      3532679        59410      1726878
 0.320      3826858        63322      1867758
 0.330      4093864        67950      1971363
 0.340      4287623        74932      2058799
 0.350      4493215        81664      2155291
 0.360      4642127        86762      2277429
 0.370      4939330        89964      2405899
 0.380      5151862        94242      2498175
 0.390      5186039        97226      2563621
 0.400      5287724       103736      2637121
 0.410      5594449       109159      2780732
 0.420      5922787       117818      2938223
 0.430      6119336       125027      3036157
 0.440      6336926       134032      3116700
 0.450      6408043       143173      3188372
 0.460      6492928       146086      3249561
 0.470      6648952       148873      3320494
 0.480      6764447       152779      3364302
 0.490      6854640       154571      3399366
 0.500      6866131       156408      3434349
