  32
 0.100   1.000   0.500  2.95788E-02  3.17561E-02  2.25624E-02
 0.110   1.134   0.669  1.01519E-01  1.22369E-01  7.25938E-02
 0.120   1.000   0.500  1.03991E+00  1.08946E+00  7.95575E-01
 0.130   1.532   0.500  8.00151E-01  9.97575E-01  5.56828E-01
 0.140   1.000   0.500  7.50505E+00  8.37299E+00  5.70710E+00
 0.150   1.707   0.500  8.89330E+00  9.51513E+00  7.77759E+00
 0.160   2.618   0.596  1.03143E+01  1.00558E+01  1.06634E+01
 0.170   2.314   0.826  1.10796E+01  1.20501E+01  9.52248E+00
 0.180   3.049   0.517  1.26817E+01  1.23157E+01  1.32557E+01
 0.190   4.280   1.028  1.19104E+01  1.23772E+01  1.14467E+01
 0.200   2.446   0.502  1.38952E+01  1.34044E+01  1.45234E+01
 0.210   3.633   1.401  1.61733E+01  1.61506E+01  1.49293E+01
 0.220   4.092   0.947  1.13340E+01  1.14595E+01  1.12034E+01
 0.230   3.986   0.957  1.86921E+01  1.97628E+01  1.68995E+01
 0.240   3.396   0.500  2.06910E+01  2.00061E+01  2.12713E+01
 0.250   4.885   0.515  1.43830E+01  1.36642E+01  1.56139E+01
 0.260   6.393   0.658  6.45359E+00  6.44671E+00  6.84020E+00
 0.270   7.991   1.746  6.13709E+00  6.34980E+00  5.94477E+00
 0.280   9.435   1.426  7.42681E+00  7.29161E+00  7.57964E+00
 0.290   9.312   1.532  9.45967E+00  1.00137E+01  8.73869E+00
 0.300   8.792   1.382  1.02444E+01  1.04521E+01  9.35042E+00
 0.310   9.476   1.614  1.35252E+01  1.34069E+01  1.29759E+01
 0.320   9.830   1.515  1.41618E+01  1.35751E+01  1.51233E+01
 0.330   9.083   1.181  1.78450E+01  1.84019E+01  1.57325E+01
 0.340   9.147   1.265  1.44424E+01  1.38698E+01  1.60715E+01
 0.350   9.244   1.297  1.89973E+01  1.90267E+01  1.83556E+01
 0.360   8.711   0.971  1.41846E+01  1.48247E+01  1.35408E+01
 0.370   9.983   1.206  1.26423E+01  1.23709E+01  1.28649E+01
 0.380  11.963   1.565  1.41898E+01  1.39955E+01  1.45552E+01
 0.390  10.895   1.379  1.28402E+01  1.30095E+01  1.24759E+01
 0.400  11.001   1.567  1.17288E+01  1.22564E+01  1.15933E+01
 0.410  10.920   2.876  1.17781E+01  1.10777E+01  1.34633E+01
