  32
 0.100  6.75000E+00  8.14973E+09  7.20533E+01
 0.110  8.75000E+00  1.37127E+10  8.20904E+01
 0.120  1.17500E+01  2.47627E+10  9.51951E+01
 0.130  1.47500E+01  3.87742E+10  1.06319E+02
 0.140  1.82500E+01  5.94661E+10  1.18369E+02
 0.150  2.12500E+01  7.88609E+10  1.26324E+02
 0.160  2.42500E+01  9.45619E+10  1.29490E+02
 0.170  2.70000E+01  1.10262E+11  1.32515E+02
 0.180  3.32500E+01  1.73975E+11  1.49997E+02
 0.190  3.80000E+01  2.17560E+11  1.56903E+02
 0.200  4.17500E+01  2.50309E+11  1.60562E+02
 0.210  4.57500E+01  2.83035E+11  1.63102E+02
 0.220  5.35000E+01  3.96871E+11  1.78600E+02
 0.230  5.75000E+01  4.34045E+11  1.80164E+02
 0.240  6.12500E+01  4.59488E+11  1.79605E+02
 0.250  6.45000E+01  4.77862E+11  1.78487E+02
 0.260  6.82500E+01  5.04961E+11  1.78366E+02
 0.270  7.22500E+01  5.39656E+11  1.79215E+02
 0.280  7.57500E+01  5.52856E+11  1.77153E+02
 0.290  7.87500E+01  5.61686E+11  1.75128E+02
 0.300  8.17500E+01  5.73591E+11  1.73697E+02
 0.310  8.52500E+01  5.92893E+11  1.72932E+02
 0.320  8.95000E+01  6.21996E+11  1.72869E+02
 0.330  9.32500E+01  6.47426E+11  1.72784E+02
 0.340  9.75000E+01  6.79473E+11  1.73108E+02
 0.350  1.01500E+02  7.00263E+11  1.72239E+02
 0.360  1.05500E+02  7.20478E+11  1.71363E+02
 0.370  1.10000E+02  7.63678E+11  1.72780E+02
 0.380  1.14750E+02  8.01536E+11  1.73308E+02
 0.390  1.17750E+02  8.09176E+11  1.71900E+02
 0.400  1.21500E+02  8.21193E+11  1.70478E+02
 0.410  1.24750E+02  8.26367E+11  1.68772E+02
