  45
 0.120  6.67921E+06  1.16909E+07  1.42080E+07  6.02313E+06  2.38895E+06  2.86245E+08  1.39138E-02
 0.130  2.41159E+07  1.36201E+07  1.67215E+07  2.34062E+07  8.42402E+05  3.64395E+08  1.41565E-02
 0.140  2.01570E+07  1.20840E+07  1.49685E+07  1.92578E+07  1.12014E+06  3.26401E+08  1.05701E-02
 0.150  3.53261E+07  2.07319E+07  2.51213E+07  3.29936E+07  6.30878E+06  3.67804E+08  8.97581E-02
 0.160  3.77384E+07  3.16690E+07  3.84473E+07  3.47112E+07  7.84476E+06  4.25834E+08  1.15380E-01
 0.170  5.30116E+07  5.05450E+07  6.08480E+07  5.05028E+07  1.94631E+07  4.00477E+08  1.90876E-01
 0.180  1.67651E+08  7.21474E+07  8.73156E+07  1.64659E+08  1.83095E+07  5.40232E+08  2.61351E-01
 0.190  5.02567E+06  9.54432E+07  1.15059E+08  4.60144E+06  3.59478E+07  3.12517E+08  1.49290E-01
 0.200  1.35905E+07  1.07719E+08  1.34511E+08  1.26673E+07  1.09199E+06  4.54101E+08  1.15662E-02
 0.210  1.05047E+07  1.26369E+08  1.59353E+08  8.86453E+06  1.01859E+07  4.90848E+08  8.49636E-02
 0.220  3.79018E+07  1.44101E+08  1.82906E+08  3.50997E+07  9.53756E+06  5.45553E+08  1.08393E-01
 0.230  1.05833E+08  2.33867E+08  2.91115E+08  1.01220E+08  5.65265E+07  8.63557E+08  7.71340E-01
 0.240  6.78894E+07  3.91575E+08  4.87748E+08  6.45857E+07  6.98272E+07  7.74184E+08  7.10232E-01
 0.250  2.02730E+08  6.32592E+08  7.65740E+08  1.97037E+08  2.50446E+08  8.31216E+08  3.72617E+00
 0.260  4.08012E+08  1.08939E+09  1.32133E+09  4.00980E+08  3.57010E+08  9.95165E+08  4.59607E+00
 0.270  4.84168E+08  1.93283E+09  2.35515E+09  4.78444E+08  5.79533E+08  1.28208E+09  6.04815E+00
 0.280  3.19958E+08  2.30807E+09  2.86929E+09  3.13295E+08  3.03436E+08  1.33986E+09  3.21707E+00
 0.290  3.16634E+08  3.13896E+09  3.91309E+09  3.12252E+08  6.24783E+08  1.59642E+09  6.76599E+00
 0.300  2.49269E+08  3.59982E+09  4.55355E+09  2.45579E+08  3.74368E+08  1.74208E+09  4.05286E+00
 0.310  1.98614E+08  3.88773E+09  4.98745E+09  1.94789E+08  2.18253E+08  1.73160E+09  2.32056E+00
 0.320  1.19321E+08  4.02172E+09  5.22293E+09  1.16003E+08  1.54187E+08  1.74000E+09  1.55378E+00
 0.330  1.74183E+08  4.02684E+09  5.28301E+09  1.69296E+08  1.12193E+08  1.70409E+09  1.37137E+00
 0.340  9.03271E+07  4.15584E+09  5.49659E+09  8.73213E+07  9.82564E+07  1.71473E+09  9.36456E-01
 0.350  7.70034E+07  4.10993E+09  5.48853E+09  7.45739E+07  4.34054E+07  1.64040E+09  4.51774E-01
 0.360  6.87042E+07  4.16202E+09  5.59564E+09  6.65151E+07  4.67853E+07  1.70866E+09  5.42899E-01
 0.370  5.53582E+07  3.96749E+09  5.37107E+09  5.38466E+07  3.32322E+07  1.54105E+09  3.30143E-01
 0.380  5.06732E+07  4.08476E+09  5.55920E+09  4.81686E+07  3.19807E+07  1.64248E+09  3.86908E-01
 0.390  1.14573E+08  4.10532E+09  5.61105E+09  1.12005E+08  4.57103E+07  1.66559E+09  5.70868E-01
 0.400  1.15758E+08  4.22916E+09  5.78152E+09  1.12838E+08  9.84271E+07  1.65387E+09  1.00153E+00
 0.410  7.36371E+07  4.39363E+09  6.03052E+09  7.10137E+07  5.10337E+07  1.75247E+09  5.94875E-01
 0.420  2.59314E+08  4.45193E+09  6.11037E+09  2.54563E+08  1.44056E+08  1.76669E+09  2.13520E+00
 0.430  1.88225E+09  6.61715E+09  8.74871E+09  1.86851E+09  1.30181E+09  2.47087E+09  1.84031E+01
 0.440  7.47798E+08  1.02061E+10  1.31739E+10  7.39910E+08  1.86422E+09  2.91574E+09  1.75166E+01
 0.450  3.84820E+08  1.11432E+10  1.46312E+10  3.78767E+08  5.71902E+08  3.05109E+09  6.32482E+00
 0.460  2.22281E+08  1.11456E+10  1.48121E+10  2.18696E+08  3.52910E+08  2.85796E+09  3.76003E+00
 0.470  2.19679E+08  1.16134E+10  1.55996E+10  2.15602E+08  2.26102E+08  2.96205E+09  3.00230E+00
 0.480  1.99354E+08  1.18866E+10  1.61018E+10  1.95942E+08  1.85587E+08  3.11195E+09  2.26846E+00
 0.490  2.05917E+08  1.21078E+10  1.64947E+10  2.02102E+08  2.32449E+08  3.14321E+09  2.43820E+00
 0.500  4.64273E+08  1.30888E+10  1.78053E+10  4.58366E+08  6.72826E+08  3.35430E+09  7.24402E+00
 0.510  3.34684E+08  1.37187E+10  1.87293E+10  3.31333E+08  3.75021E+08  3.42205E+09  3.86379E+00
 0.520  2.33175E+08  1.39713E+10  1.91803E+10  2.30744E+08  1.99787E+08  3.44301E+09  2.10775E+00
 0.530  1.64909E+08  1.41779E+10  1.95725E+10  1.62698E+08  1.25839E+08  3.52864E+09  1.30650E+00
 0.540  2.15586E+08  1.41596E+10  1.96325E+10  2.12770E+08  1.34636E+08  3.48823E+09  1.56312E+00
 0.550  3.12290E+08  1.44194E+10  2.00202E+10  3.08564E+08  2.75383E+08  3.50943E+09  3.50895E+00
 0.560  1.95426E+08  1.47643E+10  2.05598E+10  1.93162E+08  1.93796E+08  3.58742E+09  1.89393E+00
