  16
 0.100   1.000   0.500  1.05174E+00  1.14437E+00  9.40156E-01
 0.110   1.322   0.654  5.29153E-01  5.78796E-01  4.55498E-01
 0.120   1.140   0.500  5.48190E+00  5.83832E+00  4.29340E+00
 0.130   2.029   0.763  4.91321E+00  4.80094E+00  5.26349E+00
 0.140   1.459   0.500  7.51397E+00  8.66742E+00  5.64723E+00
 0.150   1.511   0.500  2.79306E+01  2.95003E+01  2.32078E+01
 0.160   1.406   0.500  1.87633E+01  1.84059E+01  1.94581E+01
 0.170   1.000   0.500  1.06452E+01  1.03845E+01  1.11294E+01
 0.180   1.092   0.500  1.72236E+01  1.73943E+01  1.42712E+01
 0.190   1.993   0.500  1.58230E+01  1.53975E+01  1.66588E+01
 0.200   2.305   0.500  1.32205E+01  1.21499E+01  1.56255E+01
 0.210   1.836   0.500  8.28360E+00  9.37904E+00  6.09720E+00
 0.220   1.000   0.500  2.20513E+01  2.04289E+01  2.46549E+01
 0.230   1.322   0.503  7.02391E+00  7.49635E+00  6.72420E+00
 0.240   2.746   0.500  9.01328E+00  9.13488E+00  8.41150E+00
 0.250   4.116   0.500  6.47796E+00  6.30660E+00  7.00815E+00
