  16
 0.100   1.000   0.500  1.39923E+08  1.60043E+08  1.39148E+08  8.88241E+01  0.00000E+00  0.00000E+00  0.00000E+00  1.39923E+08  1.60043E+08  1.39148E+08
 0.110   1.322   0.654  8.41914E+07  9.78940E+07  8.34878E+07  1.32037E+02  5.11096E+06  6.12863E+06  5.05230E+06  7.90805E+07  9.17654E+07  7.84355E+07
 0.120   1.140   0.500  5.40829E+08  6.14632E+08  5.38340E+08  9.08396E+01  7.34124E+06  8.94202E+06  7.23059E+06  5.33488E+08  6.05690E+08  5.31109E+08
 0.130   2.029   0.763  9.04248E+08  1.05469E+09  8.99008E+08  1.25294E+02  4.04316E+07  4.92891E+07  3.98868E+07  8.63816E+08  1.00540E+09  8.59121E+08
 0.140   1.459   0.500  9.47697E+08  1.09636E+09  9.41227E+08  1.45441E+02  1.37451E+08  1.69625E+08  1.35087E+08  8.10247E+08  9.26740E+08  8.06140E+08
 0.150   1.511   0.500  2.97221E+09  3.40308E+09  2.96039E+09  1.04890E+02  2.04289E+08  2.53236E+08  2.00757E+08  2.76792E+09  3.14985E+09  2.75964E+09
 0.160   1.406   0.500  4.43075E+09  5.22328E+09  4.40785E+09  1.49490E+02  2.36674E+08  2.95409E+08  2.32180E+08  4.19408E+09  4.92787E+09  4.17567E+09
 0.170   1.000   0.500  4.12564E+09  4.97423E+09  4.09510E+09  2.16583E+02  2.52493E+08  3.17990E+08  2.47000E+08  3.87314E+09  4.65624E+09  3.84810E+09
 0.180   1.092   0.500  3.36585E+09  4.03020E+09  3.33884E+09  2.38674E+02  2.17913E+08  2.78212E+08  2.12214E+08  3.14794E+09  3.75199E+09  3.12662E+09
 0.190   1.993   0.500  3.28927E+09  3.91647E+09  3.26272E+09  2.41618E+02  1.14927E+09  1.44203E+09  1.13011E+09  2.14000E+09  2.47444E+09  2.13262E+09
 0.200   2.305   0.500  4.81004E+09  5.80661E+09  4.77329E+09  2.55674E+02  1.17062E+09  1.48586E+09  1.14884E+09  3.63942E+09  4.32075E+09  3.62445E+09
 0.210   1.836   0.500  2.98516E+09  3.68356E+09  2.94884E+09  3.99445E+02  6.11397E+08  7.89355E+08  5.95896E+08  2.37376E+09  2.89420E+09  2.35295E+09
 0.220   1.000   0.500  8.79005E+09  1.08509E+10  8.69668E+09  3.89139E+02  5.95539E+08  7.70482E+08  5.79455E+08  8.19451E+09  1.00804E+10  8.11723E+09
 0.230   1.322   0.503  4.85491E+09  6.10009E+09  4.78540E+09  5.19436E+02  6.37876E+08  8.32569E+08  6.18580E+08  4.21703E+09  5.26752E+09  4.16682E+09
 0.240   2.746   0.500  3.67961E+09  4.59712E+09  3.62260E+09  5.63121E+02  9.07662E+08  1.17362E+09  8.83765E+08  2.77195E+09  3.42350E+09  2.73883E+09
 0.250   4.116   0.500  4.66438E+09  5.90514E+09  4.58693E+09  6.36930E+02  9.56951E+08  1.24592E+09  9.29772E+08  3.70742E+09  4.65922E+09  3.65716E+09
