  16
 0.100 -6.13309E-02  2.16116E-02  3.43093E-02  9.95190E+00 -6.79954E+00  1.43465E+00   1.000  1.67273E+08  3.11880E+08  3.40324E+08  0.00000E+00  1.61139E+09  1.77444E+00  1.22561E+02   8.368   8.283
 0.110 -6.09547E-02 -1.77448E-01  7.66894E-02  1.25329E+01 -3.04243E+00  9.33501E-01   1.322  4.35002E+08  6.29228E+08  5.25383E+08  3.36314E+07  2.27475E+09  2.26502E+00  1.54989E+02   8.208   8.345
 0.120  1.90749E-02  6.57238E-03 -2.69081E-02 -1.14626E+01  3.98311E+00 -5.99270E+00   1.140  6.78857E+08  1.25561E+09  1.07583E+09  4.42802E+07  2.39596E+09  7.46663E+00  1.39003E+02   8.423   8.374
 0.130  2.31758E-02 -8.25200E-03  6.78817E-02  6.07799E+00 -1.04657E+01 -5.33266E+00   2.029  1.08368E+09  1.74603E+09  1.87362E+09  2.16289E+08  5.44597E+09  7.17644E+00  1.71483E+02   8.407   8.437
 0.140  5.63588E-03 -2.32444E-02  4.34837E-02  4.29026E+00 -3.40136E+00  6.83301E+00   1.459  1.58351E+09  3.26552E+09  4.44260E+09  1.23772E+09  5.53826E+09  2.17317E+01  1.90309E+02   8.573   8.519
 0.150  2.81558E-02  2.76696E-03 -4.59136E-03  2.57651E+00  2.54765E+00 -2.68364E+00   1.511  2.20674E+09  5.03543E+09  7.36672E+09  1.47646E+09  6.95784E+09  3.53046E+01  1.98228E+02   8.639   8.541
 0.160 -7.61906E-03 -1.73247E-02 -1.00681E-02  7.60364E+00  5.01249E+00  6.96586E+00   1.406  1.78233E+09  4.04845E+09  9.50090E+09  1.55079E+09  6.83446E+09  2.43660E+01  2.43080E+02   8.748   8.606
 0.170 -2.13384E-02 -2.56369E-03 -8.57968E-03  3.96908E+00  5.53192E+00  4.75183E+00   1.000  1.39860E+09  3.16089E+09  1.06649E+10  1.50038E+09  5.21659E+09  2.02572E+01  2.99491E+02   8.794   8.665
 0.180 -1.29435E-02  2.27097E-03  2.60157E-02 -1.63492E+01 -3.68196E-01  4.33431E+00   1.092  1.82756E+09  4.73853E+09  1.62605E+10  4.44417E+09  6.97306E+09  3.16336E+01  3.52140E+02   8.805   8.686
 0.190 -7.03571E-03  1.37339E-02 -5.58872E-02 -1.12769E+00 -5.71405E+00 -5.58841E+00   1.993  2.63944E+09  5.36084E+09  2.20386E+10  6.38735E+09  1.51666E+10  2.99608E+01  4.12548E+02   8.691   8.668
 0.200  1.87388E-02  2.12888E-02 -9.03515E-02  1.11449E+01  8.50347E+00  4.09168E+00   2.305  1.55592E+09  3.69855E+09  2.47948E+10  6.75725E+09  1.76969E+10  2.17401E+01  4.80495E+02   8.844   8.678
 0.210 -5.11054E-02  2.15302E-02  1.35794E-02 -8.28409E+00  2.61147E+00 -6.97743E+00   1.836  3.12003E+09  5.35289E+09  2.59508E+10  6.38286E+09  1.49074E+10  3.26616E+01  5.52648E+02   8.585   8.693
 0.220 -1.28946E-03 -6.96528E-05 -1.78434E-03 -4.10091E+00  3.55114E+00  3.53550E+00   1.000  1.52733E+09  4.83367E+09  2.81251E+10  7.43272E+09  8.61986E+09  3.13051E+01  5.84398E+02   8.974   8.741
 0.230  2.95549E-03 -6.14283E-03 -5.86919E-04 -2.85064E+00  7.24307E+00 -7.24585E+00   1.322  1.54402E+09  3.55335E+09  3.34377E+10  9.02879E+09  1.27002E+10  2.12922E+01  6.66639E+02   8.835   8.739
 0.240 -1.98790E-02  1.77597E-02  1.45695E-02 -1.26634E+01  4.58568E+00  6.44445E+00   2.746  1.93401E+09  3.42358E+09  4.08939E+10  1.29538E+10  2.82232E+10  1.74025E+01  7.66501E+02   8.704   8.711
 0.250  4.12591E-02  2.44425E-01  7.49738E-02 -1.41204E+01  1.10606E+01  5.52406E+00   4.116  1.76420E+09  2.87210E+09  4.47953E+10  1.53389E+10  4.52425E+10  1.21490E+01  8.79086E+02   8.681   8.700
