  16
 0.100  8.75000E+00  1.88152E+10  9.61578E+01
 0.110  1.17500E+01  3.29765E+10  1.09854E+02
 0.120  1.47500E+01  4.96191E+10  1.20271E+02
 0.130  1.85000E+01  8.04373E+10  1.36734E+02
 0.140  2.35000E+01  1.30069E+11  1.54272E+02
 0.150  2.70000E+01  1.59558E+11  1.59408E+02
 0.160  3.25000E+01  2.32161E+11  1.75262E+02
 0.170  3.65000E+01  2.74735E+11  1.79905E+02
 0.180  3.95000E+01  2.89507E+11  1.77527E+02
 0.190  4.27500E+01  3.15360E+11  1.78102E+02
 0.200  5.00000E+01  4.28193E+11  1.91897E+02
 0.210  5.42500E+01  4.79520E+11  1.94957E+02
 0.220  5.80000E+01  5.09030E+11  1.94264E+02
 0.230  6.02500E+01  5.02572E+11  1.89389E+02
 0.240  6.27500E+01  5.02329E+11  1.85533E+02
 0.250  6.52500E+01  5.00104E+11  1.81541E+02
