  43
 0.140       599408         5289       272455
 0.150       708916         8942       319001
 0.160       763949         9456       359071
 0.170       844885        11257       401619
 0.180       972579        14334       462474
 0.190      1112883        15238       542117
 0.200      1299037        16289       622641
 0.210      1606024        18779       766665
 0.220      2067553        29377      1013294
 0.230      2777376        37529      1353846
 0.240      3732740        48268      1842608
 0.250      4568516        74015      2256664
 0.260      5442910        82909      2714295
 0.270      6362453        91542      3176585
 0.280      7260880       119614      3607134
 0.290      8020239       137117      3913135
 0.300      9198895       163184      4512433
 0.310      9837075       184147      4915022
 0.320     10454020       225563      5252637
 0.330     11171177       314976      5564501
 0.340     11575293       372743      5752987
 0.350     12025342       442932      5934716
 0.360     12167396       484803      6107773
 0.370     12630176       519285      6285089
 0.380     12968438       547582      6435978
 0.390     13350582       579807      6596223
 0.400     13724563       640940      6727398
 0.410     13874385       679490      6821881
 0.420     14059349       741303      6930396
 0.430     14078506       790398      7026675
 0.440     14105041       832146      7134517
 0.450     14252050       865781      7226404
 0.460     14560683       914525      7387243
 0.470     14859082       977630      7581423
 0.480     15210301      1039220      7852426
 0.490     16020219      1122681      8195299
 0.500     16517568      1185737      8365795
 0.510     16910674      1240046      8494785
 0.520     17115545      1316738      8604895
 0.530     17386788      1392240      8780697
 0.540     17882154      1455593      9014233
 0.550     18419841      1523490      9224193
 0.560     18806760      1618733      9388590
