  42
 0.150       891235         9082       418451
 0.160      1102176        12109       521568
 0.170      1381296        14874       649458
 0.180      1877542        20304       905426
 0.190      2898251        38375      1390554
 0.200      3507617        47220      1706626
 0.210      3860181        54094      1846459
 0.220      4168177        66441      1992734
 0.230      4437846        73331      2138307
 0.240      4794987        80657      2284268
 0.250      5068650        91437      2432163
 0.260      5225018        98606      2567770
 0.270      5631678       124937      2821471
 0.280      5969851       137512      3043888
 0.290      6367845       152025      3212460
 0.300      6764825       159774      3415134
 0.310      7593864       169956      3819796
 0.320      8190269       199402      4129417
 0.330      8984998       228396      4421954
 0.340      9532855       256319      4672130
 0.350      9884702       269107      4869946
 0.360     10256963       288550      5069695
 0.370     10507069       304721      5226851
 0.380     11063979       325783      5362444
 0.390     11237300       346361      5499005
 0.400     11565966       379590      5708493
 0.410     11891981       403027      5885772
 0.420     12342277       420683      6068712
 0.430     12662789       447298      6273470
 0.440     13114965       472230      6527553
 0.450     13744015       491805      6887032
 0.460     14599818       507394      7361327
 0.470     16145720       573970      8120792
 0.480     17051758       581013      8593353
 0.490     17563833       584236      8885080
 0.500     18068302       588726      9109013
 0.510     18454063       592560      9368411
 0.520     18971241       596253      9657571
 0.530     19417499       599799      9889929
 0.540     20113592       609612     10177060
 0.550     20752416       614102     10425223
 0.560     20939141       620349     10565404
