  40
 0.110   1.000   0.753  1.49183E+06  1.67966E+06  1.48485E+06  8.05371E+01  0.00000E+00  0.00000E+00  0.00000E+00  1.49183E+06  1.67966E+06  1.48485E+06
 0.120   1.231   0.982  4.19507E+06  4.79363E+06  4.17276E+06  1.01389E+02  3.47233E+05  4.25265E+05  3.42132E+05  3.84784E+06  4.36836E+06  3.83062E+06
 0.130   1.219   0.906  1.32165E+07  1.50281E+07  1.31449E+07  1.11938E+02  1.77686E+06  2.16892E+06  1.75205E+06  1.14397E+07  1.28591E+07  1.13928E+07
 0.140   1.717   0.691  9.85083E+06  1.13720E+07  9.77727E+06  1.53355E+02  1.68267E+06  2.07717E+06  1.65365E+06  8.16815E+06  9.29485E+06  8.12361E+06
 0.150   1.246   1.073  2.90707E+06  3.57147E+06  2.86363E+06  3.11665E+02  7.36240E+05  9.09474E+05  7.24886E+05  2.17083E+06  2.66199E+06  2.13874E+06
 0.160   1.965   1.200  1.40352E+07  1.74159E+07  1.38208E+07  3.49598E+02  5.42381E+06  6.75801E+06  5.33640E+06  8.61136E+06  1.06579E+07  8.48442E+06
 0.170   2.082   0.609  1.71116E+07  2.12352E+07  1.68384E+07  3.89330E+02  5.94206E+06  7.47479E+06  5.83756E+06  1.11695E+07  1.37604E+07  1.10009E+07
 0.180   2.321   1.027  1.98738E+07  2.51605E+07  1.94682E+07  5.12097E+02  8.80894E+06  1.12230E+07  8.60595E+06  1.10648E+07  1.39375E+07  1.08623E+07
 0.190   2.300   1.196  1.85659E+07  2.34890E+07  1.81548E+07  5.71308E+02  7.33880E+06  9.39667E+06  7.15682E+06  1.12271E+07  1.40923E+07  1.09980E+07
 0.200   2.562   1.230  2.18813E+07  2.81494E+07  2.13111E+07  7.00901E+02  1.04351E+07  1.34649E+07  1.01450E+07  1.14462E+07  1.46845E+07  1.11661E+07
 0.210   2.704   0.834  2.49182E+07  3.23342E+07  2.41694E+07  8.28537E+02  1.25358E+07  1.63011E+07  1.21461E+07  1.23824E+07  1.60331E+07  1.20233E+07
 0.220   2.957   1.493  3.54463E+07  4.62371E+07  3.43098E+07  9.25117E+02  1.91801E+07  2.50669E+07  1.85351E+07  1.62663E+07  2.11702E+07  1.57747E+07
 0.230   3.807   1.452  3.60228E+07  4.70652E+07  3.47901E+07  1.01671E+03  1.84944E+07  2.43327E+07  1.77953E+07  1.75284E+07  2.27325E+07  1.69948E+07
 0.240   4.254   1.314  4.31750E+07  5.63324E+07  4.16997E+07  1.06008E+03  2.30429E+07  3.04056E+07  2.21698E+07  2.01321E+07  2.59268E+07  1.95299E+07
 0.250   4.560   1.489  3.26988E+07  4.24226E+07  3.15822E+07  1.08327E+03  1.61633E+07  2.13056E+07  1.55161E+07  1.65355E+07  2.11171E+07  1.60661E+07
 0.260   5.123   2.364  4.09948E+07  5.38282E+07  3.94266E+07  1.24625E+03  2.18410E+07  2.87701E+07  2.09495E+07  1.91538E+07  2.50581E+07  1.84771E+07
 0.270   4.346   2.136  9.53468E+07  1.24287E+08  9.21514E+07  1.18655E+03  5.83051E+07  7.72755E+07  5.61723E+07  3.70418E+07  4.70113E+07  3.59792E+07
 0.280   6.020   2.203  7.98363E+07  9.99086E+07  7.80979E+07  8.19083E+02  3.44841E+07  4.57622E+07  3.32348E+07  4.53522E+07  5.41464E+07  4.48630E+07
 0.290   5.978   2.545  8.01218E+07  1.04446E+08  7.75305E+07  1.22573E+03  4.17958E+07  5.57241E+07  4.01538E+07  3.83260E+07  4.87215E+07  3.73767E+07
 0.300   6.092   2.413  1.51453E+08  1.99154E+08  1.46601E+08  1.28543E+03  1.00970E+08  1.34738E+08  9.72972E+07  5.04826E+07  6.44154E+07  4.93034E+07
 0.310   7.435   2.341  9.04791E+07  1.18261E+08  8.75567E+07  1.31912E+03  4.54880E+07  6.12161E+07  4.34990E+07  4.49911E+07  5.70453E+07  4.40577E+07
 0.320   7.720   2.807  1.57685E+08  2.03029E+08  1.53369E+08  1.17920E+03  6.61135E+07  8.91808E+07  6.32037E+07  9.15715E+07  1.13849E+08  9.01650E+07
 0.330   5.664   2.970  1.81753E+08  2.32966E+08  1.77049E+08  1.16301E+03  7.16937E+07  9.68371E+07  6.85673E+07  1.10059E+08  1.36129E+08  1.08481E+08
 0.340   7.194   2.898  2.31707E+08  2.92799E+08  2.27465E+08  8.88459E+02  8.39518E+07  1.12127E+08  8.10394E+07  1.47755E+08  1.80672E+08  1.46425E+08
 0.350   8.319   3.184  2.09610E+08  2.71700E+08  2.05125E+08  1.07365E+03  7.50360E+07  1.00515E+08  7.21664E+07  1.34574E+08  1.71185E+08  1.32959E+08
 0.360   8.888   4.326  2.34421E+08  3.04829E+08  2.29583E+08  1.09342E+03  7.31922E+07  9.90539E+07  7.01896E+07  1.61229E+08  2.05775E+08  1.59394E+08
 0.370   6.900   2.821  1.55333E+08  2.02706E+08  1.51680E+08  1.24991E+03  4.87160E+07  6.63825E+07  4.64237E+07  1.06617E+08  1.36324E+08  1.05257E+08
 0.380   8.876   3.684  2.41809E+08  3.08804E+08  2.37509E+08  1.00462E+03  5.75652E+07  7.85549E+07  5.49270E+07  1.84244E+08  2.30249E+08  1.82581E+08
 0.390   9.041   3.990  2.87978E+08  3.81371E+08  2.81492E+08  1.33068E+03  9.92514E+07  1.34202E+08  9.53797E+07  1.88726E+08  2.47169E+08  1.86112E+08
 0.400   8.263   2.824  2.61484E+08  3.45742E+08  2.55697E+08  1.34215E+03  7.21760E+07  9.86565E+07  6.88663E+07  1.89308E+08  2.47085E+08  1.86831E+08
 0.410  10.170   2.199  3.02093E+08  3.98205E+08  2.95787E+08  1.32456E+03  9.45882E+07  1.28066E+08  9.10304E+07  2.07505E+08  2.70138E+08  2.04756E+08
 0.420  10.512   2.767  4.16189E+08  5.48043E+08  4.08222E+08  1.27740E+03  1.20723E+08  1.63238E+08  1.16453E+08  2.95466E+08  3.84805E+08  2.91769E+08
 0.430  10.681   3.398  5.76267E+08  7.46564E+08  5.67770E+08  1.05438E+03  1.45760E+08  1.96249E+08  1.41301E+08  4.30507E+08  5.50315E+08  4.26469E+08
 0.440  11.544   2.855  5.64809E+08  7.43831E+08  5.55459E+08  1.20581E+03  1.41895E+08  1.92742E+08  1.37055E+08  4.22914E+08  5.51089E+08  4.18404E+08
 0.450  10.581   2.438  5.83740E+08  7.63782E+08  5.74390E+08  1.18957E+03  1.23954E+08  1.68404E+08  1.19395E+08  4.59786E+08  5.95378E+08  4.54995E+08
 0.460  10.827   2.458  6.33609E+08  8.35804E+08  6.23345E+08  1.25377E+03  1.49321E+08  2.03499E+08  1.44309E+08  4.84288E+08  6.32305E+08  4.79036E+08
 0.470  12.388   2.665  6.98563E+08  9.26000E+08  6.86960E+08  1.31919E+03  1.72360E+08  2.34793E+08  1.66749E+08  5.26203E+08  6.91207E+08  5.20211E+08
 0.480  10.807   1.688  6.14575E+08  8.23376E+08  6.03485E+08  1.46313E+03  1.18184E+08  1.62750E+08  1.13435E+08  4.96392E+08  6.60627E+08  4.90051E+08
 0.490  11.624   1.797  6.91121E+08  9.26774E+08  6.78717E+08  1.50576E+03  1.29018E+08  1.78065E+08  1.23842E+08  5.62103E+08  7.48709E+08  5.54874E+08
 0.500  12.280   1.617  8.00888E+08  1.08177E+09  7.86793E+08  1.57052E+03  1.39287E+08  1.91950E+08  1.34051E+08  6.61601E+08  8.89820E+08  6.52741E+08
