  40
 0.110  7.25000E+00  8.12105E+09  6.94019E+01
 0.120  9.50000E+00  1.33658E+10  7.77803E+01
 0.130  1.12500E+01  1.85405E+10  8.41819E+01
 0.140  1.30000E+01  2.14337E+10  8.41997E+01
 0.150  1.40000E+01  2.21707E+10  8.25201E+01
 0.160  1.50000E+01  2.22142E+10  7.98001E+01
 0.170  1.60000E+01  2.25465E+10  7.78420E+01
 0.180  1.70000E+01  2.28672E+10  7.60530E+01
 0.190  1.80000E+01  2.33923E+10  7.47539E+01
 0.200  1.92500E+01  2.49569E+10  7.46644E+01
 0.210  2.10000E+01  2.76765E+10  7.52801E+01
 0.220  2.30000E+01  3.20644E+10  7.74252E+01
 0.230  2.87500E+01  5.41006E+10  8.99532E+01
 0.240  3.17500E+01  6.37734E+10  9.29356E+01
 0.250  3.47500E+01  7.55619E+10  9.66959E+01
 0.260  3.80000E+01  8.68187E+10  9.91172E+01
 0.270  4.07500E+01  9.65036E+10  1.00912E+02
 0.280  4.60000E+01  1.23603E+11  1.07491E+02
 0.290  4.97500E+01  1.40565E+11  1.10224E+02
 0.300  5.32500E+01  1.57875E+11  1.12910E+02
 0.310  5.77500E+01  1.82960E+11  1.16717E+02
 0.320  6.05000E+01  1.92529E+11  1.16978E+02
 0.330  6.35000E+01  1.98220E+11  1.15857E+02
 0.340  6.57500E+01  2.04269E+11  1.15581E+02
 0.350  6.82500E+01  2.08227E+11  1.14538E+02
 0.360  7.02500E+01  2.07808E+11  1.12783E+02
 0.370  7.20000E+01  2.04208E+11  1.10434E+02
 0.380  7.32500E+01  2.01362E+11  1.08722E+02
 0.390  7.47500E+01  2.00620E+11  1.07428E+02
 0.400  7.67500E+01  2.02691E+11  1.06564E+02
 0.410  7.92500E+01  2.07427E+11  1.06088E+02
 0.420  8.10000E+01  2.10056E+11  1.05599E+02
 0.430  8.30000E+01  2.12061E+11  1.04816E+02
 0.440  8.50000E+01  2.14185E+11  1.04092E+02
 0.450  8.70000E+01  2.15488E+11  1.03202E+02
 0.460  8.87500E+01  2.16178E+11  1.02343E+02
 0.470  9.05000E+01  2.15648E+11  1.01224E+02
 0.480  9.17500E+01  2.13751E+11  1.00089E+02
 0.490  9.40000E+01  2.14308E+11  9.90123E+01
 0.500  9.60000E+01  2.15147E+11  9.81673E+01
