  40
 0.110  1.08750E+00  4.71779E+07  2.06982E+07  2.42463E+07  4.43032E+07  9.64951E+06  5.04150E+08  1.00746E-01
 0.120  1.42500E+00  7.69552E+07  5.09792E+07  5.95312E+07  7.09649E+07  2.56236E+07  1.00323E+09  3.38437E-01
 0.130  1.68750E+00  2.92775E+08  9.52139E+07  1.12479E+08  2.84162E+08  2.66309E+07  1.72387E+09  3.58371E-01
 0.140  1.95000E+00  2.42122E+08  1.60577E+08  1.89984E+08  2.27012E+08  6.91249E+07  2.07513E+09  7.75336E-01
 0.150  2.10000E+00  1.99178E+08  2.24396E+08  2.69350E+08  1.82585E+08  6.03549E+07  2.09467E+09  7.31033E-01
 0.160  2.25000E+00  9.55505E+07  2.33074E+08  2.87629E+08  8.92563E+07  1.24670E+07  2.30318E+09  7.27443E-02
 0.170  2.40000E+00  1.68197E+08  2.61710E+08  3.27198E+08  1.55274E+08  1.22615E+07  2.69235E+09  1.56086E-01
 0.180  2.55000E+00  1.29510E+08  2.82159E+08  3.55746E+08  1.16240E+08  2.06920E+07  2.86270E+09  1.50105E-01
 0.190  2.70000E+00  1.23276E+08  2.96543E+08  3.77646E+08  1.09550E+08  9.48882E+06  2.98683E+09  9.30250E-02
 0.200  2.88750E+00  7.24069E+07  3.16020E+08  4.06272E+08  5.92791E+07  4.21810E+06  3.26742E+09  1.92697E-02
 0.210  3.15000E+00  1.07720E+08  3.34790E+08  4.33984E+08  8.60310E+07  1.57903E+06  3.81929E+09  1.70444E-02
 0.220  3.45000E+00  2.16349E+08  3.88949E+08  5.05230E+08  1.71961E+08  1.51877E+07  4.93176E+09  1.40877E-01
 0.230  4.31250E+00  2.40651E+08  4.39367E+08  5.72074E+08  1.92045E+08  1.63250E+07  5.98978E+09  1.49778E-01
 0.240  4.76250E+00  3.49283E+08  4.70033E+08  6.15150E+08  2.85211E+08  7.40758E+06  7.92956E+09  6.70487E-02
 0.250  5.21250E+00  3.03189E+08  4.96886E+08  6.53013E+08  2.15076E+08  6.86416E+06  8.09068E+09  7.64990E-02
 0.260  5.70000E+00  4.01556E+08  4.84912E+08  6.41740E+08  2.98171E+08  2.22734E+06  8.19876E+09  3.01721E-02
 0.270  6.11250E+00  1.39895E+09  9.15782E+08  1.19093E+09  1.19219E+09  8.45059E+07  1.61864E+10  1.41399E+00
 0.280  6.90000E+00  1.06623E+09  8.84481E+08  1.15052E+09  8.82284E+08  6.95883E+07  1.28524E+10  7.49031E-01
 0.290  7.46250E+00  9.09845E+08  9.93828E+08  1.30067E+09  7.25386E+08  4.05588E+07  1.52041E+10  4.21619E-01
 0.300  7.98750E+00  1.40999E+09  1.23266E+09  1.60563E+09  1.14977E+09  1.10982E+08  1.99328E+10  1.39138E+00
 0.310  8.66250E+00  1.19300E+09  1.16779E+09  1.53244E+09  9.51463E+08  3.72670E+07  1.71930E+10  2.82547E-01
 0.320  9.07500E+00  2.96405E+09  1.39177E+09  1.81248E+09  2.55147E+09  1.46022E+08  2.33525E+10  2.03235E+00
 0.330  9.52500E+00  3.20278E+09  2.35017E+09  2.99787E+09  2.71034E+09  4.63205E+08  2.78686E+10  5.70200E+00
 0.340  9.86250E+00  2.84504E+09  2.65419E+09  3.41210E+09  2.42240E+09  2.58518E+08  2.64962E+10  2.86409E+00
 0.350  1.02375E+01  1.82823E+09  3.17395E+09  4.11580E+09  1.54768E+09  1.91664E+08  3.01238E+10  1.86399E+00
 0.360  1.05375E+01  2.09709E+09  3.17772E+09  4.17097E+09  1.75328E+09  7.98242E+07  2.96378E+10  9.51009E-01
 0.370  1.08000E+01  2.23474E+09  3.46106E+09  4.56446E+09  1.90393E+09  1.69975E+08  3.27323E+10  2.41734E+00
 0.380  1.09875E+01  2.32039E+09  3.71156E+09  4.90447E+09  1.98408E+09  1.97134E+08  3.24379E+10  2.05962E+00
 0.390  1.12125E+01  2.43994E+09  3.95493E+09  5.25008E+09  2.12722E+09  1.63636E+08  3.41176E+10  1.86228E+00
 0.400  1.15125E+01  2.26091E+09  4.34906E+09  5.77908E+09  1.98352E+09  2.06668E+08  3.62687E+10  2.01775E+00
 0.410  1.18875E+01  1.99906E+09  4.61813E+09  6.16154E+09  1.73804E+09  1.64440E+08  3.75722E+10  1.63127E+00
 0.420  1.21500E+01  1.94366E+09  4.77161E+09  6.40988E+09  1.65380E+09  1.14857E+08  3.90025E+10  1.58305E+00
 0.430  1.24500E+01  2.18990E+09  5.04618E+09  6.79660E+09  1.85056E+09  1.37344E+08  4.03927E+10  1.19624E+00
 0.440  1.27500E+01  1.98857E+09  5.17582E+09  7.02736E+09  1.75457E+09  6.76128E+07  4.23185E+10  5.87402E-01
 0.450  1.30500E+01  2.30416E+09  5.26318E+09  7.17025E+09  2.00608E+09  8.43644E+07  4.37224E+10  9.17205E-01
 0.460  1.33125E+01  2.22070E+09  5.32693E+09  7.29822E+09  1.96662E+09  5.56507E+07  4.47292E+10  4.46221E-01
 0.470  1.35750E+01  2.41149E+09  5.36981E+09  7.38776E+09  2.12546E+09  5.01728E+07  4.51793E+10  5.94469E-01
 0.480  1.37625E+01  1.97848E+09  5.37057E+09  7.42683E+09  1.76187E+09  2.26983E+07  4.47760E+10  2.13177E-01
 0.490  1.41000E+01  2.09613E+09  5.46517E+09  7.58102E+09  1.88342E+09  4.56096E+07  4.57949E+10  5.39092E-01
 0.500  1.44000E+01  1.86487E+09  5.52122E+09  7.68437E+09  1.63865E+09  3.25655E+07  4.68029E+10  4.07364E-01
