  40
 0.110   1.000  9.69760E-02  9.13361E-02  1.00513E-01
 0.120   1.231  3.07767E-01  2.85410E-01  2.61693E-01
 0.130   1.219  2.51123E-01  3.11577E-01  2.16886E-01
 0.140   1.717  6.67694E-01  6.72844E-01  6.77431E-01
 0.150   1.246  3.09843E-01  2.54063E-01  3.34970E-01
 0.160   1.965  5.84654E-02  4.02342E-02  1.29714E-01
 0.170   2.082  1.33004E-01  1.50085E-01  1.14223E-01
 0.180   2.321  1.17944E-01  9.19415E-02  1.95910E-01
 0.190   2.300  6.70173E-02  6.08569E-02  8.26574E-02
 0.200   2.562  1.54089E-02  1.19152E-02  3.84965E-02
 0.210   2.704  1.20835E-02  1.41288E-02  1.53634E-02
 0.220   2.957  1.19067E-01  8.68451E-02  1.55089E-01
 0.230   3.807  1.39874E-01  1.35154E-01  1.61259E-01
 0.240   4.254  5.32141E-02  5.64233E-02  7.14772E-02
 0.250   4.560  7.24079E-02  7.66748E-02  6.47016E-02
 0.260   5.123  2.02117E-02  2.20549E-02  1.78255E-02
 0.270   4.346  1.04685E+00  1.23542E+00  6.82912E-01
 0.280   6.020  5.78672E-01  6.10994E-01  6.54053E-01
 0.290   5.978  3.68629E-01  3.32130E-01  3.98141E-01
 0.300   6.092  1.30101E+00  1.31384E+00  1.15017E+00
 0.310   7.435  2.72885E-01  2.36769E-01  4.11006E-01
 0.320   7.720  1.89509E+00  2.02939E+00  1.49223E+00
 0.330   5.664  5.40066E+00  5.42087E+00  4.78744E+00
 0.340   7.194  2.76496E+00  2.80426E+00  2.70837E+00
 0.350   8.319  1.68228E+00  1.53140E+00  2.06351E+00
 0.360   8.888  8.80516E-01  9.47425E-01  8.23687E-01
 0.370   6.900  2.35133E+00  2.67739E+00  1.81883E+00
 0.380   8.876  1.90641E+00  1.80597E+00  2.05557E+00
 0.390   9.041  1.68356E+00  1.77166E+00  1.70459E+00
 0.400   8.263  1.96066E+00  1.96049E+00  2.15625E+00
 0.410  10.170  1.62482E+00  1.51813E+00  1.86498E+00
 0.420  10.512  1.57130E+00  1.73109E+00  1.26706E+00
 0.430  10.681  1.17563E+00  1.02631E+00  1.53325E+00
 0.440  11.544  5.36726E-01  5.21146E-01  7.07222E-01
 0.450  10.581  8.74975E-01  8.49355E-01  8.94087E-01
 0.460  10.827  4.34863E-01  4.08378E-01  5.74769E-01
 0.470  12.388  4.77917E-01  4.27210E-01  4.99717E-01
 0.480  10.807  2.02398E-01  1.96699E-01  2.31478E-01
 0.490  11.624  5.29566E-01  5.12644E-01  5.10050E-01
 0.500  12.280  3.13109E-01  3.02258E-01  3.09546E-01
