  46
 0.100   0.713   0.500  1.61781E-02  1.68117E-02  1.56341E-02
 0.110   0.900   0.500  2.63219E-02  3.28564E-02  1.92474E-02
 0.120   1.121   0.898  2.29711E-03  2.41628E-03  2.89023E-03
 0.130   1.433   0.760  1.24803E-01  1.53915E-01  7.64781E-02
 0.140   1.560   0.908  3.43360E-01  3.77218E-01  3.21959E-01
 0.150   1.808   0.500  4.23425E-01  3.86268E-01  5.09346E-01
 0.160   2.214   1.131  1.03285E+00  1.20005E+00  7.71861E-01
 0.180   3.306   1.325  7.58454E-01  8.32642E-01  6.86946E-01
 0.190   3.527   1.143  3.27970E+00  3.29882E+00  2.80282E+00
 0.200   4.199   1.341  2.47417E+00  2.53955E+00  2.38287E+00
 0.210   3.188   2.067  4.45980E+00  4.83167E+00  3.61990E+00
 0.220   2.658   0.823  5.72624E+00  5.54168E+00  5.73279E+00
 0.230   2.970   0.970  4.10673E+00  3.69804E+00  4.90586E+00
 0.240   3.421   0.887  2.33418E+00  2.09814E+00  2.62693E+00
 0.250   4.064   1.074  2.64462E+00  2.65498E+00  2.37029E+00
 0.260   4.324   1.437  3.45698E+00  3.62439E+00  3.31001E+00
 0.270   4.885   1.346  5.90934E+00  5.40347E+00  7.08046E+00
 0.280   5.046   1.493  4.18526E+00  4.39634E+00  3.65898E+00
 0.290   5.670   1.192  5.05906E+00  4.90959E+00  5.28882E+00
 0.300   5.915   1.484  2.38389E+00  2.30663E+00  2.63013E+00
 0.310   6.602   2.713  3.36398E+00  3.44530E+00  3.17901E+00
 0.320   6.221   1.888  2.98048E+00  2.87637E+00  2.96793E+00
 0.330   7.339   2.121  3.09279E+00  3.04419E+00  3.18852E+00
 0.340   4.729   2.309  7.10013E+00  7.33512E+00  6.21228E+00
 0.350   5.758   1.346  9.93022E+00  8.63727E+00  1.33316E+01
 0.360   5.120   1.111  6.46414E+00  6.35217E+00  6.36080E+00
 0.370   4.247   0.684  6.04054E+00  6.21248E+00  5.81036E+00
 0.380   4.583   0.500  5.52760E+00  5.56310E+00  5.68849E+00
 0.390   5.501   2.556  1.11466E+01  1.14934E+01  8.54230E+00
 0.400   3.978   0.500  4.88628E+01  4.67724E+01  4.77946E+01
 0.410   1.381   0.500  2.56274E+01  2.47845E+01  2.83521E+01
 0.420   1.134   0.500  2.33143E+01  2.27903E+01  2.33084E+01
 0.430   4.059   1.069  1.45057E+00  1.43024E+00  1.14145E+00
 0.440   7.324   0.684  2.12628E+00  2.09255E+00  2.20202E+00
 0.450   7.423   0.667  1.57605E+00  1.55394E+00  1.65653E+00
 0.460   7.905   1.007  8.12201E-01  7.82934E-01  8.44673E-01
 0.470   7.331   0.882  1.81539E+00  2.04988E+00  1.34812E+00
 0.480   7.258   1.011  1.32426E+00  1.34710E+00  1.19185E+00
 0.490   6.421   0.779  7.22494E-01  7.40890E-01  6.76356E-01
 0.500   6.206   1.047  6.48835E-01  6.58952E-01  6.36460E-01
 0.510   6.297   0.909  4.39135E-01  4.26272E-01  4.69412E-01
 0.520   6.072   0.852  2.98579E-01  2.94164E-01  2.99564E-01
 0.530   6.131   0.724  2.40146E-01  2.47550E-01  2.35519E-01
 0.540   6.149   0.729  2.02378E-01  2.07976E-01  2.07491E-01
 0.550   5.887   0.649  1.33794E-01  1.29939E-01  1.27377E-01
 0.561   5.730   0.620  5.95111E-02  4.44583E-02  7.71772E-02
