  46
 0.100  7.12500E-01  3.10253E+07  9.77374E+06  1.12230E+07  3.00403E+07  6.00000E+06  2.49415E+08  8.05733E-02
 0.110  9.00000E-01  3.62595E+07  1.63829E+07  1.90317E+07  3.52169E+07  8.71654E+06  3.38622E+08  8.91394E-02
 0.120  1.35000E+00  9.79418E+07  4.00069E+07  4.78695E+07  9.58580E+07  8.88327E+06  1.16668E+09  9.01888E-02
 0.130  1.65000E+00  2.82027E+08  1.06296E+08  1.22992E+08  2.67103E+08  6.12045E+07  1.60224E+09  9.08865E-01
 0.140  1.95000E+00  3.81790E+08  3.06700E+08  3.55733E+08  3.62378E+08  1.82846E+08  2.02566E+09  2.11518E+00
 0.150  2.28750E+00  2.15663E+08  4.11499E+08  4.92513E+08  2.04076E+08  1.07958E+08  2.49664E+09  8.36236E-01
 0.160  2.96250E+00  8.86967E+08  5.79159E+08  6.95197E+08  8.41223E+08  1.48442E+08  3.86144E+09  2.16771E+00
 0.180  3.67500E+00  9.18449E+08  1.33547E+09  1.64086E+09  8.62063E+08  1.93427E+08  7.62303E+09  2.06861E+00
 0.190  4.05000E+00  1.52326E+09  1.86017E+09  2.28328E+09  1.42191E+09  4.28724E+08  9.50603E+09  5.01564E+00
 0.200  4.50000E+00  1.44754E+09  2.28193E+09  2.83321E+09  1.34724E+09  3.07072E+08  1.13160E+10  3.46672E+00
 0.210  4.95000E+00  3.31140E+09  3.24382E+09  3.97770E+09  3.11726E+09  8.58154E+08  1.56658E+10  1.24756E+01
 0.220  5.28750E+00  1.58909E+09  4.76930E+09  5.86632E+09  1.47458E+09  1.12103E+09  1.62258E+10  1.04108E+01
 0.230  5.62500E+00  1.68733E+09  5.35386E+09  6.69508E+09  1.51828E+09  5.65076E+08  1.64270E+10  5.68772E+00
 0.240  6.03750E+00  1.28487E+09  5.86614E+09  7.44727E+09  1.15070E+09  3.54731E+08  1.84013E+10  3.48451E+00
 0.250  6.41250E+00  1.96786E+09  6.20516E+09  7.96140E+09  1.77186E+09  3.05676E+08  2.07133E+10  3.81504E+00
 0.260  6.75000E+00  3.16021E+09  6.68685E+09  8.62520E+09  2.86442E+09  4.21100E+08  2.25789E+10  4.82261E+00
 0.270  7.16250E+00  2.95119E+09  7.71665E+09  9.93899E+09  2.66262E+09  7.97845E+08  2.44239E+10  7.24684E+00
 0.280  7.53750E+00  3.17052E+09  8.29484E+09  1.07569E+10  2.88593E+09  4.97386E+08  2.63390E+10  5.83664E+00
 0.290  7.87500E+00  2.98587E+09  9.03340E+09  1.17559E+10  2.68528E+09  5.98349E+08  2.76515E+10  6.26550E+00
 0.300  8.21250E+00  2.63097E+09  9.34675E+09  1.22648E+10  2.38971E+09  3.05402E+08  2.78358E+10  2.95297E+00
 0.310  8.66250E+00  3.56988E+09  9.77198E+09  1.28911E+10  3.25694E+09  3.55568E+08  3.03046E+10  4.18766E+00
 0.320  9.60000E+00  3.42908E+09  1.01182E+10  1.34248E+10  3.06864E+09  3.18474E+08  3.36134E+10  3.37322E+00
 0.330  1.05750E+01  4.34227E+09  1.06587E+10  1.41817E+10  3.96078E+09  3.96515E+08  4.08074E+10  3.93437E+00
 0.340  1.12125E+01  7.48658E+09  1.31589E+10  1.74198E+10  6.67510E+09  8.83737E+08  6.01563E+10  1.09398E+01
 0.350  1.15875E+01  4.61457E+09  1.37318E+10  1.80375E+10  4.06868E+09  1.44754E+09  4.72806E+10  1.16535E+01
 0.360  1.22250E+01  3.88789E+09  1.49209E+10  1.97295E+10  3.34077E+09  6.95586E+08  4.72366E+10  8.09993E+00
 0.370  1.54125E+01  3.96972E+09  1.63770E+10  2.17738E+10  3.32664E+09  6.93766E+08  6.04468E+10  7.82667E+00
 0.380  1.68375E+01  3.52334E+09  1.72161E+10  2.29823E+10  2.85584E+09  6.07245E+08  6.85766E+10  6.54435E+00
 0.390  1.76250E+01  1.82951E+10  3.95046E+10  5.22035E+10  1.64411E+10  4.53814E+09  1.78570E+11  5.50054E+01
 0.400  1.81875E+01  1.36824E+10  4.48520E+10  5.84132E+10  1.22312E+10  6.23655E+09  1.37488E+11  6.50291E+01
 0.410  1.85625E+01  6.54638E+09  5.15111E+10  6.74328E+10  5.93413E+09  3.79314E+09  1.20717E+11  3.96139E+01
 0.420  1.84875E+01  3.71199E+09  5.40335E+10  7.12084E+10  3.22469E+09  2.78859E+09  1.09327E+11  3.03346E+01
 0.430  1.79625E+01  3.17461E+09  5.58332E+10  7.43480E+10  2.76092E+09  1.18043E+09  1.03390E+11  1.25047E+01
 0.440  1.71750E+01  3.07442E+09  5.68370E+10  7.63960E+10  2.68273E+09  7.12320E+08  1.02082E+11  7.14676E+00
 0.450  1.64625E+01  3.14047E+09  5.66617E+10  7.67399E+10  2.80530E+09  5.19823E+08  9.74489E+10  5.07694E+00
 0.460  1.59000E+01  2.65669E+09  5.65380E+10  7.70718E+10  2.35551E+09  3.44073E+08  9.45848E+10  3.44471E+00
 0.470  1.51875E+01  2.60748E+09  5.65549E+10  7.74821E+10  2.29816E+09  3.69060E+08  9.21647E+10  4.57631E+00
 0.480  1.46250E+01  2.26524E+09  5.66974E+10  7.80545E+10  2.02937E+09  3.30453E+08  9.01633E+10  3.48031E+00
 0.490  1.45125E+01  2.03950E+09  5.69105E+10  7.86817E+10  1.83737E+09  2.47141E+08  8.99293E+10  2.62039E+00
 0.500  1.45125E+01  1.69506E+09  5.70040E+10  7.91039E+10  1.52199E+09  2.04194E+08  9.04200E+10  2.11018E+00
 0.510  1.45875E+01  1.49111E+09  5.70145E+10  7.94066E+10  1.38239E+09  1.57421E+08  9.06094E+10  1.65222E+00
 0.520  1.47000E+01  1.32801E+09  5.70899E+10  7.97769E+10  1.24865E+09  1.33326E+08  9.10717E+10  1.51174E+00
 0.530  1.48125E+01  1.22114E+09  5.71699E+10  8.01405E+10  1.14543E+09  1.12343E+08  9.24483E+10  1.26244E+00
 0.540  1.50375E+01  1.13327E+09  5.70608E+10  8.02211E+10  1.06899E+09  1.03021E+08  9.25139E+10  1.07939E+00
 0.550  1.52250E+01  1.08109E+09  5.71893E+10  8.06213E+10  1.02620E+09  8.71124E+07  9.41085E+10  8.37740E-01
 0.561  1.54500E+01  1.04078E+09  5.71714E+10  8.08149E+10  9.92534E+08  7.78011E+07  9.51066E+10  7.65514E-01
