  46
 0.100  4.75000E+00  2.91038E+09  5.13289E+01
 0.110  6.00000E+00  4.31748E+09  5.56255E+01
 0.120  9.00000E+00  1.15536E+10  7.42969E+01
 0.130  1.10000E+01  1.62485E+10  7.96974E+01
 0.140  1.30000E+01  2.17068E+10  8.47346E+01
 0.150  1.52500E+01  2.75828E+10  8.81898E+01
 0.160  1.97500E+01  5.21961E+10  1.06603E+02
 0.180  2.45000E+01  6.89651E+10  1.10019E+02
 0.190  2.70000E+01  7.75679E+10  1.11146E+02
 0.200  3.00000E+01  9.34651E+10  1.15744E+02
 0.210  3.30000E+01  1.05678E+11  1.17346E+02
 0.220  3.52500E+01  1.13484E+11  1.17658E+02
 0.230  3.75000E+01  1.20179E+11  1.17390E+02
 0.240  4.02500E+01  1.30024E+11  1.17859E+02
 0.250  4.27500E+01  1.38694E+11  1.18112E+02
 0.260  4.50000E+01  1.45558E+11  1.17936E+02
 0.270  4.77500E+01  1.56193E+11  1.18598E+02
 0.280  5.02500E+01  1.62540E+11  1.17936E+02
 0.290  5.25000E+01  1.67830E+11  1.17244E+02
 0.300  5.47500E+01  1.72119E+11  1.16267E+02
 0.310  5.77500E+01  1.82118E+11  1.16449E+02
 0.320  6.40000E+01  2.23916E+11  1.22655E+02
 0.330  7.05000E+01  2.67972E+11  1.27845E+02
 0.340  7.47500E+01  2.87478E+11  1.28597E+02
 0.350  7.72500E+01  2.96270E+11  1.28419E+02
 0.360  8.15000E+01  3.21036E+11  1.30146E+02
 0.370  1.02750E+02  5.60533E+11  1.53160E+02
 0.380  1.12250E+02  6.92572E+11  1.62882E+02
 0.390  1.17500E+02  7.78452E+11  1.68784E+02
 0.400  1.21250E+02  7.98327E+11  1.68261E+02
 0.410  1.23750E+02  7.83062E+11  1.64953E+02
 0.420  1.23250E+02  7.14962E+11  1.57936E+02
 0.430  1.19750E+02  6.02899E+11  1.47136E+02
 0.440  1.14500E+02  4.98662E+11  1.36847E+02
 0.450  1.09750E+02  4.16146E+11  1.27689E+02
 0.460  1.06000E+02  3.49497E+11  1.19070E+02
 0.470  1.01250E+02  2.97891E+11  1.12477E+02
 0.480  9.75000E+01  2.58097E+11  1.06690E+02
 0.490  9.67500E+01  2.39252E+11  1.03118E+02
 0.500  9.67500E+01  2.27480E+11  1.00550E+02
 0.510  9.72500E+01  2.19164E+11  9.84405E+01
 0.520  9.80000E+01  2.13662E+11  9.68245E+01
 0.530  9.87500E+01  2.10013E+11  9.56287E+01
 0.540  1.00250E+02  2.07773E+11  9.44031E+01
 0.550  1.01500E+02  2.06301E+11  9.34871E+01
 0.561  1.03000E+02  2.05179E+11  9.25512E+01
