  26
 0.130   1.640   1.091  2.32001E-02  2.71029E-02  2.19835E-02
 0.140   2.199   1.341  5.80334E-01  5.62505E-01  5.19489E-01
 0.150   2.734   1.523  1.24858E-01  1.51261E-01  8.57996E-02
 0.160   3.209   2.375  6.52502E-01  7.33039E-01  4.73225E-01
 0.170   3.385   1.556  6.82994E-01  8.24800E-01  4.53976E-01
 0.180   3.704   2.629  2.61739E-01  3.00031E-01  2.36379E-01
 0.190   3.666   1.841  3.96842E-01  4.29633E-01  3.16606E-01
 0.200   3.305   1.298  1.79394E+00  2.18235E+00  1.19849E+00
 0.210   2.231   0.354  6.45354E+00  6.36574E+00  6.32529E+00
 0.220   5.238   3.229  4.23909E-01  3.69446E-01  6.34788E-01
 0.230   5.073   3.047  8.82659E-01  9.73664E-01  7.02224E-01
 0.240   4.846   2.528  4.35331E+00  5.41301E+00  2.75159E+00
 0.250   3.669   0.940  9.21346E+00  9.61677E+00  8.26507E+00
 0.260   4.464   1.550  5.27485E+00  4.88127E+00  5.84873E+00
 0.270   6.429   1.530  4.53146E+00  4.53962E+00  4.04637E+00
 0.280   5.140   1.224  2.64981E+00  2.88339E+00  2.15772E+00
 0.290   6.483   1.832  2.47547E+00  2.38887E+00  2.51990E+00
 0.300   5.786   1.771  2.36678E+00  2.33171E+00  2.45405E+00
 0.310   7.921   2.563  1.22433E+00  1.21948E+00  1.19909E+00
 0.320   7.172   2.532  1.09833E+00  1.17550E+00  9.09265E-01
 0.330   8.852   4.084  1.13592E+00  1.15464E+00  1.19433E+00
 0.340   7.575   3.052  1.80097E+00  1.94530E+00  1.54550E+00
 0.350   7.697   2.843  2.69203E+00  2.78974E+00  2.46115E+00
 0.360   5.771   2.163  3.69657E+00  4.07347E+00  2.96707E+00
 0.370   7.171   2.373  6.61907E-01  7.22798E-01  5.87079E-01
 0.380   6.531   2.461  6.53171E-01  6.84999E-01  5.87264E-01
