  26
 0.130   1.640   1.091  4.04406E+06  4.74546E+06  4.01017E+06  1.62914E+02  0.00000E+00  0.00000E+00  0.00000E+00  4.04406E+06  4.74546E+06  4.01017E+06
 0.140   2.199   1.341  5.91538E+07  6.76038E+07  5.89118E+07  9.86522E+01  6.30962E+06  7.75032E+06  6.22045E+06  5.28442E+07  5.98535E+07  5.26914E+07
 0.150   2.734   1.523  2.24213E+07  2.62639E+07  2.22803E+07  1.55422E+02  8.58248E+06  1.04506E+07  8.50491E+06  1.38388E+07  1.58134E+07  1.37754E+07
 0.160   3.209   2.375  6.91275E+07  7.97260E+07  6.88145E+07  1.28378E+02  5.15040E+06  6.39035E+06  5.07393E+06  6.39771E+07  7.33357E+07  6.37405E+07
 0.170   3.385   1.556  8.38526E+07  9.79805E+07  8.31945E+07  2.06747E+02  1.86629E+07  2.33356E+07  1.83554E+07  6.51896E+07  7.46448E+07  6.48392E+07
 0.180   3.704   2.629  7.80265E+07  9.42164E+07  7.72706E+07  2.76977E+02  2.62207E+07  3.31921E+07  2.57614E+07  5.18058E+07  6.10243E+07  5.15092E+07
 0.190   3.666   1.841  1.41216E+08  1.72882E+08  1.39639E+08  3.32101E+02  4.48774E+07  5.68114E+07  4.40619E+07  9.63387E+07  1.16071E+08  9.55771E+07
 0.200   3.305   1.298  2.58813E+08  3.07501E+08  2.56433E+08  2.88154E+02  4.00888E+07  5.13782E+07  3.91556E+07  2.18724E+08  2.56123E+08  2.17277E+08
 0.210   2.231   0.354  7.84852E+08  9.03651E+08  7.82780E+08  1.14090E+02  1.75318E+07  2.25775E+07  1.70684E+07  7.67320E+08  8.81073E+08  7.65711E+08
 0.220   5.238   3.229  5.39297E+08  6.64397E+08  5.34946E+08  3.13598E+02  1.41009E+08  1.77310E+08  1.39242E+08  3.98287E+08  4.87087E+08  3.95704E+08
 0.230   5.073   3.047  6.96279E+08  8.70688E+08  6.89378E+08  4.00637E+02  1.45028E+08  1.85913E+08  1.42620E+08  5.51252E+08  6.84775E+08  5.46759E+08
 0.240   4.846   2.528  7.93239E+08  9.67939E+08  7.85650E+08  3.94947E+02  1.39217E+08  1.80643E+08  1.36413E+08  6.54023E+08  7.87296E+08  6.49237E+08
 0.250   3.669   0.940  1.48897E+09  1.76615E+09  1.48130E+09  2.46207E+02  9.03936E+07  1.18272E+08  8.82657E+07  1.39858E+09  1.64788E+09  1.39303E+09
 0.260   4.464   1.550  1.87150E+09  2.27914E+09  1.85934E+09  3.15641E+02  1.48008E+08  1.93370E+08  1.44586E+08  1.72350E+09  2.08577E+09  1.71475E+09
 0.270   6.429   1.530  1.56857E+09  1.93701E+09  1.55495E+09  4.12063E+02  1.63351E+08  2.14740E+08  1.59247E+08  1.40521E+09  1.72227E+09  1.39570E+09
 0.280   5.140   1.224  1.12709E+09  1.41229E+09  1.11435E+09  5.32256E+02  1.22735E+08  1.62032E+08  1.19326E+08  1.00436E+09  1.25026E+09  9.95020E+08
 0.290   6.483   1.832  1.92074E+09  2.43429E+09  1.89907E+09  5.68570E+02  1.81996E+08  2.41520E+08  1.76670E+08  1.73874E+09  2.19277E+09  1.72240E+09
 0.300   5.786   1.771  1.72769E+09  2.20303E+09  1.70545E+09  6.56701E+02  1.74682E+08  2.32993E+08  1.69236E+08  1.55301E+09  1.97004E+09  1.53622E+09
 0.310   7.921   2.563  1.22661E+09  1.58287E+09  1.20558E+09  8.32955E+02  2.21084E+08  2.93595E+08  2.14202E+08  1.00552E+09  1.28928E+09  9.91379E+08
 0.320   7.172   2.532  1.05976E+09  1.37892E+09  1.03902E+09  9.53209E+02  1.90005E+08  2.52540E+08  1.83865E+08  8.69755E+08  1.12638E+09  8.55156E+08
 0.330   8.852   4.084  1.25611E+09  1.62867E+09  1.23196E+09  9.51838E+02  2.43563E+08  3.22070E+08  2.36236E+08  1.01255E+09  1.30660E+09  9.95722E+08
 0.340   7.575   3.052  1.57047E+09  2.04764E+09  1.53843E+09  1.02462E+03  2.19716E+08  2.94138E+08  2.11975E+08  1.35076E+09  1.75350E+09  1.32646E+09
 0.350   7.697   2.843  1.71864E+09  2.23424E+09  1.68179E+09  1.08202E+03  2.31376E+08  3.11023E+08  2.22538E+08  1.48727E+09  1.92322E+09  1.45925E+09
 0.360   5.771   2.163  1.47948E+09  1.90047E+09  1.44747E+09  1.07052E+03  1.55302E+08  2.10380E+08  1.48236E+08  1.32418E+09  1.69009E+09  1.29923E+09
 0.370   7.171   2.373  8.38479E+08  1.10716E+09  8.12575E+08  1.45653E+03  1.46066E+08  1.97053E+08  1.39301E+08  6.92413E+08  9.10106E+08  6.73275E+08
 0.380   6.531   2.461  8.14356E+08  1.07072E+09  7.89914E+08  1.42151E+03  1.18576E+08  1.60608E+08  1.12623E+08  6.95780E+08  9.10114E+08  6.77291E+08
