  26
 0.130  12.500   1.640  2.54150E+10  2.92845E+09  1.32185E+08  1.56590E+08  2.23544E+10  4.96681E+07  2.45173E+07  2.96547E+07  7.56641E+08  2.18407E+09  1.22169E+08  1.44606E+08  1.75674E+10  1.03096E+08  3.65248E+07  4.39898E+07  1.19935E+09
 0.140  17.750   2.199  5.69324E+10  5.72736E+09  5.87226E+08  6.84784E+08  5.06178E+10  2.07575E+08  2.18186E+08  2.51855E+08  2.49307E+09  3.62309E+09  5.73596E+08  6.68019E+08  3.35105E+10  3.22649E+08  2.52519E+08  2.91507E+08  3.38714E+09
 0.150  20.750   2.734  7.31056E+10  6.62486E+09  8.74851E+08  1.04128E+09  6.56059E+10  2.68131E+08  2.73655E+08  3.28780E+08  2.69892E+09  3.27777E+09  7.22681E+08  8.58098E+08  2.94878E+10  4.86067E+08  3.35805E+08  4.02446E+08  4.09872E+09
 0.160  25.000   3.209  1.06741E+11  9.83993E+09  1.27125E+09  1.52681E+09  9.56295E+10  3.39266E+08  4.04117E+08  4.87571E+08  3.37267E+09  3.95451E+09  1.04242E+09  1.25511E+09  3.44365E+10  6.03403E+08  4.87818E+08  5.87187E+08  5.02862E+09
 0.170  28.250   3.385  1.26656E+11  1.12622E+10  1.89186E+09  2.27445E+09  1.13502E+11  1.23771E+09  6.89781E+08  8.28621E+08  6.35825E+09  5.24617E+09  1.56304E+09  1.87962E+09  3.93863E+10  1.52789E+09  8.39867E+08  1.00917E+09  8.67781E+09
 0.180  31.500   3.704  1.50088E+11  1.20262E+10  2.45177E+09  2.99254E+09  1.35610E+11  5.89106E+08  9.14240E+08  1.11423E+09  6.46101E+09  3.01395E+09  1.81009E+09  2.20595E+09  3.40449E+10  7.74169E+08  1.04413E+09  1.27183E+09  8.17424E+09
 0.190  35.000   3.666  1.71510E+11  1.32067E+10  2.95522E+09  3.64815E+09  1.55348E+11  1.15412E+09  1.44168E+09  1.76763E+09  9.19326E+09  4.01789E+09  2.35043E+09  2.89111E+09  3.82375E+10  1.21534E+09  1.49502E+09  1.83355E+09  9.81979E+09
 0.200  37.500   3.305  1.81653E+11  1.40440E+10  3.76447E+09  4.62978E+09  1.63845E+11  2.71811E+09  2.19179E+09  2.65437E+09  1.15697E+10  6.37176E+09  3.23171E+09  3.95721E+09  4.74476E+10  2.43286E+09  2.04762E+09  2.47554E+09  9.65568E+09
 0.210  40.000   2.231  1.91877E+11  1.27813E+10  5.51864E+09  6.76525E+09  1.73577E+11  1.15735E+09  3.90206E+09  4.71897E+09  1.31737E+10  3.62631E+09  4.90071E+09  5.97619E+09  4.29092E+10  8.07847E+08  3.10783E+09  3.72622E+09  5.93083E+09
 0.220  42.500   5.238  1.99293E+11  1.23183E+10  5.95810E+09  7.47019E+09  1.81017E+11  5.70997E+08  4.14382E+09  5.16005E+09  1.26758E+10  2.88700E+09  5.11987E+09  6.39949E+09  3.90165E+10  9.04722E+08  4.41860E+09  5.51033E+09  1.70304E+10
 0.230  45.250   5.073  2.11549E+11  1.30227E+10  6.17779E+09  7.85470E+09  1.92348E+11  1.03035E+09  4.37950E+09  5.55268E+09  1.41645E+10  3.59215E+09  5.31362E+09  6.74530E+09  3.97849E+10  1.25349E+09  4.54523E+09  5.76556E+09  1.66298E+10
 0.240  48.750   4.846  2.34771E+11  1.44517E+10  7.17701E+09  9.09519E+09  2.13142E+11  2.97234E+09  5.42226E+09  6.84165E+09  1.87367E+10  5.49178E+09  6.41235E+09  8.10241E+09  4.55269E+10  2.95044E+09  5.41290E+09  6.82983E+09  1.85825E+10
 0.250  52.000   3.669  2.51004E+11  1.40939E+10  8.82771E+09  1.11563E+10  2.28083E+11  1.85968E+09  7.14004E+09  8.96557E+09  2.16894E+10  3.49947E+09  8.02544E+09  1.01075E+10  4.82537E+10  1.31669E+09  6.47385E+09  8.11575E+09  1.36856E+10
 0.260  54.750   4.464  2.57672E+11  1.36812E+10  9.77929E+09  1.24789E+10  2.34211E+11  1.43965E+09  8.14234E+09  1.03407E+10  2.32347E+10  3.05023E+09  9.02332E+09  1.14852E+10  4.97442E+10  1.16292E+09  7.75758E+09  9.84266E+09  1.78293E+10
 0.270  57.000   6.429  2.58607E+11  1.35865E+10  1.05831E+10  1.36000E+10  2.34438E+11  1.15028E+09  8.92899E+09  1.14426E+10  2.50926E+10  2.51178E+09  9.77246E+09  1.25447E+10  4.90807E+10  1.36498E+09  9.14410E+09  1.17234E+10  2.91692E+10
 0.280  59.250   5.140  2.62351E+11  1.35034E+10  1.11021E+10  1.43917E+10  2.37746E+11  1.36524E+09  9.39635E+09  1.21448E+10  2.49722E+10  2.65153E+09  1.01849E+10  1.31836E+10  4.62870E+10  1.21021E+09  9.12098E+09  1.17824E+10  2.08517E+10
 0.290  61.250   6.483  2.63303E+11  1.34829E+10  1.14899E+10  1.50184E+10  2.38330E+11  1.54581E+09  9.82257E+09  1.28089E+10  2.66716E+10  2.85659E+09  1.06236E+10  1.38694E+10  4.78713E+10  1.67638E+09  9.93240E+09  1.29539E+10  2.86420E+10
 0.300  63.500   5.786  2.67274E+11  1.37149E+10  1.19115E+10  1.56527E+10  2.41648E+11  1.94023E+09  1.03000E+10  1.35135E+10  2.90697E+10  3.12267E+09  1.10588E+10  1.45189E+10  4.97377E+10  1.69102E+09  1.01079E+10  1.32593E+10  2.58217E+10
 0.310  66.500   7.921  2.77539E+11  1.42431E+10  1.22462E+10  1.61916E+10  2.51050E+11  1.48576E+09  1.06304E+10  1.40420E+10  3.02976E+10  2.96343E+09  1.13978E+10  1.50590E+10  4.99405E+10  2.05686E+09  1.09869E+10  1.45148E+10  3.77717E+10
 0.320  70.250   7.172  2.97459E+11  1.53433E+10  1.24803E+10  1.65973E+10  2.69636E+11  2.21666E+09  1.09167E+10  1.45122E+10  3.34140E+10  3.69826E+09  1.15656E+10  1.53719E+10  5.06367E+10  2.29485E+09  1.09602E+10  1.45698E+10  3.42831E+10
 0.330  73.500   8.852  3.11691E+11  1.61554E+10  1.27155E+10  1.69846E+10  2.82820E+11  2.18213E+09  1.11530E+10  1.48916E+10  3.49802E+10  3.77683E+09  1.17451E+10  1.56796E+10  5.06363E+10  3.11773E+09  1.15413E+10  1.54078E+10  4.38529E+10
 0.340  76.500   7.575  3.22726E+11  1.64642E+10  1.30810E+10  1.75029E+10  2.93181E+11  3.25265E+09  1.14135E+10  1.52832E+10  3.68742E+10  4.54178E+09  1.20502E+10  1.61189E+10  5.13124E+10  3.20260E+09  1.13864E+10  1.52476E+10  3.64289E+10
 0.350  79.500   7.697  3.34305E+11  1.64101E+10  1.36482E+10  1.82603E+10  3.04246E+11  3.55130E+09  1.21221E+10  1.62131E+10  3.98428E+10  4.34439E+09  1.27097E+10  1.69907E+10  5.24716E+10  3.43017E+09  1.20304E+10  1.60917E+10  3.82759E+10
 0.360  83.250   5.771  3.56241E+11  1.69874E+10  1.47119E+10  1.96210E+10  3.24542E+11  3.32058E+09  1.32271E+10  1.76135E+10  4.17559E+10  3.67497E+09  1.36477E+10  1.81767E+10  5.14743E+10  2.66416E+09  1.20336E+10  1.60284E+10  2.66201E+10
 0.370  86.500   7.171  3.71931E+11  1.66269E+10  1.51657E+10  2.03073E+10  3.40138E+11  2.75640E+09  1.37615E+10  1.83986E+10  4.35760E+10  3.10823E+09  1.40665E+10  1.88097E+10  5.14527E+10  2.38932E+09  1.32320E+10  1.76878E+10  3.48291E+10
 0.380  89.500   6.531  3.80892E+11  1.61322E+10  1.56925E+10  2.10502E+10  3.49068E+11  2.05134E+09  1.43615E+10  1.92355E+10  4.61852E+10  2.39614E+09  1.45991E+10  1.95565E+10  5.24523E+10  1.51108E+09  1.33902E+10  1.79248E+10  3.14734E+10
