  26
 0.130        20966  0.54258E-02 -0.24361E-02  0.13288E-02  0.10073E+02 -0.30470E+02 -0.20018E+02 -0.45196E+00  0.75433E+00 -0.47615E+00   1.640   1.091
 0.140        83005  0.14669E-01 -0.54858E-02  0.50088E-02 -0.88586E+00 -0.12471E+01 -0.41329E+02 -0.23461E+00  0.80188E+00  0.54950E+00   2.199   1.341
 0.150        72527 -0.68980E-02 -0.15584E-01 -0.30658E-02 -0.36540E+02 -0.41962E+02 -0.10732E+03 -0.33749E+00  0.90496E+00  0.25914E+00   2.734   1.523
 0.160        80208  0.40898E-03 -0.59984E-02 -0.46351E-02 -0.36555E+02 -0.33283E+02 -0.39709E+02 -0.70529E+00  0.43319E+00  0.56117E+00   3.209   2.375
 0.170       125045  0.15201E-01 -0.12451E-01  0.40537E-02  0.41750E+02 -0.10817E+02  0.14748E+02 -0.72651E+00 -0.50725E+00 -0.46355E+00   3.385   1.556
 0.180        19285  0.47523E-02 -0.10731E-01 -0.64385E-02  0.58657E+01  0.28847E+01  0.20155E+02 -0.24323E+00  0.23677E+00  0.94063E+00   3.704   2.629
 0.190        51709  0.11977E-01  0.27515E-02 -0.19746E-01 -0.14229E+02  0.40476E+02  0.11834E+02 -0.13007E+00 -0.31983E+00 -0.93850E+00   3.666   1.841
 0.200       424582  0.63027E-02  0.61324E-02  0.37476E-02  0.48168E+02  0.16638E+02 -0.72319E+02 -0.93610E+00 -0.74925E-01 -0.34366E+00   3.305   1.298
 0.210       440255 -0.53650E-03 -0.12518E-02  0.32190E-02 -0.65976E+02  0.78762E+01 -0.32007E+03 -0.99152E+00  0.26200E-01 -0.12731E+00   2.231   0.354
 0.220       829761 -0.56201E-03 -0.28100E-02  0.74934E-03  0.41496E+02  0.19559E+02 -0.27493E+02 -0.53758E+00 -0.37650E+00 -0.75449E+00   5.238   3.229
 0.230       503714  0.33297E-02 -0.58759E-03  0.19586E-02 -0.17580E+03  0.14521E+02 -0.16184E+03 -0.72209E+00 -0.16861E+00 -0.67094E+00   5.073   3.047
 0.240       778676 -0.81763E-03 -0.61323E-03  0.16353E-02 -0.33350E+02  0.31563E+02 -0.65208E+02 -0.77565E+00  0.35224E-02 -0.63115E+00   4.846   2.528
 0.250       925113  0.29809E-02 -0.63877E-03  0.21292E-02 -0.96696E+02 -0.35400E+02 -0.21675E+03 -0.92198E+00  0.50540E-01 -0.38394E+00   3.669   0.940
 0.260        29955  0.00000E+00  0.22146E-03 -0.88583E-03  0.98891E+02 -0.11706E+03  0.41250E+02 -0.94558E+00 -0.32395E-01 -0.32376E+00   4.464   1.550
 0.270      1320545 -0.22995E-02 -0.13797E-02  0.00000E+00 -0.42354E+02 -0.75644E+02  0.43152E+02 -0.89176E+00  0.45006E+00  0.46967E-01   6.429   1.530
 0.280       500057 -0.33389E-02 -0.47698E-03 -0.95396E-03 -0.20563E+03  0.27543E+02  0.24640E+02 -0.50453E+00  0.80989E+00  0.29921E+00   5.140   1.224
 0.290      3173682  0.34573E-02  0.12347E-02 -0.49390E-03 -0.42279E+02 -0.26366E+03  0.10176E+03 -0.57664E+00  0.78545E+00  0.22482E+00   6.483   1.832
 0.300      4001413  0.40878E-02 -0.25549E-02  0.20439E-02 -0.16857E+02 -0.22266E+02 -0.18806E+03 -0.43442E+00  0.87064E+00  0.23077E+00   5.786   1.771
 0.310       464245  0.15843E-02 -0.18484E-02 -0.42249E-02 -0.83106E+02  0.13672E+03  0.45750E+02 -0.54196E+00  0.80819E+00  0.23045E+00   7.921   2.563
 0.320      1771327 -0.54516E-03  0.00000E+00 -0.43613E-02 -0.20491E+02  0.80800E+02  0.20015E+03 -0.65240E+00  0.75235E+00  0.91343E-01   7.172   2.532
 0.330      4138255  0.56210E-03  0.30916E-02  0.28105E-02  0.78000E+01  0.96165E+02 -0.83376E+01 -0.74090E+00  0.67146E+00  0.14389E-01   8.852   4.084
 0.340      3750648 -0.23167E-02 -0.26062E-02  0.11583E-02  0.65569E+02  0.38883E+02  0.34250E+02 -0.67682E+00  0.72918E+00 -0.10106E+00   7.575   3.052
 0.350      4751616  0.41726E-02 -0.59608E-03  0.11922E-02  0.27149E+02 -0.11711E+02  0.22347E+03 -0.66008E+00  0.71761E+00 -0.22210E+00   7.697   2.843
 0.360       565083  0.18400E-02 -0.27600E-02  0.42933E-02  0.85175E+02 -0.31214E+02  0.31375E+01 -0.64960E+00  0.60787E+00 -0.45664E+00   5.771   2.163
 0.370      1867954  0.18906E-02 -0.18906E-02  0.18906E-02 -0.56814E+02  0.46577E+00 -0.26115E+01 -0.75838E+00  0.26756E+00 -0.59437E+00   7.171   2.373
 0.380      3060920 -0.32364E-02  0.48546E-02  0.00000E+00  0.20191E+03  0.59644E+02 -0.54764E+02 -0.32582E+00  0.41889E+00 -0.84757E+00   6.531   2.461
