  26
 0.130  1.25000E+01  2.54150E+10  9.35028E+01
 0.140  1.77500E+01  5.69324E+10  1.17440E+02
 0.150  2.07500E+01  7.31056E+10  1.23084E+02
 0.160  2.50000E+01  1.06741E+11  1.35497E+02
 0.170  2.82500E+01  1.26656E+11  1.38848E+02
 0.180  3.15000E+01  1.50088E+11  1.43137E+02
 0.190  3.50000E+01  1.71510E+11  1.45159E+02
 0.200  3.75000E+01  1.81653E+11  1.44325E+02
 0.210  4.00000E+01  1.91877E+11  1.43620E+02
 0.220  4.25000E+01  1.99293E+11  1.41999E+02
 0.230  4.52500E+01  2.11549E+11  1.41785E+02
 0.240  4.87500E+01  2.34771E+11  1.43903E+02
 0.250  5.20000E+01  2.51004E+11  1.44070E+02
 0.260  5.47500E+01  2.57672E+11  1.42258E+02
 0.270  5.70000E+01  2.58607E+11  1.39675E+02
 0.280  5.92500E+01  2.62351E+11  1.37985E+02
 0.290  6.12500E+01  2.63303E+11  1.35959E+02
 0.300  6.35000E+01  2.67274E+11  1.34532E+02
 0.310  6.65000E+01  2.77539E+11  1.33963E+02
 0.320  7.02500E+01  2.97459E+11  1.34935E+02
 0.330  7.35000E+01  3.11691E+11  1.35037E+02
 0.340  7.65000E+01  3.22726E+11  1.34685E+02
 0.350  7.95000E+01  3.34305E+11  1.34469E+02
 0.360  8.32500E+01  3.56241E+11  1.35648E+02
 0.370  8.65000E+01  3.71931E+11  1.35974E+02
 0.380  8.95000E+01  3.80892E+11  1.35277E+02
