  26
 0.130 -2.82557E-01 -4.84779E-01 -1.62761E-01 -1.66180E+01 -6.12943E-01 -2.16503E+00   1.640  1.03096E+08  1.07219E+08  3.65248E+07  0.00000E+00  1.19935E+09  1.00068E-01  2.28534E+02   7.361   7.252
 0.140  6.26481E-02 -5.86274E-02 -2.55183E-01  9.12088E+00 -1.05718E+01  1.25741E+01   2.199  3.22649E+08  4.71913E+08  2.52519E+08  4.10498E+07  3.38714E+09  2.18268E+00  1.20258E+02   7.943   7.608
 0.150  8.20805E-02  4.11118E-01 -6.92463E-02  2.91328E+01  2.12108E+01 -7.72605E-01   2.734  4.86067E+08  5.02293E+08  3.35805E+08  8.72041E+07  4.09872E+09  6.13683E-01  1.89148E+02   7.675   7.633
 0.160  4.98810E-01  4.96940E-01 -2.01315E-02 -3.17187E+01 -8.87453E+00 -2.87186E+01   3.209  6.03403E+08  6.60585E+08  4.87818E+08  1.26185E+08  5.02862E+09  1.63113E+00  2.22968E+02   7.874   7.680
 0.170 -2.02656E-01  5.77012E-02  1.96148E-01  5.78366E+01 -2.04013E+01 -5.16337E+01   3.385  1.52789E+09  1.66667E+09  8.39867E+08  2.63306E+08  8.67781E+09  3.68189E+00  2.51444E+02   7.887   7.744
 0.180 -8.44981E-01  7.69909E-02 -1.84524E-01 -5.43400E-01 -5.08689E+01  6.36362E+00   3.704  7.74169E+08  9.30574E+08  1.04413E+09  3.09685E+08  8.17424E+09  2.28774E+00  2.91170E+02   7.957   7.832
 0.190 -5.58187E-01 -4.77828E-01  2.94345E-01  1.49955E+01  7.54197E+01 -4.00307E+01   3.666  1.21534E+09  1.37249E+09  1.49502E+09  4.77019E+08  9.81979E+09  3.82256E+00  3.32889E+02   7.986   7.850
 0.200  1.30424E-01  5.12366E-03  1.14780E-01  1.15049E+00  2.62485E+01 -1.67550E+01   3.305  2.43286E+09  2.97884E+09  2.04762E+09  4.22866E+08  9.65568E+09  9.45608E+00  3.16722E+02   8.077   7.951
 0.210  3.39707E-03  1.34755E-02 -6.96594E-03  5.85693E-01 -7.48970E-01  7.06948E-01   2.231  8.07847E+08  2.02675E+09  3.10783E+09  2.91006E+08  5.93083E+09  1.19184E+01  2.51875E+02   8.606   8.273
 0.220  6.83279E-01 -3.74476E-01  1.26390E-01 -4.50333E+01 -3.59914E+01  1.14753E+01   5.238  9.04722E+08  1.06427E+09  4.41860E+09  9.11373E+08  1.70304E+10  1.65958E+00  3.92853E+02   8.319   8.301
 0.230 -3.74736E-01  1.91751E-01  3.91412E-01 -9.84840E+00  1.14654E+01 -4.64468E+01   5.073  1.25349E+09  1.27378E+09  4.54523E+09  9.58878E+08  1.66298E+10  2.14268E+00  5.01562E+02   8.111   8.316
 0.240  2.24633E-01  3.78620E-01 -5.84561E-01 -2.70746E+01 -1.82063E+00  2.21586E+01   4.846  2.95044E+09  3.52495E+09  5.41290E+09  1.05719E+09  1.85825E+10  1.26764E+01  5.42338E+02   8.182   8.305
 0.250  1.48122E-01  7.48789E-02 -3.03601E-01  4.59592E-01 -7.58797E+00 -2.34482E+00   3.669  1.31669E+09  2.38413E+09  6.47385E+09  8.39180E+08  1.36856E+10  1.30693E+01  5.19849E+02   8.534   8.400
 0.260  6.25764E-02  1.41335E-01 -8.10951E-02  2.08946E+01 -1.22510E+00 -3.20084E+01   4.464  1.16292E+09  1.84774E+09  7.75758E+09  1.15138E+09  1.78293E+10  7.61131E+00  5.91414E+02   8.542   8.445
 0.270  5.11920E-02  1.84857E-01 -3.97960E-01 -8.05959E+00 -7.95378E+00 -7.27875E+00   6.429  1.36498E+09  1.80852E+09  9.14410E+09  1.67206E+09  2.91692E+10  7.28247E+00  6.87229E+02   8.467   8.457
 0.280  1.48568E-01 -1.88473E-01  6.54380E-01  2.45321E+01  1.13920E+01 -2.25047E+01   5.140  1.21021E+09  1.58280E+09  9.12098E+09  1.32451E+09  2.08517E+10  5.78554E+00  7.64345E+02   8.414   8.497
 0.290 -3.37248E-01  1.09960E-01 -5.04096E-01 -1.61515E+00 -6.32213E+00 -2.55606E+00   6.483  1.67638E+09  1.81111E+09  9.93240E+09  1.64582E+09  2.86420E+10  3.39278E+00  8.78256E+02   8.278   8.493
 0.300  5.71263E-01  4.98652E-01 -3.04213E-03  6.74501E-01  5.71379E+00 -1.78885E+01   5.786  1.69102E+09  1.85613E+09  1.01079E+10  1.51953E+09  2.58217E+10  3.87733E+00  9.74604E+02   8.273   8.503
 0.310  1.81524E-01  3.91349E-01  2.31103E-01 -1.72504E+00 -4.97439E+00 -3.95757E+01   7.921  2.05686E+09  1.97695E+09  1.09869E+10  1.97150E+09  3.77717E+10  2.68063E+00  1.09921E+03   8.210   8.485
 0.320  1.26238E+00  1.00098E+00 -1.03714E+00 -2.96700E+01 -2.14803E+01 -6.83189E+01   7.172  2.29485E+09  2.19234E+09  1.09602E+10  1.86027E+09  3.42831E+10  1.88012E+00  1.21778E+03   8.128   8.490
 0.330  3.14591E-01  6.32739E-01 -1.55498E-01  2.19528E+00  3.78943E-01 -2.89207E+01   8.852  3.11773E+09  2.84108E+09  1.15413E+10  2.16767E+09  4.38529E+10  1.70397E+00  1.34028E+03   8.082   8.476
 0.340  2.49652E-01  4.63785E-01 -5.70122E-01 -8.06190E+00  9.02581E-01 -4.23811E+01   7.575  3.20260E+09  3.08929E+09  1.13864E+10  1.92557E+09  3.64289E+10  2.76997E+00  1.45557E+03   8.106   8.482
 0.350 -4.68260E-03 -2.59484E-01 -1.05206E+00 -2.18283E+01 -1.60375E+01 -1.06444E+01   7.697  3.43017E+09  3.45365E+09  1.20304E+10  2.03312E+09  3.82759E+10  5.22611E+00  1.53090E+03   8.179   8.469
 0.360 -8.54892E-02 -3.29542E-01 -5.52984E-01 -8.58175E+00 -1.35785E+01  1.24123E+01   5.771  2.66416E+09  3.14094E+09  1.20336E+10  1.58303E+09  2.66201E+10  8.10008E+00  1.56417E+03   8.300   8.484
 0.370  3.57850E-01 -2.68058E-01 -8.05569E-01  9.23362E+00 -3.02680E+01 -8.25540E+00   7.171  2.38932E+09  2.48033E+09  1.32320E+10  1.99761E+09  3.48291E+10  4.15609E+00  1.65167E+03   8.317   8.468
 0.380 -7.81254E-02  8.77695E-02  3.26301E-01  2.08321E-01  2.03516E+01 -3.56092E+00   6.531  1.51108E+09  1.74565E+09  1.33902E+10  1.84774E+09  3.14734E+10  4.88851E+00  1.73628E+03   8.427   8.477
