  26
 0.130 -2.82557E-01 -4.84779E-01 -1.62761E-01 -1.66180E+01 -6.12943E-01 -2.16503E+00 -4.51961E-01  7.54329E-01 -4.76150E-01  1.12765E+01   1.640   1.091  1.06331E+08  1.02701E+08  4.04406E+06  0.00000E+00  1.00597E+08  2.32001E-02  1.62914E+02   7.351   7.255
 0.140  6.26481E-02 -5.86274E-02 -2.55183E-01  9.12088E+00 -1.05718E+01  1.25741E+01 -2.34605E-01  8.01881E-01  5.49497E-01  6.06338E+01   2.199   1.341  3.54688E+08  3.72596E+08  5.91538E+07  6.30962E+06  4.38970E+08  5.80334E-01  9.86522E+01   7.912   7.633
 0.150  8.20805E-02  4.11118E-01 -6.92463E-02  2.91328E+01  2.12108E+01 -7.72605E-01 -3.37486E-01  9.04959E-01  2.59138E-01  7.41681E+01   2.734   1.523  4.61173E+08  4.36581E+08  2.24213E+07  8.58248E+06  3.50178E+08  1.24858E-01  1.55422E+02   7.678   7.587
 0.160  4.98810E-01  4.96940E-01 -2.01315E-02 -3.17187E+01 -8.87453E+00 -2.87186E+01 -7.05287E-01  4.33193E-01  5.61173E-01  9.82816E+01   3.209   2.375  6.44253E+08  6.11833E+08  6.91275E+07  5.15040E+06  3.49098E+08  6.52502E-01  1.28378E+02   7.864   7.733
 0.170 -2.02656E-01  5.77012E-02  1.96148E-01  5.78366E+01 -2.04013E+01 -5.16337E+01 -7.26508E-01 -5.07254E-01 -4.63550E-01  1.44755E+02   3.385   1.556  1.37997E+09  1.31863E+09  8.38526E+07  1.86629E+07  9.95248E+08  6.82994E-01  2.06747E+02   7.897   7.731
 0.180 -8.44981E-01  7.69909E-02 -1.84524E-01 -5.43400E-01 -5.08689E+01  6.36362E+00 -2.43234E-01  2.36765E-01  9.40627E-01  1.23053E+02   3.704   2.629  7.53050E+08  6.98550E+08  7.80265E+07  2.62207E+07  5.38487E+08  2.61739E-01  2.76977E+02   7.958   7.783
 0.190 -5.58187E-01 -4.77828E-01  2.94345E-01  1.49955E+01  7.54197E+01 -4.00307E+01 -1.30073E-01 -3.19831E-01 -9.38504E-01  7.31143E+01   3.666   1.841  1.12623E+09  1.06965E+09  1.41216E+08  4.48774E+07  9.20174E+08  3.96842E-01  3.32101E+02   7.996   7.856
 0.200  1.30424E-01  5.12366E-03  1.14780E-01  1.15049E+00  2.62485E+01 -1.67550E+01 -9.36100E-01 -7.49246E-02 -3.43660E-01  9.64332E+01   3.305   1.298  2.16870E+09  2.19951E+09  2.58813E+08  4.00888E+07  9.70722E+08  1.79394E+00  2.88154E+02   8.077   7.972
 0.210  3.39707E-03  1.34755E-02 -6.96594E-03  5.85693E-01 -7.48970E-01  7.06948E-01 -9.91517E-01  2.61999E-02 -1.27311E-01  2.29567E+01   2.231   0.354  6.42215E+08  1.20234E+09  7.84852E+08  1.75318E+07  3.66889E+08  6.45354E+00  1.14090E+02   8.665   8.471
 0.220  6.83279E-01 -3.74476E-01  1.26390E-01 -4.50333E+01 -3.59914E+01  1.14753E+01 -5.37582E-01 -3.76496E-01 -7.54491E-01  3.38204E+02   5.238   3.229  8.45176E+08  8.06937E+08  5.39297E+08  1.41009E+08  1.55635E+09  4.23909E-01  3.13598E+02   8.336   8.385
 0.230 -3.74736E-01  1.91751E-01  3.91412E-01 -9.84840E+00  1.14654E+01 -4.64468E+01 -7.22087E-01 -1.68610E-01 -6.70941E-01  2.90430E+02   5.073   3.047  1.21037E+09  1.14527E+09  6.96279E+08  1.45028E+08  1.58744E+09  8.82659E-01  4.00637E+02   8.113   8.431
 0.240  2.24633E-01  3.78620E-01 -5.84561E-01 -2.70746E+01 -1.82063E+00  2.21586E+01 -7.75651E-01  3.52243E-03 -6.31153E-01  1.22155E+02   4.846   2.528  2.75217E+09  2.80888E+09  7.93239E+08  1.39217E+08  1.62319E+09  4.35331E+00  3.94947E+02   8.191   8.362
 0.250  1.48122E-01  7.48789E-02 -3.03601E-01  4.59592E-01 -7.58797E+00 -2.34482E+00 -9.21975E-01  5.05401E-02 -3.83936E-01  7.13419E+01   3.669   0.940  1.07982E+09  1.76038E+09  1.48897E+09  9.03936E+07  9.47610E+08  9.21346E+00  2.46207E+02   8.586   8.554
 0.260  6.25764E-02  1.41335E-01 -8.10951E-02  2.08946E+01 -1.22510E+00 -3.20084E+01 -9.45583E-01 -3.23949E-02 -3.23763E-01  1.21799E+02   4.464   1.550  9.63724E+08  1.42248E+09  1.87150E+09  1.48008E+08  1.35432E+09  5.27485E+00  3.15641E+02   8.585   8.601
 0.270  5.11920E-02  1.84857E-01 -3.97960E-01 -8.05959E+00 -7.95378E+00 -7.27875E+00 -8.91761E-01  4.50064E-01  4.69670E-02  1.94334E+02   6.429   1.530  1.05606E+09  1.31379E+09  1.56857E+09  1.63351E+08  1.81798E+09  4.53146E+00  4.12063E+02   8.528   8.611
 0.280  1.48568E-01 -1.88473E-01  6.54380E-01  2.45321E+01  1.13920E+01 -2.25047E+01 -5.04526E-01  8.09893E-01  2.99211E-01  1.70037E+02   5.140   1.224  9.98250E+08  1.13305E+09  1.12709E+09  1.22735E+08  1.28266E+09  2.64981E+00  5.32256E+02   8.452   8.601
 0.290 -3.37248E-01  1.09960E-01 -5.04096E-01 -1.61515E+00 -6.32213E+00 -2.55606E+00 -5.76645E-01  7.85453E-01  2.24822E-01  4.20867E+02   6.483   1.832  1.41357E+09  1.50325E+09  1.92074E+09  1.81996E+08  2.07513E+09  2.47547E+00  5.68570E+02   8.302   8.609
 0.300  5.71263E-01  4.98652E-01 -3.04213E-03  6.74501E-01  5.71379E+00 -1.78885E+01 -4.34420E-01  8.70645E-01  2.30774E-01  3.91440E+02   5.786   1.771  1.47902E+09  1.57223E+09  1.72769E+09  1.74682E+08  1.98301E+09  2.36678E+00  6.56701E+02   8.284   8.576
 0.310  1.81524E-01  3.91349E-01  2.31103E-01 -1.72504E+00 -4.97439E+00 -3.95757E+01 -5.41956E-01  8.08192E-01  2.30455E-01  6.46516E+02   7.921   2.563  1.78274E+09  1.66230E+09  1.22661E+09  2.21084E+08  3.29610E+09  1.22433E+00  8.32955E+02   8.215   8.475
 0.320  1.26238E+00  1.00098E+00 -1.03714E+00 -2.96700E+01 -2.14803E+01 -6.83189E+01 -6.52400E-01  7.52350E-01  9.13428E-02  7.48808E+02   7.172   2.532  2.05301E+09  1.94128E+09  1.05976E+09  1.90005E+08  2.55642E+09  1.09833E+00  9.53209E+02   8.138   8.475
 0.330  3.14591E-01  6.32739E-01 -1.55498E-01  2.19528E+00  3.78943E-01 -2.89207E+01 -7.40902E-01  6.71459E-01  1.43887E-02  8.11843E+02   8.852   4.084  2.86862E+09  2.60842E+09  1.25611E+09  2.43563E+08  3.55898E+09  1.13592E+00  9.51838E+02   8.087   8.436
 0.340  2.49652E-01  4.63785E-01 -5.70122E-01 -8.06190E+00  9.02581E-01 -4.23811E+01 -6.76816E-01  7.29182E-01 -1.01059E-01  7.64628E+02   7.575   3.052  2.85002E+09  2.73020E+09  1.57047E+09  2.19716E+08  2.86187E+09  1.80097E+00  1.02462E+03   8.105   8.453
 0.350 -4.68260E-03 -2.59484E-01 -1.05206E+00 -2.18283E+01 -1.60375E+01 -1.06444E+01 -6.60083E-01  7.17608E-01 -2.22101E-01  4.76082E+02   7.697   2.843  2.96733E+09  2.87646E+09  1.71864E+09  2.31376E+08  2.89271E+09  2.69203E+00  1.08202E+03   8.190   8.429
 0.360 -8.54892E-02 -3.29542E-01 -5.52984E-01 -8.58175E+00 -1.35785E+01  1.24123E+01 -6.49597E-01  6.07866E-01 -4.56644E-01  3.92540E+02   5.771   2.163  2.29720E+09  2.38284E+09  1.47948E+09  1.55302E+08  1.85964E+09  3.69657E+00  1.07052E+03   8.309   8.434
 0.370  3.57850E-01 -2.68058E-01 -8.05569E-01  9.23362E+00 -3.02680E+01 -8.25540E+00 -7.58381E-01  2.67561E-01 -5.94365E-01  3.50953E+02   7.171   2.373  2.06646E+09  1.94717E+09  8.38479E+08  1.46066E+08  2.12501E+09  6.61907E-01  1.45653E+03   8.323   8.437
 0.380 -7.81254E-02  8.77695E-02  3.26301E-01  2.08321E-01  2.03516E+01 -3.56092E+00 -3.25821E-01  4.18893E-01 -8.47567E-01  1.65513E+02   6.531   2.461  1.27330E+09  1.19053E+09  8.14356E+08  1.18576E+08  1.80294E+09  6.53171E-01  1.42151E+03   8.446   8.440
