  26
 0.130   1.640  3.65248E+07  4.39898E+07  3.60665E+07  2.28534E+02  0.00000E+00  0.00000E+00  0.00000E+00  3.65248E+07  4.39898E+07  3.60665E+07
 0.140   2.199  2.52519E+08  2.91507E+08  2.51186E+08  1.20258E+02  4.10498E+07  5.02603E+07  4.04990E+07  2.11469E+08  2.41246E+08  2.10687E+08
 0.150   2.734  3.35805E+08  4.02446E+08  3.33227E+08  1.89148E+02  8.72041E+07  1.06768E+08  8.62080E+07  2.48601E+08  2.95677E+08  2.47019E+08
 0.160   3.209  4.87818E+08  5.87187E+08  4.83643E+08  2.22968E+02  1.26185E+08  1.56188E+08  1.24588E+08  3.61633E+08  4.30999E+08  3.59055E+08
 0.170   3.385  8.39867E+08  1.00917E+09  8.31884E+08  2.51444E+02  2.63306E+08  3.29237E+08  2.59053E+08  5.76561E+08  6.79934E+08  5.72831E+08
 0.180   3.704  1.04413E+09  1.27183E+09  1.03333E+09  2.91170E+02  3.09685E+08  3.89546E+08  3.04215E+08  7.34447E+08  8.82280E+08  7.29118E+08
 0.190   3.666  1.49502E+09  1.83355E+09  1.47848E+09  3.32889E+02  4.77019E+08  6.02522E+08  4.68861E+08  1.01800E+09  1.23103E+09  1.00962E+09
 0.200   3.305  2.04762E+09  2.47554E+09  2.02719E+09  3.16722E+02  4.22866E+08  5.40897E+08  4.13768E+08  1.62475E+09  1.93464E+09  1.61342E+09
 0.210   2.231  3.10783E+09  3.72622E+09  3.08582E+09  2.51875E+02  2.91006E+08  3.74855E+08  2.83705E+08  2.81682E+09  3.35136E+09  2.80211E+09
 0.220   5.238  4.41860E+09  5.51033E+09  4.37116E+09  3.92853E+02  9.11373E+08  1.17045E+09  8.92171E+08  3.50722E+09  4.33988E+09  3.47899E+09
 0.230   5.073  4.54523E+09  5.76556E+09  4.48502E+09  5.01562E+02  9.58878E+08  1.24257E+09  9.36474E+08  3.58635E+09  4.52299E+09  3.54854E+09
 0.240   4.846  5.41290E+09  6.82983E+09  5.33818E+09  5.42338E+02  1.05719E+09  1.38012E+09  1.02980E+09  4.35570E+09  5.44970E+09  4.30838E+09
 0.250   3.669  6.47385E+09  8.11575E+09  6.39338E+09  5.19849E+02  8.39180E+08  1.10048E+09  8.14859E+08  5.63467E+09  7.01526E+09  5.57852E+09
 0.260   4.464  7.75758E+09  9.84266E+09  7.64959E+09  5.91414E+02  1.15138E+09  1.51249E+09  1.11777E+09  6.60619E+09  8.33017E+09  6.53182E+09
 0.270   6.429  9.14410E+09  1.17234E+10  8.99736E+09  6.87229E+02  1.67206E+09  2.20726E+09  1.62186E+09  7.47203E+09  9.51615E+09  7.37550E+09
 0.280   5.140  9.12098E+09  1.17824E+10  8.96208E+09  7.64345E+02  1.32451E+09  1.75895E+09  1.27979E+09  7.79646E+09  1.00234E+10  7.68229E+09
 0.290   6.483  9.93240E+09  1.29539E+10  9.73746E+09  8.78256E+02  1.64582E+09  2.19616E+09  1.58756E+09  8.28658E+09  1.07577E+10  8.14990E+09
 0.300   5.786  1.01079E+10  1.32593E+10  9.89231E+09  9.74604E+02  1.51953E+09  2.03653E+09  1.46074E+09  8.58836E+09  1.12227E+10  8.43157E+09
 0.310   7.921  1.09869E+10  1.45148E+10  1.07256E+10  1.09921E+03  1.97150E+09  2.64880E+09  1.89375E+09  9.01543E+09  1.18660E+10  8.83189E+09
 0.320   7.172  1.09602E+10  1.45698E+10  1.06739E+10  1.21778E+03  1.86027E+09  2.50695E+09  1.78194E+09  9.09991E+09  1.20628E+10  8.89196E+09
 0.330   8.852  1.15413E+10  1.54078E+10  1.12100E+10  1.34028E+03  2.16767E+09  2.92623E+09  2.07389E+09  9.37362E+09  1.24816E+10  9.13613E+09
 0.340   7.575  1.13864E+10  1.52476E+10  1.10297E+10  1.45557E+03  1.92557E+09  2.60873E+09  1.83490E+09  9.46078E+09  1.26389E+10  9.19483E+09
 0.350   7.697  1.20304E+10  1.60917E+10  1.16360E+10  1.53090E+03  2.03312E+09  2.75749E+09  1.93432E+09  9.99726E+09  1.33342E+10  9.70166E+09
 0.360   5.771  1.20336E+10  1.60284E+10  1.16289E+10  1.56417E+03  1.58303E+09  2.15172E+09  1.49793E+09  1.04506E+10  1.38767E+10  1.01310E+10
 0.370   7.171  1.32320E+10  1.76878E+10  1.27659E+10  1.65167E+03  1.99761E+09  2.71375E+09  1.89250E+09  1.12344E+10  1.49741E+10  1.08734E+10
 0.380   6.531  1.33902E+10  1.79248E+10  1.28949E+10  1.73628E+03  1.84774E+09  2.51625E+09  1.74421E+09  1.15425E+10  1.54086E+10  1.11507E+10
