  27
 0.110   0.675   0.500  1.04288E+06  1.13120E+06  1.04010E+06  4.73801E+01  0.00000E+00  0.00000E+00  0.00000E+00  1.04288E+06  1.13120E+06  1.04010E+06
 0.120   0.863   0.500  2.02834E+06  2.24332E+06  2.02252E+06  5.76224E+01  2.50728E+04  3.00204E+04  2.48313E+04  2.00326E+06  2.21330E+06  1.99768E+06
 0.130   1.051   0.727  4.59936E+06  5.22387E+06  4.58373E+06  8.14855E+01  2.89832E+05  3.52527E+05  2.85833E+05  4.30953E+06  4.87134E+06  4.29790E+06
 0.140   1.323   0.500  3.93985E+07  4.43996E+07  3.92770E+07  7.73707E+01  3.08546E+06  3.83031E+06  3.02416E+06  3.63131E+07  4.05693E+07  3.62528E+07
 0.150   1.282   0.502  4.84859E+07  5.56664E+07  4.82724E+07  1.15650E+02  6.38010E+06  7.87253E+06  6.28486E+06  4.21058E+07  4.77938E+07  4.19875E+07
 0.160   1.367   0.512  1.27361E+08  1.48017E+08  1.26919E+08  1.13200E+02  7.17778E+06  8.87005E+06  7.08924E+06  1.20183E+08  1.39147E+08  1.19830E+08
 0.170   2.171   0.772  2.99770E+08  3.48612E+08  2.98642E+08  1.27016E+02  1.99235E+07  2.48444E+07  1.96669E+07  2.79847E+08  3.23767E+08  2.78975E+08
 0.180   1.989   0.720  3.78101E+08  4.51667E+08  3.76114E+08  1.82381E+02  1.74409E+07  2.19163E+07  1.71783E+07  3.60660E+08  4.29751E+08  3.58935E+08
 0.190   2.067   0.642  6.18838E+08  7.41487E+08  6.15353E+08  2.03325E+02  4.29599E+07  5.37438E+07  4.24208E+07  5.75878E+08  6.87743E+08  5.72932E+08
 0.200   2.030   0.500  6.00567E+08  7.31912E+08  5.96180E+08  2.68350E+02  4.34184E+07  5.49072E+07  4.27886E+07  5.57148E+08  6.77004E+08  5.53391E+08
 0.210   2.106   0.662  7.89299E+08  9.77909E+08  7.82191E+08  3.40812E+02  6.98432E+07  8.90520E+07  6.87862E+07  7.19456E+08  8.88857E+08  7.13404E+08
 0.220   2.611   0.943  8.47379E+08  1.05776E+09  8.38438E+08  4.06213E+02  9.23792E+07  1.18526E+08  9.08178E+07  7.55000E+08  9.39230E+08  7.47620E+08
 0.230   2.442   1.410  6.00239E+08  7.57744E+08  5.92435E+08  5.03628E+02  5.97121E+07  7.77235E+07  5.83674E+07  5.40527E+08  6.80020E+08  5.34067E+08
 0.240   3.614   0.915  1.58182E+08  1.86565E+08  1.56709E+08  3.39175E+02  1.85146E+07  2.39385E+07  1.80194E+07  1.39667E+08  1.62627E+08  1.38690E+08
 0.250   4.153   1.880  2.41870E+08  2.90576E+08  2.39945E+08  3.23998E+02  2.20961E+07  2.86258E+07  2.14940E+07  2.19774E+08  2.61950E+08  2.18451E+08
 0.260   3.355   1.253  4.22585E+08  5.03925E+08  4.20194E+08  2.58348E+02  1.97679E+07  2.58253E+07  1.91275E+07  4.02817E+08  4.78100E+08  4.01067E+08
 0.270   3.195   1.311  6.99739E+08  8.87456E+08  6.89311E+08  6.53560E+02  4.30019E+08  5.60473E+08  4.21990E+08  2.69720E+08  3.26984E+08  2.67321E+08
 0.280   3.778   0.782  1.12330E+09  1.42332E+09  1.10562E+09  7.00817E+02  2.74347E+08  3.60381E+08  2.68067E+08  8.48951E+08  1.06294E+09  8.37558E+08
 0.290   3.848   0.652  1.27125E+09  1.63261E+09  1.24942E+09  7.94294E+02  2.87002E+08  3.79939E+08  2.79845E+08  9.84246E+08  1.25267E+09  9.69573E+08
 0.300   5.226   1.217  1.65979E+09  2.13177E+09  1.63143E+09  8.22924E+02  3.64737E+08  4.84516E+08  3.55056E+08  1.29505E+09  1.64726E+09  1.27638E+09
 0.310   2.767   0.557  1.85078E+09  2.33409E+09  1.82380E+09  7.31032E+02  2.71692E+08  3.64534E+08  2.63690E+08  1.57909E+09  1.96955E+09  1.56011E+09
 0.320   4.345   1.735  2.58449E+09  3.27959E+09  2.54968E+09  7.14891E+02  4.07714E+08  5.41788E+08  3.96543E+08  2.17678E+09  2.73780E+09  2.15313E+09
 0.330   7.457   2.592  2.91449E+09  3.76679E+09  2.86376E+09  9.30690E+02  1.37722E+09  1.83594E+09  1.34362E+09  1.53727E+09  1.93084E+09  1.52014E+09
 0.340   4.434   1.306  3.26882E+09  4.15783E+09  3.22107E+09  8.07599E+02  8.64997E+08  1.16317E+09  8.40297E+08  2.40382E+09  2.99467E+09  2.38078E+09
 0.350   2.013   0.705  3.13758E+09  3.87835E+09  3.10379E+09  6.13785E+02  4.23327E+08  5.73512E+08  4.08958E+08  2.71426E+09  3.30484E+09  2.69483E+09
 0.360   1.000   0.500  3.64421E+09  4.49126E+09  3.61337E+09  5.16618E+02  3.40076E+08  4.59573E+08  3.28318E+08  3.30414E+09  4.03168E+09  3.28505E+09
 0.370   1.000   0.500  4.68114E+09  5.81623E+09  4.64419E+09  5.15100E+02  3.40949E+08  4.62419E+08  3.28455E+08  4.34019E+09  5.35381E+09  4.31573E+09
