  27
 0.110   0.675  4.40472E+06  5.07623E+06  4.36394E+06  1.39168E+02  0.00000E+00  0.00000E+00  0.00000E+00  4.40472E+06  5.07623E+06  4.36394E+06
 0.120   0.863  1.79255E+07  2.02623E+07  1.78427E+07  8.70275E+01  1.23163E+06  1.49369E+06  1.21324E+06  1.66939E+07  1.87687E+07  1.66294E+07
 0.130   1.051  3.76930E+07  4.39790E+07  3.74785E+07  1.23923E+02  3.46608E+06  4.22076E+06  3.42180E+06  3.42269E+07  3.97583E+07  3.40567E+07
 0.140   1.323  1.79704E+08  2.05945E+08  1.78869E+08  1.08106E+02  2.25181E+07  2.79148E+07  2.20881E+07  1.57186E+08  1.78030E+08  1.56781E+08
 0.150   1.282  3.99276E+08  4.68806E+08  3.97152E+08  1.41129E+02  9.11358E+07  1.11415E+08  9.01159E+07  3.08140E+08  3.57391E+08  3.07036E+08
 0.160   1.367  5.71829E+08  6.86492E+08  5.67779E+08  1.96998E+02  1.11551E+08  1.38823E+08  1.09971E+08  4.60278E+08  5.47668E+08  4.57808E+08
 0.170   2.171  8.80030E+08  1.06283E+09  8.72645E+08  2.38935E+02  1.81974E+08  2.28897E+08  1.78921E+08  6.98057E+08  8.33931E+08  6.93725E+08
 0.180   1.989  1.00979E+09  1.23829E+09  9.99659E+08  2.98214E+02  1.65792E+08  2.11053E+08  1.62420E+08  8.43997E+08  1.02724E+09  8.37239E+08
 0.190   2.067  1.33177E+09  1.63842E+09  1.31769E+09  3.29567E+02  2.03314E+08  2.59325E+08  1.99055E+08  1.12845E+09  1.37910E+09  1.11863E+09
 0.200   2.030  1.50361E+09  1.87639E+09  1.48488E+09  4.03722E+02  2.38651E+08  3.05857E+08  2.33433E+08  1.26496E+09  1.57054E+09  1.25145E+09
 0.210   2.106  1.63608E+09  2.06480E+09  1.61245E+09  4.84246E+02  2.43862E+08  3.15351E+08  2.37788E+08  1.39222E+09  1.74945E+09  1.37466E+09
 0.220   2.611  1.84426E+09  2.34559E+09  1.81426E+09  5.63053E+02  2.99638E+08  3.89560E+08  2.91729E+08  1.54462E+09  1.95603E+09  1.52253E+09
 0.230   2.442  1.99989E+09  2.55698E+09  1.96451E+09  6.33999E+02  2.92401E+08  3.83040E+08  2.83699E+08  1.70749E+09  2.17394E+09  1.68081E+09
 0.240   3.614  2.33714E+09  2.99364E+09  2.29366E+09  6.90391E+02  3.84365E+08  5.05596E+08  3.72510E+08  1.95277E+09  2.48804E+09  1.92115E+09
 0.250   4.153  2.57937E+09  3.32020E+09  2.52851E+09  7.57394E+02  4.21611E+08  5.57188E+08  4.07648E+08  2.15776E+09  2.76301E+09  2.12087E+09
 0.260   3.355  2.82388E+09  3.63355E+09  2.76835E+09  7.87136E+02  3.64199E+08  4.83794E+08  3.50921E+08  2.45968E+09  3.14976E+09  2.41743E+09
 0.270   3.195  4.47556E+09  5.75058E+09  4.39422E+09  7.75158E+02  1.66244E+09  2.17223E+09  1.62757E+09  2.81312E+09  3.57835E+09  2.76665E+09
 0.280   3.778  5.17971E+09  6.70209E+09  5.08197E+09  8.38170E+02  1.82149E+09  2.40288E+09  1.77864E+09  3.35822E+09  4.29921E+09  3.30334E+09
 0.290   3.848  5.27664E+09  6.89609E+09  5.16841E+09  9.41546E+02  1.77947E+09  2.36720E+09  1.73289E+09  3.49717E+09  4.52889E+09  3.43552E+09
 0.300   5.226  5.76455E+09  7.57310E+09  5.63787E+09  1.03615E+03  1.93829E+09  2.59360E+09  1.88270E+09  3.82626E+09  4.97950E+09  3.75517E+09
 0.310   2.767  5.73357E+09  7.50173E+09  5.60828E+09  1.06287E+03  1.65318E+09  2.22586E+09  1.60250E+09  4.08039E+09  5.27587E+09  4.00578E+09
 0.320   4.345  6.94931E+09  9.11233E+09  6.79628E+09  1.10347E+03  1.94315E+09  2.62097E+09  1.88014E+09  5.00615E+09  6.49136E+09  4.91613E+09
 0.330   7.457  9.76549E+09  1.28325E+10  9.54910E+09  1.14320E+03  3.85154E+09  5.17432E+09  3.73866E+09  5.91396E+09  7.65817E+09  5.81044E+09
 0.340   4.434  9.85401E+09  1.28148E+10  9.64629E+09  1.10293E+03  2.97012E+09  4.01637E+09  2.87172E+09  6.88389E+09  8.79842E+09  6.77457E+09
 0.350   2.013  1.03385E+10  1.32938E+10  1.01438E+10  1.00807E+03  2.34353E+09  3.17443E+09  2.25972E+09  7.99497E+09  1.01194E+10  7.88412E+09
 0.360   1.000  1.11257E+10  1.41626E+10  1.09476E+10  8.83008E+02  2.18941E+09  2.95544E+09  2.11271E+09  8.93630E+09  1.12071E+10  8.83489E+09
 0.370   1.000  1.35579E+10  1.73677E+10  1.33526E+10  8.72586E+02  2.26705E+09  3.07066E+09  2.18259E+09  1.12909E+10  1.42970E+10  1.11700E+10
