  41
 0.100   0.825   0.672  7.14131E-03  6.82328E-03  6.89348E-03
 0.110   1.000   0.589  1.01273E-01  1.11506E-01  6.68299E-02
 0.120   1.233   0.794  6.56675E-02  7.57196E-02  4.93541E-02
 0.130   1.211   0.611  1.58185E-01  2.03100E-01  1.01435E-01
 0.140   1.304   0.691  8.47000E-01  8.63266E-01  8.06711E-01
 0.150   1.565   0.500  8.98196E-01  8.93241E-01  9.47210E-01
 0.160   2.016   0.779  5.04300E-01  4.82709E-01  5.38780E-01
 0.170   2.015   0.676  1.40659E+00  1.41966E+00  1.21683E+00
 0.180   2.169   1.162  1.29279E-01  1.22439E-01  1.86021E-01
 0.190   1.978   0.537  7.83517E-01  7.96122E-01  6.80803E-01
 0.200   2.715   0.869  4.43215E-01  4.47459E-01  5.46562E-01
 0.210   2.837   1.260  5.94329E-01  6.11503E-01  5.38286E-01
 0.220   2.406   0.939  9.72234E-01  9.17880E-01  8.85103E-01
 0.230   2.156   0.780  2.23915E+00  2.23389E+00  2.14805E+00
 0.240   2.674   1.265  6.20849E-01  5.46790E-01  8.03247E-01
 0.250   1.686   0.500  2.02623E+00  2.19665E+00  1.74899E+00
 0.260   1.803   0.500  1.05057E+00  1.07614E+00  1.16324E+00
 0.270   3.424   0.797  7.02698E-02  6.65447E-02  8.55126E-02
 0.280   4.587   1.736  1.37285E-01  1.37578E-01  1.39410E-01
 0.290   4.737   1.706  1.14207E-01  1.24274E-01  9.90499E-02
 0.300   1.181   0.500  1.04653E+00  9.63708E-01  1.03114E+00
 0.310   5.009   1.845  1.26391E+00  1.16767E+00  1.10569E+00
 0.320   6.267   1.889  1.32114E+00  1.43116E+00  1.05578E+00
 0.330   5.396   1.900  2.18092E+00  2.12857E+00  2.50824E+00
 0.340   6.961   1.743  3.33674E+00  2.99199E+00  3.67598E+00
 0.350   7.858   1.424  1.23925E+00  1.19238E+00  1.32426E+00
 0.360   7.665   2.116  1.03945E+00  1.05288E+00  1.05642E+00
 0.370   7.367   1.350  1.30356E+00  1.34620E+00  1.15389E+00
 0.380   7.586   1.225  1.31178E+00  1.32061E+00  1.27600E+00
 0.390   8.191   1.140  1.38163E+00  1.39344E+00  1.40161E+00
 0.400   9.100   1.197  1.56168E+00  1.54843E+00  1.53865E+00
 0.410   8.704   1.255  2.21615E+00  2.07769E+00  2.10314E+00
 0.420   9.716   1.577  1.73637E+00  1.77380E+00  1.64192E+00
 0.430   9.239   1.361  2.15466E+00  2.19548E+00  1.94720E+00
 0.440   9.441   1.302  1.44927E+00  1.47489E+00  1.64811E+00
 0.450   9.398   1.198  1.98999E+00  1.95574E+00  1.94619E+00
 0.460  10.375   1.524  1.76469E+00  1.71521E+00  1.70698E+00
 0.470  11.532   1.369  1.22697E+00  1.28431E+00  1.14484E+00
 0.480  11.499   1.047  1.27779E+00  1.21476E+00  1.43275E+00
 0.490  12.063   1.322  1.36501E+00  1.39578E+00  1.22495E+00
 0.500  12.398   1.203  1.02900E+00  9.90697E-01  1.12449E+00
