  41
 0.100  8.25000E-01  1.96944E+07  1.52452E+07  1.80259E+07  1.85465E+07  3.68929E+06  3.46437E+08  2.84208E-02
 0.110  1.08750E+00  4.45186E+07  6.53243E+07  7.46399E+07  4.18680E+07  4.59396E+07  5.80804E+08  6.79769E-01
 0.120  1.42500E+00  7.60308E+07  1.02341E+08  1.20141E+08  7.00547E+07  3.39154E+07  1.04380E+09  4.45274E-01
 0.130  1.72500E+00  4.26761E+08  1.94143E+08  2.29806E+08  4.12627E+08  5.81797E+07  2.06831E+09  8.57342E-01
 0.140  1.95000E+00  3.75271E+08  4.77173E+08  5.57187E+08  3.58320E+08  2.82580E+08  2.64879E+09  2.92987E+00
 0.150  2.17500E+00  2.68973E+08  6.03015E+08  7.23005E+08  2.56089E+08  1.46947E+08  2.58610E+09  1.45761E+00
 0.160  2.32500E+00  3.04763E+08  6.95762E+08  8.51507E+08  2.86633E+08  8.51335E+07  3.09116E+09  9.15663E-01
 0.170  2.47500E+00  4.21230E+08  8.93736E+08  1.09585E+09  3.89633E+08  1.75932E+08  3.55133E+09  2.17591E+00
 0.180  2.66250E+00  2.70108E+08  9.85566E+08  1.22757E+09  2.48856E+08  8.13873E+07  3.71495E+09  7.16614E-01
 0.190  2.85000E+00  3.48110E+08  1.09788E+09  1.37719E+09  3.20965E+08  1.03751E+08  4.05474E+09  1.29534E+00
 0.200  3.07500E+00  4.02934E+08  1.19048E+09  1.50956E+09  3.64935E+08  6.79631E+07  4.65458E+09  6.33181E-01
 0.210  3.33750E+00  5.16179E+08  1.27667E+09  1.63007E+09  4.67913E+08  7.06108E+07  5.37331E+09  7.89973E-01
 0.220  3.60000E+00  6.93225E+08  1.48982E+09  1.89480E+09  6.22164E+08  1.76837E+08  6.26680E+09  2.23490E+00
 0.230  4.05000E+00  7.59924E+08  1.89732E+09  2.39471E+09  6.70185E+08  3.14930E+08  7.14598E+09  3.68287E+00
 0.240  4.72500E+00  5.53770E+08  2.10543E+09  2.68402E+09  4.56006E+08  1.63394E+08  8.05103E+09  1.52644E+00
 0.250  5.13750E+00  5.70018E+08  2.37282E+09  3.03067E+09  4.63346E+08  2.46780E+08  9.93652E+09  2.96912E+00
 0.260  5.81250E+00  3.38378E+08  2.53744E+09  3.27163E+09  2.43670E+08  1.35839E+08  1.09976E+10  1.33273E+00
 0.270  6.48750E+00  5.67048E+08  2.64471E+09  3.44297E+09  4.06516E+08  8.28749E+07  1.37610E+10  7.41403E-01
 0.280  7.05000E+00  6.70140E+08  2.69838E+09  3.53804E+09  4.87302E+08  7.24779E+07  1.50251E+10  7.95310E-01
 0.290  7.46250E+00  1.36172E+09  3.04164E+09  3.98116E+09  1.11292E+09  1.75202E+08  1.97217E+10  2.27682E+00
 0.300  8.02500E+00  8.50289E+08  3.22824E+09  4.22923E+09  6.29526E+08  2.29732E+08  1.69023E+10  2.42427E+00
 0.310  8.73750E+00  1.35601E+09  5.33624E+09  6.95628E+09  1.13711E+09  3.77035E+08  2.46097E+10  4.10777E+00
 0.320  9.11250E+00  2.96945E+09  6.11699E+09  7.98597E+09  2.49945E+09  4.73419E+08  3.42352E+10  6.51594E+00
 0.330  9.41250E+00  1.96434E+09  6.45928E+09  8.46063E+09  1.59410E+09  4.00696E+08  3.18481E+10  3.94517E+00
 0.340  9.82500E+00  2.27561E+09  7.20124E+09  9.45791E+09  1.94368E+09  4.01120E+08  3.24613E+10  3.97018E+00
 0.350  1.01250E+01  1.96103E+09  7.35140E+09  9.74717E+09  1.63683E+09  1.58638E+08  3.32528E+10  1.66678E+00
 0.360  1.03125E+01  2.37790E+09  7.49017E+09  1.00000E+10  2.09923E+09  1.18593E+08  3.34159E+10  1.33892E+00
 0.370  1.05000E+01  2.71277E+09  7.71108E+09  1.03543E+10  2.39167E+09  1.49422E+08  3.52695E+10  1.81283E+00
 0.380  1.07250E+01  2.28043E+09  7.88927E+09  1.06324E+10  1.96388E+09  1.58298E+08  3.56083E+10  1.70718E+00
 0.390  1.09500E+01  2.69972E+09  8.17519E+09  1.10526E+10  2.38109E+09  1.46503E+08  3.78031E+10  1.54826E+00
 0.400  1.12875E+01  3.05333E+09  8.42127E+09  1.14175E+10  2.69376E+09  1.72535E+08  3.91818E+10  1.87457E+00
 0.410  1.17375E+01  3.15545E+09  8.68048E+09  1.17888E+10  2.73165E+09  2.12636E+08  4.08487E+10  2.41814E+00
 0.420  1.20750E+01  3.06754E+09  9.01410E+09  1.22731E+10  2.71716E+09  1.60425E+08  4.26809E+10  1.88705E+00
 0.430  1.23750E+01  3.33366E+09  9.26150E+09  1.26357E+10  2.93525E+09  2.03694E+08  4.43055E+10  2.43655E+00
 0.440  1.27125E+01  3.16044E+09  9.54750E+09  1.30553E+10  2.80469E+09  1.60642E+08  4.60294E+10  1.53108E+00
 0.450  1.29750E+01  3.12001E+09  1.01771E+10  1.39497E+10  2.73438E+09  1.90639E+08  4.88802E+10  2.09905E+00
 0.460  1.33125E+01  3.32436E+09  1.00458E+10  1.37959E+10  2.94561E+09  1.62064E+08  4.90017E+10  1.84010E+00
 0.470  1.35750E+01  3.20373E+09  1.01724E+10  1.40126E+10  2.86666E+09  1.27302E+08  4.95749E+10  1.45483E+00
 0.480  1.38375E+01  3.26903E+09  1.03746E+10  1.43175E+10  2.91517E+09  1.50575E+08  4.96033E+10  1.41099E+00
 0.490  1.41000E+01  3.35223E+09  1.05425E+10  1.45827E+10  2.96798E+09  1.28583E+08  5.04422E+10  1.58407E+00
 0.500  1.44000E+01  3.10332E+09  1.07084E+10  1.48498E+10  2.74999E+09  1.09966E+08  5.22690E+10  1.13945E+00
