  41
 0.100  8.64719E-02 -2.62437E-02 -5.71103E-02 -3.89947E+01 -7.60411E+00  4.78963E+00   0.825  1.96944E+07  2.22358E+07  1.52452E+07  0.00000E+00  3.46437E+08  2.84208E-02  1.41260E+02   7.398   7.456
 0.110  1.81310E-02  4.87740E-02 -1.81369E-02  3.92900E+00 -2.27427E+00 -3.48588E+00   1.000  3.83049E+07  8.06799E+07  6.28894E+07  7.96803E+06  5.21776E+08  6.61898E-01  9.19147E+01   8.285   7.841
 0.120  4.20009E-02  2.89711E-02 -1.00850E-01  1.77897E+01  8.34815E+00 -1.53488E+01   1.233  5.57418E+07  8.33228E+07  9.52799E+07  1.80720E+07  8.01869E+08  4.20526E-01  1.39171E+02   8.114   7.959
 0.130  2.75566E-01  1.13943E-01 -3.01727E-03  2.59325E+01  2.86550E+01 -1.05979E+01   1.211  3.02477E+08  3.40077E+08  1.62009E+08  4.25043E+07  1.25289E+09  6.30258E-01  1.89055E+02   7.839   7.986
 0.140 -1.83918E-02  1.47734E-01 -2.43595E-02  1.20870E+01  3.03285E+00 -5.26666E+00   1.304  2.52631E+08  4.93213E+08  4.12703E+08  5.36847E+07  1.59085E+09  2.59927E+00  1.46054E+02   8.345   8.149
 0.150 -1.01362E-02  9.80749E-02 -3.61034E-02  7.12234E+00 -7.43959E+00  6.99891E+00   1.565  1.98560E+08  3.25724E+08  5.53747E+08  7.72063E+07  1.72753E+09  1.37136E+00  2.01065E+02   8.428   8.307
 0.160  1.12547E-01  1.44773E-01 -8.89306E-02  4.94383E-01  1.48834E+01 -1.86122E+01   2.016  2.38196E+08  3.03787E+08  6.71802E+08  1.19979E+08  2.61004E+09  8.15743E-01  2.79209E+02   8.330   8.341
 0.170 -4.36368E-02  2.50003E-02  4.32207E-02 -8.62884E+00  1.08921E+01 -1.15625E+01   2.015  3.13947E+08  4.59744E+08  8.47777E+08  1.33706E+08  2.78239E+09  2.03680E+00  3.16465E+02   8.336   8.359
 0.180  2.07317E-01  1.42668E-01  1.73386E-01  7.17973E+00  1.05768E+01 -2.70462E+01   2.169  1.98898E+08  2.63465E+08  9.45494E+08  1.50903E+08  2.92173E+09  6.78852E-01  3.91186E+02   8.354   8.384
 0.190  1.43469E-01  7.52210E-02 -1.42849E-01 -8.44211E+00  5.04071E+00 -1.20026E+01   1.978  2.64491E+08  3.46804E+08  1.01636E+09  1.47115E+08  2.68420E+09  1.22047E+00  4.60998E+02   8.325   8.402
 0.200  2.16760E-02 -6.30841E-02  3.96490E-02 -4.06498E+00 -5.14435E+00  3.60516E+00   2.715  3.17675E+08  3.53790E+08  1.16113E+09  2.12065E+08  4.02522E+09  5.69743E-01  5.46649E+02   8.265   8.391
 0.210  3.44090E-01  2.47253E-01 -3.69783E-01 -1.85170E+01 -1.49290E+00 -1.82431E+01   2.837  3.97855E+08  4.29692E+08  1.23284E+09  2.19217E+08  4.41672E+09  7.31708E-01  6.30430E+02   8.236   8.393
 0.220  3.10338E-01  2.16378E-01  8.04560E-02  2.43113E+00  1.14088E+01 -3.80881E+01   2.406  4.76887E+08  6.02198E+08  1.36096E+09  2.07131E+08  3.90076E+09  1.94202E+00  6.69909E+02   8.235   8.393
 0.230  5.45771E-02  1.53929E-02  1.68246E-01 -9.93974E+00  3.07708E-01  6.85209E+00   2.156  4.61966E+08  7.24508E+08  1.65137E+09  2.09073E+08  3.49987E+09  3.47455E+00  6.52543E+02   8.434   8.409
 0.240 -7.87558E-02  5.80611E-02  7.73955E-03 -1.41843E+01  4.79692E+00 -1.22883E+01   2.674  3.34028E+08  4.65851E+08  1.93419E+09  2.80183E+08  4.33142E+09  1.49423E+00  6.99140E+02   8.483   8.434
 0.250  1.44946E-02 -9.61597E-03 -2.34150E-02 -3.77470E+00 -1.78394E+00  7.01806E+00   1.686  3.02043E+08  5.18671E+08  1.95925E+09  1.76468E+08  2.78264E+09  2.86950E+00  7.38172E+02   8.521   8.487
 0.260 -7.67300E-03 -1.74839E-02 -4.02433E-02 -6.31552E+00  1.33873E-01  8.64773E+00   1.803  1.54055E+08  2.77842E+08  2.17116E+09  1.97547E+08  3.02141E+09  1.32409E+00  8.04794E+02   8.693   8.522
 0.270 -1.42755E-01  1.53109E-01  7.30599E-02  3.15659E+00  1.95865E+01 -9.74754E-01   3.424  2.03947E+08  2.54719E+08  2.54164E+09  3.75574E+08  6.53276E+09  7.27104E-01  9.15884E+02   8.517   8.511
 0.280  1.66488E-01  2.82316E-01 -3.40676E-01 -1.02001E+00 -1.53489E+00  1.29014E+01   4.587  3.98550E+08  3.96376E+08  2.66005E+09  4.20952E+08  9.03264E+09  7.62608E-01  1.02680E+03   8.233   8.520
 0.290 -9.65463E-02  2.09532E-01  4.53797E-01 -4.11660E+01 -1.01689E+01  3.82422E+01   4.737  7.81206E+08  8.41410E+08  2.86225E+09  4.49573E+08  1.12310E+10  1.95196E+00  1.09557E+03   8.227   8.516
 0.300 -8.06824E-02  6.86001E-02  1.69661E-01  6.41793E+00  1.85721E-01 -2.17891E+00   1.181  1.64376E+08  3.79507E+08  2.47751E+09  1.27088E+08  2.03215E+09  2.35314E+00  1.08379E+03   8.779   8.603
 0.310  8.13624E-02  8.23310E-02 -1.36379E-01  5.15845E-01 -1.67633E+01 -2.06833E+01   5.009  6.69042E+08  9.57595E+08  4.81819E+09  1.73014E+09  1.26946E+10  3.97171E+00  1.04162E+03   8.532   8.544
 0.320  2.48860E-01  8.67479E-02 -4.80370E-01  3.61416E+01 -9.95605E+00 -5.24704E+01   6.267  2.14786E+09  2.25147E+09  5.59799E+09  2.11135E+09  2.21232E+10  5.06627E+00  1.11308E+03   8.206   8.535
 0.330  2.83835E-02 -5.32154E-01 -3.47222E-01 -3.37034E+00  2.01123E+01  1.43309E+01   5.396  9.80093E+08  1.22981E+09  5.98699E+09  2.02523E+09  1.62207E+10  3.66222E+00  1.14367E+03   8.443   8.553
 0.340 -6.92504E-01  1.27079E-01  8.62209E-01  4.11732E+00  4.15493E+01  1.57252E+01   6.961  1.40224E+09  1.61180E+09  6.88089E+09  2.33594E+09  2.22903E+10  3.81074E+00  1.19537E+03   8.400   8.548
 0.350 -3.88855E-01 -3.10575E-01  2.36193E-01 -3.31521E+01 -7.82116E+00  1.67917E+01   7.858  1.41733E+09  1.37823E+09  7.06687E+09  2.37286E+09  2.51390E+10  1.49481E+00  1.30846E+03   8.337   8.559
 0.360  8.20203E-02  8.05709E-02 -3.44536E-02 -1.56871E+01 -4.72679E+01 -4.33735E+00   7.665  1.45289E+09  1.41687E+09  7.18598E+09  2.38546E+09  2.41712E+10  1.23037E+00  1.42924E+03   8.320   8.564
 0.370  3.07693E-01 -3.21041E-01 -2.98735E-01 -1.10688E+00 -3.75245E+01 -1.39776E+01   7.367  1.67085E+09  1.63079E+09  7.29023E+09  2.36822E+09  2.40847E+10  1.46781E+00  1.55898E+03   8.292   8.565
 0.380  4.83274E-01  2.96034E-01 -2.31758E-01  7.43113E+00 -2.37241E+01 -1.82924E+01   7.586  1.67649E+09  1.63362E+09  7.44980E+09  2.38544E+09  2.44132E+10  1.48037E+00  1.66294E+03   8.313   8.565
 0.390  2.04194E-01  7.90287E-01  2.14763E-01  1.31227E+01 -1.89081E+01 -1.45440E+01   8.191  1.99388E+09  1.94998E+09  7.75155E+09  2.52477E+09  2.73522E+10  1.47208E+00  1.77049E+03   8.306   8.557
 0.400  4.99089E-01  2.41570E-01 -6.01616E-01  5.20105E+00 -3.25843E+01 -1.81503E+01   9.100  2.39823E+09  2.30271E+09  8.08198E+09  2.65677E+09  3.09157E+10  1.62480E+00  1.87666E+03   8.295   8.549
 0.410 -2.19651E-01  8.03787E-02  2.11157E-02  6.24100E+00 -1.02317E+01 -1.32130E+01   8.704  2.28261E+09  2.25152E+09  8.23700E+09  2.58886E+09  2.94147E+10  2.30828E+00  1.96843E+03   8.332   8.550
 0.420  7.81884E-02  3.67257E-02  3.63099E-02  8.23015E+00  1.73846E+00 -1.06141E+01   9.716  2.34523E+09  2.25465E+09  8.62335E+09  2.76192E+09  3.37423E+10  1.78225E+00  2.07275E+03   8.358   8.541
 0.430 -1.34838E-01  1.99924E-01  2.64701E-01  2.04458E+00  3.23693E+00 -6.41314E+00   9.239  2.51965E+09  2.47075E+09  8.79451E+09  2.71879E+09  3.23207E+10  2.35495E+00  2.17331E+03   8.380   8.542
 0.440 -1.71342E-01  6.75529E-02  3.72314E-01  4.14498E+00 -3.06340E+00 -1.59314E+01   9.441  2.32996E+09  2.27971E+09  9.01249E+09  2.75798E+09  3.32245E+10  1.48331E+00  2.28092E+03   8.407   8.540
 0.450 -4.08716E-01 -1.16570E-01  5.97757E-01 -1.40653E+00  7.34417E+00  2.16751E+00   9.398  2.22097E+09  2.18012E+09  9.24719E+09  2.77763E+09  3.38167E+10  2.03709E+00  2.37858E+03   8.446   8.539
 0.460 -3.40141E-01  9.33483E-02  5.17596E-01  1.36557E+00  8.28678E+00 -3.90925E-01  10.375  2.47094E+09  2.37826E+09  9.62917E+09  2.92498E+09  3.75073E+10  1.78972E+00  2.47615E+03   8.441   8.535
 0.470  3.50358E-01  1.35178E-01 -6.13643E-01  4.74691E-01 -2.17839E+01  2.48378E+00  11.532  2.42223E+09  2.29194E+09  9.92646E+09  3.03412E+09  4.17102E+10  1.32893E+00  2.59326E+03   8.453   8.531
 0.480 -4.54271E-01  1.79835E-01  8.32766E-01  4.33529E+00  3.94265E+00 -8.81476E+00  11.499  2.52721E+09  2.41579E+09  1.00929E+10  3.03786E+09  4.07259E+10  1.37934E+00  2.69790E+03   8.464   8.532
 0.490 -4.63183E-01 -7.28716E-01  8.10641E-01  1.13573E+00  1.25793E+01  1.25049E+00  12.063  2.59241E+09  2.42306E+09  1.02751E+10  3.10001E+09  4.29657E+10  1.41974E+00  2.82954E+03   8.460   8.530
 0.500  1.31373E-01  2.58442E-02  6.37314E-03 -2.09363E+00 -2.75558E+00  2.49876E+00  12.398  2.44337E+09  2.27524E+09  1.04836E+10  3.16565E+09  4.49062E+10  1.04733E+00  2.94823E+03   8.469   8.530
