  41
 0.100   0.825  2.84208E-02  2.45945E-02  4.34037E-02
 0.110   1.000  6.61898E-01  6.71717E-01  4.99586E-01
 0.120   1.233  4.20526E-01  4.70393E-01  3.71225E-01
 0.130   1.211  6.30258E-01  7.49877E-01  5.03996E-01
 0.140   1.304  2.59927E+00  2.54879E+00  2.72789E+00
 0.150   1.565  1.37136E+00  1.35372E+00  1.56168E+00
 0.160   2.016  8.15743E-01  7.66776E-01  9.13015E-01
 0.170   2.015  2.03680E+00  1.97895E+00  1.89188E+00
 0.180   2.169  6.78852E-01  6.54742E-01  8.96439E-01
 0.190   1.978  1.22047E+00  1.24380E+00  1.08311E+00
 0.200   2.715  5.69743E-01  5.77514E-01  6.99529E-01
 0.210   2.837  7.31708E-01  7.24113E-01  7.49761E-01
 0.220   2.406  1.94202E+00  1.96082E+00  1.68449E+00
 0.230   2.156  3.47455E+00  3.49856E+00  3.25275E+00
 0.240   2.674  1.49423E+00  1.35648E+00  1.80661E+00
 0.250   1.686  2.86950E+00  3.03596E+00  2.56012E+00
 0.260   1.803  1.32409E+00  1.33205E+00  1.51409E+00
 0.270   3.424  7.27104E-01  7.14382E-01  8.67816E-01
 0.280   4.587  7.62608E-01  7.75932E-01  7.81514E-01
 0.290   4.737  1.95196E+00  2.22357E+00  1.70105E+00
 0.300   1.181  2.35314E+00  2.15486E+00  2.42855E+00
 0.310   5.009  3.97171E+00  3.45154E+00  4.12905E+00
 0.320   6.267  5.06627E+00  5.79160E+00  3.95842E+00
 0.330   5.396  3.66222E+00  3.58701E+00  4.09985E+00
 0.340   6.961  3.81074E+00  3.36188E+00  4.46638E+00
 0.350   7.858  1.49481E+00  1.41840E+00  1.62144E+00
 0.360   7.665  1.23037E+00  1.23523E+00  1.24610E+00
 0.370   7.367  1.46781E+00  1.50275E+00  1.31957E+00
 0.380   7.586  1.48037E+00  1.49237E+00  1.45795E+00
 0.390   8.191  1.47208E+00  1.47748E+00  1.49902E+00
 0.400   9.100  1.62480E+00  1.59620E+00  1.62032E+00
 0.410   8.704  2.30828E+00  2.15402E+00  2.20735E+00
 0.420   9.716  1.78225E+00  1.81089E+00  1.70678E+00
 0.430   9.239  2.35495E+00  2.38754E+00  2.12379E+00
 0.440   9.441  1.48331E+00  1.50310E+00  1.68489E+00
 0.450   9.398  2.03709E+00  1.98649E+00  2.06892E+00
 0.460  10.375  1.78972E+00  1.73562E+00  1.73757E+00
 0.470  11.532  1.32893E+00  1.37202E+00  1.28839E+00
 0.480  11.499  1.37934E+00  1.28910E+00  1.56526E+00
 0.490  12.063  1.41974E+00  1.44640E+00  1.28178E+00
 0.500  12.398  1.04733E+00  1.00547E+00  1.15028E+00
