  43
 0.140  6.25000E+00  2.37255E+09  4.04019E+01
 0.150  7.75000E+00  3.74891E+09  4.56075E+01
 0.160  9.25000E+00  5.24947E+09  4.93993E+01
 0.170  1.15000E+01  8.51718E+09  5.64330E+01
 0.180  1.35000E+01  1.16766E+10  6.09853E+01
 0.190  1.90000E+01  2.61094E+10  7.68698E+01
 0.200  2.07500E+01  3.06095E+10  7.96441E+01
 0.210  2.47500E+01  4.46126E+10  8.80390E+01
 0.220  2.82500E+01  5.81301E+10  9.40644E+01
 0.230  3.10000E+01  6.79179E+10  9.70611E+01
 0.240  3.60000E+01  9.38981E+10  1.05904E+02
 0.250  3.92500E+01  1.09153E+11  1.09354E+02
 0.260  4.17500E+01  1.16806E+11  1.09683E+02
 0.270  4.37500E+01  1.21272E+11  1.09176E+02
 0.280  4.57500E+01  1.22224E+11  1.07181E+02
 0.290  4.67500E+01  1.18195E+11  1.04266E+02
 0.300  4.77500E+01  1.14495E+11  1.01541E+02
 0.310  4.92500E+01  1.14140E+11  9.98276E+01
 0.320  5.12500E+01  1.18417E+11  9.96770E+01
 0.330  5.32500E+01  1.21255E+11  9.89519E+01
 0.340  5.52500E+01  1.23933E+11  9.82113E+01
 0.350  5.82500E+01  1.33174E+11  9.91507E+01
 0.360  6.32500E+01  1.58815E+11  1.03908E+02
 0.370  6.60000E+01  1.65819E+11  1.03939E+02
 0.380  6.85000E+01  1.72595E+11  1.04089E+02
 0.390  7.10000E+01  1.78368E+11  1.03936E+02
 0.400  7.50000E+01  1.93671E+11  1.05375E+02
 0.410  7.90000E+01  2.13462E+11  1.07791E+02
 0.420  8.20000E+01  2.22275E+11  1.07962E+02
 0.430  8.52500E+01  2.33896E+11  1.08617E+02
 0.440  9.00000E+01  2.58333E+11  1.11097E+02
 0.450  9.50000E+01  2.84525E+11  1.13483E+02
 0.460  9.87500E+01  2.99849E+11  1.14266E+02
 0.470  1.01750E+02  3.09583E+11  1.14381E+02
 0.480  1.04500E+02  3.18570E+11  1.14493E+02
 0.490  1.08500E+02  3.36166E+11  1.15424E+02
 0.500  1.11500E+02  3.45377E+11  1.15410E+02
 0.510  1.14000E+02  3.50808E+11  1.15031E+02
 0.520  1.15750E+02  3.49199E+11  1.13897E+02
 0.530  1.17750E+02  3.51363E+11  1.13274E+02
 0.540  1.20000E+02  3.52846E+11  1.12444E+02
 0.550  1.22000E+02  3.53361E+11  1.11600E+02
 0.560  1.23250E+02  3.48220E+11  1.10222E+02
