  39
 0.120   0.900   0.538  1.93449E+06  2.22695E+06  1.92219E+06  1.12843E+02  0.00000E+00  0.00000E+00  0.00000E+00  1.93449E+06  2.22695E+06  1.92219E+06
 0.130   1.007   0.711  1.74161E+06  2.03227E+06  1.73253E+06  1.15596E+02  1.75086E+05  2.14867E+05  1.72610E+05  1.56653E+06  1.81740E+06  1.55993E+06
 0.140   1.073   0.726  4.22270E+06  4.99669E+06  4.18833E+06  1.76962E+02  1.22823E+05  1.54294E+05  1.19173E+05  4.09987E+06  4.84240E+06  4.06916E+06
 0.150   1.045   0.714  3.26511E+06  3.86803E+06  3.23428E+06  2.10007E+02  3.78059E+05  4.68772E+05  3.71401E+05  2.88705E+06  3.39925E+06  2.86288E+06
 0.160   1.277   0.960  3.23795E+06  3.81310E+06  3.21124E+06  2.04201E+02  5.58429E+05  6.99507E+05  5.47754E+05  2.67952E+06  3.11360E+06  2.66349E+06
 0.170   1.725   0.949  6.83580E+06  8.33829E+06  6.75993E+06  2.93221E+02  1.22768E+06  1.55171E+06  1.20282E+06  5.60812E+06  6.78658E+06  5.55711E+06
 0.180   2.186   1.362  1.28945E+07  1.53158E+07  1.27888E+07  2.33484E+02  2.67023E+06  3.37372E+06  2.62473E+06  1.02242E+07  1.19420E+07  1.01641E+07
 0.190   2.505   1.299  5.91441E+07  6.68878E+07  5.89215E+07  1.21448E+02  3.67310E+06  4.70346E+06  3.58371E+06  5.54710E+07  6.21843E+07  5.53378E+07
 0.200   1.627   0.734  3.21821E+07  3.74483E+07  3.20138E+07  1.82912E+02  2.32437E+06  2.96550E+06  2.27862E+06  2.98578E+07  3.44828E+07  2.97352E+07
 0.210   1.581   0.500  2.76468E+08  3.17170E+08  2.75967E+08  9.20397E+01  4.74221E+06  5.90132E+06  4.67715E+06  2.71726E+08  3.11268E+08  2.71289E+08
 0.220   2.730   0.797  4.63209E+08  5.49980E+08  4.61679E+08  1.60407E+02  2.02906E+07  2.53578E+07  2.00504E+07  4.42919E+08  5.24622E+08  4.41628E+08
 0.230   2.519   1.109  4.95871E+08  6.03410E+08  4.93305E+08  2.45772E+02  2.77205E+07  3.52006E+07  2.73354E+07  4.68151E+08  5.68210E+08  4.65970E+08
 0.240   2.513   0.721  5.63995E+08  6.90218E+08  5.60615E+08  2.90409E+02  2.70427E+07  3.47866E+07  2.66130E+07  5.36952E+08  6.55432E+08  5.34002E+08
 0.250   2.845   0.852  5.45874E+08  6.74584E+08  5.42012E+08  3.47925E+02  4.99252E+07  6.40547E+07  4.92239E+07  4.95949E+08  6.10529E+08  4.92788E+08
 0.260   3.388   1.423  9.74551E+08  1.21513E+09  9.66997E+08  3.95241E+02  7.69343E+07  9.89726E+07  7.58659E+07  8.97616E+08  1.11616E+09  8.91131E+08
 0.270   3.527   0.828  1.05515E+09  1.32914E+09  1.04585E+09  4.61494E+02  6.94631E+07  9.04226E+07  6.83389E+07  9.85691E+08  1.23872E+09  9.77511E+08
 0.280   3.783   0.881  1.11648E+09  1.41601E+09  1.10544E+09  5.28736E+02  7.27106E+07  9.51469E+07  7.14531E+07  1.04377E+09  1.32087E+09  1.03399E+09
 0.290   5.301   1.226  1.14232E+09  1.46091E+09  1.12996E+09  5.92720E+02  1.01263E+08  1.32129E+08  9.95352E+07  1.04105E+09  1.32878E+09  1.03043E+09
 0.300   6.198   1.620  1.40509E+09  1.80867E+09  1.38816E+09  6.75192E+02  1.24370E+08  1.63821E+08  1.22095E+08  1.28072E+09  1.64485E+09  1.26606E+09
 0.310   5.984   1.981  1.34394E+09  1.75557E+09  1.32507E+09  8.01928E+02  1.16796E+08  1.55364E+08  1.14349E+08  1.22714E+09  1.60020E+09  1.21073E+09
 0.320   5.102   2.080  1.33947E+09  1.76211E+09  1.31780E+09  9.25705E+02  2.45669E+08  3.26030E+08  2.40507E+08  1.09380E+09  1.43608E+09  1.07729E+09
 0.330   5.524   1.947  1.07856E+09  1.39937E+09  1.06173E+09  9.14348E+02  9.42725E+07  1.26344E+08  9.18529E+07  9.84290E+08  1.27303E+09  9.69876E+08
 0.340   4.508   2.161  4.42056E+08  5.72600E+08  4.33658E+08  1.06780E+03  4.86456E+07  6.57477E+07  4.71295E+07  3.93410E+08  5.06853E+08  3.86528E+08
 0.350   5.919   1.427  1.58513E+09  2.02514E+09  1.56341E+09  8.40596E+02  9.40321E+07  1.26529E+08  9.14004E+07  1.49110E+09  1.89861E+09  1.47201E+09
 0.360   5.788   1.347  1.83450E+09  2.36099E+09  1.80887E+09  8.87061E+02  8.98789E+07  1.21568E+08  8.71420E+07  1.74462E+09  2.23942E+09  1.72173E+09
 0.370   5.743   1.701  1.83194E+09  2.37281E+09  1.80597E+09  9.30567E+02  9.92677E+07  1.34163E+08  9.62106E+07  1.73267E+09  2.23864E+09  1.70976E+09
 0.380   6.841   2.127  2.23446E+09  2.89030E+09  2.20515E+09  8.95387E+02  1.74722E+08  2.29924E+08  1.71150E+08  2.05974E+09  2.66038E+09  2.03400E+09
 0.390   6.691   2.247  2.67343E+09  3.47820E+09  2.63751E+09  9.47672E+02  1.91814E+08  2.54918E+08  1.87731E+08  2.48162E+09  3.22328E+09  2.44978E+09
 0.400   7.203   5.064  3.39827E+09  4.40828E+09  3.35377E+09  9.52493E+02  2.71022E+08  3.61892E+08  2.65599E+08  3.12725E+09  4.04638E+09  3.08817E+09
 0.410   6.608   2.885  3.45053E+09  4.48550E+09  3.40382E+09  1.00147E+03  1.69575E+08  2.30487E+08  1.64877E+08  3.28096E+09  4.25501E+09  3.23894E+09
 0.420   6.249   3.100  3.74521E+09  4.89718E+09  3.69408E+09  1.04151E+03  2.05457E+08  2.77814E+08  2.00265E+08  3.53975E+09  4.61937E+09  3.49381E+09
 0.430   6.109   1.612  2.75031E+09  3.56871E+09  2.70937E+09  1.10699E+03  2.91077E+08  3.93509E+08  2.83551E+08  2.45924E+09  3.17520E+09  2.42582E+09
 0.440   7.002   3.456  3.32432E+09  4.29848E+09  3.28115E+09  1.01352E+03  3.69078E+08  4.97100E+08  3.60207E+08  2.95524E+09  3.80138E+09  2.92094E+09
 0.450   5.550   1.998  3.45973E+09  4.50083E+09  3.41359E+09  1.06146E+03  3.00588E+08  4.09458E+08  2.92350E+08  3.15914E+09  4.09137E+09  3.12124E+09
 0.460   5.982   1.447  4.17685E+09  5.44820E+09  4.12131E+09  1.09083E+03  3.27747E+08  4.47193E+08  3.18601E+08  3.84910E+09  5.00100E+09  3.80271E+09
 0.470   5.347   1.190  4.52683E+09  5.89333E+09  4.46838E+09  1.09080E+03  3.33579E+08  4.53893E+08  3.24443E+08  4.19325E+09  5.43943E+09  4.14394E+09
 0.480   5.588   1.153  5.13331E+09  6.67747E+09  5.07130E+09  1.05701E+03  3.89047E+08  5.26029E+08  3.79387E+08  4.74426E+09  6.15145E+09  4.69191E+09
 0.490   7.062   1.887  6.77182E+09  8.87472E+09  6.69070E+09  1.09404E+03  6.53532E+08  8.77671E+08  6.40425E+08  6.11828E+09  7.99705E+09  6.05027E+09
 0.500   6.854   2.206  7.47999E+09  9.86046E+09  7.38701E+09  1.16388E+03  6.74055E+08  9.14924E+08  6.59513E+08  6.80594E+09  8.94553E+09  6.72750E+09
