  39
 0.120  1.54238E-01 -4.54427E-02 -2.62946E-01 -3.55303E+00  2.67415E+01  8.43859E+00  9.57247E-01 -2.88722E-01 -1.78328E-02  9.05256E+00   0.900   0.538  3.77899E+07  3.80926E+07  1.93449E+06  0.00000E+00  3.31722E+07  1.52812E-02  1.12843E+02   7.403   7.478
 0.130 -1.27801E-01 -2.68682E-01  1.25516E-01 -1.17511E+01 -5.98894E+01  1.97539E+01  7.19459E-01 -6.08997E-01  3.33917E-01  8.74993E+00   1.007   0.711  2.52754E+07  2.56590E+07  1.74161E+06  1.75086E+05  3.05117E+07  9.66331E-03  1.15596E+02   7.469   7.655
 0.140  1.56679E-01 -1.18273E-01 -8.74998E-02  1.89085E+01  1.43994E+00 -6.68721E+00 -3.47737E-01 -9.17170E-01  1.94625E-01  9.93162E+00   1.073   0.726  8.41746E+07  8.09505E+07  4.22270E+06  1.22823E+05  3.20082E+07  1.72354E-02  1.76962E+02   7.655   7.651
 0.150  2.12488E-02  2.07807E-02 -6.22042E-02 -2.24448E+01 -2.58259E+01  6.58348E+00 -3.46275E-01 -8.68946E-01  3.53592E-01  1.87174E+01   1.045   0.714  6.53388E+07  6.45190E+07  3.26511E+06  3.78059E+05  4.04883E+07  1.30630E-02  2.10007E+02   7.596   7.622
 0.160 -4.64453E-02 -1.96921E-02 -5.17009E-02  2.54474E+00 -4.05680E+01  3.53642E+01 -5.60245E-01 -4.45523E-01  6.98309E-01  1.88752E+01   1.277   0.960  5.88439E+07  5.72919E+07  3.23795E+06  5.58429E+05  4.24837E+07  1.67784E-02  2.04201E+02   7.534   7.603
 0.170  7.33953E-02 -2.19272E-01  2.79448E-01  5.79196E+00 -2.08099E+01  1.58206E+01 -1.96517E-01 -9.21309E-01 -3.35516E-01  2.22892E+01   1.725   0.949  1.01622E+08  9.70908E+07  6.83580E+06  1.22768E+06  8.10598E+07  2.25392E-02  2.93221E+02   7.609   7.575
 0.180 -9.56185E-02  2.36251E-01 -4.91405E-02  4.75166E-01 -2.35866E+00  6.67018E-01 -3.53311E-01 -9.17768E-01 -1.81312E-01  5.61620E+01   2.186   1.362  1.96378E+08  1.88218E+08  1.28945E+07  2.67023E+06  1.73426E+08  8.12533E-02  2.33484E+02   7.916   7.621
 0.190  2.51458E-01 -6.97479E-02  1.25676E-01 -1.64111E+01 -1.76477E+01  2.29995E+01 -8.75542E-02 -9.08441E-01 -4.08742E-01  3.98138E+01   2.505   1.299  3.84770E+08  4.01688E+08  5.91441E+07  3.67310E+06  2.30542E+08  7.44870E-01  1.21448E+02   7.922   7.820
 0.200  8.46751E-02 -9.73293E-02 -3.59680E-02 -1.85218E+00 -1.79328E+01  4.65624E+00 -5.49746E-01 -8.31621E-01  7.86518E-02  2.42812E+01   1.627   0.734  4.84905E+08  4.86702E+08  3.21821E+07  2.32437E+06  9.54427E+07  2.67726E-01  1.82912E+02   8.111   8.105
 0.210  2.82304E-02 -6.78206E-02 -3.38365E-02  3.84362E+00  6.03651E+00  2.61309E+00 -6.48016E-01 -4.93059E-01  5.80490E-01  3.35276E+01   1.581   0.500  2.93785E+08  4.89048E+08  2.76468E+08  4.74221E+06  8.82097E+07  2.26002E+00  9.20397E+01   8.523   8.499
 0.220  5.24435E-02  9.86783E-02  8.53964E-02 -2.33612E+01  7.51134E+00 -1.75172E+01 -6.24653E-01 -3.49190E-01  6.98480E-01  4.93487E+01   2.730   0.797  1.99351E+08  3.50356E+08  4.63209E+08  2.02906E+07  2.02275E+08  1.84191E+00  1.60407E+02   8.608   8.547
 0.230  9.00802E-02 -2.63886E-01  1.34173E-01 -6.85595E+00 -1.56454E+01 -3.95795E+00 -7.64551E-01 -4.78595E-02  6.42784E-01  9.96568E+01   2.519   1.109  4.70371E+08  5.33528E+08  4.95871E+08  2.77205E+07  2.41517E+08  1.23259E+00  2.45772E+02   8.283   8.543
 0.240  1.15426E-02 -1.26815E-01  5.46271E-02 -1.49174E+00  6.93296E+00 -5.72678E+00 -8.01372E-01  1.81691E-02  5.97890E-01  1.03097E+02   2.513   0.721  3.98558E+08  5.03932E+08  5.63995E+08  2.70427E+07  2.44676E+08  1.52381E+00  2.90409E+02   8.370   8.509
 0.250 -3.36999E-01 -6.29527E-02 -3.52492E-01 -2.22517E+01 -2.56438E+01 -1.08117E+01 -6.87721E-01  1.89187E-01  7.00891E-01  1.66201E+02   2.845   0.852  6.40978E+08  7.01664E+08  5.45874E+08  4.99252E+07  3.10937E+08  1.20145E+00  3.47925E+02   8.241   8.430
 0.260 -1.97726E-01  6.74817E-02 -2.46726E-01 -1.28297E+01 -2.10289E+01  8.88929E+00 -5.73595E-01  6.16675E-01  5.39166E-01  1.54768E+02   3.388   1.423  5.26520E+08  6.52648E+08  9.74551E+08  7.69343E+07  4.10454E+08  1.53210E+00  3.95241E+02   8.301   8.451
 0.270 -3.49007E-01 -2.03165E-01 -1.45954E-01 -6.42287E+00 -1.30866E+01  1.33719E+01 -5.18027E-01  6.43502E-01  5.63518E-01  1.98110E+02   3.527   0.828  5.11023E+08  5.95495E+08  1.05515E+09  6.94631E+07  3.69134E+08  1.28935E+00  4.61494E+02   8.323   8.440
 0.280 -2.31722E-01 -4.22884E-01  1.50259E-01  1.10594E+00 -1.14748E+01  1.06816E+01 -4.56330E-01  5.10922E-01  7.28506E-01  2.35516E+02   3.783   0.881  5.95996E+08  6.85567E+08  1.11648E+09  7.27106E+07  4.09955E+08  1.49428E+00  5.28736E+02   8.310   8.432
 0.290 -1.06362E-01 -3.59422E-01 -6.04751E-02 -5.82445E+00 -7.17935E+00  4.11983E+00 -6.17909E-01  4.46575E-01  6.47116E-01  2.91899E+02   5.301   1.226  7.80932E+08  8.12186E+08  1.14232E+09  1.01263E+08  6.28858E+08  8.41178E-01  5.92720E+02   8.306   8.412
 0.300 -3.18076E-01  9.52266E-01 -7.90036E-01 -5.24872E+01 -8.87010E+00 -2.86790E+01 -5.25410E-01  5.50527E-01  6.48741E-01  4.43580E+02   6.198   1.620  1.18674E+09  1.21095E+09  1.40509E+09  1.24370E+08  9.47444E+08  1.43319E+00  6.75192E+02   8.256   8.410
 0.310  4.99689E-01  6.65027E-01 -1.89736E-01 -1.70157E+01  1.86447E+00 -2.01046E+01 -4.85671E-01  6.19938E-01  6.16279E-01  2.91745E+02   5.984   1.981  6.15113E+08  5.84463E+08  1.34394E+09  1.16796E+08  8.28639E+08  3.96218E-01  8.01928E+02   8.368   8.417
 0.320 -8.01227E-01 -6.59420E-01 -1.38183E+00 -4.57278E+00 -1.83638E+01  6.57278E+01 -7.61414E-01  5.48586E-01  3.45401E-01  3.28684E+02   5.102   2.080  1.09600E+09  1.06986E+09  1.33947E+09  2.45669E+08  1.36023E+09  6.06798E-01  9.25705E+02   8.236   8.385
 0.330  3.06950E-01  2.69070E-01  2.56903E-01 -2.38466E+01 -2.12911E+01  1.69593E+01 -6.48583E-01  6.93163E-01  3.14429E-01  1.70309E+02   5.524   1.947  1.26150E+09  1.32247E+09  1.07856E+09  9.42725E+07  8.76943E+08  2.00149E+00  9.14348E+02   8.288   8.412
 0.340  3.03464E-01 -1.65611E-01 -9.33592E-02 -4.05956E+01 -1.91086E+01 -3.90908E-01 -4.47021E-01  7.41794E-01 -4.99914E-01  1.20536E+02   4.508   2.161  1.12506E+09  1.13243E+09  4.42056E+08  4.86456E+07  6.74002E+08  1.04021E+00  1.06780E+03   8.376   8.506
 0.350 -5.53146E-01 -3.99243E-01 -6.45815E-02 -2.11376E+00 -1.63238E+01  1.40660E+01 -4.99936E-01  8.65048E-01  4.19063E-02  2.76136E+02   5.919   1.427  1.10417E+09  1.34600E+09  1.58513E+09  9.40321E+07  9.37051E+08  3.04679E+00  8.40596E+02   8.394   8.521
 0.360  3.88119E-02  1.06727E-01 -3.12467E-01 -1.82633E+01 -6.78136E+00  6.03175E+00 -3.67357E-01  9.26237E-01 -8.44585E-02  3.78707E+02   5.788   1.347  1.42796E+09  1.57162E+09  1.83450E+09  8.98789E+07  8.41359E+08  2.69805E+00  8.87061E+02   8.364   8.525
 0.370  3.92989E-01 -4.84142E-01 -3.59084E-01 -2.96367E+01 -2.27691E+01 -5.51629E+00 -2.67236E-01  8.80964E-01 -3.90496E-01  4.56252E+02   5.743   1.701  1.57857E+09  1.68663E+09  1.83194E+09  9.92677E+07  8.77109E+08  1.80223E+00  9.30567E+02   8.342   8.513
 0.380  1.23673E-01 -7.17296E-02  1.64191E-01  3.79617E+00 -5.96116E+00 -1.89118E+01 -1.98619E-01  9.33326E-01 -2.99088E-01  4.35340E+02   6.841   2.127  1.48905E+09  1.60641E+09  2.23446E+09  1.74722E+08  1.10707E+09  1.81158E+00  8.95387E+02   8.400   8.490
 0.390  1.70195E-01 -2.26237E-03 -7.25399E-01 -1.93333E+01 -1.75630E+01 -1.25676E+01 -2.74852E-01  9.12355E-01 -3.03422E-01  5.32665E+02   6.691   2.247  2.03510E+09  2.14021E+09  2.67343E+09  1.91814E+08  1.20825E+09  2.40585E+00  9.47672E+02   8.387   8.489
 0.400  1.23420E-01  1.61112E-01 -6.56778E-03 -7.78968E+00  6.31729E+00 -2.81469E+01 -3.39446E-01  9.04852E-01 -2.56944E-01  4.77265E+02   7.203   5.064  2.89999E+09  3.05137E+09  3.39827E+09  2.71022E+08  1.77043E+09  5.01359E+00  9.52493E+02   8.398   8.473
 0.410  9.84534E-02 -5.98089E-02  4.54238E-02  4.97951E+01 -6.33549E+00 -6.22869E+00 -3.85369E-01  8.30568E-01 -4.02053E-01  3.97356E+02   6.608   2.885  2.18441E+09  2.40027E+09  3.45053E+09  1.69575E+08  1.36663E+09  4.00019E+00  1.00147E+03   8.458   8.504
 0.420  8.44986E-02 -3.36117E-02 -2.19191E-01  1.54874E+00  9.86872E+00  3.58928E+00 -5.55693E-01  7.13217E-01 -4.27232E-01  3.79752E+02   6.249   3.100  2.11217E+09  2.27507E+09  3.74521E+09  2.05457E+08  1.23818E+09  2.95769E+00  1.04151E+03   8.497   8.509
 0.430 -8.49085E-01 -2.79991E-01  7.01080E-01  1.51030E+01  2.24777E+01  2.87644E+01 -6.33610E-01  6.44482E-01 -4.27996E-01  3.68731E+02   6.109   1.612  1.84888E+09  2.19207E+09  2.75031E+09  2.91077E+08  1.18139E+09  5.03764E+00  1.10699E+03   8.608   8.517
 0.440 -1.57926E-01  1.66242E-01  2.90797E-01 -1.14351E+00  1.42421E+01  2.54262E+01 -8.26188E-01  5.24188E-01 -2.06494E-01  4.49082E+02   7.002   3.456  2.41897E+09  2.67884E+09  3.32432E+09  3.69078E+08  1.83594E+09  4.61847E+00  1.01352E+03   8.563   8.556
 0.450 -1.90224E-01 -3.63217E-01 -2.10849E-01 -1.29307E+01 -2.17868E+01  6.76735E+00 -8.42755E-01  4.94857E-01 -2.11852E-01  4.77255E+02   5.550   1.998  1.97140E+09  2.19178E+09  3.45973E+09  3.00588E+08  1.28665E+09  3.55470E+00  1.06146E+03   8.593   8.601
 0.460 -1.17260E-01 -2.46220E-01 -5.65607E-01 -2.27533E+01 -3.03607E+01  2.48221E-01 -7.70804E-01  5.74040E-01 -2.76296E-01  5.33597E+02   5.982   1.447  2.06523E+09  2.38845E+09  4.17685E+09  3.27747E+08  1.24857E+09  4.67200E+00  1.09083E+03   8.585   8.613
 0.470 -5.61073E-02 -1.32073E-01 -1.48489E-01  1.40660E+00 -1.43340E+01 -1.71889E+00 -7.20719E-01  6.45214E-01 -2.53501E-01  4.56343E+02   5.347   1.190  2.01454E+09  2.50908E+09  4.52683E+09  3.33579E+08  1.13168E+09  6.37305E+00  1.09080E+03   8.620   8.626
 0.480 -3.80837E-01 -2.81581E-01 -1.90406E-02 -2.88789E+01 -1.32765E+00  9.45184E+00 -5.45410E-01  6.87414E-01 -4.79573E-01  5.10749E+02   5.588   1.153  1.91735E+09  2.33347E+09  5.13331E+09  3.89047E+08  1.11605E+09  5.61943E+00  1.05701E+03   8.659   8.639
 0.490 -1.03649E-01 -3.61960E-01 -3.77632E-01 -3.72453E+00 -1.65845E+01  5.10980E+00 -5.89090E-01  6.00376E-01 -5.40853E-01  5.10603E+02   7.062   1.887  2.17657E+09  2.54860E+09  6.77182E+09  6.53532E+08  1.66701E+09  5.27222E+00  1.09404E+03   8.661   8.637
 0.500  3.17275E-01  8.94686E-02 -1.34323E-01  5.83349E+00 -9.03308E+00 -1.06805E+01 -6.76655E-01  4.36514E-01 -5.92953E-01  5.84664E+02   6.854   2.206  2.23927E+09  2.63204E+09  7.47999E+09  6.74055E+08  1.78781E+09  5.39054E+00  1.16388E+03   8.645   8.647
