  39
 0.120  9.00000E-01  3.98569E+07  1.20332E+07  1.38691E+07  3.85269E+07  7.21966E+06  3.11769E+08  8.80853E-02
 0.130  1.08750E+00  2.83365E+07  2.22184E+07  2.63389E+07  2.72133E+07  1.11566E+07  4.42545E+08  5.66571E-02
 0.140  1.27500E+00  1.08201E+08  3.82998E+07  4.48645E+07  1.02452E+08  1.62925E+07  5.28843E+08  2.47305E-01
 0.150  1.42500E+00  9.30492E+07  5.95189E+07  7.13151E+07  8.90395E+07  1.58239E+07  7.23386E+08  1.56577E-01
 0.160  1.65000E+00  8.25030E+07  8.35657E+07  1.01679E+08  7.83758E+07  1.79288E+07  8.96397E+08  1.43066E-01
 0.170  2.06250E+00  1.33602E+08  1.07660E+08  1.32819E+08  1.24040E+08  1.38195E+07  1.40213E+09  1.56446E-01
 0.180  2.51250E+00  2.53924E+08  1.89733E+08  2.29264E+08  2.33144E+08  6.64580E+07  2.45349E+09  9.39100E-01
 0.190  2.88750E+00  5.31114E+08  2.87101E+08  3.43984E+08  4.83982E+08  1.01319E+08  3.17954E+09  1.54404E+00
 0.200  3.22500E+00  8.61384E+08  6.01815E+08  7.20031E+08  7.84215E+08  2.16893E+08  4.54958E+09  2.86638E+00
 0.210  3.45000E+00  7.06697E+08  1.02068E+09  1.22451E+09  6.42698E+08  3.75073E+08  4.44025E+09  3.71889E+00
 0.220  3.75000E+00  4.00592E+08  1.29425E+09  1.58615E+09  3.48438E+08  2.27243E+08  5.18193E+09  2.35819E+00
 0.230  4.05000E+00  8.60916E+08  1.41414E+09  1.76627E+09  7.59940E+08  1.19710E+08  6.02536E+09  1.62336E+00
 0.240  4.38750E+00  7.32429E+08  1.62919E+09  2.05018E+09  6.24250E+08  1.79613E+08  7.24375E+09  2.06753E+00
 0.250  4.76250E+00  1.09463E+09  1.76848E+09  2.24994E+09  9.39433E+08  1.20651E+08  7.61530E+09  1.57697E+00
 0.260  5.06250E+00  9.41937E+08  2.03099E+09  2.59209E+09  8.12489E+08  1.92415E+08  8.30826E+09  1.76008E+00
 0.270  5.62500E+00  9.54010E+08  2.19638E+09  2.82726E+09  8.08491E+08  1.32545E+08  9.58235E+09  1.47130E+00
 0.280  6.45000E+00  1.06435E+09  2.36327E+09  3.06007E+09  8.83135E+08  1.48223E+08  1.16882E+10  1.69720E+00
 0.290  6.97500E+00  1.24984E+09  2.48746E+09  3.24711E+09  1.06786E+09  9.49116E+07  1.38911E+10  9.76933E-01
 0.300  7.31250E+00  1.75732E+09  2.65331E+09  3.47762E+09  1.50416E+09  1.39386E+08  1.63702E+10  1.64337E+00
 0.310  7.68750E+00  1.01971E+09  2.65032E+09  3.50900E+09  8.08504E+08  4.13995E+07  1.44882E+10  4.42726E-01
 0.320  8.06250E+00  2.11384E+09  3.14064E+09  4.16432E+09  1.80305E+09  9.88567E+07  1.74543E+10  1.31197E+00
 0.330  8.25000E+00  2.28609E+09  3.60086E+09  4.72324E+09  1.92142E+09  3.92348E+08  1.80704E+10  3.69571E+00
 0.340  8.51250E+00  2.38247E+09  4.01148E+09  5.25361E+09  2.08552E+09  3.69377E+08  1.87260E+10  3.90354E+00
 0.350  8.85000E+00  2.07819E+09  4.66407E+09  6.10743E+09  1.82303E+09  3.67133E+08  2.02570E+10  3.46902E+00
 0.360  9.26250E+00  2.67893E+09  5.01659E+09  6.60520E+09  2.33719E+09  2.80200E+08  2.31439E+10  3.36793E+00
 0.370  9.78750E+00  2.94686E+09  5.32531E+09  7.05199E+09  2.60036E+09  2.23168E+08  2.40586E+10  2.10043E+00
 0.380  1.12125E+01  3.04599E+09  5.70240E+09  7.57599E+09  2.65285E+09  2.37994E+08  2.74068E+10  1.92690E+00
 0.390  1.26000E+01  3.66969E+09  6.05762E+09  8.08202E+09  3.16826E+09  2.36492E+08  3.21841E+10  2.54702E+00
 0.400  1.33875E+01  5.39591E+09  8.25421E+09  1.09849E+10  4.57627E+09  5.15531E+08  5.24260E+10  5.92663E+00
 0.410  1.39875E+01  4.85104E+09  7.48168E+09  9.92727E+09  4.07529E+09  5.58238E+08  4.57205E+10  5.14831E+00
 0.420  1.44750E+01  4.74947E+09  9.59614E+09  1.27821E+10  4.09438E+09  4.50455E+08  4.36185E+10  4.87689E+00
 0.430  1.49625E+01  4.41886E+09  1.09960E+10  1.46017E+10  3.72866E+09  8.39313E+08  5.19571E+10  8.41274E+00
 0.440  1.54125E+01  4.69252E+09  1.15479E+10  1.54091E+10  4.00140E+09  5.14071E+08  5.12934E+10  5.64830E+00
 0.450  1.57875E+01  4.69382E+09  1.21045E+10  1.62485E+10  3.89635E+09  4.12044E+08  5.20330E+10  4.43305E+00
 0.460  1.61625E+01  5.33281E+09  1.28429E+10  1.72684E+10  4.35345E+09  5.95568E+08  5.45952E+10  7.05442E+00
 0.470  1.64250E+01  4.86636E+09  1.38703E+10  1.86587E+10  3.97956E+09  7.29383E+08  5.67221E+10  7.82035E+00
 0.480  1.66500E+01  4.63190E+09  1.47047E+10  1.98291E+10  3.83694E+09  5.46368E+08  5.82852E+10  6.10447E+00
 0.490  1.69500E+01  5.38511E+09  1.68484E+10  2.27989E+10  4.57060E+09  5.91328E+08  6.96691E+10  6.47019E+00
 0.500  1.73250E+01  4.93813E+09  1.63342E+10  2.21679E+10  4.14441E+09  5.53484E+08  6.64360E+10  5.69667E+00
