  50
 0.100   0.713   0.500  1.72291E-02  2.24334E-02  1.04316E-02
 0.110   0.863   0.500  5.60482E-02  5.72496E-02  4.46480E-02
 0.120   1.000   0.500  4.35296E-02  5.47492E-02  2.81177E-02
 0.130   1.000   0.500  7.52241E-03  3.67314E-03  1.95207E-02
 0.140   1.250   0.678  1.22953E-02  1.31327E-02  1.01019E-02
 0.150   1.310   0.853  4.15304E-02  4.48360E-02  3.34041E-02
 0.160   1.587   0.791  2.00389E-02  2.13752E-02  3.05865E-02
 0.170   1.414   0.515  8.25239E-01  7.62075E-01  8.01879E-01
 0.180   1.893   0.736  5.85915E-01  6.03757E-01  5.57140E-01
 0.190   1.470   0.500  1.48986E+00  1.45850E+00  1.51236E+00
 0.200   2.085   0.538  1.09050E+00  8.70323E-01  1.53068E+00
 0.210   3.576   1.817  7.27434E-01  7.27244E-01  8.48027E-01
 0.220   3.468   1.156  6.10379E-01  5.86063E-01  6.39863E-01
 0.230   4.100   1.411  1.06035E+00  1.16013E+00  8.41073E-01
 0.240   4.740   1.692  6.12887E-01  6.14051E-01  6.25126E-01
 0.250   5.215   2.006  3.91653E+00  4.15721E+00  3.24662E+00
 0.260   6.283   2.353  2.15443E+00  2.20463E+00  2.23438E+00
 0.270   6.633   1.829  1.06093E+01  1.03368E+01  9.42682E+00
 0.280   6.686   2.004  3.60617E+00  3.41933E+00  4.42038E+00
 0.290   7.338   1.526  6.70844E+00  6.60387E+00  6.43233E+00
 0.300   7.344   2.136  1.13756E+01  1.13991E+01  1.11297E+01
 0.310   8.032   3.110  9.11389E+00  9.50759E+00  8.88866E+00
 0.320   7.943   2.432  1.37190E+01  1.37798E+01  1.24074E+01
 0.330   8.412   3.612  1.73095E+01  1.74247E+01  1.67490E+01
 0.340   8.230   1.603  2.02747E+01  1.92818E+01  2.02869E+01
 0.350   9.280   1.987  9.59718E+00  9.24463E+00  1.04556E+01
 0.360   7.587   1.325  9.65783E+00  1.01091E+01  8.88706E+00
 0.370   8.985   1.353  1.06977E+01  1.06700E+01  1.05721E+01
 0.380  11.670   1.744  1.11914E+01  1.21511E+01  9.55395E+00
 0.390  11.044   1.577  1.78724E+01  1.79034E+01  1.73001E+01
 0.400  10.635   1.292  2.11559E+01  2.18483E+01  1.82465E+01
 0.410   9.252   3.159  1.83088E+01  1.70772E+01  1.93235E+01
 0.420  11.131   1.725  1.11779E+01  1.03990E+01  1.32981E+01
 0.430   8.787   2.173  8.53861E+00  8.49574E+00  8.69106E+00
 0.440  11.130   2.376  6.12802E+00  6.07265E+00  6.14533E+00
 0.450  10.590   2.124  5.81922E+00  5.89445E+00  5.68799E+00
 0.460  13.529   4.064  5.75322E+00  5.83695E+00  5.68814E+00
 0.470  12.451   3.416  9.70992E+00  1.03122E+01  9.00246E+00
 0.480  16.738   4.523  8.69805E+00  9.29465E+00  7.58600E+00
 0.490  12.437   2.665  8.55669E+00  8.13555E+00  9.51365E+00
 0.500  12.476   4.134  1.29407E+01  1.28060E+01  1.28179E+01
 0.510  11.892   3.452  1.43827E+01  1.46987E+01  1.30708E+01
 0.521  11.575   2.295  1.06666E+01  1.11596E+01  9.57549E+00
 0.530  12.612   2.401  1.36923E+01  1.31583E+01  1.35754E+01
 0.540  13.633   3.350  1.09706E+01  1.11611E+01  1.09972E+01
 0.550  11.201   2.133  7.74495E+00  7.53053E+00  8.12096E+00
 0.560  12.777   2.074  6.51856E+00  6.53821E+00  6.63210E+00
 0.570  11.081   1.769  5.76880E+00  5.29088E+00  6.57905E+00
 0.580  11.740   1.276  5.94361E+00  5.72908E+00  5.74623E+00
 0.590  10.317   1.107  3.75064E+00  3.83948E+00  3.64652E+00
