  50
 0.100   4.750   0.713  2.92445E+09  2.93222E+08  4.10507E+07  4.74935E+07  2.59017E+09  2.44950E+07  1.54528E+07  1.79698E+07  1.40337E+08  5.73734E+08  4.52023E+07  5.24936E+07  4.24379E+09  4.26170E+07  2.66320E+07  3.07594E+07  2.66624E+08
 0.110   5.750   0.863  4.09701E+09  2.71190E+08  8.30169E+07  9.69823E+07  3.74280E+09  2.71856E+07  4.09208E+07  4.73385E+07  1.67524E+08  5.40523E+08  8.43082E+07  9.85532E+07  4.97682E+09  3.91669E+07  5.32566E+07  6.18457E+07  3.21828E+08
 0.120   6.750   1.000  4.98855E+09  2.84808E+08  1.01701E+08  1.21105E+08  4.60204E+09  5.00254E+07  5.89180E+07  6.96234E+07  2.71862E+08  4.67258E+08  1.01906E+08  1.21356E+08  5.74494E+09  7.20945E+07  7.68926E+07  9.11278E+07  5.11300E+08
 0.130   8.000   1.000  6.25460E+09  3.57457E+08  1.16539E+08  1.41544E+08  5.78060E+09  1.95616E+07  7.27649E+07  8.79068E+07  2.73359E+08  4.83904E+08  1.19408E+08  1.45020E+08  6.83131E+09  2.92458E+07  8.36440E+07  1.01178E+08  3.88422E+08
 0.140  10.000   1.250  1.00440E+10  6.60695E+08  1.99481E+08  2.42128E+08  9.18387E+09  3.39016E+07  9.45393E+07  1.15997E+08  4.61667E+08  6.60695E+08  1.99481E+08  2.42128E+08  9.18387E+09  6.03455E+07  1.02892E+08  1.26260E+08  6.41744E+08
 0.150  12.000   1.310  1.42698E+10  9.39487E+08  2.86959E+08  3.45186E+08  1.30433E+10  1.27386E+08  1.62629E+08  1.95142E+08  8.94651E+08  7.81423E+08  2.85191E+08  3.42977E+08  1.15568E+10  1.40099E+08  1.67074E+08  2.00548E+08  1.02850E+09
 0.160  14.000   1.587  1.82794E+10  1.33790E+09  3.58421E+08  4.37324E+08  1.65831E+10  1.66283E+08  2.54774E+08  3.09765E+08  9.84939E+08  9.51508E+08  3.43587E+08  4.19599E+08  1.31824E+10  1.96543E+08  2.72149E+08  3.31051E+08  1.17524E+09
 0.170  15.500   1.414  2.10334E+10  1.52970E+09  5.48209E+08  6.63023E+08  1.89555E+10  1.83730E+08  4.51510E+08  5.43362E+08  1.38034E+09  1.08956E+09  5.43941E+08  6.57598E+08  1.29974E+10  1.72167E+08  4.43225E+08  5.33217E+08  1.22546E+09
 0.180  17.000   1.893  2.35059E+10  1.68024E+09  6.86493E+08  8.39753E+08  2.11392E+10  1.62795E+08  5.85425E+08  7.14090E+08  1.54471E+09  1.09892E+09  6.73852E+08  8.23762E+08  1.25775E+10  1.99622E+08  5.96434E+08  7.27574E+08  1.77201E+09
 0.190  19.500   1.470  2.93047E+10  2.21876E+09  8.93108E+08  1.09604E+09  2.61928E+10  3.67252E+08  8.02467E+08  9.81892E+08  2.00197E+09  1.05220E+09  8.68269E+08  1.06454E+09  1.24922E+10  3.17440E+08  7.73323E+08  9.45807E+08  1.42599E+09
 0.200  24.750   2.085  5.24727E+10  5.06495E+09  1.47925E+09  1.82968E+09  4.59285E+10  2.36506E+08  1.00231E+09  1.24087E+09  2.80783E+09  1.10801E+09  1.05484E+09  1.30759E+09  1.39733E+10  2.00831E+08  9.85764E+08  1.22000E+09  2.28905E+09
 0.210  27.750   3.576  6.39086E+10  6.12764E+09  1.85929E+09  2.30450E+09  5.59217E+10  5.89209E+08  1.19268E+09  1.48925E+09  4.37939E+09  2.77897E+09  1.79402E+09  2.22296E+09  2.17393E+10  8.68175E+08  1.36505E+09  1.69977E+09  6.34744E+09
 0.220  29.750   3.468  6.91833E+10  6.54273E+09  2.28215E+09  2.84216E+09  6.03584E+10  5.13580E+08  1.42547E+09  1.78468E+09  4.55739E+09  2.78868E+09  2.07223E+09  2.58317E+09  2.24936E+10  6.10288E+08  1.44152E+09  1.80473E+09  5.49935E+09
 0.230  33.000   4.100  8.25790E+10  8.40741E+09  2.63136E+09  3.31122E+09  7.15402E+10  5.37430E+08  2.08704E+09  2.63178E+09  5.62796E+09  2.59908E+09  2.44656E+09  3.07939E+09  1.86204E+10  8.47038E+08  2.22768E+09  2.80591E+09  7.25647E+09
 0.240  36.750   4.740  1.00750E+11  1.07921E+10  2.81080E+09  3.58433E+09  8.71470E+10  4.90852E+08  2.09516E+09  2.67624E+09  5.81037E+09  3.09009E+09  2.59962E+09  3.31583E+09  1.98453E+10  7.94169E+08  2.25816E+09  2.88297E+09  7.97820E+09
 0.250  43.750   5.215  1.44547E+11  1.61506E+10  3.87699E+09  4.91636E+09  1.24520E+11  1.53012E+09  2.59291E+09  3.30978E+09  9.19950E+09  4.71632E+09  3.12413E+09  3.96507E+09  2.52633E+10  2.26309E+09  2.78919E+09  3.54791E+09  1.15955E+10
 0.260  48.500   6.283  1.77336E+11  1.93799E+10  5.12488E+09  6.47697E+09  1.52831E+11  1.68934E+09  2.91679E+09  3.73913E+09  1.01844E+10  5.40536E+09  3.70396E+09  4.70653E+09  2.78077E+10  2.62283E+09  3.20566E+09  4.09940E+09  1.46047E+10
 0.270  53.750   6.633  2.24691E+11  2.39265E+10  6.74004E+09  8.47098E+09  1.94025E+11  3.10303E+09  4.30042E+09  5.41651E+09  1.34345E+10  6.88601E+09  5.03613E+09  6.31307E+09  2.88170E+10  4.43677E+09  4.62704E+09  5.81540E+09  1.76701E+10
 0.280  59.250   6.686  2.67782E+11  2.73724E+10  8.56475E+09  1.08469E+10  2.31845E+11  2.29941E+09  5.12963E+09  6.51941E+09  1.41323E+10  4.97023E+09  5.87030E+09  7.43941E+09  2.76289E+10  2.80289E+09  5.31099E+09  6.74708E+09  1.65862E+10
 0.290  62.750   7.338  2.88410E+11  2.87521E+10  1.00567E+10  1.27774E+10  2.49601E+11  2.97808E+09  6.03600E+09  7.71480E+09  1.62944E+10  4.91025E+09  6.99276E+09  8.89703E+09  2.98560E+10  3.53413E+09  6.48659E+09  8.27034E+09  2.00119E+10
 0.300  66.000   7.344  3.06711E+11  3.04566E+10  1.16650E+10  1.48978E+10  2.64590E+11  3.67095E+09  7.64110E+09  9.73186E+09  1.93614E+10  6.43979E+09  9.33361E+09  1.18842E+10  3.33701E+10  4.23124E+09  8.31082E+09  1.05663E+10  2.24454E+10
 0.310  68.750   8.032  3.14930E+11  3.18529E+10  1.30936E+10  1.68202E+10  2.69983E+11  3.02908E+09  8.67719E+09  1.11427E+10  1.97742E+10  7.22183E+09  9.99913E+09  1.27839E+10  3.13974E+10  4.55866E+09  9.27703E+09  1.18877E+10  2.40448E+10
 0.320  70.500   7.943  3.13593E+11  3.20499E+10  1.51641E+10  1.94865E+10  2.66379E+11  4.99161E+09  1.03117E+10  1.32551E+10  2.14303E+10  7.08652E+09  1.19719E+10  1.53435E+10  3.27366E+10  5.68795E+09  1.09570E+10  1.40651E+10  2.48881E+10
 0.330  73.000   8.412  3.16577E+11  3.22575E+10  1.75346E+10  2.25624E+10  2.66784E+11  5.48734E+09  1.26989E+10  1.62612E+10  2.24788E+10  7.62884E+09  1.40077E+10  1.79404E+10  3.33743E+10  6.36651E+09  1.34405E+10  1.72048E+10  2.70085E+10
 0.340  75.250   8.230  3.18092E+11  3.12510E+10  2.06939E+10  2.66190E+10  2.66147E+11  5.16768E+09  1.56591E+10  2.00744E+10  2.61961E+10  7.35149E+09  1.74838E+10  2.24292E+10  3.70622E+10  5.89331E+09  1.62237E+10  2.08011E+10  2.93684E+10
 0.350  77.250   9.280  3.18920E+11  3.06778E+10  2.24128E+10  2.91199E+10  2.65830E+11  3.60695E+09  1.67687E+10  2.17481E+10  2.56116E+10  5.13090E+09  1.82220E+10  2.36309E+10  3.50553E+10  4.55971E+09  1.78929E+10  2.32088E+10  3.20896E+10
 0.360  80.250   7.587  3.26774E+11  2.98236E+10  2.41577E+10  3.16077E+10  2.72792E+11  4.50721E+09  1.95975E+10  2.56477E+10  2.91147E+10  5.53279E+09  2.10357E+10  2.75294E+10  3.78291E+10  4.23242E+09  1.90935E+10  2.49910E+10  2.70705E+10
 0.370  84.500   8.985  3.46165E+11  3.02075E+10  2.61086E+10  3.43168E+10  2.89849E+11  4.34631E+09  2.14049E+10  2.81560E+10  3.03051E+10  5.17841E+09  2.23978E+10  2.94374E+10  3.66953E+10  4.63257E+09  2.18230E+10  2.86958E+10  3.24996E+10
 0.380  92.000  11.670  4.09838E+11  3.67241E+10  3.11417E+10  4.11296E+10  3.41972E+11  5.36277E+09  2.24535E+10  2.96972E+10  3.26218E+10  5.86041E+09  2.31587E+10  3.06213E+10  3.60582E+10  7.66504E+09  2.43489E+10  3.21454E+10  4.31988E+10
 0.390  99.250  11.044  4.69473E+11  3.97317E+10  3.46969E+10  4.58199E+10  3.95045E+11  5.80016E+09  2.49527E+10  3.30344E+10  3.77252E+10  5.85202E+09  2.50799E+10  3.31937E+10  3.80626E+10  6.63330E+09  2.62667E+10  3.47006E+10  4.28569E+10
 0.400 105.250  10.635  5.17830E+11  4.04058E+10  3.76857E+10  4.98650E+10  4.39738E+11  6.71588E+09  2.80779E+10  3.71849E+10  4.31587E+10  6.40980E+09  2.75784E+10  3.65374E+10  4.05731E+10  6.77387E+09  2.81874E+10  3.73273E+10  4.37008E+10
 0.410 113.500   9.252  5.99389E+11  4.44390E+10  4.31365E+10  5.72561E+10  5.11813E+11  8.13653E+09  3.17993E+10  4.21641E+10  5.66488E+10  6.91330E+09  3.04449E+10  4.03715E+10  4.79384E+10  6.12672E+09  2.96722E+10  3.93486E+10  4.32385E+10
 0.420 119.250  11.131  6.44705E+11  4.65883E+10  4.58639E+10  6.11852E+10  5.52253E+11  4.62949E+09  3.24559E+10  4.32796E+10  5.10484E+10  3.94978E+09  3.11467E+10  4.15396E+10  4.15368E+10  4.28758E+09  3.19380E+10  4.25933E+10  4.71033E+10
 0.430 128.250   8.787  7.28613E+11  5.17294E+10  5.66748E+10  7.63311E+10  6.20208E+11  5.60440E+09  4.05614E+10  5.44099E+10  6.14971E+10  4.71547E+09  3.83875E+10  5.14820E+10  4.70514E+10  4.32079E+09  3.67460E+10  4.92662E+10  4.06486E+10
 0.440 133.500  11.130  7.63624E+11  5.34768E+10  5.80368E+10  7.86416E+10  6.52111E+11  5.30841E+09  4.08819E+10  5.51677E+10  6.70658E+10  3.56496E+09  3.72266E+10  5.02511E+10  4.74976E+10  4.34899E+09  3.87371E+10  5.22801E+10  5.40134E+10
 0.450 137.500  10.590  7.84881E+11  5.47059E+10  5.87075E+10  8.00042E+10  6.71468E+11  6.65422E+09  4.13488E+10  5.61658E+10  6.93771E+10  3.63784E+09  3.77678E+10  5.13170E+10  4.69816E+10  4.25402E+09  3.85594E+10  5.23747E+10  5.04349E+10
 0.460 141.250  13.529  8.02903E+11  5.57115E+10  5.95919E+10  8.15691E+10  6.87599E+11  9.56828E+09  4.35322E+10  5.94429E+10  7.76728E+10  5.69674E+09  3.92481E+10  5.36013E+10  5.07542E+10  9.10232E+09  4.31601E+10  5.89304E+10  7.37688E+10
 0.470 144.750  12.451  8.10646E+11  5.53933E+10  6.14953E+10  8.42793E+10  6.93757E+11  1.04629E+10  5.35917E+10  7.34626E+10  8.92234E+10  6.34509E+09  4.18857E+10  5.73730E+10  5.59553E+10  8.33525E+09  5.14631E+10  7.05457E+10  7.46537E+10
 0.480 147.750  16.738  8.18571E+11  5.55061E+10  6.31879E+10  8.67929E+10  6.99877E+11  9.21220E+09  5.13478E+10  7.05776E+10  7.71763E+10  4.73076E+09  3.71368E+10  5.10713E+10  4.45054E+10  1.29388E+10  5.39034E+10  7.40319E+10  9.11978E+10
 0.490 151.000  12.437  8.24550E+11  5.36702E+10  6.62846E+10  9.09634E+10  7.04595E+11  8.67575E+09  5.42624E+10  7.45535E+10  8.10154E+10  5.59122E+09  4.73974E+10  6.51765E+10  4.89244E+10  7.32736E+09  5.14799E+10  7.07291E+10  6.41640E+10
 0.500 153.250  12.476  8.19491E+11  5.13795E+10  6.84915E+10  9.42088E+10  6.99620E+11  1.02334E+10  5.73950E+10  7.90450E+10  8.38969E+10  5.69031E+09  4.96859E+10  6.84895E+10  5.06989E+10  8.30640E+09  5.42706E+10  7.47324E+10  6.63306E+10
 0.510 156.250  11.892  8.28516E+11  5.02879E+10  7.15900E+10  9.86738E+10  7.06638E+11  1.05062E+10  5.95350E+10  8.20720E+10  8.89690E+10  5.65615E+09  5.10014E+10  7.04651E+10  5.23938E+10  7.71453E+09  5.46009E+10  7.53607E+10  6.48061E+10
 0.521 158.750  11.575  8.19180E+11  4.76843E+10  7.29927E+10  1.01032E+11  6.98503E+11  1.09817E+10  6.29769E+10  8.71610E+10  9.71368E+10  6.25288E+09  5.29585E+10  7.34219E+10  5.40051E+10  8.08991E+09  5.63198E+10  7.79856E+10  6.48908E+10
 0.530 160.250  12.612  8.08736E+11  4.44914E+10  7.48544E+10  1.03698E+11  6.89391E+11  1.07985E+10  6.33441E+10  8.76810E+10  9.37697E+10  4.65613E+09  5.30087E+10  7.36402E+10  5.28619E+10  8.33500E+09  5.90694E+10  8.18280E+10  7.06250E+10
 0.540 162.500  13.633  7.98889E+11  4.16951E+10  7.62519E+10  1.05971E+11  6.80942E+11  9.92426E+09  6.40416E+10  8.89251E+10  9.27291E+10  4.10584E+09  5.43570E+10  7.56761E+10  5.19291E+10  8.35909E+09  6.11566E+10  8.49586E+10  7.57699E+10
 0.550 164.500  11.201  7.93709E+11  3.91507E+10  7.74848E+10  1.07973E+11  6.77073E+11  8.70180E+09  6.66204E+10  9.27382E+10  9.54046E+10  4.18016E+09  5.56369E+10  7.76493E+10  5.32430E+10  5.37194E+09  5.86756E+10  8.17964E+10  6.12144E+10
 0.560 166.500  12.777  7.88950E+11  3.64984E+10  7.85415E+10  1.09744E+11  6.73911E+11  7.87769E+09  6.76995E+10  9.44832E+10  9.78218E+10  3.87962E+09  5.60006E+10  7.84002E+10  5.31360E+10  5.98520E+09  6.24813E+10  8.72729E+10  7.18428E+10
 0.570 168.500  11.081  7.81679E+11  3.35854E+10  7.95005E+10  1.11404E+11  6.68593E+11  6.69755E+09  6.88102E+10  9.63328E+10  1.00685E+11  3.34185E+09  5.71865E+10  8.02106E+10  5.35395E+10  4.12075E+09  6.00291E+10  8.41410E+10  6.10217E+10
 0.580 170.500  11.740  7.77363E+11  3.13528E+10  8.01352E+10  1.12582E+11  6.65875E+11  6.20897E+09  7.14646E+10  1.00278E+11  1.01826E+11  3.64253E+09  6.04809E+10  8.49455E+10  5.51112E+10  4.79551E+09  6.47618E+10  9.09016E+10  6.70670E+10
 0.590 172.750  10.317  7.73358E+11  2.91315E+10  8.06128E+10  1.13613E+11  6.63613E+11  5.31128E+09  7.16277E+10  1.00843E+11  1.02584E+11  2.99270E+09  5.96497E+10  8.40691E+10  5.41726E+10  3.14315E+09  6.04474E+10  8.51882E+10  5.63063E+10
