  50
 0.100  6.96291E+07  3.27120E+07  3.77126E+07  6.68938E+07  1.74471E+07  4.30573E+08  2.73136E-01
 0.110  4.32024E+07  5.80366E+07  6.74554E+07  4.08756E+07  3.22601E+07  4.10454E+08  3.80837E-01
 0.120  7.20945E+07  7.68926E+07  9.11278E+07  6.94357E+07  1.80838E+07  5.11300E+08  2.61465E-01
 0.130  2.92458E+07  8.36440E+07  1.01178E+08  2.77663E+07  1.76088E+07  3.88422E+08  1.24125E-01
 0.140  3.39016E+07  9.45393E+07  1.15997E+08  3.22619E+07  9.84458E+06  4.61667E+08  1.00509E-01
 0.150  1.10285E+08  1.52775E+08  1.83163E+08  1.06051E+08  5.47694E+07  6.58372E+08  8.20891E-01
 0.160  1.13124E+08  2.13590E+08  2.59253E+08  1.10044E+08  4.57891E+07  6.06244E+08  4.70098E-01
 0.170  1.29620E+08  4.06320E+08  4.87822E+08  1.25921E+08  1.60284E+08  7.75264E+08  1.69809E+00
 0.180  9.05776E+07  5.24784E+08  6.39097E+08  8.79595E+07  1.14936E+08  7.76927E+08  1.15712E+00
 0.190  2.24194E+08  7.18619E+08  8.78722E+08  2.19787E+08  1.72959E+08  8.96813E+08  1.67095E+00
 0.200  8.58306E+07  8.62448E+08  1.06797E+09  8.25721E+07  1.34409E+08  9.41375E+08  1.10549E+00
 0.210  1.65052E+08  9.78708E+08  1.22409E+09  1.59882E+08  1.03522E+08  1.07190E+09  1.26022E+00
 0.220  1.60426E+08  1.18864E+09  1.48962E+09  1.55735E+08  1.76941E+08  1.10640E+09  1.88305E+00
 0.230  1.29111E+08  1.37415E+09  1.73434E+09  1.25246E+08  1.51759E+08  1.19969E+09  1.53964E+00
 0.240  7.04720E+07  1.43849E+09  1.84163E+09  6.82347E+07  5.91086E+07  1.13143E+09  6.43601E-01
 0.250  3.38028E+07  1.46338E+09  1.89419E+09  3.21297E+07  3.34500E+07  1.18322E+09  3.50425E-01
 0.260  1.09159E+08  1.53843E+09  2.00280E+09  1.05748E+08  5.98992E+07  1.20941E+09  7.17945E-01
 0.270  1.36409E+08  1.66260E+09  2.16924E+09  1.32615E+08  8.59153E+07  1.31417E+09  9.84253E-01
 0.280  1.20545E+08  1.79906E+09  2.35330E+09  1.17125E+08  8.92124E+07  1.29854E+09  9.00006E-01
 0.290  1.18368E+08  1.87984E+09  2.47262E+09  1.15196E+08  6.00199E+07  1.33520E+09  6.99145E-01
 0.300  7.06685E+07  2.01499E+09  2.65771E+09  6.81771E+07  7.76646E+07  1.38600E+09  5.91674E-01
 0.310  5.95285E+07  2.15574E+09  2.85935E+09  5.75470E+07  4.39788E+07  1.37610E+09  4.21851E-01
 0.320  1.30878E+08  2.31124E+09  3.07373E+09  1.25960E+08  6.54897E+07  1.42100E+09  8.54188E-01
 0.330  8.69809E+07  2.60984E+09  3.44763E+09  8.37300E+07  1.06236E+08  1.31766E+09  1.11169E+00
 0.340  1.06076E+08  2.83893E+09  3.75997E+09  1.02998E+08  7.83271E+07  1.35407E+09  8.28717E-01
 0.350  9.70462E+07  3.22221E+09  4.24036E+09  9.47335E+07  1.69810E+08  1.36904E+09  1.42495E+00
 0.360  7.98198E+07  3.90016E+09  5.11886E+09  7.71469E+07  7.57124E+07  1.21997E+09  6.01598E-01
 0.370  1.02094E+08  3.92792E+09  5.20624E+09  9.93732E+07  6.71698E+07  1.19628E+09  7.87803E-01
 0.380  1.58921E+08  5.00890E+09  6.62843E+09  1.56240E+08  2.30011E+08  1.31334E+09  2.16596E+00
 0.390  1.22649E+08  5.10359E+09  6.80071E+09  1.20128E+08  1.18864E+08  1.30336E+09  1.30550E+00
 0.400  6.91530E+07  5.08053E+09  6.82539E+09  6.66633E+07  5.50210E+07  1.30178E+09  6.19748E-01
 0.410  1.29133E+08  5.35256E+09  7.19727E+09  1.25635E+08  1.15197E+08  1.31982E+09  1.03847E+00
 0.420  2.10001E+08  6.68210E+09  8.85120E+09  2.05712E+08  3.88873E+08  1.28158E+09  3.59542E+00
 0.430  9.91326E+07  6.96072E+09  9.29662E+09  9.74108E+07  1.34511E+08  1.29056E+09  1.12312E+00
 0.440  9.91527E+07  7.22101E+09  9.72931E+09  9.65989E+07  7.02228E+07  1.32764E+09  7.79017E-01
 0.450  1.06053E+08  8.08613E+09  1.09279E+10  1.04222E+08  1.20627E+08  1.47279E+09  1.02700E+00
 0.460  6.40321E+07  8.25326E+09  1.12340E+10  6.26746E+07  5.09601E+07  1.50821E+09  4.71991E-01
 0.470  8.18494E+07  7.88231E+09  1.07919E+10  7.97999E+07  5.64362E+07  1.41526E+09  6.22496E-01
 0.480  7.42190E+07  8.20308E+09  1.12720E+10  7.22706E+07  5.22932E+07  1.39356E+09  4.81857E-01
 0.490  1.92214E+08  1.06116E+10  1.45474E+10  1.89617E+08  4.63238E+08  1.30311E+09  3.83745E+00
 0.500  7.96394E+07  1.09895E+10  1.51571E+10  7.80075E+07  9.98414E+07  1.39340E+09  9.42042E-01
 0.510  5.67114E+07  1.14536E+10  1.58732E+10  5.49944E+07  6.40592E+07  1.51087E+09  7.13345E-01
 0.521  3.81512E+07  1.12826E+10  1.56961E+10  3.70950E+07  4.53217E+07  1.41160E+09  4.70750E-01
 0.530  4.43132E+07  1.10117E+10  1.53596E+10  4.28760E+07  4.60959E+07  1.35948E+09  5.24123E-01
 0.540  4.06134E+07  1.12143E+10  1.56986E+10  3.93857E+07  3.09103E+07  1.41959E+09  3.59880E-01
 0.550  4.11081E+07  1.08187E+10  1.51836E+10  3.99516E+07  2.78052E+07  1.33237E+09  3.05799E-01
 0.560  3.81948E+07  1.10357E+10  1.55264E+10  3.71585E+07  2.31253E+07  1.38891E+09  2.66919E-01
 0.570  3.59115E+07  1.11964E+10  1.57305E+10  3.45932E+07  4.95942E+07  1.33645E+09  4.48710E-01
 0.580  3.26078E+07  1.12825E+10  1.58903E+10  3.16062E+07  2.41262E+07  1.36438E+09  2.55416E-01
 0.590  2.65363E+07  1.13459E+10  1.60194E+10  2.55757E+07  2.15709E+07  1.38184E+09  2.54029E-01
