  50
 0.100  4.75000E+00  2.92445E+09  5.14528E+01
 0.110  5.75000E+00  4.09701E+09  5.53521E+01
 0.120  6.75000E+00  4.98855E+09  5.63728E+01
 0.130  8.00000E+00  6.25460E+09  5.79814E+01
 0.140  1.00000E+01  1.00440E+10  6.57186E+01
 0.150  1.20000E+01  1.42698E+10  7.15076E+01
 0.160  1.40000E+01  1.82794E+10  7.49292E+01
 0.170  1.55000E+01  2.10334E+10  7.63877E+01
 0.180  1.70000E+01  2.35059E+10  7.71078E+01
 0.190  1.95000E+01  2.93047E+10  8.03869E+01
 0.200  2.47500E+01  5.24727E+10  9.54802E+01
 0.210  2.77500E+01  6.39086E+10  9.95136E+01
 0.220  2.97500E+01  6.91833E+10  9.99980E+01
 0.230  3.30000E+01  8.25790E+10  1.03732E+02
 0.240  3.67500E+01  1.00750E+11  1.08574E+02
 0.250  4.37500E+01  1.44547E+11  1.19193E+02
 0.260  4.85000E+01  1.77336E+11  1.25390E+02
 0.270  5.37500E+01  2.24691E+11  1.34072E+02
 0.280  5.92500E+01  2.67782E+11  1.39406E+02
 0.290  6.27500E+01  2.88410E+11  1.40583E+02
 0.300  6.60000E+01  3.06711E+11  1.41360E+02
 0.310  6.87500E+01  3.14930E+11  1.40348E+02
 0.320  7.05000E+01  3.13593E+11  1.38300E+02
 0.330  7.30000E+01  3.16577E+11  1.36556E+02
 0.340  7.52500E+01  3.18092E+11  1.34821E+02
 0.350  7.72500E+01  3.18920E+11  1.33237E+02
 0.360  8.02500E+01  3.26774E+11  1.32323E+02
 0.370  8.45000E+01  3.46165E+11  1.32723E+02
 0.380  9.20000E+01  4.09838E+11  1.38403E+02
 0.390  9.92500E+01  4.69473E+11  1.42618E+02
 0.400  1.05250E+02  5.17830E+11  1.45451E+02
 0.410  1.13500E+02  5.99389E+11  1.50692E+02
 0.420  1.19250E+02  6.44705E+11  1.52470E+02
 0.430  1.28250E+02  7.28613E+11  1.56298E+02
 0.440  1.33500E+02  7.63624E+11  1.56832E+02
 0.450  1.37500E+02  7.84881E+11  1.56670E+02
 0.460  1.41250E+02  8.02903E+11  1.56340E+02
 0.470  1.44750E+02  8.10646E+11  1.55182E+02
 0.480  1.47750E+02  8.18571E+11  1.54347E+02
 0.490  1.51000E+02  8.24550E+11  1.53234E+02
 0.500  1.53250E+02  8.19491E+11  1.51637E+02
 0.510  1.56250E+02  8.28516E+11  1.50999E+02
 0.521  1.58750E+02  8.19180E+11  1.48959E+02
 0.530  1.60250E+02  8.08736E+11  1.47312E+02
 0.540  1.62500E+02  7.98889E+11  1.45395E+02
 0.550  1.64500E+02  7.93709E+11  1.44040E+02
 0.560  1.66500E+02  7.88950E+11  1.42742E+02
 0.570  1.68500E+02  7.81679E+11  1.41237E+02
 0.580  1.70500E+02  7.77363E+11  1.40018E+02
 0.590  1.72750E+02  7.73358E+11  1.38744E+02
