  50
 0.100  7.12500E-01  4.26170E+07  2.66320E+07  3.07594E+07  4.10347E+07  1.35967E+07  2.66624E+08  2.18307E-01
 0.110  8.62500E-01  3.91669E+07  5.32566E+07  6.18457E+07  3.71494E+07  2.94606E+07  3.21828E+08  3.54952E-01
 0.120  1.01250E+00  7.27641E+07  7.74557E+07  9.18002E+07  7.00586E+07  1.82112E+07  5.21942E+08  2.63673E-01
 0.130  1.20000E+00  3.74553E+07  9.15509E+07  1.10837E+08  3.55341E+07  1.81451E+07  5.07060E+08  1.27547E-01
 0.140  1.50000E+00  7.83371E+07  1.09484E+08  1.34391E+08  7.54639E+07  1.11421E+07  8.35623E+08  1.22053E-01
 0.150  1.80000E+00  2.10870E+08  1.81652E+08  2.17798E+08  1.96570E+08  6.44902E+07  1.68970E+09  9.72484E-01
 0.160  2.10000E+00  2.70400E+08  3.00843E+08  3.66273E+08  2.59460E+08  5.73982E+07  1.73410E+09  5.80547E-01
 0.170  2.32500E+00  2.61257E+08  4.86931E+08  5.87211E+08  2.44368E+08  1.72711E+08  2.34575E+09  1.81334E+00
 0.180  2.55000E+00  2.96817E+08  6.23583E+08  7.61139E+08  2.81890E+08  1.32756E+08  2.57546E+09  1.30013E+00
 0.190  2.92500E+00  4.60937E+08  8.33541E+08  1.02054E+09  4.30219E+08  1.95356E+08  3.28072E+09  1.95029E+00
 0.200  3.71250E+00  3.52758E+08  1.02789E+09  1.27328E+09  3.09313E+08  1.65032E+08  4.53295E+09  1.32677E+00
 0.210  4.16250E+00  1.08759E+09  1.55383E+09  1.93025E+09  9.88944E+08  2.47374E+08  7.87519E+09  2.57530E+00
 0.220  4.46250E+00  8.73287E+08  1.46921E+09  1.83930E+09  7.96310E+08  2.24100E+08  7.52227E+09  2.27666E+00
 0.230  4.95000E+00  1.17977E+09  2.29703E+09  2.89251E+09  1.06605E+09  2.24827E+08  8.91508E+09  2.45910E+00
 0.240  5.51250E+00  1.06940E+09  2.31932E+09  2.96067E+09  9.57133E+08  1.12628E+08  9.63947E+09  1.13523E+00
 0.250  6.56250E+00  3.09194E+09  2.97692E+09  3.77871E+09  2.75374E+09  4.21185E+08  1.54103E+10  5.41833E+00
 0.260  7.27500E+00  3.37966E+09  3.33657E+09  4.26269E+09  3.04692E+09  2.92041E+08  1.79152E+10  3.04939E+00
 0.270  8.06250E+00  5.86431E+09  4.85961E+09  6.09627E+09  5.34302E+09  1.04774E+09  2.23933E+10  1.32234E+01
 0.280  8.88750E+00  4.18529E+09  5.72354E+09  7.25887E+09  3.79136E+09  5.78469E+08  2.37435E+10  4.74987E+00
 0.290  9.41250E+00  4.61726E+09  6.90250E+09  8.78631E+09  4.10570E+09  7.74871E+08  2.75949E+10  8.75406E+00
 0.300  9.90000E+00  6.35052E+09  9.32091E+09  1.18679E+10  5.69164E+09  1.12677E+09  3.29755E+10  1.26268E+01
 0.310  1.03125E+01  7.51659E+09  1.00522E+10  1.28513E+10  6.87061E+09  1.02244E+09  3.25900E+10  1.16774E+01
 0.320  1.05750E+01  7.58794E+09  1.21403E+10  1.55569E+10  6.79335E+09  1.44555E+09  3.48571E+10  1.70233E+01
 0.330  1.09500E+01  8.50394E+09  1.43488E+10  1.83691E+10  7.63902E+09  1.74589E+09  3.74334E+10  2.00194E+01
 0.340  1.12875E+01  8.39400E+09  1.77608E+10  2.27885E+10  7.52841E+09  2.20389E+09  4.22878E+10  2.42688E+01
 0.350  1.15875E+01  6.73337E+09  1.86424E+10  2.41743E+10  6.09102E+09  1.23654E+09  4.16005E+10  1.21945E+01
 0.360  1.20375E+01  6.65596E+09  2.16202E+10  2.82974E+10  5.96544E+09  1.07675E+09  4.64417E+10  1.21201E+01
 0.370  1.26750E+01  6.75309E+09  2.34774E+10  3.08412E+10  6.02603E+09  1.21575E+09  4.77427E+10  1.33589E+01
 0.380  1.38000E+01  9.93464E+09  2.53356E+10  3.33926E+10  9.10467E+09  1.36450E+09  5.23202E+10  1.70237E+01
 0.390  1.48875E+01  8.87817E+09  2.83688E+10  3.74065E+10  7.77086E+09  1.85107E+09  6.02397E+10  2.10765E+01
 0.400  1.57875E+01  9.18636E+09  3.06825E+10  4.05764E+10  8.06522E+09  2.00645E+09  6.96810E+10  2.48409E+01
 0.410  1.70250E+01  1.17922E+10  3.83759E+10  5.08225E+10  1.02519E+10  2.42052E+09  9.72822E+10  2.53436E+01
 0.420  1.78875E+01  6.59303E+09  3.53372E+10  4.71130E+10  5.58867E+09  1.43507E+09  8.26920E+10  1.32318E+01
 0.430  1.92375E+01  7.23182E+09  4.22859E+10  5.67432E+10  6.19195E+09  1.07581E+09  9.37362E+10  1.18349E+01
 0.440  2.00250E+01  7.67527E+09  4.35893E+10  5.88683E+10  6.43282E+09  8.30856E+08  1.05796E+11  9.04737E+00
 0.450  2.06250E+01  8.98450E+09  4.41963E+10  6.00541E+10  7.73613E+09  6.61435E+08  1.12576E+11  7.60004E+00
 0.460  2.11875E+01  1.43574E+10  4.56108E+10  6.22947E+10  1.26810E+10  6.09135E+08  1.23511E+11  6.70113E+00
 0.470  2.17125E+01  1.56245E+10  5.63640E+10  7.72599E+10  1.35369E+10  1.26307E+09  1.38568E+11  1.42700E+01
 0.480  2.21625E+01  1.60604E+10  5.65687E+10  7.76715E+10  1.42163E+10  1.18252E+09  1.29009E+11  1.31381E+01
 0.490  2.26500E+01  1.26402E+10  5.85741E+10  8.04845E+10  1.08544E+10  1.77952E+09  1.27224E+11  1.55898E+01
 0.500  2.29875E+01  1.39136E+10  6.14612E+10  8.45499E+10  1.22472E+10  1.45850E+09  1.28648E+11  1.65306E+01
 0.510  2.34375E+01  1.34957E+10  6.39531E+10  8.81006E+10  1.18460E+10  1.56476E+09  1.37024E+11  1.86097E+01
 0.521  2.38125E+01  1.33669E+10  6.76904E+10  9.36416E+10  1.20661E+10  1.07834E+09  1.50343E+11  1.38334E+01
 0.530  2.40375E+01  1.21013E+10  6.76908E+10  9.37142E+10  1.07110E+10  1.48578E+09  1.45064E+11  1.66914E+01
 0.540  2.43750E+01  1.09127E+10  6.85246E+10  9.51708E+10  9.73164E+09  1.11392E+09  1.43313E+11  1.23200E+01
 0.550  2.46750E+01  9.55920E+09  7.00264E+10  9.75183E+10  8.53879E+09  1.00344E+09  1.44955E+11  1.09578E+01
 0.560  2.49750E+01  8.81942E+09  7.36059E+10  1.02759E+11  7.78583E+09  8.26137E+08  1.54846E+11  9.36056E+00
 0.570  2.52750E+01  7.41267E+09  7.41101E+10  1.03774E+11  6.57770E+09  7.19065E+08  1.55058E+11  7.50331E+00
 0.580  2.55750E+01  6.55136E+09  7.48838E+10  1.05132E+11  5.83395E+09  6.60983E+08  1.54051E+11  7.76860E+00
 0.590  2.59125E+01  5.99525E+09  7.54607E+10  1.06288E+11  5.27270E+09  4.40609E+08  1.55725E+11  4.95837E+00
