  22
 0.140   1.231   0.949  1.19083E-02  1.22805E-02  8.55946E-03
 0.150   1.498   1.138  1.85834E-02  1.59902E-02  1.45700E-02
 0.160   1.490   1.216  3.50805E-03  3.28843E-03  4.11538E-03
 0.170   1.910   1.150  7.54434E-02  8.48347E-02  4.84945E-02
 0.180   2.500   1.532  3.07337E-01  3.67740E-01  2.09396E-01
 0.190   3.131   1.618  1.80397E-01  1.70746E-01  1.76518E-01
 0.200   2.784   1.141  9.29593E-01  1.06827E+00  6.23905E-01
 0.210   3.971   1.583  8.37614E-01  9.62569E-01  6.69305E-01
 0.220   3.625   1.607  1.88233E+00  2.10947E+00  1.49552E+00
 0.230   4.210   1.889  2.55768E+00  2.80410E+00  2.06908E+00
 0.240   3.318   1.013  2.77810E+00  2.65162E+00  3.31130E+00
 0.250   5.268   1.710  2.07580E+00  2.34393E+00  1.69769E+00
 0.260   5.068   1.475  4.26170E+00  4.01695E+00  4.89789E+00
 0.270   5.457   2.767  5.33608E+00  5.24502E+00  5.20658E+00
 0.280   7.552   2.671  5.40513E+00  4.85278E+00  6.09922E+00
 0.290   5.895   2.574  5.91534E+00  6.83193E+00  4.39418E+00
 0.300   6.266   2.281  9.81111E+00  1.06401E+01  8.51908E+00
 0.310   6.392   3.319  9.40225E+00  8.90637E+00  1.04141E+01
 0.320   5.797   1.608  1.63118E+01  1.61728E+01  1.47388E+01
 0.330   5.294   1.870  1.24727E+01  1.16696E+01  1.39021E+01
 0.340   4.915   1.310  1.02119E+01  1.05630E+01  9.46041E+00
 0.350   6.368   3.004  9.23991E+00  9.31056E+00  9.01666E+00
