  22
 0.140   1.231   0.949  1.33173E+06  1.55288E+06  1.31542E+06  2.04012E+02  0.00000E+00  0.00000E+00  0.00000E+00  1.33173E+06  1.55288E+06  1.31542E+06
 0.150   1.498   1.138  2.37043E+06  2.79560E+06  2.34467E+06  2.14985E+02  4.01790E+05  5.00444E+05  3.94797E+05  1.96864E+06  2.29516E+06  1.94987E+06
 0.160   1.490   1.216  2.09053E+06  2.56041E+06  2.05952E+06  3.23639E+02  3.76364E+05  4.72374E+05  3.69759E+05  1.71416E+06  2.08804E+06  1.68976E+06
 0.170   1.910   1.150  6.12868E+06  7.00768E+06  6.09531E+06  1.45063E+02  8.56860E+05  1.07890E+06  8.43581E+05  5.27182E+06  5.92878E+06  5.25173E+06
 0.180   2.500   1.532  2.42091E+07  2.72173E+07  2.41039E+07  1.21511E+02  1.68848E+06  2.14865E+06  1.65092E+06  2.25206E+07  2.50687E+07  2.24530E+07
 0.190   3.131   1.618  3.18634E+07  3.76226E+07  3.16422E+07  2.05803E+02  6.31696E+06  7.85647E+06  6.21998E+06  2.55465E+07  2.97661E+07  2.54222E+07
 0.200   2.784   1.141  6.17297E+07  6.86448E+07  6.16189E+07  6.99288E+01  4.34582E+06  5.50964E+06  4.25511E+06  5.73839E+07  6.31352E+07  5.73638E+07
 0.210   3.971   1.583  1.58454E+08  1.88006E+08  1.57419E+08  2.29523E+02  3.58093E+07  4.59338E+07  3.50618E+07  1.22645E+08  1.42073E+08  1.22357E+08
 0.220   3.625   1.607  2.40128E+08  2.81405E+08  2.38780E+08  2.09833E+02  3.95343E+07  5.12348E+07  3.85434E+07  2.00594E+08  2.30170E+08  2.00236E+08
 0.230   4.210   1.889  4.60049E+08  5.45683E+08  4.57718E+08  2.15844E+02  5.94526E+07  7.65145E+07  5.81869E+07  4.00597E+08  4.69169E+08  3.99531E+08
 0.240   3.318   1.013  7.36792E+08  8.80462E+08  7.33815E+08  2.00697E+02  3.72932E+07  4.85808E+07  3.63425E+07  6.99498E+08  8.31881E+08  6.97472E+08
 0.250   5.268   1.710  6.34093E+08  7.72424E+08  6.30102E+08  3.02376E+02  6.93966E+07  8.99056E+07  6.79505E+07  5.64697E+08  6.82518E+08  5.62152E+08
 0.260   5.068   1.475  1.04946E+09  1.26610E+09  1.04372E+09  2.77620E+02  7.95976E+07  1.03995E+08  7.77295E+07  9.69865E+08  1.16210E+09  9.65987E+08
 0.270   5.457   2.767  1.79348E+09  2.19440E+09  1.78293E+09  3.18685E+02  1.06429E+08  1.38630E+08  1.04111E+08  1.68705E+09  2.05577E+09  1.67882E+09
 0.280   7.552   2.671  2.32619E+09  2.86687E+09  2.31179E+09  3.48916E+02  1.61320E+08  2.09834E+08  1.58101E+08  2.16487E+09  2.65703E+09  2.15369E+09
 0.290   5.895   2.574  2.61542E+09  3.26120E+09  2.59615E+09  4.24328E+02  1.68237E+08  2.20826E+08  1.64435E+08  2.44718E+09  3.04037E+09  2.43172E+09
 0.300   6.266   2.281  2.93672E+09  3.63096E+09  2.91524E+09  4.28521E+02  1.97272E+08  2.61379E+08  1.92124E+08  2.73944E+09  3.36958E+09  2.72312E+09
 0.310   6.392   3.319  3.28695E+09  4.03183E+09  3.26701E+09  3.76646E+02  1.69619E+08  2.24379E+08  1.65112E+08  3.11733E+09  3.80745E+09  3.10190E+09
 0.320   5.797   1.608  5.46926E+09  6.78235E+09  5.43366E+09  4.26691E+02  1.85167E+08  2.46370E+08  1.79958E+08  5.28409E+09  6.53598E+09  5.25370E+09
 0.330   5.294   1.870  6.64081E+09  8.26828E+09  6.59950E+09  4.30604E+02  2.41729E+08  3.17422E+08  2.36288E+08  6.39908E+09  7.95086E+09  6.36321E+09
 0.340   4.915   1.310  6.71525E+09  8.48213E+09  6.66582E+09  5.17384E+02  2.39617E+08  3.15829E+08  2.34090E+08  6.47563E+09  8.16630E+09  6.43173E+09
 0.350   6.368   3.004  6.22812E+09  7.90669E+09  6.17744E+09  5.75107E+02  3.92465E+08  5.15643E+08  3.84577E+08  5.83566E+09  7.39105E+09  5.79286E+09
