  22
 0.140 -3.90584E-01  2.40194E-02 -7.21120E-02  1.33775E+01 -3.61304E+00  6.52577E-01 -8.92060E-01 -1.69350E-01  4.18986E-01  1.62505E+01   1.231   0.949  3.90243E+07  3.79479E+07  1.33173E+06  0.00000E+00  4.23174E+07  1.19083E-02  2.04012E+02   7.447   7.344
 0.150 -2.78452E-02  4.32133E-02 -3.86978E-01  1.26717E+01 -1.17989E+01  1.38023E+01 -4.64629E-01 -8.53524E-01 -2.35833E-01  1.51851E+01   1.498   1.138  2.74081E+07  2.45241E+07  2.37043E+06  4.01790E+05  5.61183E+07  1.85834E-02  2.14985E+02   7.644   7.385
 0.160  2.72055E-02 -7.68209E-02  1.43802E-01 -1.24309E+01  2.73064E-01 -1.66503E+01 -3.40752E-01 -8.62978E-01 -3.73038E-01  2.14247E+01   1.490   1.216  5.09801E+07  4.85862E+07  2.09053E+06  3.76364E+05  4.82202E+07  3.50805E-03  3.23639E+02   7.459   7.336
 0.170  7.58564E-04 -2.63660E-01  1.08200E-01 -1.83187E+01  1.69967E+01  5.91707E+00 -6.55960E-01 -1.74606E-01 -7.34323E-01  2.96391E+01   1.910   1.150  1.19703E+08  1.14602E+08  6.12868E+06  8.56860E+05  5.88619E+07  7.54434E-02  1.45063E+02   7.714   7.516
 0.180 -7.19977E-01  4.42590E-01  2.18426E-02  4.87608E-01 -2.16948E+01 -2.53859E+01 -7.87052E-01 -5.16312E-01  3.37595E-01  1.07089E+02   2.500   1.532  2.80221E+08  2.76779E+08  2.42091E+07  1.68848E+06  2.14497E+08  3.07337E-01  1.21511E+02   7.727   7.557
 0.190  3.07330E-01  1.20292E-01  8.38325E-03 -1.74525E+01 -3.51056E+00 -1.83719E+01 -5.38955E-01 -6.22678E-01  5.67273E-01  9.09027E+01   3.131   1.618  4.17901E+08  4.03826E+08  3.18634E+07  6.31696E+06  2.44842E+08  1.80397E-01  2.05803E+02   7.684   7.649
 0.200  2.37393E-01 -1.48594E-01  5.29329E-02  3.21589E+01 -2.73114E+00  8.21775E+00 -7.87141E-02 -7.56566E-01  6.49163E-01  3.87618E+01   2.784   1.141  8.88078E+08  8.92914E+08  6.17297E+07  4.34582E+06  2.36778E+08  9.29593E-01  6.99288E+01   8.066   7.881
 0.210  1.03577E+00 -1.55954E-01  2.69537E-02 -8.61187E+01  3.06652E+01 -2.20957E+01  3.34743E-02  7.92203E-01  6.09339E-01  1.10029E+02   3.971   1.583  9.63492E+08  9.61539E+08  1.58454E+08  3.58093E+07  7.40596E+08  8.37614E-01  2.29523E+02   8.076   8.152
 0.220  3.82977E-03  1.44980E-01 -5.69380E-02 -2.49479E+00  1.04115E+01 -4.81410E+00 -3.94990E-01  7.15006E-01  5.76844E-01  8.08043E+01   3.625   1.607  7.61183E+08  8.40052E+08  2.40128E+08  3.95343E+07  5.64259E+08  1.88233E+00  2.09833E+02   8.231   8.228
 0.230  2.83200E-01 -1.50929E-01  1.49597E-01  4.29359E+01  1.01385E+01 -1.47842E+01  2.97273E-02  8.50757E-01  5.24718E-01  1.52867E+02   4.210   1.889  1.39326E+09  1.48699E+09  4.60049E+08  5.94526E+07  8.26644E+08  2.55768E+00  2.15844E+02   8.182   8.393
 0.240  2.04085E-01 -9.60184E-02  6.52841E-02  2.90506E+00  3.13386E+00 -8.54179E+00  2.55911E-01  9.55190E-01  1.48730E-01  4.87483E+01   3.318   1.013  4.07903E+08  6.76873E+08  7.36792E+08  3.72932E+07  4.28744E+08  2.77810E+00  2.00697E+02   8.623   8.566
 0.250  2.47958E-01 -7.06042E-01  4.48110E-01  7.12673E+01  1.35930E+01 -3.01526E+01  2.91223E-01  4.55843E-01  8.41068E-01  2.83310E+02   5.268   1.710  2.03608E+09  2.08482E+09  6.34093E+08  6.93966E+07  1.08936E+09  2.07580E+00  3.02376E+02   8.114   8.504
 0.260 -2.80963E-01 -5.47404E-01  2.80727E-01  2.49912E+01 -3.45997E+01 -2.78833E+00  2.84880E-01  1.69737E-01  9.43416E-01  1.93402E+02   5.068   1.475  1.69160E+09  2.02504E+09  1.04946E+09  7.95976E+07  1.22995E+09  4.26170E+00  2.77620E+02   8.306   8.442
 0.270  3.50093E-01  1.75066E-02  1.02213E-01 -3.90282E+01  1.93516E+01  1.91412E+01  3.93197E-01 -3.83128E-01  8.35829E-01  2.30289E+02   5.457   2.767  1.98927E+09  2.29203E+09  1.79348E+09  1.06429E+08  1.38109E+09  5.33608E+00  3.18685E+02   8.364   8.535
 0.280 -1.22223E+00 -6.23448E-01  3.20834E-01 -7.82013E+00 -2.71201E+00  2.34059E+00  1.02978E-01 -1.87972E-01  9.76761E-01  3.48748E+02   7.552   2.671  1.91760E+09  2.23861E+09  2.32619E+09  1.61320E+08  2.06208E+09  5.40513E+00  3.48916E+02   8.414   8.542
 0.290 -7.56811E-02 -2.67339E-01 -2.14340E-01  2.18713E+01  2.30182E+01 -1.39039E+01  2.04822E-02  1.02259E-02  9.99738E-01  2.99329E+02   5.895   2.574  2.62559E+09  2.83917E+09  2.61542E+09  1.68237E+08  1.92008E+09  5.91534E+00  4.24328E+02   8.385   8.593
 0.300 -6.64863E-01  4.78202E-01  3.56656E-03  3.24028E+01 -8.67566E-01  2.03768E+01  1.11368E-01 -1.42101E-01  9.83567E-01  3.82081E+02   6.266   2.281  3.81195E+09  4.37126E+09  2.93672E+09  1.97272E+08  2.70831E+09  9.81111E+00  4.28521E+02   8.375   8.585
 0.310  3.26299E-01 -4.42900E-01 -9.84893E-02  2.13589E+01 -7.04895E+00  2.01590E+01 -1.23647E-01 -3.99811E-01  9.08219E-01  4.30202E+02   6.392   3.319  3.74260E+09  4.39884E+09  3.28695E+09  1.69619E+08  2.16708E+09  9.40225E+00  3.76646E+02   8.448   8.534
 0.320  2.71340E-01  2.06484E-03  3.31851E-02  1.92867E+01 -8.60078E+00  2.51427E+00  2.04708E-02 -1.63946E-01  9.86257E-01  3.49224E+02   5.797   1.608  3.57057E+09  4.70158E+09  5.46926E+09  1.85167E+08  1.85473E+09  1.63118E+01  4.26691E+02   8.507   8.590
 0.330  5.96342E-01  2.77000E-02  2.20064E-01  2.36047E+01 -2.04642E+00  2.23262E+01 -2.42228E-01 -2.68859E-01  9.32223E-01  4.18963E+02   5.294   1.870  2.66702E+09  3.73757E+09  6.64081E+09  2.41729E+08  1.78174E+09  1.24727E+01  4.30604E+02   8.565   8.607
 0.340 -4.11358E-01  5.05654E-01  9.88885E-02 -1.82511E+01  1.52086E+01  3.80714E+00 -2.68901E-01 -4.65505E-01  8.43207E-01  3.92887E+02   4.915   1.310  2.27076E+09  3.02213E+09  6.71525E+09  2.39617E+08  1.45401E+09  1.02119E+01  5.17384E+02   8.590   8.633
 0.350  4.07582E-01 -2.62558E-01  1.44263E-01 -6.45176E+00  2.08938E+01  1.76566E+01 -4.44551E-01 -7.42365E-01  5.01267E-01  3.93390E+02   6.368   3.004  3.26885E+09  3.84598E+09  6.22812E+09  3.92465E+08  2.09766E+09  9.23991E+00  5.75107E+02   8.541   8.613
