  22
 0.140  9.25000E+00  8.09299E+09  6.13363E+01
 0.150  1.05000E+01  9.45496E+09  6.22256E+01
 0.160  1.15000E+01  1.02782E+10  6.19933E+01
 0.170  1.52500E+01  2.00333E+10  7.51580E+01
 0.180  1.90000E+01  3.30621E+10  8.65013E+01
 0.190  2.50000E+01  6.33760E+10  1.04406E+02
 0.200  2.80000E+01  7.62924E+10  1.08242E+02
 0.210  3.17500E+01  9.59297E+10  1.13983E+02
 0.220  3.57500E+01  1.20091E+11  1.20185E+02
 0.230  3.90000E+01  1.37641E+11  1.23190E+02
 0.240  4.40000E+01  1.74554E+11  1.30609E+02
 0.250  4.80000E+01  2.01048E+11  1.34204E+02
 0.260  5.10000E+01  2.15581E+11  1.34820E+02
 0.270  5.45000E+01  2.34826E+11  1.36116E+02
 0.280  5.92500E+01  2.69659E+11  1.39894E+02
 0.290  6.65000E+01  3.42955E+11  1.48916E+02
 0.300  7.02500E+01  3.68916E+11  1.50271E+02
 0.310  7.50000E+01  4.04387E+11  1.52266E+02
 0.320  8.12500E+01  4.69164E+11  1.57574E+02
 0.330  8.65000E+01  5.22790E+11  1.61209E+02
 0.340  9.17500E+01  5.72235E+11  1.63764E+02
 0.350  9.70000E+01  6.24151E+11  1.66339E+02
