  34
 0.170   1.000   0.500  0.00000E+00  0.00000E+00  0.00000E+00          NaN  0.00000E+00  0.00000E+00  0.00000E+00  0.00000E+00  0.00000E+00  0.00000E+00
 0.180   1.000   0.500  0.00000E+00  0.00000E+00  0.00000E+00          NaN  0.00000E+00  0.00000E+00  0.00000E+00  0.00000E+00  0.00000E+00  0.00000E+00
 0.190   1.000   0.500  0.00000E+00  0.00000E+00  0.00000E+00          NaN  0.00000E+00  0.00000E+00  0.00000E+00  0.00000E+00  0.00000E+00  0.00000E+00
 0.200   1.000   0.500  0.00000E+00  0.00000E+00  0.00000E+00          NaN  0.00000E+00  0.00000E+00  0.00000E+00  0.00000E+00  0.00000E+00  0.00000E+00
 0.210   1.000   0.500  0.00000E+00  0.00000E+00  0.00000E+00          NaN  0.00000E+00  0.00000E+00  0.00000E+00  0.00000E+00  0.00000E+00  0.00000E+00
 0.220   1.000   0.500  0.00000E+00  0.00000E+00  0.00000E+00          NaN  0.00000E+00  0.00000E+00  0.00000E+00  0.00000E+00  0.00000E+00  0.00000E+00
 0.230   1.000   0.500  0.00000E+00  0.00000E+00  0.00000E+00          NaN  0.00000E+00  0.00000E+00  0.00000E+00  0.00000E+00  0.00000E+00  0.00000E+00
 0.240   1.000   0.500  0.00000E+00  0.00000E+00  0.00000E+00          NaN  0.00000E+00  0.00000E+00  0.00000E+00  0.00000E+00  0.00000E+00  0.00000E+00
 0.250   1.000   0.500  0.00000E+00  0.00000E+00  0.00000E+00          NaN  0.00000E+00  0.00000E+00  0.00000E+00  0.00000E+00  0.00000E+00  0.00000E+00
 0.260   1.000   0.500  0.00000E+00  0.00000E+00  0.00000E+00          NaN  0.00000E+00  0.00000E+00  0.00000E+00  0.00000E+00  0.00000E+00  0.00000E+00
 0.270   1.000   0.500  0.00000E+00  0.00000E+00  0.00000E+00          NaN  0.00000E+00  0.00000E+00  0.00000E+00  0.00000E+00  0.00000E+00  0.00000E+00
 0.280   1.000   0.500  0.00000E+00  0.00000E+00  0.00000E+00          NaN  0.00000E+00  0.00000E+00  0.00000E+00  0.00000E+00  0.00000E+00  0.00000E+00
 0.290   1.000   0.500  0.00000E+00  0.00000E+00  0.00000E+00          NaN  0.00000E+00  0.00000E+00  0.00000E+00  0.00000E+00  0.00000E+00  0.00000E+00
 0.300   1.000   0.500  0.00000E+00  0.00000E+00  0.00000E+00          NaN  0.00000E+00  0.00000E+00  0.00000E+00  0.00000E+00  0.00000E+00  0.00000E+00
 0.310   1.000   0.500  0.00000E+00  0.00000E+00  0.00000E+00          NaN  0.00000E+00  0.00000E+00  0.00000E+00  0.00000E+00  0.00000E+00  0.00000E+00
 0.320   1.000   0.500  0.00000E+00  0.00000E+00  0.00000E+00          NaN  0.00000E+00  0.00000E+00  0.00000E+00  0.00000E+00  0.00000E+00  0.00000E+00
 0.330   1.000   0.500  0.00000E+00  0.00000E+00  0.00000E+00          NaN  0.00000E+00  0.00000E+00  0.00000E+00  0.00000E+00  0.00000E+00  0.00000E+00
 0.340   1.000   0.500  0.00000E+00  0.00000E+00  0.00000E+00          NaN  0.00000E+00  0.00000E+00  0.00000E+00  0.00000E+00  0.00000E+00  0.00000E+00
 0.350   1.000   0.500  0.00000E+00  0.00000E+00  0.00000E+00          NaN  0.00000E+00  0.00000E+00  0.00000E+00  0.00000E+00  0.00000E+00  0.00000E+00
 0.360   1.000   0.500  0.00000E+00  0.00000E+00  0.00000E+00          NaN  0.00000E+00  0.00000E+00  0.00000E+00  0.00000E+00  0.00000E+00  0.00000E+00
 0.370   1.000   0.500  0.00000E+00  0.00000E+00  0.00000E+00          NaN  0.00000E+00  0.00000E+00  0.00000E+00  0.00000E+00  0.00000E+00  0.00000E+00
 0.380   1.000   0.500  0.00000E+00  0.00000E+00  0.00000E+00          NaN  0.00000E+00  0.00000E+00  0.00000E+00  0.00000E+00  0.00000E+00  0.00000E+00
 0.390   5.133   1.768  2.43197E+09  3.13469E+09  2.39297E+09  1.01997E+03  0.00000E+00  0.00000E+00  0.00000E+00  2.43197E+09  3.13469E+09  2.39297E+09
 0.400   5.695   1.113  3.93775E+09  5.18354E+09  3.87751E+09  1.14469E+03  3.39856E+09  4.56352E+09  3.33856E+09  5.39184E+08  6.20014E+08  5.38959E+08
 0.410   3.206   1.102  2.73594E+09  3.56894E+09  2.69021E+09  1.11216E+03  3.87453E+08  4.80931E+08  3.86389E+08  2.34848E+09  3.08801E+09  2.30382E+09
 0.420   3.000   0.706  5.67284E+09  7.63877E+09  5.52389E+09  1.73325E+03  3.77507E+09  5.16407E+09  3.66345E+09  1.89777E+09  2.47470E+09  1.86045E+09
 0.430   4.370   1.237  1.65505E+09  2.20441E+09  1.61265E+09  1.67114E+03  8.31581E+08  1.13979E+09  8.07653E+08  8.23472E+08  1.06462E+09  8.04993E+08
 0.440   4.823   2.294  1.14083E+09  1.52317E+09  1.10740E+09  1.88076E+03  5.02614E+08  6.94639E+08  4.84860E+08  6.38215E+08  8.28535E+08  6.22540E+08
 0.450   5.451   1.709  7.71240E+08  1.04023E+09  7.45554E+08  2.10738E+03  3.52362E+08  4.88407E+08  3.38997E+08  4.18878E+08  5.51826E+08  4.06557E+08
 0.460   5.505   1.394  9.38340E+08  1.23256E+09  9.13284E+08  1.74211E+03  3.31211E+08  4.60369E+08  3.18133E+08  6.07128E+08  7.72191E+08  5.95151E+08
 0.470   5.179   0.922  1.13112E+09  1.45718E+09  1.10601E+09  1.47334E+03  3.17767E+08  4.40798E+08  3.05113E+08  8.13353E+08  1.01638E+09  8.00897E+08
 0.480   4.692   0.741  1.29002E+09  1.66189E+09  1.26300E+09  1.42056E+03  3.25751E+08  4.51499E+08  3.12356E+08  9.64266E+08  1.21039E+09  9.50648E+08
 0.490   4.375   0.609  1.42286E+09  1.84734E+09  1.39290E+09  1.47011E+03  3.43537E+08  4.75081E+08  3.29451E+08  1.07932E+09  1.37226E+09  1.06345E+09
 0.500   3.909   0.500  1.42063E+09  1.87360E+09  1.38607E+09  1.72471E+03  3.73404E+08  5.20005E+08  3.56640E+08  1.04723E+09  1.35360E+09  1.02943E+09
