  34
 0.170            0  0.00000E+00  0.00000E+00  0.00000E+00  0.00000E+00  0.00000E+00  0.00000E+00          NaN          NaN          NaN   1.000   0.500
 0.180            0  0.00000E+00  0.00000E+00  0.00000E+00  0.00000E+00  0.00000E+00  0.00000E+00          NaN          NaN          NaN   1.000   0.500
 0.190            0  0.00000E+00  0.00000E+00  0.00000E+00  0.00000E+00  0.00000E+00  0.00000E+00          NaN          NaN          NaN   1.000   0.500
 0.200            0  0.00000E+00  0.00000E+00  0.00000E+00  0.00000E+00  0.00000E+00  0.00000E+00          NaN          NaN          NaN   1.000   0.500
 0.210            0  0.00000E+00  0.00000E+00  0.00000E+00  0.00000E+00  0.00000E+00  0.00000E+00          NaN          NaN          NaN   1.000   0.500
 0.220            0  0.00000E+00  0.00000E+00  0.00000E+00  0.00000E+00  0.00000E+00  0.00000E+00          NaN          NaN          NaN   1.000   0.500
 0.230            0  0.00000E+00  0.00000E+00  0.00000E+00  0.00000E+00  0.00000E+00  0.00000E+00          NaN          NaN          NaN   1.000   0.500
 0.240            0  0.00000E+00  0.00000E+00  0.00000E+00  0.00000E+00  0.00000E+00  0.00000E+00          NaN          NaN          NaN   1.000   0.500
 0.250            0  0.00000E+00  0.00000E+00  0.00000E+00  0.00000E+00  0.00000E+00  0.00000E+00          NaN          NaN          NaN   1.000   0.500
 0.260            0  0.00000E+00  0.00000E+00  0.00000E+00  0.00000E+00  0.00000E+00  0.00000E+00          NaN          NaN          NaN   1.000   0.500
 0.270            0  0.00000E+00  0.00000E+00  0.00000E+00  0.00000E+00  0.00000E+00  0.00000E+00          NaN          NaN          NaN   1.000   0.500
 0.280            0  0.00000E+00  0.00000E+00  0.00000E+00  0.00000E+00  0.00000E+00  0.00000E+00          NaN          NaN          NaN   1.000   0.500
 0.290            0  0.00000E+00  0.00000E+00  0.00000E+00  0.00000E+00  0.00000E+00  0.00000E+00          NaN          NaN          NaN   1.000   0.500
 0.300            0  0.00000E+00  0.00000E+00  0.00000E+00  0.00000E+00  0.00000E+00  0.00000E+00          NaN          NaN          NaN   1.000   0.500
 0.310            0  0.00000E+00  0.00000E+00  0.00000E+00  0.00000E+00  0.00000E+00  0.00000E+00          NaN          NaN          NaN   1.000   0.500
 0.320            0  0.00000E+00  0.00000E+00  0.00000E+00  0.00000E+00  0.00000E+00  0.00000E+00          NaN          NaN          NaN   1.000   0.500
 0.330            0  0.00000E+00  0.00000E+00  0.00000E+00  0.00000E+00  0.00000E+00  0.00000E+00          NaN          NaN          NaN   1.000   0.500
 0.340            0  0.00000E+00  0.00000E+00  0.00000E+00  0.00000E+00  0.00000E+00  0.00000E+00          NaN          NaN          NaN   1.000   0.500
 0.350            0  0.00000E+00  0.00000E+00  0.00000E+00  0.00000E+00  0.00000E+00  0.00000E+00          NaN          NaN          NaN   1.000   0.500
 0.360            0  0.00000E+00  0.00000E+00  0.00000E+00  0.00000E+00  0.00000E+00  0.00000E+00          NaN          NaN          NaN   1.000   0.500
 0.370            0  0.00000E+00  0.00000E+00  0.00000E+00  0.00000E+00  0.00000E+00  0.00000E+00          NaN          NaN          NaN   1.000   0.500
 0.380            0  0.00000E+00  0.00000E+00  0.00000E+00  0.00000E+00  0.00000E+00  0.00000E+00          NaN          NaN          NaN   1.000   0.500
 0.390       106978  0.99663E-03  0.66442E-03 -0.19933E-02 -0.62960E+01  0.13805E+03 -0.22895E+02 -0.34275E+00 -0.87242E+00 -0.34843E+00   5.133   1.768
 0.400       671756 -0.27251E-02 -0.20438E-02 -0.85158E-03 -0.60708E+02 -0.30441E+01  0.47754E+01  0.74547E+00 -0.13667E+00 -0.65238E+00   5.695   1.113
 0.410        98044  0.17460E-02  0.00000E+00 -0.52381E-03  0.88721E+02 -0.29640E+03  0.60487E+02 -0.43892E+00 -0.80760E+00 -0.39386E+00   3.206   1.102
 0.420      1264200 -0.32203E-02  0.35782E-03 -0.12524E-02 -0.97829E+02  0.13043E+03 -0.21065E+03  0.48491E+00 -0.54579E+00 -0.68336E+00   3.000   0.706
 0.430      2051118 -0.36629E-03 -0.73258E-03  0.10989E-02  0.26777E+02  0.13322E+03  0.13589E+03  0.34699E-02 -0.51107E+00 -0.85953E+00   4.370   1.237
 0.440      1995437  0.37477E-03 -0.37477E-03  0.74955E-03  0.48747E+02  0.80556E+02  0.22218E+03 -0.25207E+00 -0.34917E+00 -0.90252E+00   4.823   2.294
 0.450      1941162  0.23005E-02  0.38342E-03 -0.38342E-03 -0.40015E+03  0.40908E+03  0.13583E+03 -0.29322E+00  0.32604E+00 -0.89873E+00   5.451   1.709
 0.460      2331417  0.23507E-02 -0.11754E-02  0.13713E-02 -0.67006E+02  0.12184E+02  0.48870E+03 -0.20438E+00  0.48506E+00 -0.85026E+00   5.505   1.394
 0.470       589185  0.80067E-03  0.12010E-02 -0.80067E-03 -0.16056E+03  0.29216E+03  0.23190E+03 -0.16819E+00  0.57288E+00 -0.80220E+00   5.179   0.922
 0.480      1042593  0.12264E-02  0.00000E+00 -0.81761E-03  0.40803E+03  0.17970E+03  0.11050E+02 -0.13918E+00  0.61451E+00 -0.77653E+00   4.692   0.741
 0.490      2318480 -0.41733E-03  0.83466E-03 -0.16693E-02  0.10967E+03 -0.14639E+03  0.70045E+02 -0.13900E+00  0.41191E+00 -0.90056E+00   4.375   0.609
 0.500       151156  0.42581E-03  0.12774E-02  0.42581E-03 -0.22872E+03 -0.28370E+03  0.68993E+02 -0.14343E+00  0.28599E+00 -0.94744E+00   3.909   0.500
