  34
 0.170  0.00000E+00  0.00000E+00  0.00000E+00  0.00000E+00  0.00000E+00  0.00000E+00  0.00000E+00
 0.180  0.00000E+00  0.00000E+00  0.00000E+00  0.00000E+00  0.00000E+00  0.00000E+00  0.00000E+00
 0.190  0.00000E+00  0.00000E+00  0.00000E+00  0.00000E+00  0.00000E+00  0.00000E+00  0.00000E+00
 0.200  0.00000E+00  0.00000E+00  0.00000E+00  0.00000E+00  0.00000E+00  0.00000E+00  0.00000E+00
 0.210  0.00000E+00  0.00000E+00  0.00000E+00  0.00000E+00  0.00000E+00  0.00000E+00  0.00000E+00
 0.220  0.00000E+00  0.00000E+00  0.00000E+00  0.00000E+00  0.00000E+00  0.00000E+00  0.00000E+00
 0.230  0.00000E+00  0.00000E+00  0.00000E+00  0.00000E+00  0.00000E+00  0.00000E+00  0.00000E+00
 0.240  0.00000E+00  0.00000E+00  0.00000E+00  0.00000E+00  0.00000E+00  0.00000E+00  0.00000E+00
 0.250  0.00000E+00  0.00000E+00  0.00000E+00  0.00000E+00  0.00000E+00  0.00000E+00  0.00000E+00
 0.260  0.00000E+00  0.00000E+00  0.00000E+00  0.00000E+00  0.00000E+00  0.00000E+00  0.00000E+00
 0.270  0.00000E+00  0.00000E+00  0.00000E+00  0.00000E+00  0.00000E+00  0.00000E+00  0.00000E+00
 0.280  0.00000E+00  0.00000E+00  0.00000E+00  0.00000E+00  0.00000E+00  0.00000E+00  0.00000E+00
 0.290  0.00000E+00  0.00000E+00  0.00000E+00  0.00000E+00  0.00000E+00  0.00000E+00  0.00000E+00
 0.300  0.00000E+00  0.00000E+00  0.00000E+00  0.00000E+00  0.00000E+00  0.00000E+00  0.00000E+00
 0.310  0.00000E+00  0.00000E+00  0.00000E+00  0.00000E+00  0.00000E+00  0.00000E+00  0.00000E+00
 0.320  0.00000E+00  0.00000E+00  0.00000E+00  0.00000E+00  0.00000E+00  0.00000E+00  0.00000E+00
 0.330  0.00000E+00  0.00000E+00  0.00000E+00  0.00000E+00  0.00000E+00  0.00000E+00  0.00000E+00
 0.340  0.00000E+00  0.00000E+00  0.00000E+00  0.00000E+00  0.00000E+00  0.00000E+00  0.00000E+00
 0.350  0.00000E+00  0.00000E+00  0.00000E+00  0.00000E+00  0.00000E+00  0.00000E+00  0.00000E+00
 0.360  0.00000E+00  0.00000E+00  0.00000E+00  0.00000E+00  0.00000E+00  0.00000E+00  0.00000E+00
 0.370  0.00000E+00  0.00000E+00  0.00000E+00  0.00000E+00  0.00000E+00  0.00000E+00  0.00000E+00
 0.380  0.00000E+00  0.00000E+00  0.00000E+00  0.00000E+00  0.00000E+00  0.00000E+00  0.00000E+00
 0.390  2.74728E+08  3.92072E+09  5.19326E+09  2.70240E+08  3.86792E+08  1.70683E+09  3.36091E+00
 0.400  1.17722E+08  4.23321E+09  5.75505E+09  1.14462E+08  1.27060E+08  1.62111E+09  1.24097E+00
 0.410  1.66891E+08  5.17945E+09  6.85567E+09  1.63932E+08  2.49041E+08  1.94136E+09  2.23553E+00
 0.420  4.70576E+08  1.01586E+10  1.36983E+10  4.63557E+08  2.62668E+08  4.11792E+09  3.20931E+00
 0.430  1.79268E+08  8.24886E+09  1.10980E+10  1.75983E+08  2.84776E+08  2.37684E+09  2.73002E+00
 0.440  9.29728E+07  8.32558E+09  1.12852E+10  9.08620E+07  9.23977E+07  2.40087E+09  9.40473E-01
 0.450  9.83678E+07  8.25961E+09  1.12609E+10  9.59687E+07  6.35224E+07  2.39471E+09  7.25351E-01
 0.460  1.06435E+08  8.23558E+09  1.12689E+10  1.03732E+08  8.14326E+07  2.35456E+09  9.66818E-01
 0.470  6.93380E+07  8.26741E+09  1.13557E+10  6.75045E+07  6.51958E+07  2.32280E+09  6.51721E-01
 0.480  4.92333E+07  8.20534E+09  1.13120E+10  4.77442E+07  3.58605E+07  2.34965E+09  3.69619E-01
 0.490  1.05781E+08  8.12453E+09  1.12330E+10  1.03234E+08  4.88151E+07  2.28705E+09  6.64659E-01
 0.500  1.08984E+08  8.29697E+09  1.14919E+10  1.06802E+08  7.65012E+07  2.35132E+09  8.78054E-01
