  34
 0.170          NaN          NaN          NaN          NaN          NaN          NaN          NaN          NaN          NaN          NaN   1.000   0.500  0.00000E+00  0.00000E+00  0.00000E+00  0.00000E+00  0.00000E+00  0.00000E+00          NaN     NaN     NaN
 0.180          NaN          NaN          NaN          NaN          NaN          NaN          NaN          NaN          NaN          NaN   1.000   0.500  0.00000E+00  0.00000E+00  0.00000E+00  0.00000E+00  0.00000E+00  0.00000E+00          NaN     NaN     NaN
 0.190          NaN          NaN          NaN          NaN          NaN          NaN          NaN          NaN          NaN          NaN   1.000   0.500  0.00000E+00  0.00000E+00  0.00000E+00  0.00000E+00  0.00000E+00  0.00000E+00          NaN     NaN     NaN
 0.200          NaN          NaN          NaN          NaN          NaN          NaN          NaN          NaN          NaN          NaN   1.000   0.500  0.00000E+00  0.00000E+00  0.00000E+00  0.00000E+00  0.00000E+00  0.00000E+00          NaN     NaN     NaN
 0.210          NaN          NaN          NaN          NaN          NaN          NaN          NaN          NaN          NaN          NaN   1.000   0.500  0.00000E+00  0.00000E+00  0.00000E+00  0.00000E+00  0.00000E+00  0.00000E+00          NaN     NaN     NaN
 0.220          NaN          NaN          NaN          NaN          NaN          NaN          NaN          NaN          NaN          NaN   1.000   0.500  0.00000E+00  0.00000E+00  0.00000E+00  0.00000E+00  0.00000E+00  0.00000E+00          NaN     NaN     NaN
 0.230          NaN          NaN          NaN          NaN          NaN          NaN          NaN          NaN          NaN          NaN   1.000   0.500  0.00000E+00  0.00000E+00  0.00000E+00  0.00000E+00  0.00000E+00  0.00000E+00          NaN     NaN     NaN
 0.240          NaN          NaN          NaN          NaN          NaN          NaN          NaN          NaN          NaN          NaN   1.000   0.500  0.00000E+00  0.00000E+00  0.00000E+00  0.00000E+00  0.00000E+00  0.00000E+00          NaN     NaN     NaN
 0.250          NaN          NaN          NaN          NaN          NaN          NaN          NaN          NaN          NaN          NaN   1.000   0.500  0.00000E+00  0.00000E+00  0.00000E+00  0.00000E+00  0.00000E+00  0.00000E+00          NaN     NaN     NaN
 0.260          NaN          NaN          NaN          NaN          NaN          NaN          NaN          NaN          NaN          NaN   1.000   0.500  0.00000E+00  0.00000E+00  0.00000E+00  0.00000E+00  0.00000E+00  0.00000E+00          NaN     NaN     NaN
 0.270          NaN          NaN          NaN          NaN          NaN          NaN          NaN          NaN          NaN          NaN   1.000   0.500  0.00000E+00  0.00000E+00  0.00000E+00  0.00000E+00  0.00000E+00  0.00000E+00          NaN     NaN     NaN
 0.280          NaN          NaN          NaN          NaN          NaN          NaN          NaN          NaN          NaN          NaN   1.000   0.500  0.00000E+00  0.00000E+00  0.00000E+00  0.00000E+00  0.00000E+00  0.00000E+00          NaN     NaN     NaN
 0.290          NaN          NaN          NaN          NaN          NaN          NaN          NaN          NaN          NaN          NaN   1.000   0.500  0.00000E+00  0.00000E+00  0.00000E+00  0.00000E+00  0.00000E+00  0.00000E+00          NaN     NaN     NaN
 0.300          NaN          NaN          NaN          NaN          NaN          NaN          NaN          NaN          NaN          NaN   1.000   0.500  0.00000E+00  0.00000E+00  0.00000E+00  0.00000E+00  0.00000E+00  0.00000E+00          NaN     NaN     NaN
 0.310          NaN          NaN          NaN          NaN          NaN          NaN          NaN          NaN          NaN          NaN   1.000   0.500  0.00000E+00  0.00000E+00  0.00000E+00  0.00000E+00  0.00000E+00  0.00000E+00          NaN     NaN     NaN
 0.320          NaN          NaN          NaN          NaN          NaN          NaN          NaN          NaN          NaN          NaN   1.000   0.500  0.00000E+00  0.00000E+00  0.00000E+00  0.00000E+00  0.00000E+00  0.00000E+00          NaN     NaN     NaN
 0.330          NaN          NaN          NaN          NaN          NaN          NaN          NaN          NaN          NaN          NaN   1.000   0.500  0.00000E+00  0.00000E+00  0.00000E+00  0.00000E+00  0.00000E+00  0.00000E+00          NaN     NaN     NaN
 0.340          NaN          NaN          NaN          NaN          NaN          NaN          NaN          NaN          NaN          NaN   1.000   0.500  0.00000E+00  0.00000E+00  0.00000E+00  0.00000E+00  0.00000E+00  0.00000E+00          NaN     NaN     NaN
 0.350          NaN          NaN          NaN          NaN          NaN          NaN          NaN          NaN          NaN          NaN   1.000   0.500  0.00000E+00  0.00000E+00  0.00000E+00  0.00000E+00  0.00000E+00  0.00000E+00          NaN     NaN     NaN
 0.360          NaN          NaN          NaN          NaN          NaN          NaN          NaN          NaN          NaN          NaN   1.000   0.500  0.00000E+00  0.00000E+00  0.00000E+00  0.00000E+00  0.00000E+00  0.00000E+00          NaN     NaN     NaN
 0.370          NaN          NaN          NaN          NaN          NaN          NaN          NaN          NaN          NaN          NaN   1.000   0.500  0.00000E+00  0.00000E+00  0.00000E+00  0.00000E+00  0.00000E+00  0.00000E+00          NaN     NaN     NaN
 0.380          NaN          NaN          NaN          NaN          NaN          NaN          NaN          NaN          NaN          NaN   1.000   0.500  0.00000E+00  0.00000E+00  0.00000E+00  0.00000E+00  0.00000E+00  0.00000E+00          NaN     NaN     NaN
 0.390 -7.99917E-02 -1.09569E-01  4.20115E-02  1.00551E+01 -2.26447E+00 -1.69256E+01 -3.42754E-01 -8.72422E-01 -3.48426E-01  1.33811E+02   5.133   1.768  8.38114E+08  1.14623E+09  2.43197E+09  0.00000E+00  8.16917E+08  3.24989E+00  1.01997E+03   8.556   8.577
 0.400 -2.53455E-01  6.25844E-02 -3.09972E-01 -7.10629E+00  1.71410E+01 -1.69804E+01  7.45470E-01 -1.36669E-01 -6.52377E-01  3.17581E+02   5.695   1.113  1.01197E+09  1.30503E+09  3.93775E+09  3.39856E+09  1.02776E+09  4.04425E+00  1.14469E+03   8.581   8.611
 0.410  4.21286E-02 -1.05876E-01  1.36906E-01 -1.00051E+00 -9.02973E+00  1.40643E+01 -4.38925E-01 -8.07602E-01 -3.93859E-01  1.08867E+02   3.206   1.102  3.56705E+08  5.24285E+08  2.73594E+09  3.87453E+08  5.11633E+08  1.74465E+00  1.11216E+03   8.754   8.647
 0.420  1.22490E-01  6.08145E-02  2.10739E-01  5.24141E+01 -9.70238E+01  2.40233E+02  4.84914E-01 -5.45785E-01 -6.83357E-01  1.90570E+02   3.000   0.706  8.08052E+08  9.80510E+08  5.67284E+09  3.77507E+09  1.82189E+09  2.42727E+00  1.73325E+03   8.700   8.719
 0.430  4.07213E-01  2.35353E-01 -6.54609E-02  1.70729E+01 -6.84014E-01  1.06549E+01  3.46994E-03 -5.11071E-01 -8.59531E-01  2.12198E+02   4.370   1.237  6.23226E+08  7.35423E+08  1.65505E+09  8.31581E+08  1.31849E+09  1.85464E+00  1.67114E+03   8.711   8.673
 0.440 -5.58994E-02  3.16599E-01 -2.94883E-01  2.08422E+01  4.74938E-01  2.23392E+00 -2.52071E-01 -3.49166E-01 -9.02521E-01  3.23890E+02   4.823   2.294  8.69181E+08  9.32270E+08  1.14083E+09  5.02614E+08  1.53573E+09  1.54873E+00  1.88076E+03   8.599   8.665
 0.450 -3.56763E-01 -1.06505E-01  1.53358E-01  1.72599E+01  1.20410E+01  1.82723E+01 -2.93224E-01  3.26042E-01 -8.98730E-01  4.42762E+02   5.451   1.709  1.23791E+09  1.21628E+09  7.71240E+08  3.52362E+08  1.21947E+09  7.44060E-01  2.10738E+03   8.509   8.662
 0.460  3.53788E-02  1.34637E-01  8.10621E-02  8.83103E+00  1.05240E+01  1.02969E+00 -2.04380E-01  4.85061E-01 -8.50262E-01  5.47415E+02   5.505   1.394  1.36846E+09  1.45651E+09  9.38340E+08  3.31211E+08  1.16518E+09  1.86018E+00  1.74211E+03   8.500   8.619
 0.470  3.74651E-02  6.31008E-02  2.89062E-02  1.26169E+01 -1.31932E+00  9.90891E-01 -1.68191E-01  5.72878E-01 -8.02198E-01  5.77828E+02   5.179   0.922  1.21814E+09  1.41448E+09  1.13112E+09  3.17767E+08  9.08784E+08  2.71549E+00  1.47334E+03   8.541   8.601
 0.480  2.51037E-01  7.18707E-02  4.47965E-02  6.85192E+00 -7.79894E+00 -8.27799E+00 -1.39181E-01  6.14514E-01 -7.76532E-01  5.83327E+02   4.692   0.741  1.09650E+09  1.28607E+09  1.29002E+09  3.25751E+08  7.69528E+08  2.84730E+00  1.42056E+03   8.602   8.618
 0.490 -7.58311E-02  1.65158E-01  8.12996E-02  1.50768E+01 -5.84639E-02 -9.40728E-01 -1.39001E-01  4.11911E-01 -9.00560E-01  4.96768E+02   4.375   0.609  8.59119E+08  1.02903E+09  1.42286E+09  3.43537E+08  6.75914E+08  2.15620E+00  1.47011E+03   8.675   8.665
 0.500 -1.39060E-01 -9.51672E-02  6.46477E-03 -5.03595E+00  7.91351E+00  1.37261E+00 -1.43426E-01  2.85986E-01 -9.47439E-01  4.20706E+02   3.909   0.500  7.14573E+08  8.24481E+08  1.42063E+09  3.73404E+08  5.92526E+08  1.48699E+00  1.72471E+03   8.728   8.685
