  38
 0.190   1.889   1.204  1.11219E+06  1.36057E+06  1.09222E+06  4.37758E+02  0.00000E+00  0.00000E+00  0.00000E+00  1.11219E+06  1.36057E+06  1.09222E+06
 0.200   3.097   2.612  2.02017E+07  2.30625E+07  2.01408E+07  1.12015E+02  1.52865E+06  1.93856E+06  1.50000E+06  1.86730E+07  2.11239E+07  1.86408E+07
 0.210   3.335   2.295  1.24377E+07  1.53938E+07  1.23213E+07  3.26424E+02  3.54400E+06  4.41561E+06  3.50801E+06  8.89371E+06  1.09782E+07  8.81328E+06
 0.220   3.010   1.836  4.08620E+07  4.73869E+07  4.06348E+07  2.06824E+02  9.30539E+06  1.18611E+07  9.16365E+06  3.15566E+07  3.55259E+07  3.14712E+07
 0.230   3.503   1.742  2.94918E+07  3.40254E+07  2.94067E+07  1.37394E+02  3.02625E+06  3.81530E+06  2.98803E+06  2.64655E+07  3.02101E+07  2.64187E+07
 0.240   4.270   2.195  5.07883E+07  6.11166E+07  5.05084E+07  2.50873E+02  8.45260E+06  1.06753E+07  8.35465E+06  4.23357E+07  5.04414E+07  4.21537E+07
 0.250   4.499   2.077  8.91560E+07  1.08536E+08  8.86502E+07  2.77281E+02  1.36038E+07  1.73267E+07  1.34338E+07  7.55522E+07  9.12092E+07  7.52163E+07
 0.260   4.746   2.311  1.17995E+08  1.45372E+08  1.17049E+08  3.82495E+02  2.08523E+07  2.70073E+07  2.04773E+07  9.71426E+07  1.18365E+08  9.65715E+07
 0.270   5.786   3.877  1.17463E+08  1.47862E+08  1.16453E+08  4.43941E+02  1.73727E+07  2.24900E+07  1.70923E+07  1.00091E+08  1.25372E+08  9.93604E+07
 0.280   5.318   2.154  1.31000E+08  1.68634E+08  1.29190E+08  6.71418E+02  3.77761E+07  4.98865E+07  3.69201E+07  9.32240E+07  1.18748E+08  9.22699E+07
 0.290   3.871   2.073  1.08817E+08  1.37988E+08  1.07429E+08  6.52001E+02  1.88134E+07  2.50430E+07  1.83573E+07  9.00041E+07  1.12945E+08  8.90719E+07
 0.300   5.918   2.430  1.34435E+08  1.72966E+08  1.32633E+08  7.09437E+02  2.78472E+07  3.68734E+07  2.71563E+07  1.06588E+08  1.36092E+08  1.05476E+08
 0.310   5.888   2.308  1.50243E+08  1.92553E+08  1.48106E+08  7.70801E+02  3.55736E+07  4.72543E+07  3.47324E+07  1.14669E+08  1.45299E+08  1.13374E+08
 0.320   6.264   2.134  2.12629E+08  2.75661E+08  2.09252E+08  8.87482E+02  3.87690E+07  5.22522E+07  3.76052E+07  1.73860E+08  2.23408E+08  1.71647E+08
 0.330   7.176   1.886  2.39690E+08  3.15774E+08  2.35280E+08  1.04056E+03  6.07306E+07  8.19551E+07  5.88907E+07  1.78959E+08  2.33819E+08  1.76389E+08
 0.340   6.912   1.833  2.50260E+08  3.31578E+08  2.45487E+08  1.11837E+03  5.83029E+07  7.90241E+07  5.64281E+07  1.91957E+08  2.52554E+08  1.89059E+08
 0.350   7.850   2.403  2.88891E+08  3.84655E+08  2.82954E+08  1.22205E+03  6.82121E+07  9.25802E+07  6.58945E+07  2.20679E+08  2.92074E+08  2.17059E+08
 0.360   7.156   1.944  2.84989E+08  3.76084E+08  2.79405E+08  1.21726E+03  5.65183E+07  7.66817E+07  5.46820E+07  2.28471E+08  2.99403E+08  2.24723E+08
 0.370   7.941   2.537  2.28814E+08  3.04662E+08  2.23875E+08  1.36121E+03  4.97590E+07  6.79378E+07  4.80464E+07  1.79055E+08  2.36725E+08  1.75829E+08
 0.380   8.205   3.618  3.18890E+08  4.25811E+08  3.11937E+08  1.40291E+03  6.52220E+07  8.90471E+07  6.28182E+07  2.53668E+08  3.36764E+08  2.49119E+08
 0.390   9.119   3.135  3.05979E+08  4.14147E+08  2.98509E+08  1.59506E+03  6.46373E+07  8.87481E+07  6.21018E+07  2.41342E+08  3.25399E+08  2.36407E+08
 0.400   9.784   3.449  3.65528E+08  4.86203E+08  3.57503E+08  1.47471E+03  7.60055E+07  1.04056E+08  7.32251E+07  2.89523E+08  3.82148E+08  2.84278E+08
 0.410   9.234   2.555  3.27373E+08  4.43736E+08  3.18983E+08  1.72979E+03  6.26575E+07  8.64844E+07  5.99494E+07  2.64716E+08  3.57251E+08  2.59034E+08
 0.420  10.970   2.767  3.49160E+08  4.75164E+08  3.40029E+08  1.80643E+03  7.07636E+07  9.77112E+07  6.78281E+07  2.78397E+08  3.77452E+08  2.72201E+08
 0.430   9.117   1.888  3.55913E+08  4.84745E+08  3.46519E+08  1.85052E+03  6.18334E+07  8.56631E+07  5.90017E+07  2.94080E+08  3.99082E+08  2.87517E+08
 0.440   9.825   2.255  3.87734E+08  5.29455E+08  3.77020E+08  1.95737E+03  7.51740E+07  1.04270E+08  7.17368E+07  3.12560E+08  4.25185E+08  3.05283E+08
 0.450   9.495   3.554  4.21797E+08  5.78293E+08  4.09414E+08  2.09330E+03  8.25108E+07  1.14843E+08  7.85358E+07  3.39286E+08  4.63450E+08  3.30878E+08
 0.460  11.704   2.493  4.86081E+08  6.62165E+08  4.72116E+08  2.07566E+03  9.05320E+07  1.26027E+08  8.61246E+07  3.95549E+08  5.36138E+08  3.85992E+08
 0.470  11.242   2.338  4.28684E+08  5.85459E+08  4.15769E+08  2.18223E+03  7.15091E+07  9.96651E+07  6.78754E+07  3.57175E+08  4.85794E+08  3.47893E+08
 0.480  11.808   4.122  4.83579E+08  6.64240E+08  4.68337E+08  2.30788E+03  9.17239E+07  1.28152E+08  8.69883E+07  3.91855E+08  5.36088E+08  3.81349E+08
 0.490  12.368   3.604  4.34238E+08  5.96699E+08  4.20082E+08  2.39246E+03  8.01437E+07  1.12027E+08  7.59474E+07  3.54095E+08  4.84672E+08  3.44135E+08
 0.500  11.608   2.698  4.66240E+08  6.39887E+08  4.50791E+08  2.44409E+03  7.71972E+07  1.08081E+08  7.29084E+07  3.89043E+08  5.31806E+08  3.77882E+08
 0.510  10.784   4.068  5.11550E+08  6.95188E+08  4.95152E+08  2.38187E+03  8.16224E+07  1.14409E+08  7.69016E+07  4.29928E+08  5.80779E+08  4.18250E+08
 0.520   6.499   3.124  2.56176E+08  3.44110E+08  2.47277E+08  2.48672E+03  3.69795E+07  5.15900E+07  3.45764E+07  2.19197E+08  2.92520E+08  2.12700E+08
 0.530   9.817   7.212  2.65687E+08  3.60171E+08  2.56577E+08  2.50353E+03  3.90725E+07  5.43980E+07  3.66090E+07  2.26614E+08  3.05773E+08  2.19968E+08
 0.540  10.636   4.596  3.52167E+08  4.75119E+08  3.41084E+08  2.35977E+03  4.51058E+07  6.27527E+07  4.23219E+07  3.07061E+08  4.12366E+08  2.98762E+08
 0.550  12.545   6.099  5.03507E+08  6.80218E+08  4.88290E+08  2.34176E+03  7.29307E+07  1.01656E+08  6.88921E+07  4.30576E+08  5.78562E+08  4.19398E+08
 0.560  12.101   5.194  4.71890E+08  6.40960E+08  4.57007E+08  2.45326E+03  5.99206E+07  8.38547E+07  5.62878E+07  4.11969E+08  5.57105E+08  4.00720E+08
