  38
 0.190  18.750   1.889  2.61704E+10  3.16054E+09  9.10964E+07  1.11161E+08  2.29187E+10  2.16316E+08  2.89145E+07  3.50567E+07  1.40138E+09  1.82435E+09  8.92402E+07  1.08813E+08  1.44164E+10  2.18960E+08  2.91368E+07  3.53179E+07  1.42308E+09
 0.200  21.500   3.097  3.39729E+10  4.10211E+09  2.08426E+08  2.48721E+08  2.96624E+10  2.18245E+07  5.05802E+07  6.04184E+07  1.17832E+09  1.97890E+09  2.01329E+08  2.39712E+08  1.54398E+10  1.41717E+08  8.77360E+07  1.04071E+08  2.31598E+09
 0.210  25.250   3.335  4.73364E+10  5.53045E+09  2.78361E+08  3.43974E+08  4.15276E+10  1.77487E+08  7.67041E+07  9.46491E+07  1.61687E+09  1.77546E+09  2.20073E+08  2.70883E+08  1.57530E+10  2.99028E+08  1.16138E+08  1.42944E+08  2.72619E+09
 0.220  28.000   3.010  5.78357E+10  6.20762E+09  4.23591E+08  5.13908E+08  5.12045E+10  7.12267E+08  2.25504E+08  2.70460E+08  4.03495E+09  3.12407E+09  4.07443E+08  4.93105E+08  2.09019E+10  8.03932E+08  2.42466E+08  2.90593E+08  4.54085E+09
 0.230  30.750   3.503  6.57934E+10  6.26846E+09  7.30841E+08  8.85065E+08  5.87941E+10  6.42525E+08  4.23540E+08  5.06107E+08  3.73765E+09  2.65143E+09  6.67196E+08  8.03726E+08  2.16303E+10  7.77976E+08  4.69748E+08  5.62423E+08  4.72591E+09
 0.240  34.500   4.270  8.29143E+10  6.74853E+09  9.07384E+08  1.13479E+09  7.52583E+10  3.53164E+08  4.93126E+08  6.09888E+08  3.91631E+09  1.84604E+09  7.56432E+08  9.40386E+08  1.93196E+10  5.61380E+08  5.65948E+08  7.00722E+08  5.71476E+09
 0.250  38.500   4.499  1.02507E+11  7.68342E+09  1.13363E+09  1.42968E+09  9.36898E+10  6.68679E+08  6.83380E+08  8.53863E+08  5.72607E+09  2.17808E+09  8.95074E+08  1.12187E+09  2.03109E+10  8.10343E+08  7.44547E+08  9.30195E+08  7.24891E+09
 0.260  41.250   4.746  1.11900E+11  8.01327E+09  1.32573E+09  1.67209E+09  1.02561E+11  1.24002E+09  7.99008E+08  9.97160E+08  6.11349E+09  3.44610E+09  1.26354E+09  1.58999E+09  2.74974E+10  1.56008E+09  8.94618E+08  1.11771E+09  7.91917E+09
 0.270  43.250   5.786  1.15751E+11  7.88959E+09  1.52950E+09  1.94601E+09  1.06332E+11  4.17314E+08  8.66627E+08  1.09731E+09  5.20229E+09  1.98532E+09  1.18463E+09  1.50244E+09  1.89619E+10  7.85384E+08  1.02562E+09  1.29947E+09  8.55559E+09
 0.280  45.250   5.318  1.19382E+11  7.83966E+09  1.62844E+09  2.09242E+09  1.09914E+11  9.22824E+08  9.57769E+08  1.23152E+09  6.07799E+09  2.63778E+09  1.22806E+09  1.57854E+09  1.83591E+10  1.14720E+09  1.02596E+09  1.31907E+09  7.62652E+09
 0.290  46.750   3.871  1.19606E+11  7.56942E+09  1.86684E+09  2.39294E+09  1.10169E+11  1.52597E+09  1.35035E+09  1.71901E+09  8.93346E+09  2.99865E+09  1.76845E+09  2.26186E+09  2.34116E+10  1.22364E+09  1.21409E+09  1.54601E+09  6.71973E+09
 0.300  47.750   5.918  1.14809E+11  7.03609E+09  2.00032E+09  2.59561E+09  1.05773E+11  6.33124E+08  1.49071E+09  1.92640E+09  8.53198E+09  2.04667E+09  1.77778E+09  2.30151E+09  2.16861E+10  8.47873E+08  1.60550E+09  2.07630E+09  1.13067E+10
 0.310  49.000   5.888  1.13349E+11  6.77624E+09  2.11257E+09  2.75665E+09  1.04461E+11  1.11735E+09  1.62299E+09  2.10677E+09  9.81996E+09  2.32418E+09  1.96010E+09  2.55227E+09  2.34148E+10  1.34251E+09  1.73785E+09  2.25824E+09  1.24593E+10
 0.320  50.750   6.264  1.13895E+11  6.56310E+09  2.24316E+09  2.94187E+09  1.05089E+11  9.44936E+08  1.73273E+09  2.26205E+09  1.01833E+10  2.28392E+09  2.06840E+09  2.70692E+09  2.32673E+10  1.44719E+09  1.87882E+09  2.45476E+09  1.33622E+10
 0.330  52.750   7.176  1.16524E+11  6.34659E+09  2.34476E+09  3.09604E+09  1.07832E+11  7.56749E+08  1.84935E+09  2.43447E+09  1.10300E+10  1.85757E+09  2.17350E+09  2.86597E+09  2.38646E+10  1.12185E+09  2.04690E+09  2.69795E+09  1.63670E+10
 0.340  55.250   6.912  1.21691E+11  6.63833E+09  2.42945E+09  3.22750E+09  1.12624E+11  1.06765E+09  1.96485E+09  2.60405E+09  1.16808E+10  2.16953E+09  2.25762E+09  2.99455E+09  2.35492E+10  1.46768E+09  2.11064E+09  2.79798E+09  1.54794E+10
 0.350  59.000   7.850  1.38037E+11  7.53515E+09  2.58361E+09  3.44414E+09  1.27918E+11  6.15282E+08  2.05865E+09  2.73981E+09  1.18864E+10  1.68437E+09  2.34596E+09  3.12480E+09  2.29987E+10  1.02028E+09  2.23939E+09  2.98291E+09  1.72254E+10
 0.360  63.750   7.156  1.58851E+11  8.56322E+09  2.69644E+09  3.60886E+09  1.47591E+11  1.24332E+09  2.22666E+09  2.97516E+09  1.36010E+10  1.82453E+09  2.43148E+09  3.25131E+09  2.32502E+10  1.36545E+09  2.29031E+09  3.06091E+09  1.56894E+10
 0.370  66.250   7.941  1.67760E+11  8.65228E+09  2.83311E+09  3.79758E+09  1.56275E+11  1.83209E+09  2.43515E+09  3.26138E+09  1.89717E+10  2.94858E+09  2.63409E+09  3.52882E+09  3.06036E+10  2.35605E+09  2.54517E+09  3.40904E+09  2.36485E+10
 0.380  69.000   8.205  1.75719E+11  8.66119E+09  3.03916E+09  4.07413E+09  1.64019E+11  8.94972E+08  2.42481E+09  3.26194E+09  1.57815E+10  2.01722E+09  2.69333E+09  3.61745E+09  2.65330E+10  1.43574E+09  2.56843E+09  3.45213E+09  2.01734E+10
 0.390  72.000   9.119  1.84815E+11  8.70885E+09  3.07285E+09  4.15062E+09  1.73034E+11  1.65776E+09  2.56363E+09  3.46813E+09  1.61111E+10  2.56955E+09  2.71865E+09  3.67473E+09  2.40185E+10  2.24477E+09  2.68617E+09  3.63129E+09  2.14537E+10
 0.400  75.000   9.784  1.96073E+11  8.98092E+09  3.26786E+09  4.40791E+09  1.83824E+11  1.27187E+09  2.74382E+09  3.70400E+09  1.71797E+10  1.84251E+09  2.92372E+09  3.94428E+09  2.45140E+10  1.79287E+09  2.91195E+09  3.92844E+09  2.38596E+10
 0.410  78.750   9.234  2.11873E+11  9.44755E+09  3.36714E+09  4.56076E+09  1.99058E+11  1.52372E+09  2.88921E+09  3.91172E+09  1.84723E+10  1.97485E+09  3.01608E+09  4.08312E+09  2.43348E+10  1.81965E+09  2.98049E+09  4.03505E+09  2.22395E+10
 0.420  81.000  10.970  2.16570E+11  9.72928E+09  3.47132E+09  4.71887E+09  2.03369E+11  7.51620E+08  2.94789E+09  4.00850E+09  1.81027E+10  1.24257E+09  3.08522E+09  4.19432E+09  2.32729E+10  1.52074E+09  3.13459E+09  4.26087E+09  2.59364E+10
 0.430  83.500   9.117  2.23041E+11  1.01299E+10  3.53406E+09  4.82151E+09  2.09377E+11  1.03914E+09  3.06054E+09  4.17359E+09  1.92948E+10  1.19585E+09  3.14910E+09  4.29433E+09  2.37081E+10  1.10745E+09  3.10448E+09  4.23343E+09  2.13353E+10
 0.440  87.500   9.825  2.39159E+11  1.07747E+10  3.59014E+09  4.92058E+09  2.24794E+11  1.36188E+09  3.12140E+09  4.27620E+09  2.08367E+10  1.62538E+09  3.20581E+09  4.39165E+09  2.44596E+10  1.59272E+09  3.19623E+09  4.37852E+09  2.39491E+10
 0.450  91.500   9.495  2.56952E+11  1.14525E+10  3.65676E+09  5.02478E+09  2.41843E+11  1.63323E+09  3.21814E+09  4.42189E+09  2.24694E+10  1.82974E+09  3.26666E+09  4.48797E+09  2.48812E+10  1.71637E+09  3.23899E+09  4.45029E+09  2.34505E+10
 0.460  95.750  11.704  2.76504E+11  1.25542E+10  3.78460E+09  5.19390E+09  2.60165E+11  1.82188E+09  3.37398E+09  4.62711E+09  2.38998E+10  1.90093E+09  3.39684E+09  4.65846E+09  2.51366E+10  2.29321E+09  3.46854E+09  4.75662E+09  3.01527E+10
 0.470 100.250  11.242  2.98935E+11  1.43344E+10  3.97123E+09  5.45478E+09  2.80629E+11  1.73317E+09  3.51735E+09  4.83111E+09  2.56169E+10  1.72612E+09  3.51548E+09  4.82858E+09  2.55407E+10  2.05852E+09  3.57892E+09  4.91541E+09  2.94201E+10
 0.480 103.250  11.808  3.09017E+11  1.51400E+10  4.08583E+09  5.61825E+09  2.89791E+11  2.02859E+09  3.67860E+09  5.06126E+09  2.87914E+10  1.91464E+09  3.66276E+09  5.03966E+09  2.76796E+10  2.45325E+09  3.73902E+09  5.14388E+09  3.39070E+10
 0.490 106.500  12.368  3.20145E+11  1.58047E+10  4.19937E+09  5.77853E+09  3.00141E+11  2.12181E+09  3.73927E+09  5.14951E+09  2.86878E+10  1.99290E+09  3.70080E+09  5.09655E+09  2.65613E+10  2.51264E+09  3.82224E+09  5.26339E+09  3.45267E+10
 0.500 110.250  11.608  3.34097E+11  1.65457E+10  4.29523E+09  5.92476E+09  3.13256E+11  3.22663E+09  3.84944E+09  5.31384E+09  2.90064E+10  2.87859E+09  3.78452E+09  5.22394E+09  2.56859E+10  3.38728E+09  3.87746E+09  5.35264E+09  3.09118E+10
 0.510 113.250  10.784  3.48056E+11  1.70124E+10  4.65210E+09  6.37025E+09  3.26392E+11  3.35715E+09  4.20153E+09  5.75323E+09  3.10538E+10  2.86995E+09  4.13087E+09  5.65689E+09  2.67997E+10  3.19411E+09  4.17476E+09  5.71650E+09  2.93101E+10
 0.520 116.250   6.499  3.55749E+11  1.68298E+10  4.96675E+09  6.78476E+09  3.33953E+11  4.28412E+09  4.53087E+09  6.18227E+09  3.20805E+10  3.64050E+09  4.42723E+09  6.03888E+09  2.67012E+10  2.20749E+09  4.04369E+09  5.51202E+09  1.57691E+10
 0.530 118.500   9.817  3.59590E+11  1.63173E+10  5.32965E+09  7.27150E+09  3.37943E+11  2.88273E+09  4.88275E+09  6.65438E+09  3.34237E+10  2.10642E+09  4.77304E+09  6.50299E+09  2.68093E+10  2.03118E+09  4.75874E+09  6.48320E+09  2.62034E+10
 0.540 121.000  10.636  3.61154E+11  1.61388E+10  5.47013E+09  7.48989E+09  3.39545E+11  3.49869E+09  5.02285E+09  6.86979E+09  3.32420E+10  2.90444E+09  4.91187E+09  6.71470E+09  2.64918E+10  3.08990E+09  4.94773E+09  6.76486E+09  2.85117E+10
 0.550 122.500  12.545  3.58477E+11  1.59949E+10  5.64740E+09  7.75027E+09  3.36834E+11  3.38451E+09  5.23574E+09  7.17647E+09  3.32265E+10  2.78119E+09  5.08750E+09  6.97208E+09  2.59918E+10  3.45529E+09  5.24941E+09  7.19536E+09  3.41847E+10
 0.560 124.500  12.101  3.57574E+11  1.59562E+10  5.71008E+09  7.87760E+09  3.35908E+11  2.83737E+09  5.25700E+09  7.24554E+09  3.30369E+10  2.14204E+09  5.11405E+09  7.04747E+09  2.54401E+10  2.74055E+09  5.24138E+09  7.22376E+09  3.19318E+10
