  38
 0.190  2.81250E+00  3.49464E+08  4.16861E+07  5.05888E+07  3.23995E+08  1.13249E+07  2.64014E+09  1.72159E-01
 0.200  3.22500E+00  1.70886E+08  9.34373E+07  1.10625E+08  1.41820E+08  5.14044E+07  2.50146E+09  4.55371E-01
 0.210  3.78750E+00  3.82232E+08  1.33703E+08  1.64582E+08  3.35482E+08  8.53131E+06  3.43394E+09  1.24198E-01
 0.220  4.20000E+00  1.25529E+09  3.12462E+08  3.75488E+08  1.13318E+09  1.16510E+08  7.55877E+09  1.83402E+00
 0.230  4.61250E+00  1.11038E+09  5.55373E+08  6.67067E+08  9.93915E+08  2.06616E+08  7.42583E+09  1.98523E+00
 0.240  5.17500E+00  7.35486E+08  6.26561E+08  7.76606E+08  6.61397E+08  5.55505E+07  7.85964E+09  4.69038E-01
 0.250  5.77500E+00  1.14177E+09  8.05621E+08  1.00678E+09  9.78904E+08  1.21388E+08  1.02564E+10  1.18067E+00
 0.260  6.18750E+00  2.13608E+09  1.03195E+09  1.29238E+09  1.84476E+09  1.71645E+08  1.27661E+10  2.47587E+00
 0.270  6.48750E+00  9.62629E+08  1.07357E+09  1.36073E+09  7.92886E+08  8.64650E+07  1.02440E+10  6.57958E-01
 0.280  6.78750E+00  1.64313E+09  1.11834E+09  1.43693E+09  1.39671E+09  5.18036E+07  1.06124E+10  7.74965E-01
 0.290  7.01250E+00  2.18847E+09  1.64245E+09  2.09764E+09  1.91219E+09  2.18393E+08  1.59632E+10  2.96398E+00
 0.300  7.16250E+00  1.13142E+09  1.67237E+09  2.16380E+09  9.64971E+08  4.84953E+07  1.43163E+10  4.35858E-01
 0.310  7.35000E+00  1.70293E+09  1.84739E+09  2.40309E+09  1.44923E+09  1.13055E+08  1.64142E+10  1.45448E+00
 0.320  7.61250E+00  1.81019E+09  1.98249E+09  2.59248E+09  1.57662E+09  1.14607E+08  1.70216E+10  1.34995E+00
 0.330  7.91250E+00  1.36683E+09  2.09418E+09  2.76077E+09  1.16365E+09  7.86210E+07  1.83638E+10  8.45380E-01
 0.340  8.28750E+00  1.81423E+09  2.19242E+09  2.90734E+09  1.58149E+09  7.21187E+07  1.91075E+10  7.40668E-01
 0.350  8.85000E+00  1.34311E+09  2.29757E+09  3.06064E+09  1.12834E+09  7.75226E+07  1.99236E+10  6.67593E-01
 0.360  9.56250E+00  1.75318E+09  2.41641E+09  3.23094E+09  1.50363E+09  8.45604E+07  2.21018E+10  1.15835E+00
 0.370  9.93750E+00  2.93268E+09  2.63249E+09  3.52666E+09  2.60533E+09  8.60506E+07  3.04011E+10  1.05098E+00
 0.380  1.03500E+01  2.09733E+09  2.71065E+09  3.64049E+09  1.74559E+09  8.35384E+07  2.78077E+10  5.89877E-01
 0.390  1.08000E+01  2.83533E+09  2.74164E+09  3.70557E+09  2.51076E+09  4.53806E+07  2.64400E+10  5.81569E-01
 0.400  1.12500E+01  2.19083E+09  2.98314E+09  4.02394E+09  1.81452E+09  1.42699E+08  2.82721E+10  1.42988E+00
 0.410  1.18125E+01  2.34721E+09  3.07678E+09  4.16532E+09  1.98431E+09  8.95967E+07  2.93839E+10  1.08627E+00
 0.420  1.21500E+01  1.90389E+09  3.18612E+09  4.32909E+09  1.60581E+09  5.83958E+07  2.91894E+10  4.50290E-01
 0.430  1.25250E+01  1.55121E+09  3.24347E+09  4.42293E+09  1.24111E+09  7.25837E+07  3.06774E+10  1.00774E+00
 0.440  1.31250E+01  2.19061E+09  3.31076E+09  4.53557E+09  1.90420E+09  4.06631E+07  3.35179E+10  4.29942E-01
 0.450  1.37250E+01  2.55812E+09  3.39796E+09  4.66767E+09  2.13431E+09  5.83561E+07  3.58215E+10  6.23953E-01
 0.460  1.43625E+01  2.97640E+09  3.53837E+09  4.85286E+09  2.48028E+09  1.19986E+08  3.82327E+10  1.84025E+00
 0.470  1.50375E+01  2.85393E+09  3.69332E+09  5.07198E+09  2.48581E+09  4.12046E+07  4.19323E+10  4.81251E-01
 0.480  1.54875E+01  3.51931E+09  3.85132E+09  5.29718E+09  3.07020E+09  8.39881E+07  4.73649E+10  8.94358E-01
 0.490  1.59750E+01  3.35335E+09  3.92420E+09  5.40364E+09  2.89950E+09  9.44886E+07  4.72292E+10  1.15222E+00
 0.500  1.65375E+01  4.59497E+09  4.00874E+09  5.53473E+09  4.03944E+09  4.71680E+07  4.80201E+10  6.40130E-01
 0.510  1.69875E+01  4.84100E+09  4.37377E+09  5.98917E+09  4.09763E+09  2.48714E+08  5.03698E+10  2.62074E+00
 0.520  1.74375E+01  5.66749E+09  4.70157E+09  6.41924E+09  5.02457E+09  2.17067E+08  5.21924E+10  2.80906E+00
 0.530  1.77750E+01  4.73400E+09  5.04391E+09  6.87780E+09  4.06030E+09  1.69412E+08  5.44060E+10  1.16803E+00
 0.540  1.81500E+01  4.94547E+09  5.19219E+09  7.10601E+09  4.33055E+09  1.48259E+08  5.39561E+10  1.88466E+00
 0.550  1.83750E+01  4.82691E+09  5.38836E+09  7.38958E+09  4.10945E+09  1.33284E+08  5.37416E+10  1.38372E+00
 0.560  1.86750E+01  4.54346E+09  5.43231E+09  7.49028E+09  3.94679E+09  6.40362E+07  5.40608E+10  6.87860E-01
