  38
 0.190  2.44972E-01  2.35168E-01 -3.77342E-01  7.29408E+01  3.97487E+01 -4.93961E+01   1.889  2.18960E+08  2.16460E+08  2.91368E+07  0.00000E+00  1.42308E+09  1.21311E-01  3.54305E+02   7.207   7.096
 0.200 -5.10350E-01 -4.59189E-02 -2.10224E-01 -4.26931E+00 -2.81614E+01  3.59284E+01   3.097  1.41717E+08  1.62958E+08  8.77360E+07  1.47829E+07  2.31598E+09  3.98349E-01  2.18215E+02   7.698   7.360
 0.210 -1.65988E-02  2.22771E-01  3.73516E-02 -3.58752E+01 -3.94236E+01  3.37045E+01   3.335  2.99028E+08  2.73240E+08  1.16138E+08  5.49824E+07  2.72619E+09  1.11851E-01  3.10559E+02   7.434   7.350
 0.220  4.57039E-01 -2.91519E-01  3.49886E-02 -1.15703E+02 -6.12706E+00 -1.28784E+02   3.010  8.03932E+08  8.36283E+08  2.42466E+08  8.92774E+07  4.54085E+09  1.49324E+00  2.99458E+02   7.615   7.405
 0.230 -4.81835E-01  1.86220E-02 -3.79445E-01  1.95175E+01  2.89569E+00  1.20035E+01   3.503  7.77976E+08  8.93500E+08  4.69748E+08  9.67498E+07  4.72591E+09  1.74109E+00  2.32198E+02   7.876   7.671
 0.240 -9.92917E-01  6.08220E-01 -1.11426E+00 -3.36325E-01  2.10237E+01 -1.79995E+00   4.270  5.61380E+08  5.67344E+08  5.65948E+08  1.42279E+08  5.71476E+09  4.37130E-01  3.33047E+02   7.780   7.710
 0.250 -5.33881E-01 -2.74090E-01 -9.32136E-02  2.11577E+01  2.68989E+01  1.70695E+00   4.499  8.10343E+08  8.18209E+08  7.44547E+08  1.84117E+08  7.24891E+09  1.08974E+00  4.00107E+02   7.807   7.717
 0.260 -2.64864E-01 -4.21503E-01  1.37376E-01 -4.62279E+00  9.61982E+00 -9.96263E+00   4.746  1.56008E+09  1.55126E+09  8.94618E+08  1.95535E+08  7.91917E+09  2.26037E+00  4.50010E+02   7.844   7.729
 0.270 -4.55609E-01  9.28284E-01 -1.72785E+00  1.92412E+01 -6.69021E+00  3.39490E+01   5.786  7.85384E+08  7.38851E+08  1.02562E+09  2.03674E+08  8.55559E+09  6.46327E-01  5.10674E+02   7.893   7.763
 0.280 -1.45498E-01 -4.46269E-01  5.34935E-02 -1.06124E+01 -1.63126E+01 -7.93984E+00   5.318  1.14720E+09  1.05395E+09  1.02596E+09  2.06517E+08  7.62652E+09  7.39632E-01  6.30869E+02   7.840   7.773
 0.290 -9.02665E-01 -1.01106E+00  9.31073E-01  4.79028E+00 -4.06714E+00 -1.55571E+01   3.871  1.22364E+09  1.31584E+09  1.21409E+09  2.24896E+08  6.71973E+09  2.53194E+00  6.41275E+02   8.005   7.809
 0.300 -7.55602E-01  1.59812E-01 -1.96898E-01  1.51681E+01  9.91040E+00  4.74570E+00   5.918  8.47873E+08  7.79760E+08  1.60550E+09  4.23412E+08  1.13067E+10  4.27212E-01  7.55377E+02   8.008   7.820
 0.310 -1.26353E-01  4.89875E-01  6.33760E-02  2.28981E+01  3.54485E+00 -1.01111E+00   5.888  1.34251E+09  1.27739E+09  1.73785E+09  4.38691E+08  1.24593E+10  1.45425E+00  8.32404E+02   8.034   7.844
 0.320 -8.57371E-01 -4.64930E-01 -6.29216E-02  1.71729E+01 -9.45195E+00  2.09162E+01   6.264  1.44719E+09  1.39584E+09  1.87882E+09  4.45471E+08  1.33622E+10  1.33280E+00  9.12114E+02   8.029   7.868
 0.330 -5.86100E-01 -5.83037E-01  9.24607E-02 -1.78182E+01 -3.47383E+00  1.82877E+01   7.176  1.12185E+09  1.02761E+09  2.04690E+09  5.11231E+08  1.63670E+10  8.21514E-01  1.02686E+03   8.059   7.877
 0.340 -3.57915E-01 -5.69003E-01  2.57586E-01  1.39553E+01  2.80718E+01  9.91361E+00   6.912  1.46768E+09  1.36991E+09  2.11064E+09  4.96964E+08  1.54794E+10  7.21775E-01  1.12160E+03   8.003   7.890
 0.350  8.26672E-01  1.03961E+00 -1.13541E+00 -1.39514E+01 -1.36377E+01  6.00204E+00   7.850  1.02028E+09  9.35185E+08  2.23939E+09  5.24618E+08  1.72254E+10  6.34122E-01  1.21844E+03   8.052   7.902
 0.360  2.19632E-01  4.45195E-01 -5.55012E-01 -4.96850E+00  7.99216E+00 -3.97809E+01   7.156  1.36545E+09  1.28649E+09  2.29031E+09  5.02468E+08  1.56894E+10  1.15835E+00  1.31360E+03   7.981   7.915
 0.370 -7.14817E-01 -3.37607E-01 -1.04696E+00 -4.91788E+01 -3.01917E+01  7.26293E+01   7.941  2.35605E+09  2.21072E+09  2.54517E+09  6.06981E+08  2.36485E+10  1.02762E+00  1.39985E+03   7.865   7.910
 0.380  1.62329E-01  3.09566E-01 -3.26363E-01 -2.48134E+01 -1.27820E+01  3.20643E+00   8.205  1.43574E+09  1.29063E+09  2.56843E+09  5.41840E+08  2.01734E+10  5.22053E-01  1.47887E+03   7.925   7.923
 0.390  4.82950E-01  1.07331E-01  6.54668E-01  2.32862E+01  5.00578E+01 -4.44760E+01   9.119  2.24477E+09  2.06422E+09  2.68617E+09  6.09929E+08  2.14537E+10  5.70140E-01  1.59843E+03   7.865   7.919
 0.400  8.29793E-01  1.38651E+00 -3.39178E-01  1.66693E+01  2.26137E+01 -3.75546E+00   9.784  1.79287E+09  1.64546E+09  2.91195E+09  6.37114E+08  2.38596E+10  1.41601E+00  1.65202E+03   7.997   7.918
 0.410  1.25723E+00  9.56285E-01 -1.37989E-01 -4.67518E+00 -2.58132E+01  1.83605E+01   9.234  1.81965E+09  1.68071E+09  2.98049E+09  6.23754E+08  2.22395E+10  1.08627E+00  1.74473E+03   7.959   7.927
 0.420 -1.59623E-01 -5.69413E-01 -1.09729E-01 -1.25624E+01 -2.61306E+01  1.02181E+01  10.970  1.52074E+09  1.33606E+09  3.13459E+09  6.62695E+08  2.59364E+10  3.58240E-01  1.84326E+03   7.953   7.930
 0.430  2.91915E-01  5.65164E-02  2.44009E-01  2.32608E+01  2.86569E+01 -2.44364E+01   9.117  1.10745E+09  9.88949E+08  3.10448E+09  6.04405E+08  2.13353E+10  1.00767E+00  1.95670E+03   8.033   7.940
 0.440 -1.51332E-01  2.04111E-01 -1.29080E+00 -7.28970E+00 -5.53908E+00  2.93462E+00   9.825  1.59272E+09  1.45115E+09  3.19623E+09  6.35608E+08  2.39491E+10  4.27489E-01  2.07918E+03   7.912   7.942
 0.450 -2.67199E-01  8.02759E-01 -8.45757E-01 -3.75145E+00 -1.40240E+01  3.25034E+00   9.495  1.71637E+09  1.54093E+09  3.23899E+09  6.31484E+08  2.34505E+10  6.04045E-01  2.20278E+03   7.924   7.944
 0.460  4.01421E-01 -2.34386E-01  1.24080E+00  9.27002E+00 -6.86097E-01 -9.68738E+00  11.704  2.29321E+09  2.05220E+09  3.46854E+09  7.04354E+08  3.01527E+10  1.83154E+00  2.27333E+03   7.900   7.942
 0.470  2.99777E-01  2.08609E-01  8.67392E-01 -7.89937E+00  3.24947E+01 -3.58963E+01  11.242  2.05852E+09  1.88312E+09  3.57892E+09  6.85581E+08  2.94201E+10  4.57973E-01  2.34345E+03   7.855   7.963
 0.480  2.94975E-01 -6.21523E-01 -1.05557E+00  8.39655E+00  1.56262E+01  4.78687E+00  11.808  2.45325E+09  2.23260E+09  3.73902E+09  7.34605E+08  3.39070E+10  8.85760E-01  2.43887E+03   7.855   7.961
 0.490  5.04261E-01  4.07643E-01  1.68163E+00 -1.09475E-01  3.70522E+01 -1.07158E+01  12.368  2.51264E+09  2.29530E+09  3.82224E+09  7.31713E+08  3.45267E+10  1.14903E+00  2.53801E+03   7.863   7.965
 0.500  6.55572E-01  5.67567E-01  1.14827E+00  1.02633E-01  3.59488E+01 -1.72486E+01  11.608  3.38728E+09  3.10266E+09  3.87746E+09  7.07539E+08  3.09118E+10  6.40032E-01  2.63324E+03   7.782   7.967
 0.510  6.79473E-01  1.73103E+00 -6.78645E-01  1.23091E+00 -1.61367E+01 -8.57730E+00  10.784  3.19411E+09  3.05584E+09  4.17476E+09  7.05514E+08  2.93101E+10  2.56266E+00  2.58923E+03   7.918   7.974
 0.520  3.35937E-01 -2.92363E-01  3.23692E-01 -1.29080E+01 -2.88389E+01  2.67806E+01   6.499  2.20749E+09  2.23669E+09  4.04369E+09  5.17798E+08  1.57691E+10  2.72628E+00  2.55493E+03   7.989   8.008
 0.530 -6.73163E-01  1.53598E-01  1.33082E+00 -1.14233E+01 -5.52241E+00 -2.62789E+01   9.817  2.03118E+09  1.94497E+09  4.75874E+09  6.88427E+08  2.62034E+10  1.14493E+00  2.52814E+03   8.040   8.019
 0.540  2.00744E-01  1.97906E-01 -1.31663E+00 -3.48462E-01 -1.22451E+01  1.68728E+01  10.636  3.08990E+09  2.92668E+09  4.94773E+09  7.09968E+08  2.85117E+10  1.87092E+00  2.61827E+03   8.010   8.025
 0.550 -7.00524E-01 -4.82800E-01 -3.22949E-01 -4.18240E+00 -8.19801E+00  5.79531E+01  12.545  3.45529E+09  3.19080E+09  5.24941E+09  7.89506E+08  3.41847E+10  1.38088E+00  2.68704E+03   7.991   8.027
 0.560 -1.96040E-01 -7.67264E-01  1.86037E+00  1.95665E+00  2.17955E+00  2.97492E+01  12.101  2.74055E+09  2.49721E+09  5.24138E+09  7.48462E+08  3.19318E+10  6.87860E-01  2.81976E+03   8.018   8.033
