  38
 0.190   1.889  2.91368E+07  3.53179E+07  2.87524E+07  3.54305E+02  0.00000E+00  0.00000E+00  0.00000E+00  2.91368E+07  3.53179E+07  2.87524E+07
 0.200   3.097  8.77360E+07  1.04071E+08  8.71333E+07  2.18215E+02  1.47829E+07  1.83987E+07  1.45646E+07  7.29531E+07  8.56727E+07  7.25687E+07
 0.210   3.335  1.16138E+08  1.42944E+08  1.15118E+08  3.10559E+02  5.49824E+07  6.83463E+07  5.44479E+07  6.11553E+07  7.45973E+07  6.06706E+07
 0.220   3.010  2.42466E+08  2.90593E+08  2.40454E+08  2.99458E+02  8.92774E+07  1.13514E+08  8.79431E+07  1.53189E+08  1.77079E+08  1.52511E+08
 0.230   3.503  4.69748E+08  5.62423E+08  4.67184E+08  2.32198E+02  9.67498E+07  1.22551E+08  9.55205E+07  3.72999E+08  4.39873E+08  3.71664E+08
 0.240   4.270  5.65948E+08  7.00722E+08  5.61740E+08  3.33047E+02  1.42279E+08  1.81076E+08  1.40443E+08  4.23669E+08  5.19646E+08  4.21298E+08
 0.250   4.499  7.44547E+08  9.30195E+08  7.38122E+08  4.00107E+02  1.84117E+08  2.37008E+08  1.81445E+08  5.60430E+08  6.93187E+08  5.56677E+08
 0.260   4.746  8.94618E+08  1.11771E+09  8.86065E+08  4.50010E+02  1.95535E+08  2.54521E+08  1.91936E+08  6.99083E+08  8.63192E+08  6.94129E+08
 0.270   5.786  1.02562E+09  1.29947E+09  1.01507E+09  5.10674E+02  2.03674E+08  2.66746E+08  1.99841E+08  8.21946E+08  1.03272E+09  8.15224E+08
 0.280   5.318  1.02596E+09  1.31907E+09  1.01316E+09  6.30869E+02  2.06517E+08  2.71869E+08  2.02271E+08  8.19440E+08  1.04721E+09  8.10886E+08
 0.290   3.871  1.21409E+09  1.54601E+09  1.19904E+09  6.41275E+02  2.24896E+08  2.96857E+08  2.19941E+08  9.89191E+08  1.24915E+09  9.79103E+08
 0.300   5.918  1.60550E+09  2.07630E+09  1.58223E+09  7.55377E+02  4.23412E+08  5.60260E+08  4.13137E+08  1.18209E+09  1.51604E+09  1.16909E+09
 0.310   5.888  1.73785E+09  2.25824E+09  1.71095E+09  8.32404E+02  4.38691E+08  5.84502E+08  4.27340E+08  1.29916E+09  1.67374E+09  1.28361E+09
 0.320   6.264  1.87882E+09  2.45476E+09  1.84787E+09  9.12114E+02  4.45471E+08  5.98096E+08  4.32784E+08  1.43334E+09  1.85667E+09  1.41509E+09
 0.330   7.176  2.04690E+09  2.69795E+09  2.00983E+09  1.02686E+03  5.11231E+08  6.89952E+08  4.95600E+08  1.53567E+09  2.00799E+09  1.51423E+09
 0.340   6.912  2.11064E+09  2.79798E+09  2.07008E+09  1.12160E+03  4.96964E+08  6.73241E+08  4.80784E+08  1.61368E+09  2.12474E+09  1.58929E+09
 0.350   7.850  2.23939E+09  2.98291E+09  2.19365E+09  1.21844E+03  5.24618E+08  7.13665E+08  5.06506E+08  1.71478E+09  2.26924E+09  1.68715E+09
 0.360   7.156  2.29031E+09  3.06091E+09  2.24111E+09  1.31360E+03  5.02468E+08  6.85549E+08  4.84081E+08  1.78784E+09  2.37536E+09  1.75703E+09
 0.370   7.941  2.54517E+09  3.40904E+09  2.48774E+09  1.39985E+03  6.06981E+08  8.30223E+08  5.84072E+08  1.93819E+09  2.57882E+09  1.90367E+09
 0.380   8.205  2.56843E+09  3.45213E+09  2.50868E+09  1.47887E+03  5.41840E+08  7.44045E+08  5.19814E+08  2.02659E+09  2.70808E+09  1.98887E+09
 0.390   9.119  2.68617E+09  3.63129E+09  2.61976E+09  1.59843E+03  6.09929E+08  8.35255E+08  5.85451E+08  2.07624E+09  2.79603E+09  2.03430E+09
 0.400   9.784  2.91195E+09  3.92844E+09  2.83883E+09  1.65202E+03  6.37114E+08  8.76975E+08  6.10028E+08  2.27483E+09  3.05146E+09  2.22880E+09
 0.410   9.234  2.98049E+09  4.03505E+09  2.90266E+09  1.74473E+03  6.23754E+08  8.60604E+08  5.95867E+08  2.35674E+09  3.17445E+09  2.30679E+09
 0.420  10.970  3.13459E+09  4.26087E+09  3.04926E+09  1.84326E+03  6.62695E+08  9.16708E+08  6.32089E+08  2.47189E+09  3.34416E+09  2.41717E+09
 0.430   9.117  3.10448E+09  4.23343E+09  3.01588E+09  1.95670E+03  6.04405E+08  8.38172E+08  5.74588E+08  2.50007E+09  3.39526E+09  2.44130E+09
 0.440   9.825  3.19623E+09  4.37852E+09  3.10065E+09  2.07918E+03  6.35608E+08  8.82842E+08  6.03490E+08  2.56062E+09  3.49568E+09  2.49716E+09
 0.450   9.495  3.23899E+09  4.45029E+09  3.13717E+09  2.20278E+03  6.31484E+08  8.79063E+08  5.97973E+08  2.60751E+09  3.57122E+09  2.53919E+09
 0.460  11.704  3.46854E+09  4.75662E+09  3.35674E+09  2.27333E+03  7.04354E+08  9.80707E+08  6.66847E+08  2.76419E+09  3.77591E+09  2.68990E+09
 0.470  11.242  3.57892E+09  4.91541E+09  3.46103E+09  2.34345E+03  6.85581E+08  9.56720E+08  6.47246E+08  2.89334E+09  3.95869E+09  2.81379E+09
 0.480  11.808  3.73902E+09  5.14388E+09  3.61153E+09  2.43887E+03  7.34605E+08  1.02602E+09  6.92922E+08  3.00442E+09  4.11786E+09  2.91861E+09
 0.490  12.368  3.82224E+09  5.26339E+09  3.68714E+09  2.53801E+03  7.31713E+08  1.02256E+09  6.88524E+08  3.09053E+09  4.24083E+09  2.99861E+09
 0.500  11.608  3.87746E+09  5.35264E+09  3.73618E+09  2.63324E+03  7.07539E+08  9.90204E+08  6.64274E+08  3.16993E+09  4.36244E+09  3.07191E+09
 0.510  10.784  4.17476E+09  5.71650E+09  4.02622E+09  2.58923E+03  7.05514E+08  9.88610E+08  6.60850E+08  3.46925E+09  4.72789E+09  3.36537E+09
 0.520   6.499  4.04369E+09  5.51202E+09  3.90173E+09  2.55493E+03  5.17798E+08  7.24588E+08  4.81624E+08  3.52589E+09  4.78743E+09  3.42010E+09
 0.530   9.817  4.75874E+09  6.48320E+09  4.59618E+09  2.52814E+03  6.88427E+08  9.63563E+08  6.42853E+08  4.07031E+09  5.51964E+09  3.95333E+09
 0.540  10.636  4.94773E+09  6.76486E+09  4.77401E+09  2.61827E+03  7.09968E+08  9.94452E+08  6.61741E+08  4.23776E+09  5.77040E+09  4.11227E+09
 0.550  12.545  5.24941E+09  7.19536E+09  5.06179E+09  2.68704E+03  7.89506E+08  1.10706E+09  7.36469E+08  4.45991E+09  6.08830E+09  4.32532E+09
 0.560  12.101  5.24138E+09  7.22376E+09  5.04688E+09  2.81976E+03  7.48462E+08  1.05124E+09  6.95882E+08  4.49292E+09  6.17252E+09  4.35099E+09
