  41
 0.100   0.863   0.500  1.86752E-02  2.18227E-02  2.33802E-02
 0.110   1.000   0.561  3.58178E-03  4.05534E-03  6.06355E-03
 0.120   1.053   0.748  6.87451E-02  7.69107E-02  4.38546E-02
 0.130   1.000   0.735  2.54084E-02  3.07228E-02  1.69554E-02
 0.140   1.626   1.007  1.09171E-02  1.24234E-02  1.78596E-02
 0.150   2.165   1.652  4.35492E-03  5.35285E-03  5.02487E-03
 0.160   2.343   1.199  2.14821E-01  2.66079E-01  1.36272E-01
 0.170   2.560   1.826  1.78588E-01  2.15632E-01  1.28345E-01
 0.180   2.830   1.932  6.56394E-02  8.58166E-02  4.31310E-02
 0.190   3.060   1.444  3.68139E-01  4.19745E-01  2.93685E-01
 0.200   3.400   1.416  3.63858E-01  3.72491E-01  3.84948E-01
 0.210   3.480   1.389  1.13896E+00  1.09984E+00  1.16309E+00
 0.220   3.553   1.845  1.16321E+00  1.20407E+00  1.16618E+00
 0.230   4.633   2.342  1.55681E+00  1.50371E+00  1.56637E+00
 0.240   4.810   2.719  2.16939E+00  2.21653E+00  1.99105E+00
 0.250   4.349   1.487  2.00516E+00  2.24201E+00  1.75362E+00
 0.260   4.453   1.530  3.46912E+00  3.02883E+00  4.19172E+00
 0.270   5.005   1.327  4.83574E+00  4.78161E+00  4.73954E+00
 0.280   5.311   1.646  2.39949E+00  2.40156E+00  2.58439E+00
 0.290   4.916   1.871  2.57442E+00  2.49210E+00  2.55978E+00
 0.300   6.091   2.511  4.33143E+00  4.49401E+00  3.97138E+00
 0.310   5.939   1.899  3.37956E+00  3.46522E+00  3.43456E+00
 0.320   6.020   1.536  4.29655E+00  4.57308E+00  3.71510E+00
 0.330   6.278   1.543  2.89962E+00  2.56655E+00  3.63479E+00
 0.340   5.919   2.185  5.37974E+00  4.54898E+00  5.58103E+00
 0.350   4.930   1.025  3.07417E+00  3.24094E+00  2.75030E+00
 0.360   4.140   0.807  3.83481E+00  3.92999E+00  3.65696E+00
 0.370   5.907   1.565  1.97464E+00  1.77382E+00  2.70149E+00
 0.380   6.239   1.490  2.44865E+00  2.22787E+00  2.87642E+00
 0.390   5.497   1.597  1.78412E+00  1.79033E+00  1.78332E+00
 0.400   5.596   1.573  2.18928E+00  2.17236E+00  2.12406E+00
 0.410   6.706   1.618  1.30926E+00  1.27643E+00  1.53542E+00
 0.420  12.070   4.675  2.00568E+00  1.95548E+00  1.78167E+00
 0.430   9.102   2.507  2.32199E+00  2.22625E+00  2.24905E+00
 0.440   7.795   1.590  2.60581E+00  2.40178E+00  2.73271E+00
 0.450   4.618   1.275  5.77098E+00  6.27984E+00  4.82082E+00
 0.460   6.234   1.371  3.88450E+00  4.06793E+00  3.29786E+00
 0.470   5.760   2.067  2.92655E+00  2.89587E+00  3.18863E+00
 0.480   4.017   1.064  5.69600E+00  5.49638E+00  5.83670E+00
 0.490   2.878   0.953  1.03016E+00  1.03721E+00  1.08007E+00
 0.500   4.752   1.518  9.76525E-01  9.64852E-01  1.08284E+00
