  41
 0.100  1.11929E-01 -2.48146E-01 -1.59279E-01 -1.34608E+01 -1.20451E+01 -1.81261E+01 -8.57190E-02  7.29144E-01 -6.78971E-01  1.65176E+01   0.863   0.500  3.53469E+07  3.58114E+07  4.48111E+06  0.00000E+00  4.55598E+07  1.86752E-02  1.31088E+02   7.796   7.597
 0.110 -2.75327E-02 -3.44813E-03  1.08651E-02 -4.06301E+00  5.84220E+01  2.71378E+01 -9.60968E-01 -1.63013E-01  2.23532E-01  1.72550E+01   1.000   0.561  2.99081E+07  2.89553E+07  3.80008E+06  5.64533E+05  5.42062E+07  3.58178E-03  1.96301E+02   7.636   7.637
 0.120 -3.27859E-02 -2.71532E-02  1.96465E-02 -3.78163E-01 -1.88281E+00  6.00143E+00 -9.59603E-01  6.22255E-02 -2.74389E-01  3.32537E+00   1.053   0.748  3.54159E+07  3.59951E+07  8.31202E+06  7.08461E+05  7.30785E+07  6.87451E-02  1.71837E+02   8.110   7.729
 0.130  1.10567E-02 -1.47252E-01 -1.53349E-01  1.75345E+01 -1.46884E+00 -1.05538E+01 -1.55444E-01  7.56499E-01  6.35252E-01  1.30839E+00   1.000   0.735  7.62877E+07  7.48298E+07  4.68119E+06  5.01209E+05  3.64977E+07  2.54084E-02  1.99585E+02   7.799   7.814
 0.140 -5.73039E-02 -1.20634E-01  1.26820E-01  6.85154E+00 -3.24263E+01 -2.03220E+01  6.43242E-01  6.44714E-01 -4.13018E-01  3.58689E+01   1.626   1.007  1.01397E+08  9.50184E+07  1.21141E+07  2.58780E+06  1.66692E+08  1.09171E-02  3.08854E+02   7.814   7.715
 0.150 -1.62752E-04 -3.68871E-01 -2.20560E-01 -1.94102E+01  1.95715E+01 -6.97943E+00  5.38019E-01  2.84471E-01  7.93481E-01  4.72838E+01   2.165   1.652  1.45016E+08  1.33516E+08  1.04613E+07  2.18077E+06  1.72096E+08  4.35492E-03  3.55212E+02   7.682   7.771
 0.160 -5.15313E-01 -1.89039E-01 -4.44039E-01  2.76004E+01 -3.65014E+01 -1.60143E+01 -4.67730E-01 -4.10396E-01  7.82818E-01  8.17816E+01   2.343   1.199  3.04980E+08  2.96934E+08  2.65547E+07  4.29288E+06  2.75687E+08  2.14821E-01  2.50332E+02   7.879   7.740
 0.170 -3.90006E-01  2.62033E-01  1.19935E-01 -1.90557E+00 -1.04180E+01 -3.98450E+00 -1.86711E-02 -2.35299E-01  9.71744E-01  4.62620E+01   2.560   1.826  3.83831E+08  3.65288E+08  3.60817E+07  4.73594E+06  2.96055E+08  1.78588E-01  2.99534E+02   8.002   7.845
 0.180  1.08273E-01  1.57421E-01 -8.97553E-02  1.07994E+01  2.97543E+01  1.96693E+01  8.15257E-01 -5.66437E-01  1.20441E-01  2.33416E+01   2.830   1.932  5.90102E+08  5.61842E+08  2.05006E+07  2.62538E+06  2.52075E+08  6.56394E-02  3.50551E+02   7.942   7.886
 0.190 -1.89664E-01  6.78598E-02 -1.02891E-01 -7.36011E-01 -2.69360E+01 -8.44950E+00 -7.14762E-01 -6.69405E-01  2.02516E-01  4.55590E+01   3.060   1.444  5.39482E+08  5.28423E+08  6.14764E+07  1.07163E+07  4.17354E+08  3.68139E-01  2.90765E+02   8.211   7.934
 0.200 -4.79779E-02  5.18604E-02 -2.05403E-01  1.34934E+00 -1.86591E+01 -1.79048E+00 -7.44743E-01 -6.06077E-01 -2.79335E-01  8.74476E+01   3.400   1.416  7.49535E+08  7.41324E+08  1.14865E+08  1.89438E+07  4.09705E+08  3.63858E-01  2.52173E+02   8.199   7.979
 0.210 -1.77452E-01  2.61777E-01 -1.77834E-01  8.87468E+00 -1.11328E+01 -2.26176E+01 -7.49550E-01 -5.44602E-01 -3.76275E-01  1.14416E+02   3.480   1.389  6.87004E+08  7.49023E+08  2.35894E+08  3.01083E+07  4.74553E+08  1.13896E+00  2.16068E+02   8.263   8.007
 0.220 -4.23112E-01  3.22743E-02  1.34299E-01 -1.52370E+01  5.68591E+00 -2.08430E+01 -6.75180E-01 -6.11853E-01 -4.12030E-01  2.04107E+02   3.553   1.845  9.12291E+08  9.61626E+08  3.49480E+08  5.14821E+07  6.34345E+08  1.16321E+00  2.56951E+02   8.132   8.072
 0.230 -3.76505E-01  3.52602E-01 -6.11316E-02 -1.17920E+01 -3.98487E+00  3.96094E-01 -5.82654E-01 -5.37492E-01 -6.09603E-01  2.03057E+02   4.633   2.342  1.22734E+09  1.25819E+09  5.30048E+08  8.16042E+07  1.00398E+09  1.55681E+00  2.86165E+02   8.190   8.087
 0.240  7.71229E-02 -2.18048E-01 -2.85440E-01 -1.84738E+01  7.05005E-01  7.68635E+00 -4.91284E-01 -6.73658E-01 -5.52110E-01  1.37298E+02   4.810   2.719  1.33234E+09  1.39343E+09  6.40119E+08  6.38960E+07  1.00207E+09  2.16939E+00  3.26307E+02   8.292   8.269
 0.250  3.12708E-02 -1.00644E-01  1.90812E-01 -4.42105E+01  2.08516E+01  2.27966E+01 -3.60673E-01 -8.27970E-01 -4.29395E-01  1.67399E+02   4.349   1.487  1.67410E+09  1.75825E+09  5.72216E+08  4.26321E+07  7.89897E+08  2.00516E+00  3.63625E+02   8.244   8.375
 0.260 -7.48610E-02 -8.96779E-02  9.62584E-02 -2.05464E-01 -5.08079E+00  4.43791E+00 -2.70922E-01 -7.45595E-01 -6.08843E-01  1.21370E+02   4.453   1.530  1.15320E+09  1.44300E+09  1.18248E+09  6.19370E+07  8.66716E+08  3.46912E+00  3.29432E+02   8.468   8.439
 0.270 -1.54539E-01  2.70309E-01  1.17627E-02 -3.27311E+01  6.12895E-01  1.62069E+01 -3.56519E-01 -8.01424E-01 -4.80222E-01  3.39846E+02   5.005   1.327  1.62414E+09  1.95792E+09  1.90416E+09  1.20120E+08  1.06168E+09  4.83574E+00  3.68546E+02   8.362   8.566
 0.280 -7.54528E-01  4.54385E-01  1.73596E-01 -1.51696E+01  1.42632E+01 -1.33002E+01 -2.86004E-01 -7.70755E-01 -5.69331E-01  3.48642E+02   5.311   1.646  1.29141E+09  1.44237E+09  2.24199E+09  1.71683E+08  1.13376E+09  2.39949E+00  4.35947E+02   8.380   8.570
 0.290 -1.01964E-02  6.60984E-02  1.31532E-01 -2.13259E+01 -2.34534E+01  8.66061E+00 -2.14342E-02 -8.23329E-01 -5.67159E-01  3.28373E+02   4.916   1.871  1.39287E+09  1.53490E+09  1.89320E+09  1.25959E+08  9.93170E+08  2.57442E+00  5.17748E+02   8.378   8.561
 0.300 -1.08683E+00 -3.25137E-02  8.02542E-01 -7.67060E+00  1.47341E+01 -1.14371E+01 -1.08048E-01 -8.66041E-01 -4.88158E-01  3.65014E+02   6.091   2.511  1.84505E+09  2.04719E+09  2.62633E+09  2.36671E+08  1.39714E+09  4.33143E+00  5.69952E+02   8.378   8.539
 0.310  8.85453E-02  1.15848E-02  1.47505E-01  5.58026E+00 -3.79409E+00 -1.30578E+00 -2.53417E-01 -8.25010E-01 -5.05111E-01  3.11819E+02   5.939   1.899  1.51375E+09  1.71728E+09  3.19946E+09  2.32370E+08  1.36122E+09  3.37956E+00  6.59077E+02   8.422   8.549
 0.320  1.64179E-01 -1.87723E-02  9.98442E-02  2.28130E+01 -3.89118E+00  2.23308E+01 -2.23204E-01 -8.74245E-01 -4.31134E-01  4.04222E+02   6.020   1.536  2.12975E+09  2.33947E+09  3.21595E+09  2.13506E+08  1.27002E+09  4.29655E+00  7.25859E+02   8.380   8.562
 0.330 -2.53689E-01  1.34301E-01 -9.84529E-02  1.28463E+01  8.66917E-01 -1.23734E+01 -1.87686E-01 -8.54295E-01 -4.84720E-01  3.56033E+02   6.278   1.543  1.30448E+09  1.53205E+09  3.65325E+09  2.35186E+08  1.35499E+09  2.89962E+00  7.67354E+02   8.493   8.560
 0.340  3.22916E-02  5.41905E-01 -7.24261E-01  1.52822E+01 -5.53952E+00  4.73031E+00 -2.40379E-01 -8.34937E-01 -4.95074E-01  3.51490E+02   5.919   2.185  1.41944E+09  1.78345E+09  4.34376E+09  3.24045E+08  1.55053E+09  5.37974E+00  8.04228E+02   8.500   8.541
 0.350 -4.97098E-01 -1.11662E-01  5.41843E-01  3.30776E+00  1.24800E+01 -1.68746E+01 -2.38671E-01 -8.56826E-01 -4.57039E-01  3.63889E+02   4.930   1.025  1.20443E+09  1.39587E+09  3.81426E+09  1.86357E+08  9.96745E+08  3.07417E+00  8.85801E+02   8.501   8.568
 0.360 -1.30285E-01  1.57635E-01 -2.09027E-01  1.08990E+01 -2.47913E+00 -2.57013E+00 -2.66459E-01 -8.81244E-01 -3.90395E-01  3.42154E+02   4.140   0.807  1.19100E+09  1.47317E+09  3.67997E+09  1.31435E+08  7.68031E+08  3.83481E+00  9.24894E+02   8.516   8.576
 0.370  4.72401E-03  2.62788E-01 -5.82832E-01  2.26324E+01 -1.75590E+01 -3.49960E+00 -3.46446E-01 -9.06968E-01 -2.39553E-01  4.16601E+02   5.907   1.565  1.22286E+09  1.37589E+09  4.65681E+09  3.51303E+08  1.41460E+09  1.97464E+00  9.83523E+02   8.488   8.530
 0.380 -2.49597E-01  4.22009E-01 -3.45058E-01  6.64860E+00  1.45614E+01 -2.99059E+01 -3.82629E-01 -8.82138E-01 -2.74640E-01  4.34926E+02   6.239   1.490  1.14824E+09  1.32791E+09  5.02214E+09  3.84581E+08  1.50663E+09  2.44865E+00  1.07181E+03   8.492   8.530
 0.390 -3.47345E-01  4.19740E-01  2.24930E-02  1.44012E+01 -3.43362E+00 -1.60217E+01 -4.33759E-01 -8.59411E-01 -2.70676E-01  4.65675E+02   5.497   1.597  1.18748E+09  1.27325E+09  5.11918E+09  3.71435E+08  1.38167E+09  1.78412E+00  1.18754E+03   8.483   8.533
 0.400 -6.01639E-01  3.63422E-01 -4.00648E-01 -6.07572E+00 -4.87890E+00 -6.42716E+00 -4.46593E-01 -8.87092E-01 -1.16712E-01  4.81706E+02   5.596   1.573  1.17414E+09  1.28949E+09  5.08810E+09  3.73304E+08  1.42931E+09  2.18928E+00  1.28358E+03   8.480   8.531
 0.410  9.80082E-03 -9.15176E-02 -8.17942E-02  1.44528E+01 -1.53072E+01  3.14919E+01 -3.38213E-01 -9.32987E-01 -1.23074E-01  5.37172E+02   6.706   1.618  1.24001E+09  1.29406E+09  5.06337E+09  4.04541E+08  1.60457E+09  1.30926E+00  1.38040E+03   8.456   8.528
 0.420  2.88612E+00  2.35781E-01  2.41787E-01  2.88593E+00  1.67257E+01  5.32115E+01 -6.51056E-02 -9.97854E-01 -6.91454E-03  1.00149E+03  12.070   4.675  3.16796E+09  3.00051E+09  4.67351E+09  5.15735E+08  4.09040E+09  2.00568E+00  1.48737E+03   8.236   8.506
 0.430 -7.65892E-01  2.46815E-01 -6.39900E-01  3.76679E+01 -2.14087E+01  1.14516E+01 -1.97105E-01 -9.31463E-01 -3.05820E-01  5.61665E+02   9.102   2.507  1.89483E+09  1.94093E+09  5.75045E+09  5.57781E+08  2.43994E+09  2.32199E+00  1.58568E+03   8.326   8.506
 0.440 -7.13792E-01  1.16245E-01 -4.59130E-02  2.76042E+01  1.07643E+01 -2.57468E+01 -1.66349E-01 -9.28315E-01 -3.32505E-01  4.93075E+02   7.795   1.590  1.55996E+09  1.71308E+09  5.65810E+09  4.40361E+08  1.75646E+09  2.60581E+00  1.66161E+03   8.381   8.516
 0.450  5.40814E-02  1.48243E-01  2.44040E-02 -2.75134E+01  3.15085E+00 -1.82041E+01 -2.06131E-01 -9.50295E-01 -2.33345E-01  3.46928E+02   4.618   1.275  1.37172E+09  1.74100E+09  5.49513E+09  2.52035E+08  1.21665E+09  5.77098E+00  1.66109E+03   8.472   8.537
 0.460 -2.01072E-01 -6.76591E-02 -3.67697E-01 -1.12459E+01 -2.62095E+01  2.06145E+01 -5.36050E-02 -9.91012E-01 -1.22564E-01  4.37591E+02   6.234   1.371  1.47527E+09  1.68598E+09  4.91583E+09  3.03100E+08  1.47695E+09  3.88450E+00  1.72371E+03   8.497   8.543
 0.470 -3.17850E-01  1.69674E-01 -4.51871E-01  5.15519E+01 -7.26113E+00 -3.27040E+00 -2.31211E-01 -9.72901E-01  2.15349E-03  4.38258E+02   5.760   2.067  1.59847E+09  1.77114E+09  4.71149E+09  5.26623E+08  1.85207E+09  2.92655E+00  1.82113E+03   8.499   8.530
 0.480  2.52381E-02  6.65599E-02 -1.85521E-02 -3.89841E+00 -4.08307E-01 -1.08367E+01 -2.11734E-02 -9.65984E-01  2.57735E-01  3.79562E+02   4.017   1.064  1.18207E+09  1.64629E+09  4.62345E+09  4.54250E+08  1.13168E+09  5.69600E+00  1.75694E+03   8.604   8.577
 0.490  8.42682E-02 -1.74568E-01 -2.11061E-02  5.17937E+01 -8.98529E+01  3.02336E+02 -9.01574E-02 -9.46472E-01  3.09938E-01  2.38788E+02   2.878   0.953  7.20528E+08  7.86148E+08  1.74398E+09  3.58726E+08  9.66815E+08  1.03016E+00  1.95254E+03   8.744   8.544
 0.500 -2.54451E-01  1.09552E-01  2.08309E-02 -1.85249E+01  2.65624E+00 -1.10765E+01  2.33311E-01 -7.36678E-01  6.34722E-01  3.44997E+02   4.752   1.518  6.99560E+08  7.49274E+08  2.59708E+09  6.31030E+08  1.60291E+09  9.76525E-01  2.17136E+03   8.706   8.589
