  41
 0.100  1.11929E-01 -2.48146E-01 -1.59279E-01 -1.34608E+01 -1.20451E+01 -1.81261E+01   0.863  3.36281E+07  4.82719E+07  3.72805E+07  0.00000E+00  5.06478E+08  1.56559E-01  1.40389E+02   7.804   7.601
 0.110 -2.75327E-02 -3.44813E-03  1.08651E-02 -4.06301E+00  5.84220E+01  2.71378E+01   1.000  3.10669E+07  3.60785E+07  4.58291E+07  8.23479E+06  8.28140E+08  5.60464E-02  2.11124E+02   7.645   7.594
 0.120 -3.27859E-02 -2.71532E-02  1.96465E-02 -3.78163E-01 -1.88281E+00  6.00143E+00   1.053  3.65641E+07  6.06025E+07  7.31430E+07  1.02629E+07  8.92988E+08  4.47024E-01  2.03261E+02   8.097   7.679
 0.130  1.10567E-02 -1.47252E-01 -1.53349E-01  1.75345E+01 -1.46884E+00 -1.05538E+01   1.000  8.38494E+07  9.95211E+07  8.81790E+07  1.16436E+07  8.45932E+08  2.59941E-01  2.42459E+02   7.806   7.722
 0.140 -5.73039E-02 -1.20634E-01  1.26820E-01  6.85154E+00 -3.24263E+01 -2.03220E+01   1.626  1.01104E+08  1.33944E+08  1.40082E+08  2.32228E+07  1.61455E+09  3.98808E-01  2.66632E+02   7.815   7.736
 0.150 -1.62752E-04 -3.68871E-01 -2.20560E-01 -1.94102E+01  1.95715E+01 -6.97943E+00   2.165  1.20006E+08  1.22327E+08  1.65283E+08  4.02781E+07  2.57621E+09  1.55681E-01  3.50878E+02   7.724   7.736
 0.160 -5.15313E-01 -1.89039E-01 -4.44039E-01  2.76004E+01 -3.65014E+01 -1.60143E+01   2.343  3.24861E+08  3.78551E+08  2.47355E+08  4.63380E+07  3.07420E+09  1.11179E+00  3.24624E+02   7.872   7.778
 0.170 -3.90006E-01  2.62033E-01  1.19935E-01 -1.90557E+00 -1.04180E+01 -3.98450E+00   2.560  3.97517E+08  4.65839E+08  3.59987E+08  6.69674E+07  3.61826E+09  1.47563E+00  3.17570E+02   8.005   7.848
 0.180  1.08273E-01  1.57421E-01 -8.97553E-02  1.07994E+01  2.97543E+01  1.96693E+01   2.830  5.79936E+08  6.44958E+08  4.91323E+08  9.27684E+07  4.22392E+09  1.12612E+00  3.38006E+02   7.948   7.947
 0.190 -1.89664E-01  6.78598E-02 -1.02891E-01 -7.36011E-01 -2.69360E+01 -8.44950E+00   3.060  5.89100E+08  8.35697E+08  8.24706E+08  1.21811E+08  5.06179E+09  3.29766E+00  3.00596E+02   8.201   8.050
 0.200 -4.79779E-02  5.18604E-02 -2.05403E-01  1.34934E+00 -1.86591E+01 -1.79048E+00   3.400  8.36948E+08  1.00453E+09  1.12499E+09  1.75186E+08  5.94696E+09  2.66789E+00  3.31261E+02   8.175   8.200
 0.210 -1.77452E-01  2.61777E-01 -1.77834E-01  8.87468E+00 -1.11328E+01 -2.26176E+01   3.480  7.99884E+08  1.03123E+09  1.46375E+09  2.00798E+08  6.23071E+09  2.84358E+00  3.60181E+02   8.230   8.314
 0.220 -4.23112E-01  3.22743E-02  1.34299E-01 -1.52370E+01  5.68591E+00 -2.08430E+01   3.553  9.76295E+08  1.12062E+09  1.71772E+09  2.31682E+08  7.54646E+09  2.06405E+00  4.26412E+02   8.121   8.358
 0.230 -3.76505E-01  3.52602E-01 -6.11316E-02 -1.17920E+01 -3.98487E+00  3.96094E-01   4.633  1.36076E+09  1.53127E+09  2.17264E+09  3.56471E+08  1.14779E+10  3.52582E+00  4.75650E+02   8.178   8.339
 0.240  7.71229E-02 -2.18048E-01 -2.85440E-01 -1.84738E+01  7.05005E-01  7.68635E+00   4.810  1.38751E+09  1.76219E+09  2.76956E+09  4.04659E+08  1.24073E+10  5.49685E+00  4.90973E+02   8.281   8.351
 0.250  3.12708E-02 -1.00644E-01  1.90812E-01 -4.42105E+01  2.08516E+01  2.27966E+01   4.349  1.89630E+09  2.24743E+09  3.21099E+09  3.94514E+08  1.06799E+10  5.34013E+00  5.29692E+02   8.228   8.394
 0.260 -7.48610E-02 -8.96779E-02  9.62584E-02 -2.05464E-01 -5.08079E+00  4.43791E+00   4.453  1.37024E+09  2.00895E+09  4.22193E+09  4.40172E+08  1.15475E+10  7.42281E+00  5.20633E+02   8.431   8.429
 0.270 -1.54539E-01  2.70309E-01  1.17627E-02 -3.27311E+01  6.12895E-01  1.62069E+01   5.005  1.92318E+09  2.29194E+09  5.05332E+09  5.93028E+08  1.44134E+10  5.59271E+00  5.78379E+02   8.330   8.467
 0.280 -7.54528E-01  4.54385E-01  1.73596E-01 -1.51696E+01  1.42632E+01 -1.33002E+01   5.311  1.49260E+09  1.62433E+09  5.42779E+09  6.81190E+08  1.54491E+10  2.62142E+00  6.69789E+02   8.360   8.483
 0.290 -1.01964E-02  6.60984E-02  1.31532E-01 -2.13259E+01 -2.34534E+01  8.66061E+00   4.916  1.57003E+09  1.73348E+09  5.60699E+09  6.15233E+08  1.39136E+10  3.01835E+00  7.63491E+02   8.360   8.496
 0.300 -1.08683E+00 -3.25137E-02  8.02542E-01 -7.67060E+00  1.47341E+01 -1.14371E+01   6.091  2.08738E+09  2.30268E+09  6.36886E+09  8.33272E+08  1.77341E+10  4.98675E+00  8.29231E+02   8.350   8.482
 0.310  8.85453E-02  1.15848E-02  1.47505E-01  5.58026E+00 -3.79409E+00 -1.30578E+00   5.939  1.66490E+09  1.87064E+09  6.74155E+09  8.14331E+08  1.76008E+10  3.87587E+00  9.11796E+02   8.412   8.487
 0.320  1.64179E-01 -1.87723E-02  9.98442E-02  2.28130E+01 -3.89118E+00  2.23308E+01   6.020  2.54800E+09  2.75216E+09  7.23672E+09  8.49238E+08  1.76793E+10  5.26074E+00  9.85260E+02   8.361   8.491
 0.330 -2.53689E-01  1.34301E-01 -9.84529E-02  1.28463E+01  8.66917E-01 -1.23734E+01   6.278  1.53286E+09  1.72724E+09  7.76570E+09  8.88733E+08  1.87877E+10  3.09062E+00  1.05969E+03   8.484   8.499
 0.340  3.22916E-02  5.41905E-01 -7.24261E-01  1.52822E+01 -5.53952E+00  4.73031E+00   5.919  1.61475E+09  1.96980E+09  8.35524E+09  9.24450E+08  1.82369E+10  5.72204E+00  1.12271E+03   8.493   8.504
 0.350 -4.97098E-01 -1.11662E-01  5.41843E-01  3.30776E+00  1.24800E+01 -1.68746E+01   4.930  1.42494E+09  1.58585E+09  8.24931E+09  7.34459E+08  1.49170E+10  3.30684E+00  1.23018E+03   8.487   8.521
 0.360 -1.30285E-01  1.57635E-01 -2.09027E-01  1.08990E+01 -2.47913E+00 -2.57013E+00   4.140  1.41257E+09  1.68878E+09  8.22996E+09  5.93590E+08  1.22973E+10  4.09878E+00  1.31730E+03   8.502   8.537
 0.370  4.72401E-03  2.62788E-01 -5.82832E-01  2.26324E+01 -1.75590E+01 -3.49960E+00   5.907  1.42215E+09  1.55147E+09  9.49328E+09  9.58795E+08  1.82726E+10  2.16640E+00  1.39237E+03   8.480   8.517
 0.380 -2.49597E-01  4.22009E-01 -3.45058E-01  6.64860E+00  1.45614E+01 -2.99059E+01   6.239  1.35614E+09  1.50315E+09  9.91197E+09  1.02456E+09  1.96387E+10  2.55868E+00  1.49774E+03   8.476   8.515
 0.390 -3.47345E-01  4.19740E-01  2.24930E-02  1.44012E+01 -3.43362E+00 -1.60217E+01   5.497  1.37029E+09  1.42923E+09  9.82458E+09  9.01471E+08  1.71061E+10  1.85889E+00  1.62025E+03   8.459   8.523
 0.400 -6.01639E-01  3.63422E-01 -4.00648E-01 -6.07572E+00 -4.87890E+00 -6.42716E+00   5.596  1.33424E+09  1.43298E+09  1.01183E+10  9.25149E+08  1.76943E+10  2.37337E+00  1.73256E+03   8.466   8.523
 0.410  9.80082E-03 -9.15176E-02 -8.17942E-02  1.44528E+01 -1.53072E+01  3.14919E+01   6.706  1.44390E+09  1.46937E+09  1.06238E+10  1.11297E+09  2.14993E+10  1.48381E+00  1.85028E+03   8.444   8.516
 0.420  2.88612E+00  2.35781E-01  2.41787E-01  2.88593E+00  1.67257E+01  5.32115E+01  12.070  3.43135E+09  3.24024E+09  1.21097E+10  2.29799E+09  5.40228E+10  2.47488E+00  2.01671E+03   8.228   8.483
 0.430 -7.65892E-01  2.46815E-01 -6.39900E-01  3.76679E+01 -2.14087E+01  1.14516E+01   9.102  2.24182E+09  2.21282E+09  1.14137E+10  1.40472E+09  3.05837E+10  2.55298E+00  2.09008E+03   8.309   8.504
 0.440 -7.13792E-01  1.16245E-01 -4.59130E-02  2.76042E+01  1.07643E+01 -2.57468E+01   7.795  1.89348E+09  1.98060E+09  1.15464E+10  1.27436E+09  2.59287E+10  2.72584E+00  2.17970E+03   8.360   8.508
 0.450  5.40814E-02  1.48243E-01  2.44040E-02 -2.75134E+01  3.15085E+00 -1.82041E+01   4.618  1.56537E+09  1.97819E+09  1.11681E+10  9.96153E+08  1.68881E+10  6.65526E+00  2.24157E+03   8.456   8.526
 0.460 -2.01072E-01 -6.76591E-02 -3.67697E-01 -1.12459E+01 -2.62095E+01  2.06145E+01   6.234  1.78034E+09  2.00630E+09  1.44588E+10  3.52396E+09  2.52887E+10  4.62523E+00  2.37608E+03   8.468   8.520
 0.470 -3.17850E-01  1.69674E-01 -4.51871E-01  5.15519E+01 -7.26113E+00 -3.27040E+00   5.760  1.79585E+09  2.02791E+09  1.45356E+10  3.38429E+09  2.45987E+10  4.07165E+00  2.46415E+03   8.490   8.529
 0.480  2.52381E-02  6.65599E-02 -1.85521E-02 -3.89841E+00 -4.08307E-01 -1.08367E+01   4.017  1.38960E+09  1.85948E+09  1.37184E+10  2.82900E+09  1.54183E+10  6.05982E+00  2.50992E+03   8.586   8.555
 0.490  8.42682E-02 -1.74568E-01 -2.11061E-02  5.17937E+01 -8.98529E+01  3.02336E+02   2.878  8.39967E+08  1.33608E+09  1.94807E+10  8.75049E+09  1.55647E+10  5.14149E+00  2.30791E+03   8.728   8.593
 0.500 -2.54451E-01  1.09552E-01  2.08309E-02 -1.85249E+01  2.65624E+00 -1.10765E+01   4.752  7.58682E+08  9.86861E+08  2.08132E+10  8.70388E+09  2.19455E+10  2.76791E+00  2.42162E+03   8.693   8.593
