  41
 0.100          941  0.18762E-01  0.67373E-02 -0.69932E-02  0.21319E+02  0.49236E+02  0.13552E+01 -0.85719E-01  0.72914E+00 -0.67897E+00   0.863   0.500
 0.110         7002  0.22499E-02  0.10500E-01  0.41249E-02  0.23244E+02  0.29010E+01 -0.11368E+02 -0.96097E+00 -0.16301E+00  0.22353E+00   1.000   0.561
 0.120        64723  0.40881E-02 -0.71542E-02  0.20440E-03  0.16619E+02  0.22297E+02 -0.14393E+01 -0.95960E+00  0.62225E-01 -0.27439E+00   1.053   0.748
 0.130        71535  0.46496E-02 -0.99634E-03  0.33211E-02 -0.36242E+02  0.26552E+02  0.16725E+02 -0.15544E+00  0.75650E+00  0.63525E+00   1.000   0.735
 0.140        25091 -0.85884E-02  0.62027E-02  0.21471E-02 -0.21806E+02 -0.52378E+01 -0.22881E+01  0.64324E+00  0.64471E+00 -0.41302E+00   1.626   1.007
 0.150        24205  0.00000E+00  0.10226E-02  0.66468E-02 -0.24394E+02  0.24460E+01  0.27385E+02  0.53802E+00  0.28447E+00  0.79348E+00   2.165   1.652
 0.160        25141  0.24553E-02  0.49107E-02 -0.10913E-02 -0.49669E+02 -0.78664E+02 -0.21901E+02 -0.46773E+00 -0.41040E+00  0.78282E+00   2.343   1.199
 0.170        97166  0.00000E+00 -0.47808E-02  0.43461E-02  0.59407E+02 -0.18951E+03 -0.54769E+02 -0.18671E-01 -0.23530E+00  0.97174E+00   2.560   1.826
 0.180       157905 -0.12274E-02 -0.49097E-02  0.61371E-03 -0.18937E+02  0.12559E+02 -0.76155E+01  0.81526E+00 -0.56644E+00  0.12044E+00   2.830   1.932
 0.190       150452  0.45356E-02 -0.38877E-02  0.00000E+00  0.84721E+01  0.29145E+01 -0.96456E+01 -0.71476E+00 -0.66940E+00  0.20252E+00   3.060   1.444
 0.200       271594  0.68161E-03 -0.68161E-03  0.00000E+00 -0.26011E+02 -0.15089E+02 -0.14554E+02 -0.74474E+00 -0.60608E+00 -0.27933E+00   3.400   1.416
 0.210       246040 -0.71526E-03  0.17882E-03 -0.14305E-02  0.16324E+03 -0.14616E+03 -0.22276E+02 -0.74955E+00 -0.54460E+00 -0.37628E+00   3.480   1.389
 0.220       162190 -0.74961E-03 -0.20614E-02 -0.18740E-02  0.13688E+02 -0.44798E+02  0.16387E+03 -0.67518E+00 -0.61185E+00 -0.41203E+00   3.553   1.845
 0.230       271518 -0.39193E-03 -0.13718E-02  0.78386E-03 -0.11686E+03 -0.15082E+03 -0.55395E+01 -0.58265E+00 -0.53749E+00 -0.60960E+00   4.633   2.342
 0.240       149006 -0.81785E-03 -0.81785E-03  0.81785E-03  0.84318E+02 -0.72144E+02 -0.79427E+02 -0.49128E+00 -0.67366E+00 -0.55211E+00   4.810   2.719
 0.250       165571 -0.12783E-02 -0.21304E-03  0.00000E+00  0.35450E+01 -0.23807E+02  0.98274E+02 -0.36067E+00 -0.82797E+00 -0.42940E+00   4.349   1.487
 0.260       431904  0.00000E+00 -0.37663E-02 -0.88618E-03  0.14887E+03 -0.53371E+02  0.19388E+03 -0.27092E+00 -0.74559E+00 -0.60884E+00   4.453   1.530
 0.270        81593 -0.18402E-02  0.11502E-02  0.23003E-02 -0.21545E+03 -0.18999E+03 -0.15177E+03 -0.35652E+00 -0.80142E+00 -0.48022E+00   5.005   1.327
 0.280       226830 -0.23855E-02  0.23855E-03 -0.14313E-02  0.68086E+02  0.17493E+03  0.88345E+02 -0.28600E+00 -0.77076E+00 -0.56933E+00   5.311   1.646
 0.290       194052 -0.49407E-03  0.49407E-03 -0.49407E-03  0.19888E+02  0.92990E+02  0.62193E+01 -0.21434E-01 -0.82333E+00 -0.56716E+00   4.916   1.871
 0.300       331000  0.51096E-03 -0.10219E-02  0.00000E+00 -0.48622E+02  0.19818E+03  0.69747E+02 -0.10805E+00 -0.86604E+00 -0.48816E+00   6.091   2.511
 0.310       264347  0.52806E-03 -0.21122E-02 -0.52806E-03 -0.48854E+02 -0.17611E+03 -0.27929E+03 -0.25342E+00 -0.82501E+00 -0.50511E+00   5.939   1.899
 0.320       201150  0.54501E-03  0.00000E+00 -0.10900E-02  0.17298E+03 -0.23666E+03 -0.29023E+03 -0.22320E+00 -0.87424E+00 -0.43113E+00   6.020   1.536
 0.330       624385 -0.56201E-03 -0.14050E-02 -0.39341E-02 -0.18630E+03 -0.16916E+02 -0.10949E+03 -0.18769E+00 -0.85430E+00 -0.48472E+00   6.278   1.543
 0.340       114284  0.57921E-03  0.23169E-02 -0.17376E-02  0.80258E+02  0.14913E+03  0.24294E+02 -0.24038E+00 -0.83494E+00 -0.49507E+00   5.919   2.185
 0.350       966141 -0.59617E-03  0.14904E-02  0.59617E-03  0.15803E+03  0.79519E+02  0.21478E+03 -0.23867E+00 -0.85683E+00 -0.45704E+00   4.930   1.025
 0.360        24225  0.00000E+00 -0.12263E-02 -0.24526E-02  0.90141E+02  0.24122E+03  0.22673E+02 -0.26646E+00 -0.88124E+00 -0.39039E+00   4.140   0.807
 0.370      1139736 -0.12605E-02  0.31512E-03  0.37815E-02  0.17534E+03 -0.40163E+02 -0.11326E+03 -0.34645E+00 -0.90697E+00 -0.23955E+00   5.907   1.565
 0.380      1206646  0.64746E-03 -0.12949E-02  0.00000E+00 -0.27704E+03 -0.16143E+02  0.35077E+02 -0.38263E+00 -0.88214E+00 -0.27464E+00   6.239   1.490
 0.390      2025561 -0.13285E-02 -0.13285E-02 -0.66424E-03  0.17464E+03 -0.10222E+03 -0.14035E+02 -0.43376E+00 -0.85941E+00 -0.27068E+00   5.497   1.597
 0.400       569143  0.13632E-02  0.44304E-02  0.68160E-03  0.24921E+03 -0.27557E+02 -0.63553E+02 -0.44659E+00 -0.88709E+00 -0.11671E+00   5.596   1.573
 0.410      1473918 -0.13974E-02  0.69869E-03 -0.13974E-02 -0.25905E+03  0.59607E+01 -0.18295E+03 -0.33821E+00 -0.93299E+00 -0.12307E+00   6.706   1.618
 0.420      2139187 -0.71559E-03  0.71559E-03  0.00000E+00 -0.22568E+02  0.10821E+03 -0.18528E+03 -0.65106E-01 -0.99785E+00 -0.69145E-02  12.070   4.675
 0.430      2337684 -0.29315E-02 -0.14658E-02 -0.73289E-03  0.21818E+02 -0.45153E+02  0.10499E+03 -0.19710E+00 -0.93146E+00 -0.30582E+00   9.102   2.507
 0.440       429346 -0.22481E-02  0.00000E+00 -0.74936E-03 -0.30185E+02 -0.64368E+02  0.22643E+03 -0.16635E+00 -0.92831E+00 -0.33250E+00   7.795   1.590
 0.450      2726750 -0.15335E-02  0.76675E-03  0.23002E-02  0.88123E+02  0.68636E+02 -0.49254E+02 -0.20613E+00 -0.95029E+00 -0.23335E+00   4.618   1.275
 0.460      1583461 -0.31345E-02  0.00000E+00 -0.15672E-02  0.21828E+02 -0.13691E+03 -0.22689E+03 -0.53605E-01 -0.99101E+00 -0.12256E+00   6.234   1.371
 0.470      2466227  0.00000E+00  0.00000E+00  0.00000E+00  0.15812E+03  0.15536E+03  0.18540E+03 -0.23121E+00 -0.97290E+00  0.21535E-02   5.760   2.067
 0.480       641828  0.81779E-03  0.00000E+00  0.81779E-03  0.19551E+02  0.54397E+02 -0.13876E+03 -0.21173E-01 -0.96598E+00  0.25774E+00   4.017   1.064
 0.490      1969417  0.00000E+00 -0.83485E-03  0.16697E-02  0.38296E+02  0.23585E+03 -0.72320E+02 -0.90157E-01 -0.94647E+00  0.30994E+00   2.878   0.953
 0.500      1434458  0.12776E-02  0.85173E-03  0.85173E-03  0.41756E+03 -0.39575E+03  0.18914E+03  0.23331E+00 -0.73668E+00  0.63472E+00   4.752   1.518
