  41
 0.100  8.62500E-01  3.36281E+07  3.72805E+07  4.36486E+07  3.18893E+07  1.63826E+07  5.06478E+08  1.56559E-01
 0.110  1.08750E+00  3.50916E+07  4.78422E+07  5.75165E+07  3.33434E+07  6.87237E+06  9.40793E+08  6.02264E-02
 0.120  1.27500E+00  5.56208E+07  7.86459E+07  9.30510E+07  5.02295E+07  2.93862E+07  1.13426E+09  4.70646E-01
 0.130  1.57500E+00  1.09341E+08  1.03697E+08  1.24377E+08  1.03537E+08  2.11999E+07  1.48610E+09  2.90758E-01
 0.140  2.02500E+00  1.43263E+08  1.51733E+08  1.83106E+08  1.31399E+08  4.41734E+07  2.20849E+09  4.37574E-01
 0.150  2.36250E+00  1.56865E+08  1.69555E+08  2.08795E+08  1.44130E+08  1.42635E+07  2.88864E+09  1.62840E-01
 0.160  2.66250E+00  4.01016E+08  2.61359E+08  3.15949E+08  3.70484E+08  8.34663E+07  3.64836E+09  1.19012E+00
 0.170  3.00000E+00  5.27208E+08  3.79694E+08  4.58820E+08  4.87724E+08  1.03742E+08  4.43651E+09  1.53150E+00
 0.180  3.30000E+00  7.53655E+08  5.27090E+08  6.42340E+08  7.10813E+08  1.07437E+08  5.15299E+09  1.25743E+00
 0.190  3.56250E+00  7.94174E+08  8.71416E+08  1.05093E+09  7.28806E+08  3.14458E+08  6.18890E+09  3.56519E+00
 0.200  4.01250E+00  1.06939E+09  1.19103E+09  1.45465E+09  9.88308E+08  2.37972E+08  7.28815E+09  2.81856E+00
 0.210  4.53750E+00  1.13025E+09  1.59127E+09  1.95877E+09  1.03256E+09  3.14142E+08  8.91924E+09  3.04390E+00
 0.220  5.17500E+00  1.57293E+09  1.90560E+09  2.37744E+09  1.42844E+09  2.32988E+08  1.26669E+10  2.25178E+00
 0.230  5.66250E+00  1.83705E+09  2.27998E+09  2.85640E+09  1.64983E+09  3.19027E+08  1.53834E+10  3.78544E+00
 0.240  6.07500E+00  2.08698E+09  2.92708E+09  3.65971E+09  1.85467E+09  5.39524E+08  1.70370E+10  5.84904E+00
 0.250  6.45000E+00  2.73326E+09  3.46544E+09  4.35512E+09  2.47403E+09  4.98245E+08  1.72420E+10  5.66710E+00
 0.260  6.82500E+00  2.20433E+09  4.55376E+09  5.70846E+09  1.91976E+09  8.04281E+08  1.91308E+10  7.99073E+00
 0.270  7.08750E+00  2.78295E+09  5.39073E+09  6.81853E+09  2.50305E+09  5.96971E+08  2.14796E+10  6.76649E+00
 0.280  7.31250E+00  2.22441E+09  5.79891E+09  7.44009E+09  1.95083E+09  2.89248E+08  2.26144E+10  2.96338E+00
 0.290  7.53750E+00  2.68155E+09  6.13051E+09  7.92868E+09  2.40139E+09  3.30654E+08  2.27191E+10  3.51581E+00
 0.300  7.72500E+00  3.06473E+09  6.61704E+09  8.59005E+09  2.72360E+09  4.51461E+08  2.30552E+10  5.35058E+00
 0.310  7.98750E+00  2.65746E+09  7.10778E+09  9.28075E+09  2.35822E+09  3.86325E+08  2.42527E+10  4.30010E+00
 0.320  8.21250E+00  3.38258E+09  7.65123E+09  1.00241E+10  3.05175E+09  4.41576E+08  2.48119E+10  5.71984E+00
 0.330  8.55000E+00  2.42710E+09  8.19973E+09  1.07931E+10  2.16378E+09  3.63743E+08  2.63868E+10  3.28434E+00
 0.340  9.03750E+00  2.54994E+09  8.88099E+09  1.17166E+10  2.18701E+09  5.44615E+08  2.86234E+10  5.86072E+00
 0.350  9.37500E+00  2.28641E+09  9.18475E+09  1.21999E+10  2.00335E+09  2.64154E+08  3.02303E+10  3.33984E+00
 0.360  9.78750E+00  2.30719E+09  9.69230E+09  1.29116E+10  2.03589E+09  3.79594E+08  3.20125E+10  4.25850E+00
 0.370  1.02375E+01  2.21923E+09  1.01147E+10  1.35325E+10  1.92983E+09  2.62406E+08  3.28195E+10  2.25183E+00
 0.380  1.13250E+01  2.15276E+09  1.04882E+10  1.40947E+10  1.82299E+09  2.86021E+08  3.69894E+10  2.60404E+00
 0.390  1.21125E+01  2.35685E+09  1.06995E+10  1.44562E+10  1.95844E+09  1.76862E+08  3.97004E+10  1.97324E+00
 0.400  1.26750E+01  2.29547E+09  1.09609E+10  1.48588E+10  1.94544E+09  2.20384E+08  4.24960E+10  2.52073E+00
 0.410  1.32750E+01  2.43650E+09  1.11888E+10  1.52288E+10  2.10862E+09  1.48811E+08  4.65434E+10  1.52141E+00
 0.420  1.37625E+01  4.27820E+09  1.44184E+10  1.97255E+10  3.76967E+09  2.02218E+08  6.66176E+10  2.64187E+00
 0.430  1.42875E+01  3.83330E+09  1.16929E+10  1.59949E+10  3.27834E+09  2.34207E+08  5.16860E+10  2.69292E+00
 0.440  1.56750E+01  3.44757E+09  1.22663E+10  1.67993E+10  2.96924E+09  2.64816E+08  5.74541E+10  2.78921E+00
 0.450  1.64250E+01  3.73144E+09  1.62539E+10  2.22370E+10  3.08608E+09  6.33619E+08  7.48973E+10  7.88875E+00
 0.460  1.69500E+01  3.28070E+09  1.66786E+10  2.28435E+10  2.72540E+09  3.89313E+08  8.18798E+10  4.82502E+00
 0.470  1.74000E+01  4.66019E+09  1.81015E+10  2.48297E+10  3.87226E+09  4.56372E+08  9.85627E+10  4.62897E+00
 0.480  1.77750E+01  3.63402E+09  1.82467E+10  2.50022E+10  2.91330E+09  5.85661E+08  8.08551E+10  6.42257E+00
 0.490  1.81125E+01  2.76595E+09  2.67429E+10  3.66567E+10  2.13404E+09  5.70325E+08  9.41716E+10  5.34836E+00
 0.500  1.84500E+01  2.27314E+09  2.67309E+10  3.68028E+10  1.74423E+09  2.95825E+08  9.59473E+10  2.89270E+00
