  41
 0.100   0.863  3.72805E+07  4.36486E+07  3.68926E+07  1.40389E+02  0.00000E+00  0.00000E+00  0.00000E+00  3.72805E+07  4.36486E+07  3.68926E+07
 0.110   1.000  4.58291E+07  5.51036E+07  4.51455E+07  2.11124E+02  8.23479E+06  9.97534E+06  8.09998E+06  3.75943E+07  4.51283E+07  3.70455E+07
 0.120   1.053  7.31430E+07  8.64957E+07  7.21687E+07  2.03261E+02  1.02629E+07  1.26030E+07  1.00538E+07  6.28801E+07  7.38927E+07  6.21149E+07
 0.130   1.000  8.81790E+07  1.05622E+08  8.68934E+07  2.42459E+02  1.16436E+07  1.43799E+07  1.13915E+07  7.65354E+07  9.12424E+07  7.55018E+07
 0.140   1.626  1.40082E+08  1.69022E+08  1.38025E+08  2.66632E+02  2.32228E+07  2.89160E+07  2.26729E+07  1.16859E+08  1.40106E+08  1.15352E+08
 0.150   2.165  1.65283E+08  2.03585E+08  1.62287E+08  3.50878E+02  4.02781E+07  5.03907E+07  3.93181E+07  1.25005E+08  1.53194E+08  1.22969E+08
 0.160   2.343  2.47355E+08  2.99310E+08  2.43497E+08  3.24624E+02  4.63380E+07  5.83969E+07  4.50916E+07  2.01017E+08  2.40913E+08  1.98405E+08
 0.170   2.560  3.59987E+08  4.35016E+08  3.54984E+08  3.17570E+02  6.69674E+07  8.42813E+07  6.53437E+07  2.93020E+08  3.50735E+08  2.89640E+08
 0.180   2.830  4.91323E+08  5.99267E+08  4.84718E+08  3.38006E+02  9.27684E+07  1.17049E+08  9.06473E+07  3.98554E+08  4.82218E+08  3.94070E+08
 0.190   3.060  8.24706E+08  9.95186E+08  8.15797E+08  3.00596E+02  1.21811E+08  1.54570E+08  1.18965E+08  7.02895E+08  8.40617E+08  6.96831E+08
 0.200   3.400  1.12499E+09  1.37406E+09  1.11274E+09  3.31261E+02  1.75186E+08  2.22629E+08  1.71310E+08  9.49801E+08  1.15143E+09  9.41429E+08
 0.210   3.480  1.46375E+09  1.80144E+09  1.44772E+09  3.60181E+02  2.00798E+08  2.57241E+08  1.96153E+08  1.26295E+09  1.54420E+09  1.25156E+09
 0.220   3.553  1.71772E+09  2.14228E+09  1.69669E+09  4.26412E+02  2.31682E+08  2.98957E+08  2.25903E+08  1.48604E+09  1.84332E+09  1.47078E+09
 0.230   4.633  2.17264E+09  2.72315E+09  2.14445E+09  4.75650E+02  3.56471E+08  4.60888E+08  3.48108E+08  1.81617E+09  2.26226E+09  1.79634E+09
 0.240   4.810  2.76956E+09  3.46453E+09  2.73428E+09  4.90973E+02  4.04659E+08  5.26508E+08  3.94449E+08  2.36490E+09  2.93802E+09  2.33983E+09
 0.250   4.349  3.21099E+09  4.03575E+09  3.16903E+09  5.29692E+02  3.94514E+08  5.16256E+08  3.83848E+08  2.81648E+09  3.51950E+09  2.78519E+09
 0.260   4.453  4.22193E+09  5.29132E+09  4.17058E+09  5.20633E+02  4.40172E+08  5.78136E+08  4.27759E+08  3.78175E+09  4.71318E+09  3.74282E+09
 0.270   5.005  5.05332E+09  6.39968E+09  4.98831E+09  5.78379E+02  5.93028E+08  7.79570E+08  5.76711E+08  4.46029E+09  5.62011E+09  4.41160E+09
 0.280   5.311  5.42779E+09  6.96582E+09  5.35023E+09  6.69789E+02  6.81190E+08  8.95158E+08  6.62691E+08  4.74660E+09  6.07066E+09  4.68754E+09
 0.290   4.916  5.60699E+09  7.26054E+09  5.51891E+09  7.63491E+02  6.15233E+08  8.15556E+08  5.96628E+08  4.99176E+09  6.44498E+09  4.92228E+09
 0.300   6.091  6.36886E+09  8.27293E+09  6.26389E+09  8.29231E+02  8.33272E+08  1.10391E+09  8.09746E+08  5.53559E+09  7.16901E+09  5.45414E+09
 0.310   5.939  6.74155E+09  8.80793E+09  6.62311E+09  9.11796E+02  8.14331E+08  1.08599E+09  7.89146E+08  5.92722E+09  7.72195E+09  5.83396E+09
 0.320   6.020  7.23672E+09  9.48661E+09  7.10326E+09  9.85260E+02  8.49238E+08  1.13745E+09  8.21776E+08  6.38748E+09  8.34917E+09  6.28148E+09
 0.330   6.278  7.76570E+09  1.02281E+10  7.61549E+09  1.05969E+03  8.88733E+08  1.19551E+09  8.58637E+08  6.87697E+09  9.03260E+09  6.75685E+09
 0.340   5.919  8.35524E+09  1.10230E+10  8.18806E+09  1.12271E+03  9.24450E+08  1.24736E+09  8.92293E+08  7.43079E+09  9.77567E+09  7.29576E+09
 0.350   4.930  8.24931E+09  1.09566E+10  8.07115E+09  1.23018E+03  7.34459E+08  9.97094E+08  7.05400E+08  7.51486E+09  9.95955E+09  7.36575E+09
 0.360   4.140  8.22996E+09  1.09556E+10  8.04073E+09  1.31730E+03  5.93590E+08  8.10115E+08  5.66836E+08  7.63637E+09  1.01455E+10  7.47390E+09
 0.370   5.907  9.49328E+09  1.26934E+10  9.26792E+09  1.39237E+03  9.58795E+08  1.30629E+09  9.21039E+08  8.53448E+09  1.13871E+10  8.34688E+09
 0.380   6.239  9.91197E+09  1.33134E+10  9.66310E+09  1.49774E+03  1.02456E+09  1.40157E+09  9.82678E+08  8.88742E+09  1.19118E+10  8.68042E+09
 0.390   5.497  9.82458E+09  1.32667E+10  9.56057E+09  1.62025E+03  9.01471E+08  1.23799E+09  8.61469E+08  8.92311E+09  1.20287E+10  8.69910E+09
 0.400   5.596  1.01183E+10  1.37076E+10  9.83089E+09  1.73256E+03  9.25149E+08  1.27381E+09  8.82548E+08  9.19318E+09  1.24338E+10  8.94834E+09
 0.410   6.706  1.06238E+10  1.44516E+10  1.03070E+10  1.85028E+03  1.11297E+09  1.53536E+09  1.06254E+09  9.51081E+09  1.29163E+10  9.24449E+09
 0.420  12.070  1.21097E+10  1.65399E+10  1.17202E+10  2.01671E+03  2.29799E+09  3.17732E+09  2.19654E+09  9.81167E+09  1.33625E+10  9.52364E+09
 0.430   9.102  1.14137E+10  1.56150E+10  1.10396E+10  2.09008E+03  1.40472E+09  1.94874E+09  1.33901E+09  1.00090E+10  1.36663E+10  9.70056E+09
 0.440   7.795  1.15464E+10  1.58097E+10  1.11555E+10  2.17970E+03  1.27436E+09  1.77150E+09  1.21141E+09  1.02721E+10  1.40382E+10  9.94405E+09
 0.450   4.618  1.11681E+10  1.52329E+10  1.07792E+10  2.24157E+03  9.96153E+08  1.38700E+09  9.42275E+08  1.01719E+10  1.38459E+10  9.83696E+09
 0.460   6.234  1.44588E+10  1.97744E+10  1.39255E+10  2.37608E+03  3.52396E+09  4.89013E+09  3.35123E+09  1.09348E+10  1.48842E+10  1.05743E+10
 0.470   5.760  1.45356E+10  1.99024E+10  1.39836E+10  2.46415E+03  3.38429E+09  4.70864E+09  3.20964E+09  1.11513E+10  1.51938E+10  1.07740E+10
 0.480   4.017  1.37184E+10  1.87371E+10  1.31872E+10  2.50992E+03  2.82900E+09  3.94058E+09  2.67563E+09  1.08894E+10  1.47965E+10  1.05115E+10
 0.490   2.878  1.94807E+10  2.65840E+10  1.88350E+10  2.30791E+03  8.75049E+09  1.20585E+10  8.47797E+09  1.07302E+10  1.45255E+10  1.03570E+10
 0.500   4.752  2.08132E+10  2.85358E+10  2.01045E+10  2.42162E+03  8.70388E+09  1.20580E+10  8.40739E+09  1.21093E+10  1.64778E+10  1.16971E+10
