  38
 0.130   1.870   1.240  2.37630E-01  2.65797E-01  1.73647E-01
 0.140   2.374   1.550  3.73118E-01  4.18559E-01  2.51811E-01
 0.150   2.442   1.052  7.72824E-01  9.30947E-01  5.23151E-01
 0.160   3.028   1.776  1.07450E+00  1.13884E+00  8.36044E-01
 0.170   3.085   1.877  1.33514E+00  1.31842E+00  1.03281E+00
 0.180   3.718   1.668  4.32184E+00  4.95144E+00  3.06244E+00
 0.190   3.186   1.748  1.19933E+01  1.29072E+01  9.90330E+00
 0.200   1.952   0.478  1.44277E+01  1.45217E+01  1.28794E+01
 0.210   4.418   1.664  2.47090E+00  2.64894E+00  2.54910E+00
 0.220   2.387   0.578  2.07505E+01  2.04090E+01  1.75265E+01
 0.230   4.633   1.996  1.46518E+01  1.54070E+01  1.36898E+01
 0.240   4.686   1.551  9.89247E+00  9.39605E+00  1.09437E+01
 0.250   4.892   1.779  7.80671E+00  8.36396E+00  6.15465E+00
 0.260   3.554   0.748  1.85742E+01  1.85259E+01  1.69061E+01
 0.270   4.617   1.359  1.59023E+01  1.52640E+01  1.85549E+01
 0.280   7.042   1.243  1.43747E+01  1.43646E+01  1.47783E+01
 0.290   7.800   2.134  8.74088E+00  8.53984E+00  9.68043E+00
 0.300   8.569   1.458  7.80681E+00  7.69430E+00  7.77096E+00
 0.310   8.726   1.335  6.14267E+00  6.05429E+00  6.15798E+00
 0.320  11.964   2.201  5.64210E+00  5.51945E+00  5.56020E+00
 0.330  11.315   2.158  4.87051E+00  5.06010E+00  4.82842E+00
 0.340  11.716   2.590  5.33964E+00  5.31533E+00  5.25358E+00
 0.350  13.476   2.783  4.71931E+00  4.75817E+00  4.52960E+00
 0.360  13.150   3.394  4.67908E+00  4.32928E+00  5.13323E+00
 0.370  14.075   3.163  8.54313E+00  8.22452E+00  9.08927E+00
 0.380  13.277   3.004  6.20545E+00  6.13564E+00  6.38943E+00
 0.390  15.764   2.680  8.12326E+00  8.29104E+00  8.08242E+00
 0.400  16.308   3.308  5.94440E+00  6.01905E+00  6.21592E+00
 0.410  15.294   2.504  8.95051E+00  8.81807E+00  8.38939E+00
 0.420  15.364   2.958  1.60348E+01  1.53413E+01  1.70388E+01
 0.430  13.343   2.379  2.05274E+01  2.12701E+01  1.79616E+01
 0.440  15.631   2.793  1.96073E+01  1.88476E+01  2.11484E+01
 0.450  13.233   1.798  1.59388E+01  1.56498E+01  1.68600E+01
 0.460  14.743   2.352  1.70183E+01  1.69235E+01  1.70191E+01
 0.470  14.181   1.823  1.31347E+01  1.31070E+01  1.27664E+01
 0.480  16.096   2.937  9.43445E+00  9.19932E+00  1.01489E+01
 0.490  15.745   2.055  1.00424E+01  9.90453E+00  1.02280E+01
 0.500  15.027   2.118  6.55617E+00  6.48628E+00  6.13911E+00
