  38
 0.130   1.870   1.240  2.04482E+07  2.32208E+07  2.03543E+07  9.62998E+01  0.00000E+00  0.00000E+00  0.00000E+00  2.04482E+07  2.32208E+07  2.03543E+07
 0.140   2.374   1.550  3.13015E+07  3.55547E+07  3.11745E+07  9.53470E+01  3.63299E+06  4.44246E+06  3.57925E+06  2.76685E+07  3.11122E+07  2.75952E+07
 0.150   2.442   1.052  1.03766E+08  1.19680E+08  1.03206E+08  1.33845E+02  1.24581E+07  1.52207E+07  1.23167E+07  9.13079E+07  1.04459E+08  9.08888E+07
 0.160   3.028   1.776  1.40630E+08  1.63530E+08  1.39903E+08  1.43050E+02  2.22778E+07  2.75750E+07  2.19861E+07  1.18352E+08  1.35955E+08  1.17917E+08
 0.170   3.085   1.877  2.21049E+08  2.61379E+08  2.19789E+08  1.71991E+02  3.84435E+07  4.75020E+07  3.80167E+07  1.82606E+08  2.13877E+08  1.81773E+08
 0.180   3.718   1.668  4.69366E+08  5.41270E+08  4.67135E+08  1.51361E+02  6.32330E+07  7.88970E+07  6.24476E+07  4.06133E+08  4.62373E+08  4.04687E+08
 0.190   3.186   1.748  1.36571E+09  1.57209E+09  1.36113E+09  1.25449E+02  7.29037E+07  9.14907E+07  7.18704E+07  1.29280E+09  1.48060E+09  1.28926E+09
 0.200   1.952   0.478  1.86487E+09  2.16062E+09  1.85938E+09  1.23957E+02  2.41928E+07  3.08599E+07  2.36998E+07  1.84068E+09  2.12976E+09  1.83568E+09
 0.210   4.418   1.664  1.32014E+09  1.60581E+09  1.31152E+09  2.57389E+02  1.87324E+08  2.33171E+08  1.85316E+08  1.13282E+09  1.37264E+09  1.12620E+09
 0.220   2.387   0.578  3.16514E+09  3.75193E+09  3.15040E+09  2.03438E+02  1.19389E+08  1.51620E+08  1.17738E+08  3.04575E+09  3.60031E+09  3.03266E+09
 0.230   4.633   1.996  4.82018E+09  5.84123E+09  4.79245E+09  2.61735E+02  4.61297E+08  5.79438E+08  4.56350E+08  4.35889E+09  5.26179E+09  4.33610E+09
 0.240   4.686   1.551  5.04063E+09  6.19603E+09  5.00734E+09  3.14440E+02  3.61379E+08  4.61615E+08  3.56485E+08  4.67925E+09  5.73442E+09  4.65085E+09
 0.250   4.892   1.779  3.47836E+09  4.33222E+09  3.44835E+09  4.08405E+02  3.64737E+08  4.69237E+08  3.59197E+08  3.11363E+09  3.86298E+09  3.08915E+09
 0.260   3.554   0.748  5.68312E+09  7.04466E+09  5.62829E+09  4.46227E+02  8.27898E+08  1.06034E+09  8.16148E+08  4.85522E+09  5.98432E+09  4.81214E+09
 0.270   4.617   1.359  8.83243E+09  1.09983E+10  8.74993E+09  4.49619E+02  1.54120E+09  1.96996E+09  1.52115E+09  7.29122E+09  9.02836E+09  7.22878E+09
 0.280   7.042   1.243  1.00934E+10  1.26866E+10  9.99152E+09  5.00677E+02  1.76739E+09  2.28741E+09  1.74128E+09  8.32601E+09  1.03991E+10  8.25025E+09
 0.290   7.800   2.134  1.11689E+10  1.42368E+10  1.10387E+10  5.91155E+02  2.17824E+09  2.84619E+09  2.14205E+09  8.99067E+09  1.13906E+10  8.89669E+09
 0.300   8.569   1.458  1.12247E+10  1.44404E+10  1.10801E+10  6.73849E+02  1.94313E+09  2.56312E+09  1.90669E+09  9.28157E+09  1.18773E+10  9.17337E+09
 0.310   8.726   1.335  1.12621E+10  1.46207E+10  1.11005E+10  7.68925E+02  1.98299E+09  2.63208E+09  1.94218E+09  9.27914E+09  1.19886E+10  9.15837E+09
 0.320  11.964   2.201  1.26817E+10  1.65944E+10  1.24802E+10  8.71756E+02  2.69641E+09  3.58774E+09  2.63901E+09  9.98532E+09  1.30067E+10  9.84119E+09
 0.330  11.315   2.158  1.24802E+10  1.64423E+10  1.22622E+10  9.76813E+02  2.48990E+09  3.33947E+09  2.43018E+09  9.99031E+09  1.31029E+10  9.83204E+09
 0.340  11.716   2.590  1.33919E+10  1.77390E+10  1.31360E+10  1.08159E+03  2.74979E+09  3.70774E+09  2.67813E+09  1.06421E+10  1.40312E+10  1.04579E+10
 0.350  13.476   2.783  1.37875E+10  1.83532E+10  1.35027E+10  1.18438E+03  2.86918E+09  3.88414E+09  2.78925E+09  1.09183E+10  1.44690E+10  1.07134E+10
 0.360  13.150   3.394  1.43095E+10  1.91066E+10  1.39940E+10  1.27363E+03  3.09839E+09  4.20134E+09  3.00878E+09  1.12111E+10  1.49053E+10  1.09852E+10
 0.370  14.075   3.163  1.54956E+10  2.06629E+10  1.51405E+10  1.33224E+03  3.18369E+09  4.33004E+09  3.08578E+09  1.23119E+10  1.63328E+10  1.20547E+10
 0.380  13.277   3.004  1.56745E+10  2.09729E+10  1.52972E+10  1.41779E+03  3.12428E+09  4.26389E+09  3.02224E+09  1.25503E+10  1.67090E+10  1.22749E+10
 0.390  15.764   2.680  1.66459E+10  2.22659E+10  1.62379E+10  1.45975E+03  3.29424E+09  4.49881E+09  3.18580E+09  1.33516E+10  1.77671E+10  1.30521E+10
 0.400  16.308   3.308  1.72772E+10  2.31870E+10  1.68334E+10  1.54301E+03  3.36016E+09  4.60512E+09  3.24276E+09  1.39170E+10  1.85819E+10  1.35906E+10
 0.410  15.294   2.504  1.75508E+10  2.35726E+10  1.70748E+10  1.62590E+03  3.12161E+09  4.28919E+09  3.00277E+09  1.44292E+10  1.92835E+10  1.40720E+10
 0.420  15.364   2.958  1.96755E+10  2.62384E+10  1.91593E+10  1.59518E+03  3.24030E+09  4.46079E+09  3.11100E+09  1.64352E+10  2.17776E+10  1.60483E+10
 0.430  13.343   2.379  2.06067E+10  2.74043E+10  2.00633E+10  1.60917E+03  2.88297E+09  3.98457E+09  2.75615E+09  1.77237E+10  2.34197E+10  1.73071E+10
 0.440  15.631   2.793  2.46442E+10  3.26629E+10  2.40300E+10  1.55203E+03  3.64753E+09  5.01494E+09  3.49835E+09  2.09967E+10  2.76479E+10  2.05317E+10
 0.450  13.233   1.798  2.44364E+10  3.24177E+10  2.38197E+10  1.57643E+03  2.76690E+09  3.82876E+09  2.63349E+09  2.16695E+10  2.85889E+10  2.11862E+10
 0.460  14.743   2.352  2.78150E+10  3.69868E+10  2.71245E+10  1.59446E+03  3.48573E+09  4.80384E+09  3.32899E+09  2.43292E+10  3.21830E+10  2.37955E+10
 0.470  14.181   1.823  2.75995E+10  3.68831E+10  2.68878E+10  1.67302E+03  3.02588E+09  4.18574E+09  2.87595E+09  2.45737E+10  3.26973E+10  2.40119E+10
 0.480  16.096   2.937  3.09217E+10  4.15655E+10  3.01140E+10  1.75214E+03  3.99669E+09  5.52596E+09  3.81100E+09  2.69250E+10  3.60395E+10  2.63030E+10
 0.490  15.745   2.055  3.01862E+10  4.07020E+10  2.93736E+10  1.82851E+03  3.41058E+09  4.72894E+09  3.23873E+09  2.67757E+10  3.59730E+10  2.61349E+10
 0.500  15.027   2.118  3.02631E+10  4.10572E+10  2.94070E+10  1.95406E+03  3.31367E+09  4.60163E+09  3.13784E+09  2.69494E+10  3.64556E+10  2.62692E+10
