  38
 0.130  9.12895E-02 -2.18791E-01  1.59199E-01  1.19870E+01  1.78575E+01 -2.67297E+01   1.870  3.53938E+08  3.95907E+08  1.21626E+08  0.00000E+00  2.99506E+09  8.88718E-01  1.50178E+02   7.703   7.420
 0.140  1.32162E-01 -4.91280E-02 -1.23723E-01  1.38095E+01 -7.47854E+00 -2.62968E+01   2.374  3.22887E+08  4.70045E+08  3.01353E+08  4.21191E+07  4.26001E+09  2.26388E+00  1.33151E+02   8.053   7.736
 0.150 -8.37298E-02  6.72015E-02  9.42006E-02 -2.92035E+00 -3.18633E+01 -7.32820E+00   2.442  7.74752E+08  1.00284E+09  6.72895E+08  1.34656E+08  6.52120E+09  4.13026E+00  1.56207E+02   7.999   7.825
 0.160 -1.38282E-01 -8.26349E-02 -2.30175E-02  1.02170E+01 -2.04623E+00  7.63020E+00   3.028  6.26391E+08  8.67101E+08  1.02441E+09  1.93883E+08  7.10624E+09  3.00642E+00  1.97024E+02   8.195   7.970
 0.170 -1.59764E-01 -1.24775E-03 -3.43317E-01 -2.29740E+01 -1.35412E+01 -1.22166E+01   3.085  8.74375E+08  9.99537E+08  1.23434E+09  2.65298E+08  7.87153E+09  2.36178E+00  2.70816E+02   8.032   7.978
 0.180 -4.73256E-01  1.74791E-01  8.93096E-02 -1.80160E+01 -2.05666E+01 -8.92497E+00   3.718  2.57770E+09  3.14670E+09  2.17753E+09  4.41034E+08  1.15004E+10  1.00506E+01  2.62494E+02   8.064   8.016
 0.190 -2.34235E-01 -1.52235E-01  2.25107E-01 -4.89240E+00 -7.74874E+00 -3.63531E+00   3.186  2.46338E+09  4.07732E+09  3.94420E+09  4.71492E+08  1.17408E+10  2.22564E+01  2.23182E+02   8.350   8.189
 0.200  4.01134E-02  4.25747E-02  1.26372E-02  4.67965E+00 -6.37458E+00 -3.67665E-01   1.952  1.25060E+09  3.25409E+09  5.25301E+09  2.79916E+08  6.28184E+09  2.22869E+01  2.17827E+02   8.664   8.398
 0.210  3.35505E-01 -2.24237E-01  5.92559E-01  3.31821E+01 -8.63671E+01 -7.65573E+00   4.418  3.09395E+09  3.73937E+09  7.80503E+09  1.41929E+09  2.16803E+10  8.50208E+00  3.23548E+02   8.279   8.393
 0.220 -7.09594E-02 -2.07936E-01 -7.60177E-02 -8.81215E+00  5.39254E+01 -1.84695E+01   2.387  2.07243E+09  4.12348E+09  8.69433E+09  6.49580E+08  9.37451E+09  2.50934E+01  3.34679E+02   8.565   8.465
 0.230  1.79967E-01  1.91391E-01  1.57947E-01  2.08398E+00 -6.46973E+00  1.17145E+01   4.633  3.14156E+09  4.35661E+09  1.20498E+10  1.87229E+09  2.30311E+10  1.67550E+01  4.14455E+02   8.472   8.453
 0.240  3.71000E-02  7.87232E-02 -4.68289E-02 -3.28500E+00 -1.54030E+01 -1.53683E+00   4.686  1.71774E+09  2.79719E+09  1.33892E+10  1.84756E+09  2.16310E+10  1.23103E+01  4.86982E+02   8.598   8.481
 0.250 -2.25467E-02  1.52176E-01 -1.44307E-01 -2.77237E+00 -1.65769E+01  5.23719E+01   4.892  3.64831E+09  4.47893E+09  1.46356E+10  2.04016E+09  2.48188E+10  1.42449E+01  5.72722E+02   8.418   8.490
 0.260 -2.87117E-02 -1.02416E-01  1.74758E-01  2.67060E+00 -5.61427E+00  6.10863E+00   3.554  3.87817E+09  7.86879E+09  2.13047E+10  4.76137E+09  2.20638E+10  4.65404E+01  5.24218E+02   8.629   8.529
 0.270  2.50430E-01 -2.29723E-01 -2.85338E-01 -2.37803E+01  7.96172E+00 -1.02021E+01   4.617  3.51802E+09  5.35001E+09  2.52603E+10  5.85701E+09  2.90617E+10  1.88469E+01  5.95294E+02   8.596   8.556
 0.280  1.05433E-01 -3.31355E-01  2.02357E-01  1.80106E+01  1.72391E+01 -1.82318E+01   7.042  4.20463E+09  5.29707E+09  2.92927E+10  7.53744E+09  4.93370E+10  1.55017E+01  6.98189E+02   8.504   8.547
 0.290  1.32952E-02 -2.11079E-01  5.97011E-01  2.04091E+01 -2.86266E+01  1.09160E+01   7.800  4.03664E+09  4.54686E+09  3.06020E+10  7.84063E+09  5.60690E+10  9.23628E+00  8.09706E+02   8.484   8.547
 0.300 -1.54067E-01  1.55387E-01  3.53350E-01  1.93442E+00 -5.11164E+00  5.06533E+00   8.569  4.31272E+09  4.64503E+09  3.17203E+10  8.17466E+09  6.25271E+10  8.48111E+00  9.25938E+02   8.459   8.546
 0.310  3.79465E-01 -4.55900E-01  3.09156E-01  6.09635E+00 -1.70115E+01 -2.31774E+00   8.726  3.89737E+09  4.03390E+09  3.23480E+10  8.28177E+09  6.38631E+10  6.39298E+00  1.04730E+03   8.451   8.546
 0.320 -8.85737E-01  5.25864E-01  3.13481E-01 -2.96099E+01  1.04389E+01  4.03887E+01  11.964  6.20184E+09  5.92777E+09  3.39460E+10  9.28851E+09  9.03957E+10  5.80178E+00  1.17296E+03   8.336   8.535
 0.330 -1.10704E+00  1.34702E+00 -5.38886E-01 -2.75663E+01  2.80009E+01  3.90431E+01  11.315  5.50299E+09  5.22925E+09  3.40768E+10  9.08640E+09  8.53083E+10  5.02044E+00  1.30116E+03   8.327   8.536
 0.340 -1.39608E-01 -2.45686E-02 -5.07862E-01 -1.82434E+01  1.38804E+01  1.51117E+01  11.716  6.61635E+09  6.27308E+09  3.46917E+10  9.20742E+09  8.98254E+10  5.47488E+00  1.42560E+03   8.295   8.532
 0.350  1.69353E-01 -1.35976E-01 -8.40565E-01 -1.79282E+01  1.16519E+01  4.78431E+00  13.476  8.02342E+09  7.42689E+09  3.55006E+10  9.55598E+09  1.06201E+11  4.80170E+00  1.55386E+03   8.256   8.527
 0.360 -1.66629E-01  4.72154E-01  4.78007E-01  4.96473E+00  2.88276E+00  9.39906E+00  13.150  8.55496E+09  8.02446E+09  3.60038E+10  9.62195E+09  1.04706E+11  4.69858E+00  1.67389E+03   8.246   8.524
 0.370  1.28882E+00 -9.36628E-01  5.20299E-01  1.02075E+01  7.31445E+00 -2.79360E+01  14.075  9.85726E+09  9.44476E+09  3.73627E+10  9.89251E+09  1.16611E+11  8.94225E+00  1.77251E+03   8.261   8.515
 0.380 -6.43074E-01  6.02514E-01 -3.43866E-01  2.48873E+00 -5.15288E-01  2.71071E+01  13.277  8.84351E+09  8.50239E+09  3.76576E+10  9.70883E+09  1.05889E+11  6.25150E+00  1.89353E+03   8.292   8.516
 0.390  6.93172E-01  3.56760E-02 -1.46258E-01  4.17847E+00 -1.32566E+01 -2.10536E+00  15.764  1.17599E+10  1.12008E+10  3.94074E+10  1.02884E+10  1.23194E+11  8.37572E+00  1.98490E+03   8.276   8.506
 0.400 -1.68330E-01 -1.23450E-01  1.85840E+00  2.93949E+01 -3.11354E+01  2.42613E+01  16.308  1.19746E+10  1.13054E+10  4.01638E+10  1.03581E+10  1.29581E+11  5.96539E+00  2.10238E+03   8.276   8.504
 0.410  1.10128E+00 -8.13817E-01 -3.52003E-01  2.14738E+01 -4.42303E+00 -7.26694E+00  15.294  1.37372E+10  1.31619E+10  4.09137E+10  1.02484E+10  1.21749E+11  9.33238E+00  2.20608E+03   8.273   8.503
 0.420 -8.97826E-02 -6.33604E-01  2.33848E+00  3.28464E+01 -4.23157E+01  4.53167E+01  15.364  1.54679E+10  1.53662E+10  4.29739E+10  1.02702E+10  1.25627E+11  1.64014E+01  2.25519E+03   8.305   8.497
 0.430  2.72792E-01 -5.51795E-01  1.15408E+00  6.48347E+00 -1.81264E+01  1.63500E+01  13.343  1.45164E+10  1.48025E+10  4.42810E+10  9.86709E+09  1.08445E+11  2.12256E+01  2.31415E+03   8.356   8.500
 0.440 -2.69776E-01  6.26498E-01 -2.43192E-01 -1.62995E+01 -5.87801E+00  4.02194E+01  15.631  1.60441E+10  1.64155E+10  4.84691E+10  1.06955E+10  1.30174E+11  2.15318E+01  2.30067E+03   8.380   8.491
 0.450 -3.49824E-01  5.51238E-01 -4.44107E-01 -1.04950E+01  3.05630E+00  4.33014E+01  13.233  1.21370E+10  1.25746E+10  4.97247E+10  1.00111E+10  1.09914E+11  1.65458E+01  2.36350E+03   8.444   8.500
 0.460  3.42770E-01  1.02089E+00 -2.07854E+00 -5.37115E+01  2.23748E+01  2.89790E+01  14.743  1.25081E+10  1.26900E+10  5.27303E+10  1.05883E+10  1.24062E+11  1.76379E+01  2.40638E+03   8.457   8.497
 0.470  2.79249E-01 -3.67269E-01  3.99545E-01 -1.50731E+00  6.66922E+00 -1.21405E+01  14.181  1.11338E+10  1.11593E+10  5.36922E+10  1.04186E+10  1.19898E+11  1.35879E+01  2.51053E+03   8.473   8.502
 0.480  2.21627E+00 -1.06110E+00 -2.90474E-01 -2.63262E+01  4.22985E+01 -2.54771E+01  16.096  1.14568E+10  1.11999E+10  5.61172E+10  1.10561E+10  1.36395E+11  9.73366E+00  2.59339E+03   8.473   8.498
 0.490  1.25947E+00  3.90168E-01 -1.92311E+00 -5.67885E+01  5.67216E+01 -2.46975E+01  15.745  1.01108E+10  9.87698E+09  5.69226E+10  1.09161E+10  1.32325E+11  1.01841E+01  2.70314E+03   8.492   8.501
 0.500  1.06662E+00 -4.41779E-01 -2.58094E-01 -1.49641E+01  3.84568E+01 -4.11288E+01  15.027  7.37642E+09  7.06657E+09  5.69603E+10  1.06405E+10  1.24572E+11  6.76404E+00  2.84313E+03   8.529   8.505
