  38
 0.130  1.45000E+01  3.76192E+10  1.05622E+02
 0.140  1.82500E+01  5.89597E+10  1.17864E+02
 0.150  2.12500E+01  7.77623E+10  1.25441E+02
 0.160  2.40000E+01  9.15166E+10  1.28050E+02
 0.170  2.67500E+01  1.06126E+11  1.30612E+02
 0.180  3.35000E+01  1.77060E+11  1.50755E+02
 0.190  3.75000E+01  2.11588E+11  1.55763E+02
 0.200  4.15000E+01  2.46634E+11  1.59859E+02
 0.210  4.65000E+01  2.97759E+11  1.65936E+02
 0.220  5.32500E+01  3.93611E+11  1.78282E+02
 0.230  5.80000E+01  4.44231E+11  1.81478E+02
 0.240  6.15000E+01  4.68525E+11  1.80993E+02
 0.250  6.57500E+01  5.09615E+11  1.82561E+02
 0.260  6.92500E+01  5.30991E+11  1.81580E+02
 0.270  7.27500E+01  5.47103E+11  1.79826E+02
 0.280  7.62500E+01  5.68397E+11  1.79036E+02
 0.290  7.97500E+01  5.84939E+11  1.77592E+02
 0.300  8.27500E+01  5.93877E+11  1.75670E+02
 0.310  8.65000E+01  6.17982E+11  1.75273E+02
 0.320  9.00000E+01  6.32445E+11  1.73830E+02
 0.330  9.37500E+01  6.52973E+11  1.73060E+02
 0.340  9.82500E+01  6.88778E+11  1.73623E+02
 0.350  1.04750E+02  7.62986E+11  1.76976E+02
 0.360  1.08750E+02  7.83435E+11  1.76003E+02
 0.370  1.12500E+02  8.03340E+11  1.75230E+02
 0.380  1.16500E+02  8.27327E+11  1.74747E+02
 0.390  1.20500E+02  8.46372E+11  1.73789E+02
 0.400  1.23000E+02  8.43322E+11  1.71703E+02
 0.410  1.26000E+02  8.51130E+11  1.70430E+02
 0.420  1.30000E+02  8.70475E+11  1.69684E+02
 0.430  1.33500E+02  8.96092E+11  1.69891E+02
 0.440  1.38250E+02  9.27174E+11  1.69817E+02
 0.450  1.41250E+02  9.37656E+11  1.68951E+02
 0.460  1.44750E+02  9.46389E+11  1.67672E+02
 0.470  1.47750E+02  9.52284E+11  1.66477E+02
 0.480  1.50750E+02  9.56381E+11  1.65166E+02
 0.490  1.53750E+02  9.61264E+11  1.63964E+02
 0.500  1.56750E+02  9.62052E+11  1.62454E+02
