  38
 0.130  9.88727E+07  4.45541E+07  5.11093E+07  9.27467E+07  2.92638E+07  7.19728E+08  3.93469E-01
 0.140  2.45833E+07  1.19225E+08  1.37354E+08  2.23032E+07  8.75912E+07  7.92474E+08  1.14602E+00
 0.150  3.89426E+08  3.28617E+08  3.77555E+08  3.79738E+08  1.57673E+08  1.45675E+09  2.59842E+00
 0.160  1.15324E+08  4.70073E+08  5.58563E+08  1.08362E+08  1.56714E+08  1.21448E+09  1.37709E+00
 0.170  1.57830E+08  5.15902E+08  6.31297E+08  1.52318E+08  4.46005E+07  1.30427E+09  5.85532E-01
 0.180  2.41034E+08  8.69913E+08  1.04642E+09  2.32204E+08  3.12957E+08  1.64256E+09  4.19509E+00
 0.190  7.36157E+08  2.03562E+09  2.38980E+09  7.22582E+08  1.08389E+09  2.08777E+09  1.50636E+01
 0.200  8.84947E+08  3.52424E+09  4.17218E+09  8.67915E+08  1.60193E+09  2.23401E+09  1.84983E+01
 0.210  6.33511E+08  3.65846E+09  4.47346E+09  6.21959E+08  5.14527E+08  2.23950E+09  4.73215E+00
 0.220  6.58899E+08  4.91036E+09  6.01096E+09  6.44926E+08  1.24668E+09  2.54395E+09  1.44306E+01
 0.230  4.38003E+08  4.98618E+09  6.22641E+09  4.29339E+08  4.61009E+08  2.51859E+09  4.86242E+00
 0.240  3.20063E+08  5.31947E+09  6.71456E+09  3.10840E+08  4.94757E+08  2.42182E+09  5.01748E+00
 0.250  5.91450E+08  6.77289E+09  8.62892E+09  5.81980E+08  4.76167E+08  2.82969E+09  6.18545E+00
 0.260  1.75693E+09  9.67413E+09  1.19928E+10  1.73703E+09  2.47148E+09  3.49256E+09  2.88812E+01
 0.270  4.52180E+08  8.77213E+09  1.10321E+10  4.46215E+08  8.48817E+08  2.62285E+09  7.35482E+00
 0.280  2.26046E+08  7.94115E+09  1.01584E+10  2.22229E+08  3.09283E+08  2.41134E+09  3.01458E+00
 0.290  1.26972E+08  6.96994E+09  9.04475E+09  1.24035E+08  1.25709E+08  2.13591E+09  1.22270E+00
 0.300  9.12380E+07  6.28363E+09  8.24241E+09  8.88879E+07  6.95156E+07  1.88466E+09  7.38504E-01
 0.310  7.81872E+07  5.34735E+09  7.07965E+09  7.55598E+07  4.59119E+07  1.70600E+09  5.03100E-01
 0.320  5.29334E+07  5.06719E+09  6.75855E+09  5.07835E+07  2.99757E+07  1.65429E+09  2.95852E-01
 0.330  4.70090E+07  4.60054E+09  6.16880E+09  4.41095E+07  2.22171E+07  1.38683E+09  2.28403E-01
 0.340  4.09630E+07  4.56273E+09  6.14652E+09  3.86694E+07  1.72829E+07  1.47687E+09  2.12351E-01
 0.350  2.29108E+07  4.68335E+09  6.32764E+09  2.11279E+07  1.21260E+07  1.49034E+09  1.19636E-01
 0.360  3.05285E+07  3.84725E+09  5.21187E+09  2.86076E+07  6.24274E+06  1.31866E+09  7.10802E-02
 0.370  1.99618E+07  3.84556E+09  5.21912E+09  1.78911E+07  8.52512E+06  1.27700E+09  8.75350E-02
 0.380  2.24134E+07  3.71273E+09  5.04523E+09  2.03251E+07  1.02305E+07  1.31940E+09  1.05012E-01
 0.390  2.42918E+07  3.47284E+09  4.72236E+09  2.24804E+07  7.56479E+06  1.22039E+09  9.66003E-02
 0.400  1.63285E+07  3.29685E+09  4.48301E+09  1.46106E+07  7.31865E+06  1.11172E+09  6.56437E-02
 0.410  3.08792E+07  3.56229E+09  4.84949E+09  2.93703E+07  5.01274E+06  1.29139E+09  6.09970E-02
 0.420  3.69456E+07  3.24741E+09  4.41914E+09  3.40303E+07  1.71320E+07  1.16369E+09  1.94633E-01
 0.430  8.19353E+07  3.27179E+09  4.43875E+09  7.72347E+07  6.06833E+07  1.14806E+09  6.45043E-01
 0.440  3.31103E+08  3.30704E+09  4.45218E+09  3.23467E+08  1.58349E+08  1.17948E+09  2.16886E+00
 0.450  6.35734E+07  3.50005E+09  4.71899E+09  5.91877E+07  5.32483E+07  1.18879E+09  4.70218E-01
 0.460  6.58631E+07  3.36516E+09  4.53789E+09  6.20876E+07  5.08716E+07  1.17549E+09  5.18798E-01
 0.470  3.69217E+07  3.49430E+09  4.72020E+09  3.43526E+07  2.54971E+07  1.10823E+09  2.47360E-01
 0.480  4.18283E+07  3.30778E+09  4.48125E+09  3.91711E+07  2.08120E+07  1.15546E+09  2.24538E-01
 0.490  1.80972E+07  2.92201E+09  3.96679E+09  1.63307E+07  9.77339E+06  1.02518E+09  9.84762E-02
 0.500  2.43706E+07  2.89336E+09  3.93384E+09  2.26105E+07  1.34900E+07  9.90842E+08  1.72131E-01
