  38
 0.130  2.17500E+00  4.76918E+08  1.42503E+08  1.65975E+08  4.42692E+08  7.74406E+07  3.89470E+09  1.02771E+00
 0.140  2.73750E+00  4.52835E+08  3.36969E+08  3.91643E+08  4.00513E+08  2.00892E+08  5.42336E+09  2.54393E+00
 0.150  3.18750E+00  1.05146E+09  7.85223E+08  9.18407E+08  9.80612E+08  3.10361E+08  9.02782E+09  4.60210E+00
 0.160  3.60000E+00  9.33073E+08  1.11404E+09  1.33276E+09  8.38487E+08  3.32999E+08  8.83569E+09  3.35115E+00
 0.170  4.01250E+00  1.28468E+09  1.40020E+09  1.71058E+09  1.18980E+09  2.07107E+08  1.08959E+10  2.61537E+00
 0.180  5.02500E+00  3.77147E+09  2.45364E+09  2.94822E+09  3.47407E+09  8.46589E+08  1.64815E+10  1.15360E+01
 0.190  5.62500E+00  5.18828E+09  4.72742E+09  5.61643E+09  4.75580E+09  2.06311E+09  2.48690E+10  2.64727E+01
 0.200  6.22500E+00  3.15677E+09  7.33706E+09  8.82410E+09  2.83036E+09  2.43938E+09  2.57831E+10  2.57082E+01
 0.210  6.97500E+00  4.50291E+09  8.67563E+09  1.07141E+10  4.10087E+09  9.15797E+08  4.02496E+10  9.68664E+00
 0.220  7.98750E+00  5.18524E+09  1.13137E+10  1.39444E+10  4.62541E+09  2.52207E+09  4.08881E+10  2.88851E+01
 0.230  8.70000E+00  6.90993E+09  1.32280E+10  1.65136E+10  6.15750E+09  1.61762E+09  5.04542E+10  1.91445E+01
 0.240  9.22500E+00  4.41994E+09  1.46548E+10  1.85123E+10  3.74197E+09  1.32470E+09  5.08208E+10  1.32572E+01
 0.250  9.86250E+00  7.69051E+09  1.61660E+10  2.05978E+10  6.87619E+09  1.26557E+09  5.94798E+10  1.67894E+01
 0.260  1.03875E+01  8.60308E+09  2.61494E+10  3.28543E+10  7.50960E+09  5.04562E+09  7.63242E+10  5.49571E+01
 0.270  1.09125E+01  6.77642E+09  2.93719E+10  3.74146E+10  5.91509E+09  2.22745E+09  7.97067E+10  2.09234E+01
 0.280  1.14375E+01  7.46868E+09  3.10609E+10  4.00149E+10  6.65646E+09  1.47331E+09  8.54584E+10  1.60741E+01
 0.290  1.19625E+01  6.85516E+09  3.22298E+10  4.19455E+10  5.84403E+09  1.08772E+09  9.05101E+10  1.05940E+01
 0.300  1.24125E+01  6.86764E+09  3.30716E+10  4.34105E+10  6.04858E+09  7.92606E+08  9.46956E+10  8.91066E+00
 0.310  1.29750E+01  6.82478E+09  3.37892E+10  4.46770E+10  5.90642E+09  6.65244E+08  9.94695E+10  7.45499E+00
 0.320  1.35000E+01  7.77065E+09  3.42998E+10  4.56461E+10  6.73779E+09  5.45430E+08  1.02991E+11  6.14289E+00
 0.330  1.40625E+01  7.47623E+09  3.47706E+10  4.65244E+10  6.35159E+09  4.60915E+08  1.08576E+11  5.24826E+00
 0.340  1.47375E+01  1.00401E+10  3.55239E+10  4.77022E+10  8.68482E+09  5.96576E+08  1.15706E+11  6.69649E+00
 0.350  1.57125E+01  1.05578E+10  3.60532E+10  4.86014E+10  9.17311E+09  4.44202E+08  1.25928E+11  5.13277E+00
 0.360  1.63125E+01  1.36938E+10  3.68978E+10  4.98384E+10  1.20806E+10  5.85494E+08  1.34389E+11  6.09459E+00
 0.370  1.68750E+01  1.36838E+10  3.81436E+10  5.15313E+10  1.18445E+10  9.52461E+08  1.43435E+11  9.97240E+00
 0.380  1.74750E+01  1.33450E+10  3.89063E+10  5.26804E+10  1.18205E+10  6.49625E+08  1.43548E+11  6.94568E+00
 0.390  1.80750E+01  1.44132E+10  3.99229E+10  5.41117E+10  1.27240E+10  7.71933E+08  1.42622E+11  8.66826E+00
 0.400  1.84500E+01  1.50155E+10  4.07259E+10  5.52956E+10  1.34167E+10  6.39018E+08  1.47306E+11  6.75029E+00
 0.410  1.89000E+01  1.82469E+10  4.18781E+10  5.68814E+10  1.63225E+10  8.30046E+08  1.51831E+11  1.01006E+01
 0.420  1.95000E+01  2.03587E+10  4.42311E+10  5.98845E+10  1.79547E+10  1.60690E+09  1.60593E+11  1.70397E+01
 0.430  2.00250E+01  2.12454E+10  4.64933E+10  6.28237E+10  1.89862E+10  1.75658E+09  1.65192E+11  2.18238E+01
 0.440  2.07375E+01  2.13471E+10  4.97710E+10  6.70839E+10  1.88776E+10  2.03283E+09  1.73628E+11  2.21513E+01
 0.450  2.11875E+01  1.85901E+10  5.23034E+10  7.05233E+10  1.65992E+10  1.60967E+09  1.78226E+11  1.69521E+01
 0.460  2.17125E+01  1.79940E+10  5.46201E+10  7.37274E+10  1.56315E+10  1.60502E+09  1.83826E+11  1.78346E+01
 0.470  2.21625E+01  1.61161E+10  5.62010E+10  7.60891E+10  1.41499E+10  1.19325E+09  1.88726E+11  1.37918E+01
 0.480  2.26125E+01  1.50026E+10  5.80313E+10  7.88292E+10  1.31646E+10  9.22764E+08  1.97278E+11  9.85527E+00
 0.490  2.30625E+01  1.37693E+10  5.87063E+10  7.99199E+10  1.19157E+10  9.43701E+08  1.95974E+11  1.03534E+01
 0.500  2.35125E+01  1.14632E+10  5.93991E+10  8.11530E+10  9.91385E+09  6.15919E+08  1.97000E+11  7.17530E+00
