  38
 0.130  9.12895E-02 -2.18791E-01  1.59199E-01  1.19870E+01  1.78575E+01 -2.67297E+01  9.06778E-01 -8.54497E-02  4.12858E-01  3.10507E+01   1.870   1.240  3.66265E+08  3.57609E+08  2.04482E+07  0.00000E+00  2.83418E+08  2.37630E-01  9.62998E+01   7.701   7.477
 0.140  1.32162E-01 -4.91280E-02 -1.23723E-01  1.38095E+01 -7.47854E+00 -2.62968E+01  5.80633E-01 -7.45761E-01  3.26659E-01  3.34707E+01   2.374   1.550  3.32858E+08  3.21473E+08  3.13015E+07  3.63299E+06  3.61735E+08  3.73118E-01  9.53470E+01   8.031   7.768
 0.150 -8.37298E-02  6.72015E-02  9.42006E-02 -2.92035E+00 -3.18633E+01 -7.32820E+00  6.94700E-01 -5.84001E-01  4.19922E-01  5.63129E+01   2.442   1.052  7.19816E+08  7.31811E+08  1.03766E+08  1.24581E+07  6.55213E+08  7.72824E-01  1.33845E+02   8.006   7.869
 0.160 -1.38282E-01 -8.26349E-02 -2.30175E-02  1.02170E+01 -2.04623E+00  7.63020E+00  2.60772E-01 -9.64693E-01 -3.69626E-02  1.17209E+02   3.028   1.776  6.38955E+08  6.50442E+08  1.40630E+08  2.22778E+07  7.15155E+08  1.07450E+00  1.43050E+02   8.176   7.989
 0.170 -1.59764E-01 -1.24775E-03 -3.43317E-01 -2.29740E+01 -1.35412E+01 -1.22166E+01  5.47497E-01 -7.03571E-01 -4.53028E-01  1.17095E+02   3.085   1.877  8.60438E+08  9.00095E+08  2.21049E+08  3.84435E+07  7.37353E+08  1.33514E+00  1.71991E+02   8.041   7.991
 0.180 -4.73256E-01  1.74791E-01  8.93096E-02 -1.80160E+01 -2.05666E+01 -8.92497E+00  3.40619E-01 -8.97248E-01 -2.80935E-01  1.96163E+02   3.718   1.668  2.37617E+09  2.51803E+09  4.69366E+08  6.32330E+07  1.07681E+09  4.32184E+00  1.51361E+02   8.063   8.030
 0.190 -2.34235E-01 -1.52235E-01  2.25107E-01 -4.89240E+00 -7.74874E+00 -3.63531E+00  6.17230E-01 -7.83580E-01 -7.09161E-02  1.04732E+02   3.186   1.748  2.34456E+09  3.10252E+09  1.36571E+09  7.29037E+07  1.08886E+09  1.19933E+01  1.25449E+02   8.361   8.293
 0.200  4.01134E-02  4.25747E-02  1.26372E-02  4.67965E+00 -6.37458E+00 -3.67665E-01  8.29183E-01 -4.72439E-01 -2.98759E-01  6.05055E+01   1.952   0.478  1.03943E+09  2.16800E+09  1.86487E+09  2.41928E+07  4.74969E+08  1.44277E+01  1.23957E+02   8.701   8.500
 0.210  3.35505E-01 -2.24237E-01  5.92559E-01  3.31821E+01 -8.63671E+01 -7.65573E+00  8.97499E-01  9.12409E-02 -4.31475E-01  2.77311E+02   4.418   1.664  2.75009E+09  2.85202E+09  1.32014E+09  1.87324E+08  1.51761E+09  2.47090E+00  2.57389E+02   8.295   8.471
 0.220 -7.09594E-02 -2.07936E-01 -7.60177E-02 -8.81215E+00  5.39254E+01 -1.84695E+01  8.17533E-01 -1.36570E-01 -5.59453E-01  1.65441E+02   2.387   0.578  1.75624E+09  3.27265E+09  3.16514E+09  1.19389E+08  7.54314E+08  2.07505E+01  2.03438E+02   8.588   8.520
 0.230  1.79967E-01  1.91391E-01  1.57947E-01  2.08398E+00 -6.46973E+00  1.17145E+01  9.11737E-01  1.01668E-02 -4.10648E-01  3.01890E+02   4.633   1.996  2.82177E+09  3.86875E+09  4.82018E+09  4.61297E+08  2.11562E+09  1.46518E+01  2.61735E+02   8.492   8.528
 0.240  3.71000E-02  7.87232E-02 -4.68289E-02 -3.28500E+00 -1.54030E+01 -1.53683E+00  8.85766E-01  3.37889E-01 -3.18198E-01  2.39055E+02   4.686   1.551  1.49056E+09  2.34281E+09  5.04063E+09  3.61379E+08  1.70658E+09  9.89247E+00  3.14440E+02   8.620   8.553
 0.250 -2.25467E-02  1.52176E-01 -1.44307E-01 -2.77237E+00 -1.65769E+01  5.23719E+01  7.96384E-01  5.96433E-01  1.00199E-01  3.69277E+02   4.892   1.779  3.23200E+09  3.60414E+09  3.47836E+09  3.64737E+08  1.93587E+09  7.80671E+00  4.08405E+02   8.436   8.532
 0.260 -2.87117E-02 -1.02416E-01  1.74758E-01  2.67060E+00 -5.61427E+00  6.10863E+00  7.10684E-01  6.82459E-01  1.70816E-01  2.01337E+02   3.554   0.748  3.30581E+09  4.72202E+09  5.68312E+09  8.27898E+08  2.19003E+09  1.85742E+01  4.46227E+02   8.658   8.565
 0.270  2.50430E-01 -2.29723E-01 -2.85338E-01 -2.37803E+01  7.96172E+00 -1.02021E+01  7.31189E-01  5.87071E-01  3.47435E-01  4.29819E+02   4.617   1.359  2.89339E+09  4.42755E+09  8.83243E+09  1.54120E+09  3.25702E+09  1.59023E+01  4.49619E+02   8.645   8.594
 0.280  1.05433E-01 -3.31355E-01  2.02357E-01  1.80106E+01  1.72391E+01 -1.82318E+01  6.84759E-01  6.30994E-01  3.64625E-01  7.03795E+02   7.042   1.243  3.45673E+09  4.55530E+09  1.00934E+10  1.76739E+09  4.12723E+09  1.43747E+01  5.00677E+02   8.540   8.590
 0.290  1.32952E-02 -2.11079E-01  5.97011E-01  2.04091E+01 -2.86266E+01  1.09160E+01  7.06464E-01  6.21440E-01  3.38705E-01  8.56274E+02   7.800   2.134  3.37355E+09  3.97713E+09  1.11689E+10  2.17824E+09  5.76015E+09  8.74088E+00  5.91155E+02   8.515   8.560
 0.300 -1.54067E-01  1.55387E-01  3.53350E-01  1.93442E+00 -5.11164E+00  5.06533E+00  7.12748E-01  6.15279E-01  3.36783E-01  1.06184E+03   8.569   1.458  3.57743E+09  4.03415E+09  1.12247E+10  1.94313E+09  4.99279E+09  7.80681E+00  6.73849E+02   8.475   8.567
 0.310  3.79465E-01 -4.55900E-01  3.09156E-01  6.09635E+00 -1.70115E+01 -2.31774E+00  6.68610E-01  6.61695E-01  3.39294E-01  1.11467E+03   8.726   1.335  3.20413E+09  3.49560E+09  1.12621E+10  1.98299E+09  4.81786E+09  6.14267E+00  7.68925E+02   8.469   8.551
 0.320 -8.85737E-01  5.25864E-01  3.13481E-01 -2.96099E+01  1.04389E+01  4.03887E+01  6.33591E-01  7.32815E-01  2.48083E-01  1.56686E+03  11.964   2.201  5.15332E+09  5.18370E+09  1.26817E+10  2.69641E+09  7.60832E+09  5.64210E+00  8.71756E+02   8.353   8.526
 0.330 -1.10704E+00  1.34702E+00 -5.38886E-01 -2.75663E+01  2.80009E+01  3.90431E+01  6.72415E-01  7.08444E-01  2.14396E-01  1.48632E+03  11.315   2.158  4.53210E+09  4.58069E+09  1.24802E+10  2.48990E+09  7.07241E+09  4.87051E+00  9.76813E+02   8.355   8.523
 0.340 -1.39608E-01 -2.45686E-02 -5.07862E-01 -1.82434E+01  1.38804E+01  1.51117E+01  6.49523E-01  7.22529E-01  2.36797E-01  1.69283E+03  11.716   2.590  5.61062E+09  5.54898E+09  1.33919E+10  2.74979E+09  8.11371E+09  5.33964E+00  1.08159E+03   8.311   8.508
 0.350  1.69353E-01 -1.35976E-01 -8.40565E-01 -1.79282E+01  1.16519E+01  4.78431E+00  6.53235E-01  7.39512E-01  1.62496E-01  1.89469E+03  13.476   2.783  6.78650E+09  6.56605E+09  1.37875E+10  2.86918E+09  9.41624E+09  4.71931E+00  1.18438E+03   8.273   8.497
 0.360 -1.66629E-01  4.72154E-01  4.78007E-01  4.96473E+00  2.88276E+00  9.39906E+00  5.92787E-01  7.69622E-01  2.37247E-01  1.94494E+03  13.150   3.394  7.48547E+09  7.28092E+09  1.43095E+10  3.09839E+09  1.01714E+10  4.67908E+00  1.27363E+03   8.264   8.480
 0.370  1.28882E+00 -9.36628E-01  5.20299E-01  1.02075E+01  7.31445E+00 -2.79360E+01  5.26038E-01  8.07048E-01  2.68250E-01  1.94576E+03  14.075   3.163  8.35834E+09  8.39375E+09  1.54956E+10  3.18369E+09  1.08116E+10  8.54313E+00  1.33224E+03   8.276   8.468
 0.380 -6.43074E-01  6.02514E-01 -3.43866E-01  2.48873E+00 -5.15288E-01  2.71071E+01  5.45881E-01  8.07993E-01  2.21723E-01  1.81158E+03  13.277   3.004  7.59863E+09  7.56369E+09  1.56745E+10  3.12428E+09  9.93319E+09  6.20545E+00  1.41779E+03   8.304   8.464
 0.390  6.93172E-01  3.56760E-02 -1.46258E-01  4.17847E+00 -1.32566E+01 -2.10536E+00  5.51590E-01  8.14965E-01  1.77709E-01  2.12846E+03  15.764   2.680  9.70082E+09  9.69482E+09  1.66459E+10  3.29424E+09  9.90351E+09  8.12326E+00  1.45975E+03   8.286   8.451
 0.400 -1.68330E-01 -1.23450E-01  1.85840E+00  2.93949E+01 -3.11354E+01  2.42613E+01  6.19186E-01  7.59442E-01  1.99639E-01  2.23635E+03  16.308   3.308  1.02149E+10  9.98456E+09  1.72772E+10  3.36016E+09  1.12057E+10  5.94440E+00  1.54301E+03   8.291   8.446
 0.410  1.10128E+00 -8.13817E-01 -3.52003E-01  2.14738E+01 -4.42303E+00 -7.26694E+00  6.29457E-01  7.38715E-01  2.41006E-01  2.01428E+03  15.294   2.504  1.14754E+10  1.14464E+10  1.75508E+10  3.12161E+09  9.56996E+09  8.95051E+00  1.62590E+03   8.290   8.451
 0.420 -8.97826E-02 -6.33604E-01  2.33848E+00  3.28464E+01 -4.23157E+01  4.53167E+01  6.20523E-01  7.26047E-01  2.96323E-01  2.00949E+03  15.364   2.958  1.28107E+10  1.33859E+10  1.96755E+10  3.24030E+09  1.04546E+10  1.60348E+01  1.59518E+03   8.319   8.438
 0.430  2.72792E-01 -5.51795E-01  1.15408E+00  6.48347E+00 -1.81264E+01  1.63500E+01  5.61116E-01  7.56097E-01  3.36847E-01  1.71244E+03  13.343   2.379  1.20596E+10  1.28857E+10  2.06067E+10  2.88297E+09  8.74498E+09  2.05274E+01  1.60917E+03   8.377   8.450
 0.440 -2.69776E-01  6.26498E-01 -2.43192E-01 -1.62995E+01 -5.87801E+00  4.02194E+01  5.96348E-01  7.21132E-01  3.52615E-01  1.84439E+03  15.631   2.793  1.32178E+10  1.41175E+10  2.46442E+10  3.64753E+09  1.06352E+10  1.96073E+01  1.55203E+03   8.389   8.441
 0.450 -3.49824E-01  5.51238E-01 -4.44107E-01 -1.04950E+01  3.05630E+00  4.33014E+01  5.72998E-01  7.38422E-01  3.55536E-01  1.79291E+03  13.233   1.798  1.00154E+10  1.08761E+10  2.44364E+10  2.76690E+09  7.52626E+09  1.59388E+01  1.57643E+03   8.449   8.463
 0.460  3.42770E-01  1.02089E+00 -2.07854E+00 -5.37115E+01  2.23748E+01  2.89790E+01  5.76229E-01  7.19395E-01  3.87854E-01  2.06982E+03  14.743   2.352  1.02162E+10  1.09306E+10  2.78150E+10  3.48573E+09  9.48591E+09  1.70183E+01  1.59446E+03   8.466   8.456
 0.470  2.79249E-01 -3.67269E-01  3.99545E-01 -1.50731E+00  6.66922E+00 -1.21405E+01  5.60012E-01  7.21612E-01  4.07018E-01  2.03501E+03  14.181   1.823  9.05028E+09  9.60338E+09  2.75995E+10  3.02588E+09  8.08254E+09  1.31347E+01  1.67302E+03   8.483   8.470
 0.480  2.21627E+00 -1.06110E+00 -2.90474E-01 -2.63262E+01  4.22985E+01 -2.54771E+01  5.46771E-01  7.10358E-01  4.43209E-01  2.21763E+03  16.096   2.937  9.49878E+09  9.69596E+09  3.09217E+10  3.99669E+09  1.13366E+10  9.43445E+00  1.75214E+03   8.485   8.460
 0.490  1.25947E+00  3.90168E-01 -1.92311E+00 -5.67885E+01  5.67216E+01 -2.46975E+01  5.19465E-01  7.22816E-01  4.55733E-01  2.38128E+03  15.745   2.055  8.23060E+09  8.53176E+09  3.01862E+10  3.41058E+09  8.92049E+09  1.00424E+01  1.82851E+03   8.495   8.473
 0.500  1.06662E+00 -4.41779E-01 -2.58094E-01 -1.49641E+01  3.84568E+01 -4.11288E+01  4.98248E-01  7.59593E-01  4.18052E-01  2.09298E+03  15.027   2.118  6.05571E+09  6.12182E+09  3.02631E+10  3.31367E+09  8.67565E+09  6.55617E+00  1.95406E+03   8.538   8.478
