  38
 0.130   1.870  8.88718E-01  9.86017E-01  7.58668E-01
 0.140   2.374  2.26388E+00  2.13519E+00  2.04414E+00
 0.150   2.442  4.13026E+00  4.87374E+00  3.02700E+00
 0.160   3.028  3.00642E+00  2.86682E+00  3.56816E+00
 0.170   3.085  2.36178E+00  2.38217E+00  1.98941E+00
 0.180   3.718  1.00506E+01  1.08085E+01  8.21154E+00
 0.190   3.186  2.22564E+01  2.28499E+01  1.98310E+01
 0.200   1.952  2.22869E+01  2.11202E+01  2.28965E+01
 0.210   4.418  8.50208E+00  8.85319E+00  9.15987E+00
 0.220   2.387  2.50934E+01  2.40421E+01  2.39754E+01
 0.230   4.633  1.67550E+01  1.73682E+01  1.61675E+01
 0.240   4.686  1.23103E+01  1.15892E+01  1.41168E+01
 0.250   4.892  1.42449E+01  1.49862E+01  1.20343E+01
 0.260   3.554  4.65404E+01  4.48740E+01  4.63069E+01
 0.270   4.617  1.88469E+01  1.78891E+01  2.28657E+01
 0.280   7.042  1.55017E+01  1.54355E+01  1.62696E+01
 0.290   7.800  9.23628E+00  8.95851E+00  1.03385E+01
 0.300   8.569  8.48111E+00  8.30827E+00  8.51274E+00
 0.310   8.726  6.39298E+00  6.27232E+00  6.49988E+00
 0.320  11.964  5.80178E+00  5.65076E+00  5.77857E+00
 0.330  11.315  5.02044E+00  5.22760E+00  4.96813E+00
 0.340  11.716  5.47488E+00  5.45384E+00  5.36866E+00
 0.350  13.476  4.80170E+00  4.82380E+00  4.65720E+00
 0.360  13.150  4.69858E+00  4.34763E+00  5.18466E+00
 0.370  14.075  8.94225E+00  8.57369E+00  9.54100E+00
 0.380  13.277  6.25150E+00  6.17554E+00  6.47621E+00
 0.390  15.764  8.37572E+00  8.53698E+00  8.32754E+00
 0.400  16.308  5.96539E+00  6.03188E+00  6.25542E+00
 0.410  15.294  9.33238E+00  9.23625E+00  8.71250E+00
 0.420  15.364  1.64014E+01  1.56690E+01  1.75132E+01
 0.430  13.343  2.12256E+01  2.18566E+01  1.89051E+01
 0.440  15.631  2.15318E+01  2.08662E+01  2.28599E+01
 0.450  13.233  1.65458E+01  1.61792E+01  1.77305E+01
 0.460  14.743  1.76379E+01  1.74411E+01  1.78324E+01
 0.470  14.181  1.35879E+01  1.34784E+01  1.33245E+01
 0.480  16.096  9.73366E+00  9.50744E+00  1.04240E+01
 0.490  15.745  1.01841E+01  1.00402E+01  1.03977E+01
 0.500  15.027  6.76404E+00  6.68401E+00  6.34946E+00
