  40
 0.110   1.010   0.485  2.40274E+06  2.64983E+06  2.39367E+06  6.25923E+01  0.00000E+00  0.00000E+00  0.00000E+00  2.40274E+06  2.64983E+06  2.39367E+06
 0.120   1.197   0.675  2.24655E+06  2.52015E+06  2.22864E+06  1.19988E+02  1.60862E+05  1.97886E+05  1.57420E+05  2.08569E+06  2.32227E+06  2.07122E+06
 0.130   1.502   0.668  2.82731E+06  3.34636E+06  2.78957E+06  2.22240E+02  5.57483E+05  6.91834E+05  5.44224E+05  2.26983E+06  2.65452E+06  2.24535E+06
 0.140   1.704   1.306  2.58710E+06  3.17714E+06  2.54516E+06  3.07308E+02  1.06852E+06  1.32281E+06  1.05191E+06  1.51858E+06  1.85433E+06  1.49325E+06
 0.150   2.133   1.288  1.60945E+07  1.92516E+07  1.59197E+07  2.35682E+02  5.04440E+06  6.26918E+06  4.96100E+06  1.10501E+07  1.29824E+07  1.09587E+07
 0.160   2.469   1.605  2.94746E+07  3.39862E+07  2.92249E+07  1.94325E+02  5.27776E+06  6.64825E+06  5.16841E+06  2.41969E+07  2.73380E+07  2.40565E+07
 0.170   3.322   2.441  2.73972E+07  3.23190E+07  2.72472E+07  1.58807E+02  4.97082E+06  6.10565E+06  4.91126E+06  2.24264E+07  2.62134E+07  2.23359E+07
 0.180   3.692   1.571  6.61980E+07  7.74712E+07  6.56224E+07  2.36344E+02  1.92287E+07  2.40693E+07  1.89054E+07  4.69693E+07  5.34018E+07  4.67170E+07
 0.190   2.773   1.806  1.99228E+07  2.26451E+07  1.98370E+07  1.35328E+02  2.81648E+06  3.57140E+06  2.75877E+06  1.71063E+07  1.90737E+07  1.70783E+07
 0.200   2.809   1.297  8.23783E+07  9.88115E+07  8.18174E+07  2.31025E+02  2.14991E+07  2.70301E+07  2.11892E+07  6.08792E+07  7.17814E+07  6.06282E+07
 0.210   4.237   2.054  1.22103E+08  1.51088E+08  1.20960E+08  3.41880E+02  5.36357E+07  6.80012E+07  5.29265E+07  6.84670E+07  8.30865E+07  6.80331E+07
 0.220   4.240   2.146  2.22024E+08  2.67022E+08  2.20223E+08  3.02365E+02  5.10785E+07  6.54604E+07  5.01729E+07  1.70946E+08  2.01562E+08  1.70050E+08
 0.230   4.785   2.077  1.58063E+08  1.96238E+08  1.56077E+08  4.65568E+02  3.45962E+07  4.50261E+07  3.37533E+07  1.23467E+08  1.51212E+08  1.22324E+08
 0.240   3.352   1.641  1.54188E+08  1.89578E+08  1.52541E+08  4.28685E+02  2.54597E+07  3.32790E+07  2.48318E+07  1.28728E+08  1.56299E+08  1.27709E+08
 0.250   5.087   1.793  4.55822E+08  5.55213E+08  4.51657E+08  3.89826E+02  6.74877E+07  8.88221E+07  6.57536E+07  3.88334E+08  4.66391E+08  3.85904E+08
 0.260   4.921   1.662  4.14909E+08  5.22604E+08  4.09408E+08  5.74337E+02  8.02271E+07  1.06033E+08  7.79987E+07  3.34682E+08  4.16571E+08  3.31409E+08
 0.270   6.131   1.888  5.86545E+08  7.44536E+08  5.77253E+08  6.85841E+02  1.50090E+08  1.98667E+08  1.45727E+08  4.36455E+08  5.45869E+08  4.31527E+08
 0.280   5.949   2.932  6.66631E+08  8.41288E+08  6.55971E+08  7.16263E+02  1.53240E+08  2.04343E+08  1.48333E+08  5.13392E+08  6.36945E+08  5.07639E+08
 0.290   8.597   2.633  7.95411E+08  1.00257E+09  7.83717E+08  6.90591E+02  2.00860E+08  2.65651E+08  1.95315E+08  5.94551E+08  7.36923E+08  5.88402E+08
 0.300   6.582   1.900  1.92202E+09  2.30986E+09  1.90678E+09  4.07102E+02  2.17463E+08  2.88502E+08  2.11214E+08  1.70456E+09  2.02136E+09  1.69557E+09
 0.310   5.700   1.710  3.02218E+09  3.64999E+09  3.00308E+09  3.53870E+02  2.30839E+08  3.06533E+08  2.23970E+08  2.79134E+09  3.34346E+09  2.77911E+09
 0.320   4.880   1.149  4.01188E+09  4.85887E+09  3.99138E+09  3.12400E+02  2.16404E+08  2.85672E+08  2.10411E+08  3.79548E+09  4.57320E+09  3.78097E+09
 0.330   4.952   1.108  5.25679E+09  6.42164E+09  5.22933E+09  3.36916E+02  2.55604E+08  3.36739E+08  2.48877E+08  5.00118E+09  6.08490E+09  4.98045E+09
 0.340   2.673   0.570  5.42126E+09  6.66814E+09  5.39212E+09  3.64795E+02  1.16637E+08  1.56069E+08  1.12567E+08  5.30463E+09  6.51207E+09  5.27955E+09
 0.350   7.490   0.995  6.18142E+09  7.81489E+09  6.13526E+09  5.09789E+02  4.60124E+08  6.07609E+08  4.50477E+08  5.72129E+09  7.20729E+09  5.68478E+09
 0.360   9.308   2.197  6.32986E+09  8.19558E+09  6.26616E+09  6.92349E+02  7.38743E+08  9.85239E+08  7.22475E+08  5.59112E+09  7.21034E+09  5.54369E+09
 0.370   8.223   1.867  5.97239E+09  7.83024E+09  5.90086E+09  8.28672E+02  6.21666E+08  8.36043E+08  6.06248E+08  5.35072E+09  6.99420E+09  5.29461E+09
 0.380  12.398   3.081  6.38566E+09  8.45830E+09  6.29723E+09  9.79890E+02  9.34928E+08  1.26554E+09  9.11241E+08  5.45073E+09  7.19276E+09  5.38599E+09
 0.390  14.149   2.498  6.08585E+09  8.12919E+09  5.99142E+09  1.11677E+03  8.52730E+08  1.16147E+09  8.28868E+08  5.23312E+09  6.96771E+09  5.16255E+09
 0.400  13.502   3.743  6.50011E+09  8.70947E+09  6.38737E+09  1.24372E+03  9.67238E+08  1.32516E+09  9.36590E+08  5.53287E+09  7.38431E+09  5.45078E+09
 0.410  16.327   5.261  4.24670E+09  5.71676E+09  4.15785E+09  1.42050E+03  6.91516E+08  9.49941E+08  6.66995E+08  3.55519E+09  4.76682E+09  3.49085E+09
 0.420  14.781   4.880  4.69082E+09  6.28784E+09  4.59238E+09  1.44356E+03  6.88358E+08  9.48531E+08  6.62496E+08  4.00246E+09  5.33931E+09  3.92989E+09
 0.430   3.405   0.537  5.86305E+09  7.61166E+09  5.75726E+09  1.17197E+03  1.65715E+08  2.27720E+08  1.56994E+08  5.69734E+09  7.38394E+09  5.60027E+09
 0.440   7.061   2.096  7.75780E+09  1.02234E+10  7.60189E+09  1.30715E+03  5.83712E+08  7.95962E+08  5.61759E+08  7.17409E+09  9.42741E+09  7.04013E+09
 0.450  12.022   2.710  8.00652E+09  1.06421E+10  7.83031E+09  1.44229E+03  8.01422E+08  1.10338E+09  7.70260E+08  7.20509E+09  9.53871E+09  7.06005E+09
 0.460  13.781   4.361  8.41040E+09  1.12565E+10  8.21340E+09  1.55361E+03  9.54898E+08  1.32219E+09  9.16888E+08  7.45550E+09  9.93434E+09  7.29651E+09
 0.470  17.309   4.132  8.81758E+09  1.18382E+10  8.59895E+09  1.65061E+03  1.00044E+09  1.38969E+09  9.58671E+08  7.81715E+09  1.04485E+10  7.64028E+09
 0.480  16.767   3.613  8.56922E+09  1.15524E+10  8.34358E+09  1.75754E+03  1.01334E+09  1.40588E+09  9.70362E+08  7.55588E+09  1.01465E+10  7.37322E+09
 0.490  19.375   4.795  8.55821E+09  1.15757E+10  8.32475E+09  1.85195E+03  1.08067E+09  1.50409E+09  1.03295E+09  7.47754E+09  1.00716E+10  7.29180E+09
 0.500  19.075   3.847  8.71412E+09  1.18148E+10  8.46470E+09  1.94078E+03  1.04242E+09  1.44890E+09  9.95278E+08  7.67170E+09  1.03659E+10  7.46942E+09
