  40
 0.110   8.000   1.010  1.03727E+10  8.37248E+08  5.19270E+07  5.97268E+07  9.48350E+09  7.00192E+07  1.67864E+07  1.93498E+07  6.31019E+08  1.04686E+09  5.20856E+07  5.99196E+07  1.04101E+10  9.04305E+07  2.11290E+07  2.43847E+07  9.23167E+08
 0.120   9.500   1.197  1.37439E+10  9.56932E+08  8.67542E+07  1.01580E+08  1.27002E+10  4.96041E+07  2.33806E+07  2.74764E+07  5.27180E+08  1.01706E+09  8.67734E+07  1.01602E+08  1.29530E+10  6.44455E+07  3.07353E+07  3.60798E+07  7.43090E+08
 0.130  11.000   1.502  1.66376E+10  1.23550E+09  1.07216E+08  1.27976E+08  1.52949E+10  2.65227E+07  3.14434E+07  3.76357E+07  6.93706E+08  1.07999E+09  1.05888E+08  1.26447E+08  1.42210E+10  8.94735E+07  4.70542E+07  5.60607E+07  1.11447E+09
 0.140  12.500   1.704  2.02416E+10  1.80767E+09  1.35900E+08  1.63738E+08  1.82980E+10  6.34575E+07  4.14406E+07  5.04255E+07  8.70375E+08  1.34576E+09  1.32184E+08  1.59343E+08  1.42482E+10  1.10024E+08  5.98380E+07  7.26336E+07  1.42848E+09
 0.150  18.250   2.133  5.04468E+10  4.60600E+09  3.23396E+08  3.90445E+08  4.55174E+10  1.33313E+08  9.66836E+07  1.16883E+08  1.92207E+09  1.54844E+09  1.82542E+08  2.20877E+08  1.64268E+10  1.60171E+08  1.11596E+08  1.34971E+08  2.42340E+09
 0.160  22.000   2.469  7.20158E+10  7.44213E+09  6.21133E+08  7.29509E+08  6.39525E+10  8.40986E+08  1.95821E+08  2.25174E+08  2.62185E+09  4.05775E+09  5.76504E+08  6.76299E+08  3.60384E+10  9.29424E+08  2.22642E+08  2.57265E+08  3.41607E+09
 0.170  25.250   3.322  9.05309E+10  8.60878E+09  9.33498E+08  1.12205E+09  8.09886E+10  1.38277E+08  2.17338E+08  2.63332E+08  2.36179E+09  3.24150E+09  6.60797E+08  7.92372E+08  2.77178E+10  3.31552E+08  2.94796E+08  3.55950E+08  3.69408E+09
 0.180  28.000   3.692  1.04536E+11  9.80344E+09  1.19000E+09  1.44072E+09  9.35429E+10  5.65506E+08  3.76477E+08  4.60031E+08  4.74138E+09  4.36731E+09  1.04973E+09  1.26702E+09  3.25773E+10  1.17934E+09  5.09736E+08  6.15008E+08  6.94803E+09
 0.190  30.250   2.773  1.14103E+11  1.00886E+10  1.93823E+09  2.32525E+09  1.02076E+11  1.39605E+09  8.59805E+08  1.00844E+09  5.66421E+09  3.91462E+09  1.75049E+09  2.08983E+09  3.12730E+10  1.31289E+09  7.72045E+08  9.02642E+08  4.79517E+09
 0.200  32.000   2.809  1.13294E+11  9.32101E+09  2.40677E+09  2.95537E+09  1.01567E+11  4.98745E+08  1.31308E+09  1.59051E+09  6.45195E+09  2.73053E+09  2.18432E+09  2.67659E+09  3.05333E+10  4.14063E+08  1.17570E+09  1.42092E+09  5.18741E+09
 0.210  33.500   4.237  1.12303E+11  9.54220E+09  2.55113E+09  3.19108E+09  1.00210E+11  8.06483E+08  1.40494E+09  1.74479E+09  6.90089E+09  3.32887E+09  2.28887E+09  2.85869E+09  2.97563E+10  1.06817E+09  1.65292E+09  2.05696E+09  9.83917E+09
 0.220  35.500   4.240  1.17641E+11  1.03097E+10  2.89203E+09  3.63081E+09  1.04439E+11  1.59568E+09  1.77651E+09  2.21563E+09  8.48858E+09  3.99020E+09  2.66751E+09  3.34241E+09  3.27118E+10  1.96992E+09  1.99264E+09  2.48671E+09  1.10640E+10
 0.230  37.750   4.785  1.25095E+11  1.09181E+10  3.56949E+09  4.47631E+09  1.10607E+11  8.93808E+08  2.42268E+09  3.01163E+09  9.18204E+09  3.22701E+09  3.36171E+09  4.20647E+09  3.34658E+10  1.27537E+09  2.72359E+09  3.39312E+09  1.29830E+10
 0.240  40.750   3.352  1.38150E+11  1.16641E+10  4.07921E+09  5.15407E+09  1.22407E+11  1.61312E+09  3.06125E+09  3.83726E+09  1.10292E+10  3.42833E+09  3.83051E+09  4.82916E+09  3.31945E+10  1.32885E+09  2.80160E+09  3.50489E+09  8.38757E+09
 0.250  44.000   5.087  1.54812E+11  1.25550E+10  4.85845E+09  6.14718E+09  1.37399E+11  9.03827E+08  3.94993E+09  4.96660E+09  1.30707E+10  2.94432E+09  4.64385E+09  5.86616E+09  3.60352E+10  1.18526E+09  4.13324E+09  5.20225E+09  1.57909E+10
 0.260  52.750   4.921  2.35514E+11  1.78446E+10  6.87574E+09  8.80613E+09  2.10794E+11  1.87948E+09  4.50127E+09  5.74010E+09  1.65814E+10  3.04691E+09  4.95965E+09  6.33849E+09  3.58207E+10  1.75028E+09  4.41890E+09  5.63333E+09  1.51887E+10
 0.270  58.750   6.131  2.89646E+11  2.05895E+10  7.62834E+09  9.81640E+09  2.61428E+11  1.57017E+09  5.09390E+09  6.53947E+09  2.09582E+10  3.28009E+09  5.52931E+09  7.10837E+09  4.26817E+10  1.64184E+09  5.14035E+09  6.60031E+09  2.22254E+10
 0.280  67.750   5.949  3.98008E+11  2.51803E+10  1.04277E+10  1.32592E+10  3.62400E+11  3.99111E+09  5.98880E+09  7.66316E+09  3.00084E+10  6.27525E+09  6.99428E+09  8.90521E+09  5.33742E+10  3.27719E+09  5.74376E+09  7.35233E+09  2.44390E+10
 0.290  72.750   8.597  4.48565E+11  2.69855E+10  1.18034E+10  1.51143E+10  4.09776E+11  3.05510E+09  8.95523E+09  1.14186E+10  3.46893E+10  5.08637E+09  9.74426E+09  1.24285E+10  5.16835E+10  3.99595E+09  9.43933E+09  1.20356E+10  4.28395E+10
 0.300  77.000   6.582  4.82222E+11  2.58860E+10  1.45095E+10  1.84600E+10  4.41826E+11  4.67998E+09  1.14805E+10  1.45447E+10  4.19926E+10  6.95006E+09  1.21666E+10  1.54179E+10  5.84247E+10  3.80337E+09  1.09185E+10  1.38304E+10  3.41263E+10
 0.310  81.000   5.700  5.07833E+11  2.48678E+10  1.65245E+10  2.11710E+10  4.66440E+11  5.84381E+09  1.37109E+10  1.74736E+10  4.31077E+10  7.04655E+09  1.42062E+10  1.81109E+10  5.55249E+10  4.22073E+09  1.24578E+10  1.58669E+10  2.81104E+10
 0.320  84.000   4.880  5.18938E+11  2.33913E+10  1.91278E+10  2.45905E+10  4.76419E+11  4.97285E+09  1.63763E+10  2.09402E+10  4.55578E+10  5.59444E+09  1.67985E+10  2.14950E+10  5.62087E+10  2.96439E+09  1.42672E+10  1.81940E+10  2.31822E+10
 0.330  86.750   4.952  5.25177E+11  2.20873E+10  2.12932E+10  2.75075E+10  4.81797E+11  4.03621E+09  1.86489E+10  2.39799E+10  4.90448E+10  4.51127E+09  1.90851E+10  2.45570E+10  5.86983E+10  2.57999E+09  1.62671E+10  2.08454E+10  2.40953E+10
 0.340  88.750   2.673  5.12759E+11  2.02112E+10  2.32928E+10  3.02459E+10  4.69255E+11  3.30501E+09  2.09533E+10  2.70998E+10  5.17410E+10  3.55211E+09  2.12812E+10  2.75375E+10  5.93332E+10  1.67526E+09  1.49218E+10  1.91226E+10  1.13500E+10
 0.350  90.750   7.490  5.05413E+11  1.91292E+10  2.44202E+10  3.20167E+10  4.61863E+11  2.20622E+09  2.19753E+10  2.87093E+10  5.12321E+10  2.41513E+09  2.22393E+10  2.90637E+10  5.73499E+10  1.76460E+09  2.13309E+10  2.78449E+10  4.09561E+10
 0.360  94.000   9.308  5.18336E+11  1.91666E+10  2.47092E+10  3.27533E+10  4.74460E+11  2.37742E+09  2.23343E+10  2.95228E+10  5.45272E+10  2.54827E+09  2.25069E+10  2.97567E+10  5.87211E+10  2.34897E+09  2.23048E+10  2.94830E+10  5.38702E+10
 0.370 100.250   8.223  5.86583E+11  2.26916E+10  2.63162E+10  3.52239E+10  5.37575E+11  2.77974E+09  2.25700E+10  3.01260E+10  5.84537E+10  2.77242E+09  2.25632E+10  3.01167E+10  5.82877E+10  2.08283E+09  2.19327E+10  2.92600E+10  4.61577E+10
 0.380 107.250  12.398  6.68011E+11  2.74522E+10  2.67659E+10  3.60670E+10  6.13793E+11  2.78627E+09  2.27624E+10  3.06074E+10  6.38733E+10  2.43850E+09  2.25658E+10  3.03389E+10  5.87115E+10  3.55046E+09  2.31366E+10  3.11185E+10  7.59890E+10
 0.390 112.750  14.149  7.18464E+11  3.11373E+10  2.69122E+10  3.64594E+10  6.60415E+11  2.60144E+09  2.28994E+10  3.09902E+10  6.95816E+10  2.31020E+09  2.25547E+10  3.05172E+10  6.00205E+10  3.96595E+09  2.34388E+10  3.17304E+10  9.17770E+10
 0.400 117.500  13.502  7.55042E+11  3.31850E+10  2.75868E+10  3.74126E+10  6.94270E+11  5.30188E+09  2.35165E+10  3.19394E+10  8.50603E+10  3.98803E+09  2.30164E+10  3.12576E+10  6.87923E+10  6.75695E+09  2.38519E+10  3.23949E+10  1.01159E+11
 0.410 121.750  16.327  7.84012E+11  3.46887E+10  2.81603E+10  3.83045E+10  7.21163E+11  3.91859E+09  2.35640E+10  3.20857E+10  7.44815E+10  2.95713E+09  2.29981E+10  3.13093E+10  5.77899E+10  6.09697E+09  2.42048E+10  3.29630E+10  1.07615E+11
 0.420 126.000  14.781  8.14666E+11  3.61457E+10  2.88684E+10  3.93192E+10  7.49652E+11  4.27272E+09  2.43231E+10  3.31315E+10  7.57874E+10  3.39394E+09  2.36494E+10  3.22047E+10  5.72410E+10  5.38082E+09  2.46977E+10  3.36429E+10  9.14582E+10
 0.430 129.500   3.405  8.34496E+11  3.61287E+10  3.07469E+10  4.16456E+10  7.67620E+11  4.36791E+09  2.65429E+10  3.59021E+10  8.19253E+10  3.57526E+09  2.57036E+10  3.47465E+10  6.01352E+10  2.09269E+09  1.87915E+10  2.52385E+10  1.49133E+10
 0.440 133.250   7.061  8.49658E+11  3.67915E+10  3.25386E+10  4.40633E+10  7.80328E+11  4.35971E+09  2.86836E+10  3.87630E+10  8.82104E+10  3.62626E+09  2.74168E+10  3.70196E+10  6.19953E+10  2.82583E+09  2.57476E+10  3.47145E+10  3.99464E+10
 0.450 136.000  12.022  8.53625E+11  3.77812E+10  3.33021E+10  4.52673E+10  7.82541E+11  3.85491E+09  3.01186E+10  4.08718E+10  9.41894E+10  3.02066E+09  2.88348E+10  3.90962E+10  6.54489E+10  3.50565E+09  2.96338E+10  4.02014E+10  8.16215E+10
 0.460 139.000  13.781  8.57273E+11  3.91913E+10  3.36890E+10  4.59843E+10  7.84393E+11  5.20088E+09  3.05099E+10  4.15814E+10  9.39079E+10  3.32281E+09  2.91584E+10  3.97069E+10  6.36238E+10  5.12118E+09  3.04779E+10  4.15372E+10  9.29998E+10
 0.470 141.500  17.309  8.55905E+11  4.04803E+10  3.41880E+10  4.67813E+10  7.81237E+11  4.53192E+09  3.09678E+10  4.23242E+10  9.59779E+10  2.99371E+09  2.95360E+10  4.03320E+10  6.33077E+10  6.03548E+09  3.16366E+10  4.32521E+10  1.21124E+11
 0.480 144.750  16.767  8.63216E+11  4.18027E+10  3.45424E+10  4.74086E+10  7.86871E+11  5.60252E+09  3.15354E+10  4.32366E+10  1.03844E+11  3.32642E+09  2.98714E+10  4.09255E+10  6.58635E+10  7.94704E+09  3.20785E+10  4.39862E+10  1.23529E+11
 0.490 148.250  19.375  8.75674E+11  4.33302E+10  3.49064E+10  4.80187E+10  7.97437E+11  5.34865E+09  3.17436E+10  4.36431E+10  1.05552E+11  2.85215E+09  3.00250E+10  4.12498E+10  6.52890E+10  9.04017E+09  3.27016E+10  4.49687E+10  1.44030E+11
 0.500 153.000  19.075  9.05999E+11  4.53870E+10  3.52778E+10  4.86178E+10  8.25334E+11  6.29187E+09  3.20626E+10  4.41874E+10  1.07585E+11  2.74829E+09  3.00122E+10  4.13401E+10  6.36384E+10  9.72022E+09  3.29526E+10  4.54012E+10  1.38959E+11
