  40
 0.110  8.96442E+07  2.09778E+07  2.42123E+07  8.50159E+07  1.10746E+07  9.07787E+08  1.71516E-01
 0.120  5.25269E+07  2.50913E+07  2.94803E+07  5.00517E+07  9.66774E+06  5.71492E+08  1.01935E-01
 0.130  1.91710E+07  2.73458E+07  3.27837E+07  1.72468E+07  7.12719E+06  5.94439E+08  8.67098E-02
 0.140  4.29021E+07  3.09192E+07  3.76468E+07  4.03705E+07  3.97853E+06  6.06826E+08  4.70470E-02
 0.150  4.73689E+07  4.75312E+07  5.74383E+07  4.50037E+07  1.48981E+07  7.44503E+08  1.76540E-01
 0.160  2.51698E+08  5.71682E+07  6.34517E+07  2.43189E+08  4.19226E+07  3.52257E+08  7.43025E-01
 0.170  2.36339E+07  4.69088E+07  5.75747E+07  2.16371E+07  9.82145E+06  4.99994E+08  4.45180E-02
 0.180  8.91280E+06  8.99782E+07  1.12178E+08  8.00898E+06  5.21316E+06  8.69709E+08  7.09364E-02
 0.190  2.88462E+08  1.29255E+08  1.48141E+08  2.80147E+08  8.17825E+07  3.85845E+08  1.16720E+00
 0.200  4.22874E+07  4.33172E+08  5.13179E+08  3.88611E+07  2.50115E+08  6.90214E+08  9.70061E-01
 0.210  7.90556E+07  4.72353E+08  5.79655E+08  7.51294E+07  3.33282E+07  7.59718E+08  4.97111E-01
 0.220  1.13828E+08  4.98771E+08  6.24906E+08  1.09094E+08  2.00077E+07  7.99208E+08  2.65958E-01
 0.230  3.29408E+08  9.32230E+08  1.13548E+09  3.21980E+08  3.33900E+08  9.51601E+08  3.72017E+00
 0.240  3.14641E+08  1.31250E+09  1.62127E+09  3.07721E+08  2.36924E+08  1.14614E+09  2.29572E+00
 0.250  2.97836E+08  1.76629E+09  2.18543E+09  2.89958E+08  3.60837E+08  1.29920E+09  3.89458E+00
 0.260  1.94795E+08  1.90230E+09  2.39610E+09  1.88808E+08  1.69084E+08  1.29446E+09  1.76343E+00
 0.270  1.94931E+08  2.07792E+09  2.63414E+09  1.89818E+08  2.30506E+08  1.33520E+09  2.10659E+00
 0.280  2.42630E+08  2.26699E+09  2.87496E+09  2.37325E+08  2.93871E+08  1.25705E+09  3.84395E+00
 0.290  5.79264E+08  3.19963E+09  4.01830E+09  5.71560E+08  6.73504E+08  1.80926E+09  9.53625E+00
 0.300  8.97398E+08  4.26598E+09  5.32278E+09  8.84908E+08  9.25577E+08  2.05302E+09  1.25730E+01
 0.310  1.04501E+09  5.03894E+09  6.31549E+09  1.03202E+09  9.11542E+08  2.07563E+09  1.01149E+01
 0.320  4.24772E+08  5.17533E+09  6.54117E+09  4.16589E+08  6.07586E+08  1.77592E+09  5.60584E+00
 0.330  3.60057E+08  5.05640E+09  6.47447E+09  3.51407E+08  3.77813E+08  1.77068E+09  3.92633E+00
 0.340  8.84437E+08  6.89266E+09  8.74314E+09  8.68325E+08  1.21397E+09  2.12693E+09  1.52463E+01
 0.350  3.77774E+08  5.52448E+09  7.09637E+09  3.69324E+08  4.74427E+08  1.70483E+09  5.06991E+00
 0.360  8.07502E+07  4.67738E+09  6.10172E+09  7.63996E+07  1.17782E+08  1.45442E+09  1.14945E+00
 0.370  5.23091E+07  3.99283E+09  5.27005E+09  4.95422E+07  3.72353E+07  1.23543E+09  3.85226E-01
 0.380  3.44480E+07  4.00651E+09  5.34263E+09  3.24076E+07  2.03609E+07  1.21673E+09  2.16826E-01
 0.390  2.69022E+07  4.23197E+09  5.68566E+09  2.49127E+07  1.58580E+07  1.30328E+09  1.71029E-01
 0.400  3.54403E+08  4.03649E+09  5.43353E+09  3.46422E+08  8.99820E+07  1.27767E+09  1.50490E+00
 0.410  9.49738E+07  4.07784E+09  5.49104E+09  9.04449E+07  6.93192E+07  1.19387E+09  6.08658E-01
 0.420  1.77505E+08  4.17231E+09  5.62817E+09  1.71223E+08  9.56302E+07  1.28257E+09  1.05021E+00
 0.430  5.50506E+08  5.14362E+09  6.81671E+09  5.37888E+08  5.81306E+08  1.44228E+09  8.28246E+00
 0.440  4.64187E+08  6.34466E+09  8.28674E+09  4.56879E+08  5.55512E+08  1.51569E+09  4.92401E+00
 0.450  1.16105E+08  5.74480E+09  7.62008E+09  1.12407E+08  1.20759E+08  1.49674E+09  1.12141E+00
 0.460  6.43502E+07  5.88218E+09  7.86856E+09  6.15144E+07  6.33316E+07  1.45750E+09  6.05666E-01
 0.470  5.24557E+07  5.13940E+09  6.91871E+09  5.01232E+07  4.47527E+07  1.30128E+09  4.92517E-01
 0.480  3.80950E+07  5.05581E+09  6.84952E+09  3.57383E+07  2.78496E+07  1.35108E+09  2.60217E-01
 0.490  1.94732E+07  4.05595E+09  5.52693E+09  1.81827E+07  1.20641E+07  1.18264E+09  1.18739E-01
 0.500  1.61463E+07  3.84410E+09  5.25927E+09  1.49857E+07  6.50874E+06  1.10092E+09  7.20275E-02
