  40
 0.110  1.20000E+00  1.09547E+08  2.41682E+07  2.78493E+07  1.03660E+08  1.31554E+07  1.18904E+09  2.04884E-01
 0.120  1.42500E+00  7.94230E+07  3.71272E+07  4.35404E+07  7.39420E+07  1.54681E+07  9.64321E+08  1.52745E-01
 0.130  1.65000E+00  1.14583E+08  5.24411E+07  6.23832E+07  1.07199E+08  1.49644E+07  1.28341E+09  1.90881E-01
 0.140  1.87500E+00  1.42043E+08  6.67139E+07  8.08330E+07  1.32359E+08  1.07792E+07  1.64007E+09  1.30048E-01
 0.150  2.73750E+00  2.29826E+08  1.29517E+08  1.56708E+08  2.08779E+08  3.64374E+07  3.46961E+09  4.10407E-01
 0.160  3.30000E+00  1.26047E+09  2.88690E+08  3.36831E+08  1.17689E+09  1.34917E+08  6.18075E+09  2.28088E+00
 0.170  3.78750E+00  4.43973E+08  3.27477E+08  3.94817E+08  3.93823E+08  1.05932E+08  4.59913E+09  5.67557E-01
 0.180  4.20000E+00  1.51246E+09  5.70102E+08  6.85683E+08  1.41344E+09  1.34006E+08  8.33021E+09  2.20786E+00
 0.190  4.53750E+00  1.88969E+09  1.22991E+09  1.45483E+09  1.74780E+09  5.84094E+08  1.05068E+10  7.33190E+00
 0.200  4.80000E+00  9.03539E+08  1.70191E+09  2.07379E+09  8.13698E+08  3.75627E+08  1.20384E+10  1.92333E+00
 0.210  5.02500E+00  1.32416E+09  1.79133E+09  2.23123E+09  1.18719E+09  1.17932E+08  1.24093E+10  1.62134E+00
 0.220  5.32500E+00  2.46433E+09  2.24242E+09  2.80139E+09  2.26471E+09  3.11014E+08  1.51961E+10  4.32284E+00
 0.230  5.66250E+00  1.64066E+09  2.92682E+09  3.65018E+09  1.48330E+09  5.56163E+08  1.63648E+10  5.49903E+00
 0.240  6.11250E+00  2.30296E+09  3.54435E+09  4.45702E+09  2.05552E+09  4.38857E+08  1.87567E+10  4.91602E+00
 0.250  6.60000E+00  1.80376E+09  4.40616E+09  5.55457E+09  1.57132E+09  6.22783E+08  2.19217E+10  6.08336E+00
 0.260  7.91250E+00  2.55870E+09  4.84539E+09  6.18852E+09  2.21210E+09  3.37428E+08  2.72723E+10  4.06600E+00
 0.270  8.81250E+00  2.58033E+09  5.44083E+09  6.99392E+09  2.17766E+09  3.96794E+08  3.61536E+10  3.61318E+00
 0.280  1.01625E+01  6.57930E+09  7.27041E+09  9.21504E+09  5.58958E+09  1.41174E+09  5.45605E+10  1.97260E+01
 0.290  1.09125E+01  5.70233E+09  9.85987E+09  1.25785E+10  4.85615E+09  1.17402E+09  5.76387E+10  1.42462E+01
 0.300  1.15500E+01  8.20743E+09  1.24482E+10  1.57745E+10  6.92904E+09  2.18196E+09  6.97528E+10  2.66805E+01
 0.310  1.21500E+01  8.14594E+09  1.45322E+10  1.85373E+10  7.05602E+09  1.68366E+09  6.99961E+10  1.96278E+01
 0.320  1.26000E+01  6.46763E+09  1.72756E+10  2.21267E+10  5.48846E+09  1.70450E+09  7.36562E+10  1.58970E+01
 0.330  1.30125E+01  5.86452E+09  1.96820E+10  2.53514E+10  4.79337E+09  1.75820E+09  8.14703E+10  1.83981E+01
 0.340  1.33125E+01  4.47801E+09  2.18227E+10  2.82648E+10  3.64844E+09  1.84418E+09  8.09118E+10  2.10679E+01
 0.350  1.36125E+01  3.27067E+09  2.28860E+10  2.99359E+10  2.62487E+09  8.88380E+08  8.11024E+10  9.61025E+00
 0.360  1.41000E+01  3.51378E+09  2.33107E+10  3.08484E+10  2.84971E+09  3.44430E+08  8.68432E+10  3.51588E+00
 0.370  1.50375E+01  3.85341E+09  2.34396E+10  3.13112E+10  3.19484E+09  2.02784E+08  9.24775E+10  2.10774E+00
 0.380  1.60875E+01  4.77030E+09  2.36555E+10  3.18290E+10  4.01065E+09  1.94921E+08  1.02901E+11  1.90812E+00
 0.390  1.69125E+01  5.32775E+09  2.37615E+10  3.21744E+10  4.65209E+09  1.36417E+08  1.13559E+11  1.74613E+00
 0.400  1.76250E+01  1.00043E+10  2.43502E+10  3.30662E+10  8.57742E+09  3.93919E+08  1.39186E+11  5.67315E+00
 0.410  1.82625E+01  7.43766E+09  2.44285E+10  3.32684E+10  6.32203E+09  2.62661E+08  1.23962E+11  3.21293E+00
 0.420  1.89000E+01  7.74982E+09  2.51728E+10  3.42904E+10  6.44399E+09  5.64736E+08  1.21202E+11  6.65664E+00
 0.430  1.94250E+01  7.65252E+09  2.91590E+10  3.94626E+10  6.01111E+09  1.67124E+09  1.35424E+11  2.16030E+01
 0.440  1.99875E+01  6.37454E+09  3.02226E+10  4.08742E+10  5.22751E+09  9.79297E+08  1.40678E+11  9.60063E+00
 0.450  2.04000E+01  6.12721E+09  3.13127E+10  4.25208E+10  5.01348E+09  5.36917E+08  1.47608E+11  5.45854E+00
 0.460  2.08500E+01  8.69608E+09  3.18148E+10  4.33835E+10  7.39617E+09  3.84629E+08  1.46960E+11  4.14806E+00
 0.470  2.12250E+01  8.17637E+09  3.22492E+10  4.41015E+10  7.00495E+09  4.37699E+08  1.52114E+11  4.73051E+00
 0.480  2.17125E+01  1.15324E+10  3.28673E+10  4.50766E+10  1.02258E+10  3.00344E+08  1.65973E+11  3.25500E+00
 0.490  2.22375E+01  1.31210E+10  3.32114E+10  4.56562E+10  1.16738E+10  3.15023E+08  1.68534E+11  3.47923E+00
 0.500  2.29500E+01  1.38663E+10  3.35499E+10  4.62123E+10  1.22898E+10  3.30429E+08  1.70843E+11  3.76548E+00
