  40
 0.110  8.00000E+00  1.03727E+10  7.46680E+01
 0.120  9.50000E+00  1.37439E+10  7.88728E+01
 0.130  1.10000E+01  1.66376E+10  8.06460E+01
 0.140  1.25000E+01  2.02416E+10  8.34452E+01
 0.150  1.82500E+01  5.04468E+10  1.09023E+02
 0.160  2.20000E+01  7.20158E+10  1.18642E+02
 0.170  2.52500E+01  9.05309E+10  1.24166E+02
 0.180  2.80000E+01  1.04536E+11  1.26704E+02
 0.190  3.02500E+01  1.14103E+11  1.27356E+02
 0.200  3.20000E+01  1.13294E+11  1.23385E+02
 0.210  3.35000E+01  1.12303E+11  1.20063E+02
 0.220  3.55000E+01  1.17641E+11  1.19371E+02
 0.230  3.77500E+01  1.25095E+11  1.19370E+02
 0.240  4.07500E+01  1.38150E+11  1.20738E+02
 0.250  4.40000E+01  1.54812E+11  1.23002E+02
 0.260  5.27500E+01  2.35514E+11  1.38558E+02
 0.270  5.87500E+01  2.89646E+11  1.45601E+02
 0.280  6.77500E+01  3.98008E+11  1.58937E+02
 0.290  7.27500E+01  4.48565E+11  1.62828E+02
 0.300  7.70000E+01  4.82222E+11  1.64101E+02
 0.310  8.10000E+01  5.07833E+11  1.64192E+02
 0.320  8.40000E+01  5.18938E+11  1.62987E+02
 0.330  8.67500E+01  5.25177E+11  1.61344E+02
 0.340  8.87500E+01  5.12759E+11  1.57618E+02
 0.350  9.07500E+01  5.05413E+11  1.54751E+02
 0.360  9.40000E+01  5.18336E+11  1.53984E+02
 0.370  1.00250E+02  5.86583E+11  1.58620E+02
 0.380  1.07250E+02  6.68011E+11  1.63654E+02
 0.390  1.12750E+02  7.18464E+11  1.65531E+02
 0.400  1.17500E+02  7.55042E+11  1.66227E+02
 0.410  1.21750E+02  7.84012E+11  1.66403E+02
 0.420  1.26000E+02  8.14666E+11  1.66740E+02
 0.430  1.29500E+02  8.34496E+11  1.66461E+02
 0.440  1.33250E+02  8.49658E+11  1.65586E+02
 0.450  1.36000E+02  8.53625E+11  1.64285E+02
 0.460  1.39000E+02  8.57273E+11  1.62850E+02
 0.470  1.41500E+02  8.55905E+11  1.61276E+02
 0.480  1.44750E+02  8.63216E+11  1.60134E+02
 0.490  1.48250E+02  8.75674E+11  1.59371E+02
 0.500  1.53000E+02  9.05999E+11  1.59570E+02
