  40
 0.110  8.29687E-02  3.84618E-02  1.96015E-02 -4.09568E+01 -9.16231E+01 -2.10884E+01   1.010  9.04305E+07  9.69371E+07  2.11290E+07  0.00000E+00  9.23167E+08  1.73073E-01  1.40896E+02   7.164   7.031
 0.120  2.45062E-02 -1.30460E-01  6.09946E-02  1.64390E+01 -3.86851E+01 -1.99596E+01   1.197  6.44455E+07  7.30656E+07  3.07353E+07  5.33225E+06  7.43090E+08  1.23467E-01  1.60857E+02   7.239   7.196
 0.130  6.03437E-02 -3.02926E-01 -1.07078E-01  8.22641E-01 -6.56745E+01 -8.59164E+00   1.502  8.94735E+07  9.67009E+07  4.70542E+07  1.24954E+07  1.11447E+09  1.64469E-01  2.03642E+02   7.401   7.255
 0.140 -1.54071E-01 -5.49488E-01 -1.22169E-01  1.93548E+01 -2.91130E+01  1.17004E+01   1.704  1.10024E+08  1.10945E+08  5.98380E+07  2.03600E+07  1.42848E+09  1.04143E-01  2.64967E+02   7.293   7.255
 0.150  1.76115E-01 -6.00635E-02  1.24727E-01  7.62040E+00 -2.10511E+01 -1.70675E+00   2.133  1.60171E+08  1.78746E+08  1.11596E+08  3.79904E+07  2.42340E+09  3.64019E-01  2.73480E+02   7.496   7.324
 0.160 -2.19265E-02  2.53960E-02  1.42814E-01 -2.88207E+01 -2.55271E+00 -5.08649E+01   2.469  9.29424E+08  9.93426E+08  2.22642E+08  5.18543E+07  3.41607E+09  1.98829E+00  1.91442E+02   7.632   7.437
 0.170 -3.06399E-01  9.08667E-02 -8.30540E-01 -2.58837E+01 -5.97463E+01  3.12616E+01   3.322  3.31552E+08  3.88476E+08  2.94796E+08  5.78297E+07  3.69408E+09  4.75590E-01  2.49900E+02   7.644   7.551
 0.180  5.82441E-01 -1.04452E+00  1.30362E+00  9.42193E-01 -2.37211E+01  2.40829E+01   3.692  1.17934E+09  1.21769E+09  5.09736E+08  1.63576E+08  6.94803E+09  1.79970E+00  2.82474E+02   7.720   7.575
 0.190  1.96233E-01 -3.20085E-01 -1.81728E-01 -3.21308E+00  6.08567E+01  8.48270E+00   2.773  1.31289E+09  1.66170E+09  7.72045E+08  1.65722E+08  4.79517E+09  5.79729E+00  2.01961E+02   7.950   7.760
 0.200  2.45105E-01  6.79519E-02 -3.17625E-01 -2.65193E+01 -6.17204E+01 -5.96835E+00   2.809  4.14063E+08  7.28590E+08  1.17570E+09  2.74659E+08  5.18741E+09  1.66675E+00  2.43244E+02   8.028   7.944
 0.210  3.56044E-01 -1.66346E-01 -2.92385E-01 -4.19087E+00 -4.14808E+01 -2.81993E+01   4.237  1.06817E+09  1.08049E+09  1.65292E+09  5.28955E+08  9.83917E+09  1.49083E+00  3.63284E+02   8.020   7.919
 0.220 -8.84358E-01 -1.37282E-01 -6.10701E-01  1.63663E+01  3.29157E+01 -1.62654E+01   4.240  1.96992E+09  2.10937E+09  1.99264E+09  5.81804E+08  1.10640E+10  3.92282E+00  4.23604E+02   8.043   7.934
 0.230  1.83409E-01 -2.74142E-01 -1.80243E-01 -1.98079E+01 -1.26566E+01 -8.92248E+00   4.785  1.27537E+09  1.69612E+09  2.72359E+09  6.78211E+08  1.29830E+10  5.15921E+00  4.37666E+02   8.279   8.045
 0.240  1.96110E-01 -1.08311E-01 -1.43493E-01  2.42821E+00 -1.03328E+01  1.68509E+01   3.352  1.32885E+09  1.65712E+09  2.80160E+09  4.87648E+08  8.38757E+09  4.58205E+00  4.61546E+02   8.300   8.223
 0.250 -9.44644E-02 -2.70350E-01 -1.43145E-01 -1.99487E+01 -1.21276E+00 -5.24380E+00   5.087  1.18526E+09  1.66608E+09  4.13324E+09  8.46386E+08  1.57909E+10  5.83056E+00  5.20411E+02   8.378   8.269
 0.260 -4.80721E-01  5.50303E-02 -2.72161E-02  1.03285E+01  6.11799E+00  1.21635E+00   4.921  1.75028E+09  1.91541E+09  4.41890E+09  8.32431E+08  1.51887E+10  3.80039E+00  6.03130E+02   8.239   8.316
 0.270 -5.71432E-01 -1.17506E+00  4.40033E-02 -7.75073E+01  2.48789E+01 -3.43123E+01   6.131  1.64184E+09  1.84368E+09  5.14035E+09  1.03452E+09  2.22254E+10  3.49060E+00  6.84603E+02   8.226   8.333
 0.280  5.76744E-02 -3.17276E-01  3.38691E-01 -2.92757E+00  3.82407E+01 -1.86805E+01   5.949  3.27719E+09  3.61901E+09  5.74376E+09  9.66601E+08  2.44390E+10  9.38180E+00  7.12709E+02   8.144   8.357
 0.290 -1.19631E+00 -1.63172E-01 -9.65701E-01 -2.50353E+01  1.19925E+01 -8.80296E+00   8.597  3.99595E+09  4.61628E+09  9.43933E+09  3.27028E+09  4.28395E+10  1.38397E+01  6.96990E+02   8.273   8.313
 0.300  2.00115E-01  8.41256E-02  4.01522E-01 -2.35835E+01 -1.18727E+01 -3.71664E+01   6.582  3.80337E+09  5.35531E+09  1.09185E+10  2.79623E+09  3.41263E+10  2.42588E+01  6.77728E+02   8.361   8.378
 0.310 -2.06612E-01 -8.93769E-02 -4.80671E-01 -1.85800E+01  9.13435E+00 -1.98496E+01   5.700  4.22073E+09  5.46015E+09  1.24578E+10  2.64052E+09  2.81104E+10  1.79743E+01  6.99265E+02   8.395   8.440
 0.320 -8.67388E-02 -5.50068E-01  7.92669E-02 -7.57905E+00 -1.21531E+01 -2.51941E+01   4.880  2.96439E+09  4.37187E+09  1.42672E+10  2.32329E+09  2.31822E+10  1.49596E+01  6.99182E+02   8.538   8.491
 0.330 -1.33690E-01  9.92454E-03 -1.76439E-01  2.47145E+01  3.20767E+01  2.57463E+01   4.952  2.57999E+09  4.03431E+09  1.62671E+10  2.41109E+09  2.40953E+10  1.75786E+01  7.43995E+02   8.549   8.508
 0.340  2.71353E-02  1.19758E-01  6.23175E-02  9.17687E+00 -2.04422E+01  1.71166E+01   2.673  1.67526E+09  3.35345E+09  1.49218E+10  1.33014E+09  1.13500E+10  2.02589E+01  7.42693E+02   8.679   8.572
 0.350  4.62951E-02 -9.78165E-03  4.69439E-02 -5.22610E-01 -2.50528E+01 -2.11708E+00   7.490  1.76460E+09  2.38971E+09  2.13309E+10  3.80912E+09  4.09561E+10  9.34673E+00  9.23340E+02   8.581   8.523
 0.360 -2.29869E-01 -9.87713E-02  1.11399E-01  3.92172E+01 -4.68809E+01 -1.01186E+01   9.308  2.34897E+09  2.34358E+09  2.23048E+10  4.33215E+09  5.38702E+10  3.49415E+00  1.07089E+03   8.393   8.520
 0.370  4.94797E-01 -7.11700E-01  1.14714E-01 -2.42213E+01 -3.03431E+01 -1.12065E+00   8.223  2.08283E+09  2.03212E+09  2.19327E+10  3.99836E+09  4.61577E+10  2.06698E+00  1.20387E+03   8.360   8.527
 0.380  2.32869E-01 -4.80216E-01 -7.05344E-03 -6.42542E+00  1.78067E-01  3.68963E+00  12.398  3.55046E+09  3.26377E+09  2.31366E+10  4.90426E+09  7.59890E+10  1.86767E+00  1.37242E+03   8.258   8.510
 0.390 -1.09545E+00 -1.54842E+00 -1.29994E-01 -1.36820E+01  1.11724E+01 -4.32138E+00  14.149  3.96595E+09  3.64498E+09  2.34388E+10  5.12541E+09  9.17770E+10  1.71309E+00  1.52789E+03   8.215   8.505
 0.400  3.48665E-01  1.90019E+00 -6.52105E-01  2.60109E+01  5.48857E+01  1.48897E+01  13.502  6.75695E+09  6.17693E+09  2.38519E+10  5.26469E+09  1.01159E+11  4.83714E+00  1.66552E+03   8.082   8.500
 0.410 -7.22128E-01 -1.27517E-01 -1.07235E+00 -2.39882E+01  6.03413E+00 -3.59065E+00  16.327  6.09697E+09  5.45832E+09  2.42048E+10  5.24555E+09  1.07615E+11  3.14443E+00  1.78815E+03   8.104   8.499
 0.420  3.18101E-01  1.62749E+00 -4.08562E-01  1.46210E+01 -2.68165E+01  1.49488E+01  14.781  5.38082E+09  5.11817E+09  2.46977E+10  5.09280E+09  9.14582E+10  6.56470E+00  1.88666E+03   8.171   8.499
 0.430  1.74404E-01 -3.43417E-01  5.79912E-01 -1.02020E+02 -9.06995E+01 -6.49305E+01   3.405  2.09269E+09  3.48371E+09  1.87915E+10  1.67799E+09  1.49133E+10  2.01971E+01  1.76620E+03   8.474   8.573
 0.440 -3.60137E-01 -9.59701E-02 -3.97302E-01  1.13912E+01  1.25940E+01  1.66743E+01   7.061  2.82583E+09  3.50569E+09  2.57476E+10  3.67175E+09  3.99464E+10  9.40189E+00  1.88542E+03   8.418   8.535
 0.450 -7.26564E-01 -7.82674E-02 -5.92758E-01 -4.56728E+00 -1.88499E+01  1.20742E+01  12.022  3.50565E+09  3.56880E+09  2.96338E+10  5.92389E+09  8.16215E+10  5.42821E+00  2.04366E+03   8.357   8.509
 0.460 -7.23296E-01 -1.21840E+00  2.15117E-01 -4.61905E+00 -1.68145E+01 -1.33045E+01  13.781  5.12118E+09  4.79087E+09  3.04779E+10  6.33924E+09  9.29998E+10  3.94482E+00  2.18405E+03   8.251   8.506
 0.470 -2.74341E+00 -1.34114E-01 -1.43586E+00  1.29107E+01  4.70574E+01 -8.26188E+00  17.309  6.03548E+09  5.62384E+09  3.16366E+10  6.96067E+09  1.21124E+11  4.69452E+00  2.32640E+03   8.212   8.498
 0.480 -1.63827E+00 -1.78253E-01 -7.03479E-01  8.96000E+00  5.11811E+01 -1.06318E+01  16.767  7.94704E+09  7.39003E+09  3.20785E+10  7.06138E+09  1.23529E+11  2.95826E+00  2.45512E+03   8.133   8.497
 0.490  9.29633E-01 -5.11110E-01  1.88616E-01 -2.62027E+01 -1.53057E+00 -1.33844E+01  19.375  9.04017E+09  8.27154E+09  3.27016E+10  7.38569E+09  1.44030E+11  2.86995E+00  2.60120E+03   8.110   8.493
 0.500 -2.77126E+00 -1.13682E+00 -1.23179E+00 -2.87395E+01  3.48044E+01 -1.37223E+01  19.075  9.72022E+09  8.94787E+09  3.29526E+10  7.35024E+09  1.38959E+11  2.89697E+00  2.73581E+03   8.106   8.491
