  40
 0.110   1.010  2.11290E+07  2.43847E+07  2.09211E+07  1.40896E+02  0.00000E+00  0.00000E+00  0.00000E+00  2.11290E+07  2.43847E+07  2.09211E+07
 0.120   1.197  3.07353E+07  3.60798E+07  3.04354E+07  1.60857E+02  5.33225E+06  6.39076E+06  5.28232E+06  2.54031E+07  2.96891E+07  2.51531E+07
 0.130   1.502  4.70542E+07  5.60607E+07  4.65175E+07  2.03642E+02  1.24954E+07  1.51895E+07  1.23434E+07  3.45588E+07  4.08713E+07  3.41741E+07
 0.140   1.704  5.98380E+07  7.26336E+07  5.90123E+07  2.64967E+02  2.03600E+07  2.50600E+07  2.00704E+07  3.94780E+07  4.75736E+07  3.89420E+07
 0.150   2.133  1.11596E+08  1.34971E+08  1.10133E+08  2.73480E+02  3.79904E+07  4.72731E+07  3.73354E+07  7.36056E+07  8.76976E+07  7.27976E+07
 0.160   2.469  2.22642E+08  2.57265E+08  2.20794E+08  1.91442E+02  5.18543E+07  6.50480E+07  5.09075E+07  1.70788E+08  1.92217E+08  1.69886E+08
 0.170   3.322  2.94796E+08  3.55950E+08  2.91937E+08  2.49900E+02  5.78297E+07  7.28981E+07  5.66589E+07  2.36966E+08  2.83052E+08  2.35278E+08
 0.180   3.692  5.09736E+08  6.15008E+08  5.04518E+08  2.82474E+02  1.63576E+08  2.04158E+08  1.61080E+08  3.46159E+08  4.10851E+08  3.43437E+08
 0.190   2.773  7.72045E+08  9.02642E+08  7.66895E+08  2.01961E+02  1.65722E+08  2.09142E+08  1.62904E+08  6.06323E+08  6.93500E+08  6.03991E+08
 0.200   2.809  1.17570E+09  1.42092E+09  1.16727E+09  2.43244E+02  2.74659E+08  3.45679E+08  2.70433E+08  9.01046E+08  1.07524E+09  8.96842E+08
 0.210   4.237  1.65292E+09  2.05696E+09  1.63596E+09  3.63284E+02  5.28955E+08  6.73125E+08  5.20428E+08  1.12396E+09  1.38384E+09  1.11554E+09
 0.220   4.240  1.99264E+09  2.48671E+09  1.96961E+09  4.23604E+02  5.81804E+08  7.48851E+08  5.70862E+08  1.41083E+09  1.73786E+09  1.39875E+09
 0.230   4.785  2.72359E+09  3.39312E+09  2.69264E+09  4.37666E+02  6.78211E+08  8.79237E+08  6.64065E+08  2.04538E+09  2.51389E+09  2.02857E+09
 0.240   3.352  2.80160E+09  3.50489E+09  2.77006E+09  4.61546E+02  4.87648E+08  6.37266E+08  4.75891E+08  2.31396E+09  2.86762E+09  2.29417E+09
 0.250   5.087  4.13324E+09  5.20225E+09  4.08239E+09  5.20411E+02  8.46386E+08  1.11016E+09  8.25348E+08  3.28685E+09  4.09209E+09  3.25705E+09
 0.260   4.921  4.41890E+09  5.63333E+09  4.35828E+09  6.03130E+02  8.32431E+08  1.09916E+09  8.09634E+08  3.58647E+09  4.53417E+09  3.54865E+09
 0.270   6.131  5.14035E+09  6.60031E+09  5.06234E+09  6.84603E+02  1.03452E+09  1.37143E+09  1.00460E+09  4.10583E+09  5.22888E+09  4.05774E+09
 0.280   5.949  5.74376E+09  7.35233E+09  5.65610E+09  7.12709E+02  9.66601E+08  1.28834E+09  9.35760E+08  4.77716E+09  6.06399E+09  4.72034E+09
 0.290   8.597  9.43933E+09  1.20356E+10  9.30335E+09  6.96990E+02  3.27028E+09  4.24244E+09  3.20493E+09  6.16905E+09  7.79319E+09  6.09843E+09
 0.300   6.582  1.09185E+10  1.38304E+10  1.07711E+10  6.77728E+02  2.79623E+09  3.67642E+09  2.73256E+09  8.12227E+09  1.01540E+10  8.03856E+09
 0.310   5.700  1.24578E+10  1.58669E+10  1.22902E+10  6.99265E+02  2.64052E+09  3.49990E+09  2.57473E+09  9.81732E+09  1.23670E+10  9.71550E+09
 0.320   4.880  1.42672E+10  1.81940E+10  1.40803E+10  6.99182E+02  2.32329E+09  3.09936E+09  2.25907E+09  1.19439E+10  1.50946E+10  1.18212E+10
 0.330   4.952  1.62671E+10  2.08454E+10  1.60443E+10  7.43995E+02  2.41109E+09  3.23223E+09  2.33910E+09  1.38560E+10  1.76132E+10  1.37052E+10
 0.340   2.673  1.49218E+10  1.91226E+10  1.47228E+10  7.42693E+02  1.33014E+09  1.79456E+09  1.28329E+09  1.35916E+10  1.73281E+10  1.34395E+10
 0.350   7.490  2.13309E+10  2.78449E+10  2.09824E+10  9.23340E+02  3.80912E+09  5.13278E+09  3.69159E+09  1.75217E+10  2.27121E+10  1.72908E+10
 0.360   9.308  2.23048E+10  2.94830E+10  2.18886E+10  1.07089E+03  4.33215E+09  5.86997E+09  4.18884E+09  1.79727E+10  2.36130E+10  1.76997E+10
 0.370   8.223  2.19327E+10  2.92600E+10  2.14823E+10  1.20387E+03  3.99836E+09  5.44358E+09  3.85504E+09  1.79343E+10  2.38164E+10  1.76272E+10
 0.380  12.398  2.31366E+10  3.11185E+10  2.26009E+10  1.37242E+03  4.90426E+09  6.70480E+09  4.71983E+09  1.82323E+10  2.44137E+10  1.78810E+10
 0.390  14.149  2.34388E+10  3.17304E+10  2.28413E+10  1.52789E+03  5.12541E+09  7.03354E+09  4.92037E+09  1.83134E+10  2.46969E+10  1.79209E+10
 0.400  13.502  2.38519E+10  3.23949E+10  2.31889E+10  1.66552E+03  5.26469E+09  7.24694E+09  5.04089E+09  1.85872E+10  2.51480E+10  1.81480E+10
 0.410  16.327  2.42048E+10  3.29630E+10  2.34814E+10  1.78815E+03  5.24555E+09  7.23628E+09  5.01015E+09  1.89593E+10  2.57267E+10  1.84712E+10
 0.420  14.781  2.46977E+10  3.36429E+10  2.39177E+10  1.88666E+03  5.09280E+09  7.03840E+09  4.85309E+09  1.96049E+10  2.66045E+10  1.90646E+10
 0.430   3.405  1.87915E+10  2.52385E+10  1.82125E+10  1.76620E+03  1.67799E+09  2.31254E+09  1.57959E+09  1.71135E+10  2.29260E+10  1.66329E+10
 0.440   7.061  2.57476E+10  3.47145E+10  2.49111E+10  1.88542E+03  3.67175E+09  5.06761E+09  3.47734E+09  2.20758E+10  2.96469E+10  2.14338E+10
 0.450  12.022  2.96338E+10  4.02014E+10  2.85994E+10  2.04366E+03  5.92389E+09  8.19851E+09  5.62240E+09  2.37099E+10  3.20029E+10  2.29770E+10
 0.460  13.781  3.04779E+10  4.15372E+10  2.93410E+10  2.18405E+03  6.33924E+09  8.79354E+09  6.00593E+09  2.41386E+10  3.27436E+10  2.33351E+10
 0.470  17.309  3.16366E+10  4.32521E+10  3.03851E+10  2.32640E+03  6.96067E+09  9.67866E+09  6.58231E+09  2.46759E+10  3.35735E+10  2.38028E+10
 0.480  16.767  3.20785E+10  4.39862E+10  3.07479E+10  2.45512E+03  7.06138E+09  9.82950E+09  6.66619E+09  2.50171E+10  3.41567E+10  2.40817E+10
 0.490  19.375  3.27016E+10  4.49687E+10  3.12737E+10  2.60120E+03  7.38569E+09  1.03003E+10  6.95881E+09  2.53159E+10  3.46684E+10  2.43149E+10
 0.500  19.075  3.29526E+10  4.54012E+10  3.14420E+10  2.73581E+03  7.35024E+09  1.02600E+10  6.90949E+09  2.56024E+10  3.51412E+10  2.45326E+10
