  40
 0.110   1.010  1.73073E-01  1.97545E-01  1.22737E-01
 0.120   1.197  1.23467E-01  1.29517E-01  1.41537E-01
 0.130   1.502  1.64469E-01  1.83671E-01  1.43857E-01
 0.140   1.704  1.04143E-01  1.19191E-01  9.88676E-02
 0.150   2.133  3.64019E-01  3.67827E-01  3.51597E-01
 0.160   2.469  1.98829E+00  2.48417E+00  1.26194E+00
 0.170   3.322  4.75590E-01  3.21288E-01  1.00397E+00
 0.180   3.692  1.79970E+00  2.22221E+00  1.19980E+00
 0.190   2.773  5.79729E+00  6.47418E+00  4.66328E+00
 0.200   2.809  1.66675E+00  9.97471E-01  3.78862E+00
 0.210   4.237  1.49083E+00  1.64430E+00  1.18463E+00
 0.220   4.240  3.92282E+00  4.40674E+00  3.05474E+00
 0.230   4.785  5.15921E+00  4.82514E+00  5.99980E+00
 0.240   3.352  4.58205E+00  4.63485E+00  4.60026E+00
 0.250   5.087  5.83056E+00  5.50235E+00  6.79481E+00
 0.260   4.921  3.80039E+00  3.87350E+00  3.46020E+00
 0.270   6.131  3.49060E+00  3.49556E+00  4.24299E+00
 0.280   5.949  9.38180E+00  9.83454E+00  7.87140E+00
 0.290   8.597  1.38397E+01  1.39734E+01  1.25319E+01
 0.300   6.582  2.42588E+01  2.53852E+01  2.12374E+01
 0.310   5.700  1.79743E+01  1.83324E+01  1.70670E+01
 0.320   4.880  1.49596E+01  1.36225E+01  1.88410E+01
 0.330   4.952  1.75786E+01  1.68701E+01  1.90814E+01
 0.340   2.673  2.02589E+01  1.92565E+01  1.94420E+01
 0.350   7.490  9.34673E+00  9.25606E+00  9.62731E+00
 0.360   9.308  3.49415E+00  3.30326E+00  3.92124E+00
 0.370   8.223  2.06698E+00  2.03634E+00  2.18856E+00
 0.380  12.398  1.86767E+00  1.74193E+00  2.13605E+00
 0.390  14.149  1.71309E+00  1.75433E+00  1.50107E+00
 0.400  13.502  4.83714E+00  5.50780E+00  3.70176E+00
 0.410  16.327  3.14443E+00  3.38980E+00  2.98512E+00
 0.420  14.781  6.56470E+00  6.41691E+00  6.31376E+00
 0.430   3.405  2.01971E+01  2.10967E+01  1.68929E+01
 0.440   7.061  9.40189E+00  9.48010E+00  1.09328E+01
 0.450  12.022  5.42821E+00  5.33274E+00  6.06789E+00
 0.460  13.781  3.94482E+00  3.91124E+00  4.07209E+00
 0.470  17.309  4.69452E+00  4.55511E+00  4.80862E+00
 0.480  16.767  2.95826E+00  2.99082E+00  3.04583E+00
 0.490  19.375  2.86995E+00  2.70995E+00  2.92971E+00
 0.500  19.075  2.89697E+00  2.80381E+00  2.98544E+00
