  26
 0.110 -1.24830E-01  2.74532E-01 -1.50465E-01 -1.10610E+01  1.77893E+00 -6.47330E+00 -5.42995E-01  1.50113E-01  8.26210E-01  6.62963E+00   0.900   0.535  4.59287E+07  4.82059E+07  4.20295E+06  0.00000E+00  2.81007E+07  6.17792E-02  3.79573E+01   7.694   7.513
 0.120 -8.14399E-02  3.57350E-02 -1.00132E-01  1.29125E+01 -1.01773E+01  2.25605E+00 -9.24452E-01  7.52873E-02 -3.73793E-01  6.11406E+00   1.000   0.615  1.54312E+07  1.51375E+07  1.09696E+06  3.56881E+05  2.11171E+07  4.84873E-03  1.51052E+02   7.880   7.669
 0.130 -1.19272E-01 -1.42005E-01 -7.16261E-02 -3.07817E+01 -1.66893E+01  2.81721E+01 -7.61199E-02  9.97079E-01  6.18522E-03  1.80502E+01   1.078   0.634  6.21187E+07  6.19231E+07  4.53403E+06  1.93765E+06  5.13795E+07  4.20296E-03  2.14069E+02   7.617   7.715
 0.140 -3.96733E-02 -2.75972E-02 -9.61586E-02 -8.22094E+00 -1.03277E+00 -1.13344E+00 -5.59563E-01  8.18232E-01 -1.31851E-01  1.25327E+01   1.326   0.604  9.30240E+07  9.55559E+07  1.08432E+07  1.54357E+06  7.64872E+07  1.34255E-01  1.11593E+02   8.137   7.895
 0.150 -8.72448E-02  1.34654E-02 -1.32601E-02  8.30288E+00 -2.55280E+00  2.67045E+00  4.64360E-01  6.00507E-01  6.50970E-01  1.93259E+01   1.359   0.500  1.29536E+08  1.38734E+08  2.66213E+07  3.40468E+06  8.08935E+07  2.00483E-01  1.57213E+02   8.091   8.099
 0.160  3.32795E-02 -8.70641E-02  8.87808E-02 -8.32362E-02  5.49594E+00 -5.71293E+00 -6.22720E-01  3.00280E-01  7.22532E-01  1.59500E+01   1.721   0.624  1.99977E+08  2.20080E+08  4.19847E+07  3.40930E+06  1.21548E+08  4.10863E-01  1.20949E+02   8.273   8.223
 0.170  5.15170E-01 -3.00184E-01  2.26265E-01 -3.86979E+01 -1.99393E+01  6.49852E+01 -4.96505E-01 -7.60978E-01 -4.17607E-01  7.77182E+01   2.073   1.168  5.08816E+08  5.09761E+08  3.60317E+07  4.45644E+06  1.91467E+08  3.87910E-01  1.41812E+02   8.086   7.970
 0.180 -8.72960E-02 -6.23155E-02 -1.66533E-02 -1.73471E+01 -9.60117E-01 -6.30045E-01 -5.17349E-01  1.38972E-01  8.44415E-01  3.08149E+01   2.053   0.649  6.10389E+08  8.20720E+08  3.35776E+08  1.76051E+07  3.09025E+08  3.73452E+00  1.18638E+02   8.465   8.344
 0.190 -1.23267E-01  6.66319E-02 -1.36649E-01 -1.83357E+01 -1.04157E+01 -1.16057E+01 -8.11728E-01  2.38556E-01  5.33093E-01  1.22507E+02   3.098   0.684  6.40331E+08  7.56694E+08  4.38711E+08  6.66067E+07  5.07642E+08  1.85379E+00  1.72231E+02   8.443   8.354
 0.200  1.39069E-01  4.96243E-01 -4.36653E-02 -1.17974E+01  1.83633E+01  7.83077E-01 -8.43874E-01  5.02365E-01  1.88432E-01  1.26225E+02   3.361   1.663  9.55381E+08  1.06907E+09  4.90680E+08  6.47825E+07  7.27294E+08  2.15030E+00  2.16912E+02   8.386   8.369
 0.210 -1.08392E-01 -1.11436E-01 -2.95921E-02  4.76388E+00  7.96649E+00  1.69197E+01 -8.54956E-01  4.40986E-01  2.73097E-01  1.12068E+02   3.342   1.369  9.24288E+08  1.22774E+09  1.27221E+09  1.29768E+08  7.34610E+08  4.25536E+00  2.43382E+02   8.461   8.581
 0.220 -1.79200E-02  1.34060E-01 -1.47436E-01 -1.66253E+01 -1.26920E+01 -6.21189E+00 -7.65148E-01  4.14914E-01  4.92337E-01  8.43812E+01   1.970   0.500  6.32487E+08  1.20410E+09  1.46022E+09  1.78208E+08  3.77697E+08  6.79912E+00  2.61626E+02   8.687   8.621
 0.230 -6.46108E-02 -5.26963E-02 -1.39422E-01  1.29719E+01  8.54446E+00  7.07307E+00 -8.43968E-01  2.27992E-01  4.85528E-01  1.03222E+02   2.466   0.500  5.22325E+08  8.91334E+08  1.94913E+09  2.54208E+08  4.84696E+08  3.97562E+00  3.10031E+02   8.701   8.669
 0.240  1.09833E-02  1.63554E-01  3.24714E-02 -2.31032E+00 -1.81464E+00 -2.18336E-01 -8.81647E-01  1.63006E-02  4.71628E-01  7.95565E+01   2.382   0.500  5.71091E+08  9.72486E+08  2.27858E+09  2.52508E+08  4.59921E+08  4.89285E+00  3.62581E+02   8.645   8.687
 0.250  8.07237E-03  6.27814E-02  2.64169E-02 -1.47476E-01 -2.27206E-01 -3.89186E+00 -8.69776E-01 -1.08760E-02  4.93327E-01  9.98573E+01   2.080   0.500  4.10730E+08  7.83846E+08  2.70622E+09  2.47647E+08  4.45205E+08  3.72025E+00  4.18714E+02   8.738   8.702
 0.260 -3.69029E-02 -6.77750E-02 -2.11100E-01  2.08349E+00 -2.68760E+01  1.99277E+01 -9.54156E-01 -2.20502E-02  2.98498E-01  1.53736E+02   2.164   0.500  4.26018E+08  6.54829E+08  2.87278E+09  2.39757E+08  4.49778E+08  2.70655E+00  5.02208E+02   8.646   8.710
 0.270 -6.82444E-03  2.16470E-03 -1.20291E-02 -3.70960E+00 -2.88636E+00 -4.29350E+00 -9.31941E-01  3.32237E-02  3.61084E-01  5.78670E+01   1.437   0.500  2.11890E+08  4.70811E+08  2.93681E+09  1.93599E+08  3.36461E+08  2.97058E+00  5.79811E+02   8.850   8.729
 0.280  1.73399E-03  6.88530E-03  4.83633E-03 -3.98840E+00  1.18944E+00  7.58510E+00 -7.39690E-01 -2.31947E-02  6.72548E-01  1.16460E+01   1.000   0.500  1.00329E+08  2.01836E+08  2.28420E+09  1.22983E+08  2.20815E+08  9.12866E-01  6.65106E+02   8.975   8.764
 0.290  2.39313E-02 -8.54453E-02 -2.45611E-02 -5.93768E+01 -5.62161E+01 -2.78941E+01  5.36301E-01 -7.40984E-01  4.04133E-01  1.17214E+02   7.007   2.600  9.70354E+08  8.48183E+08  1.42930E+08  4.99045E+07  1.34701E+09  1.27751E-01  1.25261E+03   8.041   8.496
 0.300 -2.33629E-01 -3.21512E-01  1.36014E-01  1.10074E+01  2.01903E+01  3.13437E+01 -7.32530E-01  6.04583E-01  3.12858E-01  1.86483E+02   4.391   0.981  1.19024E+09  1.43015E+09  2.94816E+09  3.42308E+08  1.12037E+09  4.90246E+00  8.83625E+02   8.190   8.669
 0.310 -1.26599E-01 -1.74006E-01 -7.35487E-02 -6.10144E+00 -8.08243E+00 -9.61005E+00 -9.08801E-01  3.32418E-01  2.52150E-01  2.00574E+02   3.563   0.767  9.91621E+08  1.63713E+09  4.19796E+09  4.15458E+08  9.97160E+08  7.65412E+00  8.35458E+02   8.497   8.638
 0.320 -1.20181E-01 -2.53446E-01  2.64763E-01  2.70885E+01  2.27738E+01  1.55112E+01 -8.96171E-01  4.42068E-01  3.81166E-02  3.23431E+02   4.279   0.953  1.69398E+09  2.25279E+09  4.88885E+09  4.90613E+08  1.34701E+09  6.35901E+00  8.37602E+02   8.412   8.618
 0.330 -1.71690E-01 -3.46706E-01 -1.23425E-01 -1.33314E+00 -2.11148E+01  2.01354E+01 -9.17504E-01  3.65731E-01  1.56292E-01  2.46226E+02   3.211   0.500  8.09790E+08  1.56468E+09  5.01946E+09  3.33635E+08  7.70276E+08  7.37139E+00  7.86234E+02   8.687   8.630
 0.340  1.45377E-03 -3.08664E-03 -1.18701E-02 -4.28282E+00 -2.77657E+00  3.55539E+00 -9.15170E-01  3.66875E-01 -1.66936E-01  5.03057E+01   1.902   0.500  5.90889E+08  1.40538E+09  4.76335E+09  2.34978E+08  5.14044E+08  8.89409E+00  7.84819E+02   8.811   8.663
 0.350  1.87411E-02 -3.21469E-02 -1.20427E-02  1.40250E+00 -1.32515E+00 -1.72017E+00 -6.89538E-02  3.12392E-02 -9.97131E-01  1.08332E+02   2.198   0.500  6.44886E+08  8.55465E+08  6.59716E+08  6.54781E+07  3.81605E+08  2.98359E+00  1.02359E+03   8.726   8.635
 0.360  1.85846E-02 -1.15898E-01  6.99463E-04 -6.80863E+00 -6.68950E+00  5.83207E+00  5.43036E-02  1.63683E-01 -9.85017E-01  1.26877E+02   1.783   0.500  3.91246E+08  5.69217E+08  8.49884E+08  6.74067E+07  3.11602E+08  1.80278E+00  9.30372E+02   8.796   8.656
