  26
 0.110       122351 -0.97435E-02  0.12367E-01  0.11992E-01  0.31342E+02  0.51988E+00  0.64800E+01 -0.54300E+00  0.15011E+00  0.82621E+00   0.900   0.535
 0.120       129228 -0.20451E-02  0.32722E-02  0.42947E-02  0.33349E+00  0.18913E+01 -0.47379E+01 -0.92445E+00  0.75287E-01 -0.37379E+00   1.000   0.615
 0.130       123689  0.11083E-01  0.10197E-01  0.24383E-02 -0.91190E+01  0.99183E+01 -0.20781E+01 -0.76120E-01  0.99708E+00  0.61852E-02   1.078   0.634
 0.140       271424 -0.26257E-02  0.78770E-02  0.85931E-02 -0.13940E+01  0.14097E+01 -0.19841E+02 -0.55956E+00  0.81823E+00 -0.13185E+00   1.326   0.604
 0.150       247673  0.51118E-03  0.10224E-02 -0.15335E-02  0.26679E+01  0.31445E+02 -0.53286E+02  0.46436E+00  0.60051E+00  0.65097E+00   1.359   0.500
 0.160       271359  0.13631E-02  0.16357E-02  0.00000E+00 -0.67172E+02  0.16591E+02 -0.20800E+02 -0.62272E+00  0.30028E+00  0.72253E+00   1.721   0.624
 0.170       422096  0.11596E-02  0.11596E-02  0.00000E+00 -0.64384E+02 -0.85500E+02 -0.23583E+01 -0.49651E+00 -0.76098E+00 -0.41761E+00   2.073   1.168
 0.180       264064 -0.91996E-03  0.15333E-02  0.27599E-02  0.16332E+03 -0.64741E+02 -0.57458E+02 -0.51735E+00  0.13897E+00  0.84442E+00   2.053   0.649
 0.190       651754 -0.19420E-02 -0.97100E-03  0.97100E-03  0.83006E+02 -0.18144E+02 -0.35084E+01 -0.81173E+00  0.23856E+00  0.53309E+00   3.098   0.684
 0.200       614488 -0.27288E-02  0.20466E-02 -0.13644E-02  0.10418E+03 -0.16893E+03 -0.17474E+03 -0.84387E+00  0.50236E+00  0.18843E+00   3.361   1.663
 0.210       692238  0.71560E-03  0.10734E-02  0.14312E-02 -0.15727E+03  0.15811E+03 -0.14353E+03 -0.85496E+00  0.44099E+00  0.27310E+00   3.342   1.369
 0.220       543194  0.14992E-02 -0.74959E-03  0.37479E-03  0.10529E+03  0.15693E+03 -0.16226E+02 -0.76515E+00  0.41491E+00  0.49234E+00   1.970   0.500
 0.230       481222  0.15680E-02 -0.11760E-02  0.15680E-02 -0.51642E+02  0.62841E+02 -0.17769E+03 -0.84397E+00  0.22799E+00  0.48553E+00   2.466   0.500
 0.240       857694  0.40907E-03 -0.16363E-02  0.16363E-02 -0.21682E+02  0.68778E+02 -0.16353E+03 -0.88165E+00  0.16301E-01  0.47163E+00   2.382   0.500
 0.250       122785  0.00000E+00 -0.12786E-02 -0.21310E-02  0.13823E+03  0.40462E+03 -0.46954E+02 -0.86978E+00 -0.10876E-01  0.49333E+00   2.080   0.500
 0.260      1278836  0.44329E-03  0.00000E+00 -0.17731E-02 -0.31693E+03 -0.14957E+03  0.16891E+03 -0.95416E+00 -0.22050E-01  0.29850E+00   2.164   0.500
 0.270       614514 -0.46019E-03  0.92037E-03  0.18407E-02 -0.15335E+03 -0.23188E+03  0.66447E+02 -0.93194E+00  0.33224E-01  0.36108E+00   1.437   0.500
 0.280       516283 -0.19092E-02  0.14319E-02  0.00000E+00 -0.63112E+02  0.25420E+02  0.28260E+03 -0.73969E+00 -0.23195E-01  0.67255E+00   1.000   0.500
 0.290       379452  0.00000E+00 -0.98807E-03 -0.49403E-03  0.74526E+02 -0.28774E+02  0.15704E+02  0.53630E+00 -0.74098E+00  0.40413E+00   7.007   2.600
 0.300      1081572  0.51122E-03  0.15337E-02  0.00000E+00 -0.14946E+03 -0.84576E+02  0.86278E+02 -0.73253E+00  0.60458E+00  0.31286E+00   4.391   0.981
 0.310      1386874  0.52802E-03 -0.10560E-02 -0.52802E-03 -0.21395E+03 -0.22587E+02 -0.16613E+03 -0.90880E+00  0.33242E+00  0.25215E+00   3.563   0.767
 0.320      2948917  0.10901E-02  0.10901E-02  0.54506E-03 -0.82130E+02  0.21699E+03 -0.10369E+03 -0.89617E+00  0.44207E+00  0.38117E-01   4.279   0.953
 0.330       788053  0.56215E-03  0.56215E-03 -0.11243E-02  0.11944E+03 -0.20152E+03  0.32292E+03 -0.91750E+00  0.36573E+00  0.15629E+00   3.211   0.500
 0.340       591186  0.11582E-02 -0.11582E-02  0.57909E-03  0.48109E+02  0.87014E+01 -0.43620E+03 -0.91517E+00  0.36687E+00 -0.16694E+00   1.902   0.500
 0.350       646956 -0.59605E-03 -0.59605E-03 -0.59605E-03 -0.26795E+02 -0.26718E+02  0.27588E+03 -0.68954E-01  0.31239E-01 -0.99713E+00   2.198   0.500
 0.360      5359486  0.61338E-03  0.00000E+00 -0.61338E-03 -0.17604E+03  0.15924E+03  0.19272E+03  0.54304E-01  0.16368E+00 -0.98502E+00   1.783   0.500
