  26
 0.110  6.00000E+00  4.33501E+09  5.57383E+01
 0.120  7.00000E+00  5.64798E+09  5.89022E+01
 0.130  8.75000E+00  8.46105E+09  6.44826E+01
 0.140  1.02500E+01  1.08551E+10  6.74821E+01
 0.150  1.22500E+01  1.52092E+10  7.30668E+01
 0.160  1.55000E+01  2.52748E+10  8.37361E+01
 0.170  1.95000E+01  4.20021E+10  9.62393E+01
 0.180  2.20000E+01  5.11350E+10  9.99729E+01
 0.190  2.62500E+01  7.33689E+10  1.09629E+02
 0.200  2.90000E+01  8.33058E+10  1.11141E+02
 0.210  3.12500E+01  9.06223E+10  1.11667E+02
 0.220  3.27500E+01  9.10882E+10  1.09360E+02
 0.230  3.42500E+01  9.02096E+10  1.06422E+02
 0.240  3.57500E+01  9.09546E+10  1.04594E+02
 0.250  3.80000E+01  9.65562E+10  1.04528E+02
 0.260  4.05000E+01  1.04707E+11  1.05437E+02
 0.270  4.35000E+01  1.16792E+11  1.07448E+02
 0.280  4.92500E+01  1.53099E+11  1.15616E+02
 0.290  5.80000E+01  2.24162E+11  1.28914E+02
 0.300  6.57500E+01  2.96245E+11  1.39191E+02
 0.310  7.02500E+01  3.31676E+11  1.42485E+02
 0.320  7.47500E+01  3.61380E+11  1.44182E+02
 0.330  7.75000E+01  3.73222E+11  1.43902E+02
 0.340  8.07500E+01  3.89544E+11  1.44026E+02
 0.350  8.30000E+01  3.89532E+11  1.42058E+02
 0.360  8.45000E+01  3.79244E+11  1.38920E+02
