  31
 0.100 -7.70280E-03  1.99801E-02  6.88384E-02 -3.33735E+01  2.01986E+01  1.80968E+01  6.15326E-01 -7.69730E-01 -1.69972E-01  7.06286E+00   0.556   0.402  1.94422E+07  1.92884E+07  4.74793E+05  0.00000E+00  1.38841E+07  4.64223E-03  1.01365E+02   7.114   7.082
 0.110  2.09412E-01 -6.78077E-02  1.29330E-01 -2.48986E+01 -1.10770E+00  4.73889E+01 -2.46254E-01 -9.16179E-01  3.16187E-01  2.76318E+01   0.898   0.596  1.41242E+07  1.41714E+07  1.12442E+06  1.31007E+05  3.45855E+07  3.95260E-03  1.26181E+02   6.961   7.089
 0.120  1.35384E-01  1.82603E-01  1.71031E-01 -5.62153E+01  1.96022E+01  2.94082E+01 -8.44813E-02 -7.80729E-01  6.19133E-01  1.48706E+01   1.096   0.893  6.07041E+07  5.64780E+07  1.23139E+06  2.29749E+05  3.09274E+07  1.37992E-02  1.21145E+02   7.428   7.164
 0.130  8.81882E-02  3.39791E-01 -1.32442E-02 -6.32146E+01  5.70645E+01  4.54015E+01 -1.13178E-01  4.33987E-02  9.92626E-01  4.10588E+01   1.406   1.136  3.43712E+07  3.35944E+07  2.03572E+06  6.51803E+05  7.26629E+07  1.45443E-03  2.13113E+02   6.771   7.336
 0.140 -6.85489E-02  1.21320E-01  3.19904E-01 -3.85589E+01  2.77168E+00  1.74978E+01  8.11252E-01 -5.78843E-01  8.25312E-02  1.82623E+01   1.600   1.305  1.71649E+08  1.65189E+08  1.02576E+06  3.80662E+05  7.64872E+07  9.94538E-04  2.86558E+02   7.245   7.355
 0.150 -5.39940E-01  1.92012E-01  2.59803E-01  5.73212E+00  6.54344E+00  4.04129E+00  3.54953E-01 -8.61072E-01  3.64093E-01  3.87117E+01   1.991   1.732  2.10109E+08  2.00084E+08  9.28247E+06  1.58564E+06  1.49067E+08  1.00791E-01  1.22933E+02   7.677   7.530
 0.160  2.87542E-01 -1.15041E-01  8.14069E-01 -4.04495E+01  2.63829E+01 -1.15884E+01 -5.45979E-01 -8.32934E-01 -9.01510E-02  7.06614E+01   2.242   1.041  9.57863E+07  9.12942E+07  6.70991E+06  2.06566E+06  1.38841E+08  1.72514E-02  2.84073E+02   7.688   7.511
 0.170 -1.13412E-02 -5.76739E-02  5.70118E-02  6.19520E+00 -4.86503E+00  2.35186E-02 -1.84895E-01 -1.88024E-02  9.82578E-01  2.62244E+01   2.045   0.911  4.84546E+08  4.79625E+08  2.43535E+07  3.78621E+06  1.83985E+08  2.57821E-01  1.70724E+02   7.766   7.660
 0.180 -2.10704E-02 -2.15391E-01 -1.78818E-01 -1.93600E+01  1.47835E+01  1.38128E+01  3.61521E-01  1.54454E-01 -9.19482E-01  2.33150E+01   2.541   1.632  2.90252E+08  2.80726E+08  2.93041E+07  7.43862E+06  2.31291E+08  1.36437E-01  2.50015E+02   8.102   7.815
 0.190  3.57283E-01 -3.50695E-01  3.84905E-01  4.20677E+01  7.25875E+00 -2.71367E+01  2.92453E-01  7.08297E-01  6.42485E-01  6.17621E+01   3.305   2.269  8.24194E+08  7.79801E+08  5.34887E+07  1.60753E+07  5.25933E+08  8.37627E-02  3.19070E+02   7.901   7.825
 0.200  4.91070E-03 -1.43496E-02  1.58077E-02  1.46739E+01  1.19796E+00  6.83764E+00 -2.45817E-01  7.09359E-01  6.60593E-01  2.11548E+01   1.371   0.436  7.83496E+08  1.32515E+09  5.70868E+08  1.03860E+07  1.12985E+08  9.03755E+00  4.26377E+01   8.614   8.333
 0.210  4.89765E-02  4.16880E-02 -1.24066E-01  2.21079E+01  4.11779E+00  1.30309E+01 -7.92452E-02 -6.27226E-01  7.74795E-01  7.90212E+01   4.332   1.373  1.47290E+09  1.41854E+09  1.93836E+08  9.54216E+07  9.07787E+08  3.86452E-01  3.52737E+02   8.332   8.036
 0.220  2.64127E-01  3.26553E-01 -2.29779E-01  2.67996E+01 -3.57282E+01  3.75854E+00 -9.64273E-02 -8.36931E-01 -5.38746E-01  3.72894E+02   5.687   3.385  3.21826E+09  3.15259E+09  4.61712E+08  1.78200E+08  3.44450E+09  2.59333E+00  3.22339E+02   8.202   8.137
 0.230  2.21166E-01 -1.80520E-01 -8.48027E-02 -9.38320E+00  5.40770E+00 -1.26697E+01 -7.16061E-01 -4.08919E-01 -5.65723E-01  2.01639E+01   3.868   1.564  3.15385E+09  3.27180E+09  6.15026E+08  8.71209E+07  1.22845E+09  3.03712E+00  2.59331E+02   8.372   8.437
 0.240 -8.41368E-03  6.72277E-02 -2.87004E-02 -3.33199E+00  1.58345E+01  9.12810E-02 -9.74816E-01 -1.82003E-01 -1.28871E-01  9.12786E+01   2.704   0.224  2.01241E+09  4.48029E+09  4.01029E+09  4.43251E+07  2.91732E+08  2.89074E+01  1.29718E+02   8.773   8.670
 0.250  6.41939E-03  3.13776E-02 -2.83161E-02 -3.21904E+00 -1.16878E+01 -3.64146E+00 -9.76180E-01  2.94992E-02 -2.14949E-01  1.26081E+02   1.668   0.223  4.43666E+09  8.18003E+09  6.88706E+09  9.45322E+07  3.13514E+08  4.93591E+01  1.41381E+02   8.616   8.647
 0.260 -5.82619E-03  8.10452E-02  4.72062E-02  5.81579E+00  5.73915E+00  8.45831E+00 -6.43952E-01  3.23866E-01 -6.93135E-01  3.87260E+02   6.817   2.051  5.28687E+09  7.84840E+09  8.36009E+09  7.30869E+08  2.44352E+09  3.18856E+01  1.98254E+02   8.619   8.669
 0.270  5.63394E-01  4.64436E-01 -5.57613E-01  4.32189E+00 -4.14453E+01 -1.99982E+01 -6.98721E-01  3.17388E-01 -6.41135E-01  8.06222E+02   7.625   2.074  6.91609E+09  8.83507E+09  1.13003E+10  9.30834E+08  3.00611E+09  2.68008E+01  2.65172E+02   8.427   8.689
 0.280  3.68565E-01  3.38672E-01 -2.80255E-01  2.02170E+00 -2.38604E+01 -2.03404E+01 -7.59952E-01  3.77221E-01 -5.29318E-01  1.04992E+03   8.221   1.590  6.63344E+09  8.31844E+09  1.23538E+10  9.45303E+08  2.78696E+09  2.40318E+01  3.28194E+02   8.443   8.662
 0.290 -9.72773E-02 -3.57765E-01 -2.54365E-01  2.03802E+01  3.30663E-01 -2.26064E+01 -7.72967E-01  3.89701E-01 -5.00654E-01  1.09496E+03   7.712   1.969  7.26224E+09  8.78815E+09  1.36404E+10  1.11249E+09  3.20249E+09  2.32973E+01  3.98545E+02   8.409   8.630
 0.300  2.19446E-01 -8.67833E-02 -5.64121E-01 -3.36930E+01 -3.80859E+01 -2.64667E+01 -6.73067E-01  6.35997E-01 -3.77477E-01  1.13584E+03   9.614   2.339  8.52816E+09  9.84920E+09  1.52287E+10  1.52934E+09  4.02447E+09  2.02879E+01  4.47730E+02   8.411   8.574
 0.310  4.89977E-01  4.32469E-01 -5.52762E-01  3.39066E+01  2.06182E+01 -3.08117E+01 -7.71972E-01  6.15583E-01 -1.58486E-01  1.12957E+03   9.530   2.293  8.77714E+09  1.01985E+10  1.58193E+10  1.36104E+09  3.82577E+09  2.27261E+01  5.06128E+02   8.427   8.561
 0.320  1.20602E+00  1.26054E+00 -4.17431E-01  1.86930E+01 -7.87716E+00 -2.35571E+01 -6.71419E-01  6.49558E-01 -3.56750E-01  1.52551E+03  11.135   2.178  9.78272E+09  1.12558E+10  1.84763E+10  1.73309E+09  4.13438E+09  2.29128E+01  5.49455E+02   8.436   8.534
 0.330  1.58827E+00  9.01427E-01 -4.21569E-01  4.88455E+00 -5.02141E+00 -2.38993E+01 -5.72584E-01  7.04911E-01 -4.18627E-01  1.91507E+03  12.645   2.532  1.13433E+10  1.21623E+10  2.06686E+10  2.20720E+09  4.88047E+09  1.80255E+01  6.17182E+02   8.399   8.510
 0.340  6.55686E-01  8.72045E-01  1.05800E+00  3.71954E+01  1.35232E+01 -1.70878E+01 -5.28890E-01  7.49661E-01 -3.97848E-01  1.92654E+03  13.028   2.964  1.07195E+10  1.11292E+10  2.21528E+10  2.54614E+09  5.56137E+09  1.30087E+01  7.07293E+02   8.425   8.498
 0.350  1.73586E+00  1.73985E+00  1.71041E-01  4.37386E+01 -1.08831E+01 -5.96894E+01 -5.81877E-01  7.03334E-01 -4.08338E-01  2.12350E+03  12.634   3.034  1.44850E+10  1.59976E+10  2.46838E+10  2.65599E+09  5.80555E+09  3.18177E+01  7.57747E+02   8.385   8.485
 0.360  5.32453E-02  1.44279E-01  2.58426E-01 -1.33193E+01 -8.19336E+00 -1.38261E+01 -4.70038E-01  7.42097E-01 -4.77867E-01  2.02315E+03  12.463   2.649  1.27847E+10  1.37461E+10  2.61405E+10  2.65668E+09  5.41804E+09  2.08913E+01  8.19935E+02   8.409   8.485
 0.370  4.11745E-01  4.51610E-01  3.42329E-01  1.78290E+01 -6.82655E-01 -3.56493E+01 -5.37520E-01  7.19100E-01 -4.40417E-01  2.17176E+03  13.043   3.457  1.69319E+10  1.79424E+10  2.85719E+10  3.10553E+09  6.81027E+09  2.52518E+01  8.69437E+02   8.404   8.468
 0.380  9.63002E-01  2.05798E-01 -6.04832E-01  2.67721E+01 -9.06003E-01 -1.85852E+01 -4.54208E-01  7.01278E-01 -5.49459E-01  1.98587E+03  12.177   2.530  1.48149E+10  1.70394E+10  3.00386E+10  2.54493E+09  5.52645E+09  3.51124E+01  9.05658E+02   8.459   8.479
 0.390  1.24524E+00  1.07471E+00  9.70669E-01  5.51364E+01 -2.53251E+01 -6.12215E+01 -3.28194E-01  7.38387E-01 -5.89129E-01  1.99691E+03  11.278   2.271  1.69464E+10  1.88305E+10  3.21919E+10  2.68656E+09  5.09147E+09  3.52103E+01  9.49398E+02   8.469   8.485
 0.400  1.50873E-01 -1.76171E-01  1.16432E-02 -2.67824E+00  1.12417E+01  3.64530E+00 -2.36431E-01  6.99919E-01 -6.73953E-01  1.86150E+03  12.982   3.224  1.43340E+10  1.72236E+10  4.04460E+10  3.74783E+09  7.03075E+09  3.48173E+01  9.33809E+02   8.539   8.480
