  31
 0.100         6746  0.98787E-02  0.30658E-02 -0.20439E-01  0.20824E+02  0.19651E+02  0.43434E+01  0.61533E+00 -0.76973E+00 -0.16997E+00   0.556   0.402
 0.110          478  0.19882E-01 -0.97533E-02 -0.75025E-03  0.93110E+01  0.20884E+02  0.20801E+01 -0.24625E+00 -0.91618E+00  0.31619E+00   0.898   0.596
 0.120         5413 -0.22888E-01  0.14714E-01  0.12262E-02  0.50589E+02 -0.54967E+02  0.19944E+02 -0.84481E-01 -0.78073E+00  0.61913E+00   1.096   0.893
 0.130        10771  0.48729E-02 -0.18384E-01 -0.14619E-01 -0.59853E+02 -0.14685E+02  0.13734E+01 -0.11318E+00  0.43399E-01  0.99263E+00   1.406   1.136
 0.140         4319  0.11455E-01  0.10739E-01  0.13841E-01  0.14903E+02  0.33173E+01 -0.12212E+02  0.81125E+00 -0.57884E+00  0.82531E-01   1.600   1.305
 0.150         5638 -0.21977E-01  0.13544E-01 -0.19933E-01 -0.12435E+02 -0.73349E+01  0.48273E+01  0.35495E+00 -0.86107E+00  0.36409E+00   1.991   1.732
 0.160         4055  0.16360E-01 -0.27266E-01  0.29992E-01  0.23374E+02  0.29500E+02  0.94563E+01 -0.54598E+00 -0.83293E+00 -0.90151E-01   2.242   1.041
 0.170          721 -0.52186E-02  0.69581E-02  0.81178E-02  0.35463E+02  0.14627E+02 -0.25736E+02 -0.18489E+00 -0.18802E-01  0.98258E+00   2.045   0.911
 0.180       223376 -0.18399E-02 -0.12266E-02  0.12266E-02  0.50296E+02  0.43517E+02 -0.48985E+01  0.36152E+00  0.15445E+00 -0.91948E+00   2.541   1.632
 0.190       227786 -0.64737E-03  0.16184E-02 -0.12947E-02  0.98594E+01 -0.56904E+02 -0.22643E+02  0.29245E+00  0.70830E+00  0.64248E+00   3.305   2.269
 0.200       314861  0.74952E-02  0.68138E-02 -0.20441E-02 -0.81221E+02  0.82809E+02 -0.26812E+02 -0.24582E+00  0.70936E+00  0.66059E+00   1.371   0.436
 0.210       232377 -0.14307E-02  0.35769E-02  0.71537E-03 -0.10782E+03 -0.31703E+03  0.16742E+03 -0.79245E-01 -0.62723E+00  0.77479E+00   4.332   1.373
 0.220       462213  0.22494E-02  0.00000E+00  0.74982E-03  0.47206E+02 -0.37890E+02  0.73793E+01 -0.96427E-01 -0.83693E+00 -0.53875E+00   5.687   3.385
 0.230       451760 -0.78395E-03 -0.11759E-02  0.00000E+00 -0.74822E+02 -0.29120E+02  0.42687E+03 -0.71606E+00 -0.40892E+00 -0.56572E+00   3.868   1.564
 0.240       363040 -0.81771E-03  0.24531E-02 -0.40885E-02  0.15013E+03 -0.75414E+02 -0.93264E+02 -0.97482E+00 -0.18200E+00 -0.12887E+00   2.704   0.224
 0.250       360517 -0.17049E-02  0.42621E-03 -0.17049E-02  0.10231E+03  0.14591E+03 -0.53212E+03 -0.97618E+00  0.29499E-01 -0.21495E+00   1.668   0.223
 0.260       137839  0.00000E+00  0.00000E+00 -0.88592E-03 -0.25833E+03  0.52580E+03 -0.43917E+03 -0.64395E+00  0.32387E+00 -0.69314E+00   6.817   2.051
 0.270      1394386 -0.92029E-03  0.46014E-03  0.36811E-02  0.29203E+02 -0.30033E+03  0.28818E+02 -0.69872E+00  0.31739E+00 -0.64113E+00   7.625   2.074
 0.280       659268 -0.95398E-03  0.47699E-03  0.19080E-02  0.14822E+03 -0.17981E+03 -0.23319E+03 -0.75995E+00  0.37722E+00 -0.52932E+00   8.221   1.590
 0.290       438022  0.19759E-02 -0.98794E-03 -0.98794E-03 -0.15178E+03 -0.26090E+03 -0.63358E+02 -0.77297E+00  0.38970E+00 -0.50065E+00   7.712   1.969
 0.300       404305 -0.10225E-02  0.00000E+00  0.30675E-02  0.60989E+01  0.24393E+03  0.39405E+03 -0.67307E+00  0.63600E+00 -0.37748E+00   9.614   2.339
 0.310      1064934 -0.10564E-02  0.21128E-02  0.00000E+00 -0.43250E+02 -0.67530E+02  0.50963E+02 -0.77197E+00  0.61558E+00 -0.15849E+00   9.530   2.293
 0.320      1884145  0.32700E-02  0.10900E-02  0.00000E+00  0.17113E+03 -0.13072E+03 -0.37043E+02 -0.67142E+00  0.64956E+00 -0.35675E+00  11.135   2.178
 0.330      2385885 -0.22495E-02  0.00000E+00 -0.33743E-02 -0.10058E+03 -0.10438E+03  0.16086E+03 -0.57258E+00  0.70491E+00 -0.41863E+00  12.645   2.532
 0.340      2566017  0.46340E-02 -0.11585E-02  0.11585E-02  0.55433E+02  0.42631E+03 -0.75948E+02 -0.52889E+00  0.74966E+00 -0.39785E+00  13.028   2.964
 0.350      2677016 -0.23857E-02  0.41750E-02 -0.11929E-02  0.15218E+03 -0.84456E+02 -0.45761E+02 -0.58188E+00  0.70333E+00 -0.40834E+00  12.634   3.034
 0.360      3111996  0.00000E+00 -0.49057E-02  0.12264E-02  0.13520E+03  0.26461E+03  0.12628E+03 -0.47004E+00  0.74210E+00 -0.47787E+00  12.463   2.649
 0.370      3012155 -0.50420E-02 -0.31512E-02 -0.25210E-02  0.18042E+03  0.71053E+02  0.21540E+00 -0.53752E+00  0.71910E+00 -0.44042E+00  13.043   3.457
 0.380      1155096  0.12947E-02  0.58261E-02  0.25894E-02  0.37700E+02  0.17701E+02  0.64632E+02 -0.45421E+00  0.70128E+00 -0.54946E+00  12.177   2.530
 0.390       805868  0.79756E-02  0.26585E-02  0.13293E-02  0.63979E+02 -0.85590E+02  0.34093E+03 -0.32819E+00  0.73839E+00 -0.58913E+00  11.278   2.271
 0.400      1120027 -0.81777E-02  0.00000E+00 -0.27259E-02  0.84544E+02  0.62779E+02 -0.19518E+03 -0.23643E+00  0.69992E+00 -0.67395E+00  12.982   3.224
