  31
 0.100  7.12500E-01  2.50025E+07  5.68703E+06  6.61348E+06  2.43660E+07  1.71576E+06  2.90236E+08  2.89070E-02
 0.110  9.75000E-01  1.69811E+07  9.34096E+06  1.11484E+07  1.60792E+07  3.25217E+06  4.30241E+08  1.65228E-02
 0.120  1.27500E+00  7.28436E+07  2.25540E+07  2.62551E+07  6.68236E+07  1.13405E+07  6.74168E+08  1.77594E-01
 0.130  1.53750E+00  3.65809E+07  3.28086E+07  3.95695E+07  3.54536E+07  5.69076E+06  1.03291E+09  2.53074E-02
 0.140  2.02500E+00  2.36165E+08  4.79434E+07  5.75809E+07  2.25847E+08  9.80395E+06  1.86413E+09  1.64505E-01
 0.150  2.25000E+00  2.52397E+08  1.08261E+08  1.27985E+08  2.34704E+08  5.21239E+07  2.36337E+09  5.95763E-01
 0.160  2.51250E+00  1.21804E+08  1.08507E+08  1.32556E+08  1.11620E+08  9.31976E+06  1.78107E+09  4.73198E-02
 0.170  2.66250E+00  6.98660E+08  2.43879E+08  2.91856E+08  6.61285E+08  7.87578E+07  2.85538E+09  1.33026E+00
 0.180  3.33750E+00  5.12594E+08  4.95763E+08  5.90396E+08  4.74406E+08  2.31510E+08  4.06438E+09  2.48923E+00
 0.190  4.57500E+00  1.30131E+09  6.54596E+08  7.99864E+08  1.20779E+09  9.48419E+07  8.09409E+09  1.32135E+00
 0.200  5.13750E+00  1.95487E+09  2.88596E+09  3.39727E+09  1.76061E+09  1.69261E+09  1.48126E+10  2.10158E+01
 0.210  6.11250E+00  2.48242E+09  3.71040E+09  4.53253E+09  2.24984E+09  5.16033E+08  1.98919E+10  6.23540E+00
 0.220  7.61250E+00  5.75765E+09  5.56991E+09  6.86246E+09  5.26000E+09  1.13780E+09  4.35797E+10  1.26352E+01
 0.230  8.58750E+00  9.63982E+09  9.74165E+09  1.17252E+10  8.65414E+09  4.01532E+09  5.57955E+10  5.20264E+01
 0.240  9.45000E+00  8.12676E+09  1.43899E+10  1.75119E+10  7.34941E+09  3.64717E+09  5.39323E+10  3.91370E+01
 0.250  1.03125E+01  1.48860E+10  2.19439E+10  2.67407E+10  1.34591E+10  6.36303E+09  8.18503E+10  7.80083E+01
 0.260  1.11375E+01  1.31266E+10  2.89232E+10  3.57234E+10  1.16313E+10  5.05979E+09  8.82812E+10  5.04557E+01
 0.270  1.18875E+01  1.42951E+10  3.31027E+10  4.16191E+10  1.27087E+10  3.02840E+09  1.06125E+11  3.30569E+01
 0.280  1.26750E+01  1.27683E+10  3.53723E+10  4.50305E+10  1.12998E+10  2.50846E+09  1.03051E+11  2.75094E+01
 0.290  1.33875E+01  1.50609E+10  3.83049E+10  4.92393E+10  1.33141E+10  2.53534E+09  1.22629E+11  2.95311E+01
 0.300  1.40250E+01  1.51737E+10  4.09908E+10  5.31229E+10  1.34010E+10  2.30480E+09  1.23618E+11  2.40956E+01
 0.310  1.47000E+01  1.68337E+10  4.37743E+10  5.70646E+10  1.48514E+10  2.37607E+09  1.27038E+11  2.68349E+01
 0.320  1.53000E+01  1.79143E+10  4.67721E+10  6.12746E+10  1.59658E+10  2.41947E+09  1.37326E+11  2.58778E+01
 0.330  1.60125E+01  1.94271E+10  4.92557E+10  6.49000E+10  1.71742E+10  1.89314E+09  1.43235E+11  2.06498E+01
 0.340  1.67250E+01  1.88399E+10  5.10446E+10  6.76863E+10  1.69075E+10  1.41833E+09  1.55378E+11  1.55524E+01
 0.350  1.80000E+01  2.56926E+10  5.46250E+10  7.24351E+10  2.25635E+10  2.99253E+09  1.72555E+11  3.62549E+01
 0.360  1.94250E+01  2.38643E+10  5.73842E+10  7.63773E+10  2.07552E+10  2.07989E+09  1.86614E+11  2.26594E+01
 0.370  2.01750E+01  3.15479E+10  6.14541E+10  8.19492E+10  2.78729E+10  2.49296E+09  2.21765E+11  2.94244E+01
 0.380  2.08125E+01  3.01519E+10  6.56958E+10  8.74236E+10  2.64857E+10  4.07652E+09  2.19552E+11  4.47057E+01
 0.390  2.16000E+01  3.36948E+10  7.00501E+10  9.34101E+10  3.00187E+10  3.22263E+09  2.25157E+11  4.08669E+01
 0.400  2.25000E+01  3.10143E+10  7.67610E+10  1.02145E+11  2.71697E+10  4.50571E+09  2.33065E+11  3.92056E+01
