  31
 0.100   0.556  2.37737E-02  2.75453E-02  1.57216E-02
 0.110   0.898  1.32414E-02  7.07858E-03  3.00143E-02
 0.120   1.096  1.44101E-01  1.53729E-01  1.01319E-01
 0.130   1.406  2.29165E-02  8.23801E-03  6.44684E-02
 0.140   1.600  1.15816E-01  1.45021E-01  7.52319E-02
 0.150   1.991  4.70881E-01  4.49927E-01  4.67222E-01
 0.160   2.242  3.27880E-02  2.74000E-02  9.37790E-02
 0.170   2.045  1.19771E+00  1.42589E+00  7.67685E-01
 0.180   2.541  2.35471E+00  1.93634E+00  2.53113E+00
 0.190   3.305  1.22323E+00  1.44586E+00  9.31995E-01
 0.200   1.371  1.82827E+01  1.70545E+01  1.58892E+01
 0.210   4.332  6.08318E+00  6.61433E+00  5.65107E+00
 0.220   5.687  1.12374E+01  1.08458E+01  1.15465E+01
 0.230   3.868  3.48812E+01  3.56588E+01  3.09249E+01
 0.240   2.704  3.58699E+01  3.43441E+01  3.76802E+01
 0.250   1.668  6.16580E+01  6.32662E+01  5.42155E+01
 0.260   6.817  4.77146E+01  4.47167E+01  5.60441E+01
 0.270   7.625  3.03796E+01  2.99776E+01  3.10454E+01
 0.280   8.221  2.57792E+01  2.51786E+01  2.62685E+01
 0.290   7.712  2.58619E+01  2.53413E+01  2.45970E+01
 0.300   9.614  2.24889E+01  2.25543E+01  2.33046E+01
 0.310   9.530  2.48453E+01  2.51419E+01  2.44857E+01
 0.320  11.135  2.42987E+01  2.30181E+01  2.46445E+01
 0.330  12.645  1.89392E+01  1.85925E+01  2.01388E+01
 0.340  13.028  1.32767E+01  1.29060E+01  1.39603E+01
 0.350  12.634  3.28534E+01  3.36852E+01  2.92255E+01
 0.360  12.463  2.13447E+01  2.10844E+01  2.16938E+01
 0.370  13.043  2.57904E+01  2.70976E+01  2.36687E+01
 0.380  12.177  3.60781E+01  3.62065E+01  3.64402E+01
 0.390  11.278  3.73233E+01  3.98499E+01  3.24615E+01
 0.400  12.982  3.60442E+01  3.24143E+01  4.69035E+01
