[dsname, z, center[0], center[1], center[2], Rvir, pathname]
['VELA27', 3.9977627725683043, 0.5135440826416016, 0.49071693420410156, 0.47220802307128906, 28.25, '/project/projectdirs/mp363/VELA_ANALYSIS/VELA27/10MpcBox_csf512_a0.200.d', 0.349893, 0.875208, 183.078, array(5716.84378755)]
[R, n_th, n_phi, n_r, r_max, num_lines, line_reached]
[0.019766151428892088, 12, 12, 12, 1, 6, 6]
ions
[O VI, Ne VIII, H I, C III, O IV, N III, Mg II, O V, O III, N IV, Mg X, N V, S IV, O II, S III, S II, S V, S VI, N II]
[0.00000000e+00 1.57079633e+00 1.04719755e+00 4.49230714e-03 1.30946520e+00 5.23427062e-01 5.07834683e-01 4.72107303e-01 5.02208464e-01 4.75622781e-01 4.80765680e-01 6.87639504e+12 6.01089831e+12 3.10666885e+14 3.99488571e+10 4.79007550e+11 5.23472748e+09 3.31213301e+04 1.77792357e+12 9.80416882e+09 8.83281536e+10 3.76823865e+12 4.63783083e+11 4.17690523e+08 1.24016118e+07 1.25208461e+07 1.68892503e+04 1.53476361e+09 1.75078890e+10 4.78665692e+06 1.14064001e-03]
[1.00000000e+00 1.83259571e+00 2.61799388e+00 8.98461429e-04 2.06248723e+00 4.96999584e-01 5.00238763e-01 4.67078199e-01 5.30126420e-01 4.82160766e-01 4.78851123e-01 1.70127090e+14 2.07262949e+13 7.30178262e+18 3.36429023e+15 1.12470898e+15 9.65615504e+14 1.71717326e+14 2.24325604e+14 5.38352255e+15 1.52097927e+14 6.13785304e+12 3.46692652e+13 3.60946686e+13 4.08364137e+15 2.53204356e+14 1.12203769e+14 4.96324547e+12 4.60311236e+12 7.53949816e+14 3.29097550e-03]
[2.00000000e+00 1.30899694e+00 5.23598776e+00 4.94153786e-03 2.84671244e+00 5.23100236e-01 4.74206828e-01 4.77384611e-01 4.96258108e-01 5.02291597e-01 4.70066900e-01 1.06393424e+14 2.17163597e+13 4.66923873e+15 7.11108042e+12 6.38621622e+13 2.19294880e+12 1.09843810e+08 8.03785954e+13 5.69312744e+12 1.02342559e+13 5.60811204e+12 1.44258450e+13 4.28684091e+11 2.53309282e+10 4.83521365e+10 2.85796591e+08 3.53489201e+11 1.30686310e+12 7.89386490e+09 1.95150624e-03]
[3.00000000e+00 1.30899694e+00 1.04719755e+00 4.49230714e-03 4.92121531e+00 5.23100085e-01 5.07275866e-01 4.77226524e-01 5.03983696e-01 4.77771197e-01 4.59147775e-01 1.45772641e+13 2.90840881e+12 1.41134982e+15 1.15576335e+12 1.04002616e+13 2.98858512e+11 1.09084619e+07 1.35974209e+13 7.19950867e+11 1.63949154e+12 2.75432300e+12 2.36669743e+12 4.99333798e+10 2.64152418e+09 4.57595152e+09 1.96940639e+07 5.49237955e+10 2.26586569e+11 8.58888240e+08 3.81084259e-03]
[4.00000000e+00 1.83259571e+00 5.75958653e+00 8.98461429e-04 4.86084339e+00 5.30069027e-01 4.81146194e-01 4.67106270e-01 4.96784775e-01 5.00719410e-01 4.75582751e-01 3.43241626e+14 3.47917903e+13 3.92788937e+16 3.42661313e+14 1.04680755e+15 9.43731674e+13 1.54364756e+11 5.13913045e+14 3.10009451e+14 1.37817686e+14 6.00370843e+12 8.36146483e+13 1.88323027e+13 7.66086901e+12 9.17358527e+12 2.42012066e+11 7.01328147e+12 1.37424709e+13 1.71978160e+12 1.84284931e-03]
[5.00000000e+00 5.23598776e-01 3.14159265e+00 4.04307643e-03 1.86881867e+00 5.03693740e-01 4.90798811e-01 4.89344673e-01 5.29560342e-01 4.92982599e-01 4.59529360e-01 6.75130513e+13 1.45367585e+13 6.38583865e+14 5.56371120e+11 8.13329060e+12 1.18004726e+11 8.08661395e+05 2.96454496e+13 2.37106245e+11 1.63947530e+12 3.53664658e+12 5.52991811e+12 1.13175724e+10 3.67458484e+08 4.73409809e+08 9.93649963e+05 2.68924660e+10 2.02866079e+11 1.51501464e+08 1.74920347e-03]
