  45
 0.120   0.926   0.582  2.78999E+06  2.98667E+06  2.78796E+06  2.22969E+01  0.00000E+00  0.00000E+00  0.00000E+00  2.78999E+06  2.98667E+06  2.78796E+06
 0.130   1.486   1.149  4.52838E+06  5.23260E+06  4.49971E+06  1.23175E+02  7.02779E+05  8.58626E+05  6.90807E+05  3.82560E+06  4.37397E+06  3.80891E+06
 0.140   1.794   1.441  6.50744E+06  7.77392E+06  6.44977E+06  1.91496E+02  2.27082E+06  2.79560E+06  2.23531E+06  4.23662E+06  4.97832E+06  4.21447E+06
 0.150   1.833   0.987  1.07608E+07  1.22280E+07  1.07053E+07  1.27561E+02  2.85553E+06  3.52497E+06  2.81937E+06  7.90524E+06  8.70303E+06  7.88594E+06
 0.160   2.435   1.704  1.50282E+07  1.78494E+07  1.49241E+07  1.84451E+02  3.38424E+06  4.19341E+06  3.33414E+06  1.16440E+07  1.36560E+07  1.15899E+07
 0.170   2.831   1.547  3.68505E+07  4.32684E+07  3.65283E+07  2.25599E+02  6.21964E+06  7.82759E+06  6.10098E+06  3.06308E+07  3.54409E+07  3.04273E+07
 0.180   3.102   2.198  3.04726E+07  3.70267E+07  3.01287E+07  3.06057E+02  6.78448E+06  8.61463E+06  6.63266E+06  2.36881E+07  2.84121E+07  2.34960E+07
 0.190   2.921   1.806  6.27905E+07  7.71819E+07  6.19204E+07  3.88917E+02  1.80385E+07  2.29643E+07  1.76376E+07  4.47520E+07  5.42176E+07  4.42828E+07
 0.200   4.112   1.806  1.47479E+08  1.75725E+08  1.46001E+08  3.06803E+02  3.54434E+07  4.56814E+07  3.45837E+07  1.12036E+08  1.30043E+08  1.11418E+08
 0.210   4.222   2.751  2.09484E+08  2.56115E+08  2.07249E+08  3.54274E+02  6.66233E+07  8.49279E+07  6.52609E+07  1.42861E+08  1.71187E+08  1.41988E+08
 0.220   3.337   1.860  2.09058E+08  2.54720E+08  2.06786E+08  3.75717E+02  4.88874E+07  6.32594E+07  4.76427E+07  1.60171E+08  1.91461E+08  1.59144E+08
 0.230   4.667   2.425  3.54629E+08  4.41335E+08  3.50699E+08  4.17561E+02  1.35199E+08  1.71299E+08  1.33047E+08  2.19430E+08  2.70036E+08  2.17652E+08
 0.240   5.109   1.517  4.97459E+08  6.14462E+08  4.92185E+08  4.19254E+02  1.39708E+08  1.80014E+08  1.37017E+08  3.57750E+08  4.34447E+08  3.55168E+08
 0.250   4.667   2.082  5.35291E+08  6.73655E+08  5.28368E+08  5.27158E+02  1.50629E+08  1.95952E+08  1.47289E+08  3.84662E+08  4.77703E+08  3.81079E+08
 0.260   5.440   3.096  3.97325E+08  5.09634E+08  3.90498E+08  7.00640E+02  1.36891E+08  1.79787E+08  1.33347E+08  2.60434E+08  3.29847E+08  2.57151E+08
 0.270   5.624   3.384  3.21974E+08  3.90741E+08  3.18089E+08  4.92165E+02  7.33866E+07  9.67479E+07  7.11089E+07  2.48587E+08  2.93993E+08  2.46980E+08
 0.280   5.003   1.900  4.34258E+08  5.23092E+08  4.29603E+08  4.61140E+02  5.86162E+07  7.78922E+07  5.63820E+07  3.75642E+08  4.45200E+08  3.73221E+08
 0.290   5.592   1.977  3.18857E+08  3.92164E+08  3.15176E+08  5.08099E+02  5.80915E+07  7.58028E+07  5.62122E+07  2.60766E+08  3.16361E+08  2.58964E+08
 0.300   6.187   1.946  3.35479E+08  4.13475E+08  3.31518E+08  5.44821E+02  5.79884E+07  7.60547E+07  5.61184E+07  2.77491E+08  3.37421E+08  2.75399E+08
 0.310   5.897   2.453  4.12638E+08  5.14924E+08  4.07733E+08  5.85240E+02  6.69027E+07  8.82387E+07  6.48168E+07  3.45735E+08  4.26685E+08  3.42916E+08
 0.320   5.877   1.826  4.76425E+08  5.97632E+08  4.70888E+08  6.01429E+02  6.46247E+07  8.54503E+07  6.24808E+07  4.11800E+08  5.12182E+08  4.08407E+08
 0.330   5.307   2.379  5.95659E+08  7.35378E+08  5.90126E+08  5.08534E+02  7.24774E+07  9.53528E+07  7.02822E+07  5.23182E+08  6.40026E+08  5.19843E+08
 0.340   4.818   1.693  9.35264E+08  1.13701E+09  9.28574E+08  4.13620E+02  6.44005E+07  8.51386E+07  6.20195E+07  8.70863E+08  1.05187E+09  8.66555E+08
 0.350   5.619   1.807  1.30588E+09  1.63711E+09  1.29213E+09  6.23139E+02  1.18020E+08  1.56817E+08  1.13902E+08  1.18786E+09  1.48030E+09  1.17823E+09
 0.360   5.310   2.472  1.49873E+09  1.90450E+09  1.48268E+09  6.72393E+02  1.33902E+08  1.79208E+08  1.29181E+08  1.36483E+09  1.72529E+09  1.35350E+09
 0.370   5.286   1.781  1.58164E+09  2.01665E+09  1.56321E+09  7.39913E+02  1.40785E+08  1.88622E+08  1.35413E+08  1.44086E+09  1.82803E+09  1.42779E+09
 0.380   9.033   2.636  1.51399E+09  1.95444E+09  1.49174E+09  9.14859E+02  1.77725E+08  2.39214E+08  1.70398E+08  1.33627E+09  1.71523E+09  1.32134E+09
 0.390  10.836   2.781  1.54192E+09  2.00835E+09  1.51730E+09  1.01852E+03  1.80709E+08  2.44838E+08  1.72610E+08  1.36121E+09  1.76351E+09  1.34469E+09
 0.400  10.566   2.541  1.70760E+09  2.24453E+09  1.67931E+09  1.09023E+03  1.75800E+08  2.39537E+08  1.67470E+08  1.53180E+09  2.00499E+09  1.51184E+09
 0.410  15.293   6.289  1.49624E+09  1.98355E+09  1.45814E+09  1.46508E+03  4.86513E+08  6.62005E+08  4.64694E+08  1.00972E+09  1.32154E+09  9.93447E+08
 0.420  12.095   7.772  3.44476E+08  4.65348E+08  3.31289E+08  2.08761E+03  6.58707E+07  9.00861E+07  6.16491E+07  2.78605E+08  3.75261E+08  2.69640E+08
 0.430  17.877   6.828  3.49753E+09  4.64922E+09  3.41959E+09  1.39845E+03  2.74824E+09  3.67201E+09  2.68440E+09  7.49291E+08  9.77206E+08  7.35186E+08
 0.440   8.094   2.680  2.54350E+09  3.16336E+09  2.50451E+09  8.93641E+02  7.71831E+08  1.04321E+09  7.41058E+08  1.77167E+09  2.12015E+09  1.76345E+09
 0.450   6.015   1.201  4.17921E+09  5.07444E+09  4.14575E+09  5.19098E+02  5.47419E+08  7.42895E+08  5.23245E+08  3.63179E+09  4.33155E+09  3.62250E+09
 0.460  11.034   2.028  6.41213E+09  8.01224E+09  6.36039E+09  5.92396E+02  9.80032E+08  1.31195E+09  9.47234E+08  5.43210E+09  6.70029E+09  5.41315E+09
 0.470   9.461   1.503  6.12251E+09  7.78002E+09  6.06996E+09  6.68754E+02  8.31663E+08  1.12477E+09  8.00717E+08  5.29085E+09  6.65525E+09  5.26924E+09
 0.480  10.161   1.718  6.67131E+09  8.58572E+09  6.60983E+09  7.60473E+02  9.91409E+08  1.33585E+09  9.58174E+08  5.67990E+09  7.24987E+09  5.65166E+09
 0.490  10.813   2.686  8.02575E+09  1.04831E+10  7.94472E+09  8.83243E+02  1.28209E+09  1.73341E+09  1.24204E+09  6.74366E+09  8.74972E+09  6.70268E+09
 0.500   9.159   3.896  8.89078E+09  1.16974E+10  8.79427E+09  9.86352E+02  1.36942E+09  1.86617E+09  1.32485E+09  7.52136E+09  9.83126E+09  7.46942E+09
 0.510   9.051   2.939  8.88267E+09  1.17596E+10  8.78333E+09  1.06128E+03  1.18414E+09  1.62173E+09  1.14221E+09  7.69852E+09  1.01378E+10  7.64112E+09
 0.520   9.388   5.669  9.58139E+09  1.27470E+10  9.46531E+09  1.17213E+03  1.37006E+09  1.88546E+09  1.32114E+09  8.21133E+09  1.08615E+10  8.14417E+09
 0.530  20.913  11.461  2.22151E+09  3.06170E+09  2.14155E+09  2.51546E+03  1.16043E+09  1.61229E+09  1.10154E+09  1.06108E+09  1.44940E+09  1.04001E+09
 0.540  24.384  11.679  1.96120E+09  2.73049E+09  1.87633E+09  2.94687E+03  1.20439E+09  1.67825E+09  1.13913E+09  7.56810E+08  1.05224E+09  7.37208E+08
 0.550  15.967   8.034  2.69798E+09  3.72388E+09  2.60445E+09  2.53383E+03  1.24278E+09  1.73258E+09  1.17707E+09  1.45519E+09  1.99130E+09  1.42738E+09
 0.560  24.387  10.676  3.00988E+09  4.17116E+09  2.89874E+09  2.81392E+03  1.98726E+09  2.78395E+09  1.89909E+09  1.02262E+09  1.38721E+09  9.99649E+08
