  45
 0.120   0.926   0.582  4.83155E-02  6.35420E-02  2.89580E-02
 0.130   1.486   1.149  3.05809E-02  3.38238E-02  3.02314E-02
 0.140   1.794   1.441  1.98146E-02  2.05051E-02  1.89166E-02
 0.150   1.833   0.987  1.09396E-01  1.41604E-01  6.75069E-02
 0.160   2.435   1.704  6.05959E-02  6.13234E-02  5.75739E-02
 0.170   2.831   1.547  2.92553E-01  3.63542E-01  1.85813E-01
 0.180   3.102   2.198  8.14166E-02  5.67388E-02  1.27031E-01
 0.190   2.921   1.806  1.66816E-01  2.02781E-01  1.30313E-01
 0.200   4.112   1.806  1.04802E+00  1.20791E+00  7.73010E-01
 0.210   4.222   2.751  4.89108E-01  4.94875E-01  5.50160E-01
 0.220   3.337   1.860  8.06250E-01  8.69972E-01  6.54077E-01
 0.230   4.667   2.425  2.97809E-01  2.70575E-01  4.67092E-01
 0.240   5.109   1.517  1.49696E+00  1.35324E+00  1.61222E+00
 0.250   4.667   2.082  7.19326E-01  7.11687E-01  7.29830E-01
 0.260   5.440   3.096  3.54390E-01  3.62248E-01  3.58046E-01
 0.270   5.624   3.384  2.05375E+00  2.12709E+00  1.68354E+00
 0.280   5.003   1.900  2.85778E+00  3.30316E+00  2.15876E+00
 0.290   5.592   1.977  9.31850E-01  8.92461E-01  1.03543E+00
 0.300   6.187   1.946  1.23574E+00  1.34020E+00  1.04666E+00
 0.310   5.897   2.453  1.03439E+00  9.45539E-01  1.12336E+00
 0.320   5.877   1.826  9.99397E-01  1.05431E+00  9.10300E-01
 0.330   5.307   2.379  2.36735E+00  2.63086E+00  1.81896E+00
 0.340   4.818   1.693  3.90812E+00  4.02416E+00  3.60957E+00
 0.350   5.619   1.807  2.99884E+00  3.20402E+00  2.74011E+00
 0.360   5.310   2.472  2.23487E+00  2.42176E+00  1.84588E+00
 0.370   5.286   1.781  2.64006E+00  2.78792E+00  2.41580E+00
 0.380   9.033   2.636  1.65790E+00  1.62278E+00  1.73904E+00
 0.390  10.836   2.781  1.59268E+00  1.57502E+00  1.51548E+00
 0.400  10.566   2.541  8.43181E-01  8.17284E-01  9.24172E-01
 0.410  15.293   6.289  1.24931E+00  1.11586E+00  1.37978E+00
 0.420  12.095   7.772  2.60785E-01  3.02239E-01  2.30904E-01
 0.430  17.877   6.828  1.07202E+00  1.17397E+00  9.30328E-01
 0.440   8.094   2.680  9.12944E+00  8.51243E+00  9.81039E+00
 0.450   6.015   1.201  1.86837E+01  1.87333E+01  1.72692E+01
 0.460  11.034   2.028  8.77819E+00  8.23332E+00  1.03536E+01
 0.470   9.461   1.503  7.30576E+00  7.24180E+00  6.82685E+00
 0.480  10.161   1.718  5.83640E+00  5.95519E+00  5.67610E+00
 0.490  10.813   2.686  4.05863E+00  3.79134E+00  4.29362E+00
 0.500   9.159   3.896  5.68636E+00  5.78256E+00  5.69379E+00
 0.510   9.051   2.939  4.33137E+00  4.33196E+00  4.56422E+00
 0.520   9.388   5.669  5.53493E+00  5.50762E+00  5.68199E+00
 0.530  20.913  11.461  6.28653E-01  6.19552E-01  6.68389E-01
 0.540  24.384  11.679  4.41096E-02  4.77366E-02  7.11946E-02
 0.550  15.967   8.034  5.42176E-01  6.07197E-01  4.65649E-01
 0.560  24.387  10.676  1.05067E+00  1.09358E+00  1.05015E+00
