  45
 0.120   8.750   0.926  1.07307E+10  1.16048E+09  6.96368E+07  8.00245E+07  9.50054E+09  1.82924E+08  2.97011E+07  3.29971E+07  4.34397E+08  1.38477E+09  7.26400E+07  8.36719E+07  1.06315E+10  1.98221E+08  3.10303E+07  3.45311E+07  4.91680E+08
 0.130  11.000   1.486  1.60424E+10  1.63230E+09  1.28501E+08  1.51716E+08  1.42816E+10  1.87685E+07  3.88865E+07  4.59101E+07  4.97915E+08  1.41480E+09  1.27772E+08  1.50890E+08  1.34419E+10  6.07828E+07  5.35763E+07  6.31103E+07  9.20174E+08
 0.140  13.000   1.794  2.13122E+10  2.14358E+09  1.67510E+08  2.01537E+08  1.90011E+10  4.27439E+07  5.51501E+07  6.62387E+07  8.21572E+08  1.58547E+09  1.64717E+08  1.98114E+08  1.55896E+10  8.46491E+07  7.57790E+07  9.11275E+07  1.45226E+09
 0.150  14.500   1.833  2.50167E+10  2.49800E+09  2.47976E+08  2.96657E+08  2.22707E+10  1.72780E+08  8.23943E+07  9.64066E+07  1.03407E+09  1.57882E+09  2.41076E+08  2.88056E+08  1.51081E+10  2.47626E+08  1.12270E+08  1.32074E+08  1.54022E+09
 0.160  19.000   2.435  4.60912E+10  3.91555E+09  6.05231E+08  7.43520E+08  4.15704E+10  1.35507E+08  1.38762E+08  1.67879E+08  1.42516E+09  1.77918E+09  3.04616E+08  3.71573E+08  1.89771E+10  2.25693E+08  1.80379E+08  2.18451E+08  2.18404E+09
 0.170  22.000   2.831  5.89144E+10  5.53850E+09  7.03769E+08  8.69035E+08  5.26722E+10  3.68521E+08  2.39406E+08  2.92086E+08  2.80567E+09  2.72237E+09  6.80465E+08  8.39678E+08  2.67904E+10  6.09051E+08  2.88428E+08  3.51445E+08  4.19890E+09
 0.180  24.250   3.102  6.72775E+10  6.33688E+09  9.11999E+08  1.12551E+09  6.00287E+10  1.36450E+08  3.05793E+08  3.75281E+08  2.45740E+09  2.99801E+09  8.46803E+08  1.04279E+09  2.50403E+10  2.40072E+08  3.81816E+08  4.67271E+08  3.78545E+09
 0.190  26.250   2.921  7.30266E+10  6.62616E+09  9.81991E+08  1.22995E+09  6.54184E+10  4.46288E+08  3.94962E+08  4.90226E+08  3.77232E+09  3.08177E+09  9.32029E+08  1.16589E+09  2.46409E+10  5.00225E+08  4.46476E+08  5.54248E+08  4.59871E+09
 0.200  29.500   4.112  8.88982E+10  8.29165E+09  1.27821E+09  1.59121E+09  7.93284E+10  5.10047E+08  6.85697E+08  8.60276E+08  5.19032E+09  3.96290E+09  1.17224E+09  1.45663E+09  2.60847E+10  1.23095E+09  9.15398E+08  1.14242E+09  8.70533E+09
 0.210  32.250   4.222  1.00173E+11  9.09720E+09  1.46861E+09  1.84642E+09  8.96073E+10  5.54793E+08  7.95744E+08  1.00704E+09  6.53957E+09  3.61010E+09  1.42107E+09  1.78480E+09  3.23940E+10  9.50836E+08  1.01761E+09  1.28402E+09  1.02523E+10
 0.220  35.000   3.337  1.10671E+11  8.98556E+09  1.81499E+09  2.27618E+09  9.98705E+10  8.69364E+08  9.61459E+08  1.21703E+09  7.08654E+09  2.99414E+09  1.61594E+09  2.02772E+09  2.98730E+10  8.22164E+08  9.22700E+08  1.16895E+09  6.54473E+09
 0.230  37.500   4.667  1.21119E+11  9.26608E+09  1.91866E+09  2.44364E+09  1.09935E+11  6.37579E+08  1.15210E+09  1.46652E+09  7.66477E+09  2.48489E+09  1.76551E+09  2.24757E+09  2.76958E+10  9.55934E+08  1.36544E+09  1.73765E+09  1.06305E+10
 0.240  40.500   5.109  1.31851E+11  1.02727E+10  2.16667E+09  2.76206E+09  1.19411E+11  7.83793E+08  1.45171E+09  1.84205E+09  9.12551E+09  2.40288E+09  2.04573E+09  2.60471E+09  2.93830E+10  1.20479E+09  1.70146E+09  2.16160E+09  1.28437E+10
 0.250  43.000   4.667  1.39627E+11  1.14435E+10  2.26603E+09  2.91890E+09  1.25917E+11  8.68131E+08  1.65670E+09  2.12775E+09  1.05962E+10  3.21186E+09  2.10910E+09  2.71425E+09  3.15714E+10  9.96836E+08  1.73488E+09  2.22818E+09  1.18904E+10
 0.260  45.250   5.440  1.46553E+11  1.23604E+10  2.42011E+09  3.13066E+09  1.31772E+11  1.03312E+09  1.74806E+09  2.26082E+09  1.15430E+10  3.62584E+09  2.24594E+09  2.91130E+09  3.17606E+10  1.43856E+09  1.91375E+09  2.47648E+09  1.48486E+10
 0.270  47.750   5.624  1.54277E+11  1.29165E+10  2.80745E+09  3.60452E+09  1.38553E+11  2.41102E+09  2.21152E+09  2.83461E+09  1.35451E+10  5.82562E+09  2.65485E+09  3.40368E+09  3.22543E+10  2.99810E+09  2.36226E+09  3.02693E+09  1.66740E+10
 0.280  50.000   5.003  1.60255E+11  1.34639E+10  3.47703E+09  4.42845E+09  1.43314E+11  2.91248E+09  2.83854E+09  3.60055E+09  1.41527E+10  5.10339E+09  3.31449E+09  4.21527E+09  3.19766E+10  2.91467E+09  2.83901E+09  3.60115E+09  1.41642E+10
 0.290  52.250   5.592  1.65922E+11  1.35413E+10  4.12888E+09  5.27280E+09  1.48252E+11  1.78037E+09  3.44560E+09  4.38142E+09  1.49133E+10  3.60295E+09  3.95907E+09  5.04780E+09  3.21618E+10  1.94485E+09  3.51917E+09  4.47673E+09  1.62667E+10
 0.300  54.750   6.187  1.72434E+11  1.36976E+10  4.51661E+09  5.81636E+09  1.54220E+11  1.73727E+09  3.89059E+09  4.99343E+09  1.58698E+10  3.50525E+09  4.34279E+09  5.58501E+09  3.17530E+10  2.13675E+09  4.02639E+09  5.17048E+09  1.83966E+10
 0.310  57.250   5.897  1.80798E+11  1.42044E+10  4.94506E+09  6.39969E+09  1.61648E+11  1.85123E+09  4.32979E+09  5.59122E+09  1.71164E+10  3.32769E+09  4.78934E+09  6.19159E+09  3.27900E+10  1.93080E+09  4.36483E+09  5.63655E+09  1.77441E+10
 0.320  60.500   5.877  1.93038E+11  1.57504E+10  5.30198E+09  6.90629E+09  1.71985E+11  1.63346E+09  4.77436E+09  6.20468E+09  1.85495E+10  2.69519E+09  5.12633E+09  6.67008E+09  3.26632E+10  1.57833E+09  4.73897E+09  6.15819E+09  1.79032E+10
 0.330  64.250   5.307  2.10232E+11  1.72311E+10  5.52646E+09  7.25312E+09  1.87474E+11  2.80107E+09  5.07360E+09  6.64554E+09  2.00033E+10  3.95595E+09  5.35249E+09  7.01839E+09  3.26358E+10  2.13783E+09  4.82167E+09  6.31431E+09  1.58984E+10
 0.340  72.250   4.818  2.61754E+11  2.14700E+10  6.60745E+09  8.66722E+09  2.33677E+11  3.13820E+09  5.69181E+09  7.45314E+09  2.36660E+10  3.83911E+09  5.86859E+09  7.68912E+09  3.39523E+10  2.25686E+09  5.16931E+09  6.76450E+09  1.46554E+10
 0.350  79.000   5.619  2.98364E+11  2.41320E+10  7.41801E+09  9.72950E+09  2.66814E+11  2.83701E+09  6.34493E+09  8.32034E+09  2.67096E+10  3.32032E+09  6.48265E+09  8.50448E+09  3.46459E+10  2.10337E+09  5.93233E+09  7.77304E+09  1.78676E+10
 0.360  81.750   5.310  3.19604E+11  2.43350E+10  7.82438E+09  1.03238E+10  2.87444E+11  2.89553E+09  6.59727E+09  8.71623E+09  2.77962E+10  3.40706E+09  6.70861E+09  8.86544E+09  3.49977E+10  1.99495E+09  6.03115E+09  7.96706E+09  1.66223E+10
 0.370  86.250   5.286  3.47629E+11  2.54473E+10  8.42950E+09  1.11489E+10  3.13752E+11  2.84357E+09  7.07311E+09  9.37311E+09  2.95215E+10  3.22235E+09  7.14682E+09  9.47247E+09  3.48726E+10  1.87758E+09  6.46183E+09  8.55565E+09  1.67885E+10
 0.380  93.000   9.033  3.91007E+11  2.88155E+10  8.90632E+09  1.18320E+10  3.53285E+11  2.82518E+09  7.46990E+09  9.94429E+09  3.26792E+10  3.08561E+09  7.50729E+09  9.99340E+09  3.53274E+10  2.71378E+09  7.45421E+09  9.92342E+09  3.16624E+10
 0.390 118.750  10.836  7.63278E+11  5.65069E+10  2.43368E+10  3.24951E+10  6.82434E+11  3.74595E+09  7.81345E+09  1.04566E+10  4.15598E+10  3.16885E+09  7.74098E+09  1.03582E+10  3.44279E+10  3.44499E+09  7.77515E+09  1.04045E+10  3.76017E+10
 0.400 125.500  10.566  8.62580E+11  5.84542E+10  2.64628E+10  3.52287E+10  7.77663E+11  3.80570E+09  8.00420E+09  1.07718E+10  4.61323E+10  2.95474E+09  7.91116E+09  1.06451E+10  3.53263E+10  3.16509E+09  7.93917E+09  1.06831E+10  3.76588E+10
 0.410 129.250  15.293  9.10506E+11  5.42682E+10  3.33132E+10  4.32911E+10  8.22924E+11  1.12886E+10  1.06179E+10  1.41152E+10  8.05741E+10  6.56596E+09  8.80757E+09  1.17898E+10  5.33495E+10  1.59179E+10  1.65434E+10  2.16710E+10  1.09112E+11
 0.420 133.000  12.095  9.35185E+11  4.86058E+10  3.81905E+10  4.98990E+10  8.48389E+11  4.87338E+09  7.67931E+09  1.03796E+10  3.62572E+10  3.10709E+09  7.26179E+09  9.82243E+09  2.36852E+10  4.15315E+09  7.53162E+09  1.01825E+10  3.11869E+10
 0.430 138.000  17.877  9.74398E+11  4.64605E+10  4.11522E+10  5.41767E+10  8.86785E+11  8.86188E+09  3.55859E+10  4.66977E+10  8.89067E+10  4.60657E+09  2.01319E+10  2.66701E+10  5.08398E+10  1.30515E+10  3.82138E+10  5.02018E+10  1.23050E+11
 0.440 143.000   8.094  1.01752E+12  4.83498E+10  4.45825E+10  5.89525E+10  9.24589E+11  1.05178E+10  3.80795E+10  5.01152E+10  9.49150E+10  7.74826E+09  3.60231E+10  4.73754E+10  6.24995E+10  6.12430E+09  3.45334E+10  4.53869E+10  4.93367E+10
 0.450 146.750   6.015  1.03375E+12  4.89762E+10  4.69214E+10  6.23775E+10  9.37857E+11  9.47933E+09  4.16400E+10  5.51476E+10  1.01499E+11  7.32441E+09  3.89339E+10  5.14728E+10  6.64832E+10  5.12820E+09  3.38251E+10  4.45818E+10  3.62934E+10
 0.460 150.750  11.034  1.05052E+12  4.95662E+10  4.85510E+10  6.50230E+10  9.52399E+11  8.77644E+09  4.32276E+10  5.77099E+10  1.03148E+11  5.95396E+09  4.01718E+10  5.35312E+10  6.51567E+10  6.57295E+09  4.09515E+10  5.45956E+10  7.30216E+10
 0.470 155.750   9.461  1.09010E+12  5.41756E+10  4.98708E+10  6.72673E+10  9.86053E+11  8.51928E+09  4.41624E+10  5.94138E+10  1.07965E+11  6.55524E+09  4.09993E+10  5.50655E+10  6.56875E+10  6.01458E+09  4.05105E+10  5.43991E+10  6.15685E+10
 0.480 159.750  10.161  1.11184E+12  5.68484E+10  5.06050E+10  6.86638E+10  1.00438E+12  8.14306E+09  4.48709E+10  6.07683E+10  1.15342E+11  5.48889E+09  4.14429E+10  5.60330E+10  6.70575E+10  5.59672E+09  4.16100E+10  5.62623E+10  6.83840E+10
 0.490 165.250  10.813  1.15171E+12  6.14851E+10  5.10135E+10  6.96438E+10  1.03921E+12  8.64832E+09  4.54231E+10  6.19063E+10  1.20790E+11  5.25287E+09  4.16134E+10  5.66308E+10  6.63617E+10  6.04416E+09  4.23632E+10  5.76610E+10  7.30595E+10
 0.500 169.750   9.159  1.18090E+12  6.36411E+10  5.16141E+10  7.07399E+10  1.06564E+12  9.86252E+09  4.63860E+10  6.34809E+10  1.32542E+11  6.29046E+09  4.22392E+10  5.77129E+10  6.96016E+10  5.55631E+09  4.11794E+10  5.62595E+10  6.20654E+10
 0.510 174.500   9.051  1.21171E+12  6.51589E+10  5.21113E+10  7.17150E+10  1.09444E+12  8.23813E+09  4.66072E+10  6.40361E+10  1.27205E+11  4.80755E+09  4.21590E+10  5.78354E+10  6.44430E+10  4.22197E+09  4.10006E+10  5.62416E+10  5.67743E+10
 0.520 182.500   9.388  1.29151E+12  6.98040E+10  5.28908E+10  7.30139E+10  1.16882E+12  9.14003E+09  4.75352E+10  6.55186E+10  1.32363E+11  4.68505E+09  4.24080E+10  5.83556E+10  6.40407E+10  4.31727E+09  4.16318E+10  5.72840E+10  5.91405E+10
 0.530 194.250  20.913  1.43756E+12  8.64202E+10  5.95751E+10  8.24761E+10  1.29156E+12  9.87159E+09  4.84680E+10  6.69790E+10  1.41051E+11  5.18012E+09  4.35721E+10  6.01005E+10  6.55018E+10  1.10976E+10  4.88090E+10  6.74607E+10  1.53183E+11
 0.540 199.750  24.384  1.47708E+12  8.96520E+10  6.02871E+10  8.36609E+10  1.32714E+12  1.04330E+10  4.93080E+10  6.82976E+10  1.47697E+11  4.32252E+09  4.38441E+10  6.06021E+10  6.50907E+10  1.39470E+10  5.02359E+10  6.96096E+10  1.83702E+11
 0.550 205.250  15.967  1.51222E+12  9.23090E+10  6.09224E+10  8.47337E+10  1.35899E+12  1.25064E+10  5.01192E+10  6.96011E+10  1.57137E+11  4.37057E+09  4.43520E+10  6.14741E+10  6.61382E+10  8.83925E+09  4.87290E+10  6.76353E+10  1.18098E+11
 0.560 208.500  24.387  1.53374E+12  9.41881E+10  6.19990E+10  8.62903E+10  1.37755E+12  1.94081E+10  5.18861E+10  7.21319E+10  1.84969E+11  4.71291E+09  4.54010E+10  6.30488E+10  7.11958E+10  2.45229E+10  5.31924E+10  7.39564E+10  2.27494E+11
