  45
 0.120  1.31250E+00  2.77615E+08  4.04968E+07  4.54811E+07  2.67422E+08  2.85940E+07  9.91590E+08  4.85087E-01
 0.130  1.65000E+00  8.54211E+07  5.84004E+07  6.87542E+07  7.80988E+07  2.90550E+07  1.11987E+09  1.26988E-01
 0.140  1.95000E+00  1.04495E+08  8.09497E+07  9.73514E+07  9.50331E+07  1.53750E+07  1.66293E+09  1.81396E-01
 0.150  2.17500E+00  3.16704E+08  1.35453E+08  1.60057E+08  2.91679E+08  5.46768E+07  2.03148E+09  7.92407E-01
 0.160  2.85000E+00  3.03443E+08  2.07247E+08  2.51161E+08  2.81552E+08  4.62918E+07  2.84915E+09  3.95900E-01
 0.170  3.30000E+00  7.74131E+08  3.10381E+08  3.77909E+08  7.12219E+08  6.73303E+07  5.33631E+09  9.61000E-01
 0.180  3.63750E+00  3.64112E+08  4.26081E+08  5.20608E+08  3.11322E+08  1.11129E+08  4.96244E+09  7.85638E-01
 0.190  3.93750E+00  7.69958E+08  7.23552E+08  9.03534E+08  6.88805E+08  6.04168E+07  7.91693E+09  7.18275E-01
 0.200  4.42500E+00  1.49297E+09  9.59109E+08  1.19505E+09  1.36107E+09  1.66086E+08  9.67721E+09  2.19164E+00
 0.210  4.83750E+00  1.22138E+09  1.12948E+09  1.42317E+09  1.10705E+09  1.08270E+08  1.28114E+10  9.01962E-01
 0.220  5.25000E+00  1.52901E+09  1.30160E+09  1.63892E+09  1.36205E+09  1.76480E+08  1.31398E+10  2.15498E+00
 0.230  5.62500E+00  1.31809E+09  1.51714E+09  1.93065E+09  1.18040E+09  8.70224E+07  1.37319E+10  7.12510E-01
 0.240  6.07500E+00  1.52522E+09  1.83725E+09  2.33556E+09  1.35415E+09  2.27715E+08  1.61733E+10  2.40942E+00
 0.250  6.45000E+00  1.63530E+09  1.96457E+09  2.52546E+09  1.43387E+09  9.52057E+07  1.82119E+10  1.02669E+00
 0.260  6.78750E+00  2.06885E+09  2.07086E+09  2.68165E+09  1.80395E+09  9.16979E+07  1.97778E+10  1.03359E+00
 0.270  7.16250E+00  4.30717E+09  2.52561E+09  3.23811E+09  3.85147E+09  3.51410E+08  2.23209E+10  4.58475E+00
 0.280  7.50000E+00  4.10937E+09  3.19935E+09  4.06629E+09  3.65750E+09  5.03390E+08  2.31861E+10  6.08554E+00
 0.290  7.83750E+00  2.93246E+09  3.82650E+09  4.87532E+09  2.59216E+09  4.20459E+08  2.45062E+10  4.27256E+00
 0.300  8.21250E+00  2.99330E+09  4.26466E+09  5.48248E+09  2.70077E+09  2.89349E+08  2.55601E+10  3.38206E+00
 0.310  8.58750E+00  2.89981E+09  4.71308E+09  6.09101E+09  2.52719E+09  3.49565E+08  2.76598E+10  3.91917E+00
 0.320  9.07500E+00  2.44598E+09  5.09851E+09  6.63274E+09  2.12982E+09  3.21993E+08  2.94590E+10  3.25231E+00
 0.330  9.63750E+00  3.87220E+09  5.33712E+09  6.99767E+09  3.36618E+09  2.15076E+08  3.13848E+10  2.80373E+00
 0.340  1.08375E+01  4.07888E+09  5.89577E+09  7.72560E+09  3.51939E+09  4.19079E+08  3.69825E+10  4.92608E+00
 0.350  1.18500E+01  3.82609E+09  6.53877E+09  8.58070E+09  3.26775E+09  4.11846E+08  4.19381E+10  4.77988E+00
 0.360  1.22625E+01  4.08380E+09  6.78997E+09  8.97445E+09  3.45037E+09  2.57787E+08  4.39814E+10  3.35110E+00
 0.370  1.29375E+01  4.08557E+09  7.23271E+09  9.58821E+09  3.48400E+09  3.20715E+08  4.64236E+10  3.89044E+00
 0.380  1.39500E+01  4.23756E+09  7.60131E+09  1.01209E+10  3.58202E+09  2.51578E+08  5.05518E+10  2.58437E+00
 0.390  1.78125E+01  5.27066E+09  7.89475E+09  1.05674E+10  4.42962E+09  2.25378E+08  6.38297E+10  2.11426E+00
 0.400  1.88250E+01  5.68374E+09  8.17918E+09  1.10114E+10  4.72591E+09  1.18784E+08  7.83459E+10  1.21939E+00
 0.410  1.93875E+01  2.36126E+10  2.79789E+10  3.62905E+10  2.05550E+10  5.77348E+09  1.65783E+11  8.59293E+01
 0.420  1.99500E+01  9.05139E+09  8.54150E+09  1.15336E+10  7.53139E+09  1.48175E+08  7.51776E+10  1.61642E+00
 0.430  2.07000E+01  1.54958E+10  3.87737E+10  5.09496E+10  1.33072E+10  2.00097E+09  1.43783E+11  1.90421E+01
 0.440  2.14500E+01  1.43192E+10  4.08295E+10  5.38398E+10  1.22147E+10  2.16802E+09  1.51786E+11  2.04543E+01
 0.450  2.20125E+01  1.24010E+10  4.37248E+10  5.80023E+10  1.06707E+10  1.97918E+09  1.54024E+11  2.27823E+01
 0.460  2.26125E+01  1.11522E+10  4.52473E+10  6.04885E+10  9.49832E+09  1.02680E+09  1.56487E+11  1.01369E+01
 0.470  2.33625E+01  1.00613E+10  4.60977E+10  6.20912E+10  8.63836E+09  7.68342E+08  1.63879E+11  8.77891E+00
 0.480  2.39625E+01  9.56281E+09  4.68375E+10  6.35024E+10  8.15520E+09  5.67841E+08  1.77251E+11  6.71395E+00
 0.490  2.47875E+01  1.05277E+10  4.76063E+10  6.49537E+10  9.07218E+09  4.17131E+08  1.90815E+11  4.50697E+00
 0.500  2.54625E+01  1.26882E+10  4.87089E+10  6.67173E+10  1.07708E+10  5.80522E+08  2.15986E+11  6.39362E+00
 0.510  2.61750E+01  1.14079E+10  4.86731E+10  6.69398E+10  9.52737E+09  4.29112E+08  2.05465E+11  4.58951E+00
 0.520  2.73750E+01  1.32629E+10  4.94068E+10  6.81564E+10  1.11101E+10  5.33915E+08  2.10429E+11  5.96334E+00
 0.530  2.91375E+01  1.64679E+10  5.01560E+10  6.93630E+10  1.42412E+10  6.59615E+08  2.22162E+11  8.04645E+00
 0.540  2.99625E+01  1.70568E+10  5.09921E+10  7.06811E+10  1.49936E+10  5.71500E+08  2.29784E+11  5.64346E+00
 0.550  3.07875E+01  1.83394E+10  5.17595E+10  7.19246E+10  1.61423E+10  4.72234E+08  2.46048E+11  5.27033E+00
 0.560  3.12750E+01  3.00792E+10  5.91382E+10  8.23041E+10  2.65487E+10  8.01536E+08  3.11197E+11  9.13624E+00
