  45
 0.120        47026  0.21664E-01 -0.35357E-01  0.24525E-02  0.35846E+02 -0.19960E+01  0.17940E+02  0.59727E+00  0.42811E+00  0.67822E+00   0.926   0.582
 0.130        49464 -0.13736E-01 -0.20604E-01  0.11964E-01 -0.59810E+01  0.11460E+02 -0.58054E+02 -0.87336E+00 -0.33838E+00 -0.35035E+00   1.486   1.149
 0.140        18418  0.14309E-01 -0.20986E-01  0.28617E-02  0.21405E+02 -0.36901E+02  0.94316E+02 -0.87000E+00  0.13277E+00 -0.47483E+00   1.794   1.441
 0.150       116385 -0.28625E-01 -0.21468E-01  0.81784E-02  0.41001E+01  0.20889E+02 -0.31875E+02 -0.66372E+00  0.23768E+00 -0.70922E+00   1.833   0.987
 0.160        14705  0.98144E-02  0.17993E-01 -0.59977E-02 -0.37680E+02  0.33274E+02  0.36932E+02 -0.62373E+00  0.28330E+00  0.72849E+00   2.435   1.704
 0.170       100845 -0.13319E-01  0.14477E-02 -0.22584E-01 -0.23872E+02  0.60917E+02  0.21017E+02 -0.81794E+00 -0.35650E+00 -0.45153E+00   2.831   1.547
 0.180       190825  0.49059E-02 -0.64390E-02  0.61324E-02 -0.17072E+02  0.68323E+01 -0.88782E+01 -0.77041E+00 -0.16128E+00 -0.61681E+00   3.102   2.198
 0.190       116384  0.11006E-01  0.48554E-02  0.23306E-01  0.24821E+02  0.21029E+02  0.38697E+02 -0.59471E+00 -0.62525E+00 -0.50535E+00   2.921   1.806
 0.200        74566  0.13629E-02  0.15333E-01 -0.13629E-02 -0.97019E+01  0.48580E+01 -0.44362E+02 -0.31902E+00 -0.74357E+00 -0.58765E+00   4.112   1.806
 0.210       350024  0.50106E-02  0.42948E-02 -0.13600E-01  0.17027E+01  0.19184E+02  0.56392E+02  0.26920E+00 -0.82366E+00 -0.49912E+00   4.222   2.751
 0.220        80245 -0.22483E-02  0.48714E-02 -0.22483E-02  0.59631E+02  0.23435E+02 -0.62079E+02 -0.37173E-01 -0.99744E+00 -0.61130E-01   3.337   1.860
 0.230       403542  0.70520E-02 -0.39178E-02 -0.54849E-02 -0.54114E+02  0.14773E+02  0.32035E+02  0.48981E-01 -0.97410E+00 -0.22076E+00   4.667   2.425
 0.240       394065 -0.49055E-02  0.20031E-01  0.24527E-02 -0.20561E+02  0.18507E+02 -0.56311E+02 -0.20720E+00 -0.96036E+00  0.18650E+00   5.109   1.517
 0.250       543528 -0.59628E-02 -0.17036E-02 -0.68146E-02  0.89228E+01  0.18362E+02 -0.11096E+02 -0.22991E+00 -0.94694E+00  0.22462E+00   4.667   2.082
 0.260       520474 -0.88614E-03 -0.15507E-01  0.53168E-02  0.12050E+02  0.24648E+02  0.48632E+02 -0.31716E+00 -0.94788E+00  0.30570E-01   5.440   3.096
 0.270       565571 -0.11958E-01 -0.45992E-02  0.27595E-02 -0.23195E+02 -0.93564E+00  0.43190E+02 -0.54431E+00 -0.77119E+00 -0.33014E+00   5.624   3.384
 0.280        81094  0.38179E-02  0.66813E-02 -0.66813E-02  0.17532E+02  0.27144E+01  0.19067E+02 -0.49524E+00 -0.81421E+00 -0.30298E+00   5.003   1.900
 0.290       683832  0.39517E-02 -0.39517E-02  0.79034E-02  0.11303E+02  0.35611E+02  0.30015E+02 -0.60991E+00 -0.36997E+00 -0.70081E+00   5.592   1.977
 0.300       873586  0.10219E-02 -0.86862E-02  0.30657E-02 -0.83037E+02 -0.79788E+02  0.56975E+02 -0.35934E+00 -0.29614E+00 -0.88497E+00   6.187   1.946
 0.310       727861  0.00000E+00  0.21117E-02  0.52793E-02 -0.15126E+02  0.48598E+02 -0.11485E+03 -0.37113E+00 -0.31380E+00 -0.87396E+00   5.897   2.453
 0.320       835037  0.00000E+00  0.59978E-02  0.21810E-02  0.39101E+02  0.84241E+01  0.26156E+02 -0.34174E+00 -0.24667E+00 -0.90685E+00   5.877   1.826
 0.330      1007952  0.33730E-02  0.84326E-02  0.33730E-02  0.53581E+02  0.12842E+02 -0.74540E+02 -0.42084E+00 -0.11800E+00 -0.89943E+00   5.307   2.379
 0.340      1030001  0.23172E-02 -0.57929E-03  0.46343E-02 -0.28472E+02 -0.13049E+02  0.16833E+02 -0.26966E+00 -0.13744E+00 -0.95310E+00   4.818   1.693
 0.350      1133187  0.00000E+00  0.17894E-02  0.23858E-02 -0.56456E+01  0.53225E+02  0.27174E+02  0.14847E+00 -0.57043E+00 -0.80781E+00   5.619   1.807
 0.360      1408091 -0.49052E-02 -0.24526E-02 -0.24526E-02  0.12515E+02  0.66848E+02  0.23376E+00  0.80967E-01 -0.81186E+00 -0.57821E+00   5.310   2.472
 0.370      1574592 -0.37821E-02  0.18910E-02  0.12607E-02 -0.26430E+01 -0.26496E+02 -0.22854E+02  0.61897E-01 -0.91849E+00 -0.39056E+00   5.286   1.781
 0.380      1033358  0.25890E-02  0.00000E+00 -0.38834E-02  0.78735E+01 -0.95083E+00  0.10486E+02  0.32419E+00 -0.90860E+00 -0.26333E+00   9.033   2.636
 0.390      1085443  0.00000E+00  0.26584E-02  0.00000E+00 -0.74295E+02  0.49155E+02  0.40282E+02  0.43613E+00 -0.88536E+00 -0.16102E+00  10.836   2.781
 0.400      1993228  0.27253E-02 -0.40879E-02 -0.13626E-02  0.24298E+02  0.17061E+02  0.32201E+01  0.46660E+00 -0.87682E+00 -0.11607E+00  10.566   2.541
 0.410      1851087 -0.13965E-02 -0.13965E-02 -0.27930E-02 -0.75826E+01  0.26653E+02 -0.67993E+02  0.56616E-01 -0.93560E+00 -0.34850E+00  15.293   6.289
 0.420      1843046  0.57244E-02 -0.28622E-02  0.28622E-02  0.26612E+02  0.43532E+02  0.58930E+01  0.35316E+00 -0.55450E+00 -0.75353E+00  12.095   7.772
 0.430      1484895  0.00000E+00  0.14650E-02 -0.14650E-02  0.84895E+02  0.53324E+02 -0.10324E+03 -0.48267E+00  0.22845E+00 -0.84548E+00  17.877   6.828
 0.440      2642605  0.00000E+00  0.00000E+00  0.00000E+00  0.57834E+01  0.43400E+03  0.61748E+02 -0.18059E+00  0.32931E+00 -0.92679E+00   8.094   2.680
 0.450      1904075  0.15330E-02 -0.15330E-02  0.15330E-02 -0.10061E+03 -0.13470E+03  0.53832E+02  0.42746E-01  0.45532E+00 -0.88930E+00   6.015   1.201
 0.460      1911361  0.00000E+00  0.15675E-02  0.00000E+00  0.11175E+03 -0.30329E+03 -0.55560E+02 -0.30615E-01  0.34704E+00 -0.93735E+00  11.034   2.028
 0.470      3037609  0.00000E+00  0.32020E-02  0.00000E+00  0.23106E+03 -0.11409E+03  0.16042E+02  0.31857E-01  0.35850E+00 -0.93298E+00   9.461   1.503
 0.480      2466676  0.00000E+00 -0.32699E-02 -0.32699E-02  0.90695E+02  0.16723E+03  0.24033E+03  0.48499E-01  0.48393E+00 -0.87376E+00  10.161   1.718
 0.490      3488042 -0.16698E-02  0.00000E+00 -0.16698E-02  0.30428E+03 -0.13060E+03 -0.17689E+03  0.30884E-01  0.53285E+00 -0.84565E+00  10.813   2.686
 0.500      2728074  0.17032E-02  0.17032E-02  0.17032E-02  0.37678E+02 -0.85797E+01  0.64164E+02 -0.40366E-01  0.63881E+00 -0.76830E+00   9.159   3.896
 0.510      1527807  0.17378E-02  0.17378E-02 -0.17378E-02  0.59454E+02 -0.41916E+02 -0.21399E+03 -0.92725E-01  0.69532E+00 -0.71270E+00   9.051   2.939
 0.520      1359147  0.17716E-02  0.35432E-02  0.17716E-02  0.10152E+03  0.23697E+03  0.32450E+03 -0.72005E-02  0.66190E+00 -0.74956E+00   9.388   5.669
 0.530      4173919 -0.18058E-02  0.18058E-02  0.36116E-02 -0.75794E+02  0.12447E+03  0.21154E+03 -0.49441E-01 -0.36509E+00 -0.92966E+00  20.913  11.461
 0.540       571884 -0.18401E-02  0.18401E-02  0.00000E+00  0.79696E+02  0.10119E+03  0.40225E+02 -0.53838E-01 -0.58001E+00 -0.81283E+00  24.384  11.679
 0.550      4230279  0.00000E+00 -0.18746E-02 -0.37491E-02  0.19876E+02  0.13570E+03  0.91495E+02 -0.12195E+00 -0.32305E+00 -0.93849E+00  15.967   8.034
 0.560      4283240 -0.19080E-02 -0.19080E-02  0.00000E+00  0.91829E+02 -0.46375E+02 -0.46527E+02  0.45148E+00 -0.42318E+00 -0.78555E+00  24.387  10.676
