  45
 0.120 -4.65041E-02 -3.60132E-02 -4.89205E-02 -1.48572E+01 -4.26978E+00  1.97009E+00   0.926  1.98221E+08  2.15313E+08  3.10303E+07  0.00000E+00  4.91680E+08  4.07829E-01  7.97241E+01   7.453   7.139
 0.130  2.14917E-01  1.14468E-01  2.33540E-01 -6.94950E-01 -4.60727E+00  2.43250E+01   1.486  6.07828E+07  8.13064E+07  5.35763E+07  7.80087E+06  9.20174E+08  1.03883E-01  1.38538E+02   7.549   7.382
 0.140  1.47346E-01 -5.55870E-02 -2.29537E-01 -2.94295E-01 -8.29374E+00  2.04968E+01   1.794  8.46491E+07  9.12177E+07  7.57790E+07  2.00924E+07  1.45226E+09  1.71732E-01  2.06663E+02   7.673   7.450
 0.150 -2.18129E-01 -3.41337E-01  1.41668E-01 -2.00381E+01 -7.59067E+00 -4.11474E+00   1.833  2.47626E+08  2.76473E+08  1.12270E+08  2.69106E+07  1.54022E+09  7.18578E-01  1.90276E+02   7.667   7.519
 0.160 -5.49611E-01 -1.00255E-01 -5.70938E-01  2.29064E+01  4.82373E+00  2.15104E+01   2.435  2.25693E+08  2.49866E+08  1.80379E+08  4.40802E+07  2.18404E+09  3.35192E-01  2.46827E+02   7.610   7.557
 0.170  2.19229E-01  7.47036E-02 -9.59491E-01  1.68376E+01 -1.71481E+01 -5.96308E+00   2.831  6.09051E+08  6.23073E+08  2.88428E+08  8.24614E+07  4.19890E+09  8.42336E-01  2.98183E+02   7.705   7.551
 0.180  9.11084E-02  1.66261E-01  5.09607E-02 -2.25423E+01  2.32318E+01  2.60486E+01   3.102  2.40072E+08  2.99443E+08  3.81816E+08  8.00730E+07  3.78545E+09  6.69042E-01  3.14520E+02   7.955   7.664
 0.190  2.59047E-01  3.75403E-02 -5.06876E-01  2.90628E+01 -3.41608E+01  1.13511E+01   2.921  5.00225E+08  5.08894E+08  4.46476E+08  1.46373E+08  4.59871E+09  6.52398E-01  4.00181E+02   7.901   7.670
 0.200  3.83215E-01 -8.04524E-01  6.74839E-01  1.68891E+01 -9.41538E+00  6.13868E+00   4.112  1.23095E+09  1.26628E+09  9.15398E+08  4.12855E+08  8.70533E+09  1.92241E+00  4.66724E+02   7.873   7.773
 0.210  5.44007E-01  7.37511E-01 -1.71757E-01 -8.92379E+00 -3.30582E+01  4.80324E+01   4.222  9.50836E+08  9.58658E+08  1.01761E+09  4.38143E+08  1.02523E+10  8.23722E-01  5.34516E+02   7.924   7.800
 0.220 -2.89911E-01 -1.41799E-01  9.28773E-01 -4.74825E+01  4.18594E+00  8.79825E+00   3.337  8.22164E+08  8.61632E+08  9.22700E+08  3.40832E+08  6.54473E+09  1.22769E+00  6.04970E+02   7.958   7.856
 0.230 -2.86909E-01 -4.32659E-01  4.97868E-01 -1.16708E+01  2.97423E+01 -2.11560E+01   4.667  9.55934E+08  9.51317E+08  1.36544E+09  5.73388E+08  1.06305E+10  6.91706E-01  6.21809E+02   8.012   7.852
 0.240 -6.47762E-01  5.65074E-01  9.26062E-01 -3.28581E+01  1.02893E+01 -3.05676E+01   5.109  1.20479E+09  1.30651E+09  1.70146E+09  6.45980E+08  1.28437E+10  2.33313E+00  6.45866E+02   8.095   7.888
 0.250  2.42600E-01  3.57456E-02  1.95758E-01 -1.22948E+01 -1.30071E+01 -9.15577E-01   4.667  9.96836E+08  9.86866E+08  1.73488E+09  5.94801E+08  1.18904E+10  9.68948E-01  7.39694E+02   8.065   7.914
 0.260 -1.61488E-01 -3.36773E-01  1.71819E-01 -3.33174E+01 -5.94286E+00  1.19606E+01   5.440  1.43856E+09  1.37570E+09  1.91375E+09  6.65315E+08  1.48486E+10  9.98675E-01  8.27747E+02   8.051   7.925
 0.270 -2.82396E-01 -2.74703E-01 -4.90756E-01  4.91423E+01 -1.17607E+01 -1.92486E+01   5.624  2.99810E+09  3.06324E+09  2.36226E+09  7.38307E+08  1.66740E+10  4.42343E+00  8.19186E+02   7.992   7.936
 0.280  3.70606E-01  6.18600E-02 -1.07175E-01 -6.48416E+00 -1.29656E+00  2.55237E+01   5.003  2.91467E+09  3.16562E+09  2.83901E+09  6.69961E+08  1.41642E+10  5.85293E+00  7.66267E+02   8.126   8.002
 0.290 -2.58487E-01 -1.06135E-01  2.88115E-01  3.04043E+00  1.24498E+01  1.86994E+00   5.592  1.94485E+09  2.16674E+09  3.51917E+09  7.32178E+08  1.62667E+10  4.09453E+00  7.58008E+02   8.254   8.074
 0.300 -1.77880E-01  2.68798E-01  1.27535E-01  1.39938E+01 -7.73631E+00 -3.87657E+00   6.187  2.13675E+09  2.23964E+09  4.02639E+09  8.36468E+08  1.83966E+10  3.30328E+00  8.18898E+02   8.231   8.123
 0.310  6.43696E-01 -3.80704E-01 -8.63819E-02  9.14260E+00 -1.07039E+01  1.16320E+01   5.897  1.93080E+09  2.08561E+09  4.36483E+09  8.14211E+08  1.77441E+10  3.76596E+00  8.77014E+02   8.298   8.158
 0.320  2.99453E-02  2.05031E-01  7.35905E-02 -5.28081E+00  1.64759E+01 -3.30327E+00   5.877  1.57833E+09  1.73984E+09  4.73897E+09  8.40215E+08  1.79032E+10  3.17717E+00  9.47626E+02   8.349   8.198
 0.330  3.27104E-01  5.43915E-01 -2.33272E-01  2.02483E+01 -3.93924E+01 -6.48407E+00   5.307  2.13783E+09  2.15918E+09  4.82167E+09  7.87270E+08  1.58984E+10  2.54023E+00  1.04005E+03   8.269   8.217
 0.340  6.29814E-01  4.72954E-01 -2.33488E-01  2.30806E+01 -3.74244E+01  1.87986E+00   4.818  2.25686E+09  2.46777E+09  5.16931E+09  7.47398E+08  1.46554E+10  4.51268E+00  1.08116E+03   8.270   8.228
 0.350  4.40000E-01  6.58952E-01 -3.32594E-01  7.24581E+01 -1.69054E+01  2.43495E+01   5.619  2.10337E+09  2.27216E+09  5.93233E+09  8.82172E+08  1.78676E+10  4.55448E+00  1.12233E+03   8.280   8.229
 0.360  1.20031E+00 -1.94003E-01 -3.52432E-01  4.01748E+01 -1.78188E+01  1.61809E+01   5.310  1.99495E+09  2.04093E+09  6.03115E+09  8.31328E+08  1.66223E+10  2.94483E+00  1.22099E+03   8.256   8.238
 0.370  6.70034E-01 -1.48780E-01  4.30023E-02 -2.66658E+00 -8.07924E+00  4.29480E+01   5.286  1.87758E+09  2.02816E+09  6.46183E+09  8.81425E+08  1.67885E+10  3.84924E+00  1.29068E+03   8.325   8.245
 0.380  8.06404E-01  4.70304E-01 -2.99862E-01 -1.26398E+01 -2.97308E+00 -1.03120E+01   9.033  2.71378E+09  2.61791E+09  7.45421E+09  1.27071E+09  3.16624E+10  2.45616E+00  1.38774E+03   8.275   8.237
 0.390  7.28003E-01  4.53828E-01 -7.35377E-01 -1.23867E+01  2.77238E+00  2.04027E+00  10.836  3.44499E+09  3.30883E+09  7.77515E+09  1.32661E+09  3.76017E+10  2.11426E+00  1.49515E+03   8.250   8.243
 0.400 -1.17811E+00 -7.68766E-01  3.94947E-02 -1.85221E+01 -1.25462E+00 -3.06062E+01  10.566  3.16509E+09  2.95824E+09  7.93917E+09  1.32420E+09  3.76588E+10  1.21802E+00  1.61016E+03   8.246   8.247
 0.410 -2.48505E+00 -7.73493E-01  7.56852E+00 -1.22440E+02 -2.01993E+01  2.33112E+02  15.293  1.59179E+10  1.65984E+10  1.65434E+10  6.87810E+09  1.09112E+11  3.70989E+01  1.42244E+03   8.181   8.290
 0.420  6.60419E-01  1.03766E+00  6.33445E-01 -3.28879E+00 -9.59928E+00  2.03529E+01  12.095  4.15315E+09  3.72933E+09  7.53162E+09  1.01037E+09  3.11869E+10  1.48192E+00  1.80169E+03   8.132   8.266
 0.430 -3.67388E+00  1.12072E+00  4.71362E+00  1.58991E+02  2.98401E+01 -1.48153E+02  17.877  1.30515E+10  1.32880E+10  3.82138E+10  2.56633E+10  1.23050E+11  1.88798E+01  1.33328E+03   8.338   8.464
 0.440 -8.88883E-01 -3.07348E-01 -2.13220E-01 -3.52814E+00 -1.57467E+00 -1.19622E+01   8.094  6.12430E+09  7.50893E+09  3.45334E+10  2.16589E+10  4.93367E+10  1.86640E+01  1.33867E+03   8.497   8.532
 0.450  4.32453E-02  1.01581E-01  2.63256E-01  1.50820E+01  4.08558E+00  2.89331E+00   6.015  5.12820E+09  6.72041E+09  3.38251E+10  2.01188E+10  3.62934E+10  2.21968E+01  1.37007E+03   8.559   8.562
 0.460  9.63052E-01 -6.17447E-01 -2.74171E-01 -2.47538E+01 -1.16576E+01 -1.72749E+00  11.034  6.57295E+09  7.03988E+09  4.09515E+10  2.31410E+10  7.30216E+10  9.98365E+00  1.51437E+03   8.534   8.533
 0.470  6.26346E-02  1.11220E-01 -8.44894E-02 -1.72774E+01  2.87649E+00 -4.84838E+00   9.461  6.01458E+09  6.29630E+09  4.05105E+10  2.23380E+10  6.15685E+10  8.43524E+00  1.62761E+03   8.528   8.546
 0.480 -9.77026E-02 -2.11850E-02  3.88565E-02 -2.73426E-01 -9.10066E+00 -1.27966E+01  10.161  5.59672E+09  5.73539E+09  4.16100E+10  2.25248E+10  6.83840E+10  6.59615E+00  1.76401E+03   8.537   8.547
 0.490 -4.71192E-01  9.05978E-02 -1.86148E-01  1.00827E+01  4.89948E+00  4.97049E+00  10.813  6.04416E+09  5.92742E+09  4.23632E+10  2.26682E+10  7.30595E+10  4.43696E+00  1.91297E+03   8.514   8.547
 0.500  1.91714E-01 -5.78398E-02  2.06426E-01 -5.15191E+00  2.06451E+01  7.93825E+00   9.159  5.55631E+09  5.62516E+09  4.11794E+10  2.17322E+10  6.20654E+10  5.94313E+00  2.03102E+03   8.515   8.558
 0.510 -2.57437E-01 -6.66287E-01 -5.16231E-01 -2.89381E+01 -3.69132E+00  1.70847E+00   9.051  4.22197E+09  4.26476E+09  4.10006E+10  2.13653E+10  5.67743E+10  4.54379E+00  2.16531E+03   8.551   8.563
 0.520  6.85965E-01  1.77437E-01  1.58329E-01  2.08807E+01 -1.80668E+01 -7.81640E+00   9.388  4.31727E+09  4.40519E+09  4.16318E+10  2.14143E+10  5.91405E+10  5.73540E+00  2.29684E+03   8.561   8.563
 0.530 -6.04535E-01 -8.99753E-01  1.29414E+00 -2.14030E+01  3.49870E+01  3.89510E+00  20.913  1.10976E+10  1.04025E+10  4.88090E+10  2.51387E+10  1.53183E+11  8.04348E+00  2.48833E+03   8.341   8.527
 0.540 -1.97492E+00  2.11393E+00  4.23849E-01 -1.20904E+01  3.21868E+01 -9.71082E+00  24.384  1.39470E+10  1.30011E+10  5.02359E+10  2.55226E+10  1.83702E+11  5.64037E+00  2.62574E+03   8.269   8.524
 0.550  2.14749E+00  1.27760E+00 -2.23459E+00  3.39470E+01 -8.99135E+01  4.21606E+01  15.967  8.83925E+09  8.36281E+09  4.87290E+10  2.42792E+10  1.18098E+11  5.02958E+00  2.72621E+03   8.358   8.537
 0.560  1.78348E-01  1.76539E+00  8.69317E-01  5.55844E+01  9.85419E+00  1.20574E+02  24.387  2.45229E+10  2.27665E+10  5.31924E+10  2.69720E+10  2.27494E+11  8.77137E+00  2.86936E+03   8.144   8.515
