  45
 0.120 -4.65041E-02 -3.60132E-02 -4.89205E-02 -1.48572E+01 -4.26978E+00  1.97009E+00  5.97270E-01  4.28111E-01  6.78225E-01  1.67567E+01   0.926   0.582  1.93818E+08  1.90967E+08  2.78999E+06  0.00000E+00  3.05117E+07  4.83155E-02  2.22969E+01   7.450   7.184
 0.130  2.14917E-01  1.14468E-01  2.33540E-01 -6.94950E-01 -4.60727E+00  2.43250E+01 -8.73361E-01 -3.38377E-01 -3.50346E-01  3.29175E+01   1.486   1.149  7.96357E+07  7.55931E+07  4.52838E+06  7.02779E+05  8.38034E+07  3.05809E-02  1.23175E+02   7.550   7.363
 0.140  1.47346E-01 -5.55870E-02 -2.29537E-01 -2.94295E-01 -8.29374E+00  2.04968E+01 -8.70003E-01  1.32769E-01 -4.74835E-01  2.72552E+01   1.794   1.441  1.00438E+08  9.31287E+07  6.50744E+06  2.27082E+06  1.62369E+08  1.98146E-02  1.91496E+02   7.644   7.425
 0.150 -2.18129E-01 -3.41337E-01  1.41668E-01 -2.00381E+01 -7.59067E+00 -4.11474E+00 -6.63717E-01  2.37679E-01 -7.09216E-01  2.11095E+01   1.833   0.987  2.34621E+08  2.23670E+08  1.07608E+07  2.85553E+06  8.62975E+07  1.09396E-01  1.27561E+02   7.660   7.440
 0.160 -5.49611E-01 -1.00255E-01 -5.70938E-01  2.29064E+01  4.82373E+00  2.15104E+01 -6.23727E-01  2.83302E-01  7.28495E-01  2.30244E+01   2.435   1.704  2.38477E+08  2.26408E+08  1.50282E+07  3.38424E+06  1.41668E+08  6.05959E-02  1.84451E+02   7.606   7.585
 0.170  2.19229E-01  7.47036E-02 -9.59491E-01  1.68376E+01 -1.71481E+01 -5.96308E+00 -8.17942E-01 -3.56501E-01 -4.51530E-01  1.24837E+02   2.831   1.547  5.81227E+08  5.57060E+08  3.68505E+07  6.21964E+06  4.51940E+08  2.92553E-01  2.25599E+02   7.704   7.533
 0.180  9.11084E-02  1.66261E-01  5.09607E-02 -2.25423E+01  2.32318E+01  2.60486E+01 -7.70409E-01 -1.61280E-01 -6.16813E-01  4.67737E+01   3.102   2.198  2.59831E+08  2.34605E+08  3.04726E+07  6.78448E+06  4.76881E+08  8.14166E-02  3.06057E+02   7.947   7.635
 0.190  2.59047E-01  3.75403E-02 -5.06876E-01  2.90628E+01 -3.41608E+01  1.13511E+01 -5.94712E-01 -6.25249E-01 -5.05352E-01  8.86187E+01   2.921   1.806  4.85884E+08  4.58965E+08  6.27905E+07  1.80385E+07  6.53134E+08  1.66816E-01  3.88917E+02   7.907   7.685
 0.200  3.83215E-01 -8.04524E-01  6.74839E-01  1.68891E+01 -9.41538E+00  6.13868E+00 -3.19016E-01 -7.43571E-01 -5.87649E-01  2.06921E+02   4.112   1.806  1.13312E+09  1.11498E+09  1.47479E+08  3.54434E+07  9.74547E+08  1.04802E+00  3.06803E+02   7.866   7.728
 0.210  5.44007E-01  7.37511E-01 -1.71757E-01 -8.92379E+00 -3.30582E+01  4.80324E+01  2.69202E-01 -8.23656E-01 -4.99119E-01  2.31743E+02   4.222   2.751  9.45554E+08  9.12915E+08  2.09484E+08  6.66233E+07  1.48269E+09  4.89108E-01  3.54274E+02   7.914   7.763
 0.220 -2.89911E-01 -1.41799E-01  9.28773E-01 -4.74825E+01  4.18594E+00  8.79825E+00 -3.71734E-02 -9.97437E-01 -6.11297E-02  1.69222E+02   3.337   1.860  8.19145E+08  8.19886E+08  2.09058E+08  4.88874E+07  7.87818E+08  8.06250E-01  3.75717E+02   7.964   7.884
 0.230 -2.86909E-01 -4.32659E-01  4.97868E-01 -1.16708E+01  2.97423E+01 -2.11560E+01  4.89808E-02 -9.74098E-01 -2.20760E-01  1.55913E+02   4.667   2.425  9.38871E+08  8.99700E+08  3.54629E+08  1.35199E+08  1.25140E+09  2.97809E-01  4.17561E+02   8.010   7.870
 0.240 -6.47762E-01  5.65074E-01  9.26062E-01 -3.28581E+01  1.02893E+01 -3.05676E+01 -2.07205E-01 -9.60357E-01  1.86498E-01  2.62688E+02   5.109   1.517  1.02357E+09  1.08961E+09  4.97459E+08  1.39708E+08  1.21798E+09  1.49696E+00  4.19254E+02   8.085   7.936
 0.250  2.42600E-01  3.57456E-02  1.95758E-01 -1.22948E+01 -1.30071E+01 -9.15577E-01 -2.29908E-01 -9.46936E-01  2.24621E-01  2.29723E+02   4.667   2.082  9.38145E+08  9.24569E+08  5.35291E+08  1.50629E+08  1.26221E+09  7.19326E-01  5.27158E+02   8.063   7.946
 0.260 -1.61488E-01 -3.36773E-01  1.71819E-01 -3.33174E+01 -5.94286E+00  1.19606E+01 -3.17165E-01 -9.47878E-01  3.05699E-02  2.74204E+02   5.440   3.096  1.37918E+09  1.26821E+09  3.97325E+08  1.36891E+08  1.55119E+09  3.54390E-01  7.00640E+02   8.057   7.925
 0.270 -2.82396E-01 -2.74703E-01 -4.90756E-01  4.91423E+01 -1.17607E+01 -1.92486E+01 -5.44310E-01 -7.71189E-01 -3.30144E-01  2.62222E+02   5.624   3.384  2.92688E+09  2.81888E+09  3.21974E+08  7.33866E+07  1.43754E+09  2.05375E+00  4.92165E+02   7.994   7.906
 0.280  3.70606E-01  6.18600E-02 -1.07175E-01 -6.48416E+00 -1.29656E+00  2.55237E+01 -4.95235E-01 -8.14214E-01 -3.02982E-01  2.23568E+02   5.003   1.900  2.54735E+09  2.57495E+09  4.34258E+08  5.86162E+07  1.11887E+09  2.85778E+00  4.61140E+02   8.134   8.012
 0.290 -2.58487E-01 -1.06135E-01  2.88115E-01  3.04043E+00  1.24498E+01  1.86994E+00 -6.09909E-01 -3.69974E-01 -7.00807E-01  1.95533E+02   5.592   1.977  1.70661E+09  1.66837E+09  3.18857E+08  5.80915E+07  1.02834E+09  9.31850E-01  5.08099E+02   8.253   8.074
 0.300 -1.77880E-01  2.68798E-01  1.27535E-01  1.39938E+01 -7.73631E+00 -3.87657E+00 -3.59340E-01 -2.96142E-01 -8.84972E-01  2.99522E+02   6.187   1.946  1.86743E+09  1.84634E+09  3.35479E+08  5.79884E+07  1.11821E+09  1.23574E+00  5.44821E+02   8.229   8.152
 0.310  6.43696E-01 -3.80704E-01 -8.63819E-02  9.14260E+00 -1.07039E+01  1.16320E+01 -3.71125E-01 -3.13796E-01 -8.73955E-01  2.67685E+02   5.897   2.453  1.70571E+09  1.67732E+09  4.12638E+08  6.69027E+07  1.30003E+09  1.03439E+00  5.85240E+02   8.299   8.122
 0.320  2.99453E-02  2.05031E-01  7.35905E-02 -5.28081E+00  1.64759E+01 -3.30327E+00 -3.41736E-01 -2.46667E-01 -9.06847E-01  3.03319E+02   5.877   1.826  1.34550E+09  1.32087E+09  4.76425E+08  6.46247E+07  1.16643E+09  9.99397E-01  6.01429E+02   8.361   8.218
 0.330  3.27104E-01  5.43915E-01 -2.33272E-01  2.02483E+01 -3.93924E+01 -6.48407E+00 -4.20836E-01 -1.18005E-01 -8.99429E-01  4.32474E+02   5.307   2.379  2.01770E+09  2.03543E+09  5.95659E+08  7.24774E+07  1.09468E+09  2.36735E+00  5.08534E+02   8.283   8.246
 0.340  6.29814E-01  4.72954E-01 -2.33488E-01  2.30806E+01 -3.74244E+01  1.87986E+00 -2.69662E-01 -1.37441E-01 -9.53096E-01  3.62350E+02   4.818   1.693  2.00143E+09  2.20453E+09  9.35264E+08  6.44005E+07  9.63240E+08  3.90812E+00  4.13620E+02   8.275   8.260
 0.350  4.40000E-01  6.58952E-01 -3.32594E-01  7.24581E+01 -1.69054E+01  2.43495E+01  1.48473E-01 -5.70434E-01 -8.07813E-01  3.60145E+02   5.619   1.807  1.81761E+09  1.90866E+09  1.30588E+09  1.18020E+08  1.45550E+09  2.99884E+00  6.23139E+02   8.273   8.237
 0.360  1.20031E+00 -1.94003E-01 -3.52432E-01  4.01748E+01 -1.78188E+01  1.61809E+01  8.09670E-02 -8.11859E-01 -5.78212E-01  3.54434E+02   5.310   2.472  1.81043E+09  1.84404E+09  1.49873E+09  1.33902E+08  1.53365E+09  2.23487E+00  6.72393E+02   8.259   8.250
 0.370  6.70034E-01 -1.48780E-01  4.30023E-02 -2.66658E+00 -8.07924E+00  4.29480E+01  6.18966E-02 -9.18493E-01 -3.90563E-01  2.56534E+02   5.286   1.781  1.65012E+09  1.74511E+09  1.58164E+09  1.40785E+08  1.42782E+09  2.64006E+00  7.39913E+02   8.336   8.268
 0.380  8.06404E-01  4.70304E-01 -2.99862E-01 -1.26398E+01 -2.97308E+00 -1.03120E+01  3.24190E-01 -9.08603E-01 -2.63330E-01  4.45234E+02   9.033   2.636  2.33150E+09  2.26803E+09  1.51399E+09  1.77725E+08  2.71247E+09  1.65790E+00  9.14859E+02   8.273   8.269
 0.390  7.28003E-01  4.53828E-01 -7.35377E-01 -1.23867E+01  2.77238E+00  2.04027E+00  4.36130E-01 -8.85360E-01 -1.61025E-01  5.70920E+02  10.836   2.781  2.92438E+09  2.83049E+09  1.54192E+09  1.80709E+08  2.97735E+09  1.59268E+00  1.01852E+03   8.260   8.271
 0.400 -1.17811E+00 -7.68766E-01  3.94947E-02 -1.85221E+01 -1.25462E+00 -3.06062E+01  4.66601E-01 -8.76818E-01 -1.16075E-01  7.15814E+02  10.566   2.541  2.73162E+09  2.62333E+09  1.70760E+09  1.75800E+08  3.00470E+09  8.43181E-01  1.09023E+03   8.248   8.282
 0.410 -2.48505E+00 -7.73493E-01  7.56852E+00 -1.22440E+02 -2.01993E+01  2.33112E+02  5.66159E-02 -9.35596E-01 -3.48504E-01  9.80758E+02  15.293   6.289  1.44792E+10  1.30466E+10  1.49624E+09  4.86513E+08  1.05823E+10  1.24931E+00  1.46508E+03   8.231   8.307
 0.420  6.60419E-01  1.03766E+00  6.33445E-01 -3.28879E+00 -9.59928E+00  2.03529E+01  3.53161E-01 -5.54500E-01 -7.53530E-01  5.17869E+02  12.095   7.772  4.21895E+09  3.69843E+09  3.44476E+08  6.58707E+07  2.86137E+09  2.60785E-01  2.08761E+03   8.117   8.230
 0.430 -3.67388E+00  1.12072E+00  4.71362E+00  1.58991E+02  2.98401E+01 -1.48153E+02 -4.82674E-01  2.28445E-01 -8.45481E-01  1.14319E+03  17.877   6.828  1.12611E+10  1.01117E+10  3.49753E+09  2.74824E+09  1.37605E+10  1.07202E+00  1.39845E+03   8.366   8.282
 0.440 -8.88883E-01 -3.07348E-01 -2.13220E-01 -3.52814E+00 -1.57467E+00 -1.19622E+01 -1.80590E-01  3.29314E-01 -9.26790E-01  6.40061E+02   8.094   2.680  5.31183E+09  5.82069E+09  2.54350E+09  7.71831E+08  3.51201E+09  9.12944E+00  8.93641E+02   8.514   8.433
 0.450  4.32453E-02  1.01581E-01  2.63256E-01  1.50820E+01  4.08558E+00  2.89331E+00  4.27458E-02  4.55320E-01 -8.89301E-01  7.02178E+02   6.015   1.201  4.35289E+09  5.69704E+09  4.17921E+09  5.47419E+08  1.92673E+09  1.86837E+01  5.19098E+02   8.576   8.516
 0.460  9.63052E-01 -6.17447E-01 -2.74171E-01 -2.47538E+01 -1.16576E+01 -1.72749E+00 -3.06146E-02  3.47043E-01 -9.37349E-01  1.13783E+03  11.034   2.028  5.50461E+09  6.09079E+09  6.41213E+09  9.80032E+08  4.33342E+09  8.77819E+00  5.92396E+02   8.552   8.525
 0.470  6.26346E-02  1.11220E-01 -8.44894E-02 -1.72774E+01  2.87649E+00 -4.84838E+00  3.18574E-02  3.58504E-01 -9.32984E-01  1.32478E+03   9.461   1.503  5.05508E+09  5.40423E+09  6.12251E+09  8.31663E+08  3.10280E+09  7.30576E+00  6.68754E+02   8.537   8.562
 0.480 -9.77026E-02 -2.11850E-02  3.88565E-02 -2.73426E-01 -9.10066E+00 -1.27966E+01  4.84987E-02  4.83934E-01 -8.73760E-01  1.36751E+03  10.161   1.718  4.84232E+09  5.07597E+09  6.67131E+09  9.91409E+08  3.58010E+09  5.83640E+00  7.60473E+02   8.548   8.566
 0.490 -4.71192E-01  9.05978E-02 -1.86148E-01  1.00827E+01  4.89948E+00  4.97049E+00  3.08841E-02  5.32846E-01 -8.45649E-01  1.43981E+03  10.813   2.686  5.27983E+09  5.32251E+09  8.02575E+09  1.28209E+09  4.85744E+09  4.05863E+00  8.83243E+02   8.533   8.552
 0.500  1.91714E-01 -5.78398E-02  2.06426E-01 -5.15191E+00  2.06451E+01  7.93825E+00 -4.03661E-02  6.38812E-01 -7.68303E-01  1.32814E+03   9.159   3.896  5.07005E+09  5.19371E+09  8.89078E+09  1.36942E+09  5.28169E+09  5.68636E+00  9.86352E+02   8.539   8.553
 0.510 -2.57437E-01 -6.66287E-01 -5.16231E-01 -2.89381E+01 -3.69132E+00  1.70847E+00 -9.27252E-02  6.95315E-01 -7.12698E-01  1.19302E+03   9.051   2.939  3.75673E+09  3.87590E+09  8.88267E+09  1.18414E+09  4.30174E+09  4.33137E+00  1.06128E+03   8.577   8.564
 0.520  6.85965E-01  1.77437E-01  1.58329E-01  2.08807E+01 -1.80668E+01 -7.81640E+00 -7.20052E-03  6.61895E-01 -7.49562E-01  1.19814E+03   9.388   5.669  4.22448E+09  4.30202E+09  9.58139E+09  1.37006E+09  5.54358E+09  5.53493E+00  1.17213E+03   8.568   8.557
 0.530 -6.04535E-01 -8.99753E-01  1.29414E+00 -2.14030E+01  3.49870E+01  3.89510E+00 -4.94413E-02 -3.65092E-01 -9.29658E-01  1.57238E+03  20.913  11.461  1.04518E+10  9.26412E+09  2.22151E+09  1.16043E+09  1.14095E+10  6.28653E-01  2.51546E+03   8.355   8.499
 0.540 -1.97492E+00  2.11393E+00  4.23849E-01 -1.20904E+01  3.21868E+01 -9.71082E+00 -5.38379E-02 -5.80010E-01 -8.12829E-01  1.86717E+03  24.384  11.679  1.24368E+10  1.11080E+10  1.96120E+09  1.20439E+09  1.25363E+10  4.41096E-02  2.94687E+03   8.295   8.525
 0.550  2.14749E+00  1.27760E+00 -2.23459E+00  3.39470E+01 -8.99135E+01  4.21606E+01 -1.21948E-01 -3.23050E-01 -9.38492E-01  1.72242E+03  15.967   8.034  8.45359E+09  7.71190E+09  2.69798E+09  1.24278E+09  8.53481E+09  5.42176E-01  2.53383E+03   8.355   8.501
 0.560  1.78348E-01  1.76539E+00  8.69317E-01  5.55844E+01  9.85419E+00  1.20574E+02  4.51479E-01 -4.23178E-01 -7.85549E-01  2.99296E+03  24.387  10.676  2.13438E+10  1.94505E+10  3.00988E+09  1.98726E+09  1.96249E+10  1.05067E+00  2.81392E+03   8.165   8.397
