  45
 0.120   0.926  4.07829E-01  5.25403E-01  2.54348E-01
 0.130   1.486  1.03883E-01  8.59480E-02  3.02817E-01
 0.140   1.794  1.71732E-01  1.62461E-01  1.62641E-01
 0.150   1.833  7.18578E-01  8.09033E-01  5.38145E-01
 0.160   2.435  3.35192E-01  2.76460E-01  4.78323E-01
 0.170   2.831  8.42336E-01  9.16153E-01  6.63008E-01
 0.180   3.102  6.69042E-01  5.14655E-01  1.08701E+00
 0.190   2.921  6.52398E-01  7.41614E-01  5.65652E-01
 0.200   4.112  1.92241E+00  2.08850E+00  1.64836E+00
 0.210   4.222  8.23722E-01  8.21584E-01  1.01156E+00
 0.220   3.337  1.22769E+00  1.31003E+00  1.11577E+00
 0.230   4.667  6.91706E-01  6.76912E-01  9.51368E-01
 0.240   5.109  2.33313E+00  2.09949E+00  2.51856E+00
 0.250   4.667  9.68948E-01  9.62469E-01  1.01597E+00
 0.260   5.440  9.98675E-01  9.97168E-01  1.02237E+00
 0.270   5.624  4.42343E+00  4.56074E+00  3.73166E+00
 0.280   5.003  5.85293E+00  6.44338E+00  5.22089E+00
 0.290   5.592  4.09453E+00  4.01882E+00  4.73664E+00
 0.300   6.187  3.30328E+00  3.48516E+00  3.17390E+00
 0.310   5.897  3.76596E+00  3.69366E+00  3.80080E+00
 0.320   5.877  3.17717E+00  2.87083E+00  3.53926E+00
 0.330   5.307  2.54023E+00  2.79462E+00  2.15075E+00
 0.340   4.818  4.51268E+00  4.59981E+00  4.23085E+00
 0.350   5.619  4.55448E+00  4.70922E+00  4.48796E+00
 0.360   5.310  2.94483E+00  3.22925E+00  2.42646E+00
 0.370   5.286  3.84924E+00  3.96013E+00  3.60907E+00
 0.380   9.033  2.45616E+00  2.33410E+00  2.75777E+00
 0.390  10.836  2.11426E+00  1.98066E+00  2.43475E+00
 0.400  10.566  1.21802E+00  1.16161E+00  1.33618E+00
 0.410  15.293  3.70989E+01  3.84779E+01  2.97436E+01
 0.420  12.095  1.48192E+00  1.61457E+00  1.45333E+00
 0.430  17.877  1.88798E+01  1.75063E+01  2.26405E+01
 0.440   8.094  1.86640E+01  1.72098E+01  2.13769E+01
 0.450   6.015  2.21968E+01  2.19312E+01  2.15210E+01
 0.460  11.034  9.98365E+00  9.35039E+00  1.17328E+01
 0.470   9.461  8.43524E+00  8.26575E+00  8.17389E+00
 0.480  10.161  6.59615E+00  6.67312E+00  6.48308E+00
 0.490  10.813  4.43696E+00  4.15917E+00  4.69315E+00
 0.500   9.159  5.94313E+00  6.02442E+00  5.99216E+00
 0.510   9.051  4.54379E+00  4.54343E+00  4.78974E+00
 0.520   9.388  5.73540E+00  5.71253E+00  5.86667E+00
 0.530  20.913  8.04348E+00  8.40556E+00  7.30530E+00
 0.540  24.384  5.64037E+00  5.68286E+00  6.16653E+00
 0.550  15.967  5.02958E+00  4.95976E+00  4.95697E+00
 0.560  24.387  8.77137E+00  8.03350E+00  8.45216E+00
