  45
 0.120   0.926  3.10303E+07  3.45311E+07  3.08917E+07  7.97241E+01  0.00000E+00  0.00000E+00  0.00000E+00  3.10303E+07  3.45311E+07  3.08917E+07
 0.130   1.486  5.35763E+07  6.31103E+07  5.32156E+07  1.38538E+02  7.80087E+06  9.54257E+06  7.67146E+06  4.57754E+07  5.35677E+07  4.55441E+07
 0.140   1.794  7.57790E+07  9.11275E+07  7.50399E+07  2.06663E+02  2.00924E+07  2.46841E+07  1.97715E+07  5.56866E+07  6.64433E+07  5.52683E+07
 0.150   1.833  1.12270E+08  1.32074E+08  1.11333E+08  1.90276E+02  2.69106E+07  3.34490E+07  2.64548E+07  8.53591E+07  9.86254E+07  8.48780E+07
 0.160   2.435  1.80379E+08  2.18451E+08  1.78590E+08  2.46827E+02  4.40802E+07  5.49153E+07  4.33559E+07  1.36299E+08  1.63535E+08  1.35234E+08
 0.170   2.831  2.88428E+08  3.51445E+08  2.85107E+08  2.98183E+02  8.24614E+07  1.03666E+08  8.09794E+07  2.05966E+08  2.47779E+08  2.04127E+08
 0.180   3.102  3.81816E+08  4.67271E+08  3.77482E+08  3.14520E+02  8.00730E+07  1.01610E+08  7.83607E+07  3.01743E+08  3.65661E+08  2.99122E+08
 0.190   2.921  4.46476E+08  5.54248E+08  4.40256E+08  4.00181E+02  1.46373E+08  1.85870E+08  1.43355E+08  3.00103E+08  3.68378E+08  2.96901E+08
 0.200   4.112  9.15398E+08  1.14242E+09  9.01231E+08  4.66724E+02  4.12855E+08  5.31054E+08  4.03602E+08  5.02543E+08  6.11367E+08  4.97630E+08
 0.210   4.222  1.01761E+09  1.28402E+09  1.00030E+09  5.34516E+02  4.38143E+08  5.67079E+08  4.27146E+08  5.79464E+08  7.16939E+08  5.73157E+08
 0.220   3.337  9.22700E+08  1.16895E+09  9.05498E+08  6.04970E+02  3.40832E+08  4.45538E+08  3.30697E+08  5.81868E+08  7.23410E+08  5.74801E+08
 0.230   4.667  1.36544E+09  1.73765E+09  1.34069E+09  6.21809E+02  5.73388E+08  7.41660E+08  5.58752E+08  7.92048E+08  9.95988E+08  7.81939E+08
 0.240   5.109  1.70146E+09  2.16160E+09  1.67067E+09  6.45866E+02  6.45980E+08  8.42690E+08  6.27993E+08  1.05548E+09  1.31891E+09  1.04268E+09
 0.250   4.667  1.73488E+09  2.22818E+09  1.70005E+09  7.39694E+02  5.94801E+08  7.82800E+08  5.75445E+08  1.14007E+09  1.44538E+09  1.12461E+09
 0.260   5.440  1.91375E+09  2.47648E+09  1.87215E+09  8.27747E+02  6.65315E+08  8.79509E+08  6.42297E+08  1.24844E+09  1.59697E+09  1.22985E+09
 0.270   5.624  2.36226E+09  3.02693E+09  2.31317E+09  8.19186E+02  7.38307E+08  9.79863E+08  7.11317E+08  1.62395E+09  2.04706E+09  1.60185E+09
 0.280   5.003  2.83901E+09  3.60115E+09  2.78593E+09  7.66267E+02  6.69961E+08  8.92779E+08  6.42690E+08  2.16905E+09  2.70837E+09  2.14324E+09
 0.290   5.592  3.51917E+09  4.47673E+09  3.45703E+09  7.58008E+02  7.32178E+08  9.77148E+08  7.01240E+08  2.78699E+09  3.49958E+09  2.75579E+09
 0.300   6.187  4.02639E+09  5.17048E+09  3.95281E+09  8.18898E+02  8.36468E+08  1.11786E+09  8.00997E+08  3.18993E+09  4.05262E+09  3.15181E+09
 0.310   5.897  4.36483E+09  5.63655E+09  4.28238E+09  8.77014E+02  8.14211E+08  1.09248E+09  7.76972E+08  3.55062E+09  4.54407E+09  3.50541E+09
 0.320   5.877  4.73897E+09  6.15819E+09  4.64539E+09  9.47626E+02  8.40215E+08  1.12939E+09  8.00044E+08  3.89876E+09  5.02880E+09  3.84534E+09
 0.330   5.307  4.82167E+09  6.31431E+09  4.72001E+09  1.04005E+03  7.87270E+08  1.06035E+09  7.46845E+08  4.03440E+09  5.25396E+09  3.97317E+09
 0.340   4.818  5.16931E+09  6.76450E+09  5.05926E+09  1.08116E+03  7.47398E+08  1.00843E+09  7.06294E+08  4.42191E+09  5.75607E+09  4.35297E+09
 0.350   5.619  5.93233E+09  7.77304E+09  5.80535E+09  1.12233E+03  8.82172E+08  1.19007E+09  8.35111E+08  5.05016E+09  6.58297E+09  4.97024E+09
 0.360   5.310  6.03115E+09  7.96706E+09  5.89417E+09  1.22099E+03  8.31328E+08  1.12421E+09  7.83783E+08  5.19982E+09  6.84284E+09  5.11038E+09
 0.370   5.286  6.46183E+09  8.55565E+09  6.31068E+09  1.29068E+03  8.81425E+08  1.19235E+09  8.30629E+08  5.58041E+09  7.36330E+09  5.48005E+09
 0.380   9.033  7.45421E+09  9.92342E+09  7.27129E+09  1.38774E+03  1.27071E+09  1.72245E+09  1.20462E+09  6.18349E+09  8.20097E+09  6.06666E+09
 0.390  10.836  7.77515E+09  1.04045E+10  7.57260E+09  1.49515E+03  1.32661E+09  1.80435E+09  1.25503E+09  6.44853E+09  8.60014E+09  6.31757E+09
 0.400  10.566  7.93917E+09  1.06831E+10  7.71875E+09  1.61016E+03  1.32420E+09  1.80655E+09  1.24972E+09  6.61498E+09  8.87656E+09  6.46904E+09
 0.410  15.293  1.65434E+10  2.16710E+10  1.61319E+10  1.42244E+03  6.87810E+09  9.28656E+09  6.62989E+09  9.66528E+09  1.23845E+10  9.50199E+09
 0.420  12.095  7.53162E+09  1.01825E+10  7.30030E+09  1.80169E+03  1.01037E+09  1.38174E+09  9.44823E+08  6.52125E+09  8.80080E+09  6.35548E+09
 0.430  17.877  3.82138E+10  5.02018E+10  3.73387E+10  1.33328E+03  2.56633E+10  3.40334E+10  2.49825E+10  1.25506E+10  1.61684E+10  1.23562E+10
 0.440   8.094  3.45334E+10  4.53869E+10  3.37322E+10  1.33867E+03  2.16589E+10  2.89920E+10  2.10166E+10  1.28745E+10  1.63949E+10  1.27155E+10
 0.450   6.015  3.38251E+10  4.45818E+10  3.30381E+10  1.37007E+03  2.01188E+10  2.71374E+10  1.94740E+10  1.37063E+10  1.74443E+10  1.35642E+10
 0.460  11.034  4.09515E+10  5.45956E+10  3.99579E+10  1.51437E+03  2.31410E+10  3.14448E+10  2.23697E+10  1.78106E+10  2.31509E+10  1.75882E+10
 0.470   9.461  4.05105E+10  5.43991E+10  3.94832E+10  1.62761E+03  2.23380E+10  3.05255E+10  2.15434E+10  1.81725E+10  2.38735E+10  1.79399E+10
 0.480  10.161  4.16100E+10  5.62623E+10  4.05003E+10  1.76401E+03  2.25248E+10  3.09277E+10  2.16788E+10  1.90852E+10  2.53346E+10  1.88216E+10
 0.490  10.813  4.23632E+10  5.76610E+10  4.11681E+10  1.91297E+03  2.26682E+10  3.12555E+10  2.17672E+10  1.96951E+10  2.64055E+10  1.94009E+10
 0.500   9.159  4.11794E+10  5.62595E+10  3.99623E+10  2.03102E+03  2.17322E+10  3.00586E+10  2.08130E+10  1.94471E+10  2.62009E+10  1.91492E+10
 0.510   9.051  4.10006E+10  5.62416E+10  3.97245E+10  2.16531E+03  2.13653E+10  2.96336E+10  2.04060E+10  1.96353E+10  2.66080E+10  1.93185E+10
 0.520   9.388  4.16318E+10  5.72840E+10  4.02735E+10  2.29684E+03  2.14143E+10  2.97722E+10  2.04025E+10  2.02175E+10  2.75118E+10  1.98710E+10
 0.530  20.913  4.88090E+10  6.74607E+10  4.71296E+10  2.48833E+03  2.51387E+10  3.50617E+10  2.39287E+10  2.36703E+10  3.23990E+10  2.32009E+10
 0.540  24.384  5.02359E+10  6.96096E+10  4.84314E+10  2.62574E+03  2.55226E+10  3.56764E+10  2.42345E+10  2.47133E+10  3.39333E+10  2.41969E+10
 0.550  15.967  4.87290E+10  6.76353E+10  4.69093E+10  2.72621E+03  2.42792E+10  3.39740E+10  2.29890E+10  2.44497E+10  3.36613E+10  2.39203E+10
 0.560  24.387  5.31924E+10  7.39564E+10  5.11275E+10  2.86936E+03  2.69720E+10  3.78076E+10  2.55169E+10  2.62205E+10  3.61488E+10  2.56107E+10
