  44
 0.130   1.114   0.767  1.04843E-01  1.33102E-01  6.16839E-02
 0.140   1.524   0.904  1.47700E-01  1.86886E-01  8.87790E-02
 0.150   1.785   1.315  1.98739E-01  1.94174E-01  1.94999E-01
 0.160   1.880   1.133  6.01497E-01  7.00509E-01  4.11590E-01
 0.170   2.205   1.088  1.24059E-01  1.27275E-01  1.45404E-01
 0.180   2.149   1.188  2.76311E-01  2.94995E-01  2.41779E-01
 0.190   2.146   1.271  4.09938E-02  4.56227E-02  3.96440E-02
 0.200   2.591   0.714  3.58736E-01  3.96008E-01  2.68425E-01
 0.210   2.970   1.074  1.57693E-01  1.58103E-01  1.69817E-01
 0.220   2.831   1.214  4.84825E-01  4.88591E-01  3.95270E-01
 0.230   3.215   2.095  4.31352E-01  4.44139E-01  4.57946E-01
 0.240   4.422   2.012  3.12991E-01  3.56336E-01  2.09978E-01
 0.250   3.910   2.292  4.98687E-01  5.05106E-01  4.12899E-01
 0.260   3.741   1.598  1.52399E-01  1.70105E-01  1.15400E-01
 0.270   3.967   1.883  6.36929E-01  7.46717E-01  4.39823E-01
 0.280   3.754   1.534  3.92346E-01  3.63786E-01  3.87523E-01
 0.290   3.001   0.851  3.32014E+00  3.62130E+00  2.49203E+00
 0.300   4.304   1.937  3.36838E+00  3.23783E+00  3.70550E+00
 0.310   1.340   0.500  7.25913E+00  7.95062E+00  6.19595E+00
 0.320   1.827   0.563  6.13126E+00  6.61215E+00  5.63140E+00
 0.330   1.130   0.500  1.28712E+01  1.24160E+01  1.48776E+01
 0.340   1.173   0.500  1.92265E+01  1.88396E+01  1.83797E+01
 0.350   3.364   0.810  1.83662E+01  1.95301E+01  1.67221E+01
 0.360   1.611   0.540  1.28032E+01  1.21725E+01  1.48547E+01
 0.370   5.691   1.260  4.92771E+00  5.05994E+00  4.77074E+00
 0.380   6.880   1.136  4.61168E+00  4.74617E+00  4.06234E+00
 0.390   8.611   1.182  5.21383E+00  5.46873E+00  4.58587E+00
 0.400   8.905   1.130  3.45651E+00  3.39644E+00  3.16475E+00
 0.410   8.903   1.400  1.88512E+00  1.95838E+00  1.87718E+00
 0.420   8.442   1.230  2.46038E+00  2.50214E+00  2.22812E+00
 0.430   9.535   1.310  2.78774E+00  2.89098E+00  2.40999E+00
 0.440   6.030   0.724  2.18102E+00  2.32444E+00  1.75945E+00
 0.450   6.233   1.018  2.57362E+00  2.63335E+00  2.31777E+00
 0.460   6.506   0.951  1.87271E+00  1.75045E+00  1.96459E+00
 0.470   7.336   1.055  1.40133E+00  1.33781E+00  1.46147E+00
 0.480   7.386   0.972  1.30998E+00  1.23838E+00  1.50300E+00
 0.490   6.806   0.593  1.26130E+00  1.30363E+00  1.26449E+00
 0.500   7.222   0.645  7.88640E-01  8.34857E-01  7.57330E-01
 0.510   8.319   0.885  5.78022E-01  5.82139E-01  6.57450E-01
 0.520   7.823   0.800  4.84790E-01  4.99859E-01  4.79682E-01
 0.530   8.505   1.030  3.73514E-01  3.71735E-01  4.06290E-01
 0.540   6.345   0.820  1.46854E-01  1.49529E-01  1.47381E-01
 0.550   6.406   0.902  1.17716E-01  1.18014E-01  1.20305E-01
 0.560   6.279   0.968  9.65714E-02  9.50963E-02  9.67987E-02
