  44
 0.130   1.114   0.767  6.04185E+06  6.53177E+06  6.03536E+06  3.19252E+01  0.00000E+00  0.00000E+00  0.00000E+00  6.04185E+06  6.53177E+06  6.03536E+06
 0.140   1.524   0.904  9.30474E+06  1.01861E+07  9.28777E+06  4.92249E+01  1.10319E+06  1.34966E+06  1.08888E+06  8.20154E+06  8.83644E+06  8.19889E+06
 0.150   1.785   1.315  2.40437E+07  2.76256E+07  2.39626E+07  9.77877E+01  3.28586E+06  4.01781E+06  3.24946E+06  2.07578E+07  2.36078E+07  2.07132E+07
 0.160   1.880   1.133  6.40213E+07  7.38098E+07  6.37586E+07  1.21539E+02  8.33510E+06  1.03240E+07  8.22924E+06  5.56862E+07  6.34858E+07  5.55294E+07
 0.170   2.205   1.088  4.96856E+07  5.98689E+07  4.93267E+07  2.13971E+02  9.26474E+06  1.15825E+07  9.12939E+06  4.04209E+07  4.82864E+07  4.01973E+07
 0.180   2.149   1.188  5.35992E+07  6.40702E+07  5.31838E+07  2.32731E+02  9.79493E+06  1.23868E+07  9.61876E+06  4.38043E+07  5.16833E+07  4.35650E+07
 0.190   2.146   1.271  3.18399E+07  3.95302E+07  3.14469E+07  3.73604E+02  8.93068E+06  1.13716E+07  8.75599E+06  2.29092E+07  2.81586E+07  2.26909E+07
 0.200   2.591   0.714  7.32022E+07  8.90821E+07  7.24077E+07  3.47008E+02  1.36965E+07  1.76123E+07  1.33906E+07  5.95057E+07  7.14698E+07  5.90171E+07
 0.210   2.970   1.074  8.07032E+07  1.00262E+08  7.96657E+07  4.29905E+02  1.60977E+07  2.07603E+07  1.57214E+07  6.46055E+07  7.95015E+07  6.39443E+07
 0.220   2.831   1.214  1.14559E+08  1.40725E+08  1.13213E+08  4.15168E+02  1.91957E+07  2.48838E+07  1.87420E+07  9.53636E+07  1.15841E+08  9.44707E+07
 0.230   3.215   2.095  1.66908E+08  2.05177E+08  1.65136E+08  3.98924E+02  3.51958E+07  4.50390E+07  3.45018E+07  1.31712E+08  1.60138E+08  1.30634E+08
 0.240   4.422   2.012  5.45476E+07  6.72903E+07  5.36375E+07  5.87877E+02  1.30774E+07  1.70982E+07  1.26720E+07  4.14702E+07  5.01921E+07  4.09655E+07
 0.250   3.910   2.292  1.02177E+08  1.24156E+08  1.00982E+08  4.44883E+02  1.42796E+07  1.86283E+07  1.38332E+07  8.78973E+07  1.05528E+08  8.71487E+07
 0.260   3.741   1.598  9.34568E+07  1.19886E+08  9.15237E+07  8.05416E+02  1.69143E+07  2.24428E+07  1.63110E+07  7.65426E+07  9.74432E+07  7.52126E+07
 0.270   3.967   1.883  1.67808E+08  2.08718E+08  1.65343E+08  6.10913E+02  3.85240E+07  5.06906E+07  3.74353E+07  1.29284E+08  1.58028E+08  1.27908E+08
 0.280   3.754   1.534  1.34101E+08  1.68238E+08  1.31923E+08  6.92774E+02  2.75182E+07  3.66156E+07  2.66254E+07  1.06583E+08  1.31622E+08  1.05298E+08
 0.290   3.001   0.851  4.65323E+08  5.55373E+08  4.61722E+08  3.72728E+02  4.13367E+07  5.49972E+07  4.00388E+07  4.23987E+08  5.00376E+08  4.21683E+08
 0.300   4.304   1.937  1.06555E+09  1.28691E+09  1.05979E+09  3.03131E+02  7.21146E+07  9.55453E+07  7.00193E+07  9.93431E+08  1.19136E+09  9.89768E+08
 0.310   1.340   0.500  1.74595E+09  2.11317E+09  1.73860E+09  2.78120E+02  2.83317E+07  3.77972E+07  2.73596E+07  1.71762E+09  2.07538E+09  1.71124E+09
 0.320   1.827   0.563  1.65802E+09  2.01747E+09  1.64967E+09  3.28176E+02  8.61715E+07  1.12210E+08  8.43678E+07  1.57185E+09  1.90526E+09  1.56530E+09
 0.330   1.130   0.500  3.87601E+09  4.68254E+09  3.86254E+09  2.60422E+02  5.67416E+07  7.47160E+07  5.52841E+07  3.81926E+09  4.60782E+09  3.80725E+09
 0.340   1.173   0.500  5.62840E+09  6.84201E+09  5.60829E+09  2.80914E+02  1.07917E+08  1.39496E+08  1.05949E+08  5.52048E+09  6.70251E+09  5.50234E+09
 0.350   3.364   0.810  5.60195E+09  6.85184E+09  5.57502E+09  3.54440E+02  5.04901E+08  6.60799E+08  4.95998E+08  5.09705E+09  6.19104E+09  5.07903E+09
 0.360   1.611   0.540  7.94217E+09  9.88332E+09  7.90480E+09  3.84404E+02  3.05041E+08  4.00905E+08  2.99903E+08  7.63713E+09  9.48242E+09  7.60489E+09
 0.370   5.691   1.260  2.73297E+09  3.44979E+09  2.70945E+09  6.02704E+02  1.00660E+09  1.29591E+09  9.94545E+08  1.72636E+09  2.15388E+09  1.71490E+09
 0.380   6.880   1.136  3.35669E+09  4.29894E+09  3.32508E+09  6.93001E+02  9.19982E+08  1.21189E+09  9.05829E+08  2.43671E+09  3.08705E+09  2.41925E+09
 0.390   8.611   1.182  4.18314E+09  5.39667E+09  4.14216E+09  7.52071E+02  1.02180E+09  1.35864E+09  1.00479E+09  3.16134E+09  4.03803E+09  3.13737E+09
 0.400   8.905   1.130  4.83434E+09  6.32619E+09  4.78111E+09  8.72751E+02  1.05138E+09  1.41032E+09  1.03228E+09  3.78296E+09  4.91587E+09  3.74883E+09
 0.410   8.903   1.400  5.66813E+09  7.49934E+09  5.60035E+09  9.78515E+02  1.21542E+09  1.63468E+09  1.19310E+09  4.45271E+09  5.86466E+09  4.40725E+09
 0.420   8.442   1.230  6.33571E+09  8.45253E+09  6.25350E+09  1.09328E+03  1.14972E+09  1.55872E+09  1.12696E+09  5.18599E+09  6.89381E+09  5.12654E+09
 0.430   9.535   1.310  7.20887E+09  9.68802E+09  7.10576E+09  1.22511E+03  1.15146E+09  1.56875E+09  1.12660E+09  6.05741E+09  8.11927E+09  5.97916E+09
 0.440   6.030   0.724  7.58374E+09  1.03054E+10  7.46163E+09  1.40942E+03  8.68611E+08  1.19302E+09  8.48127E+08  6.71513E+09  9.11243E+09  6.61350E+09
 0.450   6.233   1.018  9.44136E+09  1.28790E+10  9.28154E+09  1.51464E+03  1.13792E+09  1.56673E+09  1.11054E+09  8.30344E+09  1.13122E+10  8.17100E+09
 0.460   6.506   0.951  9.94203E+09  1.36277E+10  9.76262E+09  1.64368E+03  1.15641E+09  1.59836E+09  1.12696E+09  8.78562E+09  1.20294E+10  8.63566E+09
 0.470   7.336   1.055  1.06366E+10  1.46537E+10  1.04330E+10  1.77698E+03  1.27671E+09  1.77279E+09  1.24263E+09  9.35992E+09  1.28809E+10  9.19037E+09
 0.480   7.386   0.972  1.05604E+10  1.46132E+10  1.03476E+10  1.91595E+03  1.22732E+09  1.71117E+09  1.19272E+09  9.33310E+09  1.29021E+10  9.15485E+09
 0.490   6.806   0.593  9.26198E+09  1.28782E+10  9.06471E+09  2.07439E+03  8.51809E+08  1.19229E+09  8.26267E+08  8.41017E+09  1.16859E+10  8.23844E+09
 0.500   7.222   0.645  9.40874E+09  1.31323E+10  9.19996E+09  2.20410E+03  9.35327E+08  1.31169E+09  9.06506E+08  8.47341E+09  1.18206E+10  8.29346E+09
 0.510   8.319   0.885  1.01219E+10  1.41734E+10  9.88905E+09  2.32254E+03  1.17932E+09  1.65800E+09  1.14217E+09  8.94262E+09  1.25155E+10  8.74687E+09
 0.520   7.823   0.800  9.32554E+09  1.31127E+10  9.09933E+09  2.48512E+03  1.04532E+09  1.47553E+09  1.01061E+09  8.28022E+09  1.16371E+10  8.08873E+09
 0.530   8.505   1.030  9.56381E+09  1.34835E+10  9.32330E+09  2.60260E+03  1.19161E+09  1.68359E+09  1.15110E+09  8.37220E+09  1.17999E+10  8.17220E+09
 0.540   6.345   0.820  8.96754E+09  1.27052E+10  8.72712E+09  2.80228E+03  9.78659E+08  1.38820E+09  9.43575E+08  7.98888E+09  1.13170E+10  7.78355E+09
 0.550   6.406   0.902  9.07491E+09  1.28987E+10  8.81877E+09  2.95941E+03  1.03675E+09  1.47451E+09  9.97839E+08  8.03816E+09  1.14242E+10  7.82093E+09
 0.560   6.279   0.968  9.06595E+09  1.29265E+10  8.79580E+09  3.13744E+03  1.06214E+09  1.51461E+09  1.02021E+09  8.00380E+09  1.14119E+10  7.77559E+09
