  44
 0.130        25282 -0.53177E-02  0.13737E-01  0.62040E-02  0.10385E+02 -0.10231E+02 -0.13027E+01  0.97321E+00 -0.22228E+00  0.58703E-01   1.114   0.767
 0.140        41685 -0.27718E-01 -0.27240E-01 -0.27240E-01  0.31074E+02 -0.26354E+02 -0.68793E+00  0.16671E+00 -0.93926E+00 -0.30000E+00   1.524   0.904
 0.150        63943 -0.64005E-02 -0.33795E-01 -0.81927E-02 -0.42933E+02  0.61361E+02 -0.45069E+02 -0.69754E+00 -0.70364E+00 -0.13537E+00   1.785   1.315
 0.160        81077  0.00000E+00 -0.10933E-02  0.00000E+00 -0.76967E+01  0.23966E+02  0.13978E+01 -0.40092E+00 -0.85467E+00  0.32986E+00   1.880   1.133
 0.170       105325  0.14193E-01 -0.28965E-02 -0.46345E-02  0.16555E+02 -0.25804E+01  0.49371E+01 -0.92418E+00 -0.25941E+00 -0.28035E+00   2.205   1.088
 0.180       145822  0.18723E-01  0.11664E-01 -0.36832E-02 -0.10749E+03  0.12257E+02  0.45805E+01 -0.99663E+00 -0.81883E-01 -0.49522E-02   2.149   1.188
 0.190       158271 -0.84206E-02 -0.38864E-02  0.64773E-03 -0.46171E+02  0.98015E+01 -0.18654E+01 -0.78260E+00  0.97237E-01 -0.61489E+00   2.146   1.271
 0.200         5609 -0.17723E-01 -0.27267E-02  0.74984E-02  0.53392E+02 -0.27543E+02  0.68300E+01 -0.90635E+00 -0.17517E+00 -0.38451E+00   2.591   0.714
 0.210       179061 -0.12181E-01 -0.93148E-02  0.42992E-02 -0.25006E+02 -0.17500E+02  0.55116E+02 -0.70141E+00 -0.28667E+00 -0.65257E+00   2.970   1.074
 0.220        79476 -0.15012E-02 -0.52541E-02  0.97576E-02  0.18280E+02  0.42209E+01 -0.21760E+01 -0.61588E+00 -0.96920E-01 -0.78186E+00   2.831   1.214
 0.230       207525 -0.82331E-02 -0.62729E-02  0.23523E-02 -0.25532E+02  0.19606E+02 -0.43025E+01 -0.80654E+00 -0.49696E-01 -0.58909E+00   3.215   2.095
 0.240       171557 -0.17196E-01  0.32755E-02 -0.81888E-03  0.17417E+02 -0.12281E+02 -0.83898E+01  0.22554E+00  0.70100E+00 -0.67656E+00   4.422   2.012
 0.250       127246 -0.29815E-02  0.11926E-01 -0.25556E-02  0.73139E+02 -0.43116E+02 -0.54128E+02  0.41326E+00  0.77129E+00 -0.48407E+00   3.910   2.292
 0.260       487371 -0.22144E-02 -0.53146E-02  0.88576E-03 -0.14001E+02 -0.67547E+02 -0.56376E+02  0.64297E+00 -0.23041E+00 -0.73041E+00   3.741   1.598
 0.270       456861  0.18414E-02 -0.46036E-02  0.18414E-02 -0.33577E+02  0.18453E+03 -0.15898E+02  0.82619E+00  0.52704E-01 -0.56091E+00   3.967   1.883
 0.280       155300  0.23873E-02 -0.19099E-02 -0.95493E-03 -0.64146E+02  0.20503E+03 -0.14194E+02  0.80393E+00 -0.16780E+00  0.57057E+00   3.754   1.534
 0.290       430217  0.19772E-02  0.00000E+00 -0.98860E-03 -0.11707E+02  0.16773E+03  0.23129E+02  0.80888E+00 -0.38433E+00 -0.44498E+00   3.001   0.851
 0.300       212524 -0.51144E-03 -0.10229E-02  0.20458E-02  0.93024E+02 -0.12980E+03  0.25844E+03  0.79209E+00 -0.38338E+00 -0.47498E+00   4.304   1.937
 0.310       431185 -0.21125E-02 -0.21125E-02  0.10562E-02  0.25099E+03  0.26517E+03  0.62431E+02  0.78909E+00 -0.57806E+00 -0.20780E+00   1.340   0.500
 0.320       997718  0.10905E-02  0.10905E-02 -0.10905E-02 -0.83177E+02 -0.70028E+02 -0.16608E+03  0.35379E+00 -0.69984E+00 -0.62053E+00   1.827   0.563
 0.330       484520  0.11247E-02  0.11247E-02  0.22495E-02  0.39880E+02 -0.24808E+03 -0.25546E+03  0.57632E+00 -0.81522E+00  0.57231E-01   1.130   0.500
 0.340       644904  0.57960E-03  0.11592E-02  0.00000E+00 -0.60275E+02 -0.22033E+03  0.71629E+02  0.45595E+00 -0.88818E+00  0.57012E-01   1.173   0.500
 0.350       579698  0.17886E-02 -0.11924E-02  0.00000E+00 -0.42332E+03 -0.33942E+03 -0.70425E+02 -0.45952E+00 -0.83894E+00  0.29160E+00   3.364   0.810
 0.360       644853  0.18424E-02  0.00000E+00  0.00000E+00  0.24255E+03  0.25977E+03 -0.53386E+02 -0.40658E+00 -0.80590E+00  0.43038E+00   1.611   0.540
 0.370       492094  0.63036E-03  0.12607E-02  0.00000E+00  0.17613E+03 -0.26499E+02  0.70089E+03 -0.38580E+00  0.93857E-01  0.91780E+00   5.691   1.260
 0.380       900738  0.19446E-02 -0.12964E-02  0.00000E+00 -0.35828E+02  0.62667E+03 -0.60430E+02 -0.27805E+00  0.11116E+00  0.95411E+00   6.880   1.136
 0.390       112991  0.66461E-03  0.13292E-02 -0.13292E-02  0.11563E+03  0.44728E+03  0.39020E+03 -0.20630E+00  0.84356E-01  0.97485E+00   8.611   1.182
 0.400       644711  0.68179E-03  0.00000E+00 -0.13636E-02 -0.69562E+03  0.15717E+03  0.24316E+03 -0.18371E+00  0.14729E+00  0.97188E+00   8.905   1.130
 0.410       215282  0.20961E-02 -0.13974E-02 -0.13974E-02  0.22432E+03  0.11332E+03 -0.54520E+03 -0.20132E+00  0.20769E+00  0.95725E+00   8.903   1.400
 0.420       419153  0.00000E+00  0.14318E-02  0.00000E+00  0.23803E+03 -0.17509E+03  0.22452E+03 -0.20558E+00  0.18425E+00  0.96114E+00   8.442   1.230
 0.430       572703 -0.29342E-02  0.00000E+00  0.14671E-02 -0.18747E+03  0.49334E+01  0.50293E+03 -0.23401E+00  0.22675E+00  0.94542E+00   9.535   1.310
 0.440       936689 -0.22521E-02  0.00000E+00  0.15014E-02 -0.11142E+02  0.49116E+01  0.62961E+03 -0.36711E+00  0.24806E+00  0.89649E+00   6.030   0.724
 0.450       144611  0.38361E-02 -0.30689E-02 -0.15344E-02 -0.75665E+02  0.24327E+03  0.66543E+03 -0.48504E+00  0.31347E+00  0.81637E+00   6.233   1.018
 0.460      1588429  0.15668E-02  0.00000E+00  0.00000E+00  0.38402E+03  0.48373E+03 -0.37598E+03 -0.55705E+00  0.38718E+00  0.73471E+00   6.506   0.951
 0.470        53476  0.80080E-03  0.32032E-02 -0.16016E-02 -0.26161E+03 -0.50079E+03 -0.10262E+03 -0.63429E+00  0.50050E+00  0.58922E+00   7.336   1.055
 0.480       599168  0.81801E-03  0.00000E+00 -0.16360E-02 -0.33202E+03 -0.19531E+03 -0.66449E+03 -0.64153E+00  0.60372E+00  0.47324E+00   7.386   0.972
 0.490       463200  0.00000E+00  0.00000E+00 -0.16702E-02 -0.10797E+03  0.78188E+03 -0.14159E+03 -0.62701E+00  0.66304E+00  0.40896E+00   6.806   0.593
 0.500      1017598  0.17055E-02  0.00000E+00  0.00000E+00  0.14287E+03  0.68334E+03  0.12635E+03 -0.62668E+00  0.69660E+00  0.34932E+00   7.222   0.645
 0.510       520539  0.17381E-02  0.34761E-02  0.00000E+00 -0.34142E+03 -0.12642E+03 -0.16920E+03 -0.61324E+00  0.72152E+00  0.32148E+00   8.319   0.885
 0.520        81081  0.17739E-02 -0.17739E-02  0.00000E+00 -0.15681E+03  0.20070E+03 -0.19701E+03 -0.57654E+00  0.77885E+00  0.24699E+00   7.823   0.800
 0.530       195049 -0.18058E-02  0.18058E-02  0.18058E-02 -0.10630E+03  0.68888E+01  0.27685E+03 -0.52229E+00  0.80796E+00  0.27279E+00   8.505   1.030
 0.540       644238  0.36829E-02  0.00000E+00 -0.18415E-02 -0.19944E+03 -0.13445E+03 -0.44031E+03 -0.51296E+00  0.78806E+00  0.34035E+00   6.345   0.820
 0.550      1294645 -0.18736E-02  0.18736E-02 -0.37473E-02  0.41528E+03 -0.39231E+03  0.13310E+03 -0.52146E+00  0.76439E+00  0.37920E+00   6.406   0.902
 0.560      2112377  0.00000E+00 -0.19107E-02  0.00000E+00 -0.48846E+03 -0.27231E+03 -0.49054E+02 -0.53868E+00  0.73686E+00  0.40849E+00   6.279   0.968
