  39
 0.110   1.000   0.539  4.17001E+06  4.76796E+06  4.12688E+06  1.37639E+02  0.00000E+00  0.00000E+00  0.00000E+00  4.17001E+06  4.76796E+06  4.12688E+06
 0.120   1.232   0.934  5.06078E+06  5.84580E+06  5.02116E+06  1.29144E+02  7.68240E+05  9.35411E+05  7.55816E+05  4.29254E+06  4.91039E+06  4.26535E+06
 0.130   1.347   0.693  1.60129E+07  1.80746E+07  1.59331E+07  9.92475E+01  1.84158E+06  2.25325E+06  1.81275E+06  1.41713E+07  1.58213E+07  1.41203E+07
 0.140   1.519   0.621  2.36807E+07  2.77174E+07  2.35151E+07  1.49874E+02  3.14159E+06  3.85797E+06  3.09799E+06  2.05391E+07  2.38594E+07  2.04172E+07
 0.150   1.909   1.209  3.89460E+07  4.60808E+07  3.85516E+07  2.18535E+02  8.10664E+06  1.01202E+07  7.94443E+06  3.08394E+07  3.59607E+07  3.06072E+07
 0.160   2.231   1.365  1.57805E+08  1.77278E+08  1.57096E+08  1.13807E+02  1.75286E+07  2.18986E+07  1.72096E+07  1.40277E+08  1.55379E+08  1.39886E+08
 0.170   3.465   2.157  7.76486E+07  8.94719E+07  7.71952E+07  1.55426E+02  8.27262E+06  1.04078E+07  8.09421E+06  6.93760E+07  7.90641E+07  6.91010E+07
 0.180   2.797   1.305  2.53172E+08  2.89499E+08  2.52269E+08  1.21730E+02  6.23127E+07  7.65979E+07  6.17694E+07  1.90859E+08  2.12901E+08  1.90499E+08
 0.190   2.713   0.822  7.65256E+08  8.80152E+08  7.63386E+08  1.00972E+02  6.37417E+07  7.92972E+07  6.29961E+07  7.01514E+08  8.00855E+08  7.00390E+08
 0.200   2.561   1.093  2.64276E+08  3.18777E+08  2.62541E+08  2.37846E+02  5.52751E+07  6.96882E+07  5.45095E+07  2.09001E+08  2.49088E+08  2.08032E+08
 0.210   1.754   0.562  8.56695E+08  1.02202E+09  8.52849E+08  1.92417E+02  2.40417E+07  3.08637E+07  2.35656E+07  8.32654E+08  9.91159E+08  8.29283E+08
 0.220   3.798   1.240  1.22643E+09  1.48476E+09  1.21954E+09  2.43773E+02  8.22655E+07  1.04050E+08  8.10661E+07  1.14417E+09  1.38071E+09  1.13847E+09
 0.230   3.753   1.238  1.50416E+09  1.84535E+09  1.49349E+09  3.11112E+02  8.93955E+07  1.15166E+08  8.77071E+07  1.41477E+09  1.73018E+09  1.40578E+09
 0.240   4.555   1.365  1.76880E+09  2.20425E+09  1.75307E+09  3.93274E+02  1.46265E+08  1.88784E+08  1.43443E+08  1.62253E+09  2.01547E+09  1.60963E+09
 0.250   5.211   1.983  1.68990E+09  2.13002E+09  1.67121E+09  4.89973E+02  2.30606E+08  2.99138E+08  2.26080E+08  1.45929E+09  1.83089E+09  1.44513E+09
 0.260   6.457   1.324  1.74461E+09  2.21856E+09  1.72256E+09  5.72045E+02  2.93615E+08  3.82621E+08  2.87548E+08  1.45100E+09  1.83594E+09  1.43501E+09
 0.270   7.364   2.124  2.43591E+09  3.10608E+09  2.40403E+09  6.16307E+02  4.20220E+08  5.49271E+08  4.11359E+08  2.01569E+09  2.55681E+09  1.99267E+09
 0.280   6.108   1.853  2.95139E+09  3.75549E+09  2.91147E+09  6.58430E+02  4.81261E+08  6.32996E+08  4.70379E+08  2.47013E+09  3.12249E+09  2.44110E+09
 0.290   7.469   2.063  3.60179E+09  4.53134E+09  3.55767E+09  6.17115E+02  7.66253E+08  1.00225E+09  7.50933E+08  2.83554E+09  3.52909E+09  2.80674E+09
 0.300   6.527   1.391  2.54963E+09  3.26222E+09  2.50851E+09  8.02353E+02  5.47489E+08  7.28558E+08  5.32552E+08  2.00214E+09  2.53366E+09  1.97596E+09
 0.310   8.896   1.677  4.50994E+09  5.62116E+09  4.45875E+09  5.99205E+02  7.37868E+08  9.82350E+08  7.17630E+08  3.77207E+09  4.63881E+09  3.74112E+09
 0.320   8.496   1.406  5.07263E+09  6.39447E+09  5.01541E+09  6.31766E+02  7.48401E+08  9.97754E+08  7.27906E+08  4.32423E+09  5.39671E+09  4.28751E+09
 0.340   7.464   0.972  6.06760E+09  7.72783E+09  6.00135E+09  6.76851E+02  6.46045E+08  8.71367E+08  6.26498E+08  5.42156E+09  6.85647E+09  5.37486E+09
 0.350  10.463   1.707  8.01259E+09  1.03897E+10  7.91105E+09  8.04586E+02  2.05866E+09  2.71113E+09  2.01843E+09  5.95393E+09  7.67855E+09  5.89262E+09
 0.360  11.851   1.878  8.96808E+09  1.17610E+10  8.83822E+09  9.34484E+02  2.46385E+09  3.28137E+09  2.41104E+09  6.50423E+09  8.47958E+09  6.42717E+09
 0.370  11.692   1.780  8.75382E+09  1.15657E+10  8.61464E+09  1.04775E+03  2.31375E+09  3.10091E+09  2.25921E+09  6.44006E+09  8.46474E+09  6.35543E+09
 0.380  10.793   1.870  9.19633E+09  1.21874E+10  9.04346E+09  1.12419E+03  2.29209E+09  3.08976E+09  2.23485E+09  6.90424E+09  9.09766E+09  6.80861E+09
 0.390  12.258   1.535  9.68717E+09  1.28841E+10  9.52110E+09  1.18847E+03  2.41663E+09  3.25749E+09  2.35638E+09  7.27054E+09  9.62660E+09  7.16471E+09
 0.400  12.791   1.516  9.77474E+09  1.30789E+10  9.59499E+09  1.29851E+03  2.27946E+09  3.09733E+09  2.21669E+09  7.49527E+09  9.98155E+09  7.37830E+09
 0.410  13.574   1.291  9.67748E+09  1.30217E+10  9.48754E+09  1.40690E+03  2.19639E+09  3.00063E+09  2.13158E+09  7.48109E+09  1.00211E+10  7.35596E+09
 0.420  13.046   1.409  9.80181E+09  1.32570E+10  9.59501E+09  1.53392E+03  2.14559E+09  2.94937E+09  2.07616E+09  7.65623E+09  1.03076E+10  7.51884E+09
 0.430  13.913   1.856  1.07882E+10  1.46588E+10  1.05465E+10  1.65034E+03  2.48202E+09  3.42172E+09  2.40008E+09  8.30621E+09  1.12371E+10  8.14646E+09
 0.440  15.452   1.947  1.09450E+10  1.49413E+10  1.06857E+10  1.77298E+03  2.50421E+09  3.46486E+09  2.41663E+09  8.44081E+09  1.14764E+10  8.26907E+09
 0.450  12.749   1.830  1.06392E+10  1.45846E+10  1.03713E+10  1.90503E+03  2.27832E+09  3.16562E+09  2.19170E+09  8.36091E+09  1.14190E+10  8.17955E+09
 0.460  16.332   5.172  1.39231E+10  1.91430E+10  1.35512E+10  2.03425E+03  4.71105E+09  6.51115E+09  4.55150E+09  9.21200E+09  1.26319E+10  8.99968E+09
 0.470  18.408   4.453  1.32690E+10  1.82232E+10  1.28933E+10  2.14581E+03  4.53884E+09  6.29782E+09  4.37147E+09  8.73018E+09  1.19254E+10  8.52187E+09
 0.480  19.404   5.806  1.24271E+10  1.70960E+10  1.20381E+10  2.33743E+03  4.38808E+09  6.09689E+09  4.21264E+09  8.03901E+09  1.09991E+10  7.82542E+09
 0.490  17.137   5.879  1.15404E+10  1.59769E+10  1.11331E+10  2.59085E+03  4.22972E+09  5.89169E+09  4.04666E+09  7.31072E+09  1.00852E+10  7.08647E+09
 0.500  15.167   2.434  1.01982E+10  1.41055E+10  9.82639E+09  2.68490E+03  3.42549E+09  4.78460E+09  3.26682E+09  6.77274E+09  9.32092E+09  6.55957E+09
