  39
 0.110   1.000   0.539  3.60309E-02  4.09434E-02  2.86047E-02
 0.120   1.232   0.934  4.60087E-02  4.26072E-02  3.49953E-02
 0.130   1.347   0.693  1.77366E-01  2.10397E-01  1.17702E-01
 0.140   1.519   0.621  1.64899E-01  1.40561E-01  1.53580E-01
 0.150   1.909   1.209  2.26889E-01  2.86201E-01  1.45393E-01
 0.160   2.231   1.365  1.89447E+00  2.31637E+00  1.25243E+00
 0.170   3.465   2.157  7.74788E-01  8.40193E-01  5.79472E-01
 0.180   2.797   1.305  2.50150E+00  3.02211E+00  1.62955E+00
 0.190   2.713   0.822  6.20311E+00  6.34549E+00  5.55079E+00
 0.200   2.561   1.093  7.77022E-01  8.82515E-01  6.88265E-01
 0.210   1.754   0.562  4.16481E+00  4.07587E+00  3.76674E+00
 0.220   3.798   1.240  3.76539E+00  3.74953E+00  3.83385E+00
 0.230   3.753   1.238  3.84688E+00  4.11013E+00  3.56572E+00
 0.240   4.555   1.365  2.27229E+00  2.20512E+00  2.77676E+00
 0.250   5.211   1.983  2.30958E+00  2.22952E+00  2.29707E+00
 0.260   6.457   1.324  1.96641E+00  2.01061E+00  1.88763E+00
 0.270   7.364   2.124  3.17457E+00  3.10420E+00  3.12675E+00
 0.280   6.108   1.853  6.30815E+00  7.02905E+00  4.84873E+00
 0.290   7.469   2.063  7.93718E+00  7.65168E+00  8.65876E+00
 0.300   6.527   1.391  4.68094E+00  5.24257E+00  3.81695E+00
 0.310   8.896   1.677  1.20516E+01  1.08321E+01  1.46762E+01
 0.320   8.496   1.406  9.80446E+00  1.05716E+01  8.05749E+00
 0.340   7.464   0.972  1.06967E+01  1.12091E+01  8.94724E+00
 0.350  10.463   1.707  4.10786E+00  4.24246E+00  3.73711E+00
 0.360  11.851   1.878  3.70746E+00  3.70097E+00  3.57299E+00
 0.370  11.692   1.780  3.70289E+00  3.91767E+00  3.20841E+00
 0.380  10.793   1.870  5.06305E+00  4.69393E+00  5.22145E+00
 0.390  12.258   1.535  3.49740E+00  3.34843E+00  3.77339E+00
 0.400  12.791   1.516  3.15121E+00  3.01245E+00  3.43745E+00
 0.410  13.574   1.291  2.68672E+00  2.62090E+00  2.50532E+00
 0.420  13.046   1.409  2.66899E+00  2.58053E+00  2.60743E+00
 0.430  13.913   1.856  2.40322E+00  2.25467E+00  2.44123E+00
 0.440  15.452   1.947  1.91348E+00  1.86597E+00  1.93679E+00
 0.450  12.749   1.830  1.60339E+00  1.67422E+00  1.55755E+00
 0.460  16.332   5.172  1.53977E+00  1.49409E+00  1.78714E+00
 0.470  18.408   4.453  4.61071E+00  4.54376E+00  4.76886E+00
 0.480  19.404   5.806  3.76857E+00  3.56179E+00  3.91918E+00
 0.490  17.137   5.879  1.52707E+00  1.56253E+00  1.41543E+00
 0.500  15.167   2.434  3.74789E+00  4.12011E+00  3.02047E+00
