  39
 0.110   8.000   1.000  1.04846E+10  9.20100E+08  1.07066E+08  1.23391E+08  9.45739E+09  8.52685E+07  3.21460E+07  3.60990E+07  4.36310E+08  1.13084E+09  1.07664E+08  1.24111E+08  1.03867E+10  1.00705E+08  4.11744E+07  4.65392E+07  7.04680E+08
 0.120   9.500   1.232  1.40482E+10  1.18496E+09  1.54517E+08  1.82543E+08  1.27087E+10  3.87292E+07  4.04720E+07  4.79038E+07  5.06561E+08  1.25432E+09  1.55006E+08  1.83079E+08  1.29850E+10  7.92056E+07  5.70844E+07  6.72718E+07  7.78008E+08
 0.130  11.000   1.347  1.70288E+10  1.59311E+09  2.33481E+08  2.75877E+08  1.52022E+10  1.41701E+08  9.43970E+07  1.10447E+08  7.67865E+08  1.47279E+09  2.31390E+08  2.73416E+08  1.41752E+10  1.85570E+08  1.18916E+08  1.39277E+08  1.03507E+09
 0.140  12.750   1.519  2.06768E+10  1.82822E+09  3.34728E+08  4.00699E+08  1.85139E+10  7.11177E+07  1.66314E+08  1.97200E+08  1.03715E+09  1.33854E+09  3.29369E+08  3.94022E+08  1.43497E+10  8.51280E+07  1.89632E+08  2.25276E+08  1.35657E+09
 0.150  17.750   1.909  4.59559E+10  4.62803E+09  5.49039E+08  6.65293E+08  4.07788E+10  2.83108E+08  2.64087E+08  3.19910E+08  1.82838E+09  1.48972E+09  3.83371E+08  4.65412E+08  1.64421E+10  3.08442E+08  2.75255E+08  3.33440E+08  2.02616E+09
 0.160  22.000   2.231  7.18968E+10  7.40502E+09  1.21365E+09  1.43431E+09  6.32781E+10  9.13419E+08  4.57450E+08  5.42882E+08  3.32661E+09  4.23196E+09  1.11970E+09  1.32154E+09  3.53841E+10  9.34563E+08  4.63868E+08  5.50185E+08  3.40967E+09
 0.170  25.500   3.465  9.21377E+10  8.79043E+09  1.84728E+09  2.21678E+09  8.15000E+10  2.07221E+08  4.37440E+08  5.33781E+08  2.37418E+09  3.50767E+09  1.34389E+09  1.60942E+09  2.99611E+10  5.56561E+08  5.31183E+08  6.43230E+08  4.05815E+09
 0.180  28.000   2.797  1.05150E+11  9.13415E+09  2.82142E+09  3.37276E+09  9.31943E+10  1.56475E+09  1.53834E+09  1.81338E+09  5.81278E+09  4.91239E+09  2.62581E+09  3.12909E+09  3.41272E+10  1.56302E+09  1.53695E+09  1.81173E+09  5.80197E+09
 0.190  30.500   2.713  1.14524E+11  8.43830E+09  4.08653E+09  4.93533E+09  1.01999E+11  9.83198E+08  2.61579E+09  3.12308E+09  6.78974E+09  3.44900E+09  3.73926E+09  4.50141E+09  3.22205E+10  9.17114E+08  2.46476E+09  2.93874E+09  5.68815E+09
 0.200  32.000   2.561  1.14318E+11  7.96751E+09  4.52553E+09  5.59064E+09  1.01825E+11  1.24390E+09  3.12315E+09  3.82789E+09  7.54372E+09  3.30425E+09  4.25598E+09  5.24908E+09  3.10684E+10  9.88826E+08  2.83052E+09  3.46437E+09  5.49910E+09
 0.210  33.500   1.754  1.12502E+11  7.43745E+09  5.37103E+09  6.68263E+09  9.96933E+10  9.53221E+08  4.10027E+09  5.06537E+09  8.80384E+09  2.78534E+09  5.10252E+09  6.33727E+09  3.14587E+10  6.32844E+08  3.16151E+09  3.88546E+09  3.53695E+09
 0.220  35.750   3.798  1.19426E+11  8.13609E+09  5.96081E+09  7.50308E+09  1.05329E+11  1.21419E+09  4.76071E+09  5.96350E+09  1.03695E+10  3.03941E+09  5.66966E+09  7.12748E+09  3.37644E+10  1.28936E+09  4.84339E+09  6.06821E+09  1.12111E+10
 0.230  37.750   3.753  1.23537E+11  8.43278E+09  6.48291E+09  8.22634E+09  1.08621E+11  1.40364E+09  5.28851E+09  6.68822E+09  1.12750E+10  3.10072E+09  6.17780E+09  7.82952E+09  3.37863E+10  1.39374E+09  5.27942E+09  6.67670E+09  1.11912E+10
 0.240  40.250   4.555  1.31933E+11  8.96415E+09  6.87108E+09  8.80872E+09  1.16098E+11  9.62546E+08  5.65448E+09  7.23651E+09  1.22336E+10  2.96628E+09  6.57949E+09  8.42703E+09  3.44094E+10  1.14216E+09  5.83518E+09  7.46639E+09  1.41933E+10
 0.250  43.000   5.211  1.44020E+11  9.90540E+09  7.19248E+09  9.30030E+09  1.26922E+11  8.16983E+08  5.97112E+09  7.71802E+09  1.33873E+10  2.88378E+09  6.88250E+09  8.89235E+09  3.44477E+10  1.14423E+09  6.27635E+09  8.10892E+09  1.68102E+10
 0.260  47.250   6.457  1.70446E+11  1.17749E+10  7.48460E+09  9.74604E+09  1.51187E+11  9.74781E+08  6.29262E+09  8.19690E+09  1.51372E+10  3.37532E+09  7.14122E+09  9.29096E+09  3.56971E+10  1.57775E+09  6.75262E+09  8.78965E+09  2.19075E+10
 0.270  57.000   7.364  2.67305E+11  1.82911E+10  1.18160E+10  1.53478E+10  2.37198E+11  1.34271E+09  6.79014E+09  8.89594E+09  1.95318E+10  3.59506E+09  7.52500E+09  9.82648E+09  3.81438E+10  2.45485E+09  7.20315E+09  9.41581E+09  2.65732E+10
 0.280  64.000   6.108  3.39441E+11  2.15851E+10  1.39106E+10  1.80085E+10  3.03945E+11  3.55569E+09  8.37521E+09  1.09376E+10  3.32528E+10  6.33401E+09  1.24903E+10  1.61535E+10  6.51750E+10  3.35083E+09  8.17588E+09  1.06814E+10  3.08663E+10
 0.290  71.750   7.469  4.30619E+11  2.34246E+10  1.84926E+10  2.37033E+10  3.88701E+11  3.52901E+09  1.35180E+10  1.73053E+10  3.13753E+10  5.55007E+09  1.45460E+10  1.85909E+10  4.81345E+10  3.73621E+09  1.36521E+10  1.74734E+10  3.29608E+10
 0.300  76.500   6.527  4.71519E+11  2.29541E+10  2.09096E+10  2.69572E+10  4.27655E+11  4.59759E+09  1.63456E+10  2.10253E+10  4.25922E+10  5.93395E+09  1.74826E+10  2.25031E+10  6.10755E+10  3.72504E+09  1.59002E+10  2.04509E+10  3.52281E+10
 0.310  80.500   8.896  5.00295E+11  2.19967E+10  2.35702E+10  3.04758E+10  4.54728E+11  3.87484E+09  1.89530E+10  2.44687E+10  4.76215E+10  5.16155E+09  1.96458E+10  2.53528E+10  6.25869E+10  4.44099E+09  1.92787E+10  2.48864E+10  5.39719E+10
 0.320  84.500   8.496  5.28288E+11  2.27757E+10  2.47529E+10  3.23157E+10  4.80760E+11  5.06912E+09  1.99614E+10  2.60294E+10  4.86573E+10  6.01565E+09  2.05431E+10  2.67838E+10  5.94220E+10  5.10613E+09  1.99834E+10  2.60575E+10  4.89655E+10
 0.340  89.250   7.464  5.24142E+11  2.09927E+10  2.80774E+10  3.69574E+10  4.75072E+11  3.61480E+09  2.28525E+10  3.00650E+10  5.30712E+10  3.91662E+09  2.34128E+10  3.07953E+10  6.09283E+10  3.08030E+09  2.16349E+10  2.85048E+10  4.27889E+10
 0.350  91.500  10.463  5.19722E+11  1.99767E+10  2.86908E+10  3.81274E+10  4.71055E+11  2.75470E+09  2.42257E+10  3.21830E+10  5.58072E+10  3.31674E+09  2.47565E+10  3.28783E+10  6.18212E+10  3.55982E+09  2.50008E+10  3.32000E+10  6.51451E+10
 0.360  93.750  11.851  5.16874E+11  1.96308E+10  2.90616E+10  3.88917E+10  4.68182E+11  2.51266E+09  2.47903E+10  3.32037E+10  5.77870E+10  2.85331E+09  2.51743E+10  3.37093E+10  6.22060E+10  4.17384E+09  2.61331E+10  3.49635E+10  7.53688E+10
 0.370  96.750  11.692  5.25301E+11  1.99563E+10  2.93638E+10  3.95391E+10  4.75981E+11  3.13633E+09  2.52018E+10  3.39585E+10  5.99727E+10  3.35385E+09  2.54121E+10  3.42357E+10  6.23418E+10  4.49253E+09  2.63220E+10  3.54381E+10  7.46428E+10
 0.380 101.500  10.793  5.62852E+11  2.16433E+10  3.00896E+10  4.06593E+10  5.11119E+11  3.31204E+09  2.59970E+10  3.51612E+10  6.35832E+10  3.25370E+09  2.59032E+10  3.50369E+10  6.24968E+10  3.58642E+09  2.63880E+10  3.56762E+10  6.83429E+10
 0.390 111.000  12.258  6.91253E+11  2.96840E+10  3.49431E+10  4.73775E+10  6.26626E+11  3.38585E+09  2.73222E+10  3.70774E+10  7.15903E+10  2.94311E+09  2.66744E+10  3.62109E+10  6.32273E+10  3.83024E+09  2.77889E+10  3.77056E+10  8.02646E+10
 0.400 116.750  12.791  7.43513E+11  3.26625E+10  3.55846E+10  4.84204E+10  6.75266E+11  3.40160E+09  2.76480E+10  3.76897E+10  7.60065E+10  2.69984E+09  2.65183E+10  3.61773E+10  6.32824E+10  3.70616E+09  2.81666E+10  3.83891E+10  8.44292E+10
 0.410 121.500  13.574  7.83562E+11  3.55467E+10  3.62856E+10  4.95130E+10  7.11730E+11  3.68838E+09  2.81019E+10  3.84624E+10  8.14355E+10  2.79217E+09  2.66981E+10  3.65724E+10  6.45210E+10  4.06053E+09  2.86625E+10  3.92255E+10  9.26554E+10
 0.420 126.500  13.046  8.23300E+11  3.93868E+10  3.74116E+10  5.10917E+10  7.46502E+11  3.60298E+09  2.83933E+10  3.89991E+10  8.73699E+10  2.19345E+09  2.68943E+10  3.69742E+10  6.54573E+10  3.78550E+09  2.85585E+10  3.92237E+10  9.06727E+10
 0.430 130.500  13.913  8.50754E+11  4.14991E+10  3.82231E+10  5.23331E+10  7.71031E+11  3.39088E+09  2.89718E+10  3.99097E+10  8.87749E+10  2.35971E+09  2.71841E+10  3.74750E+10  6.43801E+10  3.64178E+09  2.92178E+10  4.02479E+10  9.57574E+10
 0.440 134.000  15.452  8.68117E+11  4.29603E+10  3.85719E+10  5.30124E+10  7.86585E+11  3.17572E+09  2.89059E+10  3.99435E+10  8.77993E+10  1.80232E+09  2.69418E+10  3.72646E+10  6.20146E+10  3.66465E+09  2.95403E+10  4.08155E+10  1.03476E+11
 0.450 137.500  12.749  8.80276E+11  4.43396E+10  3.89277E+10  5.36816E+10  7.97009E+11  3.36797E+09  2.93131E+10  4.06069E+10  8.92925E+10  1.68879E+09  2.70813E+10  3.75555E+10  6.12431E+10  3.04683E+09  2.88757E+10  4.00082E+10  8.18032E+10
 0.460 140.750  16.332  8.87768E+11  4.55298E+10  3.92371E+10  5.42611E+10  8.03001E+11  3.95961E+09  3.10033E+10  4.30129E+10  1.04298E+11  1.69454E+09  2.73151E+10  3.79752E+10  6.61983E+10  5.86446E+09  3.58254E+10  4.95723E+10  1.28854E+11
 0.470 144.500  18.408  8.99268E+11  4.67460E+10  4.07259E+10  5.61651E+10  8.11796E+11  5.23934E+09  2.91296E+10  4.05446E+10  1.03251E+11  2.41602E+09  2.57447E+10  3.58896E+10  6.36097E+10  8.40012E+09  3.59640E+10  4.97200E+10  1.43181E+11
 0.480 148.000  19.404  9.10238E+11  4.81437E+10  4.23801E+10  5.84017E+10  8.19714E+11  2.71472E+09  3.65881E+10  5.05239E+10  1.14198E+11  1.66700E+09  3.26773E+10  4.51520E+10  7.34377E+10  5.95800E+09  3.87655E+10  5.34656E+10  1.51531E+11
 0.490 150.000  17.137  9.00431E+11  4.91502E+10  4.26925E+10  5.90837E+10  8.08589E+11  3.44595E+09  3.61199E+10  5.00578E+10  1.11324E+11  1.82272E+09  3.28371E+10  4.55064E+10  7.05712E+10  4.57914E+09  3.71275E+10  5.14473E+10  1.29198E+11
 0.500 152.500  15.167  9.00912E+11  5.02918E+10  4.30379E+10  5.97312E+10  8.07583E+11  6.63835E+09  3.72625E+10  5.17730E+10  1.17863E+11  3.07012E+09  3.33786E+10  4.64145E+10  7.25712E+10  6.58573E+09  3.72136E+10  5.17060E+10  1.17148E+11
