  39
 0.110  8.00000E+00  1.04846E+10  7.50696E+01
 0.120  9.50000E+00  1.40482E+10  7.97411E+01
 0.130  1.10000E+01  1.70288E+10  8.15886E+01
 0.140  1.27500E+01  2.06768E+10  8.35067E+01
 0.150  1.77500E+01  4.59559E+10  1.05513E+02
 0.160  2.20000E+01  7.18968E+10  1.18543E+02
 0.170  2.55000E+01  9.21377E+10  1.24647E+02
 0.180  2.80000E+01  1.05150E+11  1.27075E+02
 0.190  3.05000E+01  1.14524E+11  1.27067E+02
 0.200  3.20000E+01  1.14318E+11  1.23942E+02
 0.210  3.35000E+01  1.12502E+11  1.20169E+02
 0.220  3.57500E+01  1.19426E+11  1.19852E+02
 0.230  3.77500E+01  1.23537E+11  1.18625E+02
 0.240  4.02500E+01  1.31933E+11  1.18721E+02
 0.250  4.30000E+01  1.44020E+11  1.20008E+02
 0.260  4.72500E+01  1.70446E+11  1.24545E+02
 0.270  5.70000E+01  2.67305E+11  1.42004E+02
 0.280  6.40000E+01  3.39441E+11  1.51017E+02
 0.290  7.17500E+01  4.30619E+11  1.60646E+02
 0.300  7.65000E+01  4.71519E+11  1.62799E+02
 0.310  8.05000E+01  5.00295E+11  1.63474E+02
 0.320  8.45000E+01  5.28288E+11  1.63961E+02
 0.340  8.92500E+01  5.24142E+11  1.58911E+02
 0.350  9.15000E+01  5.19722E+11  1.56282E+02
 0.360  9.37500E+01  5.16874E+11  1.53972E+02
 0.370  9.67500E+01  5.25301E+11  1.52796E+02
 0.380  1.01500E+02  5.62852E+11  1.54418E+02
 0.390  1.11000E+02  6.91253E+11  1.63641E+02
 0.400  1.16750E+02  7.43513E+11  1.65482E+02
 0.410  1.21500E+02  7.83562E+11  1.66526E+02
 0.420  1.26500E+02  8.23300E+11  1.67289E+02
 0.430  1.30500E+02  8.50754E+11  1.67429E+02
 0.440  1.34000E+02  8.68117E+11  1.66906E+02
 0.450  1.37500E+02  8.80276E+11  1.65918E+02
 0.460  1.40750E+02  8.87768E+11  1.64687E+02
 0.470  1.44500E+02  8.99268E+11  1.63586E+02
 0.480  1.48000E+02  9.10238E+11  1.62623E+02
 0.490  1.50000E+02  9.00431E+11  1.60662E+02
 0.500  1.52500E+02  9.00912E+11  1.59382E+02
