  39
 0.110        50280  0.11072E-01  0.13512E-01  0.19705E-01  0.34547E+01 -0.54116E+02  0.83730E+01  0.86517E+00 -0.47815E+00  0.15117E+00   1.000   0.539
 0.120        61771  0.10836E-01 -0.51111E-02  0.34551E-01  0.12743E+02  0.20687E+01 -0.15815E+02  0.48678E+00 -0.26624E+00 -0.83196E+00   1.232   0.934
 0.130        81715  0.44342E-02 -0.86467E-02 -0.70947E-02 -0.13176E+02 -0.40560E+02 -0.46444E+01  0.70158E-01  0.27094E+00 -0.96004E+00   1.347   0.693
 0.140       162287  0.47699E-03 -0.16695E-02  0.64394E-02  0.74027E+01  0.39893E+02 -0.17137E+02  0.87914E+00 -0.47154E+00  0.69022E-01   1.519   0.621
 0.150       167061 -0.15328E-02  0.13029E-01 -0.30656E-02 -0.44182E+01  0.21783E+02  0.27593E+02  0.68016E+00 -0.35858E+00 -0.63938E+00   1.909   1.209
 0.160       238743 -0.13627E-02 -0.59957E-02  0.79034E-02  0.50219E+02 -0.45589E+02 -0.97029E+01  0.98260E+00 -0.13029E+00 -0.13238E+00   2.231   1.365
 0.170       316421  0.57956E-03  0.31876E-02  0.28978E-03 -0.11342E+02  0.18336E+02  0.40718E+00 -0.82950E+00  0.52442E+00  0.19213E+00   3.465   2.157
 0.180       405464 -0.61357E-03  0.18407E-02  0.30678E-03 -0.12017E+00  0.38007E+02  0.13838E+02  0.50662E+00 -0.13708E-01 -0.86206E+00   2.797   1.305
 0.190       434139  0.32371E-03  0.19422E-02  0.32371E-02 -0.26370E+02  0.10933E+02 -0.29940E+02  0.43250E+00 -0.28677E+00 -0.85481E+00   2.713   0.822
 0.200       630371  0.17034E-02 -0.13627E-02 -0.68134E-03 -0.69471E+02  0.20520E+02  0.36569E+02  0.15812E+00  0.26063E+00 -0.95240E+00   2.561   1.093
 0.210       396214  0.17895E-02 -0.10737E-02 -0.14316E-02 -0.33992E+03 -0.16564E+03 -0.82626E+02 -0.27131E+00  0.40884E+00 -0.87134E+00   1.754   0.562
 0.220       464590  0.11250E-02  0.37502E-03  0.37502E-03 -0.20148E+02  0.12506E+03 -0.74908E+02  0.93969E-02  0.57503E+00 -0.81808E+00   3.798   1.240
 0.230       564814  0.00000E+00  0.00000E+00  0.23502E-02  0.51323E+02 -0.18948E+03 -0.16231E+03  0.16225E+00  0.43775E+00 -0.88433E+00   3.753   1.238
 0.240       587366 -0.12269E-02  0.00000E+00  0.12269E-02  0.32538E+03  0.82820E+02  0.13406E+03  0.18731E+00  0.28968E+00 -0.93862E+00   4.555   1.365
 0.250       792760  0.12788E-02 -0.29838E-02 -0.17050E-02  0.86356E+02  0.58466E+01  0.26712E+03  0.15078E+00  0.19290E+00 -0.96956E+00   5.211   1.983
 0.260       400978 -0.17725E-02  0.44312E-03 -0.26587E-02  0.20927E+03 -0.83369E+02 -0.34674E+03  0.26150E+00  0.52843E-01 -0.96376E+00   6.457   1.324
 0.270       587183  0.13802E-02 -0.23004E-02 -0.13802E-02 -0.73506E+02 -0.98868E+02  0.42802E+02  0.33432E+00 -0.35382E-01 -0.94179E+00   7.364   2.124
 0.280       587078 -0.95430E-03  0.00000E+00 -0.19086E-02 -0.54393E+02  0.66473E+02 -0.19489E+03  0.37625E+00 -0.16309E+00 -0.91205E+00   6.108   1.853
 0.290       591719  0.19762E-02  0.14821E-02  0.00000E+00  0.46184E+03  0.19428E+03 -0.22084E+03  0.51469E+00 -0.52756E+00 -0.67585E+00   7.469   2.063
 0.300      1124353  0.51133E-03 -0.25567E-02  0.10227E-02 -0.66355E+02 -0.21703E+03  0.44123E+03  0.51587E+00 -0.41600E+00 -0.74888E+00   6.527   1.391
 0.310      1508169 -0.52817E-03  0.10563E-02 -0.15845E-02 -0.53966E+03  0.26209E+03 -0.72902E+02  0.63834E+00 -0.43108E+00 -0.63773E+00   8.896   1.677
 0.320      2260766  0.16351E-02 -0.10901E-02 -0.54505E-03  0.15708E+03  0.31307E+02  0.28387E+02  0.65431E+00 -0.37591E+00 -0.65618E+00   8.496   1.406
 0.340      3694771 -0.17374E-02  0.11583E-02  0.17374E-02  0.37092E+02 -0.55980E+02  0.18638E+03  0.74907E+00 -0.35560E+00 -0.55897E+00   7.464   0.972
 0.350      1574664  0.11931E-02 -0.23863E-02  0.00000E+00 -0.25985E+03  0.72392E+02 -0.30476E+03  0.79256E+00 -0.18988E+00 -0.57947E+00  10.463   1.707
 0.360      1616471 -0.61331E-03 -0.61331E-03  0.24532E-02  0.20221E+03  0.29599E+03 -0.28020E+03  0.77497E+00 -0.20480E+00 -0.59789E+00  11.851   1.878
 0.370      4414081  0.63029E-03  0.00000E+00  0.18909E-02 -0.92198E+02 -0.47781E+03  0.39766E+02  0.71738E+00 -0.16760E+00 -0.67622E+00  11.692   1.780
 0.380      1796813 -0.32362E-02 -0.64723E-03  0.00000E+00  0.11351E+03  0.19393E+03  0.39991E+03  0.70505E+00 -0.12160E+00 -0.69866E+00  10.793   1.870
 0.390      4953099 -0.39860E-02  0.66433E-03  0.13287E-02 -0.32363E+02 -0.55734E+02  0.25083E+03  0.69674E+00 -0.17648E+00 -0.69528E+00  12.258   1.535
 0.400      4684076  0.13635E-02  0.20453E-02 -0.20453E-02 -0.69440E+02 -0.23995E+03 -0.67682E+01  0.70410E+00 -0.17940E+00 -0.68707E+00  12.791   1.516
 0.410      2804679  0.27935E-02  0.13968E-02 -0.20951E-02 -0.19261E+03 -0.35973E+02  0.59342E+01  0.67855E+00 -0.21214E+00 -0.70325E+00  13.574   1.291
 0.420      5578991  0.28633E-02 -0.71583E-03  0.28633E-02  0.80626E+02  0.13444E+03  0.25397E+03  0.63698E+00 -0.28615E+00 -0.71580E+00  13.046   1.409
 0.430      3168724  0.36631E-02 -0.14653E-02  0.73263E-03  0.11051E+03  0.77800E+02 -0.13955E+03  0.61142E+00 -0.33445E+00 -0.71715E+00  13.913   1.856
 0.440      4664030 -0.14987E-02  0.14987E-02  0.22480E-02 -0.25465E+03  0.10579E+03 -0.25454E+03  0.61517E+00 -0.36574E+00 -0.69843E+00  15.452   1.947
 0.450      2793863 -0.45987E-02  0.76645E-03 -0.22993E-02 -0.10092E+03 -0.56181E+01 -0.86910E+02  0.63877E+00 -0.41735E+00 -0.64637E+00  12.749   1.830
 0.460      4919333 -0.23518E-02  0.15679E-02  0.78393E-03 -0.18229E+03  0.19559E+03 -0.43155E+02  0.64744E+00 -0.47417E+00 -0.59665E+00  16.332   5.172
 0.470      1189717 -0.24013E-02 -0.80042E-03 -0.40021E-02 -0.42873E+03 -0.32554E+01  0.35013E+02  0.56636E+00 -0.71277E+00 -0.41375E+00  18.408   4.453
 0.480      4559259 -0.24539E-02  0.81796E-03  0.32718E-02  0.51506E+02 -0.21606E+02  0.31273E+03  0.69558E+00 -0.57143E+00 -0.43547E+00  19.404   5.806
 0.490      6676025 -0.16692E-02  0.00000E+00  0.00000E+00  0.11845E+03  0.36773E+03  0.11837E+03  0.82817E+00 -0.40413E+00 -0.38836E+00  17.137   5.879
 0.500      4579293  0.17033E-02  0.17033E-02  0.00000E+00  0.24591E+02  0.16603E+03  0.78311E+01  0.81946E+00 -0.32848E+00 -0.46968E+00  15.167   2.434
