  20
 0.110       868728         9925       381820
 0.120      1768900        38552       809295
 0.130      3342945        68983      1546129
 0.140      4699561       120316      2166133
 0.150      5698102       170720      2627755
 0.160      6580787       209219      3106754
 0.170      7837298       257852      3727224
 0.180      9166271       372003      4332251
 0.190     10261228       492695      4841885
 0.200     11084710       666231      5335887
 0.210     12223068       782340      5796232
 0.220     13144835       890033      6226579
 0.230     14029918      1028437      6561121
 0.240     15130811      1155859      7077066
 0.250     16467912      1270994      7726320
 0.260     17961044      1428189      8470016
 0.270     19229513      1715966      9231021
 0.280     20547485      2095032      9962012
 0.290     22335411      2480049     10891332
 0.300     23453721      2618143     11519716
