  37
 0.150   0.891   0.587  1.37878E-03  1.78535E-03  1.11363E-03
 0.160   1.323   0.750  2.72920E-03  2.56856E-03  3.65184E-03
 0.170   1.501   0.995  1.80579E-02  1.60638E-02  1.52542E-02
 0.180   1.917   0.972  1.32287E-01  1.57607E-01  9.60037E-02
 0.190   1.990   1.060  2.37502E-02  2.57832E-02  2.28938E-02
 0.200   2.352   1.339  6.64157E-03  6.39248E-03  5.67110E-03
 0.210   3.310   2.275  9.92821E-03  7.73160E-03  1.02687E-02
 0.220   4.176   3.087  1.29239E+00  1.37592E+00  8.97851E-01
 0.230   5.375   3.184  9.39913E-01  9.91306E-01  7.01662E-01
 0.240   4.966   3.249  1.65539E+00  1.69384E+00  1.34624E+00
 0.250   5.810   3.029  9.92980E-01  9.42558E-01  9.92464E-01
 0.250   5.553   3.764  8.34114E-01  9.24567E-01  5.94506E-01
 0.260   3.033   1.686  2.26263E+00  2.75526E+00  1.44667E+00
 0.270   4.371   1.613  4.76876E+00  4.15812E+00  5.39309E+00
 0.280   5.696   2.660  1.26576E+00  1.36153E+00  1.10627E+00
 0.290   6.919   2.599  1.95787E+00  1.96705E+00  1.76796E+00
 0.300   5.663   2.140  2.96636E+00  3.03571E+00  2.76657E+00
 0.310   3.511   1.061  2.64339E+00  2.93218E+00  2.27731E+00
 0.320   6.097   2.343  1.88966E+00  1.93080E+00  1.75624E+00
 0.330   6.316   3.103  3.78151E-01  4.19891E-01  3.38083E-01
 0.340   7.154   3.846  4.27507E-01  4.55059E-01  3.90791E-01
 0.350   5.022   1.918  4.71415E+00  5.64395E+00  3.10335E+00
 0.360   7.965   2.636  8.40106E-01  8.30741E-01  1.35935E+00
 0.370   8.277   2.891  3.13485E+00  3.18879E+00  2.94603E+00
 0.380   5.288   1.009  7.24163E+00  7.84194E+00  5.78780E+00
 0.390   6.627   1.426  6.25991E+00  6.25341E+00  6.12193E+00
 0.400   6.309   1.635  4.12263E+00  3.76642E+00  4.51095E+00
 0.410   5.679   1.024  5.57177E+00  6.02937E+00  4.71448E+00
 0.420   7.817   2.050  2.24427E+00  2.11919E+00  2.62393E+00
 0.430   7.447   1.694  3.04850E+00  3.15950E+00  2.72610E+00
 0.440   7.189   1.296  2.23716E+00  2.18316E+00  2.34659E+00
 0.450   9.187   1.191  2.06259E+00  2.04517E+00  1.99339E+00
 0.460  10.720   3.484  5.51627E-01  5.19914E-01  6.23013E-01
 0.470  11.306   1.889  9.26118E-01  9.59890E-01  8.03118E-01
 0.480  10.693   2.458  8.35891E-01  8.12587E-01  9.12804E-01
 0.490  12.487   2.479  1.12086E+00  1.17404E+00  9.60542E-01
 0.500  11.576   2.204  2.65297E+00  2.57797E+00  2.66006E+00
