  37
 0.150   0.891   0.587  3.42827E+05  4.09645E+05  3.36959E+05  3.19956E+02  0.00000E+00  0.00000E+00  0.00000E+00  3.42827E+05  4.09645E+05  3.36959E+05
 0.160   1.323   0.750  7.62145E+05  9.06857E+05  7.54242E+05  2.27646E+02  9.68028E+04  1.22010E+05  9.40206E+04  6.65342E+05  7.84848E+05  6.60221E+05
 0.170   1.501   0.995  3.24154E+06  3.85384E+06  3.21232E+06  2.24950E+02  5.19516E+05  6.47659E+05  5.11136E+05  2.72202E+06  3.20618E+06  2.70119E+06
 0.180   1.917   0.972  1.10942E+07  1.24405E+07  1.10613E+07  9.45381E+01  5.28260E+05  6.70875E+05  5.15981E+05  1.05660E+07  1.17696E+07  1.05453E+07
 0.190   1.990   1.060  7.77425E+06  9.32128E+06  7.71627E+06  2.30594E+02  8.17779E+05  1.03455E+06  7.99017E+05  6.95647E+06  8.28673E+06  6.91725E+06
 0.200   2.352   1.339  9.90149E+06  1.22669E+07  9.80828E+06  3.20176E+02  1.37746E+06  1.73713E+06  1.35319E+06  8.52403E+06  1.05298E+07  8.45509E+06
 0.210   3.310   2.275  5.01655E+06  6.26105E+06  4.94205E+06  4.65266E+02  1.56584E+06  2.02567E+06  1.52468E+06  3.45070E+06  4.23538E+06  3.41736E+06
 0.220   4.176   3.087  9.00582E+07  1.00809E+08  8.98766E+07  8.83220E+01  4.25790E+06  5.47815E+06  4.17222E+06  8.58003E+07  9.53307E+07  8.57044E+07
 0.230   5.375   3.184  8.55569E+07  9.82460E+07  8.52726E+07  1.45731E+02  1.03935E+07  1.33455E+07  1.02302E+07  7.51634E+07  8.49005E+07  7.50424E+07
 0.240   4.966   3.249  2.42933E+08  2.85282E+08  2.42000E+08  1.78666E+02  2.73127E+07  3.50268E+07  2.67833E+07  2.15620E+08  2.50255E+08  2.15216E+08
 0.250   5.810   3.029  2.42738E+08  2.91054E+08  2.41708E+08  2.20078E+02  5.00372E+07  6.36486E+07  4.94525E+07  1.92701E+08  2.27406E+08  1.92256E+08
 0.250   5.553   3.764  1.34025E+08  1.61082E+08  1.33169E+08  2.94988E+02  4.82703E+07  6.11378E+07  4.76476E+07  8.57546E+07  9.99446E+07  8.55212E+07
 0.260   3.033   1.686  1.93268E+08  2.20609E+08  1.92613E+08  1.71919E+02  1.90783E+07  2.46490E+07  1.87928E+07  1.74190E+08  1.95960E+08  1.73820E+08
 0.270   4.371   1.613  8.18005E+08  9.59075E+08  8.15972E+08  1.52638E+02  4.69526E+07  6.03245E+07  4.62889E+07  7.71053E+08  8.98751E+08  7.69683E+08
 0.280   5.696   2.660  6.26742E+08  7.70694E+08  6.23365E+08  3.14535E+02  9.34803E+07  1.20221E+08  9.22524E+07  5.33261E+08  6.50474E+08  5.31112E+08
 0.290   6.919   2.599  7.22276E+08  8.95399E+08  7.17648E+08  3.79430E+02  1.18483E+08  1.54350E+08  1.16745E+08  6.03793E+08  7.41049E+08  6.00903E+08
 0.300   5.663   2.140  1.03327E+09  1.27698E+09  1.02701E+09  3.79922E+02  9.11772E+07  1.20253E+08  8.95544E+07  9.42093E+08  1.15672E+09  9.37458E+08
 0.310   3.511   1.061  8.58245E+08  1.06538E+09  8.52596E+08  4.31165E+02  5.85131E+07  7.79081E+07  5.73123E+07  7.99732E+08  9.87477E+08  7.95283E+08
 0.320   6.097   2.343  1.10749E+09  1.40360E+09  1.09809E+09  5.54416E+02  1.44233E+08  1.89836E+08  1.41607E+08  9.63253E+08  1.21376E+09  9.56488E+08
 0.330   6.316   3.103  6.07401E+08  7.87122E+08  6.00312E+08  7.47961E+02  8.35653E+07  1.12219E+08  8.14934E+07  5.23836E+08  6.74904E+08  5.18819E+08
 0.340   7.154   3.846  6.57980E+08  8.59946E+08  6.49210E+08  8.57572E+02  9.91551E+07  1.33167E+08  9.66046E+07  5.58824E+08  7.26780E+08  5.52605E+08
 0.350   5.022   1.918  8.65014E+08  1.08073E+09  8.55746E+08  6.95651E+02  7.88202E+07  1.07065E+08  7.64992E+07  7.86194E+08  9.73668E+08  7.79247E+08
 0.360   7.965   2.636  1.49743E+09  1.92184E+09  1.48065E+09  7.51570E+02  1.65633E+08  2.20230E+08  1.61671E+08  1.33180E+09  1.70161E+09  1.31898E+09
 0.370   8.277   2.891  1.75666E+09  2.25198E+09  1.73678E+09  7.79833E+02  2.09192E+08  2.79464E+08  2.04281E+08  1.54747E+09  1.97251E+09  1.53250E+09
 0.380   5.288   1.009  1.93328E+09  2.42545E+09  1.91487E+09  6.73559E+02  1.15326E+08  1.55905E+08  1.12148E+08  1.81796E+09  2.26955E+09  1.80272E+09
 0.390   6.627   1.426  2.91768E+09  3.67315E+09  2.89173E+09  6.42819E+02  1.91166E+08  2.56327E+08  1.86371E+08  2.72651E+09  3.41682E+09  2.70536E+09
 0.400   6.309   1.635  3.40673E+09  4.34242E+09  3.37429E+09  7.02255E+02  2.07735E+08  2.81218E+08  2.01750E+08  3.19900E+09  4.06120E+09  3.17254E+09
 0.410   5.679   1.024  3.56118E+09  4.56832E+09  3.52080E+09  8.05516E+02  3.22230E+08  4.39298E+08  3.10618E+08  3.23895E+09  4.12902E+09  3.21018E+09
 0.420   7.817   2.050  4.58269E+09  5.98912E+09  4.51542E+09  1.01458E+03  7.88229E+08  1.07606E+09  7.59257E+08  3.79446E+09  4.91306E+09  3.75617E+09
 0.430   7.447   1.694  4.66315E+09  6.13942E+09  4.59027E+09  1.10393E+03  7.03249E+08  9.64946E+08  6.75705E+08  3.95990E+09  5.17448E+09  3.91457E+09
 0.440   7.189   1.296  4.56553E+09  6.03800E+09  4.49294E+09  1.15340E+03  5.56481E+08  7.66013E+08  5.33655E+08  4.00905E+09  5.27198E+09  3.95929E+09
 0.450   9.187   1.191  4.81668E+09  6.41938E+09  4.73085E+09  1.28829E+03  6.51010E+08  8.98438E+08  6.22961E+08  4.16567E+09  5.52095E+09  4.10788E+09
 0.460  10.720   3.484  5.40048E+09  7.28739E+09  5.28697E+09  1.52416E+03  1.00757E+09  1.39543E+09  9.62727E+08  4.39291E+09  5.89196E+09  4.32424E+09
 0.470  11.306   1.889  5.03938E+09  6.83834E+09  4.92841E+09  1.63322E+03  8.50496E+08  1.18064E+09  8.10986E+08  4.18889E+09  5.65770E+09  4.11742E+09
 0.480  10.693   2.458  4.90772E+09  6.68789E+09  4.79020E+09  1.78166E+03  8.67437E+08  1.20776E+09  8.25159E+08  4.04028E+09  5.48012E+09  3.96504E+09
 0.490  12.487   2.479  5.04815E+09  6.90402E+09  4.91877E+09  1.91794E+03  9.56639E+08  1.32917E+09  9.10211E+08  4.09151E+09  5.57485E+09  4.00856E+09
 0.500  11.576   2.204  5.36220E+09  7.31314E+09  5.21845E+09  1.98777E+03  1.08051E+09  1.50497E+09  1.02791E+09  4.28170E+09  5.80817E+09  4.19054E+09
