  37
 0.150   8.000   0.891  4.18706E+09  2.56286E+08  1.18827E+07  1.42528E+07  3.91889E+09  2.93768E+07  6.31793E+06  7.51678E+06  2.40103E+08  3.34878E+08  1.30581E+07  1.56929E+07  4.78901E+09  3.36752E+07  7.00175E+06  8.32808E+06  2.78430E+08
 0.160  10.000   1.323  6.68304E+09  4.64721E+08  1.70301E+07  2.08135E+07  6.20128E+09  1.36351E+07  9.49784E+06  1.15673E+07  3.58492E+08  4.64721E+08  1.70301E+07  2.08135E+07  6.20128E+09  2.43947E+07  1.16536E+07  1.41797E+07  5.32251E+08
 0.170  12.500   1.501  1.09234E+10  1.12529E+09  2.67349E+07  3.26238E+07  9.77132E+09  6.08277E+07  1.60584E+07  1.94555E+07  4.82285E+08  8.04038E+08  2.45136E+07  2.99064E+07  7.75264E+09  8.07602E+07  1.72447E+07  2.08884E+07  6.25532E+08
 0.180  15.250   1.917  1.72074E+10  2.34762E+09  6.81978E+07  7.95894E+07  1.47915E+10  9.73690E+07  2.57888E+07  3.09055E+07  6.32017E+08  1.20522E+09  4.43426E+07  5.29945E+07  8.94634E+09  1.73539E+08  3.09299E+07  3.67233E+07  8.43604E+08
 0.190  17.500   1.990  2.17155E+10  2.91235E+09  1.34685E+08  1.61171E+08  1.86684E+10  7.15379E+07  4.38292E+07  5.27674E+07  8.37036E+08  1.04457E+09  7.16062E+07  8.59535E+07  7.86330E+09  8.67304E+07  4.78731E+07  5.75751E+07  9.80616E+08
 0.200  20.250   2.352  2.74663E+10  3.48685E+09  1.74972E+08  2.16937E+08  2.38045E+10  1.04610E+08  5.02476E+07  6.18882E+07  8.51086E+08  8.73057E+08  7.73615E+07  9.54942E+07  7.37486E+09  1.29236E+08  5.40338E+07  6.65821E+07  1.01570E+09
 0.210  28.750   3.310  7.11383E+10  8.79002E+09  5.41898E+08  6.79226E+08  6.18064E+10  1.28571E+08  6.79795E+07  8.51661E+07  1.58362E+09  1.60164E+09  1.21418E+08  1.52315E+08  1.04630E+10  1.63357E+08  7.12340E+07  8.92108E+07  1.90212E+09
 0.220  34.000   4.176  1.03127E+11  1.22952E+10  9.11409E+08  1.11457E+09  8.99205E+10  5.36050E+08  1.66469E+08  1.96583E+08  2.88939E+09  4.37900E+09  5.85374E+08  7.06286E+08  2.44579E+10  9.45554E+08  1.96315E+08  2.30656E+08  4.17005E+09
 0.230  38.250   5.375  1.27178E+11  1.40916E+10  1.82392E+09  2.20021E+09  1.11263E+11  1.18315E+08  1.77804E+08  2.17748E+08  2.67389E+09  4.10578E+09  1.20043E+09  1.41843E+09  2.21340E+10  9.21262E+08  4.61717E+08  5.43061E+08  5.67011E+09
 0.240  41.000   4.966  1.40339E+11  1.45295E+10  2.31252E+09  2.84023E+09  1.23497E+11  1.36545E+09  7.59410E+08  9.13688E+08  5.02895E+09  4.56946E+09  1.81338E+09  2.20360E+09  2.40458E+10  1.79138E+09  9.95401E+08  1.19869E+09  7.40521E+09
 0.250  43.750   5.810  1.52372E+11  1.44616E+10  2.80778E+09  3.49293E+09  1.35103E+11  1.42810E+09  1.31017E+09  1.60268E+09  6.94096E+09  5.06453E+09  2.37551E+09  2.93683E+09  2.73443E+10  2.54456E+09  1.69381E+09  2.07745E+09  1.16759E+10
 0.250  44.000   5.553  1.52936E+11  1.45133E+10  2.81730E+09  3.50507E+09  1.35606E+11  1.37505E+09  1.12386E+09  1.37598E+09  5.40972E+09  5.38224E+09  2.20648E+09  2.72273E+09  2.60331E+10  2.53717E+09  1.44167E+09  1.76344E+09  8.83810E+09
 0.260  46.500   3.033  1.61566E+11  1.41745E+10  3.79824E+09  4.68752E+09  1.43593E+11  3.08695E+09  2.57341E+09  3.13132E+09  1.00892E+10  5.12570E+09  3.21218E+09  3.94089E+09  2.62739E+10  2.01960E+09  1.98536E+09  2.40300E+09  5.14667E+09
 0.270  48.750   4.371  1.66162E+11  1.26198E+10  5.10740E+09  6.34968E+09  1.48435E+11  9.05522E+08  3.82280E+09  4.69057E+09  1.04993E+10  2.52391E+09  4.49652E+09  5.55710E+09  2.56178E+10  7.93545E+08  3.68810E+09  4.51979E+09  9.08194E+09
 0.280  53.500   5.696  1.96993E+11  1.45265E+10  5.90445E+09  7.52150E+09  1.76562E+11  1.48627E+09  4.18535E+09  5.27299E+09  1.21680E+10  3.19229E+09  4.73924E+09  5.99581E+09  2.50986E+10  1.62798E+09  4.25307E+09  5.36066E+09  1.31469E+10
 0.290  57.250   6.919  2.20471E+11  1.57696E+10  6.30578E+09  8.12111E+09  1.98396E+11  2.09402E+09  4.57776E+09  5.84750E+09  1.36509E+10  3.96429E+09  5.06482E+09  6.48732E+09  2.62634E+10  2.69445E+09  4.77146E+09  6.10027E+09  1.71051E+10
 0.300  60.250   5.663  2.33476E+11  1.70948E+10  6.78633E+09  8.79098E+09  2.09595E+11  2.30918E+09  5.08567E+09  6.53704E+09  1.51026E+10  3.73649E+09  5.54249E+09  7.14216E+09  2.70150E+10  2.13113E+09  5.01579E+09  6.44560E+09  1.39970E+10
 0.310  63.500   3.511  2.48351E+11  1.79113E+10  7.42030E+09  9.64172E+09  2.23020E+11  2.00366E+09  5.69137E+09  7.35030E+09  1.66526E+10  2.80852E+09  6.09586E+09  7.89053E+09  2.86297E+10  1.27591E+09  4.85984E+09  6.25987E+09  7.76536E+09
 0.320  67.000   6.097  2.66309E+11  1.87639E+10  8.02860E+09  1.04929E+10  2.39516E+11  1.76310E+09  6.28879E+09  8.17700E+09  1.77981E+10  2.54914E+09  6.64859E+09  8.66040E+09  2.85727E+10  1.59971E+09  6.18229E+09  8.03473E+09  1.58722E+10
 0.330  69.500   6.316  2.71850E+11  1.85942E+10  8.42830E+09  1.10890E+10  2.44828E+11  1.66598E+09  6.57423E+09  8.62359E+09  1.79658E+10  2.47151E+09  6.88423E+09  9.04033E+09  2.75495E+10  1.50352E+09  6.46196E+09  8.47328E+09  1.60373E+10
 0.340  72.500   7.154  2.82452E+11  1.87166E+10  8.73905E+09  1.15786E+10  2.54996E+11  1.46393E+09  6.85782E+09  9.07089E+09  1.93750E+10  2.30064E+09  7.13826E+09  9.44930E+09  2.82960E+10  1.43255E+09  6.84263E+09  9.05048E+09  1.90657E+10
 0.350  75.000   5.022  2.88243E+11  1.81674E+10  9.65051E+09  1.27083E+10  2.60425E+11  4.02029E+09  7.73919E+09  1.01661E+10  2.20020E+10  5.00599E+09  8.01932E+09  1.05408E+10  3.09902E+10  2.86807E+09  7.21342E+09  9.46645E+09  1.36240E+10
 0.360  77.500   7.965  2.94641E+11  1.68290E+10  1.04306E+10  1.38055E+10  2.67382E+11  2.24928E+09  8.32179E+09  1.09972E+10  2.25621E+10  3.39619E+09  8.62272E+09  1.13957E+10  3.08943E+10  2.36197E+09  8.35690E+09  1.10438E+10  2.33234E+10
 0.370  80.000   8.277  2.99168E+11  1.56820E+10  1.08411E+10  1.44295E+10  2.72645E+11  3.47903E+09  8.79860E+09  1.16845E+10  2.35279E+10  4.42086E+09  9.08635E+09  1.20677E+10  3.09780E+10  3.62691E+09  8.84771E+09  1.17497E+10  2.45528E+10
 0.380  83.750   5.288  3.16837E+11  1.62117E+10  1.17303E+10  1.56057E+10  2.88895E+11  3.50348E+09  9.63002E+09  1.27671E+10  2.56567E+10  3.94124E+09  9.82020E+09  1.30226E+10  3.18357E+10  2.55182E+09  8.92414E+09  1.18225E+10  1.46206E+10
 0.390  87.000   6.627  3.31709E+11  1.67024E+10  1.26797E+10  1.68812E+10  3.02327E+11  3.23107E+09  1.06706E+10  1.41524E+10  2.86570E+10  3.52046E+09  1.08918E+10  1.44535E+10  3.44467E+10  2.75102E+09  1.02549E+10  1.35912E+10  2.02403E+10
 0.400  91.500   6.309  3.57432E+11  1.79570E+10  1.34660E+10  1.80149E+10  3.26009E+11  2.63009E+09  1.16099E+10  1.54831E+10  3.12284E+10  2.82908E+09  1.19953E+10  1.60065E+10  3.53481E+10  1.94541E+09  1.08059E+10  1.43886E+10  1.89851E+10
 0.410  94.250   5.679  3.66072E+11  1.75342E+10  1.40906E+10  1.88903E+10  3.34447E+11  3.13329E+09  1.26008E+10  1.68627E+10  3.36934E+10  3.21295E+09  1.26766E+10  1.69669E+10  3.60582E+10  2.36051E+09  1.14669E+10  1.53164E+10  1.79380E+10
 0.420  97.000   7.817  3.72186E+11  1.66722E+10  1.45700E+10  1.96302E+10  3.40944E+11  2.48389E+09  1.29550E+10  1.74246E+10  3.64799E+10  2.56559E+09  1.30003E+10  1.74866E+10  3.78910E+10  1.97183E+09  1.26069E+10  1.69475E+10  2.78053E+10
 0.430  99.750   7.447  3.78907E+11  1.57692E+10  1.50040E+10  2.02789E+10  3.48134E+11  2.37068E+09  1.35000E+10  1.82396E+10  4.01930E+10  2.37722E+09  1.35040E+10  1.82451E+10  4.03242E+10  1.88042E+09  1.28850E+10  1.73927E+10  2.73146E+10
 0.440 102.250   7.189  3.85416E+11  1.49838E+10  1.53143E+10  2.07854E+10  3.55118E+11  1.96800E+09  1.36432E+10  1.84975E+10  3.65985E+10  1.94289E+09  1.36112E+10  1.84534E+10  3.56251E+10  1.55471E+09  1.29783E+10  1.75799E+10  2.36724E+10
 0.450 105.000   9.187  3.91065E+11  1.41008E+10  1.55110E+10  2.11366E+10  3.61453E+11  1.81530E+09  1.39116E+10  1.89360E+10  3.70114E+10  1.74427E+09  1.38292E+10  1.88216E+10  3.49807E+10  1.62170E+09  1.36832E+10  1.86194E+10  3.16744E+10
 0.460 107.000  10.720  3.90219E+11  1.35088E+10  1.55615E+10  2.13119E+10  3.61148E+11  1.68907E+09  1.39389E+10  1.90725E+10  3.77187E+10  1.54760E+09  1.38360E+10  1.89300E+10  3.48571E+10  1.69287E+09  1.39426E+10  1.90776E+10  3.77986E+10
 0.470 109.250  11.306  3.90656E+11  1.33026E+10  1.55835E+10  2.14298E+10  3.61770E+11  2.52567E+09  1.39976E+10  1.92315E+10  3.90697E+10  2.29539E+09  1.38643E+10  1.90457E+10  3.52061E+10  2.62193E+09  1.40485E+10  1.93023E+10  4.06495E+10
 0.480 111.750  10.693  3.94457E+11  1.30462E+10  1.57436E+10  2.16979E+10  3.65667E+11  2.60312E+09  1.41635E+10  1.95105E+10  4.12101E+10  2.24633E+09  1.39928E+10  1.92740E+10  3.61403E+10  2.45492E+09  1.40996E+10  1.94220E+10  3.91401E+10
 0.490 114.500  12.487  4.00569E+11  1.28950E+10  1.58464E+10  2.18924E+10  3.71828E+11  3.33503E+09  1.46334E+10  2.02085E+10  4.75693E+10  2.77345E+09  1.44095E+10  1.99003E+10  4.08671E+10  3.66696E+09  1.47579E+10  2.03799E+10  5.22631E+10
 0.500 117.000  11.576  4.04428E+11  1.25865E+10  1.61508E+10  2.23044E+10  3.75690E+11  3.68302E+09  1.48253E+10  2.04576E+10  4.65203E+10  3.10724E+09  1.44846E+10  1.99903E+10  3.81694E+10  3.63940E+09  1.48053E+10  2.04300E+10  4.59162E+10
