  37
 0.150 -1.11783E-01 -6.92509E-02  2.34230E-01  1.31681E+00 -2.98130E+00  1.99112E+01   0.891  3.36752E+07  3.51092E+07  7.00175E+06  0.00000E+00  2.78430E+08  3.64833E-02  2.76601E+02   7.125   6.928
 0.160 -4.04137E-03  3.22734E-01  3.85780E-01  3.91006E+00 -1.50691E+01 -1.02482E+00   1.323  2.43947E+07  2.60430E+07  1.16536E+07  2.15849E+06  5.32251E+08  1.73143E-02  3.11207E+02   7.169   7.039
 0.170  1.43395E-01  3.09606E-01 -1.21633E-01  3.35897E+00 -1.83791E+01 -2.85953E+01   1.501  8.07602E+07  8.17900E+07  1.72447E+07  2.89209E+06  6.25532E+08  6.27020E-02  3.13006E+02   7.211   7.133
 0.180 -2.32463E-01  4.77017E-01 -4.39971E-01 -2.38890E+01 -2.62398E+01  1.11679E+00   1.917  1.73539E+08  1.75828E+08  3.09299E+07  3.85772E+06  8.43604E+08  1.76090E-01  2.65194E+02   7.291   7.147
 0.190  1.58887E-01  4.37579E-01 -2.06694E-01  3.81490E+00 -8.63592E+00  2.20236E+00   1.990  8.67304E+07  9.52002E+07  4.78731E+07  6.33606E+06  9.80616E+08  1.88521E-01  2.75176E+02   7.537   7.271
 0.200 -7.95632E-02 -5.69332E-01 -2.39154E-01 -2.07746E+00 -3.65155E+01 -9.41746E+00   2.352  1.29236E+08  1.23190E+08  5.40338E+07  8.77766E+06  1.01570E+09  8.32026E-02  3.46871E+02   7.510   7.313
 0.210 -1.50667E-01 -7.65861E-01 -7.88884E-02 -7.49933E+00  1.08487E+01 -1.31515E+00   3.310  1.63357E+08  1.37639E+08  7.12340E+07  1.72075E+07  1.90212E+09  7.02523E-02  4.28985E+02   7.484   7.310
 0.220  1.67044E-01 -1.66663E+00  1.27536E+00  4.40794E+01  3.57702E+01  5.02607E+01   4.176  9.45554E+08  9.69801E+08  1.96315E+08  2.54283E+07  4.17005E+09  1.71357E+00  2.41638E+02   7.618   7.444
 0.230  2.34428E-01  3.59348E+00 -1.62988E+00 -1.17086E+01  7.55296E+00  5.92872E+00   5.375  9.21262E+08  1.07135E+09  4.61717E+08  5.05389E+07  5.67011E+09  3.06873E+00  1.98390E+02   7.996   7.731
 0.240 -2.95359E-01 -1.68558E+00  8.87949E-01  8.87204E+01 -5.49233E+01 -3.14499E+01   4.966  1.79138E+09  1.91318E+09  9.95401E+08  2.69602E+08  7.40521E+09  3.89628E+00  2.60882E+02   7.958   7.818
 0.250  1.78362E-01  1.46423E-01  8.06152E-01 -6.68142E+00 -1.58219E+01  2.77543E+00   5.810  2.54456E+09  2.62394E+09  1.69381E+09  5.79436E+08  1.16759E+10  3.95441E+00  3.15653E+02   8.007   7.868
 0.250 -5.59727E-01  7.93774E-01 -2.64915E-01 -4.60621E+01 -1.46439E+01  7.21565E+00   5.553  2.53717E+09  2.60485E+09  1.44167E+09  4.37273E+08  8.83810E+09  3.58790E+00  3.03607E+02   7.972   7.882
 0.260 -4.05626E-01  6.90128E-02  9.16034E-02 -1.02604E+01 -4.99491E-01 -1.46535E+01   3.033  2.01960E+09  2.56079E+09  1.98536E+09  4.14814E+08  5.14667E+09  9.77414E+00  2.94764E+02   8.212   8.000
 0.270  1.00960E-01 -5.41840E-02 -4.81293E-02  3.88147E+00  6.80799E+00 -2.80538E+00   4.371  7.93545E+08  1.62286E+09  3.68810E+09  7.14634E+08  9.08194E+09  7.73615E+00  3.20971E+02   8.642   8.270
 0.280 -2.78132E-01 -7.76549E-02 -7.96987E-03  2.60203E+00 -3.97498E+00  1.73208E+00   5.696  1.62798E+09  1.70402E+09  4.25307E+09  9.54112E+08  1.31469E+10  3.00694E+00  4.47562E+02   8.284   8.345
 0.290 -3.96706E-01  4.60685E-01  1.84236E-01 -2.62080E+01 -7.67417E+00 -6.50595E+00   6.919  2.69445E+09  2.69537E+09  4.77146E+09  1.11316E+09  1.71051E+10  3.60189E+00  5.60528E+02   8.167   8.354
 0.300 -3.47111E-01  7.23586E-03 -1.43310E-02 -1.89443E+00 -5.43520E+01  2.70660E+01   5.663  2.13113E+09  2.34583E+09  5.01579E+09  9.60231E+08  1.39970E+10  4.53066E+00  6.28242E+02   8.237   8.382
 0.310 -2.07597E-01 -2.20298E-01  1.55568E-01  1.61262E+01 -8.51083E+00  1.56287E+01   3.511  1.27591E+09  1.61672E+09  4.85984E+09  6.40331E+08  7.76536E+09  4.61960E+00  6.68103E+02   8.361   8.433
 0.320 -5.80377E-02  4.37777E-01  2.13027E-01 -5.77260E-01 -4.96984E+01 -5.12233E+00   6.097  1.59971E+09  1.83277E+09  6.18229E+09  1.09190E+09  1.58722E+10  4.02373E+00  7.78614E+02   8.326   8.410
 0.330 -6.71773E-01  3.44037E-01  3.98244E-02 -3.36285E+01 -1.43520E+01 -1.35603E+01   6.316  1.50352E+09  1.55303E+09  6.46196E+09  1.08137E+09  1.60373E+10  2.69766E+00  8.78526E+02   8.266   8.428
 0.340 -7.92594E-01  3.25437E-01  2.20219E-01 -4.72086E+01 -2.36415E+01 -3.22887E+01   7.154  1.43255E+09  1.42118E+09  6.84263E+09  1.20258E+09  1.90657E+10  1.93283E+00  1.00118E+03   8.223   8.430
 0.350  7.82057E-02  1.63200E-01 -1.16382E-02 -7.44687E+00  2.98493E+01  2.62203E+01   5.022  2.86807E+09  3.41672E+09  7.21342E+09  9.81161E+08  1.36240E+10  1.12260E+01  1.01574E+03   8.175   8.433
 0.360  1.41371E+00  1.30590E+00  2.47993E-01 -1.54179E+01  3.50956E+01 -1.58069E+01   7.965  2.36197E+09  2.31914E+09  8.35690E+09  1.32901E+09  2.33234E+10  1.70142E+00  1.10084E+03   8.205   8.420
 0.370 -1.52885E+00  3.84924E-01  6.19877E-02  6.51290E+00 -4.06208E+01 -1.98802E+01   8.277  3.62691E+09  3.64514E+09  8.84771E+09  1.42718E+09  2.45528E+10  4.12960E+00  1.19644E+03   8.161   8.416
 0.380  2.75395E-01  2.24522E-01 -4.30771E-02  4.82467E+00  4.61362E+01  1.42935E+01   5.288  2.55182E+09  3.02015E+09  8.92414E+09  1.04478E+09  1.46206E+10  8.53937E+00  1.22304E+03   8.296   8.434
 0.390  2.83184E-01 -2.88193E-01 -4.20936E-01  2.74095E+01  6.85123E+00 -6.40123E+00   6.627  2.75102E+09  3.11830E+09  1.02549E+10  1.29638E+09  2.02403E+10  6.95463E+00  1.27116E+03   8.371   8.424
 0.400  3.00038E-02  1.59342E-02 -1.34461E-01  5.59734E+00  9.88209E+00  6.09780E+00   6.309  1.94541E+09  2.23047E+09  1.08059E+10  1.28227E+09  1.89851E+10  4.53281E+00  1.34543E+03   8.433   8.430
 0.410 -4.61412E-01  1.55468E-01  2.81856E-01  1.51071E+01 -2.76366E+01 -1.53171E+01   5.679  2.36051E+09  2.64879E+09  1.14669E+10  1.48230E+09  1.79380E+10  6.27208E+00  1.43834E+03   8.408   8.432
 0.420 -2.72121E-01  8.75073E-01  3.79684E-01 -3.92695E+01  2.45683E+01  4.40484E+00   7.817  1.97183E+09  2.02122E+09  1.26069E+10  2.01677E+09  2.78053E+10  2.47469E+00  1.57114E+03   8.376   8.421
 0.430 -4.81629E-01 -2.08567E-01 -4.93560E-01  2.69125E+01 -2.21699E+01 -1.90423E+01   7.447  1.88042E+09  1.98238E+09  1.28850E+10  2.00115E+09  2.73146E+10  3.97879E+00  1.68475E+03   8.381   8.424
 0.440 -2.48457E-01  3.87159E-01  2.80606E-01  1.01924E+01 -9.19303E+00 -3.19708E+00   7.189  1.55471E+09  1.59413E+09  1.29783E+10  1.84265E+09  2.36724E+10  2.48239E+00  1.78587E+03   8.396   8.432
 0.450  3.73076E-01 -7.62984E-01 -5.36087E-01  4.44990E+01  6.50009E+00  2.15613E+01   9.187  1.62170E+09  1.60923E+09  1.36832E+10  2.21902E+09  3.16744E+10  2.18013E+00  1.94024E+03   8.373   8.423
 0.460 -7.84651E-04  1.04259E+00  1.01362E+00  1.33896E+01  2.19270E+01  3.39522E+01  10.720  1.69287E+09  1.52966E+09  1.39426E+10  2.39599E+09  3.77986E+10  5.78226E-01  2.10418E+03   8.288   8.419
 0.470  6.60979E-01 -4.92214E-01 -6.94974E-01  5.48619E+01  5.14004E+00  4.33166E+01  11.306  2.62193E+09  2.42722E+09  1.40485E+10  2.46499E+09  4.06495E+10  9.68988E-01  2.26091E+03   8.195   8.417
 0.480  1.11766E+00 -1.83503E-01  6.67263E-01  2.73042E+01  6.40982E+00  6.40686E+01  10.693  2.45492E+09  2.30897E+09  1.40996E+10  2.42393E+09  3.91401E+10  9.68486E-01  2.39995E+03   8.189   8.418
 0.490 -8.05930E-01  1.47325E+00  6.34657E-01  4.06497E+01 -1.36993E+01 -1.83609E+00  12.487  3.66696E+09  3.47817E+09  1.47579E+10  2.97449E+09  5.22631E+10  1.24940E+00  2.55277E+03   8.156   8.403
 0.500  1.13303E+00 -5.42626E-01  3.99103E-01  5.14319E+01 -3.20519E+00  3.23309E+01  11.576  3.63940E+09  3.53169E+09  1.48053E+10  2.74914E+09  4.59162E+10  2.72354E+00  2.65499E+03   8.170   8.404
