  37
 0.150          930 -0.94548E-02 -0.17121E-01 -0.12266E-01 -0.99157E+01 -0.28286E+02 -0.13317E+02 -0.74188E-01  0.81668E+00 -0.57231E+00   0.891   0.587
 0.160        56103 -0.79047E-02  0.25077E-01  0.30665E-01 -0.23088E+02  0.61358E+01 -0.22821E+02  0.10198E-01  0.85337E+00 -0.52120E+00   1.323   0.750
 0.170         5104  0.78189E-02 -0.27221E-01  0.57918E-02  0.35317E+01 -0.28369E+01 -0.51938E+01 -0.71112E+00  0.44641E+00  0.54317E+00   1.501   0.995
 0.180        69328 -0.14721E-01  0.35729E-01  0.13954E-01  0.19244E+02  0.40311E+02 -0.28455E+02 -0.47776E+00  0.48464E+00  0.73272E+00   1.917   0.972
 0.190        70803  0.38850E-02 -0.61513E-02  0.42088E-02  0.35894E+01 -0.79929E+01  0.16690E+02 -0.99717E+00  0.30123E-01 -0.68911E-01   1.990   1.060
 0.200        34845  0.33051E-01 -0.10051E-01  0.68145E-02 -0.43322E+02 -0.50737E+02 -0.28462E+02 -0.95249E+00  0.29472E+00  0.76898E-01   2.352   1.339
 0.210       112365 -0.42919E-02  0.12339E-01 -0.66167E-02 -0.16291E+02  0.27011E+02  0.38992E+02 -0.31927E+00  0.85590E+00  0.40681E+00   3.310   2.275
 0.220        70054  0.11615E-01 -0.37467E-03  0.15549E-01 -0.40801E+02 -0.17436E+02  0.87151E+02 -0.74858E+00  0.28912E+00  0.59669E+00   4.176   3.087
 0.230       103922  0.27432E-02  0.13324E-01 -0.19594E-01 -0.46956E+01  0.14138E+02  0.12361E+02  0.64114E+00  0.21926E+00  0.73543E+00   5.375   3.184
 0.240       102338 -0.33523E-01  0.89939E-02 -0.63366E-02  0.30044E+02 -0.15435E+02  0.36775E+01  0.54309E+00 -0.16757E-01  0.83951E+00   4.966   3.249
 0.250       123115 -0.24694E-01  0.12986E-01  0.85152E-02  0.10231E+02  0.23353E+02 -0.38540E+02 -0.23410E+00 -0.88145E+00  0.41017E+00   5.810   3.029
 0.250       216529 -0.37041E-01 -0.43002E-01 -0.49176E-01 -0.26652E+02  0.15490E+02  0.65261E+02 -0.31200E+00 -0.52968E+00  0.78873E+00   5.553   3.764
 0.260       299475 -0.10184E-01 -0.22139E-03  0.17711E-02  0.13538E+02 -0.22209E+02 -0.85351E+02 -0.34387E+00 -0.13912E+00  0.92866E+00   3.033   1.686
 0.270       330728  0.64377E-02  0.45984E-03  0.13795E-02 -0.64263E+02 -0.38341E+02  0.14687E+02  0.12707E+00  0.67407E-01  0.98960E+00   4.371   1.613
 0.280       390536  0.14307E-02  0.23845E-03  0.23845E-02  0.91734E+02  0.10605E+02  0.64859E+02 -0.42650E-01 -0.13516E-01  0.99900E+00   5.696   2.660
 0.290       432390  0.98790E-03 -0.27167E-02  0.49395E-03  0.18005E+03  0.30137E+02 -0.52797E+02 -0.13745E+00  0.11144E+00  0.98422E+00   6.919   2.599
 0.300       365485 -0.40887E-02 -0.20443E-02 -0.10222E-02  0.43753E+02 -0.19805E+02 -0.36216E+02 -0.74486E-01  0.46538E+00  0.88197E+00   5.663   2.140
 0.310       394521  0.00000E+00 -0.52795E-03 -0.52795E-03  0.55286E+01 -0.62943E+02 -0.81070E+01 -0.14247E+00  0.40823E+00  0.90169E+00   3.511   1.061
 0.320       357831 -0.27255E-02  0.81764E-03  0.27255E-02 -0.19787E+02 -0.34802E+02  0.57436E+02 -0.36637E-01 -0.20719E+00  0.97761E+00   6.097   2.343
 0.330       349919 -0.39340E-02  0.00000E+00 -0.16860E-02 -0.13709E+02  0.29141E+02 -0.37701E+02 -0.44885E+00 -0.43793E+00  0.77894E+00   6.316   3.103
 0.340       355301  0.11584E-02 -0.28959E-02 -0.28959E-03  0.92409E+02  0.89769E+02  0.29489E+02 -0.50109E+00 -0.38983E+00  0.77262E+00   7.154   3.846
 0.350      1055198 -0.11923E-02 -0.11923E-02 -0.20865E-02 -0.44587E+02 -0.15520E+03  0.26740E+03  0.19284E+00  0.54132E+00  0.81841E+00   5.022   1.918
 0.360       898990 -0.61314E-03  0.12263E-02 -0.12263E-02 -0.46375E+01  0.25342E+03 -0.46800E+01 -0.49194E-01  0.25855E-01  0.99845E+00   7.965   2.636
 0.370      1385967  0.63028E-03  0.15757E-02  0.18908E-02  0.71992E+02  0.14750E+02 -0.49330E+02 -0.39379E-01 -0.16974E+00  0.98470E+00   8.277   2.891
 0.380      1167125  0.00000E+00  0.64733E-03 -0.29130E-02 -0.27416E+02 -0.70496E+02 -0.60028E+02  0.10466E+00 -0.18470E+00  0.97721E+00   5.288   1.009
 0.390      1774666 -0.66436E-03  0.00000E+00 -0.36540E-02  0.10556E+03 -0.24735E+01  0.10498E+02  0.19475E+00 -0.57477E+00  0.79480E+00   6.627   1.426
 0.400      1665720  0.68136E-03 -0.68136E-03 -0.20441E-02 -0.14850E+03  0.89816E+02  0.16521E+02  0.24582E+00 -0.62420E+00  0.74158E+00   6.309   1.635
 0.410      1671301 -0.69834E-03  0.20950E-02 -0.69834E-03  0.12719E+03  0.72028E+02 -0.39483E+02  0.21300E+00 -0.64471E+00  0.73415E+00   5.679   1.024
 0.420       355155 -0.14308E-02 -0.71542E-03  0.21463E-02 -0.32173E+02 -0.30700E+02 -0.37869E+02 -0.10371E+00 -0.61855E+00  0.77887E+00   7.817   2.050
 0.430      2289872  0.29302E-02 -0.14651E-02  0.73255E-03  0.42111E+02 -0.78565E+02  0.73819E+02 -0.26894E+00 -0.76129E+00  0.59002E+00   7.447   1.694
 0.440      2550039  0.74935E-03 -0.14987E-02 -0.74935E-03 -0.66041E+02 -0.88919E+02  0.45538E+02 -0.17889E+00 -0.71139E+00  0.67965E+00   7.189   1.296
 0.450      2454967 -0.45984E-02  0.22992E-02  0.30656E-02 -0.72075E+01  0.64572E+02  0.96001E+02 -0.27008E+00 -0.67481E+00  0.68679E+00   9.187   1.191
 0.460       360368 -0.23507E-02 -0.39179E-02  0.00000E+00 -0.34977E+02  0.80689E+01  0.65022E+01 -0.32847E+00 -0.67883E+00  0.65673E+00  10.720   3.484
 0.470      1010880  0.40024E-02 -0.32019E-02  0.80048E-03  0.12064E+03 -0.17912E+03 -0.23047E+02 -0.31517E+00 -0.74727E+00  0.58502E+00  11.306   1.889
 0.480      2581054 -0.81760E-03 -0.32704E-02  0.81760E-03 -0.14211E+02 -0.10078E+03  0.13229E+02 -0.44557E+00 -0.75417E+00  0.48239E+00  10.693   2.458
 0.490      4108938  0.00000E+00 -0.83461E-03 -0.83461E-03  0.39935E+02 -0.10507E+03  0.88090E+02 -0.55454E+00 -0.62193E+00  0.55289E+00  12.487   2.479
 0.500      2534381  0.51096E-02 -0.85160E-03  0.42580E-02 -0.10649E+03  0.98900E+02  0.56249E+02 -0.48597E+00 -0.55569E+00  0.67456E+00  11.576   2.204
