  37
 0.150  3.76152E+07  7.83810E+06  9.33339E+06  3.62725E+07  2.69595E+06  3.28396E+08  3.92040E-02
 0.160  1.36351E+07  9.49784E+06  1.15673E+07  1.30916E+07  2.18782E+06  3.58492E+08  1.19323E-02
 0.170  3.79314E+07  1.37786E+07  1.67129E+07  3.60468E+07  3.80897E+06  3.44026E+08  4.63567E-02
 0.180  3.36000E+07  1.50338E+07  1.84346E+07  3.23199E+07  2.49976E+06  3.38539E+08  2.57679E-02
 0.190  3.44003E+07  2.75237E+07  3.31881E+07  3.21653E+07  1.00317E+07  3.88838E+08  1.26126E-01
 0.200  4.50025E+07  2.95686E+07  3.63616E+07  4.27707E+07  3.97355E+06  3.36544E+08  5.90633E-02
 0.210  4.01107E+07  3.33529E+07  4.16928E+07  3.84857E+07  2.65560E+06  3.60238E+08  3.55477E-02
 0.220  1.94317E+07  4.40117E+07  5.50826E+07  1.73343E+07  5.76111E+06  4.40633E+08  6.43933E-02
 0.230  9.45887E+05  2.30066E+07  2.91427E+07  4.75719E+05  1.50505E+06  1.90387E+08  7.57061E-03
 0.240  2.54689E+07  3.13698E+07  4.02154E+07  2.39571E+07  4.40406E+05  2.57978E+08  6.68312E-03
 0.250  4.40814E+07  9.60007E+07  1.17833E+08  4.05891E+07  2.00863E+07  2.99298E+08  2.86696E-01
 0.250  9.38505E+06  2.80232E+07  3.48218E+07  7.76079E+06  2.28277E+06  1.03840E+08  1.54485E-02
 0.260  7.26011E+08  5.87970E+08  6.83171E+08  7.10545E+08  3.47713E+08  6.16055E+08  5.78091E+00
 0.270  2.95351E+08  1.73410E+09  2.05891E+09  2.88419E+08  7.81216E+08  8.55659E+08  7.09470E+00
 0.280  1.82979E+08  1.86500E+09  2.29751E+09  1.78295E+08  1.89940E+08  8.70707E+08  2.11710E+00
 0.290  1.61580E+08  1.88494E+09  2.37165E+09  1.57024E+08  1.27179E+08  8.44685E+08  1.39197E+00
 0.300  2.44216E+08  2.08161E+09  2.64611E+09  2.38442E+08  1.77044E+08  9.42040E+08  1.88245E+00
 0.310  3.65059E+08  2.24678E+09  2.86554E+09  3.57398E+08  2.65552E+08  9.96163E+08  3.06839E+00
 0.320  3.24181E+08  2.49160E+09  3.19351E+09  3.16716E+08  2.56131E+08  9.95664E+08  2.64524E+00
 0.330  1.87805E+08  2.39230E+09  3.09350E+09  1.81212E+08  1.41219E+08  9.04378E+08  1.85192E+00
 0.340  1.31219E+08  2.56927E+09  3.35144E+09  1.26836E+08  1.26543E+08  9.11362E+08  1.40656E+00
 0.350  6.51217E+08  2.94523E+09  3.82046E+09  6.38828E+08  3.47642E+08  1.05120E+09  5.36319E+00
 0.360  8.72155E+07  2.82984E+09  3.68350E+09  8.37913E+07  1.25117E+08  9.26742E+08  7.82311E-01
 0.370  1.30548E+08  2.62090E+09  3.45232E+09  1.26017E+08  8.76386E+07  9.17514E+08  9.45422E-01
 0.380  2.23863E+08  2.78542E+09  3.68067E+09  2.17134E+08  1.39799E+08  9.66482E+08  1.84667E+00
 0.390  1.23885E+08  2.99527E+09  3.96435E+09  1.18420E+08  1.35021E+08  9.68228E+08  1.22864E+00
 0.400  1.17550E+08  2.71312E+09  3.62400E+09  1.13265E+08  5.03733E+07  8.99390E+08  5.44746E-01
 0.410  1.75939E+08  3.02778E+09  4.05127E+09  1.70988E+08  8.41502E+07  9.70141E+08  1.05146E+00
 0.420  7.76720E+07  3.03759E+09  4.07477E+09  7.41694E+07  5.90888E+07  9.24248E+08  5.62026E-01
 0.430  1.51774E+08  3.10899E+09  4.19263E+09  1.46342E+08  5.37822E+07  9.74713E+08  7.22457E-01
 0.440  8.42508E+07  3.07698E+09  4.16016E+09  7.99031E+07  4.94682E+07  9.22585E+08  5.23630E-01
 0.450  6.29318E+07  2.78702E+09  3.78037E+09  5.96955E+07  3.98367E+07  9.16017E+08  3.97023E-01
 0.460  2.83538E+07  2.76024E+09  3.75515E+09  2.65081E+07  1.38822E+07  8.02783E+08  1.26762E-01
 0.470  4.72290E+07  2.93453E+09  4.00887E+09  4.48392E+07  7.84065E+06  8.47262E+08  9.38206E-02
 0.480  1.90788E+07  2.44798E+09  3.35246E+09  1.70417E+07  1.40224E+07  7.65038E+08  1.28824E-01
 0.490  1.49256E+07  2.66172E+09  3.65518E+09  1.37054E+07  3.45779E+06  8.51752E+08  4.01182E-02
 0.500  9.51774E+06  2.13184E+09  2.93084E+09  8.29883E+06  2.37059E+06  6.96117E+08  2.71416E-02
