  37
 0.150  8.00000E+00  4.18706E+09  4.74399E+01
 0.160  1.00000E+01  6.68304E+09  5.36069E+01
 0.170  1.25000E+01  1.09234E+10  6.12995E+01
 0.180  1.52500E+01  1.72074E+10  6.96557E+01
 0.190  1.75000E+01  2.17155E+10  7.30466E+01
 0.200  2.02500E+01  2.74663E+10  7.63698E+01
 0.210  2.87500E+01  7.11383E+10  1.03149E+02
 0.220  3.40000E+01  1.03127E+11  1.14204E+02
 0.230  3.82500E+01  1.27178E+11  1.19571E+02
 0.240  4.10000E+01  1.40339E+11  1.21320E+02
 0.250  4.37500E+01  1.52372E+11  1.22377E+02
 0.250  4.40000E+01  1.52936E+11  1.22254E+02
 0.260  4.65000E+01  1.61566E+11  1.22231E+02
 0.270  4.87500E+01  1.66162E+11  1.21063E+02
 0.280  5.35000E+01  1.96993E+11  1.25830E+02
 0.290  5.72500E+01  2.20471E+11  1.28683E+02
 0.300  6.02500E+01  2.33476E+11  1.29085E+02
 0.310  6.35000E+01  2.48351E+11  1.29682E+02
 0.320  6.70000E+01  2.66309E+11  1.30734E+02
 0.330  6.95000E+01  2.71850E+11  1.29690E+02
 0.340  7.25000E+01  2.82452E+11  1.29431E+02
 0.350  7.50000E+01  2.88243E+11  1.28553E+02
 0.360  7.75000E+01  2.94641E+11  1.27859E+02
 0.370  8.00000E+01  2.99168E+11  1.26808E+02
 0.380  8.37500E+01  3.16837E+11  1.27544E+02
 0.390  8.70000E+01  3.31709E+11  1.28042E+02
 0.400  9.15000E+01  3.57432E+11  1.29605E+02
 0.410  9.42500E+01  3.66072E+11  1.29234E+02
 0.420  9.70000E+01  3.72186E+11  1.28448E+02
 0.430  9.97500E+01  3.78907E+11  1.27804E+02
 0.440  1.02250E+02  3.85416E+11  1.27312E+02
 0.450  1.05000E+02  3.91065E+11  1.26551E+02
 0.460  1.07000E+02  3.90219E+11  1.25227E+02
 0.470  1.09250E+02  3.90656E+11  1.24000E+02
 0.480  1.11750E+02  3.94457E+11  1.23200E+02
 0.490  1.14500E+02  4.00569E+11  1.22651E+02
 0.500  1.17000E+02  4.04428E+11  1.21916E+02
