  37
 0.150   0.891  7.00175E+06  8.32808E+06  6.90200E+06  2.76601E+02  0.00000E+00  0.00000E+00  0.00000E+00  7.00175E+06  8.32808E+06  6.90200E+06
 0.160   1.323  1.16536E+07  1.41797E+07  1.14853E+07  3.11207E+02  2.15849E+06  2.69120E+06  2.11693E+06  9.49510E+06  1.14885E+07  9.36839E+06
 0.170   1.501  1.72447E+07  2.08884E+07  1.70136E+07  3.13006E+02  2.89209E+06  3.64335E+06  2.82774E+06  1.43526E+07  1.72451E+07  1.41858E+07
 0.180   1.917  3.09299E+07  3.67233E+07  3.06110E+07  2.65194E+02  3.85772E+06  4.89972E+06  3.76342E+06  2.70722E+07  3.18235E+07  2.68476E+07
 0.190   1.990  4.78731E+07  5.75751E+07  4.74118E+07  2.75176E+02  6.33606E+06  8.03823E+06  6.19110E+06  4.15370E+07  4.95369E+07  4.12207E+07
 0.200   2.352  5.40338E+07  6.65821E+07  5.34305E+07  3.46871E+02  8.77766E+06  1.10868E+07  8.61371E+06  4.52562E+07  5.54953E+07  4.48168E+07
 0.210   3.310  7.12340E+07  8.92108E+07  7.03054E+07  4.28985E+02  1.72075E+07  2.19481E+07  1.68885E+07  5.40264E+07  6.72626E+07  5.34169E+07
 0.220   4.176  1.96315E+08  2.30656E+08  1.95010E+08  2.41638E+02  2.54283E+07  3.26014E+07  2.49416E+07  1.70886E+08  1.98055E+08  1.70069E+08
 0.230   5.375  4.61717E+08  5.43061E+08  4.59544E+08  1.98390E+02  5.05389E+07  6.48140E+07  4.96632E+07  4.11179E+08  4.78247E+08  4.09881E+08
 0.240   4.966  9.95401E+08  1.19869E+09  9.89530E+08  2.60882E+02  2.69602E+08  3.42009E+08  2.65940E+08  7.25799E+08  8.56680E+08  7.23590E+08
 0.250   5.810  1.69381E+09  2.07745E+09  1.68253E+09  3.15653E+02  5.79436E+08  7.38589E+08  5.72244E+08  1.11437E+09  1.33886E+09  1.11029E+09
 0.250   5.553  1.44167E+09  1.76344E+09  1.43251E+09  3.03607E+02  4.37273E+08  5.55764E+08  4.31815E+08  1.00440E+09  1.20767E+09  1.00069E+09
 0.260   3.033  1.98536E+09  2.40300E+09  1.97392E+09  2.94764E+02  4.14814E+08  5.34874E+08  4.09186E+08  1.57054E+09  1.86813E+09  1.56474E+09
 0.270   4.371  3.68810E+09  4.51979E+09  3.66579E+09  3.20971E+02  7.14634E+08  9.23702E+08  7.03655E+08  2.97346E+09  3.59609E+09  2.96214E+09
 0.280   5.696  4.25307E+09  5.36066E+09  4.21794E+09  4.47562E+02  9.54112E+08  1.24659E+09  9.37809E+08  3.29896E+09  4.11407E+09  3.28013E+09
 0.290   6.919  4.77146E+09  6.10027E+09  4.72276E+09  5.60528E+02  1.11316E+09  1.46971E+09  1.09137E+09  3.65830E+09  4.63056E+09  3.63139E+09
 0.300   5.663  5.01579E+09  6.44560E+09  4.96036E+09  6.28242E+02  9.60231E+08  1.27832E+09  9.38993E+08  4.05556E+09  5.16727E+09  4.02137E+09
 0.310   3.511  4.85984E+09  6.25987E+09  4.80594E+09  6.68103E+02  6.40331E+08  8.58588E+08  6.24260E+08  4.21951E+09  5.40128E+09  4.18168E+09
 0.320   6.097  6.18229E+09  8.03473E+09  6.10321E+09  7.78614E+02  1.09190E+09  1.46697E+09  1.06353E+09  5.09039E+09  6.56776E+09  5.03969E+09
 0.330   6.316  6.46196E+09  8.47328E+09  6.36996E+09  8.78526E+02  1.08137E+09  1.46088E+09  1.05076E+09  5.38059E+09  7.01240E+09  5.31919E+09
 0.340   7.154  6.84263E+09  9.05048E+09  6.73257E+09  1.00118E+03  1.20258E+09  1.63182E+09  1.16598E+09  5.64005E+09  7.41866E+09  5.56660E+09
 0.350   5.022  7.21342E+09  9.46645E+09  7.09663E+09  1.01574E+03  9.81161E+08  1.33744E+09  9.48488E+08  6.23226E+09  8.12901E+09  6.14814E+09
 0.360   7.965  8.35690E+09  1.10438E+10  8.20906E+09  1.10084E+03  1.32901E+09  1.81049E+09  1.28359E+09  7.02789E+09  9.23329E+09  6.92547E+09
 0.370   8.277  8.84771E+09  1.17497E+10  8.67878E+09  1.19644E+03  1.42718E+09  1.94723E+09  1.37667E+09  7.42052E+09  9.80250E+09  7.30211E+09
 0.380   5.288  8.92414E+09  1.18225E+10  8.75201E+09  1.22304E+03  1.04478E+09  1.43424E+09  1.00366E+09  7.87936E+09  1.03883E+10  7.74835E+09
 0.390   6.627  1.02549E+10  1.35912E+10  1.00487E+10  1.27116E+03  1.29638E+09  1.78097E+09  1.24413E+09  8.95851E+09  1.18102E+10  8.80460E+09
 0.400   6.309  1.08059E+10  1.43886E+10  1.05774E+10  1.34543E+03  1.28227E+09  1.76743E+09  1.22716E+09  9.52365E+09  1.26211E+10  9.35028E+09
 0.410   5.679  1.14669E+10  1.53164E+10  1.12048E+10  1.43834E+03  1.48230E+09  2.04300E+09  1.41591E+09  9.98459E+09  1.32734E+10  9.78892E+09
 0.420   7.817  1.26069E+10  1.69475E+10  1.22901E+10  1.57114E+03  2.01677E+09  2.78209E+09  1.92544E+09  1.05901E+10  1.41654E+10  1.03646E+10
 0.430   7.447  1.28850E+10  1.73927E+10  1.25382E+10  1.68475E+03  2.00115E+09  2.76752E+09  1.90548E+09  1.08838E+10  1.46252E+10  1.06327E+10
 0.440   7.189  1.29783E+10  1.75799E+10  1.26066E+10  1.78587E+03  1.84265E+09  2.55360E+09  1.74918E+09  1.11356E+10  1.50263E+10  1.08574E+10
 0.450   9.187  1.36832E+10  1.86194E+10  1.32537E+10  1.94024E+03  2.21902E+09  3.07996E+09  2.10325E+09  1.14642E+10  1.55394E+10  1.11505E+10
 0.460  10.720  1.39426E+10  1.90776E+10  1.34691E+10  2.10418E+03  2.39599E+09  3.33233E+09  2.26639E+09  1.15466E+10  1.57453E+10  1.12027E+10
 0.470  11.306  1.40485E+10  1.93023E+10  1.35393E+10  2.26091E+03  2.46499E+09  3.43394E+09  2.32700E+09  1.15835E+10  1.58684E+10  1.12123E+10
 0.480  10.693  1.40996E+10  1.94220E+10  1.35588E+10  2.39995E+03  2.42393E+09  3.38184E+09  2.28241E+09  1.16757E+10  1.60402E+10  1.12764E+10
 0.490  12.487  1.47579E+10  2.03799E+10  1.41592E+10  2.55277E+03  2.97449E+09  4.14572E+09  2.80572E+09  1.17834E+10  1.62342E+10  1.13535E+10
 0.500  11.576  1.48053E+10  2.04300E+10  1.41757E+10  2.65499E+03  2.74914E+09  3.83770E+09  2.58397E+09  1.20562E+10  1.65923E+10  1.15917E+10
