  39
 0.120   0.562   0.500  3.52810E-03  4.55446E-03  2.10758E-03
 0.130   0.638   0.500  5.42268E-05  2.31959E-05  4.11158E-04
 0.140   0.900   0.500  6.38174E-05  0.00000E+00  1.13447E-04
 0.150   1.086   0.657  1.34154E-02  1.14781E-02  1.18450E-02
 0.160   1.000   0.617  7.45026E-02  8.81791E-02  5.01648E-02
 0.170   1.474   0.913  9.65621E-03  1.15008E-02  1.39332E-02
 0.180   1.675   1.220  9.36429E-02  1.06250E-01  7.39025E-02
 0.190   1.891   0.898  2.46579E-01  3.15241E-01  1.49458E-01
 0.200   1.308   0.503  8.38069E-01  7.52681E-01  1.10535E+00
 0.210   1.919   1.173  1.26024E-01  1.52498E-01  9.02103E-02
 0.220   2.095   0.536  2.07512E+00  2.02004E+00  1.98215E+00
 0.230   2.029   0.819  4.40367E+00  3.95027E+00  4.04847E+00
 0.240   2.059   0.570  3.29349E+00  3.56735E+00  2.79009E+00
 0.250   2.518   0.590  3.91108E+00  3.59296E+00  3.59112E+00
 0.260   1.618   0.500  5.92875E+00  5.56075E+00  5.30642E+00
 0.290   4.427   0.660  1.52565E+00  1.53763E+00  1.56892E+00
 0.310   4.538   0.578  1.39247E+00  1.48475E+00  1.26696E+00
 0.330   4.022   0.788  1.89555E+00  2.06189E+00  1.61105E+00
 0.360   4.428   0.622  1.43901E+00  1.43167E+00  1.36408E+00
 0.370   6.055   0.906  8.77484E-01  8.18886E-01  1.17568E+00
 0.380   7.334   0.732  1.01352E+00  9.89970E-01  1.05930E+00
 0.390   5.630   0.712  7.72458E-01  7.54463E-01  9.17604E-01
 0.401   5.539   0.796  7.47161E-01  7.55257E-01  8.35776E-01
 0.410   4.642   0.596  1.01272E+00  1.00051E+00  1.10385E+00
 0.420   4.462   0.855  8.94524E-01  8.34514E-01  1.10006E+00
 0.440   3.657   0.539  2.30902E+00  2.23125E+00  2.52600E+00
 0.451   9.232   1.561  2.00253E-02  1.23309E-02  3.06210E-02
 0.470   5.540   1.235  2.48824E-01  2.53144E-01  2.61687E-01
 0.480   4.725   0.730  4.34066E-01  4.48962E-01  4.06488E-01
 0.490   8.676   1.342  7.55470E-01  7.78076E-01  6.66332E-01
 0.500   7.552   1.009  8.01894E-01  7.78141E-01  7.82438E-01
 0.520   3.173   0.768  1.28004E+00  1.31586E+00  1.21321E+00
 0.530   2.300   0.678  9.99593E-01  1.03860E+00  9.40359E-01
 0.540   3.110   0.774  6.49464E-01  6.31518E-01  6.83249E-01
 0.550   3.307   0.740  4.34383E-01  4.06188E-01  4.64473E-01
 0.561   3.541   0.636  2.45981E-01  2.37812E-01  2.50479E-01
 0.570   3.195   0.774  2.59544E-01  2.67966E-01  2.33353E-01
 0.580   3.419   0.500  2.32458E-01  2.24990E-01  2.35851E-01
 0.590   8.147   1.044  6.41477E-03  6.22711E-03  7.42865E-03
