  39
 0.120   3.750   0.562  8.40466E+08  4.60279E+07  7.78356E+06  9.25071E+06  7.86654E+08  8.23684E+06  2.19829E+06  2.53300E+06  4.88022E+07  1.90151E+08  7.93456E+06  9.43164E+06  1.50223E+09  1.11223E+07  2.96705E+06  3.43521E+06  9.11195E+07
 0.130   4.250   0.638  9.93118E+08  4.75791E+07  9.06939E+06  1.10232E+07  9.36470E+08  8.34567E+05  3.18734E+06  3.82852E+06  5.27928E+07  2.49079E+08  9.96416E+06  1.21285E+07  2.17548E+09  2.67552E+06  4.62173E+06  5.58137E+06  1.01928E+08
 0.140   6.000   0.900  2.27608E+09  1.65794E+08  1.07944E+07  1.32342E+07  2.09949E+09  2.41143E+06  4.80942E+06  5.94497E+06  1.01678E+08  3.73820E+08  1.19197E+07  1.45952E+07  3.09532E+09  7.27798E+06  6.62530E+06  8.19677E+06  1.97786E+08
 0.150   7.750   1.086  3.82885E+09  3.76746E+08  3.15446E+07  3.69772E+07  3.42056E+09  3.09048E+06  1.55518E+07  1.82203E+07  1.71930E+08  4.75383E+08  3.16202E+07  3.70719E+07  3.74031E+09  1.38720E+07  1.75277E+07  2.05960E+07  3.14928E+08
 0.160   9.250   1.000  5.30950E+09  5.40148E+08  6.12320E+07  7.14178E+07  4.70812E+09  6.32359E+07  4.10437E+07  4.73390E+07  2.75188E+08  6.24474E+08  6.45459E+07  7.52414E+07  5.15091E+09  7.00507E+07  4.23204E+07  4.88284E+07  3.06448E+08
 0.170  11.500   1.474  8.59425E+09  9.05779E+08  8.55549E+07  1.03474E+08  7.60291E+09  8.35559E+07  5.50124E+07  6.64024E+07  4.50526E+08  8.06621E+08  8.54997E+07  1.03405E+08  7.16136E+09  1.10328E+08  6.02669E+07  7.27342E+07  6.95369E+08
 0.180  13.750   1.675  1.23589E+10  1.38202E+09  1.38679E+08  1.67729E+08  1.08382E+10  5.88431E+07  9.20238E+07  1.10760E+08  4.85860E+08  9.90491E+08  1.36519E+08  1.65066E+08  7.97820E+09  9.22777E+07  9.50018E+07  1.14386E+08  6.70843E+08
 0.190  19.000   1.891  2.74644E+10  3.08995E+09  5.29241E+08  6.42329E+08  2.38452E+10  4.81783E+08  1.74343E+08  2.05779E+08  1.27243E+09  2.05238E+09  5.27524E+08  6.40140E+08  1.55236E+10  4.79997E+08  1.74250E+08  2.05665E+08  1.26304E+09
 0.200  21.750   1.308  3.46450E+10  3.44731E+09  9.95910E+08  1.20028E+09  3.02018E+10  1.79137E+08  5.37859E+08  6.34568E+08  1.38966E+09  1.94060E+09  9.74455E+08  1.17320E+09  1.55389E+10  1.38701E+08  4.89785E+08  5.77623E+08  6.83979E+08
 0.210  25.500   1.919  4.88674E+10  4.63653E+09  1.48292E+09  1.81381E+09  4.27480E+10  6.61999E+08  9.51383E+08  1.15404E+09  3.34582E+09  2.05307E+09  1.28182E+09  1.56076E+09  1.67810E+10  4.84609E+08  8.06657E+08  9.76519E+08  2.10215E+09
 0.220  28.250   2.095  5.75170E+10  4.80362E+09  2.00874E+09  2.46567E+09  5.07046E+10  4.99411E+08  1.53493E+09  1.87199E+09  4.00344E+09  2.17717E+09  1.90131E+09  2.33143E+09  1.94396E+10  4.03844E+08  1.41743E+09  1.72509E+09  2.67921E+09
 0.230  31.000   2.029  6.69981E+10  4.50224E+09  2.75548E+09  3.38680E+09  5.97404E+10  7.96354E+08  2.19387E+09  2.67882E+09  4.98148E+09  1.95100E+09  2.60589E+09  3.19760E+09  2.27060E+10  5.34181E+08  2.00888E+09  2.44800E+09  2.86154E+09
 0.240  36.000   2.059  9.29531E+10  5.06338E+09  4.34287E+09  5.44008E+09  8.35469E+10  8.56536E+08  2.74323E+09  3.40983E+09  6.31377E+09  1.81357E+09  3.02958E+09  3.77779E+09  2.13269E+10  6.20936E+08  2.45644E+09  3.04550E+09  3.19176E+09
 0.250  39.250   2.518  1.07234E+11  5.32996E+09  4.99832E+09  6.30295E+09  9.69058E+10  9.72368E+08  3.32750E+09  4.16409E+09  8.07331E+09  1.87163E+09  3.58574E+09  4.49969E+09  2.47261E+10  6.30246E+08  3.12613E+09  3.90590E+09  4.68709E+09
 0.260  41.750   1.618  1.14509E+11  5.03952E+09  5.80289E+09  7.35382E+09  1.03667E+11  8.55404E+08  4.06985E+09  5.11480E+09  8.78256E+09  1.77505E+09  4.34233E+09  5.47224E+09  2.61938E+10  5.15576E+08  3.51494E+09  4.40463E+09  2.77208E+09
 0.290  46.500   4.427  1.15180E+11  4.47801E+09  6.84226E+09  8.93259E+09  1.03859E+11  7.77913E+08  6.28087E+09  8.18311E+09  1.17884E+10  1.32942E+09  6.60102E+09  8.60939E+09  2.63675E+10  7.25363E+08  6.25098E+09  8.14363E+09  1.11557E+10
 0.310  49.500   4.538  1.16166E+11  5.08888E+09  7.16333E+09  9.48337E+09  1.03914E+11  9.58685E+08  6.64879E+09  8.79157E+09  1.29929E+10  1.39233E+09  6.92153E+09  9.15700E+09  2.66871E+10  8.72881E+08  6.59433E+09  8.71958E+09  1.18475E+10
 0.330  53.250   4.022  1.18603E+11  5.13622E+09  7.49101E+09  1.00229E+10  1.05976E+11  8.85567E+08  6.99715E+09  9.35383E+09  1.39601E+10  1.42749E+09  7.24161E+09  9.68405E+09  2.64036E+10  7.08397E+08  6.76483E+09  9.04438E+09  1.03048E+10
 0.360  59.500   4.428  1.28893E+11  5.12907E+09  8.16629E+09  1.10332E+10  1.15597E+11  8.85876E+08  7.57846E+09  1.02402E+10  1.56087E+10  1.11333E+09  7.77855E+09  1.05133E+10  2.64918E+10  7.51465E+08  7.36715E+09  9.95502E+09  1.13812E+10
 0.370  62.250   6.055  1.35997E+11  5.56837E+09  8.30853E+09  1.12711E+10  1.22120E+11  8.68885E+08  7.72755E+09  1.04853E+10  1.62739E+10  1.25869E+09  7.90458E+09  1.07271E+10  2.61451E+10  8.39186E+08  7.71099E+09  1.04629E+10  1.58210E+10
 0.380  64.250   7.334  1.40253E+11  5.84701E+09  8.43616E+09  1.14853E+10  1.25969E+11  8.60721E+08  7.81861E+09  1.06536E+10  1.67554E+10  1.27229E+09  8.01537E+09  1.09156E+10  2.58623E+10  1.00320E+09  7.89819E+09  1.07589E+10  1.91243E+10
 0.390  67.000   5.630  1.48153E+11  6.41884E+09  8.55114E+09  1.16770E+10  1.33183E+11  8.93166E+08  7.97660E+09  1.08973E+10  1.76656E+10  1.14438E+09  8.12658E+09  1.11018E+10  2.61053E+10  8.02433E+08  7.85541E+09  1.07345E+10  1.47617E+10
 0.401  72.000   5.539  1.70128E+11  8.08824E+09  9.02902E+09  1.23577E+10  1.53011E+11  1.04704E+09  8.09579E+09  1.10947E+10  1.89264E+10  1.16835E+09  8.22368E+09  1.12686E+10  2.59864E+10  8.62668E+08  7.91054E+09  1.08453E+10  1.44618E+10
 0.410  75.250   4.642  1.81399E+11  8.95558E+09  9.22169E+09  1.26358E+10  1.63221E+11  1.01787E+09  8.25462E+09  1.13268E+10  1.98932E+10  1.09660E+09  8.35800E+09  1.14689E+10  2.62655E+10  7.73079E+08  7.85364E+09  1.07858E+10  1.19808E+10
 0.420  77.500   4.462  1.84695E+11  9.18860E+09  9.43281E+09  1.29368E+10  1.66074E+11  9.24967E+08  8.40421E+09  1.15511E+10  2.07738E+10  1.02089E+09  8.49596E+09  1.16773E+10  2.66910E+10  6.63638E+08  7.94588E+09  1.09292E+10  1.16039E+10
 0.440  81.250   3.657  1.88615E+11  8.89774E+09  9.84161E+09  1.34939E+10  1.69875E+11  8.12270E+08  8.94545E+09  1.22779E+10  2.22503E+10  9.70922E+08  9.01250E+09  1.23708E+10  2.75187E+10  4.29435E+08  8.20442E+09  1.12617E+10  9.63273E+09
 0.451  81.750   9.232  1.80849E+11  7.94922E+09  1.00759E+10  1.38483E+10  1.62824E+11  5.40812E+08  9.17155E+09  1.26159E+10  2.19289E+10  8.00448E+08  9.25124E+09  1.27263E+10  2.68492E+10  6.96696E+08  9.22052E+09  1.26837E+10  2.47426E+10
 0.470  84.750   5.540  1.80462E+11  6.49379E+09  1.01698E+10  1.40648E+10  1.63798E+11  5.63592E+08  9.36425E+09  1.29455E+10  2.26256E+10  6.60439E+08  9.42567E+09  1.30310E+10  2.65890E+10  3.68841E+08  9.07338E+09  1.25413E+10  1.48558E+10
 0.480  86.750   4.725  1.83756E+11  6.56991E+09  1.02469E+10  1.42085E+10  1.66939E+11  7.91925E+08  9.45118E+09  1.30995E+10  2.30651E+10  8.67297E+08  9.50312E+09  1.31720E+10  2.64491E+10  5.15799E+08  8.99194E+09  1.24595E+10  1.25878E+10
 0.490  88.750   8.676  1.85676E+11  6.67544E+09  1.03810E+10  1.44185E+10  1.68620E+11  9.44722E+08  9.56647E+09  1.32820E+10  2.36829E+10  1.06242E+09  9.60515E+09  1.33358E+10  2.65169E+10  9.21566E+08  9.55770E+09  1.32698E+10  2.31760E+10
 0.500  90.500   7.552  1.87077E+11  6.80549E+09  1.04775E+10  1.45754E+10  1.69794E+11  1.03199E+09  9.66389E+09  1.34375E+10  2.37640E+10  1.11447E+09  9.71057E+09  1.35029E+10  2.61689E+10  9.12467E+08  9.56801E+09  1.33036E+10  1.99770E+10
 0.520  94.250   3.173  1.89612E+11  6.74888E+09  1.08768E+10  1.51261E+10  1.71986E+11  1.24996E+09  1.01321E+10  1.40826E+10  2.62864E+10  1.28419E+09  1.01598E+10  1.41216E+10  2.78829E+10  7.40219E+08  8.83671E+09  1.22900E+10  8.62742E+09
 0.530  96.000   2.300  1.91009E+11  6.61233E+09  1.11618E+10  1.55122E+10  1.73235E+11  9.11747E+08  1.04187E+10  1.44686E+10  2.67822E+10  9.40019E+08  1.04425E+10  1.45022E+10  2.79030E+10  4.46398E+08  8.16230E+09  1.13415E+10  5.89093E+09
 0.540  97.500   3.110  1.91158E+11  6.21528E+09  1.13279E+10  1.57661E+10  1.73615E+11  8.67011E+08  1.05696E+10  1.46992E+10  2.67748E+10  8.82721E+08  1.05802E+10  1.47140E+10  2.74321E+10  3.80458E+08  9.15562E+09  1.27251E+10  8.23377E+09
 0.550  98.500   3.307  1.87866E+11  5.76408E+09  1.14097E+10  1.59178E+10  1.70692E+11  6.20840E+08  1.06458E+10  1.48409E+10  2.65244E+10  6.34230E+08  1.06520E+10  1.48497E+10  2.69001E+10  3.18477E+08  9.46717E+09  1.31886E+10  8.86728E+09
 0.561  99.250   3.541  1.83263E+11  5.37966E+09  1.14392E+10  1.60058E+10  1.66444E+11  4.56849E+08  1.06701E+10  1.49191E+10  2.66282E+10  4.59775E+08  1.06745E+10  1.49253E+10  2.68158E+10  3.02936E+08  9.61078E+09  1.34284E+10  9.57329E+09
 0.570 100.250   3.195  1.82088E+11  5.29903E+09  1.14766E+10  1.60850E+10  1.65313E+11  5.65393E+08  1.07197E+10  1.50139E+10  2.69187E+10  5.64397E+08  1.07188E+10  1.50126E+10  2.68540E+10  3.16988E+08  9.47086E+09  1.32508E+10  8.61288E+09
 0.580 101.750   3.419  1.81632E+11  5.31713E+09  1.15412E+10  1.61980E+10  1.64774E+11  5.21009E+08  1.08009E+10  1.51490E+10  2.74761E+10  5.10328E+08  1.07929E+10  1.51376E+10  2.70257E+10  2.44843E+08  9.65650E+09  1.35291E+10  9.27374E+09
 0.590 103.000   8.147  1.81008E+11  5.26323E+09  1.16193E+10  1.63227E+10  1.64125E+11  5.80721E+08  1.09015E+10  1.53041E+10  2.79501E+10  5.67437E+08  1.08880E+10  1.52849E+10  2.71720E+10  4.64197E+08  1.07711E+10  1.51189E+10  2.23327E+10
