  39
 0.120  1.61914E+07  6.04602E+06  7.15318E+06  1.56101E+07  1.93736E+06  2.00530E+08  2.94124E-02
 0.130  6.24267E+06  6.99324E+06  8.49784E+06  6.20439E+06  1.10234E+06  1.97869E+08  1.69854E-03
 0.140  9.30290E+06  6.91750E+06  8.56215E+06  9.20840E+06  6.28526E+04  2.30127E+08  4.26399E-04
 0.150  9.37957E+06  1.70330E+07  2.00039E+07  8.08935E+06  1.11221E+07  2.72777E+08  1.44285E-01
 0.160  7.00507E+07  4.23204E+07  4.88284E+07  6.67202E+07  2.35521E+07  3.06448E+08  3.84949E-01
 0.170  7.36564E+07  5.22180E+07  6.30007E+07  7.20647E+07  8.34695E+06  3.57744E+08  6.64503E-02
 0.180  2.80337E+07  8.42772E+07  1.01333E+08  2.65035E+07  3.12252E+07  2.90984E+08  2.37944E-01
 0.190  3.48301E+08  1.53076E+08  1.79765E+08  3.41048E+08  6.45187E+07  4.59339E+08  1.15392E+00
 0.200  1.20918E+08  4.37271E+08  5.16278E+08  1.18257E+08  2.11674E+08  4.60420E+08  1.72404E+00
 0.210  2.44808E+08  6.39975E+08  7.73324E+08  2.39646E+08  1.35199E+08  7.24799E+08  1.63937E+00
 0.220  2.61665E+08  1.04248E+09  1.26307E+09  2.55934E+08  3.32098E+08  8.95150E+08  3.23186E+00
 0.230  3.43985E+08  1.58757E+09  1.93068E+09  3.36794E+08  4.60301E+08  1.07149E+09  5.39566E+00
 0.240  3.30591E+08  1.96631E+09  2.42966E+09  3.22782E+08  2.89720E+08  1.18073E+09  3.75194E+00
 0.250  2.52600E+08  2.37764E+09  2.96999E+09  2.47522E+08  3.18920E+08  1.35199E+09  3.81234E+00
 0.260  3.98651E+08  2.96204E+09  3.71647E+09  3.90697E+08  4.66029E+08  1.45043E+09  5.68056E+00
 0.290  1.19346E+08  4.28539E+09  5.58047E+09  1.15841E+08  1.13036E+08  1.76237E+09  1.13511E+00
 0.310  8.34053E+07  4.47417E+09  5.92234E+09  8.11895E+07  6.83231E+07  1.80468E+09  6.43998E-01
 0.330  1.05576E+08  4.50795E+09  6.05157E+09  1.02359E+08  5.45820E+07  1.79895E+09  7.49265E-01
 0.360  5.39422E+07  4.48396E+09  6.10112E+09  5.20754E+07  2.73679E+07  1.72321E+09  2.98806E-01
 0.370  3.53331E+07  4.50622E+09  6.15680E+09  3.37990E+07  2.41640E+07  1.73111E+09  2.28944E-01
 0.380  3.12909E+07  4.50009E+09  6.17272E+09  3.02437E+07  1.68751E+07  1.73859E+09  1.72110E-01
 0.390  2.82048E+07  4.44548E+09  6.11702E+09  2.71635E+07  1.35572E+07  1.71015E+09  1.35680E-01
 0.401  3.15445E+07  4.45166E+09  6.14185E+09  3.03329E+07  1.52585E+07  1.72279E+09  1.61040E-01
 0.410  3.37118E+07  4.43419E+09  6.12731E+09  3.23662E+07  1.66448E+07  1.67889E+09  1.58264E-01
 0.420  4.22382E+07  4.52628E+09  6.26265E+09  4.00578E+07  1.96732E+07  1.76336E+09  2.10050E-01
 0.440  1.71146E+08  4.75990E+09  6.56481E+09  1.66268E+08  1.30062E+08  1.82804E+09  1.60405E+00
 0.451  8.03026E+07  4.99127E+09  6.86127E+09  7.81758E+07  1.30130E+08  1.82397E+09  1.09796E+00
 0.470  6.26749E+07  5.11722E+09  7.04723E+09  6.08726E+07  7.11269E+07  1.82372E+09  6.14710E-01
 0.480  3.57110E+07  5.29398E+09  7.31311E+09  3.41327E+07  3.02216E+07  1.88192E+09  3.30223E-01
 0.490  2.76844E+07  5.35966E+09  7.42543E+09  2.64856E+07  1.66226E+07  1.94984E+09  1.73124E-01
 0.500  2.15161E+07  5.37794E+09  7.46624E+09  2.01115E+07  1.73157E+07  1.94327E+09  1.99647E-01
 0.520  8.23748E+07  5.30687E+09  7.38091E+09  8.00646E+07  3.09292E+07  1.90594E+09  3.50420E-01
 0.530  1.36522E+08  5.46098E+09  7.58873E+09  1.33225E+08  6.30281E+07  1.96971E+09  6.91798E-01
 0.540  1.00011E+08  5.53536E+09  7.68737E+09  9.73755E+07  6.47041E+07  1.96472E+09  6.51292E-01
 0.550  6.25444E+07  5.57968E+09  7.75665E+09  6.05780E+07  4.49657E+07  1.95192E+09  4.63338E-01
 0.561  5.27197E+07  5.65926E+09  7.88200E+09  5.12700E+07  2.55351E+07  1.98360E+09  2.67962E-01
 0.570  6.43935E+07  5.64325E+09  7.86568E+09  6.24520E+07  3.31145E+07  1.95974E+09  4.25818E-01
 0.580  7.64613E+07  5.85863E+09  8.17116E+09  7.46300E+07  4.15959E+07  2.03082E+09  4.58564E-01
 0.590  9.35599E+07  5.90432E+09  8.23254E+09  9.12576E+07  6.14006E+07  2.04761E+09  7.45907E-01
