  39
 0.120   0.562  2.96705E+06  3.43521E+06  2.93241E+06  1.71797E+02  0.00000E+00  0.00000E+00  0.00000E+00  2.96705E+06  3.43521E+06  2.93241E+06
 0.130   0.638  4.62173E+06  5.58137E+06  4.55953E+06  2.33136E+02  1.31268E+06  1.61785E+06  1.29253E+06  3.30905E+06  3.96352E+06  3.26700E+06
 0.140   0.900  6.62530E+06  8.19677E+06  6.50676E+06  3.32668E+02  3.21661E+06  4.00775E+06  3.15659E+06  3.40869E+06  4.18902E+06  3.35017E+06
 0.150   1.086  1.75277E+07  2.05960E+07  1.73701E+07  1.90218E+02  2.65175E+06  3.35223E+06  2.58483E+06  1.48760E+07  1.72438E+07  1.47853E+07
 0.160   1.000  4.23204E+07  4.88284E+07  4.20901E+07  1.38984E+02  5.52572E+06  6.82543E+06  5.43954E+06  3.67947E+07  4.20029E+07  3.66506E+07
 0.170   1.474  6.02669E+07  7.27342E+07  5.97871E+07  2.21553E+02  1.21277E+07  1.50844E+07  1.19379E+07  4.81392E+07  5.76499E+07  4.78492E+07
 0.180   1.675  9.50018E+07  1.14386E+08  9.42861E+07  2.28355E+02  1.19675E+07  1.51436E+07  1.17351E+07  8.30342E+07  9.92427E+07  8.25510E+07
 0.190   1.891  1.74250E+08  2.05665E+08  1.73022E+08  2.23116E+02  2.22883E+07  2.82841E+07  2.18382E+07  1.51962E+08  1.77381E+08  1.51184E+08
 0.200   1.308  4.89785E+08  5.77623E+08  4.87797E+08  1.58169E+02  1.63590E+07  2.10216E+07  1.59225E+07  4.73426E+08  5.56602E+08  4.71875E+08
 0.210   1.919  8.06657E+08  9.76519E+08  8.01447E+08  2.48151E+02  1.41468E+08  1.77919E+08  1.39354E+08  6.65189E+08  7.98600E+08  6.62094E+08
 0.220   2.095  1.41743E+09  1.72509E+09  1.40760E+09  2.78792E+02  3.21217E+08  4.07013E+08  3.16556E+08  1.09621E+09  1.31808E+09  1.09105E+09
 0.230   2.029  2.00888E+09  2.44800E+09  1.99483E+09  2.98011E+02  3.28554E+08  4.22281E+08  3.22842E+08  1.68033E+09  2.02572E+09  1.67199E+09
 0.240   2.059  2.45644E+09  3.04550E+09  2.43599E+09  3.68386E+02  3.92098E+08  5.07916E+08  3.84553E+08  2.06434E+09  2.53759E+09  2.05143E+09
 0.250   2.518  3.12613E+09  3.90590E+09  3.09678E+09  4.26217E+02  5.08698E+08  6.64318E+08  4.97756E+08  2.61743E+09  3.24158E+09  2.59903E+09
 0.260   1.618  3.51494E+09  4.40463E+09  3.48133E+09  4.58570E+02  3.51902E+08  4.64404E+08  3.43104E+08  3.16304E+09  3.94023E+09  3.13823E+09
 0.290   4.427  6.25098E+09  8.14363E+09  6.15129E+09  7.97266E+02  1.85741E+09  2.47389E+09  1.80995E+09  4.39358E+09  5.66974E+09  4.34134E+09
 0.310   4.538  6.59433E+09  8.71958E+09  6.46587E+09  1.01846E+03  1.88251E+09  2.53593E+09  1.82553E+09  4.71182E+09  6.18365E+09  4.64034E+09
 0.330   4.022  6.76483E+09  9.04438E+09  6.61066E+09  1.25289E+03  1.79084E+09  2.43536E+09  1.72835E+09  4.97399E+09  6.60903E+09  4.88232E+09
 0.360   4.428  7.36715E+09  9.95502E+09  7.16475E+09  1.57200E+03  1.84358E+09  2.52964E+09  1.76637E+09  5.52357E+09  7.42537E+09  5.39838E+09
 0.370   6.055  7.71099E+09  1.04629E+10  7.48435E+09  1.70339E+03  2.02416E+09  2.78228E+09  1.93514E+09  5.68683E+09  7.68064E+09  5.54920E+09
 0.380   7.334  7.89819E+09  1.07589E+10  7.65057E+09  1.84189E+03  2.09468E+09  2.88650E+09  1.99729E+09  5.80351E+09  7.87243E+09  5.65327E+09
 0.390   5.630  7.85541E+09  1.07345E+10  7.59700E+09  1.95819E+03  1.98722E+09  2.74430E+09  1.89033E+09  5.86819E+09  7.99020E+09  5.70667E+09
 0.401   5.539  7.91054E+09  1.08453E+10  7.63496E+09  2.09767E+03  1.96829E+09  2.72407E+09  1.86748E+09  5.94224E+09  8.12125E+09  5.76748E+09
 0.410   4.642  7.85364E+09  1.07858E+10  7.56580E+09  2.21392E+03  1.86699E+09  2.58757E+09  1.76671E+09  5.98666E+09  8.19828E+09  5.79909E+09
 0.420   4.462  7.94588E+09  1.09292E+10  7.63978E+09  2.33526E+03  1.84888E+09  2.56577E+09  1.74471E+09  6.09700E+09  8.36341E+09  5.89507E+09
 0.440   3.657  8.20442E+09  1.12617E+10  7.87333E+09  2.49021E+03  1.74017E+09  2.42040E+09  1.63411E+09  6.46424E+09  8.84131E+09  6.23922E+09
 0.451   9.232  9.22052E+09  1.26837E+10  8.83789E+09  2.59505E+03  2.21814E+09  3.08710E+09  2.08125E+09  7.00238E+09  9.59657E+09  6.75664E+09
 0.470   5.540  9.07338E+09  1.25413E+10  8.66963E+09  2.83170E+03  1.98329E+09  2.76697E+09  1.85076E+09  7.09009E+09  9.77431E+09  6.81887E+09
 0.480   4.725  8.99194E+09  1.24595E+10  8.57589E+09  2.96835E+03  1.90061E+09  2.65342E+09  1.76915E+09  7.09133E+09  9.80607E+09  6.80675E+09
 0.490   8.676  9.55770E+09  1.32698E+10  9.09964E+09  3.11228E+03  2.20524E+09  3.08211E+09  2.05061E+09  7.35246E+09  1.01877E+10  7.04903E+09
 0.500   7.552  9.56801E+09  1.33036E+10  9.09662E+09  3.23455E+03  2.14900E+09  3.00600E+09  1.99403E+09  7.41901E+09  1.02976E+10  7.10260E+09
 0.520   3.173  8.83671E+09  1.22900E+10  8.37084E+09  3.48018E+03  1.66201E+09  2.32447E+09  1.52983E+09  7.17470E+09  9.96549E+09  6.84101E+09
 0.530   2.300  8.16230E+09  1.13415E+10  7.71318E+09  3.60631E+03  1.43837E+09  2.00850E+09  1.31963E+09  6.72393E+09  9.33301E+09  6.39354E+09
 0.540   3.110  9.15562E+09  1.27251E+10  8.65893E+09  3.63418E+03  1.70782E+09  2.38046E+09  1.57041E+09  7.44780E+09  1.03446E+10  7.08852E+09
 0.550   3.307  9.46717E+09  1.31886E+10  8.94548E+09  3.74519E+03  1.77577E+09  2.47773E+09  1.63125E+09  7.69140E+09  1.07109E+10  7.31423E+09
 0.561   3.541  9.61078E+09  1.34284E+10  9.06508E+09  3.90856E+03  1.81767E+09  2.53964E+09  1.66622E+09  7.79311E+09  1.08887E+10  7.39886E+09
 0.570   3.195  9.47086E+09  1.32508E+10  8.91746E+09  4.04247E+03  1.74191E+09  2.43470E+09  1.59245E+09  7.72895E+09  1.08161E+10  7.32501E+09
 0.580   3.419  9.65650E+09  1.35291E+10  9.07938E+09  4.18123E+03  1.79295E+09  2.50823E+09  1.63637E+09  7.86354E+09  1.10208E+10  7.44301E+09
 0.590   8.147  1.07711E+10  1.51189E+10  1.01251E+10  4.29320E+03  2.37662E+09  3.33438E+09  2.17877E+09  8.39447E+09  1.17845E+10  7.94637E+09
