  26
 0.100   0.750   0.500  1.83771E-02  1.59020E-02  1.82066E-02
 0.110   0.975   0.656  1.11794E-02  1.19068E-02  1.17089E-02
 0.120   1.118   0.500  3.28862E-01  3.41437E-01  2.52572E-01
 0.130   1.337   0.547  3.67759E-01  4.08273E-01  2.63414E-01
 0.140   1.320   0.737  2.09270E-01  2.49026E-01  1.49787E-01
 0.150   1.000   0.500  2.72691E+00  2.69124E+00  2.38172E+00
 0.160   1.000   0.500  4.67498E+00  4.68783E+00  4.44779E+00
 0.170   1.000   0.500  4.71419E+00  4.63012E+00  4.68385E+00
 0.180   1.000   0.500  4.82545E+00  4.62829E+00  4.77496E+00
 0.190   1.000   0.500  3.33309E+00  3.11696E+00  3.68554E+00
 0.200   2.790   0.676  9.15059E+00  9.97840E+00  7.41804E+00
 0.210   3.247   0.681  8.27897E+00  8.45821E+00  7.96775E+00
 0.220   4.169   0.883  7.63589E+00  7.28793E+00  8.60016E+00
 0.230   7.210   6.608  5.66298E+00  5.66820E+00  6.00634E+00
 0.240   4.130   1.515  5.49591E+00  5.00293E+00  5.93199E+00
 0.250   4.703   1.224  3.27959E+01  3.42003E+01  3.00922E+01
 0.260   6.109   1.099  3.54472E+01  3.32110E+01  3.81554E+01
 0.270   8.096   1.888  2.39268E+01  2.48739E+01  2.46734E+01
 0.280   8.001   1.202  3.73426E+01  3.81999E+01  3.28248E+01
 0.290   7.097   0.895  2.32855E+01  2.28251E+01  2.51567E+01
 0.300   9.752   1.416  1.69091E+01  1.57156E+01  1.90022E+01
 0.310  10.343   1.919  1.29330E+01  1.24200E+01  1.43035E+01
 0.320   9.997   1.859  2.54462E+01  2.73907E+01  2.12618E+01
 0.330  10.442   1.552  2.99653E+01  3.06075E+01  2.90549E+01
 0.340  11.058   1.695  3.14634E+01  3.19511E+01  3.15853E+01
 0.350  11.748   1.627  2.54043E+01  2.40910E+01  2.66525E+01
