  26
 0.100   0.750   0.500  2.25425E+06  2.58648E+06  2.24040E+06  9.36136E+01  0.00000E+00  0.00000E+00  0.00000E+00  2.25425E+06  2.58648E+06  2.24040E+06
 0.110   0.975   0.656  2.33220E+06  2.71748E+06  2.31343E+06  1.30101E+02  1.88636E+05  2.27930E+05  1.86242E+05  2.14357E+06  2.48955E+06  2.12718E+06
 0.120   1.118   0.500  2.84357E+07  3.21639E+07  2.83218E+07  8.05004E+01  1.41963E+06  1.74555E+06  1.39124E+06  2.70160E+07  3.04183E+07  2.69305E+07
 0.130   1.337   0.547  3.62997E+07  4.15060E+07  3.61351E+07  9.92862E+01  1.12454E+06  1.38908E+06  1.10207E+06  3.51751E+07  4.01169E+07  3.50330E+07
 0.140   1.320   0.737  3.27650E+07  3.83136E+07  3.25162E+07  1.63469E+02  2.32643E+06  2.87791E+06  2.28619E+06  3.04386E+07  3.54357E+07  3.02300E+07
 0.150   1.000   0.500  2.49805E+08  2.82107E+08  2.49207E+08  7.36488E+01  2.99526E+06  3.70349E+06  2.94641E+06  2.46810E+08  2.78403E+08  2.46260E+08
 0.160   1.000   0.500  6.36105E+08  7.33429E+08  6.34204E+08  9.93345E+01  7.40832E+06  9.16172E+06  7.30686E+06  6.28697E+08  7.24267E+08  6.26897E+08
 0.170   1.000   0.500  9.69922E+08  1.14263E+09  9.65882E+08  1.41073E+02  8.49281E+06  1.06482E+07  8.35862E+06  9.61429E+08  1.13198E+09  9.57524E+08
 0.180   1.000   0.500  1.27131E+09  1.51757E+09  1.26460E+09  1.82842E+02  7.33033E+06  9.30625E+06  7.18694E+06  1.26398E+09  1.50827E+09  1.25741E+09
 0.190   1.000   0.500  1.45588E+09  1.76829E+09  1.44595E+09  2.41215E+02  8.98794E+06  1.15057E+07  8.78962E+06  1.44689E+09  1.75678E+09  1.43716E+09
 0.200   2.790   0.676  2.41867E+09  2.93906E+09  2.39854E+09  2.91535E+02  6.26238E+08  7.90361E+08  6.18393E+08  1.79243E+09  2.14869E+09  1.78015E+09
 0.210   3.247   0.681  2.47645E+09  3.01001E+09  2.45638E+09  2.99215E+02  5.74801E+08  7.32802E+08  5.66351E+08  1.90165E+09  2.27721E+09  1.89003E+09
 0.220   4.169   0.883  3.83636E+09  4.72203E+09  3.80328E+09  3.37494E+02  9.00059E+08  1.15384E+09  8.86124E+08  2.93630E+09  3.56818E+09  2.91716E+09
 0.230   7.210   6.608  4.68892E+09  5.87443E+09  4.63811E+09  4.33616E+02  1.30064E+09  1.68228E+09  1.27774E+09  3.38828E+09  4.19215E+09  3.36037E+09
 0.240   4.130   1.515  3.86208E+09  4.85400E+09  3.81531E+09  4.92303E+02  1.56452E+09  2.02563E+09  1.53599E+09  2.29755E+09  2.82837E+09  2.27932E+09
 0.250   4.703   1.224  6.56104E+09  7.98463E+09  6.49881E+09  4.02391E+02  1.20810E+09  1.58547E+09  1.17965E+09  5.35294E+09  6.39916E+09  5.31916E+09
 0.260   6.109   1.099  1.06312E+10  1.29329E+10  1.05539E+10  3.41993E+02  1.42960E+09  1.86707E+09  1.39817E+09  9.20161E+09  1.10659E+10  9.15573E+09
 0.270   8.096   1.888  1.37295E+10  1.69891E+10  1.36233E+10  3.89128E+02  2.32863E+09  3.01551E+09  2.28675E+09  1.14008E+10  1.39736E+10  1.13366E+10
 0.280   8.001   1.202  1.54988E+10  1.92547E+10  1.53748E+10  4.22962E+02  2.09942E+09  2.74265E+09  2.05767E+09  1.33994E+10  1.65121E+10  1.33171E+10
 0.290   7.097   0.895  1.62712E+10  2.04463E+10  1.61205E+10  4.97763E+02  2.26082E+09  2.96301E+09  2.21055E+09  1.40104E+10  1.74833E+10  1.39100E+10
 0.300   9.752   1.416  1.95249E+10  2.48276E+10  1.93300E+10  5.62887E+02  3.50989E+09  4.57854E+09  3.44654E+09  1.60150E+10  2.02490E+10  1.58834E+10
 0.310  10.343   1.919  2.14373E+10  2.76788E+10  2.11614E+10  7.20251E+02  5.86371E+09  7.77124E+09  5.73615E+09  1.55736E+10  1.99076E+10  1.54252E+10
 0.320   9.997   1.859  2.30544E+10  2.98387E+10  2.27378E+10  7.88308E+02  5.88939E+09  7.86021E+09  5.74996E+09  1.71650E+10  2.19785E+10  1.69878E+10
 0.330  10.442   1.552  2.34654E+10  3.02594E+10  2.31471E+10  7.99625E+02  5.35124E+09  7.17431E+09  5.21522E+09  1.81142E+10  2.30851E+10  1.79318E+10
 0.340  11.058   1.695  2.69839E+10  3.47891E+10  2.66218E+10  8.14531E+02  5.74601E+09  7.69737E+09  5.59810E+09  2.12378E+10  2.70918E+10  2.10237E+10
 0.350  11.748   1.627  3.03638E+10  3.93768E+10  2.99484E+10  8.58017E+02  6.22829E+09  8.35368E+09  6.06784E+09  2.41355E+10  3.10231E+10  2.38806E+10
