  26
 0.100  2.74262E-02 -3.99008E-02  1.23422E-02 -8.69894E+00  3.86006E+00 -1.47883E+00   0.750  3.58274E+07  5.54168E+07  3.07206E+07  0.00000E+00  3.52423E+08  2.81679E-01  9.37525E+01   7.925   7.733
 0.110  1.62759E-01  2.34713E-02  1.30456E-01 -4.46947E+00 -8.82554E+00  1.93552E+01   0.975  8.51307E+07  9.66710E+07  4.43369E+07  4.59887E+06  4.83117E+08  1.65252E-01  1.44161E+02   7.708   7.771
 0.120 -1.97432E-02 -5.21265E-02 -1.34636E-02 -2.54768E+01  1.38161E+01 -1.26660E+00   1.118  1.12385E+08  1.67937E+08  1.04952E+08  7.36057E+06  6.84394E+08  7.33303E-01  1.26793E+02   8.137   7.991
 0.130 -4.11137E-02  1.99621E-01 -2.45760E-01 -2.67983E+01  5.85948E+00  1.23978E+01   1.337  1.48691E+08  2.12808E+08  1.77418E+08  1.68194E+07  9.55176E+08  9.19574E-01  1.53924E+02   8.173   8.094
 0.140  1.34127E-01 -4.34016E-02  1.16892E-01 -4.82138E+00 -7.05993E+00 -2.64663E+01   1.320  3.27982E+08  4.06252E+08  2.72087E+08  3.41093E+07  1.27559E+09  1.27182E+00  1.83546E+02   8.088   8.135
 0.150  8.18786E-03 -6.62990E-03  6.41191E-03  2.08923E+00  5.69243E+00  2.89565E+00   1.000  4.19458E+08  7.66479E+08  6.22485E+08  4.41603E+07  1.11547E+09  4.14545E+00  1.48757E+02   8.455   8.291
 0.160 -2.08547E-02  2.19815E-02 -7.39718E-03  4.93999E+00  3.38192E+00 -1.16057E+00   1.000  4.26827E+08  9.22933E+08  1.14674E+09  7.77574E+07  1.25905E+09  5.68792E+00  1.62518E+02   8.611   8.458
 0.170  7.51790E-03  9.09263E-04  2.88768E-03  5.95989E+00  8.62976E+00 -4.54578E+00   1.000  4.45136E+08  9.91035E+08  1.80867E+09  1.81901E+08  1.74141E+09  6.18202E+00  2.08586E+02   8.678   8.530
 0.180  5.24514E-04  2.47531E-03 -5.22332E-03 -4.50467E+00  3.34368E+00 -1.12660E+00   1.000  4.16899E+08  9.91705E+08  2.35613E+09  1.56774E+08  1.70600E+09  6.19168E+00  2.47341E+02   8.706   8.599
 0.190  2.72431E-03  2.02880E-03 -3.14349E-03 -8.17494E+00  2.43740E+00  8.05963E+00   1.000  2.95133E+08  7.07240E+08  2.79231E+09  1.65064E+08  1.86562E+09  4.31453E+00  3.13030E+02   8.809   8.639
 0.200 -7.94213E-02  1.35977E-01 -2.50840E-02 -1.02326E+01  4.59512E+00 -9.28891E+00   2.790  1.31459E+09  2.70907E+09  6.57026E+09  2.39149E+09  8.52566E+09  1.72749E+01  3.34077E+02   8.658   8.589
 0.210 -2.13689E-01  2.46152E-01 -9.32877E-02  5.18423E+00 -1.30152E+01  8.32269E+00   3.247  1.84060E+09  2.71816E+09  8.00883E+09  2.84450E+09  1.15743E+10  1.05957E+01  4.01691E+02   8.523   8.614
 0.220 -1.08529E-01  2.50617E-01 -2.56237E-01 -6.16631E+00  1.15063E+01 -5.44106E+00   4.169  1.63702E+09  2.36536E+09  9.63264E+09  3.43630E+09  1.61114E+10  8.60581E+00  4.73788E+02   8.577   8.607
 0.230 -8.14271E-01  1.23891E+00 -1.50498E+00  3.16442E+00 -4.52216E+00 -1.97730E+00   7.210  2.30120E+09  2.66756E+09  1.12516E+10  4.29809E+09  3.52590E+10  7.50285E+00  5.66954E+02   8.475   8.592
 0.240  7.58293E-01 -1.73421E-01  1.75458E-01  3.70628E+01 -4.41521E+01  4.18207E+01   4.130  2.35066E+09  4.15997E+09  1.64642E+10  7.39918E+09  2.42417E+10  2.02447E+01  5.66685E+02   8.585   8.609
 0.250 -1.31793E-01  5.32310E-01 -5.57432E-01 -1.18288E+01  1.62235E+01  1.32594E+01   4.703  5.36573E+09  8.66061E+09  2.21232E+10  9.01721E+09  3.38108E+10  4.20989E+01  5.55828E+02   8.562   8.605
 0.260  5.41706E-02  6.72479E-01 -3.90785E-01  1.33740E+01  5.73170E+00 -3.51718E+00   6.109  5.32689E+09  8.99711E+09  2.80023E+10  1.00624E+10  4.63414E+10  4.01040E+01  5.91843E+02   8.635   8.613
 0.270 -3.17811E-02  1.53954E+00 -3.18532E-01  9.18775E+00  2.00858E+01 -9.79854E+00   8.096  7.49981E+09  9.50961E+09  3.40378E+10  1.29129E+10  6.74786E+10  2.80693E+01  6.50998E+02   8.542   8.611
 0.280 -4.96309E-01  6.31081E-01  1.72226E-01 -6.85356E+01  3.74297E+01  3.98392E+01   8.001  8.47782E+09  1.18818E+10  4.25412E+10  1.71914E+10  8.01985E+10  4.99633E+01  7.23061E+02   8.568   8.617
 0.290  6.75157E-01 -2.20849E-01 -8.28052E-01 -2.22229E+01  4.26595E+00  4.10743E+01   7.097  4.84332E+09  7.24621E+09  3.94993E+10  1.19366E+10  5.84007E+10  2.78043E+01  7.79341E+02   8.719   8.643
 0.300  6.73936E-01  7.14214E-01 -8.17650E-01 -4.38049E+01  6.66232E+00  2.49576E+01   9.752  5.75449E+09  7.05392E+09  4.89954E+10  1.80523E+10  8.77547E+10  1.87781E+01  8.83363E+02   8.653   8.650
 0.310  2.09693E-01  1.19381E+00 -3.18809E-01 -1.35359E+01  4.15838E+01  2.19879E+01  10.343  6.26870E+09  7.22483E+09  5.33587E+10  2.06889E+10  9.57771E+10  1.48463E+01  9.92270E+02   8.594   8.653
 0.320 -2.32025E-01  1.25657E+00  2.40514E-02 -1.25120E+01  5.35269E+01 -1.37780E+01   9.997  9.33910E+09  1.06660E+10  5.54004E+10  2.05735E+10  9.32699E+10  2.72344E+01  1.08609E+03   8.487   8.655
 0.330  1.36625E-01  8.46586E-01 -6.05812E-01 -5.51562E+01  6.45181E+01  3.07660E+01  10.442  9.64119E+09  1.15454E+10  5.92556E+10  2.10885E+10  9.95300E+10  3.20866E+01  1.16331E+03   8.536   8.653
 0.340  3.18207E-01  1.76234E+00 -9.42069E-01 -2.43630E+01  5.62776E+01  3.74675E+01  11.058  8.74947E+09  1.08683E+10  6.42725E+10  2.21478E+10  1.09505E+11  3.31473E+01  1.22623E+03   8.595   8.653
 0.350 -4.50909E-01  1.11413E+00  5.98629E-01 -2.73143E+01  4.20326E+01  4.54548E+01  11.748  7.61147E+09  9.32093E+09  6.88028E+10  2.33351E+10  1.19220E+11  2.61070E+01  1.30024E+03   8.639   8.655
