  26
 0.100        27462  0.85400E-02 -0.99064E-02  0.34160E-03  0.22132E+02 -0.18372E+02  0.67616E+01 -0.88166E+00 -0.75251E-01 -0.46585E+00   0.750   0.500
 0.110        65673 -0.37485E-03  0.11808E-01  0.00000E+00 -0.32254E+02  0.11716E+02  0.22256E+02  0.89449E+00 -0.26979E+00 -0.35650E+00   0.975   0.656
 0.120       202553 -0.32740E-02 -0.40926E-03 -0.20463E-02 -0.41003E+01 -0.12954E+02 -0.16042E+02  0.45611E+00  0.75664E+00  0.46846E+00   1.118   0.500
 0.130       194718  0.26635E-02  0.17757E-02  0.13318E-02  0.87744E+02  0.21858E+02 -0.20602E+02  0.26725E+00  0.88845E+00  0.37314E+00   1.337   0.547
 0.140       176041  0.28663E-02  0.21497E-02 -0.38218E-02 -0.48200E+01  0.10961E+02  0.22011E+01 -0.33242E+00  0.82753E+00  0.45242E+00   1.320   0.737
 0.150       209686 -0.25591E-02  0.25591E-03  0.51182E-03 -0.23918E+02 -0.31957E+02  0.16827E+02 -0.28084E+00  0.62236E+00  0.73062E+00   1.000   0.500
 0.160       106152  0.54514E-03  0.24531E-02  0.10903E-02 -0.12084E+03  0.62718E+02  0.73590E+02  0.18110E-01  0.54302E+00  0.83953E+00   1.000   0.500
 0.170       165304  0.57955E-03  0.11591E-02 -0.57955E-03 -0.29277E+02 -0.26571E+03 -0.10851E+03 -0.45572E+00  0.81606E+00  0.35548E+00   1.000   0.500
 0.180       172531 -0.12267E-02  0.18401E-02 -0.12267E-02  0.68741E+02  0.54124E+02 -0.18493E+03 -0.72641E+00  0.68660E+00  0.30208E-01   1.000   0.500
 0.190       156519  0.12961E-02 -0.64806E-03 -0.25922E-02 -0.36248E+03 -0.93309E+02 -0.21680E+03 -0.67613E+00  0.73136E+00 -0.89208E-01   1.000   0.500
 0.200       268743  0.68217E-03  0.68217E-03  0.13643E-02  0.43062E+03  0.17993E+02  0.30111E+03 -0.90778E+00 -0.41942E+00 -0.40337E-02   2.790   0.676
 0.210       312084  0.28654E-02  0.71635E-03  0.71635E-03  0.10962E+03  0.26859E+03 -0.53241E+03 -0.77132E+00 -0.63495E+00 -0.43720E-01   3.247   0.681
 0.220       799848 -0.22506E-02  0.75019E-03  0.75019E-03 -0.88699E+02  0.25508E+03 -0.35452E+03 -0.76102E+00 -0.64867E+00 -0.88630E-02   4.169   0.883
 0.230       577918  0.78440E-03  0.15688E-02 -0.39220E-02  0.12828E+03  0.38035E+02 -0.32569E+03 -0.69771E+00 -0.71339E+00 -0.65425E-01   7.210   6.608
 0.240       491643  0.24533E-02  0.00000E+00  0.81777E-03 -0.29358E+03 -0.19957E+02  0.25186E+03 -0.33907E+00 -0.77879E+00 -0.52774E+00   4.130   1.515
 0.250      1188725  0.85251E-03  0.00000E+00 -0.17050E-02 -0.43530E+03 -0.37655E+03 -0.44724E+03 -0.65371E+00 -0.57366E+00 -0.49354E+00   4.703   1.224
 0.260       975384  0.00000E+00  0.13308E-02  0.17743E-02  0.61221E+02 -0.41939E+03 -0.20292E+03 -0.57290E+00 -0.38550E+00 -0.72330E+00   6.109   1.099
 0.270       925659  0.92039E-03 -0.46020E-03 -0.18408E-02 -0.10817E+03 -0.34692E+03  0.16690E+03 -0.72898E+00 -0.19808E+00 -0.65525E+00   8.096   1.888
 0.280      1631023  0.00000E+00 -0.23847E-02 -0.95389E-03 -0.29960E+03  0.46730E+03 -0.32382E+02 -0.83775E+00 -0.80179E-01 -0.54013E+00   8.001   1.202
 0.290       914322 -0.98917E-03 -0.49458E-03 -0.98917E-03  0.97403E+02 -0.16510E+02 -0.39320E+03 -0.81024E+00 -0.59357E-01 -0.58309E+00   7.097   0.895
 0.300       397607 -0.10232E-02 -0.20464E-02  0.10232E-02 -0.28512E+03 -0.63005E+02 -0.38325E+03 -0.85263E+00 -0.11156E+00 -0.51047E+00   9.752   1.416
 0.310      1534198 -0.21138E-02 -0.10569E-02  0.00000E+00  0.13096E+03  0.89127E+03  0.23895E+02 -0.83127E+00 -0.13866E+00 -0.53830E+00  10.343   1.919
 0.320      1526407  0.21815E-02 -0.54536E-03  0.10907E-02 -0.16208E+03 -0.32493E+03  0.25211E+02 -0.79480E+00 -0.20427E+00 -0.57145E+00   9.997   1.859
 0.330      1118845 -0.11261E-02 -0.11261E-02 -0.22523E-02  0.34568E+03  0.54235E+03  0.50029E+03 -0.75856E+00 -0.23696E+00 -0.60699E+00  10.442   1.552
 0.340       604092 -0.11598E-02 -0.11598E-02  0.00000E+00  0.41021E+03 -0.45249E+03  0.41656E+01 -0.81213E+00 -0.12358E+00 -0.57024E+00  11.058   1.695
 0.350      3222343  0.00000E+00 -0.17895E-02  0.00000E+00 -0.10697E+03  0.12899E+02  0.13762E+03 -0.83284E+00 -0.13656E+00 -0.53640E+00  11.748   1.627
