  26
 0.100   0.750  2.81679E-01  2.59967E-01  2.43407E-01
 0.110   0.975  1.65252E-01  1.73295E-01  1.65111E-01
 0.120   1.118  7.33303E-01  7.27695E-01  6.78541E-01
 0.130   1.337  9.19574E-01  9.28726E-01  8.17614E-01
 0.140   1.320  1.27182E+00  1.51087E+00  9.71085E-01
 0.150   1.000  4.14545E+00  3.98916E+00  3.98081E+00
 0.160   1.000  5.68792E+00  5.66577E+00  5.58348E+00
 0.170   1.000  6.18202E+00  6.01848E+00  6.24043E+00
 0.180   1.000  6.19168E+00  5.95621E+00  6.41352E+00
 0.190   1.000  4.31453E+00  3.98158E+00  4.85357E+00
 0.200   2.790  1.72749E+01  1.72222E+01  1.62675E+01
 0.210   3.247  1.05957E+01  1.07632E+01  1.06633E+01
 0.220   4.169  8.60581E+00  8.22330E+00  9.83844E+00
 0.230   7.210  7.50285E+00  7.68028E+00  7.68856E+00
 0.240   4.130  2.02447E+01  1.86918E+01  2.17994E+01
 0.250   4.703  4.20989E+01  4.45165E+01  3.95903E+01
 0.260   6.109  4.01040E+01  3.77298E+01  4.39399E+01
 0.270   8.096  2.80693E+01  2.91207E+01  2.86670E+01
 0.280   8.001  4.99633E+01  5.05924E+01  4.45125E+01
 0.290   7.097  2.78043E+01  2.70486E+01  3.07094E+01
 0.300   9.752  1.87781E+01  1.74613E+01  2.14063E+01
 0.310  10.343  1.48463E+01  1.42462E+01  1.66185E+01
 0.320   9.997  2.72344E+01  2.91656E+01  2.31350E+01
 0.330  10.442  3.20866E+01  3.27673E+01  3.12269E+01
 0.340  11.058  3.31473E+01  3.38293E+01  3.30686E+01
 0.350  11.748  2.61070E+01  2.47818E+01  2.73485E+01
