  37
 0.100   0.900   0.747  6.55466E-03  8.46428E-03  5.16165E-03
 0.110   1.000   0.560  7.45613E-02  8.51111E-02  4.94108E-02
 0.120   1.000   0.525  2.78323E-01  3.04602E-01  2.39240E-01
 0.130   1.419   0.627  1.47035E-01  1.71921E-01  1.07560E-01
 0.140   1.280   0.621  5.65448E-01  6.01064E-01  5.60132E-01
 0.150   1.670   0.500  1.27054E+00  1.50494E+00  8.41522E-01
 0.160   1.998   0.921  1.97003E+00  2.24138E+00  1.52822E+00
 0.170   2.462   0.972  1.63856E+00  1.63810E+00  1.70879E+00
 0.180   2.481   0.824  6.46205E+00  6.62003E+00  5.52219E+00
 0.190   3.108   1.231  2.61332E+00  2.40640E+00  3.26666E+00
 0.200   3.141   1.279  3.90436E+00  3.89260E+00  3.66864E+00
 0.210   3.605   1.094  2.98919E+00  2.96447E+00  3.01243E+00
 0.220   3.705   2.266  5.15434E+00  5.45949E+00  4.41366E+00
 0.230   4.830   1.391  2.97659E+00  2.81037E+00  3.44884E+00
 0.240   4.853   1.028  2.51339E+00  2.74662E+00  2.26555E+00
 0.250   5.493   1.409  2.81645E+00  2.56891E+00  3.56313E+00
 0.260   5.628   1.044  3.53832E+00  3.40324E+00  3.39975E+00
 0.270   6.079   1.560  2.88633E+00  2.72572E+00  3.17872E+00
 0.280   5.991   1.018  4.20819E+00  4.26950E+00  3.76509E+00
 0.290   7.210   1.011  3.59565E+00  3.77118E+00  3.53689E+00
 0.300   7.430   1.281  4.41585E+00  4.63356E+00  4.16383E+00
 0.310   7.763   1.542  4.25505E+00  4.16000E+00  4.59597E+00
 0.320   7.765   2.729  8.03346E+00  7.43156E+00  8.23549E+00
 0.330   7.859   2.038  7.53907E+00  8.29562E+00  6.54483E+00
 0.340   7.697   2.508  1.12791E+01  9.57926E+00  1.44797E+01
 0.350   5.353   1.350  5.63744E+00  6.11582E+00  4.61076E+00
 0.360   7.171   1.885  7.04135E+00  7.15840E+00  7.94952E+00
 0.370   7.036   1.636  5.26498E+00  5.11760E+00  5.32789E+00
 0.380   6.807   1.042  6.36633E+00  6.28545E+00  6.52018E+00
 0.390   7.265   1.077  5.44877E+00  5.45209E+00  5.46088E+00
 0.400   7.104   0.872  4.85941E+00  4.47903E+00  5.03223E+00
 0.410   6.877   0.701  3.65535E+00  3.72650E+00  3.53169E+00
 0.420   7.304   0.828  3.12519E+00  3.07823E+00  3.29705E+00
 0.430   6.787   0.694  3.10818E+00  3.06049E+00  2.95263E+00
 0.440   6.639   0.507  2.91254E+00  2.94648E+00  2.92671E+00
 0.450   6.993   0.667  1.81986E+00  1.72412E+00  2.12490E+00
 0.460   6.984   0.858  1.68690E+00  1.56907E+00  1.83489E+00
