  37
 0.100  6.00000E+00  6.25728E+09  6.69656E+01
 0.110  7.25000E+00  8.02167E+09  6.89760E+01
 0.120  9.00000E+00  1.19158E+10  7.54527E+01
 0.130  1.12500E+01  1.79813E+10  8.29026E+01
 0.140  1.30000E+01  2.20463E+10  8.53946E+01
 0.150  1.60000E+01  3.43938E+10  9.61422E+01
 0.160  1.87500E+01  4.43809E+10  1.00886E+02
 0.170  2.17500E+01  5.79047E+10  1.06994E+02
 0.180  2.40000E+01  6.54535E+10  1.08292E+02
 0.190  2.60000E+01  7.20783E+10  1.09182E+02
 0.200  2.82500E+01  7.93190E+10  1.09879E+02
 0.210  3.25000E+01  1.03776E+11  1.17177E+02
 0.220  3.55000E+01  1.17136E+11  1.19115E+02
 0.230  3.80000E+01  1.26872E+11  1.19819E+02
 0.240  4.10000E+01  1.38348E+11  1.20456E+02
 0.250  4.27500E+01  1.40111E+11  1.18714E+02
 0.260  4.45000E+01  1.42327E+11  1.17273E+02
 0.270  4.67500E+01  1.46797E+11  1.16199E+02
 0.280  5.00000E+01  1.60577E+11  1.17514E+02
 0.290  5.37500E+01  1.80117E+11  1.20039E+02
 0.300  5.77500E+01  1.96832E+11  1.21061E+02
 0.310  6.27500E+01  2.30796E+11  1.25760E+02
 0.320  7.07500E+01  2.99645E+11  1.34950E+02
 0.330  7.52500E+01  3.28918E+11  1.37096E+02
 0.340  7.92500E+01  3.48042E+11  1.37420E+02
 0.350  8.17500E+01  3.53322E+11  1.36325E+02
 0.360  8.42500E+01  3.57552E+11  1.35089E+02
 0.370  8.65000E+01  3.57688E+11  1.33345E+02
 0.380  8.87500E+01  3.55851E+11  1.31306E+02
 0.390  9.05000E+01  3.50639E+11  1.29074E+02
 0.400  9.25000E+01  3.45389E+11  1.26712E+02
 0.410  9.45000E+01  3.43873E+11  1.25088E+02
 0.420  9.67500E+01  3.44451E+11  1.23729E+02
 0.430  9.90000E+01  3.44280E+11  1.22285E+02
 0.440  1.01000E+02  3.43299E+11  1.20895E+02
 0.450  1.03250E+02  3.44699E+11  1.19814E+02
 0.460  1.05500E+02  3.46838E+11  1.18897E+02
