  37
 0.100 -5.28130E-02  3.35399E-02 -5.23996E-02 -3.49147E+00 -2.40415E+00  1.28545E+01   0.900  4.46809E+07  6.33960E+07  4.84495E+07  0.00000E+00  6.93539E+08  1.54379E-01  1.47898E+02   7.590   7.702
 0.110 -5.68185E-02 -3.20112E-02 -1.09537E-02  9.22761E+00  1.54661E+01  2.65852E+00   1.000  8.57437E+07  1.40394E+08  1.01416E+08  1.04877E+07  6.57457E+08  8.61143E-01  1.18939E+02   8.194   7.911
 0.120  2.81342E-02  4.99192E-02  5.56178E-04  5.92197E+00  1.25991E+01  6.03991E+00   1.000  1.04439E+08  1.69098E+08  1.70043E+08  1.50833E+07  8.62227E+08  8.54232E-01  1.55307E+02   8.284   8.168
 0.130 -1.16907E-01  2.90492E-02  2.06675E-02  1.43053E+01 -6.63926E+00  1.59988E+00   1.419  2.51262E+08  3.58996E+08  2.97249E+08  2.89370E+07  1.63699E+09  1.67623E+00  1.72389E+02   8.162   8.243
 0.140 -3.76724E-03  2.84190E-02  5.80308E-02 -2.66758E+00  5.90249E+00 -2.08215E+00   1.280  1.43451E+08  2.81706E+08  4.25480E+08  3.22025E+07  1.35574E+09  1.39281E+00  1.97373E+02   8.500   8.352
 0.150 -8.88415E-02  1.06961E-01  1.45764E-01 -8.88986E+00  9.23073E+00  4.97016E+00   1.670  3.78380E+08  5.76940E+08  6.66348E+08  6.68166E+07  2.22195E+09  2.95582E+00  2.16701E+02   8.343   8.377
 0.160  2.93071E-01 -5.58908E-02 -6.85155E-02 -7.27742E+00  5.45252E+00  7.42817E+00   1.998  5.91526E+08  8.56283E+08  1.00982E+09  1.08152E+08  3.20656E+09  3.70048E+00  2.37538E+02   8.299   8.409
 0.170 -1.25892E-02  6.86762E-02  9.27091E-02 -2.43318E+01 -7.73420E+00 -4.55169E+00   2.462  7.25807E+08  1.06596E+09  1.64372E+09  3.50271E+08  4.82377E+09  3.84084E+00  2.66861E+02   8.365   8.416
 0.180 -3.11190E-01  2.71571E-02 -7.69718E-02 -5.93890E+00 -3.79320E+01  1.95971E+01   2.481  8.92207E+08  1.47507E+09  2.20141E+09  3.01158E+08  4.91813E+09  7.86846E+00  2.79781E+02   8.453   8.451
 0.190 -1.82581E-01  2.05248E-01 -6.05603E-02 -2.59783E+01 -6.03978E+00 -1.55651E+01   3.108  6.88392E+08  9.97530E+08  2.69282E+09  4.17718E+08  6.47539E+09  3.01190E+00  3.47382E+02   8.491   8.483
 0.200 -3.55718E-01 -2.96313E-01 -9.78998E-02  2.16091E+01 -2.25133E+01  3.57750E+01   3.141  9.00446E+08  1.18793E+09  3.06684E+09  4.51158E+08  6.86747E+09  4.22432E+00  4.11044E+02   8.442   8.495
 0.210 -8.33258E-02 -1.49178E-01  1.78834E-03  1.21320E+01 -8.08279E+00  1.34135E+01   3.605  1.00249E+09  1.25552E+09  3.50863E+09  5.45364E+08  8.72021E+09  3.32223E+00  4.81912E+02   8.443   8.496
 0.220  5.94615E-01  2.17601E-01  1.66077E-01 -4.54724E+01  2.04245E+01 -7.95590E+00   3.705  1.55763E+09  1.99202E+09  5.17998E+09  1.65549E+09  1.23545E+10  6.57472E+00  5.41954E+02   8.426   8.518
 0.230 -2.71070E-02  1.61676E-01 -1.40336E-01  5.57263E+00  9.25841E+00 -4.55429E+00   4.830  1.31663E+09  1.53787E+09  4.44302E+09  6.40523E+08  1.20744E+10  3.35365E+00  6.04727E+02   8.417   8.502
 0.240  1.14587E-01  4.00146E-01 -3.73652E-02  1.13677E+00 -6.32389E+00 -2.22007E-01   4.853  1.38939E+09  1.82730E+09  6.18334E+09  1.86578E+09  1.49569E+10  7.14605E+00  6.69181E+02   8.486   8.535
 0.250 -2.29588E-01  1.44734E-01  3.75984E-02 -1.33324E+01  7.28943E+00 -4.44418E+00   5.493  1.10198E+09  1.31417E+09  6.88585E+09  1.97503E+09  1.70088E+10  3.14445E+00  7.43875E+02   8.555   8.547
 0.260  9.79880E-02  4.97703E-01  4.77990E-04 -2.10149E+01  1.96124E+01 -2.09821E+01   5.628  1.75217E+09  1.89448E+09  7.33458E+09  2.08031E+09  1.86215E+10  3.82769E+00  8.32213E+02   8.439   8.551
 0.270 -2.74145E-01  1.66033E-01 -1.17721E-02 -4.51974E+00  1.09131E+01 -1.03040E+01   6.079  1.60649E+09  1.72744E+09  7.78300E+09  2.17069E+09  2.02128E+10  3.19182E+00  9.20015E+02   8.481   8.550
 0.280  1.52231E-01  5.44702E-01 -8.64993E-02 -8.52126E+00  1.90531E+01 -5.20629E+00   5.991  2.06040E+09  2.22880E+09  8.11984E+09  2.18936E+09  1.98448E+10  4.39392E+00  1.00507E+03   8.457   8.551
 0.290  4.15713E-02 -7.56855E-01  2.12975E-01  2.85827E+01 -1.38697E+01  2.18146E+01   7.210  2.29388E+09  2.36399E+09  8.83129E+09  2.39142E+09  2.42495E+10  3.79251E+00  1.07439E+03   8.449   8.543
 0.300 -8.91367E-01 -1.49667E-01 -4.79402E-01  1.23453E+00 -3.83396E+01  1.14633E+01   7.430  2.89374E+09  3.02007E+09  9.46140E+09  2.52076E+09  2.61122E+10  4.69169E+00  1.14657E+03   8.433   8.541
 0.310 -6.11171E-01  2.93321E-01 -5.19757E-01 -7.65485E+00 -6.19389E+01  1.67766E+01   7.763  3.54640E+09  3.68552E+09  1.03837E+10  2.87213E+09  3.32131E+10  5.11100E+00  1.21882E+03   8.401   8.529
 0.320 -1.26260E-01  9.52226E-01 -4.30407E-01 -4.19424E+01  5.13720E-01 -2.33339E+01   7.765  3.58448E+09  4.01522E+09  1.09537E+10  2.54678E+09  2.97741E+10  8.85311E+00  1.24100E+03   8.450   8.538
 0.330  6.97655E-01 -2.98077E-01  4.13563E-01  5.52431E+00  1.88695E+01 -1.72836E+01   7.859  4.98896E+09  5.22822E+09  1.20864E+10  2.88124E+09  3.45084E+10  7.94700E+00  1.28362E+03   8.419   8.533
 0.340  8.81135E-01  2.59802E-01  1.40061E-01  6.82917E+00  7.21581E+00 -1.85629E+01   7.697  2.62443E+09  3.58357E+09  1.31501E+10  2.62300E+09  3.11949E+10  1.16988E+01  1.28501E+03   8.609   8.552
 0.350  9.27611E-02  1.83988E-01  5.80177E-02 -2.84131E+01 -1.07894E+00 -6.92218E+00   5.353  2.81725E+09  3.44815E+09  1.55719E+10  4.90147E+09  2.57099E+10  1.01945E+01  1.29815E+03   8.628   8.574
 0.360  4.28338E-01 -2.30014E-02  8.30006E-01  2.27119E+01 -3.63046E+00 -1.33407E+01   7.171  2.67925E+09  3.30531E+09  1.79712E+10  5.42043E+09  3.29045E+10  7.87867E+00  1.32184E+03   8.662   8.585
 0.370  9.36576E-02  2.73138E-02  1.97258E-01 -1.11556E+01  7.10163E-01 -1.07926E+01   7.036  2.86062E+09  3.15365E+09  1.86847E+10  5.50526E+09  3.35910E+10  5.87453E+00  1.42310E+03   8.641   8.596
 0.380 -3.15591E-01  1.13482E-01 -3.43010E-01 -2.09719E+01 -1.14100E+01  3.88095E+00   6.807  2.58362E+09  2.98694E+09  1.93163E+10  5.45819E+09  3.27767E+10  6.81126E+00  1.51783E+03   8.662   8.605
 0.390  3.63485E-01  2.58637E-01  2.65888E-01 -8.43251E-01  1.12346E+01 -6.88396E+00   7.265  2.73482E+09  3.03218E+09  2.04236E+10  5.67573E+09  3.49135E+10  5.82933E+00  1.60436E+03   8.655   8.609
 0.400  3.60050E-01  4.40769E-01  9.47067E-02 -1.31710E+01  9.63345E+00 -3.10506E+01   7.104  2.27730E+09  2.55886E+09  2.07596E+10  5.61107E+09  3.42172E+10  5.13727E+00  1.71426E+03   8.696   8.615
 0.410  5.42234E-01  3.44044E-01  6.48102E-01  1.17235E+01  2.83152E+01 -1.65365E+01   6.877  2.08355E+09  2.26387E+09  2.09877E+10  5.58528E+09  3.37033E+10  3.94028E+00  1.84207E+03   8.721   8.620
 0.420 -4.25711E-02 -2.21070E-01  3.23872E-01  4.73621E+00 -2.28150E+00  1.33793E+01   7.304  1.83164E+09  2.00451E+09  2.16105E+10  5.66460E+09  3.50524E+10  3.30326E+00  1.95199E+03   8.755   8.623
 0.430 -1.84391E-01 -4.22608E-01  1.58602E-01  2.73727E+00 -1.22152E+01  1.32091E+01   6.787  1.79374E+09  1.92546E+09  2.13972E+10  5.51121E+09  3.29407E+10  3.25311E+00  2.09207E+03   8.751   8.631
 0.440 -3.79668E-01 -4.96092E-01 -3.01621E-01 -4.35464E+00 -1.90908E+01  1.49793E+01   6.639  1.40858E+09  1.57234E+09  2.13602E+10  5.38700E+09  3.18678E+10  3.08898E+00  2.22080E+03   8.790   8.638
 0.450 -9.45574E-02 -1.38895E-01  3.35020E-02  2.11117E+00 -1.27473E+01  4.47270E+00   6.993  1.28921E+09  1.37624E+09  2.18624E+10  5.52242E+09  3.32152E+10  1.95061E+00  2.35018E+03   8.788   8.640
 0.460 -2.58274E-01 -1.06737E-01 -2.36327E-01 -7.53672E+00 -1.31097E+01 -4.01469E+00   6.984  1.20477E+09  1.28285E+09  2.21071E+10  5.57688E+09  3.36469E+10  1.80495E+00  2.48628E+03   8.787   8.642
