  37
 0.100        10901  0.32362E-02  0.00000E+00  0.17033E-01  0.12006E+02  0.22435E+02 -0.25321E+02 -0.26319E+00  0.94478E+00 -0.19524E+00   0.900   0.747
 0.110        47894 -0.37472E-03 -0.17799E-02 -0.14989E-02  0.28261E+02 -0.23854E+02  0.18909E+02  0.31471E+00  0.22599E+00 -0.92189E+00   1.000   0.560
 0.120        50833 -0.10222E-02 -0.91996E-03 -0.18399E-02 -0.75262E+01 -0.43483E+02 -0.59227E+01 -0.27864E+00  0.76382E+00 -0.58219E+00   1.000   0.525
 0.130        59957  0.13303E-02  0.14411E-02 -0.45450E-02  0.22804E+02  0.26251E+02  0.58504E+00  0.59159E+00  0.76240E+00 -0.26224E+00   1.419   0.627
 0.140        56190 -0.31021E-02 -0.16704E-02 -0.17897E-02 -0.15947E+02 -0.27753E+02  0.85572E+02 -0.23812E-01  0.83152E+00 -0.55498E+00   1.280   0.621
 0.150       146878  0.25549E-03 -0.28104E-02 -0.11497E-02  0.11251E+02  0.23845E+02 -0.74421E+02  0.81994E+00  0.19763E+00  0.53726E+00   1.670   0.500
 0.160        47840 -0.38155E-02  0.54507E-03 -0.32704E-02 -0.97768E+02  0.96009E+02  0.29332E+02  0.18917E+00 -0.13018E+00  0.97328E+00   1.998   0.921
 0.170        52525 -0.14492E-02 -0.57969E-03  0.28984E-03  0.12232E+03  0.72835E+02 -0.81425E+02 -0.15101E+00  0.23986E+00  0.95899E+00   2.462   0.972
 0.180        54322 -0.91995E-03  0.30665E-03  0.15332E-02 -0.43539E+02 -0.77310E+02 -0.74281E+02 -0.19559E+00  0.27298E+00  0.94193E+00   2.481   0.824
 0.190       229905 -0.16204E-02 -0.97223E-03  0.16204E-03  0.42351E+02 -0.27014E+02 -0.22002E+02 -0.35171E+00  0.14962E+00  0.92408E+00   3.108   1.231
 0.200        49927  0.10223E-02  0.00000E+00 -0.18741E-02 -0.18636E+03 -0.24241E+01 -0.59882E+02 -0.33405E+00  0.34989E+00  0.87521E+00   3.141   1.279
 0.210       117685 -0.35787E-03 -0.21472E-02 -0.28630E-02  0.80148E+02  0.86277E+02  0.61903E+02 -0.76708E-01  0.25354E+00  0.96428E+00   3.605   1.094
 0.220       143131  0.37471E-03  0.14988E-02 -0.18736E-03 -0.78864E+02  0.51674E+02 -0.72043E+02 -0.21978E+00  0.21654E+00  0.95122E+00   3.705   2.266
 0.230        96024  0.39173E-03 -0.11752E-02  0.19586E-03  0.85076E+02  0.91565E+02 -0.27479E+02 -0.28216E+00  0.28818E+00  0.91506E+00   4.830   1.391
 0.240       299874 -0.40907E-03 -0.20454E-02 -0.81815E-03 -0.19347E+03  0.31885E+03 -0.31315E+02 -0.32978E+00  0.27398E+00  0.90343E+00   4.853   1.028
 0.250       360027  0.21304E-02  0.42608E-03  0.63912E-03 -0.29961E+03  0.19025E+03 -0.22794E+03 -0.31945E+00  0.15535E+00  0.93478E+00   5.493   1.409
 0.260       451311 -0.44303E-03 -0.17721E-02 -0.22152E-03 -0.27702E+01  0.77436E+02  0.12261E+03 -0.35126E+00  0.22228E+00  0.90951E+00   5.628   1.044
 0.270       222404  0.00000E+00 -0.46038E-03  0.20717E-02  0.22249E+03  0.22048E+03  0.43617E+02 -0.32188E+00  0.25216E+00  0.91258E+00   6.079   1.560
 0.280       259115  0.95405E-03 -0.14311E-02 -0.71554E-03  0.36644E+01  0.14089E+03 -0.57341E+00 -0.37904E+00  0.24842E+00  0.89141E+00   5.991   1.018
 0.290       821455  0.98795E-03 -0.49398E-03 -0.49398E-03 -0.52890E+01 -0.10334E+03  0.87250E+02 -0.43940E+00  0.25893E+00  0.86016E+00   7.210   1.011
 0.300       292167  0.51131E-03  0.20452E-02  0.12783E-02 -0.55338E+02  0.16190E+03  0.13745E+03 -0.47783E+00  0.34989E+00  0.80576E+00   7.430   1.281
 0.310       649993 -0.21137E-02 -0.52842E-03 -0.13210E-02  0.24533E+03  0.18545E+03  0.20890E+03 -0.40277E+00  0.51397E+00  0.75737E+00   7.763   1.542
 0.320       824645  0.00000E+00  0.10901E-02 -0.27253E-03  0.39812E+02  0.11047E+03 -0.17034E+03 -0.34818E+00  0.53731E+00  0.76816E+00   7.765   2.729
 0.330       416422  0.11249E-02  0.11249E-02  0.56243E-03 -0.14260E+03  0.28760E+03  0.37778E+02 -0.34124E+00  0.58839E+00  0.73304E+00   7.859   2.038
 0.340       973290 -0.11597E-02 -0.57986E-03 -0.57986E-03 -0.39067E+02 -0.18772E+03  0.16540E+03 -0.50822E+00  0.71967E+00  0.47306E+00   7.697   2.508
 0.350       460131  0.59614E-03  0.11923E-02 -0.11923E-02  0.14827E+03  0.55154E+01 -0.67538E+01 -0.68561E+00  0.60014E+00  0.41204E+00   5.353   1.350
 0.360      1543055 -0.61327E-03  0.61327E-03  0.61327E-03 -0.17289E+03  0.31609E+03 -0.78088E+02 -0.59456E+00  0.65576E+00  0.46527E+00   7.171   1.885
 0.370      1397473  0.18924E-02  0.12616E-02  0.00000E+00  0.52077E+02  0.98071E+02 -0.13892E+03 -0.66005E+00  0.55336E+00  0.50806E+00   7.036   1.636
 0.380      1977578  0.12956E-02 -0.12956E-02  0.00000E+00  0.12067E+03 -0.25905E+03 -0.35984E+02 -0.73086E+00  0.53265E+00  0.42677E+00   6.807   1.042
 0.390       296727  0.66475E-03  0.26590E-02  0.00000E+00 -0.25893E+03 -0.20612E+03 -0.28835E+02 -0.70215E+00  0.56359E+00  0.43515E+00   7.265   1.077
 0.400       729211  0.34075E-02  0.00000E+00  0.68150E-03  0.29576E+03 -0.16829E+03  0.14152E+03 -0.75775E+00  0.53407E+00  0.37494E+00   7.104   0.872
 0.410       699259 -0.13973E-02  0.69863E-03 -0.20959E-02 -0.31852E+03 -0.12520E+03  0.60433E+01 -0.78255E+00  0.52482E+00  0.33494E+00   6.877   0.701
 0.420       923084  0.21466E-02  0.28621E-02 -0.14311E-02  0.31183E+01 -0.26291E+03 -0.53137E+02 -0.80147E+00  0.50586E+00  0.31899E+00   7.304   0.828
 0.430      1759189  0.73276E-03  0.14655E-02  0.14655E-02 -0.33236E+03 -0.40618E+01 -0.24667E+03 -0.81805E+00  0.46093E+00  0.34401E+00   6.787   0.694
 0.440       372124  0.22496E-02 -0.29995E-02  0.74988E-03 -0.33009E+02 -0.18472E+03 -0.19175E+03 -0.82510E+00  0.43557E+00  0.35984E+00   6.639   0.507
 0.450      1649274 -0.76680E-03  0.76680E-03 -0.15336E-02  0.24941E+03  0.13539E+02  0.45392E+02 -0.82707E+00  0.40932E+00  0.38525E+00   6.993   0.667
 0.460      1814509 -0.15670E-02 -0.23505E-02  0.23505E-02 -0.68465E+02  0.23455E+03  0.27331E+03 -0.83697E+00  0.37456E+00  0.39899E+00   6.984   0.858
