  37
 0.100 -5.28130E-02  3.35399E-02 -5.23996E-02 -3.49147E+00 -2.40415E+00  1.28545E+01 -2.63192E-01  9.44781E-01 -1.95240E-01  1.03784E+01   0.900   0.747  4.97808E+07  4.80098E+07  1.22212E+06  0.00000E+00  3.14263E+07  6.55466E-03  1.48929E+02   7.601   7.532
 0.110 -5.68185E-02 -3.20112E-02 -1.09537E-02  9.22761E+00  1.54661E+01  2.65852E+00  3.14709E-01  2.25990E-01 -9.21893E-01  3.06302E+00   1.000   0.560  7.54451E+07  7.72588E+07  7.76015E+06  3.86541E+05  4.83033E+07  7.45613E-02  1.17275E+02   8.238   7.891
 0.120  2.81342E-02  4.99192E-02  5.56178E-04  5.92197E+00  1.25991E+01  6.03991E+00 -2.78641E-01  7.63816E-01 -5.82189E-01  6.30671E+00   1.000   0.525  8.89261E+07  1.06689E+08  3.12661E+07  8.63942E+05  5.54532E+07  2.78323E-01  9.06594E+01   8.335   8.369
 0.130 -1.16907E-01  2.90492E-02  2.06675E-02  1.43053E+01 -6.63926E+00  1.59988E+00  5.91591E-01  7.62399E-01 -2.62237E-01  1.83916E+01   1.419   0.627  2.29580E+08  2.32688E+08  2.03948E+07  8.14971E+05  8.98725E+07  1.47035E-01  1.43250E+02   8.188   8.323
 0.140 -3.76724E-03  2.84190E-02  5.80308E-02 -2.66758E+00  5.90249E+00 -2.08215E+00 -2.38122E-02  8.31520E-01 -5.54984E-01  1.65424E+01   1.280   0.621  1.30364E+08  1.75314E+08  1.02164E+08  3.07166E+06  1.11821E+08  5.65448E-01  1.37360E+02   8.529   8.480
 0.150 -8.88415E-02  1.06961E-01  1.45764E-01 -8.88986E+00  9.23073E+00  4.97016E+00  8.19935E-01  1.97628E-01  5.37261E-01  3.83030E+01   1.670   0.500  3.44076E+08  4.08764E+08  1.06877E+08  1.14328E+07  1.95624E+08  1.27054E+00  1.14393E+02   8.366   8.156
 0.160  2.93071E-01 -5.58908E-02 -6.85155E-02 -7.27742E+00  5.45252E+00  7.42817E+00  1.89169E-01 -1.30184E-01  9.73277E-01  5.32786E+01   1.998   0.921  5.33614E+08  6.44071E+08  2.28333E+08  1.38231E+07  2.95141E+08  1.97003E+00  1.19674E+02   8.327   8.267
 0.170 -1.25892E-02  6.86762E-02  9.27091E-02 -2.43318E+01 -7.73420E+00 -4.55169E+00 -1.51014E-01  2.39859E-01  9.58990E-01  7.92952E+01   2.462   0.972  6.36334E+08  7.65349E+08  3.88989E+08  3.78973E+07  4.46203E+08  1.63856E+00  1.78079E+02   8.397   8.400
 0.180 -3.11190E-01  2.71571E-02 -7.69718E-02 -5.93890E+00 -3.79320E+01  1.95971E+01 -1.95586E-01  2.72979E-01  9.41928E-01  1.22602E+02   2.481   0.824  7.50470E+08  1.21439E+09  9.76267E+08  5.54993E+07  4.47533E+08  6.46205E+00  1.58043E+02   8.487   8.493
 0.190 -1.82581E-01  2.05248E-01 -6.05603E-02 -2.59783E+01 -6.03978E+00 -1.55651E+01 -3.51707E-01  1.49618E-01  9.24076E-01  1.59346E+02   3.108   1.231  6.24290E+08  8.91349E+08  1.31822E+09  1.07539E+08  6.80570E+08  2.61332E+00  2.31012E+02   8.502   8.554
 0.200 -3.55718E-01 -2.96313E-01 -9.78998E-02  2.16091E+01 -2.25133E+01  3.57750E+01 -3.34046E-01  3.49893E-01  8.75208E-01  1.83078E+02   3.141   1.279  8.03919E+08  1.07894E+09  1.63684E+09  1.28615E+08  7.14158E+08  3.90436E+00  2.83895E+02   8.461   8.550
 0.210 -8.33258E-02 -1.49178E-01  1.78834E-03  1.21320E+01 -8.08279E+00  1.34135E+01 -7.67078E-02  2.53541E-01  9.64279E-01  2.31127E+02   3.605   1.094  8.90128E+08  1.11423E+09  1.93987E+09  1.80508E+08  9.31647E+08  2.98919E+00  3.56641E+02   8.460   8.546
 0.220  5.94615E-01  2.17601E-01  1.66077E-01 -4.54724E+01  2.04245E+01 -7.95590E+00 -2.19775E-01  2.16535E-01  9.51216E-01  2.92469E+02   3.705   2.266  1.45359E+09  1.76286E+09  2.36888E+09  2.56011E+08  1.58329E+09  5.15434E+00  3.95767E+02   8.412   8.526
 0.230 -2.71070E-02  1.61676E-01 -1.40336E-01  5.57263E+00  9.25841E+00 -4.55429E+00 -2.82160E-01  2.88179E-01  9.15062E-01  3.12271E+02   4.830   1.391  1.11042E+09  1.33442E+09  2.51730E+09  1.99409E+08  1.19012E+09  2.97659E+00  4.50159E+02   8.429   8.544
 0.240  1.14587E-01  4.00146E-01 -3.73652E-02  1.13677E+00 -6.32389E+00 -2.22007E-01 -3.29777E-01  2.73982E-01  9.03427E-01  2.02706E+02   4.853   1.028  1.16012E+09  1.29930E+09  1.83817E+09  2.65632E+08  1.62228E+09  2.51339E+00  5.88246E+02   8.505   8.531
 0.250 -2.29588E-01  1.44734E-01  3.75984E-02 -1.33324E+01  7.28943E+00 -4.44418E+00 -3.19448E-01  1.55350E-01  9.34783E-01  3.45250E+02   5.493   1.409  9.61230E+08  1.18461E+09  2.61781E+09  4.25206E+08  2.03198E+09  2.81645E+00  5.92153E+02   8.569   8.557
 0.260  9.79880E-02  4.97703E-01  4.77990E-04 -2.10149E+01  1.96124E+01 -2.09821E+01 -3.51257E-01  2.22281E-01  9.09511E-01  5.14358E+02   5.628   1.044  1.43584E+09  1.64906E+09  2.81611E+09  4.25070E+08  1.86828E+09  3.53832E+00  6.46144E+02   8.470   8.565
 0.270 -2.74145E-01  1.66033E-01 -1.17721E-02 -4.51974E+00  1.09131E+01 -1.03040E+01 -3.21879E-01  2.52156E-01  9.12585E-01  4.92142E+02   6.079   1.560  1.34583E+09  1.52072E+09  3.34964E+09  5.49685E+08  2.32912E+09  2.88633E+00  6.99660E+02   8.508   8.547
 0.280  1.52231E-01  5.44702E-01 -8.64993E-02 -8.52126E+00  1.90531E+01 -5.20629E+00 -3.79043E-01  2.48421E-01  8.91411E-01  5.42909E+02   5.991   1.018  1.69292E+09  1.93291E+09  3.45742E+09  4.99371E+08  1.89347E+09  4.20819E+00  7.43904E+02   8.483   8.557
 0.290  4.15713E-02 -7.56855E-01  2.12975E-01  2.85827E+01 -1.38697E+01  2.18146E+01 -4.39405E-01  2.58927E-01  8.60163E-01  6.13917E+02   7.210   1.011  1.84785E+09  2.06092E+09  3.96988E+09  5.82675E+08  2.08561E+09  3.59565E+00  7.85951E+02   8.468   8.547
 0.300 -8.91367E-01 -1.49667E-01 -4.79402E-01  1.23453E+00 -3.83396E+01  1.14633E+01 -4.77827E-01  3.49895E-01  8.05764E-01  7.29741E+02   7.430   1.281  2.45596E+09  2.68683E+09  4.54468E+09  7.00476E+08  2.47286E+09  4.41585E+00  8.36501E+02   8.440   8.538
 0.310 -6.11171E-01  2.93321E-01 -5.19757E-01 -7.65485E+00 -6.19389E+01  1.67766E+01 -4.02768E-01  5.13966E-01  7.57375E-01  7.06706E+02   7.763   1.542  3.00793E+09  3.23905E+09  4.99245E+09  7.88303E+08  3.01559E+09  4.25505E+00  8.67424E+02   8.416   8.532
 0.320 -1.26260E-01  9.52226E-01 -4.30407E-01 -4.19424E+01  5.13720E-01 -2.33339E+01 -3.48183E-01  5.37306E-01  7.68160E-01  7.09531E+02   7.765   2.729  3.16799E+09  3.61940E+09  5.90252E+09  8.39600E+08  3.54826E+09  8.03346E+00  8.61649E+02   8.465   8.520
 0.330  6.97655E-01 -2.98077E-01  4.13563E-01  5.52431E+00  1.88695E+01 -1.72836E+01 -3.41236E-01  5.88392E-01  7.33043E-01  7.21119E+02   7.859   2.038  4.36499E+09  4.72554E+09  6.57529E+09  9.08202E+08  3.29992E+09  7.53907E+00  8.94744E+02   8.441   8.517
 0.340  8.81135E-01  2.59802E-01  1.40061E-01  6.82917E+00  7.21581E+00 -1.85629E+01 -5.08217E-01  7.19674E-01  4.73059E-01  6.21824E+02   7.697   2.508  2.28534E+09  3.29325E+09  7.23382E+09  6.74819E+08  3.32512E+09  1.12791E+01  8.67428E+02   8.619   8.548
 0.350  9.27611E-02  1.83988E-01  5.80177E-02 -2.84131E+01 -1.07894E+00 -6.92218E+00 -6.85610E-01  6.00137E-01  4.12038E-01  4.30819E+02   5.353   1.350  2.46607E+09  2.77844E+09  5.27530E+09  7.23638E+08  2.34866E+09  5.63744E+00  9.48658E+02   8.643   8.571
 0.360  4.28338E-01 -2.30014E-02  8.30006E-01  2.27119E+01 -3.63046E+00 -1.33407E+01 -5.94562E-01  6.55757E-01  4.65273E-01  6.00176E+02   7.171   1.885  2.22365E+09  2.80727E+09  6.38739E+09  8.86794E+08  3.15925E+09  7.04135E+00  9.78592E+02   8.687   8.611
 0.370  9.36576E-02  2.73138E-02  1.97258E-01 -1.11556E+01  7.10163E-01 -1.07926E+01 -6.60052E-01  5.53356E-01  5.08064E-01  7.47052E+02   7.036   1.636  2.48463E+09  2.82309E+09  6.88009E+09  8.67788E+08  3.01875E+09  5.26498E+00  1.03238E+03   8.659   8.630
 0.380 -3.15591E-01  1.13482E-01 -3.43010E-01 -2.09719E+01 -1.14100E+01  3.88095E+00 -7.30857E-01  5.32645E-01  4.26775E-01  7.60360E+02   6.807   1.042  2.11754E+09  2.57943E+09  6.96031E+09  7.94812E+08  2.36437E+09  6.36633E+00  1.07578E+03   8.681   8.654
 0.390  3.63485E-01  2.58637E-01  2.65888E-01 -8.43251E-01  1.12346E+01 -6.88396E+00 -7.02152E-01  5.63587E-01  4.35146E-01  8.91761E+02   7.265   1.077  2.24819E+09  2.61946E+09  7.90699E+09  9.65610E+08  2.49515E+09  5.44877E+00  1.12818E+03   8.673   8.660
 0.400  3.60050E-01  4.40769E-01  9.47067E-02 -1.31710E+01  9.63345E+00 -3.10506E+01 -7.57753E-01  5.34068E-01  3.74943E-01  8.52728E+02   7.104   0.872  1.84623E+09  2.19865E+09  7.79813E+09  8.75849E+08  2.16916E+09  4.85941E+00  1.19005E+03   8.717   8.674
 0.410  5.42234E-01  3.44044E-01  6.48102E-01  1.17235E+01  2.83152E+01 -1.65365E+01 -7.82549E-01  5.24817E-01  3.34939E-01  9.02571E+02   6.877   0.701  1.71131E+09  1.95225E+09  7.48367E+09  8.04047E+08  1.87003E+09  3.65535E+00  1.26655E+03   8.737   8.691
 0.420 -4.25711E-02 -2.21070E-01  3.23872E-01  4.73621E+00 -2.28150E+00  1.33793E+01 -8.01466E-01  5.05864E-01  3.18990E-01  8.96200E+02   7.304   0.828  1.51396E+09  1.74461E+09  8.46633E+09  9.54745E+08  2.11886E+09  3.12519E+00  1.36499E+03   8.773   8.689
 0.430 -1.84391E-01 -4.22608E-01  1.58602E-01  2.73727E+00 -1.22152E+01  1.32091E+01 -8.18048E-01  4.60929E-01  3.44008E-01  8.96569E+02   6.787   0.694  1.44982E+09  1.65486E+09  7.93113E+09  8.20552E+08  1.82480E+09  3.10818E+00  1.45385E+03   8.774   8.706
 0.440 -3.79668E-01 -4.96092E-01 -3.01621E-01 -4.35464E+00 -1.90908E+01  1.49793E+01 -8.25099E-01  4.35575E-01  3.59843E-01  8.46654E+02   6.639   0.507  1.12292E+09  1.33995E+09  7.07018E+09  7.16944E+08  1.41892E+09  2.91254E+00  1.51542E+03   8.806   8.729
 0.450 -9.45574E-02 -1.38895E-01  3.35020E-02  2.11117E+00 -1.27473E+01  4.47270E+00 -8.27066E-01  4.09324E-01  3.85248E-01  8.48377E+02   6.993   0.667  1.03680E+09  1.17616E+09  8.17029E+09  8.72145E+08  1.76079E+09  1.81986E+00  1.65288E+03   8.812   8.722
 0.460 -2.58274E-01 -1.06737E-01 -2.36327E-01 -7.53672E+00 -1.31097E+01 -4.01469E+00 -8.36965E-01  3.74561E-01  3.98990E-01  8.94104E+02   6.984   0.858  1.01444E+09  1.12857E+09  9.22230E+09  1.02991E+09  2.14996E+09  1.68690E+00  1.80936E+03   8.807   8.712
