  37
 0.100  5.72344E+07  5.32874E+07  6.26251E+07  5.46122E+07  2.31668E+07  8.18912E+08  1.82614E-01
 0.110  8.57437E+07  1.01416E+08  1.17095E+08  8.26317E+07  5.77618E+07  6.57457E+08  8.61143E-01
 0.120  1.04439E+08  1.70043E+08  1.99768E+08  1.00387E+08  6.87107E+07  8.62227E+08  8.54232E-01
 0.130  1.79153E+08  2.75660E+08  3.23634E+08  1.74658E+08  1.08846E+08  1.02393E+09  1.57038E+00
 0.140  1.19565E+08  4.01640E+08  4.78602E+08  1.16817E+08  1.34777E+08  9.74963E+08  1.33661E+00
 0.150  2.22288E+08  5.85004E+08  6.99549E+08  2.15684E+08  1.79141E+08  1.20268E+09  2.44581E+00
 0.160  2.75656E+08  8.30591E+08  9.98590E+08  2.68200E+08  2.25045E+08  1.36089E+09  2.77523E+00
 0.170  3.00807E+08  1.18254E+09  1.43442E+09  2.93711E+08  2.80363E+08  1.64664E+09  3.05195E+00
 0.180  2.40483E+08  1.47000E+09  1.79685E+09  2.33653E+08  3.01096E+08  1.58694E+09  3.53701E+00
 0.190  1.17694E+08  1.66424E+09  2.06607E+09  1.14101E+08  1.90139E+08  1.53615E+09  1.63684E+00
 0.200  1.66541E+08  1.80584E+09  2.26889E+09  1.61497E+08  1.31340E+08  1.61455E+09  1.64341E+00
 0.210  1.20059E+08  1.95560E+09  2.48495E+09  1.16344E+08  9.66660E+07  1.70217E+09  9.90556E-01
 0.220  8.32774E+07  1.96828E+09  2.52699E+09  8.03518E+07  5.88279E+07  1.73293E+09  6.15274E-01
 0.230  8.54226E+07  1.98596E+09  2.57057E+09  8.24779E+07  5.19862E+07  1.61845E+09  5.70958E-01
 0.240  3.75608E+08  2.91457E+09  3.73776E+09  3.70130E+08  2.83570E+08  1.90744E+09  4.07938E+00
 0.250  1.40695E+08  3.36481E+09  4.34300E+09  1.37905E+08  1.88467E+08  2.06424E+09  1.69452E+00
 0.260  7.60792E+07  3.45223E+09  4.50223E+09  7.44737E+07  6.78119E+07  2.04063E+09  6.39970E-01
 0.270  5.84895E+07  3.46075E+09  4.55480E+09  5.69142E+07  3.78100E+07  2.04470E+09  3.78053E-01
 0.280  4.86868E+07  3.44502E+09  4.56690E+09  4.74019E+07  2.60435E+07  2.02916E+09  2.78712E-01
 0.290  5.22000E+07  3.49133E+09  4.65452E+09  5.05156E+07  2.76019E+07  2.06673E+09  3.32008E-01
 0.300  6.30195E+07  3.46415E+09  4.63926E+09  6.05876E+07  3.81550E+07  2.02699E+09  4.53638E-01
 0.310  4.16916E+07  3.55738E+09  4.78529E+09  4.02844E+07  2.68641E+07  2.22345E+09  2.89170E-01
 0.320  1.18848E+08  3.62191E+09  4.87506E+09  1.15355E+08  9.16212E+07  2.10706E+09  1.19792E+00
 0.330  8.41884E+07  3.67364E+09  4.95536E+09  8.15410E+07  5.16374E+07  2.13890E+09  4.42522E-01
 0.340  9.82635E+07  3.75939E+09  5.06733E+09  9.54188E+07  9.41626E+07  2.01535E+09  9.62486E-01
 0.350  1.31286E+08  3.25494E+09  4.39696E+09  1.27846E+08  3.51842E+07  1.77866E+09  3.84099E-01
 0.360  1.42506E+08  5.49151E+09  7.25432E+09  1.39979E+08  3.19269E+08  2.39679E+09  2.35216E+00
 0.370  7.34936E+07  5.51698E+09  7.36308E+09  7.18646E+07  6.85112E+07  2.41217E+09  6.65639E-01
 0.380  5.40550E+07  5.39908E+09  7.25750E+09  5.26971E+07  4.06582E+07  2.34683E+09  4.16871E-01
 0.390  4.36184E+07  5.47792E+09  7.40240E+09  4.21929E+07  2.97338E+07  2.31382E+09  3.23064E-01
 0.400  3.67768E+07  5.50780E+09  7.47691E+09  3.56892E+07  2.92506E+07  2.28181E+09  2.98942E-01
 0.410  3.23443E+07  5.58616E+09  7.61910E+09  3.12960E+07  1.87469E+07  2.37185E+09  2.18435E-01
 0.420  2.83492E+07  5.48081E+09  7.50461E+09  2.74994E+07  1.59404E+07  2.25704E+09  1.68036E-01
 0.430  2.53752E+07  5.40771E+09  7.43020E+09  2.44818E+07  1.37166E+07  2.21938E+09  1.40389E-01
 0.440  2.35828E+07  5.48732E+09  7.56350E+09  2.26215E+07  1.23187E+07  2.28264E+09  1.33731E-01
 0.450  2.18290E+07  5.35103E+09  7.39585E+09  2.10058E+07  1.02269E+07  2.20915E+09  1.07021E-01
 0.460  1.91726E+07  5.41637E+09  7.50035E+09  1.83891E+07  1.12130E+07  2.25238E+09  1.09789E-01
