  37
 0.100   0.900  4.84495E+07  5.70213E+07  4.79091E+07  1.47898E+02  0.00000E+00  0.00000E+00  0.00000E+00  4.84495E+07  5.70213E+07  4.79091E+07
 0.110   1.000  1.01416E+08  1.17095E+08  1.00651E+08  1.18939E+02  1.04877E+07  1.26509E+07  1.03457E+07  9.09280E+07  1.04444E+08  9.03053E+07
 0.120   1.000  1.70043E+08  1.99768E+08  1.68487E+08  1.55307E+02  1.50833E+07  1.85022E+07  1.47998E+07  1.54959E+08  1.81266E+08  1.53687E+08
 0.130   1.419  2.97249E+08  3.49163E+08  2.94475E+08  1.72389E+02  2.89370E+07  3.57210E+07  2.83482E+07  2.68312E+08  3.13442E+08  2.66127E+08
 0.140   1.280  4.25480E+08  5.07221E+08  4.21398E+08  1.97373E+02  3.22025E+07  3.98250E+07  3.15403E+07  3.93277E+08  4.67396E+08  3.89858E+08
 0.150   1.670  6.66348E+08  7.95288E+08  6.59831E+08  2.16701E+02  6.68166E+07  8.27593E+07  6.55710E+07  5.99531E+08  7.12529E+08  5.94260E+08
 0.160   1.998  1.00982E+09  1.21033E+09  9.99831E+08  2.37538E+02  1.08152E+08  1.34991E+08  1.06057E+08  9.01673E+08  1.07534E+09  8.93774E+08
 0.170   2.462  1.64372E+09  1.99238E+09  1.62695E+09  2.66861E+02  3.50271E+08  4.34047E+08  3.45174E+08  1.29345E+09  1.55833E+09  1.28178E+09
 0.180   2.481  2.20141E+09  2.66423E+09  2.17943E+09  2.79781E+02  3.01158E+08  3.79598E+08  2.95572E+08  1.90025E+09  2.28463E+09  1.88386E+09
 0.190   3.108  2.69282E+09  3.32523E+09  2.66142E+09  3.47382E+02  4.17718E+08  5.29353E+08  4.09519E+08  2.27510E+09  2.79588E+09  2.25190E+09
 0.200   3.141  3.06684E+09  3.82263E+09  3.02643E+09  4.11044E+02  4.51158E+08  5.77282E+08  4.41213E+08  2.61568E+09  3.24535E+09  2.58522E+09
 0.210   3.605  3.50863E+09  4.41652E+09  3.45668E+09  4.81912E+02  5.45364E+08  7.02677E+08  5.32313E+08  2.96327E+09  3.71385E+09  2.92436E+09
 0.220   3.705  5.17998E+09  6.54890E+09  5.09726E+09  5.41954E+02  1.65549E+09  2.13363E+09  1.62069E+09  3.52449E+09  4.41527E+09  3.47657E+09
 0.230   4.830  4.44302E+09  5.65552E+09  4.36686E+09  6.04727E+02  6.40523E+08  8.35822E+08  6.22127E+08  3.80250E+09  4.81970E+09  3.74473E+09
 0.240   4.853  6.18334E+09  7.89665E+09  6.07056E+09  6.69181E+02  1.86578E+09  2.42878E+09  1.82043E+09  4.31756E+09  5.46788E+09  4.25013E+09
 0.250   5.493  6.88585E+09  8.87011E+09  6.75171E+09  7.43875E+02  1.97503E+09  2.59181E+09  1.92183E+09  4.91082E+09  6.27830E+09  4.82988E+09
 0.260   5.628  7.33458E+09  9.51545E+09  7.18036E+09  8.32213E+02  2.08031E+09  2.74482E+09  2.02024E+09  5.25427E+09  6.77063E+09  5.16012E+09
 0.270   6.079  7.78300E+09  1.01558E+10  7.60823E+09  9.20015E+02  2.17069E+09  2.87797E+09  2.10372E+09  5.61231E+09  7.27780E+09  5.50451E+09
 0.280   5.991  8.11984E+09  1.06374E+10  7.92664E+09  1.00507E+03  2.18936E+09  2.91676E+09  2.11707E+09  5.93048E+09  7.72062E+09  5.80957E+09
 0.290   7.210  8.83129E+09  1.16075E+10  8.61421E+09  1.07439E+03  2.39142E+09  3.19363E+09  2.31048E+09  6.43987E+09  8.41390E+09  6.30373E+09
 0.300   7.430  9.46140E+09  1.24691E+10  9.22127E+09  1.14657E+03  2.52076E+09  3.37785E+09  2.43221E+09  6.94065E+09  9.09123E+09  6.78905E+09
 0.310   7.763  1.03837E+10  1.37159E+10  1.01111E+10  1.21882E+03  2.87213E+09  3.85990E+09  2.76721E+09  7.51158E+09  9.85596E+09  7.34393E+09
 0.320   7.765  1.09537E+10  1.44276E+10  1.06700E+10  1.24100E+03  2.54678E+09  3.44004E+09  2.44637E+09  8.40694E+09  1.09876E+10  8.22366E+09
 0.330   7.859  1.20864E+10  1.59456E+10  1.17706E+10  1.28362E+03  2.88124E+09  3.88365E+09  2.76857E+09  9.20520E+09  1.20619E+10  9.00204E+09
 0.340   7.697  1.31501E+10  1.72456E+10  1.28122E+10  1.28501E+03  2.62300E+09  3.56335E+09  2.50398E+09  1.05271E+10  1.36822E+10  1.03082E+10
 0.350   5.353  1.55719E+10  2.04818E+10  1.51812E+10  1.29815E+03  4.90147E+09  6.52106E+09  4.74490E+09  1.06704E+10  1.39608E+10  1.04363E+10
 0.360   7.171  1.79712E+10  2.37115E+10  1.75282E+10  1.32184E+03  5.42043E+09  7.27232E+09  5.23997E+09  1.25508E+10  1.64392E+10  1.22882E+10
 0.370   7.036  1.86847E+10  2.48418E+10  1.82027E+10  1.42310E+03  5.50526E+09  7.43610E+09  5.31068E+09  1.31794E+10  1.74057E+10  1.28920E+10
 0.380   6.807  1.93163E+10  2.57982E+10  1.87979E+10  1.51783E+03  5.45819E+09  7.41261E+09  5.25198E+09  1.38582E+10  1.83856E+10  1.35459E+10
 0.390   7.265  2.04236E+10  2.73976E+10  1.98602E+10  1.60436E+03  5.67573E+09  7.73652E+09  5.45383E+09  1.47479E+10  1.96611E+10  1.44064E+10
 0.400   7.104  2.07596E+10  2.79806E+10  2.01613E+10  1.71426E+03  5.61107E+09  7.67977E+09  5.37922E+09  1.51485E+10  2.03009E+10  1.47821E+10
 0.410   6.877  2.09877E+10  2.84304E+10  2.03507E+10  1.84207E+03  5.58528E+09  7.67431E+09  5.34028E+09  1.54024E+10  2.07561E+10  1.50104E+10
 0.420   7.304  2.16105E+10  2.93929E+10  2.09313E+10  1.95199E+03  5.66460E+09  7.80346E+09  5.40842E+09  1.59459E+10  2.15894E+10  1.55229E+10
 0.430   6.787  2.13972E+10  2.92284E+10  2.06890E+10  2.09207E+03  5.51121E+09  7.61672E+09  5.24851E+09  1.58860E+10  2.16117E+10  1.54405E+10
 0.440   6.639  2.13602E+10  2.92753E+10  2.06232E+10  2.22080E+03  5.38700E+09  7.46363E+09  5.11878E+09  1.59732E+10  2.18117E+10  1.55044E+10
 0.450   6.993  2.18624E+10  3.00765E+10  2.10796E+10  2.35018E+03  5.52242E+09  7.66788E+09  5.23895E+09  1.63400E+10  2.24086E+10  1.58407E+10
 0.460   6.984  2.21071E+10  3.05218E+10  2.12848E+10  2.48628E+03  5.57688E+09  7.75982E+09  5.28154E+09  1.65302E+10  2.27620E+10  1.60033E+10
