[dsname, z, center[0], center[1], center[2], Rvir, pathname]
['VELA01', 3.997897138839777, 0.5158958435058594, 0.5061073303222656, 0.4357795715332031, 18.75, '/project/projectdirs/mp363/VELA_ANALYSIS/VELA01/10MpcBox_csf512_a0.200.d', nan, nan, nan]
[R, n_th, n_phi, n_r, r_max, num_lines, line_reached]
[0.013119479766031004, 8, 8, 10, 0.5, 150, 154]
ions
[O VI, Ne VIII, H I, C III, O IV, N III, Mg II, O V, O III, N IV, Mg X, N V, S IV, O II, S III, S II, S V, S VI, N II]
[ 0.00000000e+00  3.92699082e-01  2.35619449e+00  1.45771997e-03  3.75134870e+00             nan             nan             nan             nan             nan             nan -1.00000000e+00 -1.00000000e+00 -1.00000000e+00 -1.00000000e+00 -1.00000000e+00 -1.00000000e+00 -1.00000000e+00 -1.00000000e+00 -1.00000000e+00 -1.00000000e+00 -1.00000000e+00 -1.00000000e+00 -1.00000000e+00 -1.00000000e+00 -1.00000000e+00 -1.00000000e+00 -1.00000000e+00 -1.00000000e+00 -1.00000000e+00 -1.00000000e+00]
[ 1.00000000e+00  1.57079633e+00  0.00000000e+00  2.91543995e-03  4.13647324e+00             nan             nan             nan             nan             nan             nan -1.00000000e+00 -1.00000000e+00 -1.00000000e+00 -1.00000000e+00 -1.00000000e+00 -1.00000000e+00 -1.00000000e+00 -1.00000000e+00 -1.00000000e+00 -1.00000000e+00 -1.00000000e+00 -1.00000000e+00 -1.00000000e+00 -1.00000000e+00 -1.00000000e+00 -1.00000000e+00 -1.00000000e+00 -1.00000000e+00 -1.00000000e+00 -1.00000000e+00]
[ 2.00000000e+00  2.35619449e+00  3.92699082e+00  7.28859987e-04  3.35048454e+00             nan             nan             nan             nan             nan             nan -1.00000000e+00 -1.00000000e+00 -1.00000000e+00 -1.00000000e+00 -1.00000000e+00 -1.00000000e+00 -1.00000000e+00 -1.00000000e+00 -1.00000000e+00 -1.00000000e+00 -1.00000000e+00 -1.00000000e+00 -1.00000000e+00 -1.00000000e+00 -1.00000000e+00 -1.00000000e+00 -1.00000000e+00 -1.00000000e+00 -1.00000000e+00 -1.00000000e+00]
[ 3.00000000e+00  2.74889357e+00  0.00000000e+00  2.91543995e-03  2.06743355e+00             nan             nan             nan             nan             nan             nan -1.00000000e+00 -1.00000000e+00 -1.00000000e+00 -1.00000000e+00 -1.00000000e+00 -1.00000000e+00 -1.00000000e+00 -1.00000000e+00 -1.00000000e+00 -1.00000000e+00 -1.00000000e+00 -1.00000000e+00 -1.00000000e+00 -1.00000000e+00 -1.00000000e+00 -1.00000000e+00 -1.00000000e+00 -1.00000000e+00 -1.00000000e+00 -1.00000000e+00]
[ 4.00000000e+00  2.35619449e+00  7.85398163e-01  1.82214997e-03  1.24551920e+00             nan             nan             nan             nan             nan             nan -1.00000000e+00 -1.00000000e+00 -1.00000000e+00 -1.00000000e+00 -1.00000000e+00 -1.00000000e+00 -1.00000000e+00 -1.00000000e+00 -1.00000000e+00 -1.00000000e+00 -1.00000000e+00 -1.00000000e+00 -1.00000000e+00 -1.00000000e+00 -1.00000000e+00 -1.00000000e+00 -1.00000000e+00 -1.00000000e+00 -1.00000000e+00 -1.00000000e+00]
[ 5.00000000e+00  1.57079633e+00  2.35619449e+00  3.27986994e-03  7.65088910e-01             nan             nan             nan             nan             nan             nan -1.00000000e+00 -1.00000000e+00 -1.00000000e+00 -1.00000000e+00 -1.00000000e+00 -1.00000000e+00 -1.00000000e+00 -1.00000000e+00 -1.00000000e+00 -1.00000000e+00 -1.00000000e+00 -1.00000000e+00 -1.00000000e+00 -1.00000000e+00 -1.00000000e+00 -1.00000000e+00 -1.00000000e+00 -1.00000000e+00 -1.00000000e+00 -1.00000000e+00]
[ 6.00000000e+00  3.92699082e-01  0.00000000e+00  2.55100995e-03  5.47956019e+00             nan             nan             nan             nan             nan             nan -1.00000000e+00 -1.00000000e+00 -1.00000000e+00 -1.00000000e+00 -1.00000000e+00 -1.00000000e+00 -1.00000000e+00 -1.00000000e+00 -1.00000000e+00 -1.00000000e+00 -1.00000000e+00 -1.00000000e+00 -1.00000000e+00 -1.00000000e+00 -1.00000000e+00 -1.00000000e+00 -1.00000000e+00 -1.00000000e+00 -1.00000000e+00 -1.00000000e+00]
[ 7.00000000e+00  0.00000000e+00  2.35619449e+00  2.18657996e-03  5.45504209e+00             nan             nan             nan             nan             nan             nan -1.00000000e+00 -1.00000000e+00 -1.00000000e+00 -1.00000000e+00 -1.00000000e+00 -1.00000000e+00 -1.00000000e+00 -1.00000000e+00 -1.00000000e+00 -1.00000000e+00 -1.00000000e+00 -1.00000000e+00 -1.00000000e+00 -1.00000000e+00 -1.00000000e+00 -1.00000000e+00 -1.00000000e+00 -1.00000000e+00 -1.00000000e+00 -1.00000000e+00]
[ 8.00000000e+00  1.57079633e+00  0.00000000e+00  2.91543995e-03  5.74273999e+00             nan             nan             nan             nan             nan             nan -1.00000000e+00 -1.00000000e+00 -1.00000000e+00 -1.00000000e+00 -1.00000000e+00 -1.00000000e+00 -1.00000000e+00 -1.00000000e+00 -1.00000000e+00 -1.00000000e+00 -1.00000000e+00 -1.00000000e+00 -1.00000000e+00 -1.00000000e+00 -1.00000000e+00 -1.00000000e+00 -1.00000000e+00 -1.00000000e+00 -1.00000000e+00 -1.00000000e+00]
[ 9.00000000e+00  1.96349541e+00  5.49778714e+00  2.55100995e-03  3.28545027e+00             nan             nan             nan             nan             nan             nan -1.00000000e+00 -1.00000000e+00 -1.00000000e+00 -1.00000000e+00 -1.00000000e+00 -1.00000000e+00 -1.00000000e+00 -1.00000000e+00 -1.00000000e+00 -1.00000000e+00 -1.00000000e+00 -1.00000000e+00 -1.00000000e+00 -1.00000000e+00 -1.00000000e+00 -1.00000000e+00 -1.00000000e+00 -1.00000000e+00 -1.00000000e+00 -1.00000000e+00]
[ 1.00000000e+01  7.85398163e-01  2.35619449e+00  3.64429994e-04  2.84566890e+00             nan             nan             nan             nan             nan             nan -1.00000000e+00 -1.00000000e+00 -1.00000000e+00 -1.00000000e+00 -1.00000000e+00 -1.00000000e+00 -1.00000000e+00 -1.00000000e+00 -1.00000000e+00 -1.00000000e+00 -1.00000000e+00 -1.00000000e+00 -1.00000000e+00 -1.00000000e+00 -1.00000000e+00 -1.00000000e+00 -1.00000000e+00 -1.00000000e+00 -1.00000000e+00 -1.00000000e+00]
[ 1.10000000e+01  1.96349541e+00  1.57079633e+00  2.18657996e-03  3.69724541e+00             nan             nan             nan             nan             nan             nan -1.00000000e+00 -1.00000000e+00 -1.00000000e+00 -1.00000000e+00 -1.00000000e+00 -1.00000000e+00 -1.00000000e+00 -1.00000000e+00 -1.00000000e+00 -1.00000000e+00 -1.00000000e+00 -1.00000000e+00 -1.00000000e+00 -1.00000000e+00 -1.00000000e+00 -1.00000000e+00 -1.00000000e+00 -1.00000000e+00 -1.00000000e+00 -1.00000000e+00]
[ 1.20000000e+01  1.17809725e+00  1.57079633e+00  2.91543995e-03  6.14728840e+00             nan             nan             nan             nan             nan             nan -1.00000000e+00 -1.00000000e+00 -1.00000000e+00 -1.00000000e+00 -1.00000000e+00 -1.00000000e+00 -1.00000000e+00 -1.00000000e+00 -1.00000000e+00 -1.00000000e+00 -1.00000000e+00 -1.00000000e+00 -1.00000000e+00 -1.00000000e+00 -1.00000000e+00 -1.00000000e+00 -1.00000000e+00 -1.00000000e+00 -1.00000000e+00 -1.00000000e+00]
[ 1.30000000e+01  1.96349541e+00  0.00000000e+00  2.55100995e-03  3.53296465e+00             nan             nan             nan             nan             nan             nan -1.00000000e+00 -1.00000000e+00 -1.00000000e+00 -1.00000000e+00 -1.00000000e+00 -1.00000000e+00 -1.00000000e+00 -1.00000000e+00 -1.00000000e+00 -1.00000000e+00 -1.00000000e+00 -1.00000000e+00 -1.00000000e+00 -1.00000000e+00 -1.00000000e+00 -1.00000000e+00 -1.00000000e+00 -1.00000000e+00 -1.00000000e+00 -1.00000000e+00]
[ 1.40000000e+01  2.35619449e+00  7.85398163e-01  1.45771997e-03  3.81925235e+00             nan             nan             nan             nan             nan             nan -1.00000000e+00 -1.00000000e+00 -1.00000000e+00 -1.00000000e+00 -1.00000000e+00 -1.00000000e+00 -1.00000000e+00 -1.00000000e+00 -1.00000000e+00 -1.00000000e+00 -1.00000000e+00 -1.00000000e+00 -1.00000000e+00 -1.00000000e+00 -1.00000000e+00 -1.00000000e+00 -1.00000000e+00 -1.00000000e+00 -1.00000000e+00 -1.00000000e+00]
[ 1.50000000e+01  2.35619449e+00  7.85398163e-01  3.27986994e-03  6.06154253e+00             nan             nan             nan             nan             nan             nan -1.00000000e+00 -1.00000000e+00 -1.00000000e+00 -1.00000000e+00 -1.00000000e+00 -1.00000000e+00 -1.00000000e+00 -1.00000000e+00 -1.00000000e+00 -1.00000000e+00 -1.00000000e+00 -1.00000000e+00 -1.00000000e+00 -1.00000000e+00 -1.00000000e+00 -1.00000000e+00 -1.00000000e+00 -1.00000000e+00 -1.00000000e+00 -1.00000000e+00]
[ 1.60000000e+01  1.57079633e+00  2.35619449e+00  1.82214997e-03  5.74781660e+00             nan             nan             nan             nan             nan             nan -1.00000000e+00 -1.00000000e+00 -1.00000000e+00 -1.00000000e+00 -1.00000000e+00 -1.00000000e+00 -1.00000000e+00 -1.00000000e+00 -1.00000000e+00 -1.00000000e+00 -1.00000000e+00 -1.00000000e+00 -1.00000000e+00 -1.00000000e+00 -1.00000000e+00 -1.00000000e+00 -1.00000000e+00 -1.00000000e+00 -1.00000000e+00 -1.00000000e+00]
[ 1.70000000e+01  1.96349541e+00  3.92699082e+00  1.82214997e-03  3.07754083e+00             nan             nan             nan             nan             nan             nan -1.00000000e+00 -1.00000000e+00 -1.00000000e+00 -1.00000000e+00 -1.00000000e+00 -1.00000000e+00 -1.00000000e+00 -1.00000000e+00 -1.00000000e+00 -1.00000000e+00 -1.00000000e+00 -1.00000000e+00 -1.00000000e+00 -1.00000000e+00 -1.00000000e+00 -1.00000000e+00 -1.00000000e+00 -1.00000000e+00 -1.00000000e+00 -1.00000000e+00]
[ 1.80000000e+01  1.17809725e+00  0.00000000e+00  1.09328998e-03  1.13195304e+00             nan             nan             nan             nan             nan             nan -1.00000000e+00 -1.00000000e+00 -1.00000000e+00 -1.00000000e+00 -1.00000000e+00 -1.00000000e+00 -1.00000000e+00 -1.00000000e+00 -1.00000000e+00 -1.00000000e+00 -1.00000000e+00 -1.00000000e+00 -1.00000000e+00 -1.00000000e+00 -1.00000000e+00 -1.00000000e+00 -1.00000000e+00 -1.00000000e+00 -1.00000000e+00 -1.00000000e+00]
[ 1.90000000e+01  1.57079633e+00  0.00000000e+00  1.45771997e-03  5.22432491e+00             nan             nan             nan             nan             nan             nan -1.00000000e+00 -1.00000000e+00 -1.00000000e+00 -1.00000000e+00 -1.00000000e+00 -1.00000000e+00 -1.00000000e+00 -1.00000000e+00 -1.00000000e+00 -1.00000000e+00 -1.00000000e+00 -1.00000000e+00 -1.00000000e+00 -1.00000000e+00 -1.00000000e+00 -1.00000000e+00 -1.00000000e+00 -1.00000000e+00 -1.00000000e+00 -1.00000000e+00]
[ 2.00000000e+01  0.00000000e+00  4.71238898e+00  3.27986994e-03  5.37562722e+00             nan             nan             nan             nan             nan             nan -1.00000000e+00 -1.00000000e+00 -1.00000000e+00 -1.00000000e+00 -1.00000000e+00 -1.00000000e+00 -1.00000000e+00 -1.00000000e+00 -1.00000000e+00 -1.00000000e+00 -1.00000000e+00 -1.00000000e+00 -1.00000000e+00 -1.00000000e+00 -1.00000000e+00 -1.00000000e+00 -1.00000000e+00 -1.00000000e+00 -1.00000000e+00 -1.00000000e+00]
[ 2.10000000e+01  1.17809725e+00  3.92699082e+00  1.45771997e-03  7.68631108e-01             nan             nan             nan             nan             nan             nan -1.00000000e+00 -1.00000000e+00 -1.00000000e+00 -1.00000000e+00 -1.00000000e+00 -1.00000000e+00 -1.00000000e+00 -1.00000000e+00 -1.00000000e+00 -1.00000000e+00 -1.00000000e+00 -1.00000000e+00 -1.00000000e+00 -1.00000000e+00 -1.00000000e+00 -1.00000000e+00 -1.00000000e+00 -1.00000000e+00 -1.00000000e+00 -1.00000000e+00]
[ 2.20000000e+01  0.00000000e+00  0.00000000e+00  2.91543995e-03  1.78063484e+00             nan             nan             nan             nan             nan             nan -1.00000000e+00 -1.00000000e+00 -1.00000000e+00 -1.00000000e+00 -1.00000000e+00 -1.00000000e+00 -1.00000000e+00 -1.00000000e+00 -1.00000000e+00 -1.00000000e+00 -1.00000000e+00 -1.00000000e+00 -1.00000000e+00 -1.00000000e+00 -1.00000000e+00 -1.00000000e+00 -1.00000000e+00 -1.00000000e+00 -1.00000000e+00 -1.00000000e+00]
[ 2.30000000e+01  1.57079633e+00  3.14159265e+00  2.18657996e-03  6.05203606e+00             nan             nan             nan             nan             nan             nan -1.00000000e+00 -1.00000000e+00 -1.00000000e+00 -1.00000000e+00 -1.00000000e+00 -1.00000000e+00 -1.00000000e+00 -1.00000000e+00 -1.00000000e+00 -1.00000000e+00 -1.00000000e+00 -1.00000000e+00 -1.00000000e+00 -1.00000000e+00 -1.00000000e+00 -1.00000000e+00 -1.00000000e+00 -1.00000000e+00 -1.00000000e+00 -1.00000000e+00]
[ 2.40000000e+01  1.96349541e+00  4.71238898e+00  3.64429994e-04  2.85549844e+00             nan             nan             nan             nan             nan             nan -1.00000000e+00 -1.00000000e+00 -1.00000000e+00 -1.00000000e+00 -1.00000000e+00 -1.00000000e+00 -1.00000000e+00 -1.00000000e+00 -1.00000000e+00 -1.00000000e+00 -1.00000000e+00 -1.00000000e+00 -1.00000000e+00 -1.00000000e+00 -1.00000000e+00 -1.00000000e+00 -1.00000000e+00 -1.00000000e+00 -1.00000000e+00 -1.00000000e+00]
[ 2.50000000e+01  1.96349541e+00  7.85398163e-01  1.45771997e-03  3.26946976e+00             nan             nan             nan             nan             nan             nan -1.00000000e+00 -1.00000000e+00 -1.00000000e+00 -1.00000000e+00 -1.00000000e+00 -1.00000000e+00 -1.00000000e+00 -1.00000000e+00 -1.00000000e+00 -1.00000000e+00 -1.00000000e+00 -1.00000000e+00 -1.00000000e+00 -1.00000000e+00 -1.00000000e+00 -1.00000000e+00 -1.00000000e+00 -1.00000000e+00 -1.00000000e+00 -1.00000000e+00]
[ 2.60000000e+01  1.57079633e+00  1.57079633e+00  1.45771997e-03  1.64297971e+00             nan             nan             nan             nan             nan             nan -1.00000000e+00 -1.00000000e+00 -1.00000000e+00 -1.00000000e+00 -1.00000000e+00 -1.00000000e+00 -1.00000000e+00 -1.00000000e+00 -1.00000000e+00 -1.00000000e+00 -1.00000000e+00 -1.00000000e+00 -1.00000000e+00 -1.00000000e+00 -1.00000000e+00 -1.00000000e+00 -1.00000000e+00 -1.00000000e+00 -1.00000000e+00 -1.00000000e+00]
[ 2.70000000e+01  2.35619449e+00  2.35619449e+00  3.27986994e-03  5.98363626e+00             nan             nan             nan             nan             nan             nan -1.00000000e+00 -1.00000000e+00 -1.00000000e+00 -1.00000000e+00 -1.00000000e+00 -1.00000000e+00 -1.00000000e+00 -1.00000000e+00 -1.00000000e+00 -1.00000000e+00 -1.00000000e+00 -1.00000000e+00 -1.00000000e+00 -1.00000000e+00 -1.00000000e+00 -1.00000000e+00 -1.00000000e+00 -1.00000000e+00 -1.00000000e+00 -1.00000000e+00]
[ 2.80000000e+01  2.74889357e+00  2.35619449e+00  7.28859987e-04  5.90869888e+00             nan             nan             nan             nan             nan             nan -1.00000000e+00 -1.00000000e+00 -1.00000000e+00 -1.00000000e+00 -1.00000000e+00 -1.00000000e+00 -1.00000000e+00 -1.00000000e+00 -1.00000000e+00 -1.00000000e+00 -1.00000000e+00 -1.00000000e+00 -1.00000000e+00 -1.00000000e+00 -1.00000000e+00 -1.00000000e+00 -1.00000000e+00 -1.00000000e+00 -1.00000000e+00 -1.00000000e+00]
[ 2.90000000e+01  2.74889357e+00  5.49778714e+00  3.27986994e-03  3.93500289e+00             nan             nan             nan             nan             nan             nan -1.00000000e+00 -1.00000000e+00 -1.00000000e+00 -1.00000000e+00 -1.00000000e+00 -1.00000000e+00 -1.00000000e+00 -1.00000000e+00 -1.00000000e+00 -1.00000000e+00 -1.00000000e+00 -1.00000000e+00 -1.00000000e+00 -1.00000000e+00 -1.00000000e+00 -1.00000000e+00 -1.00000000e+00 -1.00000000e+00 -1.00000000e+00 -1.00000000e+00]
[ 3.00000000e+01  1.17809725e+00  1.57079633e+00  2.18657996e-03  2.53760337e+00             nan             nan             nan             nan             nan             nan -1.00000000e+00 -1.00000000e+00 -1.00000000e+00 -1.00000000e+00 -1.00000000e+00 -1.00000000e+00 -1.00000000e+00 -1.00000000e+00 -1.00000000e+00 -1.00000000e+00 -1.00000000e+00 -1.00000000e+00 -1.00000000e+00 -1.00000000e+00 -1.00000000e+00 -1.00000000e+00 -1.00000000e+00 -1.00000000e+00 -1.00000000e+00 -1.00000000e+00]
[ 3.10000000e+01  7.85398163e-01  7.85398163e-01  1.45771997e-03  4.38162127e+00             nan             nan             nan             nan             nan             nan -1.00000000e+00 -1.00000000e+00 -1.00000000e+00 -1.00000000e+00 -1.00000000e+00 -1.00000000e+00 -1.00000000e+00 -1.00000000e+00 -1.00000000e+00 -1.00000000e+00 -1.00000000e+00 -1.00000000e+00 -1.00000000e+00 -1.00000000e+00 -1.00000000e+00 -1.00000000e+00 -1.00000000e+00 -1.00000000e+00 -1.00000000e+00 -1.00000000e+00]
[ 3.20000000e+01  1.57079633e+00  2.35619449e+00  2.55100995e-03  2.91739373e+00             nan             nan             nan             nan             nan             nan -1.00000000e+00 -1.00000000e+00 -1.00000000e+00 -1.00000000e+00 -1.00000000e+00 -1.00000000e+00 -1.00000000e+00 -1.00000000e+00 -1.00000000e+00 -1.00000000e+00 -1.00000000e+00 -1.00000000e+00 -1.00000000e+00 -1.00000000e+00 -1.00000000e+00 -1.00000000e+00 -1.00000000e+00 -1.00000000e+00 -1.00000000e+00 -1.00000000e+00]
[ 3.30000000e+01  2.74889357e+00  3.92699082e+00  2.55100995e-03  4.83500003e+00             nan             nan             nan             nan             nan             nan -1.00000000e+00 -1.00000000e+00 -1.00000000e+00 -1.00000000e+00 -1.00000000e+00 -1.00000000e+00 -1.00000000e+00 -1.00000000e+00 -1.00000000e+00 -1.00000000e+00 -1.00000000e+00 -1.00000000e+00 -1.00000000e+00 -1.00000000e+00 -1.00000000e+00 -1.00000000e+00 -1.00000000e+00 -1.00000000e+00 -1.00000000e+00 -1.00000000e+00]
[ 3.40000000e+01  1.96349541e+00  5.49778714e+00  2.18657996e-03  2.82316465e+00             nan             nan             nan             nan             nan             nan -1.00000000e+00 -1.00000000e+00 -1.00000000e+00 -1.00000000e+00 -1.00000000e+00 -1.00000000e+00 -1.00000000e+00 -1.00000000e+00 -1.00000000e+00 -1.00000000e+00 -1.00000000e+00 -1.00000000e+00 -1.00000000e+00 -1.00000000e+00 -1.00000000e+00 -1.00000000e+00 -1.00000000e+00 -1.00000000e+00 -1.00000000e+00 -1.00000000e+00]
[ 3.50000000e+01  1.96349541e+00  5.49778714e+00  3.27986994e-03  5.64359547e+00             nan             nan             nan             nan             nan             nan -1.00000000e+00 -1.00000000e+00 -1.00000000e+00 -1.00000000e+00 -1.00000000e+00 -1.00000000e+00 -1.00000000e+00 -1.00000000e+00 -1.00000000e+00 -1.00000000e+00 -1.00000000e+00 -1.00000000e+00 -1.00000000e+00 -1.00000000e+00 -1.00000000e+00 -1.00000000e+00 -1.00000000e+00 -1.00000000e+00 -1.00000000e+00 -1.00000000e+00]
[ 3.60000000e+01  7.85398163e-01  3.14159265e+00  2.91543995e-03  5.49759754e+00             nan             nan             nan             nan             nan             nan -1.00000000e+00 -1.00000000e+00 -1.00000000e+00 -1.00000000e+00 -1.00000000e+00 -1.00000000e+00 -1.00000000e+00 -1.00000000e+00 -1.00000000e+00 -1.00000000e+00 -1.00000000e+00 -1.00000000e+00 -1.00000000e+00 -1.00000000e+00 -1.00000000e+00 -1.00000000e+00 -1.00000000e+00 -1.00000000e+00 -1.00000000e+00 -1.00000000e+00]
[ 3.70000000e+01  1.17809725e+00  7.85398163e-01  3.27986994e-03  6.11404910e+00             nan             nan             nan             nan             nan             nan -1.00000000e+00 -1.00000000e+00 -1.00000000e+00 -1.00000000e+00 -1.00000000e+00 -1.00000000e+00 -1.00000000e+00 -1.00000000e+00 -1.00000000e+00 -1.00000000e+00 -1.00000000e+00 -1.00000000e+00 -1.00000000e+00 -1.00000000e+00 -1.00000000e+00 -1.00000000e+00 -1.00000000e+00 -1.00000000e+00 -1.00000000e+00 -1.00000000e+00]
[ 3.80000000e+01  0.00000000e+00  0.00000000e+00  1.45771997e-03  3.62414576e+00             nan             nan             nan             nan             nan             nan -1.00000000e+00 -1.00000000e+00 -1.00000000e+00 -1.00000000e+00 -1.00000000e+00 -1.00000000e+00 -1.00000000e+00 -1.00000000e+00 -1.00000000e+00 -1.00000000e+00 -1.00000000e+00 -1.00000000e+00 -1.00000000e+00 -1.00000000e+00 -1.00000000e+00 -1.00000000e+00 -1.00000000e+00 -1.00000000e+00 -1.00000000e+00 -1.00000000e+00]
[ 3.90000000e+01  2.74889357e+00  3.14159265e+00  1.45771997e-03  5.49340670e+00             nan             nan             nan             nan             nan             nan -1.00000000e+00 -1.00000000e+00 -1.00000000e+00 -1.00000000e+00 -1.00000000e+00 -1.00000000e+00 -1.00000000e+00 -1.00000000e+00 -1.00000000e+00 -1.00000000e+00 -1.00000000e+00 -1.00000000e+00 -1.00000000e+00 -1.00000000e+00 -1.00000000e+00 -1.00000000e+00 -1.00000000e+00 -1.00000000e+00 -1.00000000e+00 -1.00000000e+00]
[ 4.00000000e+01  3.92699082e-01  3.92699082e+00  3.27986994e-03  5.35441113e+00             nan             nan             nan             nan             nan             nan -1.00000000e+00 -1.00000000e+00 -1.00000000e+00 -1.00000000e+00 -1.00000000e+00 -1.00000000e+00 -1.00000000e+00 -1.00000000e+00 -1.00000000e+00 -1.00000000e+00 -1.00000000e+00 -1.00000000e+00 -1.00000000e+00 -1.00000000e+00 -1.00000000e+00 -1.00000000e+00 -1.00000000e+00 -1.00000000e+00 -1.00000000e+00 -1.00000000e+00]
[ 4.10000000e+01  1.96349541e+00  7.85398163e-01  2.91543995e-03  1.99749576e+00             nan             nan             nan             nan             nan             nan -1.00000000e+00 -1.00000000e+00 -1.00000000e+00 -1.00000000e+00 -1.00000000e+00 -1.00000000e+00 -1.00000000e+00 -1.00000000e+00 -1.00000000e+00 -1.00000000e+00 -1.00000000e+00 -1.00000000e+00 -1.00000000e+00 -1.00000000e+00 -1.00000000e+00 -1.00000000e+00 -1.00000000e+00 -1.00000000e+00 -1.00000000e+00 -1.00000000e+00]
[ 4.20000000e+01  2.35619449e+00  1.57079633e+00  3.27986994e-03  4.71587539e-01             nan             nan             nan             nan             nan             nan -1.00000000e+00 -1.00000000e+00 -1.00000000e+00 -1.00000000e+00 -1.00000000e+00 -1.00000000e+00 -1.00000000e+00 -1.00000000e+00 -1.00000000e+00 -1.00000000e+00 -1.00000000e+00 -1.00000000e+00 -1.00000000e+00 -1.00000000e+00 -1.00000000e+00 -1.00000000e+00 -1.00000000e+00 -1.00000000e+00 -1.00000000e+00 -1.00000000e+00]
[ 4.30000000e+01  1.96349541e+00  5.49778714e+00  1.45771997e-03  8.03729711e-01             nan             nan             nan             nan             nan             nan -1.00000000e+00 -1.00000000e+00 -1.00000000e+00 -1.00000000e+00 -1.00000000e+00 -1.00000000e+00 -1.00000000e+00 -1.00000000e+00 -1.00000000e+00 -1.00000000e+00 -1.00000000e+00 -1.00000000e+00 -1.00000000e+00 -1.00000000e+00 -1.00000000e+00 -1.00000000e+00 -1.00000000e+00 -1.00000000e+00 -1.00000000e+00 -1.00000000e+00]
[ 4.40000000e+01  7.85398163e-01  3.92699082e+00  1.45771997e-03  2.87493914e-01             nan             nan             nan             nan             nan             nan -1.00000000e+00 -1.00000000e+00 -1.00000000e+00 -1.00000000e+00 -1.00000000e+00 -1.00000000e+00 -1.00000000e+00 -1.00000000e+00 -1.00000000e+00 -1.00000000e+00 -1.00000000e+00 -1.00000000e+00 -1.00000000e+00 -1.00000000e+00 -1.00000000e+00 -1.00000000e+00 -1.00000000e+00 -1.00000000e+00 -1.00000000e+00 -1.00000000e+00]
[ 4.50000000e+01  2.35619449e+00  7.85398163e-01  2.91543995e-03  4.34475188e-01             nan             nan             nan             nan             nan             nan -1.00000000e+00 -1.00000000e+00 -1.00000000e+00 -1.00000000e+00 -1.00000000e+00 -1.00000000e+00 -1.00000000e+00 -1.00000000e+00 -1.00000000e+00 -1.00000000e+00 -1.00000000e+00 -1.00000000e+00 -1.00000000e+00 -1.00000000e+00 -1.00000000e+00 -1.00000000e+00 -1.00000000e+00 -1.00000000e+00 -1.00000000e+00 -1.00000000e+00]
[ 4.60000000e+01  2.35619449e+00  1.57079633e+00  2.18657996e-03  5.03738045e+00             nan             nan             nan             nan             nan             nan -1.00000000e+00 -1.00000000e+00 -1.00000000e+00 -1.00000000e+00 -1.00000000e+00 -1.00000000e+00 -1.00000000e+00 -1.00000000e+00 -1.00000000e+00 -1.00000000e+00 -1.00000000e+00 -1.00000000e+00 -1.00000000e+00 -1.00000000e+00 -1.00000000e+00 -1.00000000e+00 -1.00000000e+00 -1.00000000e+00 -1.00000000e+00 -1.00000000e+00]
[ 4.70000000e+01  1.17809725e+00  2.35619449e+00  2.91543995e-03  5.75898257e+00             nan             nan             nan             nan             nan             nan -1.00000000e+00 -1.00000000e+00 -1.00000000e+00 -1.00000000e+00 -1.00000000e+00 -1.00000000e+00 -1.00000000e+00 -1.00000000e+00 -1.00000000e+00 -1.00000000e+00 -1.00000000e+00 -1.00000000e+00 -1.00000000e+00 -1.00000000e+00 -1.00000000e+00 -1.00000000e+00 -1.00000000e+00 -1.00000000e+00 -1.00000000e+00 -1.00000000e+00]
[ 4.80000000e+01  1.17809725e+00  1.57079633e+00  1.09328998e-03  6.18829631e+00             nan             nan             nan             nan             nan             nan -1.00000000e+00 -1.00000000e+00 -1.00000000e+00 -1.00000000e+00 -1.00000000e+00 -1.00000000e+00 -1.00000000e+00 -1.00000000e+00 -1.00000000e+00 -1.00000000e+00 -1.00000000e+00 -1.00000000e+00 -1.00000000e+00 -1.00000000e+00 -1.00000000e+00 -1.00000000e+00 -1.00000000e+00 -1.00000000e+00 -1.00000000e+00 -1.00000000e+00]
[ 4.90000000e+01  1.96349541e+00  2.35619449e+00  1.82214997e-03  5.48004762e+00             nan             nan             nan             nan             nan             nan -1.00000000e+00 -1.00000000e+00 -1.00000000e+00 -1.00000000e+00 -1.00000000e+00 -1.00000000e+00 -1.00000000e+00 -1.00000000e+00 -1.00000000e+00 -1.00000000e+00 -1.00000000e+00 -1.00000000e+00 -1.00000000e+00 -1.00000000e+00 -1.00000000e+00 -1.00000000e+00 -1.00000000e+00 -1.00000000e+00 -1.00000000e+00 -1.00000000e+00]
[ 5.00000000e+01  0.00000000e+00  5.49778714e+00  3.27986994e-03  2.49763612e-01             nan             nan             nan             nan             nan             nan -1.00000000e+00 -1.00000000e+00 -1.00000000e+00 -1.00000000e+00 -1.00000000e+00 -1.00000000e+00 -1.00000000e+00 -1.00000000e+00 -1.00000000e+00 -1.00000000e+00 -1.00000000e+00 -1.00000000e+00 -1.00000000e+00 -1.00000000e+00 -1.00000000e+00 -1.00000000e+00 -1.00000000e+00 -1.00000000e+00 -1.00000000e+00 -1.00000000e+00]
[ 5.10000000e+01  2.74889357e+00  7.85398163e-01  1.45771997e-03  3.96205883e+00             nan             nan             nan             nan             nan             nan -1.00000000e+00 -1.00000000e+00 -1.00000000e+00 -1.00000000e+00 -1.00000000e+00 -1.00000000e+00 -1.00000000e+00 -1.00000000e+00 -1.00000000e+00 -1.00000000e+00 -1.00000000e+00 -1.00000000e+00 -1.00000000e+00 -1.00000000e+00 -1.00000000e+00 -1.00000000e+00 -1.00000000e+00 -1.00000000e+00 -1.00000000e+00 -1.00000000e+00]
[ 5.20000000e+01  0.00000000e+00  3.14159265e+00  2.91543995e-03  9.85643194e-01             nan             nan             nan             nan             nan             nan -1.00000000e+00 -1.00000000e+00 -1.00000000e+00 -1.00000000e+00 -1.00000000e+00 -1.00000000e+00 -1.00000000e+00 -1.00000000e+00 -1.00000000e+00 -1.00000000e+00 -1.00000000e+00 -1.00000000e+00 -1.00000000e+00 -1.00000000e+00 -1.00000000e+00 -1.00000000e+00 -1.00000000e+00 -1.00000000e+00 -1.00000000e+00 -1.00000000e+00]
[ 5.30000000e+01  1.57079633e+00  4.71238898e+00  7.28859987e-04  3.91740957e-01             nan             nan             nan             nan             nan             nan -1.00000000e+00 -1.00000000e+00 -1.00000000e+00 -1.00000000e+00 -1.00000000e+00 -1.00000000e+00 -1.00000000e+00 -1.00000000e+00 -1.00000000e+00 -1.00000000e+00 -1.00000000e+00 -1.00000000e+00 -1.00000000e+00 -1.00000000e+00 -1.00000000e+00 -1.00000000e+00 -1.00000000e+00 -1.00000000e+00 -1.00000000e+00 -1.00000000e+00]
[54.          1.17809725  0.          0.          2.76474831         nan         nan         nan         nan         nan         nan -1. -1.         -1.         -1.         -1.         -1.         -1. -1.         -1.         -1.         -1.         -1.         -1. -1.         -1.         -1.         -1.         -1.         -1. -1.        ]
[ 5.50000000e+01  1.96349541e+00  3.14159265e+00  2.55100995e-03  2.73778697e+00             nan             nan             nan             nan             nan             nan -1.00000000e+00 -1.00000000e+00 -1.00000000e+00 -1.00000000e+00 -1.00000000e+00 -1.00000000e+00 -1.00000000e+00 -1.00000000e+00 -1.00000000e+00 -1.00000000e+00 -1.00000000e+00 -1.00000000e+00 -1.00000000e+00 -1.00000000e+00 -1.00000000e+00 -1.00000000e+00 -1.00000000e+00 -1.00000000e+00 -1.00000000e+00 -1.00000000e+00]
[ 5.60000000e+01  1.96349541e+00  4.71238898e+00  3.27986994e-03  1.61656450e-01             nan             nan             nan             nan             nan             nan -1.00000000e+00 -1.00000000e+00 -1.00000000e+00 -1.00000000e+00 -1.00000000e+00 -1.00000000e+00 -1.00000000e+00 -1.00000000e+00 -1.00000000e+00 -1.00000000e+00 -1.00000000e+00 -1.00000000e+00 -1.00000000e+00 -1.00000000e+00 -1.00000000e+00 -1.00000000e+00 -1.00000000e+00 -1.00000000e+00 -1.00000000e+00 -1.00000000e+00]
[ 5.70000000e+01  7.85398163e-01  5.49778714e+00  3.27986994e-03  3.86125965e+00             nan             nan             nan             nan             nan             nan -1.00000000e+00 -1.00000000e+00 -1.00000000e+00 -1.00000000e+00 -1.00000000e+00 -1.00000000e+00 -1.00000000e+00 -1.00000000e+00 -1.00000000e+00 -1.00000000e+00 -1.00000000e+00 -1.00000000e+00 -1.00000000e+00 -1.00000000e+00 -1.00000000e+00 -1.00000000e+00 -1.00000000e+00 -1.00000000e+00 -1.00000000e+00 -1.00000000e+00]
[ 5.80000000e+01  2.35619449e+00  1.57079633e+00  7.28859987e-04  1.31271020e+00             nan             nan             nan             nan             nan             nan -1.00000000e+00 -1.00000000e+00 -1.00000000e+00 -1.00000000e+00 -1.00000000e+00 -1.00000000e+00 -1.00000000e+00 -1.00000000e+00 -1.00000000e+00 -1.00000000e+00 -1.00000000e+00 -1.00000000e+00 -1.00000000e+00 -1.00000000e+00 -1.00000000e+00 -1.00000000e+00 -1.00000000e+00 -1.00000000e+00 -1.00000000e+00 -1.00000000e+00]
[ 5.90000000e+01  1.96349541e+00  2.35619449e+00  1.45771997e-03  4.61258550e+00             nan             nan             nan             nan             nan             nan -1.00000000e+00 -1.00000000e+00 -1.00000000e+00 -1.00000000e+00 -1.00000000e+00 -1.00000000e+00 -1.00000000e+00 -1.00000000e+00 -1.00000000e+00 -1.00000000e+00 -1.00000000e+00 -1.00000000e+00 -1.00000000e+00 -1.00000000e+00 -1.00000000e+00 -1.00000000e+00 -1.00000000e+00 -1.00000000e+00 -1.00000000e+00 -1.00000000e+00]
[ 6.00000000e+01  1.17809725e+00  3.92699082e+00  2.55100995e-03  5.39317191e+00             nan             nan             nan             nan             nan             nan -1.00000000e+00 -1.00000000e+00 -1.00000000e+00 -1.00000000e+00 -1.00000000e+00 -1.00000000e+00 -1.00000000e+00 -1.00000000e+00 -1.00000000e+00 -1.00000000e+00 -1.00000000e+00 -1.00000000e+00 -1.00000000e+00 -1.00000000e+00 -1.00000000e+00 -1.00000000e+00 -1.00000000e+00 -1.00000000e+00 -1.00000000e+00 -1.00000000e+00]
[ 6.10000000e+01  1.57079633e+00  3.92699082e+00  2.55100995e-03  6.47696802e-02             nan             nan             nan             nan             nan             nan -1.00000000e+00 -1.00000000e+00 -1.00000000e+00 -1.00000000e+00 -1.00000000e+00 -1.00000000e+00 -1.00000000e+00 -1.00000000e+00 -1.00000000e+00 -1.00000000e+00 -1.00000000e+00 -1.00000000e+00 -1.00000000e+00 -1.00000000e+00 -1.00000000e+00 -1.00000000e+00 -1.00000000e+00 -1.00000000e+00 -1.00000000e+00 -1.00000000e+00]
[ 6.20000000e+01  1.57079633e+00  3.92699082e+00  3.27986994e-03  3.74415944e+00             nan             nan             nan             nan             nan             nan -1.00000000e+00 -1.00000000e+00 -1.00000000e+00 -1.00000000e+00 -1.00000000e+00 -1.00000000e+00 -1.00000000e+00 -1.00000000e+00 -1.00000000e+00 -1.00000000e+00 -1.00000000e+00 -1.00000000e+00 -1.00000000e+00 -1.00000000e+00 -1.00000000e+00 -1.00000000e+00 -1.00000000e+00 -1.00000000e+00 -1.00000000e+00 -1.00000000e+00]
[ 6.30000000e+01  1.17809725e+00  5.49778714e+00  2.91543995e-03  5.93975813e+00             nan             nan             nan             nan             nan             nan -1.00000000e+00 -1.00000000e+00 -1.00000000e+00 -1.00000000e+00 -1.00000000e+00 -1.00000000e+00 -1.00000000e+00 -1.00000000e+00 -1.00000000e+00 -1.00000000e+00 -1.00000000e+00 -1.00000000e+00 -1.00000000e+00 -1.00000000e+00 -1.00000000e+00 -1.00000000e+00 -1.00000000e+00 -1.00000000e+00 -1.00000000e+00 -1.00000000e+00]
[ 6.40000000e+01  2.35619449e+00  3.14159265e+00  2.55100995e-03  3.62394516e+00             nan             nan             nan             nan             nan             nan -1.00000000e+00 -1.00000000e+00 -1.00000000e+00 -1.00000000e+00 -1.00000000e+00 -1.00000000e+00 -1.00000000e+00 -1.00000000e+00 -1.00000000e+00 -1.00000000e+00 -1.00000000e+00 -1.00000000e+00 -1.00000000e+00 -1.00000000e+00 -1.00000000e+00 -1.00000000e+00 -1.00000000e+00 -1.00000000e+00 -1.00000000e+00 -1.00000000e+00]
[ 6.50000000e+01  7.85398163e-01  2.35619449e+00  7.28859987e-04  1.36548990e+00             nan             nan             nan             nan             nan             nan -1.00000000e+00 -1.00000000e+00 -1.00000000e+00 -1.00000000e+00 -1.00000000e+00 -1.00000000e+00 -1.00000000e+00 -1.00000000e+00 -1.00000000e+00 -1.00000000e+00 -1.00000000e+00 -1.00000000e+00 -1.00000000e+00 -1.00000000e+00 -1.00000000e+00 -1.00000000e+00 -1.00000000e+00 -1.00000000e+00 -1.00000000e+00 -1.00000000e+00]
[ 6.60000000e+01  1.17809725e+00  5.49778714e+00  2.18657996e-03  5.63725388e+00             nan             nan             nan             nan             nan             nan -1.00000000e+00 -1.00000000e+00 -1.00000000e+00 -1.00000000e+00 -1.00000000e+00 -1.00000000e+00 -1.00000000e+00 -1.00000000e+00 -1.00000000e+00 -1.00000000e+00 -1.00000000e+00 -1.00000000e+00 -1.00000000e+00 -1.00000000e+00 -1.00000000e+00 -1.00000000e+00 -1.00000000e+00 -1.00000000e+00 -1.00000000e+00 -1.00000000e+00]
[ 6.70000000e+01  2.35619449e+00  3.92699082e+00  2.55100995e-03  6.17289590e+00             nan             nan             nan             nan             nan             nan -1.00000000e+00 -1.00000000e+00 -1.00000000e+00 -1.00000000e+00 -1.00000000e+00 -1.00000000e+00 -1.00000000e+00 -1.00000000e+00 -1.00000000e+00 -1.00000000e+00 -1.00000000e+00 -1.00000000e+00 -1.00000000e+00 -1.00000000e+00 -1.00000000e+00 -1.00000000e+00 -1.00000000e+00 -1.00000000e+00 -1.00000000e+00 -1.00000000e+00]
[68.          1.57079633  2.35619449  0.          2.10250674         nan         nan         nan         nan         nan         nan -1. -1.         -1.         -1.         -1.         -1.         -1. -1.         -1.         -1.         -1.         -1.         -1. -1.         -1.         -1.         -1.         -1.         -1. -1.        ]
[ 6.90000000e+01  7.85398163e-01  0.00000000e+00  2.91543995e-03  1.02924448e+00             nan             nan             nan             nan             nan             nan -1.00000000e+00 -1.00000000e+00 -1.00000000e+00 -1.00000000e+00 -1.00000000e+00 -1.00000000e+00 -1.00000000e+00 -1.00000000e+00 -1.00000000e+00 -1.00000000e+00 -1.00000000e+00 -1.00000000e+00 -1.00000000e+00 -1.00000000e+00 -1.00000000e+00 -1.00000000e+00 -1.00000000e+00 -1.00000000e+00 -1.00000000e+00 -1.00000000e+00]
[ 7.00000000e+01  2.35619449e+00  4.71238898e+00  3.64429994e-04  8.23944707e-01             nan             nan             nan             nan             nan             nan -1.00000000e+00 -1.00000000e+00 -1.00000000e+00 -1.00000000e+00 -1.00000000e+00 -1.00000000e+00 -1.00000000e+00 -1.00000000e+00 -1.00000000e+00 -1.00000000e+00 -1.00000000e+00 -1.00000000e+00 -1.00000000e+00 -1.00000000e+00 -1.00000000e+00 -1.00000000e+00 -1.00000000e+00 -1.00000000e+00 -1.00000000e+00 -1.00000000e+00]
[ 7.10000000e+01  0.00000000e+00  0.00000000e+00  3.27986994e-03  4.44350421e+00             nan             nan             nan             nan             nan             nan -1.00000000e+00 -1.00000000e+00 -1.00000000e+00 -1.00000000e+00 -1.00000000e+00 -1.00000000e+00 -1.00000000e+00 -1.00000000e+00 -1.00000000e+00 -1.00000000e+00 -1.00000000e+00 -1.00000000e+00 -1.00000000e+00 -1.00000000e+00 -1.00000000e+00 -1.00000000e+00 -1.00000000e+00 -1.00000000e+00 -1.00000000e+00 -1.00000000e+00]
[ 7.20000000e+01  1.17809725e+00  2.35619449e+00  1.45771997e-03  4.14163055e+00             nan             nan             nan             nan             nan             nan -1.00000000e+00 -1.00000000e+00 -1.00000000e+00 -1.00000000e+00 -1.00000000e+00 -1.00000000e+00 -1.00000000e+00 -1.00000000e+00 -1.00000000e+00 -1.00000000e+00 -1.00000000e+00 -1.00000000e+00 -1.00000000e+00 -1.00000000e+00 -1.00000000e+00 -1.00000000e+00 -1.00000000e+00 -1.00000000e+00 -1.00000000e+00 -1.00000000e+00]
[ 7.30000000e+01  2.74889357e+00  5.49778714e+00  2.91543995e-03  1.11022531e+00             nan             nan             nan             nan             nan             nan -1.00000000e+00 -1.00000000e+00 -1.00000000e+00 -1.00000000e+00 -1.00000000e+00 -1.00000000e+00 -1.00000000e+00 -1.00000000e+00 -1.00000000e+00 -1.00000000e+00 -1.00000000e+00 -1.00000000e+00 -1.00000000e+00 -1.00000000e+00 -1.00000000e+00 -1.00000000e+00 -1.00000000e+00 -1.00000000e+00 -1.00000000e+00 -1.00000000e+00]
[ 7.40000000e+01  7.85398163e-01  3.92699082e+00  2.18657996e-03  6.03291532e+00             nan             nan             nan             nan             nan             nan -1.00000000e+00 -1.00000000e+00 -1.00000000e+00 -1.00000000e+00 -1.00000000e+00 -1.00000000e+00 -1.00000000e+00 -1.00000000e+00 -1.00000000e+00 -1.00000000e+00 -1.00000000e+00 -1.00000000e+00 -1.00000000e+00 -1.00000000e+00 -1.00000000e+00 -1.00000000e+00 -1.00000000e+00 -1.00000000e+00 -1.00000000e+00 -1.00000000e+00]
[ 7.50000000e+01  0.00000000e+00  5.49778714e+00  2.91543995e-03  6.19358709e+00             nan             nan             nan             nan             nan             nan -1.00000000e+00 -1.00000000e+00 -1.00000000e+00 -1.00000000e+00 -1.00000000e+00 -1.00000000e+00 -1.00000000e+00 -1.00000000e+00 -1.00000000e+00 -1.00000000e+00 -1.00000000e+00 -1.00000000e+00 -1.00000000e+00 -1.00000000e+00 -1.00000000e+00 -1.00000000e+00 -1.00000000e+00 -1.00000000e+00 -1.00000000e+00 -1.00000000e+00]
[ 7.60000000e+01  2.35619449e+00  0.00000000e+00  3.27986994e-03  2.05867550e+00             nan             nan             nan             nan             nan             nan -1.00000000e+00 -1.00000000e+00 -1.00000000e+00 -1.00000000e+00 -1.00000000e+00 -1.00000000e+00 -1.00000000e+00 -1.00000000e+00 -1.00000000e+00 -1.00000000e+00 -1.00000000e+00 -1.00000000e+00 -1.00000000e+00 -1.00000000e+00 -1.00000000e+00 -1.00000000e+00 -1.00000000e+00 -1.00000000e+00 -1.00000000e+00 -1.00000000e+00]
[ 7.70000000e+01  1.17809725e+00  1.57079633e+00  2.55100995e-03  5.45170096e+00             nan             nan             nan             nan             nan             nan -1.00000000e+00 -1.00000000e+00 -1.00000000e+00 -1.00000000e+00 -1.00000000e+00 -1.00000000e+00 -1.00000000e+00 -1.00000000e+00 -1.00000000e+00 -1.00000000e+00 -1.00000000e+00 -1.00000000e+00 -1.00000000e+00 -1.00000000e+00 -1.00000000e+00 -1.00000000e+00 -1.00000000e+00 -1.00000000e+00 -1.00000000e+00 -1.00000000e+00]
[ 7.80000000e+01  2.35619449e+00  3.92699082e+00  2.91543995e-03  5.15382392e+00             nan             nan             nan             nan             nan             nan -1.00000000e+00 -1.00000000e+00 -1.00000000e+00 -1.00000000e+00 -1.00000000e+00 -1.00000000e+00 -1.00000000e+00 -1.00000000e+00 -1.00000000e+00 -1.00000000e+00 -1.00000000e+00 -1.00000000e+00 -1.00000000e+00 -1.00000000e+00 -1.00000000e+00 -1.00000000e+00 -1.00000000e+00 -1.00000000e+00 -1.00000000e+00 -1.00000000e+00]
[ 7.90000000e+01  2.35619449e+00  3.92699082e+00  2.18657996e-03  1.93532675e+00             nan             nan             nan             nan             nan             nan -1.00000000e+00 -1.00000000e+00 -1.00000000e+00 -1.00000000e+00 -1.00000000e+00 -1.00000000e+00 -1.00000000e+00 -1.00000000e+00 -1.00000000e+00 -1.00000000e+00 -1.00000000e+00 -1.00000000e+00 -1.00000000e+00 -1.00000000e+00 -1.00000000e+00 -1.00000000e+00 -1.00000000e+00 -1.00000000e+00 -1.00000000e+00 -1.00000000e+00]
[ 8.00000000e+01  1.96349541e+00  4.71238898e+00  2.91543995e-03  1.66575433e+00             nan             nan             nan             nan             nan             nan -1.00000000e+00 -1.00000000e+00 -1.00000000e+00 -1.00000000e+00 -1.00000000e+00 -1.00000000e+00 -1.00000000e+00 -1.00000000e+00 -1.00000000e+00 -1.00000000e+00 -1.00000000e+00 -1.00000000e+00 -1.00000000e+00 -1.00000000e+00 -1.00000000e+00 -1.00000000e+00 -1.00000000e+00 -1.00000000e+00 -1.00000000e+00 -1.00000000e+00]
[ 8.10000000e+01  1.96349541e+00  4.71238898e+00  2.55100995e-03  3.28423181e+00             nan             nan             nan             nan             nan             nan -1.00000000e+00 -1.00000000e+00 -1.00000000e+00 -1.00000000e+00 -1.00000000e+00 -1.00000000e+00 -1.00000000e+00 -1.00000000e+00 -1.00000000e+00 -1.00000000e+00 -1.00000000e+00 -1.00000000e+00 -1.00000000e+00 -1.00000000e+00 -1.00000000e+00 -1.00000000e+00 -1.00000000e+00 -1.00000000e+00 -1.00000000e+00 -1.00000000e+00]
[ 8.20000000e+01  7.85398163e-01  5.49778714e+00  3.27986994e-03  4.72215966e+00             nan             nan             nan             nan             nan             nan -1.00000000e+00 -1.00000000e+00 -1.00000000e+00 -1.00000000e+00 -1.00000000e+00 -1.00000000e+00 -1.00000000e+00 -1.00000000e+00 -1.00000000e+00 -1.00000000e+00 -1.00000000e+00 -1.00000000e+00 -1.00000000e+00 -1.00000000e+00 -1.00000000e+00 -1.00000000e+00 -1.00000000e+00 -1.00000000e+00 -1.00000000e+00 -1.00000000e+00]
[ 8.30000000e+01  1.57079633e+00  3.92699082e+00  2.18657996e-03  4.52403514e+00             nan             nan             nan             nan             nan             nan -1.00000000e+00 -1.00000000e+00 -1.00000000e+00 -1.00000000e+00 -1.00000000e+00 -1.00000000e+00 -1.00000000e+00 -1.00000000e+00 -1.00000000e+00 -1.00000000e+00 -1.00000000e+00 -1.00000000e+00 -1.00000000e+00 -1.00000000e+00 -1.00000000e+00 -1.00000000e+00 -1.00000000e+00 -1.00000000e+00 -1.00000000e+00 -1.00000000e+00]
[ 8.40000000e+01  1.17809725e+00  3.92699082e+00  1.82214997e-03  2.35356071e+00             nan             nan             nan             nan             nan             nan -1.00000000e+00 -1.00000000e+00 -1.00000000e+00 -1.00000000e+00 -1.00000000e+00 -1.00000000e+00 -1.00000000e+00 -1.00000000e+00 -1.00000000e+00 -1.00000000e+00 -1.00000000e+00 -1.00000000e+00 -1.00000000e+00 -1.00000000e+00 -1.00000000e+00 -1.00000000e+00 -1.00000000e+00 -1.00000000e+00 -1.00000000e+00 -1.00000000e+00]
[ 8.50000000e+01  2.35619449e+00  4.71238898e+00  7.28859987e-04  3.19204354e+00             nan             nan             nan             nan             nan             nan -1.00000000e+00 -1.00000000e+00 -1.00000000e+00 -1.00000000e+00 -1.00000000e+00 -1.00000000e+00 -1.00000000e+00 -1.00000000e+00 -1.00000000e+00 -1.00000000e+00 -1.00000000e+00 -1.00000000e+00 -1.00000000e+00 -1.00000000e+00 -1.00000000e+00 -1.00000000e+00 -1.00000000e+00 -1.00000000e+00 -1.00000000e+00 -1.00000000e+00]
[86.          1.17809725  0.          0.          4.57306069         nan         nan         nan         nan         nan         nan -1. -1.         -1.         -1.         -1.         -1.         -1. -1.         -1.         -1.         -1.         -1.         -1. -1.         -1.         -1.         -1.         -1.         -1. -1.        ]
[ 8.70000000e+01  2.74889357e+00  3.14159265e+00  1.82214997e-03  3.64739753e+00             nan             nan             nan             nan             nan             nan -1.00000000e+00 -1.00000000e+00 -1.00000000e+00 -1.00000000e+00 -1.00000000e+00 -1.00000000e+00 -1.00000000e+00 -1.00000000e+00 -1.00000000e+00 -1.00000000e+00 -1.00000000e+00 -1.00000000e+00 -1.00000000e+00 -1.00000000e+00 -1.00000000e+00 -1.00000000e+00 -1.00000000e+00 -1.00000000e+00 -1.00000000e+00 -1.00000000e+00]
[ 8.80000000e+01  1.57079633e+00  0.00000000e+00  3.27986994e-03  5.35236244e+00             nan             nan             nan             nan             nan             nan -1.00000000e+00 -1.00000000e+00 -1.00000000e+00 -1.00000000e+00 -1.00000000e+00 -1.00000000e+00 -1.00000000e+00 -1.00000000e+00 -1.00000000e+00 -1.00000000e+00 -1.00000000e+00 -1.00000000e+00 -1.00000000e+00 -1.00000000e+00 -1.00000000e+00 -1.00000000e+00 -1.00000000e+00 -1.00000000e+00 -1.00000000e+00 -1.00000000e+00]
[ 8.90000000e+01  2.35619449e+00  1.57079633e+00  1.09328998e-03  3.55407355e+00             nan             nan             nan             nan             nan             nan -1.00000000e+00 -1.00000000e+00 -1.00000000e+00 -1.00000000e+00 -1.00000000e+00 -1.00000000e+00 -1.00000000e+00 -1.00000000e+00 -1.00000000e+00 -1.00000000e+00 -1.00000000e+00 -1.00000000e+00 -1.00000000e+00 -1.00000000e+00 -1.00000000e+00 -1.00000000e+00 -1.00000000e+00 -1.00000000e+00 -1.00000000e+00 -1.00000000e+00]
[ 9.00000000e+01  2.74889357e+00  5.49778714e+00  7.28859987e-04  1.32926397e+00             nan             nan             nan             nan             nan             nan -1.00000000e+00 -1.00000000e+00 -1.00000000e+00 -1.00000000e+00 -1.00000000e+00 -1.00000000e+00 -1.00000000e+00 -1.00000000e+00 -1.00000000e+00 -1.00000000e+00 -1.00000000e+00 -1.00000000e+00 -1.00000000e+00 -1.00000000e+00 -1.00000000e+00 -1.00000000e+00 -1.00000000e+00 -1.00000000e+00 -1.00000000e+00 -1.00000000e+00]
[ 9.10000000e+01  1.57079633e+00  3.14159265e+00  2.18657996e-03  2.60396467e+00             nan             nan             nan             nan             nan             nan -1.00000000e+00 -1.00000000e+00 -1.00000000e+00 -1.00000000e+00 -1.00000000e+00 -1.00000000e+00 -1.00000000e+00 -1.00000000e+00 -1.00000000e+00 -1.00000000e+00 -1.00000000e+00 -1.00000000e+00 -1.00000000e+00 -1.00000000e+00 -1.00000000e+00 -1.00000000e+00 -1.00000000e+00 -1.00000000e+00 -1.00000000e+00 -1.00000000e+00]
[ 9.20000000e+01  1.17809725e+00  3.92699082e+00  2.55100995e-03  2.22735275e-01             nan             nan             nan             nan             nan             nan -1.00000000e+00 -1.00000000e+00 -1.00000000e+00 -1.00000000e+00 -1.00000000e+00 -1.00000000e+00 -1.00000000e+00 -1.00000000e+00 -1.00000000e+00 -1.00000000e+00 -1.00000000e+00 -1.00000000e+00 -1.00000000e+00 -1.00000000e+00 -1.00000000e+00 -1.00000000e+00 -1.00000000e+00 -1.00000000e+00 -1.00000000e+00 -1.00000000e+00]
[ 9.30000000e+01  1.17809725e+00  4.71238898e+00  2.18657996e-03  1.90629969e+00             nan             nan             nan             nan             nan             nan -1.00000000e+00 -1.00000000e+00 -1.00000000e+00 -1.00000000e+00 -1.00000000e+00 -1.00000000e+00 -1.00000000e+00 -1.00000000e+00 -1.00000000e+00 -1.00000000e+00 -1.00000000e+00 -1.00000000e+00 -1.00000000e+00 -1.00000000e+00 -1.00000000e+00 -1.00000000e+00 -1.00000000e+00 -1.00000000e+00 -1.00000000e+00 -1.00000000e+00]
[ 9.40000000e+01  2.35619449e+00  3.92699082e+00  3.27986994e-03  5.95630244e+00             nan             nan             nan             nan             nan             nan -1.00000000e+00 -1.00000000e+00 -1.00000000e+00 -1.00000000e+00 -1.00000000e+00 -1.00000000e+00 -1.00000000e+00 -1.00000000e+00 -1.00000000e+00 -1.00000000e+00 -1.00000000e+00 -1.00000000e+00 -1.00000000e+00 -1.00000000e+00 -1.00000000e+00 -1.00000000e+00 -1.00000000e+00 -1.00000000e+00 -1.00000000e+00 -1.00000000e+00]
[ 9.50000000e+01  7.85398163e-01  3.14159265e+00  1.82214997e-03  1.55096879e+00             nan             nan             nan             nan             nan             nan -1.00000000e+00 -1.00000000e+00 -1.00000000e+00 -1.00000000e+00 -1.00000000e+00 -1.00000000e+00 -1.00000000e+00 -1.00000000e+00 -1.00000000e+00 -1.00000000e+00 -1.00000000e+00 -1.00000000e+00 -1.00000000e+00 -1.00000000e+00 -1.00000000e+00 -1.00000000e+00 -1.00000000e+00 -1.00000000e+00 -1.00000000e+00 -1.00000000e+00]
[ 9.60000000e+01  1.96349541e+00  7.85398163e-01  1.82214997e-03  4.46707678e+00             nan             nan             nan             nan             nan             nan -1.00000000e+00 -1.00000000e+00 -1.00000000e+00 -1.00000000e+00 -1.00000000e+00 -1.00000000e+00 -1.00000000e+00 -1.00000000e+00 -1.00000000e+00 -1.00000000e+00 -1.00000000e+00 -1.00000000e+00 -1.00000000e+00 -1.00000000e+00 -1.00000000e+00 -1.00000000e+00 -1.00000000e+00 -1.00000000e+00 -1.00000000e+00 -1.00000000e+00]
[ 9.70000000e+01  7.85398163e-01  5.49778714e+00  3.27986994e-03  2.90465402e+00             nan             nan             nan             nan             nan             nan -1.00000000e+00 -1.00000000e+00 -1.00000000e+00 -1.00000000e+00 -1.00000000e+00 -1.00000000e+00 -1.00000000e+00 -1.00000000e+00 -1.00000000e+00 -1.00000000e+00 -1.00000000e+00 -1.00000000e+00 -1.00000000e+00 -1.00000000e+00 -1.00000000e+00 -1.00000000e+00 -1.00000000e+00 -1.00000000e+00 -1.00000000e+00 -1.00000000e+00]
[ 9.80000000e+01  7.85398163e-01  0.00000000e+00  2.55100995e-03  4.14763070e+00             nan             nan             nan             nan             nan             nan -1.00000000e+00 -1.00000000e+00 -1.00000000e+00 -1.00000000e+00 -1.00000000e+00 -1.00000000e+00 -1.00000000e+00 -1.00000000e+00 -1.00000000e+00 -1.00000000e+00 -1.00000000e+00 -1.00000000e+00 -1.00000000e+00 -1.00000000e+00 -1.00000000e+00 -1.00000000e+00 -1.00000000e+00 -1.00000000e+00 -1.00000000e+00 -1.00000000e+00]
[ 9.90000000e+01  1.57079633e+00  7.85398163e-01  2.91543995e-03  4.82390059e-01             nan             nan             nan             nan             nan             nan -1.00000000e+00 -1.00000000e+00 -1.00000000e+00 -1.00000000e+00 -1.00000000e+00 -1.00000000e+00 -1.00000000e+00 -1.00000000e+00 -1.00000000e+00 -1.00000000e+00 -1.00000000e+00 -1.00000000e+00 -1.00000000e+00 -1.00000000e+00 -1.00000000e+00 -1.00000000e+00 -1.00000000e+00 -1.00000000e+00 -1.00000000e+00 -1.00000000e+00]
[ 1.00000000e+02  2.35619449e+00  2.35619449e+00  2.91543995e-03  2.53028111e+00             nan             nan             nan             nan             nan             nan -1.00000000e+00 -1.00000000e+00 -1.00000000e+00 -1.00000000e+00 -1.00000000e+00 -1.00000000e+00 -1.00000000e+00 -1.00000000e+00 -1.00000000e+00 -1.00000000e+00 -1.00000000e+00 -1.00000000e+00 -1.00000000e+00 -1.00000000e+00 -1.00000000e+00 -1.00000000e+00 -1.00000000e+00 -1.00000000e+00 -1.00000000e+00 -1.00000000e+00]
[ 1.01000000e+02  1.57079633e+00  3.14159265e+00  3.27986994e-03  2.47608353e+00             nan             nan             nan             nan             nan             nan -1.00000000e+00 -1.00000000e+00 -1.00000000e+00 -1.00000000e+00 -1.00000000e+00 -1.00000000e+00 -1.00000000e+00 -1.00000000e+00 -1.00000000e+00 -1.00000000e+00 -1.00000000e+00 -1.00000000e+00 -1.00000000e+00 -1.00000000e+00 -1.00000000e+00 -1.00000000e+00 -1.00000000e+00 -1.00000000e+00 -1.00000000e+00 -1.00000000e+00]
[ 1.02000000e+02  1.96349541e+00  3.92699082e+00  2.55100995e-03  2.71597123e+00             nan             nan             nan             nan             nan             nan -1.00000000e+00 -1.00000000e+00 -1.00000000e+00 -1.00000000e+00 -1.00000000e+00 -1.00000000e+00 -1.00000000e+00 -1.00000000e+00 -1.00000000e+00 -1.00000000e+00 -1.00000000e+00 -1.00000000e+00 -1.00000000e+00 -1.00000000e+00 -1.00000000e+00 -1.00000000e+00 -1.00000000e+00 -1.00000000e+00 -1.00000000e+00 -1.00000000e+00]
[ 1.03000000e+02  1.17809725e+00  1.57079633e+00  2.55100995e-03  5.84763129e+00             nan             nan             nan             nan             nan             nan -1.00000000e+00 -1.00000000e+00 -1.00000000e+00 -1.00000000e+00 -1.00000000e+00 -1.00000000e+00 -1.00000000e+00 -1.00000000e+00 -1.00000000e+00 -1.00000000e+00 -1.00000000e+00 -1.00000000e+00 -1.00000000e+00 -1.00000000e+00 -1.00000000e+00 -1.00000000e+00 -1.00000000e+00 -1.00000000e+00 -1.00000000e+00 -1.00000000e+00]
[104.           1.17809725   5.49778714   0.           1.85992746          nan          nan          nan          nan          nan          nan  -1.          -1.          -1.          -1.  -1.          -1.          -1.          -1.          -1.  -1.          -1.          -1.          -1.          -1.  -1.          -1.          -1.          -1.          -1.  -1.        ]
[ 1.05000000e+02  1.96349541e+00  7.85398163e-01  1.45771997e-03  3.73313294e+00             nan             nan             nan             nan             nan             nan -1.00000000e+00 -1.00000000e+00 -1.00000000e+00 -1.00000000e+00 -1.00000000e+00 -1.00000000e+00 -1.00000000e+00 -1.00000000e+00 -1.00000000e+00 -1.00000000e+00 -1.00000000e+00 -1.00000000e+00 -1.00000000e+00 -1.00000000e+00 -1.00000000e+00 -1.00000000e+00 -1.00000000e+00 -1.00000000e+00 -1.00000000e+00 -1.00000000e+00]
[ 1.06000000e+02  1.17809725e+00  2.35619449e+00  1.45771997e-03  3.46256021e+00             nan             nan             nan             nan             nan             nan -1.00000000e+00 -1.00000000e+00 -1.00000000e+00 -1.00000000e+00 -1.00000000e+00 -1.00000000e+00 -1.00000000e+00 -1.00000000e+00 -1.00000000e+00 -1.00000000e+00 -1.00000000e+00 -1.00000000e+00 -1.00000000e+00 -1.00000000e+00 -1.00000000e+00 -1.00000000e+00 -1.00000000e+00 -1.00000000e+00 -1.00000000e+00 -1.00000000e+00]
[ 1.07000000e+02  2.35619449e+00  0.00000000e+00  7.28859987e-04  3.26899449e+00             nan             nan             nan             nan             nan             nan -1.00000000e+00 -1.00000000e+00 -1.00000000e+00 -1.00000000e+00 -1.00000000e+00 -1.00000000e+00 -1.00000000e+00 -1.00000000e+00 -1.00000000e+00 -1.00000000e+00 -1.00000000e+00 -1.00000000e+00 -1.00000000e+00 -1.00000000e+00 -1.00000000e+00 -1.00000000e+00 -1.00000000e+00 -1.00000000e+00 -1.00000000e+00 -1.00000000e+00]
[ 1.08000000e+02  1.96349541e+00  3.14159265e+00  2.91543995e-03  2.80040212e+00             nan             nan             nan             nan             nan             nan -1.00000000e+00 -1.00000000e+00 -1.00000000e+00 -1.00000000e+00 -1.00000000e+00 -1.00000000e+00 -1.00000000e+00 -1.00000000e+00 -1.00000000e+00 -1.00000000e+00 -1.00000000e+00 -1.00000000e+00 -1.00000000e+00 -1.00000000e+00 -1.00000000e+00 -1.00000000e+00 -1.00000000e+00 -1.00000000e+00 -1.00000000e+00 -1.00000000e+00]
[ 1.09000000e+02  0.00000000e+00  1.57079633e+00  2.18657996e-03  3.66097031e+00             nan             nan             nan             nan             nan             nan -1.00000000e+00 -1.00000000e+00 -1.00000000e+00 -1.00000000e+00 -1.00000000e+00 -1.00000000e+00 -1.00000000e+00 -1.00000000e+00 -1.00000000e+00 -1.00000000e+00 -1.00000000e+00 -1.00000000e+00 -1.00000000e+00 -1.00000000e+00 -1.00000000e+00 -1.00000000e+00 -1.00000000e+00 -1.00000000e+00 -1.00000000e+00 -1.00000000e+00]
[ 1.10000000e+02  3.92699082e-01  1.57079633e+00  1.82214997e-03  2.76403005e+00             nan             nan             nan             nan             nan             nan -1.00000000e+00 -1.00000000e+00 -1.00000000e+00 -1.00000000e+00 -1.00000000e+00 -1.00000000e+00 -1.00000000e+00 -1.00000000e+00 -1.00000000e+00 -1.00000000e+00 -1.00000000e+00 -1.00000000e+00 -1.00000000e+00 -1.00000000e+00 -1.00000000e+00 -1.00000000e+00 -1.00000000e+00 -1.00000000e+00 -1.00000000e+00 -1.00000000e+00]
[ 1.11000000e+02  1.96349541e+00  7.85398163e-01  2.55100995e-03  3.33776692e+00             nan             nan             nan             nan             nan             nan -1.00000000e+00 -1.00000000e+00 -1.00000000e+00 -1.00000000e+00 -1.00000000e+00 -1.00000000e+00 -1.00000000e+00 -1.00000000e+00 -1.00000000e+00 -1.00000000e+00 -1.00000000e+00 -1.00000000e+00 -1.00000000e+00 -1.00000000e+00 -1.00000000e+00 -1.00000000e+00 -1.00000000e+00 -1.00000000e+00 -1.00000000e+00 -1.00000000e+00]
[ 1.12000000e+02  2.74889357e+00  1.57079633e+00  2.91543995e-03  6.23457295e+00             nan             nan             nan             nan             nan             nan -1.00000000e+00 -1.00000000e+00 -1.00000000e+00 -1.00000000e+00 -1.00000000e+00 -1.00000000e+00 -1.00000000e+00 -1.00000000e+00 -1.00000000e+00 -1.00000000e+00 -1.00000000e+00 -1.00000000e+00 -1.00000000e+00 -1.00000000e+00 -1.00000000e+00 -1.00000000e+00 -1.00000000e+00 -1.00000000e+00 -1.00000000e+00 -1.00000000e+00]
[ 1.13000000e+02  2.74889357e+00  4.71238898e+00  1.45771997e-03  1.49252857e+00             nan             nan             nan             nan             nan             nan -1.00000000e+00 -1.00000000e+00 -1.00000000e+00 -1.00000000e+00 -1.00000000e+00 -1.00000000e+00 -1.00000000e+00 -1.00000000e+00 -1.00000000e+00 -1.00000000e+00 -1.00000000e+00 -1.00000000e+00 -1.00000000e+00 -1.00000000e+00 -1.00000000e+00 -1.00000000e+00 -1.00000000e+00 -1.00000000e+00 -1.00000000e+00 -1.00000000e+00]
[ 1.14000000e+02  1.96349541e+00  3.14159265e+00  3.27986994e-03  2.60621343e+00             nan             nan             nan             nan             nan             nan -1.00000000e+00 -1.00000000e+00 -1.00000000e+00 -1.00000000e+00 -1.00000000e+00 -1.00000000e+00 -1.00000000e+00 -1.00000000e+00 -1.00000000e+00 -1.00000000e+00 -1.00000000e+00 -1.00000000e+00 -1.00000000e+00 -1.00000000e+00 -1.00000000e+00 -1.00000000e+00 -1.00000000e+00 -1.00000000e+00 -1.00000000e+00 -1.00000000e+00]
[ 1.15000000e+02  2.35619449e+00  0.00000000e+00  2.91543995e-03  1.89207837e+00             nan             nan             nan             nan             nan             nan -1.00000000e+00 -1.00000000e+00 -1.00000000e+00 -1.00000000e+00 -1.00000000e+00 -1.00000000e+00 -1.00000000e+00 -1.00000000e+00 -1.00000000e+00 -1.00000000e+00 -1.00000000e+00 -1.00000000e+00 -1.00000000e+00 -1.00000000e+00 -1.00000000e+00 -1.00000000e+00 -1.00000000e+00 -1.00000000e+00 -1.00000000e+00 -1.00000000e+00]
[116.           2.35619449   5.49778714   0.           5.2650923          nan          nan          nan          nan          nan          nan  -1.          -1.          -1.          -1.  -1.          -1.          -1.          -1.          -1.  -1.          -1.          -1.          -1.          -1.  -1.          -1.          -1.          -1.          -1.  -1.        ]
[ 1.17000000e+02  7.85398163e-01  5.49778714e+00  2.18657996e-03  3.62180262e+00             nan             nan             nan             nan             nan             nan -1.00000000e+00 -1.00000000e+00 -1.00000000e+00 -1.00000000e+00 -1.00000000e+00 -1.00000000e+00 -1.00000000e+00 -1.00000000e+00 -1.00000000e+00 -1.00000000e+00 -1.00000000e+00 -1.00000000e+00 -1.00000000e+00 -1.00000000e+00 -1.00000000e+00 -1.00000000e+00 -1.00000000e+00 -1.00000000e+00 -1.00000000e+00 -1.00000000e+00]
[ 1.18000000e+02  7.85398163e-01  1.57079633e+00  1.45771997e-03  6.16127843e+00             nan             nan             nan             nan             nan             nan -1.00000000e+00 -1.00000000e+00 -1.00000000e+00 -1.00000000e+00 -1.00000000e+00 -1.00000000e+00 -1.00000000e+00 -1.00000000e+00 -1.00000000e+00 -1.00000000e+00 -1.00000000e+00 -1.00000000e+00 -1.00000000e+00 -1.00000000e+00 -1.00000000e+00 -1.00000000e+00 -1.00000000e+00 -1.00000000e+00 -1.00000000e+00 -1.00000000e+00]
[ 1.19000000e+02  0.00000000e+00  0.00000000e+00  3.27986994e-03  1.59559708e+00             nan             nan             nan             nan             nan             nan -1.00000000e+00 -1.00000000e+00 -1.00000000e+00 -1.00000000e+00 -1.00000000e+00 -1.00000000e+00 -1.00000000e+00 -1.00000000e+00 -1.00000000e+00 -1.00000000e+00 -1.00000000e+00 -1.00000000e+00 -1.00000000e+00 -1.00000000e+00 -1.00000000e+00 -1.00000000e+00 -1.00000000e+00 -1.00000000e+00 -1.00000000e+00 -1.00000000e+00]
[ 1.20000000e+02  7.85398163e-01  0.00000000e+00  1.09328998e-03  1.99200739e+00             nan             nan             nan             nan             nan             nan -1.00000000e+00 -1.00000000e+00 -1.00000000e+00 -1.00000000e+00 -1.00000000e+00 -1.00000000e+00 -1.00000000e+00 -1.00000000e+00 -1.00000000e+00 -1.00000000e+00 -1.00000000e+00 -1.00000000e+00 -1.00000000e+00 -1.00000000e+00 -1.00000000e+00 -1.00000000e+00 -1.00000000e+00 -1.00000000e+00 -1.00000000e+00 -1.00000000e+00]
[ 1.21000000e+02  1.17809725e+00  0.00000000e+00  2.55100995e-03  5.36839202e+00             nan             nan             nan             nan             nan             nan -1.00000000e+00 -1.00000000e+00 -1.00000000e+00 -1.00000000e+00 -1.00000000e+00 -1.00000000e+00 -1.00000000e+00 -1.00000000e+00 -1.00000000e+00 -1.00000000e+00 -1.00000000e+00 -1.00000000e+00 -1.00000000e+00 -1.00000000e+00 -1.00000000e+00 -1.00000000e+00 -1.00000000e+00 -1.00000000e+00 -1.00000000e+00 -1.00000000e+00]
[ 1.22000000e+02  1.57079633e+00  5.49778714e+00  1.09328998e-03  5.25869100e+00             nan             nan             nan             nan             nan             nan -1.00000000e+00 -1.00000000e+00 -1.00000000e+00 -1.00000000e+00 -1.00000000e+00 -1.00000000e+00 -1.00000000e+00 -1.00000000e+00 -1.00000000e+00 -1.00000000e+00 -1.00000000e+00 -1.00000000e+00 -1.00000000e+00 -1.00000000e+00 -1.00000000e+00 -1.00000000e+00 -1.00000000e+00 -1.00000000e+00 -1.00000000e+00 -1.00000000e+00]
[ 1.23000000e+02  1.17809725e+00  7.85398163e-01  2.18657996e-03  3.77836298e+00             nan             nan             nan             nan             nan             nan -1.00000000e+00 -1.00000000e+00 -1.00000000e+00 -1.00000000e+00 -1.00000000e+00 -1.00000000e+00 -1.00000000e+00 -1.00000000e+00 -1.00000000e+00 -1.00000000e+00 -1.00000000e+00 -1.00000000e+00 -1.00000000e+00 -1.00000000e+00 -1.00000000e+00 -1.00000000e+00 -1.00000000e+00 -1.00000000e+00 -1.00000000e+00 -1.00000000e+00]
[ 1.24000000e+02  7.85398163e-01  5.49778714e+00  1.45771997e-03  1.86816503e+00             nan             nan             nan             nan             nan             nan -1.00000000e+00 -1.00000000e+00 -1.00000000e+00 -1.00000000e+00 -1.00000000e+00 -1.00000000e+00 -1.00000000e+00 -1.00000000e+00 -1.00000000e+00 -1.00000000e+00 -1.00000000e+00 -1.00000000e+00 -1.00000000e+00 -1.00000000e+00 -1.00000000e+00 -1.00000000e+00 -1.00000000e+00 -1.00000000e+00 -1.00000000e+00 -1.00000000e+00]
[ 1.25000000e+02  7.85398163e-01  2.35619449e+00  3.27986994e-03  1.42578725e+00             nan             nan             nan             nan             nan             nan -1.00000000e+00 -1.00000000e+00 -1.00000000e+00 -1.00000000e+00 -1.00000000e+00 -1.00000000e+00 -1.00000000e+00 -1.00000000e+00 -1.00000000e+00 -1.00000000e+00 -1.00000000e+00 -1.00000000e+00 -1.00000000e+00 -1.00000000e+00 -1.00000000e+00 -1.00000000e+00 -1.00000000e+00 -1.00000000e+00 -1.00000000e+00 -1.00000000e+00]
[ 1.26000000e+02  2.74889357e+00  3.92699082e+00  3.27986994e-03  4.34854579e+00             nan             nan             nan             nan             nan             nan -1.00000000e+00 -1.00000000e+00 -1.00000000e+00 -1.00000000e+00 -1.00000000e+00 -1.00000000e+00 -1.00000000e+00 -1.00000000e+00 -1.00000000e+00 -1.00000000e+00 -1.00000000e+00 -1.00000000e+00 -1.00000000e+00 -1.00000000e+00 -1.00000000e+00 -1.00000000e+00 -1.00000000e+00 -1.00000000e+00 -1.00000000e+00 -1.00000000e+00]
[ 1.27000000e+02  1.96349541e+00  5.49778714e+00  3.27986994e-03  5.95608076e+00             nan             nan             nan             nan             nan             nan -1.00000000e+00 -1.00000000e+00 -1.00000000e+00 -1.00000000e+00 -1.00000000e+00 -1.00000000e+00 -1.00000000e+00 -1.00000000e+00 -1.00000000e+00 -1.00000000e+00 -1.00000000e+00 -1.00000000e+00 -1.00000000e+00 -1.00000000e+00 -1.00000000e+00 -1.00000000e+00 -1.00000000e+00 -1.00000000e+00 -1.00000000e+00 -1.00000000e+00]
[ 1.28000000e+02  2.35619449e+00  3.14159265e+00  1.45771997e-03  1.81964715e+00             nan             nan             nan             nan             nan             nan -1.00000000e+00 -1.00000000e+00 -1.00000000e+00 -1.00000000e+00 -1.00000000e+00 -1.00000000e+00 -1.00000000e+00 -1.00000000e+00 -1.00000000e+00 -1.00000000e+00 -1.00000000e+00 -1.00000000e+00 -1.00000000e+00 -1.00000000e+00 -1.00000000e+00 -1.00000000e+00 -1.00000000e+00 -1.00000000e+00 -1.00000000e+00 -1.00000000e+00]
[ 1.29000000e+02  7.85398163e-01  0.00000000e+00  2.55100995e-03  4.07619463e-02             nan             nan             nan             nan             nan             nan -1.00000000e+00 -1.00000000e+00 -1.00000000e+00 -1.00000000e+00 -1.00000000e+00 -1.00000000e+00 -1.00000000e+00 -1.00000000e+00 -1.00000000e+00 -1.00000000e+00 -1.00000000e+00 -1.00000000e+00 -1.00000000e+00 -1.00000000e+00 -1.00000000e+00 -1.00000000e+00 -1.00000000e+00 -1.00000000e+00 -1.00000000e+00 -1.00000000e+00]
[ 1.30000000e+02  1.96349541e+00  0.00000000e+00  7.28859987e-04  2.35210067e+00             nan             nan             nan             nan             nan             nan -1.00000000e+00 -1.00000000e+00 -1.00000000e+00 -1.00000000e+00 -1.00000000e+00 -1.00000000e+00 -1.00000000e+00 -1.00000000e+00 -1.00000000e+00 -1.00000000e+00 -1.00000000e+00 -1.00000000e+00 -1.00000000e+00 -1.00000000e+00 -1.00000000e+00 -1.00000000e+00 -1.00000000e+00 -1.00000000e+00 -1.00000000e+00 -1.00000000e+00]
[ 1.31000000e+02  1.96349541e+00  3.92699082e+00  1.82214997e-03  5.85684720e+00             nan             nan             nan             nan             nan             nan -1.00000000e+00 -1.00000000e+00 -1.00000000e+00 -1.00000000e+00 -1.00000000e+00 -1.00000000e+00 -1.00000000e+00 -1.00000000e+00 -1.00000000e+00 -1.00000000e+00 -1.00000000e+00 -1.00000000e+00 -1.00000000e+00 -1.00000000e+00 -1.00000000e+00 -1.00000000e+00 -1.00000000e+00 -1.00000000e+00 -1.00000000e+00 -1.00000000e+00]
[ 1.32000000e+02  7.85398163e-01  0.00000000e+00  7.28859987e-04  4.74217688e+00             nan             nan             nan             nan             nan             nan -1.00000000e+00 -1.00000000e+00 -1.00000000e+00 -1.00000000e+00 -1.00000000e+00 -1.00000000e+00 -1.00000000e+00 -1.00000000e+00 -1.00000000e+00 -1.00000000e+00 -1.00000000e+00 -1.00000000e+00 -1.00000000e+00 -1.00000000e+00 -1.00000000e+00 -1.00000000e+00 -1.00000000e+00 -1.00000000e+00 -1.00000000e+00 -1.00000000e+00]
[ 1.33000000e+02  2.74889357e+00  1.57079633e+00  2.91543995e-03  3.05812673e+00             nan             nan             nan             nan             nan             nan -1.00000000e+00 -1.00000000e+00 -1.00000000e+00 -1.00000000e+00 -1.00000000e+00 -1.00000000e+00 -1.00000000e+00 -1.00000000e+00 -1.00000000e+00 -1.00000000e+00 -1.00000000e+00 -1.00000000e+00 -1.00000000e+00 -1.00000000e+00 -1.00000000e+00 -1.00000000e+00 -1.00000000e+00 -1.00000000e+00 -1.00000000e+00 -1.00000000e+00]
[ 1.34000000e+02  7.85398163e-01  4.71238898e+00  3.27986994e-03  7.20096965e-01             nan             nan             nan             nan             nan             nan -1.00000000e+00 -1.00000000e+00 -1.00000000e+00 -1.00000000e+00 -1.00000000e+00 -1.00000000e+00 -1.00000000e+00 -1.00000000e+00 -1.00000000e+00 -1.00000000e+00 -1.00000000e+00 -1.00000000e+00 -1.00000000e+00 -1.00000000e+00 -1.00000000e+00 -1.00000000e+00 -1.00000000e+00 -1.00000000e+00 -1.00000000e+00 -1.00000000e+00]
[ 1.35000000e+02  1.17809725e+00  1.57079633e+00  3.27986994e-03  1.44930715e+00             nan             nan             nan             nan             nan             nan -1.00000000e+00 -1.00000000e+00 -1.00000000e+00 -1.00000000e+00 -1.00000000e+00 -1.00000000e+00 -1.00000000e+00 -1.00000000e+00 -1.00000000e+00 -1.00000000e+00 -1.00000000e+00 -1.00000000e+00 -1.00000000e+00 -1.00000000e+00 -1.00000000e+00 -1.00000000e+00 -1.00000000e+00 -1.00000000e+00 -1.00000000e+00 -1.00000000e+00]
[ 1.36000000e+02  1.17809725e+00  7.85398163e-01  2.55100995e-03  4.68995164e+00             nan             nan             nan             nan             nan             nan -1.00000000e+00 -1.00000000e+00 -1.00000000e+00 -1.00000000e+00 -1.00000000e+00 -1.00000000e+00 -1.00000000e+00 -1.00000000e+00 -1.00000000e+00 -1.00000000e+00 -1.00000000e+00 -1.00000000e+00 -1.00000000e+00 -1.00000000e+00 -1.00000000e+00 -1.00000000e+00 -1.00000000e+00 -1.00000000e+00 -1.00000000e+00 -1.00000000e+00]
[ 1.37000000e+02  2.35619449e+00  4.71238898e+00  2.18657996e-03  4.57276002e+00             nan             nan             nan             nan             nan             nan -1.00000000e+00 -1.00000000e+00 -1.00000000e+00 -1.00000000e+00 -1.00000000e+00 -1.00000000e+00 -1.00000000e+00 -1.00000000e+00 -1.00000000e+00 -1.00000000e+00 -1.00000000e+00 -1.00000000e+00 -1.00000000e+00 -1.00000000e+00 -1.00000000e+00 -1.00000000e+00 -1.00000000e+00 -1.00000000e+00 -1.00000000e+00 -1.00000000e+00]
[ 1.38000000e+02  7.85398163e-01  5.49778714e+00  2.91543995e-03  2.05527272e+00             nan             nan             nan             nan             nan             nan -1.00000000e+00 -1.00000000e+00 -1.00000000e+00 -1.00000000e+00 -1.00000000e+00 -1.00000000e+00 -1.00000000e+00 -1.00000000e+00 -1.00000000e+00 -1.00000000e+00 -1.00000000e+00 -1.00000000e+00 -1.00000000e+00 -1.00000000e+00 -1.00000000e+00 -1.00000000e+00 -1.00000000e+00 -1.00000000e+00 -1.00000000e+00 -1.00000000e+00]
[ 1.39000000e+02  1.57079633e+00  2.35619449e+00  1.09328998e-03  2.34758359e+00             nan             nan             nan             nan             nan             nan -1.00000000e+00 -1.00000000e+00 -1.00000000e+00 -1.00000000e+00 -1.00000000e+00 -1.00000000e+00 -1.00000000e+00 -1.00000000e+00 -1.00000000e+00 -1.00000000e+00 -1.00000000e+00 -1.00000000e+00 -1.00000000e+00 -1.00000000e+00 -1.00000000e+00 -1.00000000e+00 -1.00000000e+00 -1.00000000e+00 -1.00000000e+00 -1.00000000e+00]
[ 1.40000000e+02  1.96349541e+00  5.49778714e+00  3.27986994e-03  3.83455228e+00             nan             nan             nan             nan             nan             nan -1.00000000e+00 -1.00000000e+00 -1.00000000e+00 -1.00000000e+00 -1.00000000e+00 -1.00000000e+00 -1.00000000e+00 -1.00000000e+00 -1.00000000e+00 -1.00000000e+00 -1.00000000e+00 -1.00000000e+00 -1.00000000e+00 -1.00000000e+00 -1.00000000e+00 -1.00000000e+00 -1.00000000e+00 -1.00000000e+00 -1.00000000e+00 -1.00000000e+00]
[ 1.41000000e+02  2.35619449e+00  7.85398163e-01  7.28859987e-04  7.39628539e-01             nan             nan             nan             nan             nan             nan -1.00000000e+00 -1.00000000e+00 -1.00000000e+00 -1.00000000e+00 -1.00000000e+00 -1.00000000e+00 -1.00000000e+00 -1.00000000e+00 -1.00000000e+00 -1.00000000e+00 -1.00000000e+00 -1.00000000e+00 -1.00000000e+00 -1.00000000e+00 -1.00000000e+00 -1.00000000e+00 -1.00000000e+00 -1.00000000e+00 -1.00000000e+00 -1.00000000e+00]
[ 1.42000000e+02  1.17809725e+00  7.85398163e-01  1.09328998e-03  1.17200903e+00             nan             nan             nan             nan             nan             nan -1.00000000e+00 -1.00000000e+00 -1.00000000e+00 -1.00000000e+00 -1.00000000e+00 -1.00000000e+00 -1.00000000e+00 -1.00000000e+00 -1.00000000e+00 -1.00000000e+00 -1.00000000e+00 -1.00000000e+00 -1.00000000e+00 -1.00000000e+00 -1.00000000e+00 -1.00000000e+00 -1.00000000e+00 -1.00000000e+00 -1.00000000e+00 -1.00000000e+00]
[ 1.43000000e+02  2.74889357e+00  2.35619449e+00  2.18657996e-03  2.23908348e+00             nan             nan             nan             nan             nan             nan -1.00000000e+00 -1.00000000e+00 -1.00000000e+00 -1.00000000e+00 -1.00000000e+00 -1.00000000e+00 -1.00000000e+00 -1.00000000e+00 -1.00000000e+00 -1.00000000e+00 -1.00000000e+00 -1.00000000e+00 -1.00000000e+00 -1.00000000e+00 -1.00000000e+00 -1.00000000e+00 -1.00000000e+00 -1.00000000e+00 -1.00000000e+00 -1.00000000e+00]
[ 1.44000000e+02  2.35619449e+00  3.92699082e+00  1.45771997e-03  3.87483251e+00             nan             nan             nan             nan             nan             nan -1.00000000e+00 -1.00000000e+00 -1.00000000e+00 -1.00000000e+00 -1.00000000e+00 -1.00000000e+00 -1.00000000e+00 -1.00000000e+00 -1.00000000e+00 -1.00000000e+00 -1.00000000e+00 -1.00000000e+00 -1.00000000e+00 -1.00000000e+00 -1.00000000e+00 -1.00000000e+00 -1.00000000e+00 -1.00000000e+00 -1.00000000e+00 -1.00000000e+00]
[ 1.45000000e+02  1.17809725e+00  3.92699082e+00  2.18657996e-03  3.95333692e+00             nan             nan             nan             nan             nan             nan -1.00000000e+00 -1.00000000e+00 -1.00000000e+00 -1.00000000e+00 -1.00000000e+00 -1.00000000e+00 -1.00000000e+00 -1.00000000e+00 -1.00000000e+00 -1.00000000e+00 -1.00000000e+00 -1.00000000e+00 -1.00000000e+00 -1.00000000e+00 -1.00000000e+00 -1.00000000e+00 -1.00000000e+00 -1.00000000e+00 -1.00000000e+00 -1.00000000e+00]
[ 1.46000000e+02  1.96349541e+00  4.71238898e+00  7.28859987e-04  1.02751139e-01             nan             nan             nan             nan             nan             nan -1.00000000e+00 -1.00000000e+00 -1.00000000e+00 -1.00000000e+00 -1.00000000e+00 -1.00000000e+00 -1.00000000e+00 -1.00000000e+00 -1.00000000e+00 -1.00000000e+00 -1.00000000e+00 -1.00000000e+00 -1.00000000e+00 -1.00000000e+00 -1.00000000e+00 -1.00000000e+00 -1.00000000e+00 -1.00000000e+00 -1.00000000e+00 -1.00000000e+00]
[ 1.47000000e+02  1.96349541e+00  2.35619449e+00  3.27986994e-03  4.44704882e-01             nan             nan             nan             nan             nan             nan -1.00000000e+00 -1.00000000e+00 -1.00000000e+00 -1.00000000e+00 -1.00000000e+00 -1.00000000e+00 -1.00000000e+00 -1.00000000e+00 -1.00000000e+00 -1.00000000e+00 -1.00000000e+00 -1.00000000e+00 -1.00000000e+00 -1.00000000e+00 -1.00000000e+00 -1.00000000e+00 -1.00000000e+00 -1.00000000e+00 -1.00000000e+00 -1.00000000e+00]
[ 1.48000000e+02  1.96349541e+00  7.85398163e-01  1.82214997e-03  1.69323933e+00             nan             nan             nan             nan             nan             nan -1.00000000e+00 -1.00000000e+00 -1.00000000e+00 -1.00000000e+00 -1.00000000e+00 -1.00000000e+00 -1.00000000e+00 -1.00000000e+00 -1.00000000e+00 -1.00000000e+00 -1.00000000e+00 -1.00000000e+00 -1.00000000e+00 -1.00000000e+00 -1.00000000e+00 -1.00000000e+00 -1.00000000e+00 -1.00000000e+00 -1.00000000e+00 -1.00000000e+00]
[ 1.49000000e+02  1.57079633e+00  1.57079633e+00  3.27986994e-03  1.30807143e+00             nan             nan             nan             nan             nan             nan -1.00000000e+00 -1.00000000e+00 -1.00000000e+00 -1.00000000e+00 -1.00000000e+00 -1.00000000e+00 -1.00000000e+00 -1.00000000e+00 -1.00000000e+00 -1.00000000e+00 -1.00000000e+00 -1.00000000e+00 -1.00000000e+00 -1.00000000e+00 -1.00000000e+00 -1.00000000e+00 -1.00000000e+00 -1.00000000e+00 -1.00000000e+00 -1.00000000e+00]
