  41
 0.100   0.825   0.672  1.27471E+06  1.47970E+06  1.26604E+06  1.06071E+02  0.00000E+00  0.00000E+00  0.00000E+00  1.27471E+06  1.47970E+06  1.26604E+06
 0.110   1.000   0.589  6.81124E+06  7.59116E+06  6.79107E+06  5.69525E+01  1.93667E+05  2.37907E+05  1.88624E+05  6.61758E+06  7.35325E+06  6.60244E+06
 0.120   1.233   0.794  1.14306E+07  1.32830E+07  1.13501E+07  1.29476E+02  1.82374E+06  2.22273E+06  1.79647E+06  9.60683E+06  1.10603E+07  9.55359E+06
 0.130   1.211   0.611  2.29740E+07  2.66736E+07  2.27835E+07  1.58059E+02  5.69890E+06  7.02623E+06  5.60152E+06  1.72751E+07  1.96474E+07  1.71820E+07
 0.140   1.304   0.691  9.12959E+07  1.04112E+08  9.09871E+07  8.83058E+01  3.52474E+06  4.37351E+06  3.45611E+06  8.77712E+07  9.97386E+07  8.75310E+07
 0.150   1.565   0.500  1.91805E+08  2.24581E+08  1.90932E+08  1.27536E+02  9.91688E+06  1.22302E+07  9.77044E+06  1.81888E+08  2.12351E+08  1.81162E+08
 0.160   2.016   0.779  2.27309E+08  2.73997E+08  2.25663E+08  2.02544E+02  1.68909E+07  2.10620E+07  1.66224E+07  2.10418E+08  2.52935E+08  2.09041E+08
 0.170   2.015   0.676  3.23726E+08  3.88863E+08  3.21247E+08  2.22450E+02  1.69845E+07  2.13828E+07  1.66614E+07  3.06742E+08  3.67480E+08  3.04586E+08
 0.180   2.169   1.162  1.50128E+08  1.85113E+08  1.48468E+08  3.20507E+02  2.15086E+07  2.69791E+07  2.11491E+07  1.28619E+08  1.58134E+08  1.27319E+08
 0.190   1.978   0.537  3.49232E+08  4.30241E+08  3.45420E+08  3.39399E+02  2.04250E+07  2.59620E+07  1.99966E+07  3.28807E+08  4.04279E+08  3.25423E+08
 0.200   2.715   0.869  4.53605E+08  5.66284E+08  4.47920E+08  4.05679E+02  3.96372E+07  5.03551E+07  3.88994E+07  4.13968E+08  5.15929E+08  4.09021E+08
 0.210   2.837   1.260  4.46796E+08  5.62043E+08  4.40333E+08  4.81191E+02  4.59279E+07  5.89322E+07  4.49393E+07  4.00868E+08  5.03111E+08  3.95394E+08
 0.220   2.406   0.939  3.64232E+08  4.54207E+08  3.58986E+08  4.93070E+02  2.74310E+07  3.56160E+07  2.66914E+07  3.36801E+08  4.18591E+08  3.32295E+08
 0.230   2.156   0.780  6.43540E+08  7.92657E+08  6.35732E+08  4.43318E+02  3.73459E+07  4.78195E+07  3.65124E+07  6.06194E+08  7.44837E+08  5.99220E+08
 0.240   2.674   1.265  5.33581E+08  6.70211E+08  5.26020E+08  5.36618E+02  4.43073E+07  5.72899E+07  4.31424E+07  4.89273E+08  6.12921E+08  4.82878E+08
 0.250   1.686   0.500  7.00261E+08  8.69653E+08  6.91439E+08  5.05547E+02  2.08182E+07  2.72596E+07  2.01204E+07  6.79443E+08  8.42393E+08  6.71318E+08
 0.260   1.803   0.500  9.80378E+08  1.23923E+09  9.67142E+08  5.76086E+02  3.56662E+07  4.65293E+07  3.46271E+07  9.44712E+08  1.19270E+09  9.32515E+08
 0.270   3.424   0.797  2.28650E+08  2.96870E+08  2.23769E+08  8.68701E+02  2.07819E+07  2.73290E+07  2.00144E+07  2.07869E+08  2.69541E+08  2.03755E+08
 0.280   4.587   1.736  2.72158E+08  3.55272E+08  2.65970E+08  9.56511E+02  3.54495E+07  4.69981E+07  3.41638E+07  2.36708E+08  3.08274E+08  2.31806E+08
 0.290   4.737   1.706  8.90147E+07  1.15800E+08  8.61807E+07  1.20706E+03  2.64946E+07  3.52594E+07  2.52655E+07  6.25201E+07  8.05406E+07  6.09152E+07
 0.300   1.181   0.500  6.06318E+08  7.78874E+08  5.95689E+08  8.40093E+02  1.35035E+07  1.80720E+07  1.28276E+07  5.92815E+08  7.60802E+08  5.82861E+08
 0.310   5.009   1.845  6.48139E+08  8.33317E+08  6.35961E+08  9.06730E+02  8.20647E+07  1.08892E+08  7.94083E+07  5.66074E+08  7.24425E+08  5.56553E+08
 0.320   6.267   1.889  6.34021E+08  8.14456E+08  6.21915E+08  9.39818E+02  1.23131E+08  1.63358E+08  1.19502E+08  5.10890E+08  6.51098E+08  5.02413E+08
 0.330   5.396   1.900  1.11945E+09  1.41708E+09  1.10320E+09  7.67415E+02  1.18103E+08  1.57705E+08  1.14412E+08  1.00135E+09  1.25937E+09  9.88788E+08
 0.340   6.961   1.743  1.93307E+09  2.44629E+09  1.90888E+09  7.09413E+02  1.54902E+08  2.05998E+08  1.50395E+08  1.77817E+09  2.24029E+09  1.75849E+09
 0.350   7.858   1.424  1.88289E+09  2.42211E+09  1.85721E+09  8.03081E+02  1.47671E+08  1.98386E+08  1.42937E+08  1.73522E+09  2.22373E+09  1.71427E+09
 0.360   7.665   2.116  2.17465E+09  2.82687E+09  2.14313E+09  8.87845E+02  2.24435E+08  2.96456E+08  2.18808E+08  1.95022E+09  2.53042E+09  1.92432E+09
 0.370   7.367   1.350  2.16911E+09  2.84325E+09  2.13507E+09  9.91029E+02  1.72378E+08  2.32296E+08  1.66773E+08  1.99674E+09  2.61095E+09  1.96829E+09
 0.380   7.586   1.225  2.29244E+09  3.01880E+09  2.25526E+09  1.05682E+03  2.13401E+08  2.84956E+08  2.07698E+08  2.07904E+09  2.73385E+09  2.04757E+09
 0.390   8.191   1.140  2.44742E+09  3.23155E+09  2.40657E+09  1.11793E+03  2.61423E+08  3.46770E+08  2.55153E+08  2.18600E+09  2.88478E+09  2.15141E+09
 0.400   9.100   1.197  2.58947E+09  3.42742E+09  2.54521E+09  1.17550E+03  2.84983E+08  3.81376E+08  2.77873E+08  2.30448E+09  3.04604E+09  2.26734E+09
 0.410   8.704   1.255  2.81378E+09  3.72342E+09  2.76535E+09  1.20966E+03  3.07552E+08  4.11843E+08  3.00006E+08  2.50623E+09  3.31158E+09  2.46535E+09
 0.420   9.716   1.577  3.08129E+09  4.09369E+09  3.02777E+09  1.26158E+03  3.81752E+08  5.13359E+08  3.72652E+08  2.69954E+09  3.58033E+09  2.65512E+09
 0.430   9.239   1.361  3.22096E+09  4.28918E+09  3.16322E+09  1.32782E+03  3.68213E+08  4.96703E+08  3.59002E+08  2.85275E+09  3.79248E+09  2.80422E+09
 0.440   9.441   1.302  3.38425E+09  4.52499E+09  3.32128E+09  1.40395E+03  3.72940E+08  5.05874E+08  3.63232E+08  3.01131E+09  4.01912E+09  2.95805E+09
 0.450   9.398   1.198  3.47228E+09  4.65127E+09  3.40524E+09  1.47687E+03  3.51226E+08  4.78454E+08  3.41312E+08  3.12106E+09  4.17281E+09  3.06393E+09
 0.460  10.375   1.524  3.90507E+09  5.24842E+09  3.82965E+09  1.52264E+03  4.79595E+08  6.53621E+08  4.67205E+08  3.42547E+09  4.59480E+09  3.36244E+09
 0.470  11.532   1.369  4.00818E+09  5.41928E+09  3.92674E+09  1.62779E+03  4.87996E+08  6.68296E+08  4.74967E+08  3.52018E+09  4.75099E+09  3.45178E+09
 0.480  11.499   1.047  3.95842E+09  5.36549E+09  3.87486E+09  1.71427E+03  4.48104E+08  6.14891E+08  4.35664E+08  3.51032E+09  4.75060E+09  3.43919E+09
 0.490  12.063   1.322  4.25816E+09  5.79553E+09  4.16606E+09  1.79742E+03  5.25729E+08  7.25329E+08  5.10670E+08  3.73243E+09  5.07020E+09  3.65539E+09
 0.500  12.398   1.203  4.36226E+09  5.95813E+09  4.26493E+09  1.88861E+03  5.40930E+08  7.47035E+08  5.25523E+08  3.82134E+09  5.21109E+09  3.73941E+09
