  41
 0.100   5.500   0.825  4.71148E+09  4.68330E+08  4.92429E+07  5.62036E+07  4.19391E+09  5.49104E+06  1.08629E+07  1.28772E+07  1.86895E+08  9.91046E+08  6.94684E+07  7.92404E+07  6.66927E+09  1.96944E+07  1.52452E+07  1.80259E+07  3.46437E+08
 0.110   7.250   1.000  8.08872E+09  7.04566E+08  1.27350E+08  1.47838E+08  7.25681E+09  2.56167E+07  5.38662E+07  6.12546E+07  3.27565E+08  1.05601E+09  1.34178E+08  1.55918E+08  9.41591E+09  3.83049E+07  6.28894E+07  7.18252E+07  5.21776E+08
 0.120   9.500   1.233  1.34626E+10  1.19422E+09  1.91321E+08  2.26018E+08  1.20771E+10  4.37097E+07  8.33370E+07  9.75829E+07  4.96917E+08  1.25781E+09  1.93262E+08  2.28371E+08  1.24092E+10  5.57418E+07  9.52799E+07  1.11777E+08  8.01869E+08
 0.130  11.500   1.211  1.88784E+10  1.81619E+09  2.87936E+08  3.41003E+08  1.67742E+10  2.89050E+08  1.56231E+08  1.85418E+08  1.14764E+09  1.62975E+09  2.84522E+08  3.36938E+08  1.56130E+10  3.02477E+08  1.62009E+08  1.92227E+08  1.25289E+09
 0.140  13.000   1.304  2.18622E+10  1.75462E+09  5.93347E+08  6.96721E+08  1.95142E+10  2.51740E+08  4.12047E+08  4.80899E+08  1.58511E+09  1.39442E+09  5.86905E+08  6.88810E+08  1.66668E+10  2.52631E+08  4.12703E+08  4.81637E+08  1.59085E+09
 0.150  14.500   1.565  2.44136E+10  1.73441E+09  7.53668E+08  9.06544E+08  2.19256E+10  1.85225E+08  5.40962E+08  6.47968E+08  1.56973E+09  1.14955E+09  7.42060E+08  8.92241E+08  1.54643E+10  1.98560E+08  5.53747E+08  6.63444E+08  1.72753E+09
 0.160  15.500   2.016  2.46276E+10  1.80558E+09  8.46316E+08  1.03609E+09  2.19757E+10  1.64230E+08  6.23414E+08  7.63476E+08  1.88026E+09  1.31659E+09  8.35220E+08  1.02216E+09  1.55161E+10  2.38196E+08  6.71802E+08  8.22711E+08  2.61004E+09
 0.170  16.500   2.015  2.53388E+10  1.82700E+09  1.03524E+09  1.27223E+09  2.24765E+10  2.49924E+08  8.02842E+08  9.84711E+08  2.17623E+09  1.22346E+09  1.02926E+09  1.26462E+09  1.58790E+10  3.13947E+08  8.47777E+08  1.03968E+09  2.78239E+09
 0.180  17.750   2.169  2.60826E+10  1.81954E+09  1.13122E+09  1.41037E+09  2.31319E+10  1.46057E+08  8.96985E+08  1.11755E+09  2.30917E+09  1.07583E+09  1.12416E+09  1.40132E+09  1.56624E+10  1.98898E+08  9.45494E+08  1.17759E+09  2.92173E+09
 0.190  19.000   1.978  2.74793E+10  1.92936E+09  1.24314E+09  1.56014E+09  2.43068E+10  2.53443E+08  1.00579E+09  1.26160E+09  2.56640E+09  1.18342E+09  1.23075E+09  1.54413E+09  1.45611E+10  2.64491E+08  1.01636E+09  1.27483E+09  2.68420E+09
 0.200  20.500   2.715  2.92081E+10  2.04169E+09  1.31649E+09  1.66994E+09  2.58499E+10  1.91691E+08  1.07462E+09  1.36466E+09  2.87251E+09  1.16558E+09  1.30652E+09  1.65701E+09  1.52752E+10  3.17675E+08  1.16113E+09  1.47289E+09  4.02522E+09
 0.210  22.250   2.837  3.24987E+10  2.33851E+09  1.41049E+09  1.80018E+09  2.87497E+10  2.40838E+08  1.15652E+09  1.47891E+09  3.29776E+09  1.28452E+09  1.39510E+09  1.78032E+09  1.63339E+10  3.97855E+08  1.23284E+09  1.57489E+09  4.41672E+09
 0.220  24.000   2.406  3.59514E+10  2.47855E+09  1.62527E+09  2.06440E+09  3.18475E+10  4.75307E+08  1.35981E+09  1.73220E+09  3.88937E+09  1.41464E+09  1.61519E+09  2.05122E+09  1.74475E+10  4.76887E+08  1.36096E+09  1.73366E+09  3.90076E+09
 0.230  27.000   2.156  4.38035E+10  2.26752E+09  1.99604E+09  2.52208E+09  3.95400E+10  5.65416E+08  1.76612E+09  2.22928E+09  4.56221E+09  1.17148E+09  1.97210E+09  2.49080E+09  1.70981E+10  4.61966E+08  1.65137E+09  2.08550E+09  3.49987E+09
 0.240  31.500   2.674  6.26702E+10  2.83303E+09  2.62751E+09  3.35081E+09  5.72097E+10  4.01087E+08  1.99659E+09  2.54449E+09  5.21410E+09  9.15830E+08  2.15621E+09  2.75037E+09  1.69617E+10  3.34028E+08  1.93419E+09  2.46453E+09  4.33142E+09
 0.250  34.250   1.686  7.21529E+10  2.95012E+09  2.91029E+09  3.72157E+09  6.62925E+10  4.23696E+08  2.28738E+09  2.92005E+09  6.22681E+09  8.29791E+08  2.41708E+09  3.08878E+09  2.00327E+10  3.02043E+08  1.95925E+09  2.49629E+09  2.78264E+09
 0.260  38.750   1.803  9.25384E+10  4.21286E+09  3.33249E+09  4.29612E+09  8.49931E+10  2.46053E+08  2.48973E+09  3.20877E+09  7.20152E+09  5.38415E+08  2.56874E+09  3.31310E+09  1.91407E+10  1.54055E+08  2.17116E+09  2.79197E+09  3.02141E+09
 0.270  43.250   3.424  1.15665E+11  5.80769E+09  4.10033E+09  5.31982E+09  1.05757E+11  2.63850E+08  2.58969E+09  3.37048E+09  8.47827E+09  1.16061E+09  2.83403E+09  3.68611E+09  2.36622E+10  2.03947E+08  2.54164E+09  3.30697E+09  6.53276E+09
 0.280  47.000   4.587  1.32308E+11  6.51682E+09  4.57411E+09  5.91630E+09  1.21218E+11  4.09913E+08  2.66314E+09  3.49163E+09  9.29070E+09  1.04305E+09  2.72947E+09  3.57856E+09  2.30363E+10  3.98550E+08  2.66005E+09  3.48751E+09  9.03264E+09
 0.290  49.750   4.737  1.41666E+11  6.26139E+09  5.15410E+09  6.67295E+09  1.30251E+11  8.33152E+08  2.87311E+09  3.76651E+09  1.19165E+10  1.88694E+09  4.38824E+09  5.67661E+09  3.04133E+10  7.81206E+08  2.86225E+09  3.75291E+09  1.12310E+10
 0.300  53.500   1.181  1.60673E+11  7.65160E+09  5.79839E+09  7.54278E+09  1.47223E+11  4.75561E+08  3.13508E+09  4.10714E+09  1.05739E+10  1.32845E+09  3.61226E+09  4.72546E+09  2.32550E+10  1.64376E+08  2.47751E+09  3.23322E+09  2.03215E+09
 0.310  58.250   5.009  1.88048E+11  9.60811E+09  6.70496E+09  8.74864E+09  1.71735E+11  8.41364E+08  4.95431E+09  6.45387E+09  1.53329E+10  1.64605E+09  5.43010E+09  7.07792E+09  2.82352E+10  6.69042E+08  4.81819E+09  6.27485E+09  1.26946E+10
 0.320  60.750   6.267  1.93183E+11  9.68933E+09  7.30939E+09  9.54208E+09  1.76184E+11  2.08689E+09  5.57141E+09  7.28762E+09  2.13591E+10  3.19972E+09  6.30437E+09  8.23012E+09  3.86038E+10  2.14786E+09  5.59799E+09  7.32221E+09  2.21232E+10
 0.330  62.750   5.396  1.96552E+11  9.35269E+09  7.92976E+09  1.03924E+10  1.79270E+11  1.16300E+09  6.13435E+09  8.03575E+09  1.93508E+10  2.19167E+09  6.51825E+09  8.53729E+09  3.44861E+10  9.80093E+08  5.98699E+09  7.84255E+09  1.62207E+10
 0.340  65.500   6.961  2.02673E+11  9.14807E+09  8.52204E+09  1.12118E+10  1.85002E+11  1.26917E+09  6.81877E+09  8.95935E+09  2.08617E+10  2.32741E+09  7.21696E+09  9.47863E+09  3.30961E+10  1.40224E+09  6.88089E+09  9.04078E+09  2.22903E+10
 0.350  67.500   7.858  2.05032E+11  8.98103E+09  8.77214E+09  1.16344E+10  1.87278E+11  1.18314E+09  6.90949E+09  9.16389E+09  2.12624E+10  1.93371E+09  7.33680E+09  9.72803E+09  3.27920E+10  1.41733E+09  7.06687E+09  9.37249E+09  2.51390E+10
 0.360  68.750   7.665  2.00327E+11  8.79150E+09  8.87199E+09  1.18599E+10  1.82664E+11  1.15541E+09  7.06936E+09  9.44306E+09  2.14998E+10  2.30157E+09  7.45763E+09  9.95685E+09  3.23037E+10  1.45289E+09  7.18598E+09  9.59758E+09  2.41712E+10
 0.370  70.000   7.367  1.94834E+11  8.75560E+09  8.84661E+09  1.18826E+10  1.77232E+11  1.52811E+09  7.21988E+09  9.70285E+09  2.27421E+10  2.53800E+09  7.65431E+09  1.02792E+10  3.35013E+10  1.67085E+09  7.29023E+09  9.79613E+09  2.40847E+10
 0.380  71.500   7.586  1.91690E+11  8.80416E+09  8.77134E+09  1.18235E+10  1.74114E+11  1.54655E+09  7.35983E+09  9.92975E+09  2.28467E+10  2.17475E+09  7.81070E+09  1.05270E+10  3.30237E+10  1.67649E+09  7.44980E+09  1.00485E+10  2.44132E+10
 0.390  73.000   8.191  1.90858E+11  8.94021E+09  8.95584E+09  1.21180E+10  1.72962E+11  1.70926E+09  7.55683E+09  1.02324E+10  2.40524E+10  2.47998E+09  8.04518E+09  1.08786E+10  3.41747E+10  1.99388E+09  7.75155E+09  1.04887E+10  2.73522E+10
 0.400  75.250   9.100  1.94757E+11  9.12776E+09  9.20491E+09  1.24893E+10  1.76425E+11  1.73797E+09  7.72036E+09  1.04924E+10  2.49407E+10  2.72470E+09  8.24895E+09  1.11876E+10  3.43389E+10  2.39823E+09  8.08198E+09  1.09677E+10  3.09157E+10
 0.410  78.250   8.704  2.04723E+11  9.31232E+09  9.89613E+09  1.34606E+10  1.85515E+11  1.82472E+09  8.00474E+09  1.08917E+10  2.61051E+10  2.76555E+09  8.46301E+09  1.14945E+10  3.43275E+10  2.28261E+09  8.23700E+09  1.11933E+10  2.94147E+10
 0.420  80.500   9.716  2.09026E+11  9.33919E+09  1.01408E+10  1.38308E+10  1.89546E+11  1.60295E+09  8.17749E+09  1.11656E+10  2.73242E+10  2.47332E+09  8.68350E+09  1.18285E+10  3.48373E+10  2.34523E+09  8.62335E+09  1.17491E+10  3.37423E+10
 0.430  82.500   9.239  2.11556E+11  9.35561E+09  1.03754E+10  1.41812E+10  1.91825E+11  1.94229E+09  8.49678E+09  1.16151E+10  2.84518E+10  2.77733E+09  8.96117E+09  1.22276E+10  3.52758E+10  2.51965E+09  8.79451E+09  1.20050E+10  3.23207E+10
 0.440  84.750   9.441  2.13836E+11  9.40831E+09  1.06103E+10  1.45343E+10  1.93817E+11  1.89097E+09  8.72716E+09  1.19586E+10  2.94063E+10  2.49773E+09  9.15880E+09  1.25279E+10  3.54399E+10  2.32996E+09  9.01249E+09  1.23356E+10  3.32245E+10
 0.450  86.500   9.398  2.15627E+11  9.38961E+09  1.08613E+10  1.49022E+10  1.95376E+11  1.94420E+09  8.99796E+09  1.23404E+10  3.07323E+10  2.40272E+09  9.41208E+09  1.28947E+10  3.63392E+10  2.22097E+09  9.24719E+09  1.26727E+10  3.38167E+10
 0.460  88.750  10.375  2.18455E+11  9.49428E+09  1.10622E+10  1.52168E+10  1.97898E+11  1.75071E+09  9.17981E+09  1.26240E+10  3.14911E+10  2.28253E+09  9.53773E+09  1.31040E+10  3.60034E+10  2.47094E+09  9.62917E+09  1.32271E+10  3.75073E+10
 0.470  90.500  11.532  2.18936E+11  9.64747E+09  1.11991E+10  1.54506E+10  1.98090E+11  1.70799E+09  9.31221E+09  1.28482E+10  3.17562E+10  1.92019E+09  9.59895E+09  1.32335E+10  3.55819E+10  2.42223E+09  9.92646E+09  1.36761E+10  4.17102E+10
 0.480  92.250  11.499  2.18595E+11  9.75821E+09  1.13707E+10  1.57165E+10  1.97467E+11  1.66973E+09  9.46201E+09  1.30827E+10  3.18584E+10  1.91323E+09  9.70723E+09  1.34140E+10  3.48756E+10  2.52721E+09  1.00929E+10  1.39299E+10  4.07259E+10
 0.490  94.000  12.063  2.18606E+11  9.90604E+09  1.15133E+10  1.59481E+10  1.97186E+11  1.59803E+09  9.60508E+09  1.33139E+10  3.27870E+10  1.77681E+09  9.77274E+09  1.35421E+10  3.51266E+10  2.59241E+09  1.02751E+10  1.42194E+10  4.29657E+10
 0.500  96.000  12.398  2.19331E+11  1.00892E+10  1.16230E+10  1.61369E+10  1.97619E+11  1.65465E+09  9.82560E+09  1.36417E+10  3.40113E+10  1.77372E+09  9.95007E+09  1.38113E+10  3.55995E+10  2.44337E+09  1.04836E+10  1.45405E+10  4.49062E+10
