  41
 0.100  8.64719E-02 -2.62437E-02 -5.71103E-02 -3.89947E+01 -7.60411E+00  4.78963E+00  3.69941E-01 -7.89543E-01  4.89659E-01  1.00367E+01   0.825   0.672  2.34946E+07  2.27613E+07  1.27471E+06  0.00000E+00  2.68537E+07  7.14131E-03  1.06071E+02   7.387   7.516
 0.110  1.81310E-02  4.87740E-02 -1.81369E-02  3.92900E+00 -2.27427E+00 -3.48588E+00 -5.36180E-01 -8.42058E-01 -5.87258E-02  4.51254E+00   1.000   0.589  3.62377E+07  4.01518E+07  6.81124E+06  1.93667E+05  3.61651E+07  1.01273E-01  5.69525E+01   8.301   7.896
 0.120  4.20009E-02  2.89711E-02 -1.00850E-01  1.77897E+01  8.34815E+00 -1.53488E+01 -7.02102E-01  6.35197E-01  3.21833E-01  1.32166E+01   1.233   0.794  5.79080E+07  5.79510E+07  1.14306E+07  1.82374E+06  9.80200E+07  6.56675E-02  1.29476E+02   8.106   7.876
 0.130  2.75566E-01  1.13943E-01 -3.01727E-03  2.59325E+01  2.86550E+01 -1.05979E+01  1.02861E-01 -2.05851E-01  9.73162E-01  3.71815E+01   1.211   0.611  2.95127E+08  2.98629E+08  2.29740E+07  5.69890E+06  1.36513E+08  1.58185E-01  1.58059E+02   7.852   7.868
 0.140 -1.83918E-02  1.47734E-01 -2.43595E-02  1.20870E+01  3.03285E+00 -5.26666E+00 -9.59621E-01  1.93859E-01  2.03831E-01  1.60771E+01   1.304   0.691  2.27169E+08  2.94030E+08  9.12959E+07  3.52474E+06  1.15230E+08  8.47000E-01  8.83058E+01   8.381   8.298
 0.150 -1.01362E-02  9.80749E-02 -3.61034E-02  7.12234E+00 -7.43959E+00  6.99891E+00  4.04680E-02  5.79087E-01  8.14261E-01  3.76151E+01   1.565   0.500  1.72894E+08  2.49600E+08  1.91805E+08  9.91688E+06  1.43414E+08  8.98196E-01  1.27536E+02   8.459   8.493
 0.160  1.12547E-01  1.44773E-01 -8.89306E-02  4.94383E-01  1.48834E+01 -1.86122E+01 -2.01919E-01  6.98351E-01  6.86683E-01  5.22699E+01   2.016   0.779  2.19099E+08  2.57327E+08  2.27309E+08  1.68909E+07  2.28713E+08  5.04300E-01  2.02544E+02   8.348   8.515
 0.170 -4.36368E-02  2.50003E-02  4.32207E-02 -8.62884E+00  1.08921E+01 -1.15625E+01  1.45195E-01  8.33074E-01  5.33766E-01  5.55134E+01   2.015   0.676  2.69684E+08  3.64528E+08  3.23726E+08  1.69845E+07  2.16825E+08  1.40659E+00  2.22450E+02   8.354   8.500
 0.180  2.07317E-01  1.42668E-01  1.73386E-01  7.17973E+00  1.05768E+01 -2.70462E+01 -3.46162E-01  8.68544E-01  3.54687E-01  7.08952E+01   2.169   1.162  1.82274E+08  1.87579E+08  1.50128E+08  2.15086E+07  2.41932E+08  1.29279E-01  3.20507E+02   8.364   8.383
 0.190  1.43469E-01  7.52210E-02 -1.42849E-01 -8.44211E+00  5.04071E+00 -1.20026E+01  7.48899E-02  9.72471E-01  2.20663E-01  7.93117E+01   1.978   0.537  2.24274E+08  2.76337E+08  3.49232E+08  2.04250E+07  1.87560E+08  7.83517E-01  3.39399E+02   8.345   8.516
 0.200  2.16760E-02 -6.30841E-02  3.96490E-02 -4.06498E+00 -5.14435E+00  3.60516E+00  3.53464E-01  9.13706E-01  2.00511E-01  1.26339E+02   2.715   0.869  2.78304E+08  3.12323E+08  4.53605E+08  3.96372E+07  2.86993E+08  4.43215E-01  4.05679E+02   8.272   8.488
 0.210  3.44090E-01  2.47253E-01 -3.69783E-01 -1.85170E+01 -1.49290E+00 -1.82431E+01 -9.90565E-02  9.53158E-01  2.85792E-01  1.47241E+02   2.837   1.260  3.67999E+08  3.88428E+08  4.46796E+08  4.59279E+07  3.48931E+08  5.94329E-01  4.81191E+02   8.239   8.466
 0.220  3.10338E-01  2.16378E-01  8.04560E-02  2.43113E+00  1.14088E+01 -3.80881E+01 -3.77645E-01  9.25800E-01  1.66749E-02  1.00958E+02   2.406   0.939  4.16463E+08  4.77005E+08  3.64232E+08  2.74310E+07  2.67040E+08  9.72234E-01  4.93070E+02   8.243   8.444
 0.230  5.45771E-02  1.53929E-02  1.68246E-01 -9.93974E+00  3.07708E-01  6.85209E+00 -7.30817E-03  9.87112E-01 -1.59863E-01  6.49407E+01   2.156   0.780  3.92798E+08  5.65266E+08  6.43540E+08  3.73459E+07  2.57479E+08  2.23915E+00  4.43318E+02   8.462   8.458
 0.240 -7.87558E-02  5.80611E-02  7.73955E-03 -1.41843E+01  4.79692E+00 -1.22883E+01 -5.26220E-01  8.38324E-01 -1.42495E-01  6.20839E+01   2.674   1.265  2.81778E+08  3.30429E+08  5.33581E+08  4.43073E+07  3.39454E+08  6.20849E-01  5.36618E+02   8.521   8.492
 0.250  1.44946E-02 -9.61597E-03 -2.34150E-02 -3.77470E+00 -1.78394E+00  7.01806E+00  1.76348E-02  8.79460E-01 -4.75646E-01  3.51214E+01   1.686   0.500  2.51507E+08  4.01781E+08  7.00261E+08  2.08182E+07  1.79496E+08  2.02623E+00  5.05547E+02   8.568   8.571
 0.260 -7.67300E-03 -1.74839E-02 -4.02433E-02 -6.31552E+00  1.33873E-01  8.64773E+00  2.37311E-01  9.30852E-01 -2.77844E-01  2.88862E+01   1.803   0.500  1.25505E+08  2.24657E+08  9.80378E+08  3.56662E+07  2.13000E+08  1.05057E+00  5.76086E+02   8.760   8.596
 0.270 -1.42755E-01  1.53109E-01  7.30599E-02  3.15659E+00  1.95865E+01 -9.74754E-01 -3.97607E-01  2.80229E-01 -8.73716E-01  6.16405E+01   3.424   0.797  1.65400E+08  1.56393E+08  2.28650E+08  2.07819E+07  3.26733E+08  7.02698E-02  8.68701E+02   8.579   8.543
 0.280  1.66488E-01  2.82316E-01 -3.40676E-01 -1.02001E+00 -1.53489E+00  1.29014E+01 -6.74658E-01  4.15162E-01 -6.10309E-01  1.27874E+02   4.587   1.736  3.24887E+08  2.92487E+08  2.72158E+08  3.54495E+07  6.30853E+08  1.37285E-01  9.56511E+02   8.295   8.503
 0.290 -9.65463E-02  2.09532E-01  4.53797E-01 -4.11660E+01 -1.01689E+01  3.82422E+01 -6.92721E-01 -3.40919E-01 -6.35540E-01  1.14422E+02   4.737   1.706  6.91155E+08  6.38538E+08  8.90147E+07  2.64946E+07  9.67231E+08  1.14207E-01  1.20706E+03   8.246   8.359
 0.300 -8.06824E-02  6.86001E-02  1.69661E-01  6.41793E+00  1.85721E-01 -2.17891E+00 -1.75788E-01  3.29817E-01 -9.27534E-01  3.77897E+01   1.181   0.500  1.59858E+08  2.50277E+08  6.06318E+08  1.35035E+07  1.53556E+08  1.04653E+00  8.40093E+02   8.787   8.642
 0.310  8.13624E-02  8.23310E-02 -1.36379E-01  5.15845E-01 -1.67633E+01 -2.06833E+01 -4.00461E-01  5.92182E-01 -6.99251E-01  1.45377E+02   5.009   1.845  5.67990E+08  6.13865E+08  6.48139E+08  8.20647E+07  9.94999E+08  1.26391E+00  9.06730E+02   8.576   8.598
 0.320  2.48860E-01  8.67479E-02 -4.80370E-01  3.61416E+01 -9.95605E+00 -5.24704E+01 -5.58514E-01  2.82525E-01 -7.79898E-01  3.09630E+02   6.267   1.889  1.79450E+09  1.72224E+09  6.34021E+08  1.23131E+08  1.65894E+09  1.32114E+00  9.39818E+02   8.219   8.564
 0.330  2.83835E-02 -5.32154E-01 -3.47222E-01 -3.37034E+00  2.01123E+01  1.43309E+01 -2.09869E-01  5.73735E-01 -7.91696E-01  1.51351E+02   5.396   1.900  8.73511E+08  1.01529E+09  1.11945E+09  1.18103E+08  1.12012E+09  2.18092E+00  7.67415E+02   8.461   8.617
 0.340 -6.92504E-01  1.27079E-01  8.62209E-01  4.11732E+00  4.15493E+01  1.57252E+01 -5.66998E-01  4.57135E-01 -6.85231E-01  3.97511E+02   6.961   1.743  1.15645E+09  1.37242E+09  1.93307E+09  1.54902E+08  1.54255E+09  3.33674E+00  7.09413E+02   8.428   8.643
 0.350 -3.88855E-01 -3.10575E-01  2.36193E-01 -3.31521E+01 -7.82116E+00  1.67917E+01 -5.56053E-01  3.81640E-01 -7.38347E-01  5.35286E+02   7.858   1.424  1.14422E+09  1.18067E+09  1.88289E+09  1.47671E+08  1.53872E+09  1.23925E+00  8.03081E+02   8.368   8.663
 0.360  8.20203E-02  8.05709E-02 -3.44536E-02 -1.56871E+01 -4.72679E+01 -4.33735E+00 -6.12745E-01  4.47497E-01 -6.51375E-01  5.88935E+02   7.665   2.116  1.28433E+09  1.28335E+09  2.17465E+09  2.24435E+08  1.77533E+09  1.03945E+00  8.87845E+02   8.338   8.638
 0.370  3.07693E-01 -3.21041E-01 -2.98735E-01 -1.10688E+00 -3.75245E+01 -1.39776E+01 -7.18162E-01  3.70518E-01 -5.89032E-01  6.59738E+02   7.367   1.350  1.41984E+09  1.43405E+09  2.16911E+09  1.72378E+08  1.47163E+09  1.30356E+00  9.91029E+02   8.319   8.632
 0.380  4.83274E-01  2.96034E-01 -2.31758E-01  7.43113E+00 -2.37241E+01 -1.82924E+01 -7.72000E-01  3.08437E-01 -5.55772E-01  6.92858E+02   7.586   1.225  1.36802E+09  1.39602E+09  2.29244E+09  2.13401E+08  1.38716E+09  1.31178E+00  1.05682E+03   8.340   8.615
 0.390  2.04194E-01  7.90287E-01  2.14763E-01  1.31227E+01 -1.89081E+01 -1.45440E+01 -8.12755E-01  1.99210E-01 -5.47490E-01  7.49023E+02   8.191   1.140  1.63578E+09  1.68378E+09  2.44742E+09  2.61423E+08  1.43322E+09  1.38163E+00  1.11793E+03   8.322   8.598
 0.400  4.99089E-01  2.41570E-01 -6.01616E-01  5.20105E+00 -3.25843E+01 -1.81503E+01 -8.29704E-01  1.49968E-01 -5.37681E-01  8.16413E+02   9.100   1.197  1.92850E+09  1.97019E+09  2.58947E+09  2.84983E+08  1.56100E+09  1.56168E+00  1.17550E+03   8.318   8.579
 0.410 -2.19651E-01  8.03787E-02  2.11157E-02  6.24100E+00 -1.02317E+01 -1.32130E+01 -8.46565E-01  1.70783E-01 -5.04144E-01  8.21911E+02   8.704   1.255  1.87497E+09  1.96980E+09  2.81378E+09  3.07552E+08  1.58196E+09  2.21615E+00  1.20966E+03   8.337   8.564
 0.420  7.81884E-02  3.67257E-02  3.63099E-02  8.23015E+00  1.73846E+00 -1.06141E+01 -8.80473E-01  1.15389E-01 -4.59839E-01  8.21197E+02   9.716   1.577  1.94284E+09  1.97392E+09  3.08129E+09  3.81752E+08  1.99066E+09  1.73637E+00  1.26158E+03   8.372   8.545
 0.430 -1.34838E-01  1.99924E-01  2.64701E-01  2.04458E+00  3.23693E+00 -6.41314E+00 -8.95916E-01  1.17286E-01 -4.28460E-01  8.57981E+02   9.239   1.361  2.07398E+09  2.13339E+09  3.22096E+09  3.68213E+08  1.77509E+09  2.15466E+00  1.32782E+03   8.394   8.543
 0.440 -1.71342E-01  6.75529E-02  3.72314E-01  4.14498E+00 -3.06340E+00 -1.59314E+01 -8.95364E-01  8.89636E-02 -4.36359E-01  8.31259E+02   9.441   1.302  1.92656E+09  1.98102E+09  3.38425E+09  3.72940E+08  1.73543E+09  1.44927E+00  1.40395E+03   8.415   8.542
 0.450 -4.08716E-01 -1.16570E-01  5.97757E-01 -1.40653E+00  7.34417E+00  2.16751E+00 -8.77207E-01  6.63421E-02 -4.75507E-01  8.39573E+02   9.398   1.198  1.80636E+09  1.87672E+09  3.47228E+09  3.51226E+08  1.68538E+09  1.98999E+00  1.47687E+03   8.457   8.548
 0.460 -3.40141E-01  9.33483E-02  5.17596E-01  1.36557E+00  8.28678E+00 -3.90925E-01 -8.87359E-01  1.04483E-01 -4.49085E-01  9.40138E+02  10.375   1.524  2.03649E+09  2.07494E+09  3.90507E+09  4.79595E+08  2.07821E+09  1.76469E+00  1.52264E+03   8.462   8.531
 0.470  3.50358E-01  1.35178E-01 -6.13643E-01  4.74691E-01 -2.17839E+01  2.48378E+00 -8.92890E-01  8.12497E-02 -4.42883E-01  9.41644E+02  11.532   1.369  1.99044E+09  1.98523E+09  4.00818E+09  4.87996E+08  2.05418E+09  1.22697E+00  1.62779E+03   8.475   8.536
 0.480 -4.54271E-01  1.79835E-01  8.32766E-01  4.33529E+00  3.94265E+00 -8.81476E+00 -8.99031E-01  6.63284E-02 -4.32833E-01  1.01589E+03  11.499   1.047  2.02432E+09  2.07054E+09  3.95842E+09  4.48104E+08  1.65645E+09  1.27779E+00  1.71427E+03   8.482   8.544
 0.490 -4.63183E-01 -7.28716E-01  8.10641E-01  1.13573E+00  1.25793E+01  1.25049E+00 -8.95157E-01  7.64555E-02 -4.39146E-01  1.03668E+03  12.063   1.322  2.08763E+09  2.08199E+09  4.25816E+09  5.25729E+08  2.01926E+09  1.36501E+00  1.79742E+03   8.482   8.535
 0.500  1.31373E-01  2.58442E-02  6.37314E-03 -2.09363E+00 -2.75558E+00  2.49876E+00 -9.04554E-01  8.38532E-02 -4.18033E-01  1.00640E+03  12.398   1.203  1.94832E+09  1.94954E+09  4.36226E+09  5.40930E+08  1.97961E+09  1.02900E+00  1.88861E+03   8.483   8.537
