  41
 0.100  5.50000E+00  4.71148E+09  6.06920E+01
 0.110  7.25000E+00  8.08872E+09  6.92636E+01
 0.120  9.50000E+00  1.34626E+10  7.80616E+01
 0.130  1.15000E+01  1.88784E+10  8.40170E+01
 0.140  1.30000E+01  2.18622E+10  8.50373E+01
 0.150  1.45000E+01  2.44136E+10  8.50876E+01
 0.160  1.55000E+01  2.46276E+10  8.26569E+01
 0.170  1.65000E+01  2.53388E+10  8.12615E+01
 0.180  1.77500E+01  2.60826E+10  7.94897E+01
 0.190  1.90000E+01  2.74793E+10  7.88606E+01
 0.200  2.05000E+01  2.92081E+10  7.82725E+01
 0.210  2.22500E+01  3.24987E+10  7.92506E+01
 0.220  2.40000E+01  3.59514E+10  8.02576E+01
 0.230  2.70000E+01  4.38035E+10  8.35232E+01
 0.240  3.15000E+01  6.26702E+10  9.24932E+01
 0.250  3.42500E+01  7.21529E+10  9.51767E+01
 0.260  3.87500E+01  9.25384E+10  1.01335E+02
 0.270  4.32500E+01  1.15665E+11  1.07237E+02
 0.280  4.70000E+01  1.32308E+11  1.10022E+02
 0.290  4.97500E+01  1.41666E+11  1.10655E+02
 0.300  5.35000E+01  1.60673E+11  1.13639E+02
 0.310  5.82500E+01  1.88048E+11  1.17820E+02
 0.320  6.07500E+01  1.93183E+11  1.16935E+02
 0.330  6.27500E+01  1.96552E+11  1.16056E+02
 0.340  6.55000E+01  2.02673E+11  1.15348E+02
 0.350  6.75000E+01  2.05032E+11  1.14286E+02
 0.360  6.87500E+01  2.00327E+11  1.11936E+02
 0.370  7.00000E+01  1.94834E+11  1.09400E+02
 0.380  7.15000E+01  1.91690E+11  1.07369E+02
 0.390  7.30000E+01  1.90858E+11  1.06030E+02
 0.400  7.52500E+01  1.94757E+11  1.05494E+02
 0.410  7.82500E+01  2.04723E+11  1.06066E+02
 0.420  8.05000E+01  2.09026E+11  1.05666E+02
 0.430  8.25000E+01  2.11556E+11  1.05007E+02
 0.440  8.47500E+01  2.13836E+11  1.04161E+02
 0.450  8.65000E+01  2.15627E+11  1.03533E+02
 0.460  8.87500E+01  2.18455E+11  1.02880E+02
 0.470  9.05000E+01  2.18936E+11  1.01993E+02
 0.480  9.22500E+01  2.18595E+11  1.00942E+02
 0.490  9.40000E+01  2.18606E+11  1.00000E+02
 0.500  9.60000E+01  2.19331E+11  9.91171E+01
