  37
 0.150       235568         2638       106912
 0.160       393222         4404       182671
 0.170       771033         8509       360351
 0.180       978211        10527       453005
 0.190      1263081        13724       582669
 0.200      2373905        41463      1126153
 0.210      3604187        51483      1711688
 0.220      4213176        64556      2003319
 0.230      5228757       132496      2482150
 0.240      5962564       161217      2875222
 0.250      6605642       188095      3195853
 0.250      6590981       187632      3191401
 0.260      7108024       241811      3477624
 0.270      7616577       290523      3673403
 0.280      8136872       321921      4007329
 0.290      8796207       351780      4295777
 0.300      9203915       393468      4489287
 0.310      9602964       461790      4680057
 0.320     10015098       512491      4897952
 0.330     10216361       573897      5067993
 0.340     10704048       635170      5338706
 0.350     11189093       720498      5571598
 0.360     11454667       794737      5724174
 0.370     11849150       850695      5863641
 0.380     12231767       932654      6032277
 0.390     12614380      1028604      6224730
 0.400     13040301      1103932      6454829
 0.410     13601259      1186814      6731635
 0.420     14213105      1264090      6992925
 0.430     14671345      1331123      7194913
 0.440     15155479      1392052      7424128
 0.450     15548940      1442262      7575816
 0.460     15689831      1471789      7661949
 0.470     15506966      1490243      7696457
 0.480     15270958      1508926      7616705
 0.490     15332733      1523043      7592439
 0.500     15408660      1541692      7609520
