  19
 0.100   1.029   0.513  8.30236E+06  9.22808E+06  8.26281E+06  6.99266E+01  0.00000E+00  0.00000E+00  0.00000E+00  8.30236E+06  9.22808E+06  8.26281E+06
 0.110   1.364   0.909  8.36255E+06  9.87590E+06  8.27386E+06  1.58977E+02  1.90853E+06  2.31250E+06  1.87689E+06  6.45402E+06  7.56340E+06  6.39697E+06
 0.120   1.515   0.959  1.62179E+07  1.86874E+07  1.60901E+07  1.36243E+02  4.98321E+06  6.05426E+06  4.91955E+06  1.12347E+07  1.26331E+07  1.11706E+07
 0.130   2.478   1.672  5.12844E+07  5.89287E+07  5.09453E+07  1.26966E+02  7.49388E+06  9.26893E+06  7.34880E+06  4.37905E+07  4.96598E+07  4.35965E+07
 0.140   2.311   1.086  9.24436E+07  1.01628E+08  9.22971E+07  4.65598E+01  5.13581E+06  6.22375E+06  5.07822E+06  8.73078E+07  9.54042E+07  8.72189E+07
 0.150   1.742   0.337  1.29179E+09  1.44439E+09  1.29009E+09  5.11615E+01  8.76566E+06  1.08208E+07  8.63040E+06  1.28302E+09  1.43357E+09  1.28146E+09
 0.160   2.411   0.638  2.30817E+09  2.66436E+09  2.30156E+09  9.87469E+01  8.75973E+07  1.06366E+08  8.68552E+07  2.22057E+09  2.55800E+09  2.21471E+09
 0.170   3.215   0.850  3.18622E+09  3.73650E+09  3.17340E+09  1.37216E+02  1.89476E+08  2.33205E+08  1.87574E+08  2.99674E+09  3.50330E+09  2.98582E+09
 0.180   3.271   1.031  4.04170E+09  4.81209E+09  4.02153E+09  1.77731E+02  2.45536E+08  3.05966E+08  2.42628E+08  3.79617E+09  4.50612E+09  3.77890E+09
 0.190   2.929   0.650  5.14276E+09  6.18416E+09  5.11245E+09  2.17525E+02  2.08883E+08  2.63553E+08  2.05790E+08  4.93388E+09  5.92061E+09  4.90666E+09
 0.200   4.480   2.102  1.14298E+09  1.35750E+09  1.13295E+09  2.82604E+02  3.04736E+08  3.85334E+08  2.99692E+08  8.38240E+08  9.72164E+08  8.33260E+08
 0.210   4.230   1.238  2.89883E+09  3.41344E+09  2.88257E+09  2.06745E+02  2.88053E+08  3.67882E+08  2.82686E+08  2.61078E+09  3.04556E+09  2.59989E+09
 0.220   3.863   0.609  5.77730E+09  6.90091E+09  5.73404E+09  2.75594E+02  2.87003E+08  3.68788E+08  2.80321E+08  5.49030E+09  6.53212E+09  5.45372E+09
 0.230   4.423   0.931  8.62745E+09  1.05703E+10  8.54809E+09  3.44780E+02  7.94137E+08  9.99784E+08  7.82277E+08  7.83331E+09  9.57053E+09  7.76581E+09
 0.240   5.341   0.979  1.01630E+10  1.25954E+10  1.00601E+10  3.96554E+02  9.70567E+08  1.23818E+09  9.54623E+08  9.19239E+09  1.13573E+10  9.10545E+09
 0.250   6.833   1.364  1.21754E+10  1.52860E+10  1.20358E+10  4.66852E+02  1.43479E+09  1.84020E+09  1.41068E+09  1.07407E+10  1.34458E+10  1.06251E+10
 0.260   8.160   1.385  1.26715E+10  1.61541E+10  1.25015E+10  5.67459E+02  1.61296E+09  2.08950E+09  1.58289E+09  1.10585E+10  1.40646E+10  1.09186E+10
 0.270   8.596   1.524  1.28919E+10  1.65755E+10  1.26974E+10  6.58427E+02  1.71681E+09  2.24473E+09  1.68087E+09  1.11751E+10  1.43308E+10  1.10165E+10
 0.280   8.490   1.507  1.33450E+10  1.72827E+10  1.31187E+10  7.52025E+02  1.72378E+09  2.27097E+09  1.68332E+09  1.16212E+10  1.50117E+10  1.14354E+10
