  19
 0.100   1.029   0.513  1.01402E-01  1.32620E-01  6.50357E-02
 0.110   1.364   0.909  2.83508E-02  2.10166E-02  4.13418E-02
 0.120   1.515   0.959  1.25896E-01  1.60558E-01  7.98903E-02
 0.130   2.478   1.672  4.36988E-01  5.16701E-01  3.63979E-01
 0.140   2.311   1.086  1.44209E+00  1.74627E+00  8.89394E-01
 0.150   1.742   0.337  1.61581E+01  1.67387E+01  1.30371E+01
 0.160   2.411   0.638  1.54878E+01  1.66584E+01  1.38641E+01
 0.170   3.215   0.850  1.75401E+01  1.93527E+01  1.52485E+01
 0.180   3.271   1.031  1.55419E+01  1.57308E+01  1.55759E+01
 0.190   2.929   0.650  1.83003E+01  1.72635E+01  1.86129E+01
 0.200   4.480   2.102  8.16255E+00  9.61379E+00  5.74397E+00
 0.210   4.230   1.238  1.85316E+01  1.95093E+01  1.72183E+01
 0.220   3.863   0.609  3.45881E+01  3.63699E+01  2.91715E+01
 0.230   4.423   0.931  2.04617E+01  2.02401E+01  2.07685E+01
 0.240   5.341   0.979  1.82939E+01  1.74986E+01  1.99908E+01
 0.250   6.833   1.364  1.30170E+01  1.21670E+01  1.49485E+01
 0.260   8.160   1.385  7.51622E+00  7.54249E+00  7.39049E+00
 0.270   8.596   1.524  8.20407E+00  8.05652E+00  8.22342E+00
 0.280   8.490   1.507  7.26613E+00  7.28568E+00  7.65143E+00
