  19
 0.100  1.11825E+08  6.72181E+07  7.72135E+07  1.05811E+08  3.27765E+07  1.19170E+09  5.03224E-01
 0.110  1.69811E+07  7.31091E+07  8.73479E+07  1.55830E+07  2.30667E+07  1.13043E+09  6.68517E-02
 0.120  2.99058E+08  1.32184E+08  1.55342E+08  2.91561E+08  4.32316E+07  1.54255E+09  7.41204E-01
 0.130  9.76573E+07  2.77211E+08  3.25191E+08  9.06602E+07  1.56912E+08  1.60947E+09  1.46956E+00
 0.140  7.54036E+08  8.40026E+08  9.61394E+08  7.37491E+08  5.57934E+08  1.83844E+09  8.96035E+00
 0.150  1.14542E+09  2.59793E+09  3.00151E+09  1.13255E+09  1.57604E+09  2.87949E+09  1.93713E+01
 0.160  9.37926E+08  3.59683E+09  4.26874E+09  9.25149E+08  1.10939E+09  3.05832E+09  1.27845E+01
 0.170  1.02630E+09  4.65934E+09  5.61736E+09  1.01104E+09  1.11928E+09  3.29153E+09  1.37428E+01
 0.180  4.90639E+08  4.93573E+09  6.05863E+09  4.80423E+08  7.09373E+08  3.32528E+09  7.22481E+00
 0.190  5.03991E+08  5.63150E+09  6.99998E+09  4.94628E+08  6.21618E+08  3.43112E+09  6.45432E+00
 0.200  8.14013E+08  5.79635E+09  7.27446E+09  8.01069E+08  5.06022E+08  3.55366E+09  5.88547E+00
 0.210  6.43364E+08  6.09426E+09  7.63635E+09  6.30252E+08  9.32016E+08  3.27249E+09  1.02945E+01
 0.220  5.52479E+08  6.80322E+09  8.51597E+09  5.40999E+08  1.00484E+09  3.21479E+09  1.19075E+01
 0.230  3.94281E+08  7.96655E+09  9.94072E+09  3.88694E+08  9.59694E+08  3.18869E+09  7.74680E+00
 0.240  1.87339E+08  7.40421E+09  9.40902E+09  1.83881E+08  2.34690E+08  2.98200E+09  2.32727E+00
 0.250  1.10333E+08  7.36716E+09  9.48459E+09  1.07255E+08  1.19448E+08  2.85139E+09  1.23990E+00
 0.260  8.02766E+07  6.51703E+09  8.47381E+09  7.74831E+07  6.50803E+07  2.67988E+09  6.66923E-01
 0.270  5.71866E+07  5.17826E+09  6.78992E+09  5.50904E+07  3.43277E+07  2.26627E+09  3.66774E-01
 0.280  6.40890E+07  5.74084E+09  7.57183E+09  6.11827E+07  4.12033E+07  2.51119E+09  4.60226E-01
