  19
 0.100       102115  0.85192E-03  0.29817E-02 -0.47707E-02 -0.47739E+01  0.26914E-01  0.13149E+01  0.90279E+00  0.38449E-01  0.42836E+00   1.029   0.513
 0.110        61885 -0.56210E-03  0.12085E-01  0.50589E-02  0.15279E+02  0.83975E+01 -0.14128E+02  0.75318E+00 -0.53174E+00  0.38725E+00   1.364   0.909
 0.120       190185  0.32706E-02 -0.26574E-02  0.47015E-02  0.58079E+02  0.21522E+02  0.24249E+00 -0.61922E-01  0.51321E+00  0.85603E+00   1.515   0.959
 0.130       230881  0.22147E-02  0.24361E-02 -0.46508E-02 -0.68338E+02  0.45467E+02  0.35917E+01  0.36278E+00  0.88061E+00  0.30483E+00   2.478   1.672
 0.140       209729 -0.35781E-02  0.14312E-02  0.47708E-02  0.12533E+03  0.10049E+03 -0.20643E+03 -0.81865E+00  0.33182E+00  0.46873E+00   2.311   1.086
 0.150       510913  0.17888E-02  0.12777E-03 -0.15333E-02  0.30388E+03 -0.52989E+02  0.74475E+02 -0.97199E+00  0.20704E+00  0.11126E+00   1.742   0.337
 0.160       415655  0.46337E-02  0.10903E-02 -0.27257E-02  0.13745E+03 -0.34190E+03  0.11199E+03 -0.87330E+00 -0.12664E+00 -0.47044E+00   2.411   0.638
 0.170       350797  0.86856E-03 -0.14476E-02  0.26057E-02  0.18612E+03  0.14111E+03 -0.17793E+03 -0.90657E+00 -0.29246E+00 -0.30429E+00   3.215   0.850
 0.180       744300 -0.52112E-02  0.91962E-03 -0.15327E-02  0.25989E+03  0.20513E+02 -0.19553E+03 -0.84603E+00 -0.39885E+00 -0.35377E+00   3.271   1.031
 0.190      1072056  0.19423E-02  0.29135E-02 -0.97116E-03 -0.60495E+02 -0.14585E+03  0.29574E+02 -0.91691E+00 -0.28106E+00 -0.28335E+00   2.929   0.650
 0.200      1426208  0.57916E-02  0.23848E-02 -0.34068E-02  0.17150E+02  0.30940E+02 -0.31473E+02  0.16846E+00 -0.63901E+00 -0.75053E+00   4.480   2.102
 0.210      1609832  0.50074E-02  0.19672E-02 -0.71534E-03  0.40128E+01  0.13874E+02 -0.66168E+02  0.21221E-01 -0.81345E+00 -0.58125E+00   4.230   1.238
 0.220      1950345  0.63719E-02 -0.37482E-03  0.37482E-03 -0.24814E+03 -0.11108E+02  0.97738E+02 -0.25836E+00 -0.89751E+00 -0.35738E+00   3.863   0.609
 0.230      2446691 -0.39173E-03  0.15669E-02 -0.78346E-03  0.17873E+02  0.23724E+02 -0.45041E+03 -0.87557E-01 -0.93880E+00 -0.33315E+00   4.423   0.931
 0.240      2930557  0.40878E-03 -0.16351E-02  0.00000E+00  0.15806E+03  0.69731E+02 -0.16351E+03  0.43330E-01 -0.96450E+00 -0.26051E+00   5.341   0.979
 0.250      2243183  0.12776E-02  0.21294E-02  0.42587E-03  0.29733E+02 -0.38028E+03  0.12029E+03  0.11762E+00 -0.96157E+00 -0.24809E+00   6.833   1.364
 0.260      2553908  0.00000E+00  0.70863E-02 -0.44289E-03  0.32838E+01 -0.27260E+02 -0.25268E+02  0.22886E+00 -0.93674E+00 -0.26484E+00   8.160   1.385
 0.270      4388837  0.22998E-02  0.27598E-02 -0.59795E-02  0.30111E+02  0.11266E+03  0.29219E+02  0.21506E+00 -0.93924E+00 -0.26755E+00   8.596   1.524
 0.280      2765684  0.38150E-02 -0.35766E-02 -0.23844E-02  0.43389E+02 -0.48857E+02  0.24724E+03  0.31063E+00 -0.92328E+00 -0.22598E+00   8.490   1.507
