  19
 0.100  8.75000E+00  1.82308E+10  9.46526E+01
 0.110  1.15000E+01  3.11620E+10  1.07944E+02
 0.120  1.45000E+01  4.79514E+10  1.19248E+02
 0.130  1.85000E+01  7.94213E+10  1.35868E+02
 0.140  2.32500E+01  1.28660E+11  1.54257E+02
 0.150  2.70000E+01  1.60656E+11  1.59956E+02
 0.160  3.27500E+01  2.40633E+11  1.77749E+02
 0.170  3.62500E+01  2.70571E+11  1.79152E+02
 0.180  3.95000E+01  2.93380E+11  1.78711E+02
 0.190  4.57500E+01  3.89195E+11  1.91259E+02
 0.200  5.02500E+01  4.42742E+11  1.94644E+02
 0.210  5.45000E+01  4.89000E+11  1.96422E+02
 0.220  5.85000E+01  5.21769E+11  1.95837E+02
 0.230  6.10000E+01  5.21886E+11  1.91804E+02
 0.240  6.37500E+01  5.20454E+11  1.87364E+02
 0.250  6.70000E+01  5.37107E+11  1.85664E+02
 0.260  7.02500E+01  5.52779E+11  1.83945E+02
 0.270  7.37500E+01  5.70843E+11  1.82436E+02
 0.280  7.72500E+01  5.90025E+11  1.81226E+02
