  19
 0.100  1.64064E-02  1.20668E-01  1.67704E-03 -3.16722E+00  2.59240E+00 -9.72722E+00  9.02789E-01  3.84487E-02  4.28362E-01  1.28760E+01   1.029   0.513  1.06416E+08  1.07155E+08  8.30236E+06  0.00000E+00  9.84357E+07  1.01402E-01  6.99266E+01   7.745   7.497
 0.110 -1.41882E-01  3.33155E-02  3.42115E-01 -2.76830E+01 -1.68786E+01  2.25137E+01  7.53184E-01 -5.31740E-01  3.87254E-01  3.40394E+01   1.364   0.909  3.84410E+07  3.89231E+07  8.36255E+06  1.90853E+06  1.40836E+08  2.83508E-02  1.58977E+02   7.658   7.555
 0.120 -2.31158E-01 -1.62138E-01  1.46773E-01  1.08288E+01  2.24809E+01  1.36742E+01 -6.19215E-02  5.13211E-01  8.56026E-01  2.69984E+01   1.515   0.959  4.09832E+08  4.02299E+08  1.62179E+07  4.98321E+06  2.11587E+08  1.25896E-01  1.36243E+02   7.700   7.570
 0.130 -1.93810E-02  8.71085E-02  3.93925E-01  1.91350E+01 -5.73318E+00 -1.63717E+01  3.62781E-01  8.80607E-01  3.04830E-01  7.82353E+01   2.478   1.672  5.37091E+08  5.20953E+08  5.12844E+07  7.49388E+06  6.14475E+08  4.36988E-01  1.26966E+02   7.990   7.717
 0.140 -3.03281E-02 -6.05396E-03  9.84527E-02  4.47593E+00  6.38472E+00  1.15312E+01 -8.18650E-01  3.31817E-01  4.68732E-01  3.08334E+01   2.311   1.086  1.32247E+09  1.35274E+09  9.24436E+07  5.13581E+06  2.32704E+08  1.44209E+00  4.65598E+01   8.239   8.134
 0.150  1.08800E-02  4.43911E-02 -5.00631E-04 -6.16536E+00 -5.23330E+00 -1.40895E+01 -9.71986E-01  2.07039E-01  1.11257E-01  6.20474E+01   1.742   0.337  1.25590E+09  2.40501E+09  1.29179E+09  8.76566E+06  2.09093E+08  1.61581E+01  5.11615E+01   8.598   8.449
 0.160 -1.51946E-02  7.82408E-02 -1.61304E-02 -1.44713E+01 -4.48354E+00  1.89513E+01 -8.73298E-01 -1.26637E-01 -4.70441E-01  1.38489E+02   2.411   0.638  1.78679E+09  2.96242E+09  2.30817E+09  8.75973E+07  5.17702E+08  1.54878E+01  9.87469E+01   8.535   8.538
 0.170 -5.22472E-02  3.48512E-01 -1.84526E-01 -5.76758E+00 -1.42848E+01 -1.49779E+01 -9.06572E-01 -2.92460E-01 -3.04293E-01  1.90351E+02   3.215   0.850  2.44241E+09  3.73948E+09  3.18622E+09  1.89476E+08  9.05043E+08  1.75401E+01  1.37216E+02   8.497   8.517
 0.180 -1.28108E-01  2.11660E-01  6.37601E-02  2.78391E+00 -3.85397E+00 -3.52104E+01 -8.46029E-01 -3.98853E-01 -3.53767E-01  2.45588E+02   3.271   1.031  2.17696E+09  3.44726E+09  4.04170E+09  2.45536E+08  1.04563E+09  1.55419E+01  1.77731E+02   8.552   8.542
 0.190 -6.85858E-04  2.75408E-02  1.96948E-01 -1.06836E+01  4.18723E+01 -2.69306E+01 -9.16907E-01 -2.81057E-01 -2.83354E-01  2.68089E+02   2.929   0.650  1.69415E+09  3.28765E+09  5.14276E+09  2.08883E+08  8.09850E+08  1.83003E+01  2.17525E+02   8.625   8.562
 0.200 -6.70135E-02 -2.48326E-01  1.32561E-01 -3.49018E+01 -8.70695E+00 -1.75579E+01  1.68458E-01 -6.39010E-01 -7.50525E-01  3.71530E+02   4.480   2.102  4.14073E+09  4.46645E+09  1.14298E+09  3.04736E+08  2.74456E+09  8.16255E+00  2.82604E+02   8.403   8.351
 0.210  1.34170E-01 -6.35389E-03 -1.45697E-02  1.14476E+01  1.51368E+01  2.43230E+01  2.12207E-02 -8.13447E-01 -5.81252E-01  3.28055E+02   4.230   1.238  3.92258E+09  5.30146E+09  2.89883E+09  2.88053E+08  1.83004E+09  1.85316E+01  2.06745E+02   8.507   8.427
 0.220 -3.76839E-01 -1.24621E-01  5.27091E-01 -4.43157E+01  3.38406E+01 -8.14338E+01 -2.58361E-01 -8.97513E-01 -3.57379E-01  3.29601E+02   3.863   0.609  3.75364E+09  6.28022E+09  5.77730E+09  2.87003E+08  1.60598E+09  3.45881E+01  2.75594E+02   8.630   8.578
 0.230 -1.10483E-01 -6.15589E-02  2.26005E-01 -2.04369E+01  7.84955E+00  6.82128E+00 -8.75574E-02 -9.38799E-01 -3.33152E-01  5.07777E+02   4.423   0.931  3.16528E+09  4.88500E+09  8.62745E+09  7.94137E+08  2.26286E+09  2.04617E+01  3.44780E+02   8.647   8.624
 0.240 -6.35854E-01 -1.02133E-01  2.60249E-01 -1.96961E+01  1.69351E+00 -1.32673E+00  4.33304E-02 -9.64499E-01 -2.60509E-01  7.98716E+02   5.341   0.979  3.54562E+09  5.13064E+09  1.01630E+10  9.70567E+08  2.84399E+09  1.82939E+01  3.96554E+02   8.584   8.613
 0.250 -8.24169E-01  6.46519E-02 -7.29550E-02 -1.00030E+01  1.08186E+01 -2.90551E+01  1.17616E-01 -9.61570E-01 -2.48092E-01  9.35248E+02   6.833   1.364  2.76749E+09  3.89065E+09  1.21754E+10  1.43479E+09  4.07710E+09  1.30170E+01  4.66852E+02   8.612   8.596
 0.260 -5.70323E-01  6.24600E-03 -1.31737E-01  1.43291E+01 -1.02915E+00 -1.20076E+01  2.28858E-01 -9.36741E-01 -2.64841E-01  1.21746E+03   8.160   1.385  3.49892E+09  3.93265E+09  1.26715E+10  1.61296E+09  4.62315E+09  7.51622E+00  5.67459E+02   8.532   8.592
 0.270 -1.08816E+00 -1.82954E-01  2.19507E-01  3.28917E+00  1.16821E+01 -6.52199E+01  2.15058E-01 -9.39237E-01 -2.67553E-01  1.39078E+03   8.596   1.524  4.33624E+09  4.79619E+09  1.28919E+10  1.71681E+09  5.16812E+09  8.20407E+00  6.58427E+02   8.459   8.581
 0.280 -8.03126E-01 -6.20778E-02 -6.81701E-01  2.11485E+01 -6.03278E+00 -6.40416E+00  3.10626E-01 -9.23280E-01 -2.25976E-01  1.21155E+03   8.490   1.507  3.62020E+09  4.03343E+09  1.33450E+10  1.72378E+09  5.16006E+09  7.26613E+00  7.52025E+02   8.477   8.577
