  19
 0.100   1.029  5.14713E-01  6.35399E-01  3.67613E-01
 0.110   1.364  9.82072E-02  6.03777E-02  3.10571E-01
 0.120   1.515  1.00340E+00  1.22258E+00  6.52013E-01
 0.130   2.478  3.05929E+00  2.99133E+00  3.15125E+00
 0.140   2.311  1.12291E+01  1.17815E+01  8.29014E+00
 0.150   1.742  2.19189E+01  2.18691E+01  1.99873E+01
 0.160   2.411  1.90086E+01  2.00806E+01  1.79482E+01
 0.170   3.215  2.39891E+01  2.54497E+01  2.16976E+01
 0.180   3.271  1.86167E+01  1.85961E+01  1.99275E+01
 0.190   2.929  2.15368E+01  2.05239E+01  2.23271E+01
 0.200   4.480  1.77137E+01  1.94839E+01  1.63636E+01
 0.210   4.230  3.22580E+01  3.22355E+01  3.29552E+01
 0.220   3.863  5.46979E+01  5.61501E+01  4.97617E+01
 0.230   4.423  2.36009E+01  2.27963E+01  2.65215E+01
 0.240   5.341  2.02659E+01  1.93189E+01  2.24296E+01
 0.250   6.833  1.37543E+01  1.28908E+01  1.58272E+01
 0.260   8.160  7.96499E+00  7.95620E+00  7.94918E+00
 0.270   8.596  8.60713E+00  8.46028E+00  8.66667E+00
 0.280   8.490  7.62007E+00  7.55012E+00  8.17938E+00
