  39
 0.120   6.000   0.900  3.36337E+09  3.44465E+08  2.46773E+07  2.87764E+07  2.99422E+09  2.35696E+07  8.64107E+06  9.93119E+06  1.57880E+08  6.03073E+08  2.73081E+07  3.18448E+07  4.22999E+09  3.98569E+07  1.20332E+07  1.38691E+07  3.11769E+08
 0.130   7.250   1.007  4.85731E+09  4.28136E+08  5.20291E+07  6.11681E+07  4.37715E+09  9.87562E+06  1.71105E+07  2.03014E+07  2.30127E+08  5.94533E+08  5.22699E+07  6.14588E+07  5.02039E+09  2.29240E+07  2.13009E+07  2.52637E+07  3.86926E+08
 0.140   8.500   1.073  6.23931E+09  5.36501E+08  7.53450E+07  8.94673E+07  5.62746E+09  4.65962E+07  2.40098E+07  2.81366E+07  2.41517E+08  6.20245E+08  7.58348E+07  9.00712E+07  6.06086E+09  8.02546E+07  3.22836E+07  3.78001E+07  3.86926E+08
 0.150   9.500   1.045  7.00923E+09  5.45174E+08  9.40025E+07  1.13501E+08  6.37005E+09  5.66006E+07  4.47861E+07  5.35798E+07  3.63564E+08  5.83220E+08  9.42313E+07  1.13789E+08  6.61548E+09  6.49817E+07  4.89861E+07  5.86274E+07  4.29575E+08
 0.160  11.000   1.277  8.87324E+09  6.86984E+08  1.15520E+08  1.41175E+08  8.07073E+09  4.79792E+07  6.19933E+07  7.54569E+07  4.68235E+08  6.12042E+08  1.15237E+08  1.40816E+08  7.30860E+09  6.29597E+07  7.07494E+07  8.60625E+07  5.97847E+08
 0.170  13.750   1.725  1.48934E+10  1.39345E+09  1.65638E+08  2.02587E+08  1.33343E+10  7.14688E+07  8.47306E+07  1.04711E+08  7.55727E+08  8.91517E+08  1.46971E+08  1.80066E+08  9.57969E+09  1.01358E+08  9.92555E+07  1.22507E+08  1.08279E+09
 0.180  16.750   2.186  2.30241E+10  2.35172E+09  2.67729E+08  3.24192E+08  2.04046E+10  1.16448E+08  1.57430E+08  1.90234E+08  1.30893E+09  1.51912E+09  2.61258E+08  3.16003E+08  1.47008E+10  1.88008E+08  1.80035E+08  2.17699E+08  1.98601E+09
 0.190  19.250   2.505  2.85657E+10  2.85341E+09  4.48488E+08  5.37962E+08  2.52638E+10  3.04743E+08  2.20420E+08  2.66420E+08  1.58162E+09  1.84439E+09  4.36491E+08  5.22887E+08  1.72948E+10  4.27346E+08  2.63990E+08  3.17124E+08  2.49249E+09
 0.200  21.500   1.627  3.41823E+10  3.07048E+09  6.97810E+08  8.39073E+08  3.04140E+10  6.64777E+08  5.15847E+08  6.14639E+08  2.57712E+09  1.93406E+09  6.82792E+08  8.19976E+08  1.67708E+10  5.39639E+08  4.59901E+08  5.46918E+08  1.72046E+09
 0.210  23.000   1.581  3.72218E+10  2.71646E+09  1.14076E+09  1.37478E+09  3.33646E+10  4.45370E+08  9.29275E+08  1.11216E+09  2.47228E+09  1.55920E+09  1.10999E+09  1.33547E+09  1.59992E+10  3.30396E+08  8.31500E+08  9.92796E+08  1.48410E+09
 0.220  25.000   2.730  4.14774E+10  2.71131E+09  1.39813E+09  1.71879E+09  3.73680E+10  2.29272E+08  1.20837E+09  1.47860E+09  2.99971E+09  1.07962E+09  1.36973E+09  1.68211E+09  1.60575E+10  2.45624E+08  1.22973E+09  1.50522E+09  3.38830E+09
 0.230  27.000   2.519  4.56514E+10  2.95837E+09  1.51628E+09  1.89856E+09  4.11767E+10  5.65872E+08  1.33162E+09  1.66140E+09  3.54144E+09  1.45075E+09  1.47993E+09  1.85099E+09  1.79595E+10  5.20756E+08  1.31269E+09  1.63746E+09  3.21870E+09
 0.240  29.250   2.513  5.04197E+10  3.35189E+09  1.72257E+09  2.17191E+09  4.53453E+10  5.38538E+08  1.54874E+09  1.94743E+09  4.24670E+09  1.55174E+09  1.70014E+09  2.14248E+09  1.94307E+10  4.69875E+08  1.50040E+09  1.88670E+09  3.43527E+09
 0.250  31.750   2.845  5.72471E+10  3.88010E+09  1.85739E+09  2.36681E+09  5.15096E+10  8.45629E+08  1.69309E+09  2.15285E+09  4.63945E+09  1.72091E+09  1.81406E+09  2.30958E+09  1.80868E+10  7.37110E+08  1.65147E+09  2.10105E+09  4.00344E+09
 0.260  33.750   3.388  6.18905E+10  4.18500E+09  2.11931E+09  2.70831E+09  5.55862E+10  5.78885E+08  1.94962E+09  2.48814E+09  5.08341E+09  1.56632E+09  2.07945E+09  2.65547E+09  1.81379E+10  5.81647E+08  1.95106E+09  2.48994E+09  5.10976E+09
 0.270  37.500   3.527  7.56514E+10  4.82997E+09  2.28060E+09  2.93859E+09  6.85409E+10  6.40680E+08  2.12717E+09  2.73766E+09  5.90639E+09  1.39607E+09  2.22559E+09  2.86583E+09  1.77921E+10  5.99842E+08  2.10721E+09  2.71222E+09  5.45753E+09
 0.280  43.000   3.783  1.02564E+11  7.13117E+09  2.72604E+09  3.52671E+09  9.27066E+10  8.05043E+08  2.31375E+09  2.99585E+09  7.29256E+09  1.47006E+09  2.38748E+09  3.09231E+09  1.94302E+10  7.13393E+08  2.27179E+09  2.94251E+09  6.23570E+09
 0.290  46.500   5.301  1.15937E+11  8.31855E+09  2.89474E+09  3.77180E+09  1.04723E+11  7.82958E+08  2.43013E+09  3.17303E+09  8.30335E+09  1.92347E+09  2.74180E+09  3.57217E+09  2.31171E+10  9.29319E+08  2.45714E+09  3.20765E+09  9.79070E+09
 0.300  48.750   6.198  1.22205E+11  8.89667E+09  3.10252E+09  4.05483E+09  1.10206E+11  9.80545E+08  2.57563E+09  3.37804E+09  9.40053E+09  2.74230E+09  2.68345E+09  3.51566E+09  2.43291E+10  1.41705E+09  2.62430E+09  3.44050E+09  1.29999E+10
 0.310  51.250   5.984  1.29346E+11  9.44114E+09  3.26948E+09  4.29776E+09  1.16635E+11  5.75226E+08  2.58575E+09  3.42569E+09  8.63308E+09  1.54573E+09  2.67684E+09  3.54276E+09  2.01893E+10  7.38435E+08  2.61839E+09  3.46798E+09  1.05139E+10
 0.320  53.750   5.102  1.34048E+11  9.80951E+09  3.43855E+09  4.53684E+09  1.20800E+11  1.30652E+09  3.02761E+09  4.02139E+09  1.11682E+10  2.70250E+09  3.18208E+09  4.21524E+09  2.20701E+10  1.20366E+09  3.00526E+09  3.99289E+09  1.05280E+10
 0.330  55.000   5.524  1.32471E+11  9.66756E+09  3.95944E+09  5.18417E+09  1.18844E+11  1.39352E+09  3.22159E+09  4.24458E+09  1.08948E+10  2.78496E+09  3.69845E+09  4.84554E+09  2.27038E+10  1.40153E+09  3.22787E+09  4.25258E+09  1.09606E+10
 0.340  56.750   4.508  1.33941E+11  9.35875E+09  4.44447E+09  5.81948E+09  1.20138E+11  1.51625E+09  3.74374E+09  4.90685E+09  1.14883E+10  2.88423E+09  4.13431E+09  5.41145E+09  2.25502E+10  1.27295E+09  3.60329E+09  4.72368E+09  8.74955E+09
 0.350  59.000   5.919  1.39358E+11  9.09062E+09  4.97634E+09  6.52015E+09  1.25291E+11  1.32682E+09  4.39318E+09  5.75207E+09  1.27907E+10  2.35666E+09  4.72282E+09  6.18386E+09  2.32175E+10  1.33254E+09  4.39593E+09  5.75567E+09  1.28396E+10
 0.360  61.750   5.788  1.46011E+11  8.85579E+09  5.28492E+09  6.96461E+09  1.31871E+11  1.79305E+09  4.71515E+09  6.21130E+09  1.42199E+10  2.82464E+09  5.04909E+09  6.64847E+09  2.52245E+10  1.65362E+09  4.66588E+09  6.14787E+09  1.31420E+10
 0.370  65.250   5.743  1.59584E+11  9.00794E+09  5.59622E+09  7.41697E+09  1.44980E+11  2.04764E+09  5.06258E+09  6.70477E+09  1.49015E+10  3.01480E+09  5.33879E+09  7.06989E+09  2.46614E+10  1.82200E+09  4.91185E+09  6.51216E+09  1.27567E+10
 0.380  74.750   6.841  2.25084E+11  1.44324E+10  7.46027E+09  9.90980E+09  2.03191E+11  1.91957E+09  5.48024E+09  7.28261E+09  1.71809E+10  2.74090E+09  5.65711E+09  7.51556E+09  2.40966E+10  1.69208E+09  5.40461E+09  7.18406E+09  1.54589E+10
 0.390  84.000   6.691  2.96734E+11  2.03174E+10  8.90675E+09  1.18208E+10  2.67510E+11  2.95845E+09  5.88238E+09  7.84513E+09  1.98341E+10  3.27382E+09  5.97809E+09  7.97402E+09  2.44142E+10  2.31899E+09  5.66170E+09  7.55368E+09  1.51791E+10
 0.400  89.250   7.203  3.31497E+11  2.22385E+10  9.64256E+09  1.28229E+10  2.99616E+11  3.84183E+09  7.62479E+09  1.01461E+10  3.05726E+10  4.28951E+09  7.97355E+09  1.06091E+10  3.63341E+10  2.80340E+09  6.45725E+09  8.59461E+09  2.16500E+10
 0.410  93.250   6.608  3.50215E+11  2.26832E+10  1.07955E+10  1.43115E+10  3.16736E+11  3.42956E+09  7.09753E+09  9.41912E+09  2.59801E+10  3.65323E+09  7.20471E+09  9.55788E+09  2.86920E+10  2.41612E+09  6.39986E+09  8.51763E+09  1.56815E+10
 0.420  96.500   6.249  3.65390E+11  2.31673E+10  1.14576E+10  1.52701E+10  3.30765E+11  3.65807E+09  9.24625E+09  1.23119E+10  2.71708E+10  3.73886E+09  9.29289E+09  1.23742E+10  2.83514E+10  2.20397E+09  7.04677E+09  9.41564E+09  1.49038E+10
 0.430  99.750   6.109  3.79360E+11  2.30158E+10  1.27184E+10  1.69041E+10  3.43626E+11  3.06784E+09  1.04426E+10  1.38572E+10  3.19026E+10  3.07437E+09  1.04479E+10  1.38643E+10  3.20037E+10  2.23349E+09  9.14715E+09  1.21332E+10  1.70627E+10
 0.440 102.750   7.002  3.87432E+11  2.29040E+10  1.34905E+10  1.80274E+10  3.51038E+11  3.89969E+09  1.12295E+10  1.49772E+10  3.31004E+10  3.83596E+09  1.11945E+10  1.49302E+10  3.21373E+10  2.47847E+09  1.05407E+10  1.40551E+10  2.12745E+10
 0.450 105.250   5.550  3.94287E+11  2.24696E+10  1.40230E+10  1.88502E+10  3.57794E+11  3.48295E+09  1.17300E+10  1.57360E+10  3.31907E+10  3.39152E+09  1.16734E+10  1.56588E+10  3.13805E+10  2.17002E+09  1.03134E+10  1.38280E+10  1.58017E+10
 0.460 107.750   5.982  3.97692E+11  2.18349E+10  1.48043E+10  1.99421E+10  3.61053E+11  4.16224E+09  1.24579E+10  1.67398E+10  3.50064E+10  3.96192E+09  1.23508E+10  1.65949E+10  3.22499E+10  2.41504E+09  1.12027E+10  1.50648E+10  1.77326E+10
 0.470 109.500   5.347  3.94460E+11  2.12942E+10  1.57524E+10  2.12311E+10  3.57413E+11  3.94641E+09  1.35318E+10  1.81910E+10  3.70221E+10  3.74544E+09  1.34190E+10  1.80358E+10  3.35598E+10  2.37988E+09  1.16556E+10  1.56690E+10  1.60052E+10
 0.480 111.000   5.588  3.88245E+11  2.08708E+10  1.66739E+10  2.25231E+10  3.50701E+11  3.59300E+09  1.43526E+10  1.93394E+10  3.74109E+10  3.37108E+09  1.42263E+10  1.91658E+10  3.33710E+10  2.28451E+09  1.27240E+10  1.71270E+10  1.69028E+10
 0.490 113.000   7.062  3.88637E+11  2.08274E+10  1.75556E+10  2.37815E+10  3.50254E+11  4.05541E+09  1.60625E+10  2.17103E+10  4.34491E+10  3.47330E+09  1.52261E+10  2.05865E+10  3.67796E+10  2.57006E+09  1.42976E+10  1.93127E+10  2.35487E+10
 0.500 115.500   6.854  3.91755E+11  2.04685E+10  1.83812E+10  2.49611E+10  3.52905E+11  3.86725E+09  1.59123E+10  2.15776E+10  4.16682E+10  3.57610E+09  1.57445E+10  2.13430E+10  3.53586E+10  2.54271E+09  1.49181E+10  2.02037E+10  2.26605E+10
