  39
 0.120  6.00000E+00  3.36337E+09  4.90960E+01
 0.130  7.25000E+00  4.85731E+09  5.36739E+01
 0.140  8.50000E+00  6.23931E+09  5.61815E+01
 0.150  9.50000E+00  7.00923E+09  5.63258E+01
 0.160  1.10000E+01  8.87324E+09  5.88951E+01
 0.170  1.37500E+01  1.48934E+10  6.82464E+01
 0.180  1.67500E+01  2.30241E+10  7.68808E+01
 0.190  1.92500E+01  2.85657E+10  7.98806E+01
 0.200  2.15000E+01  3.41823E+10  8.26828E+01
 0.210  2.30000E+01  3.72218E+10  8.34197E+01
 0.220  2.50000E+01  4.14774E+10  8.44637E+01
 0.230  2.70000E+01  4.56514E+10  8.52667E+01
 0.240  2.92500E+01  5.04197E+10  8.60937E+01
 0.250  3.17500E+01  5.72471E+10  8.80520E+01
 0.260  3.37500E+01  6.18905E+10  8.87992E+01
 0.270  3.75000E+01  7.56514E+10  9.31381E+01
 0.280  4.30000E+01  1.02564E+11  1.01274E+02
 0.290  4.65000E+01  1.15937E+11  1.03542E+02
 0.300  4.87500E+01  1.22205E+11  1.03822E+02
 0.310  5.12500E+01  1.29346E+11  1.04175E+02
 0.320  5.37500E+01  1.34048E+11  1.03556E+02
 0.330  5.50000E+01  1.32471E+11  1.01768E+02
 0.340  5.67500E+01  1.33941E+11  1.00741E+02
 0.350  5.90000E+01  1.39358E+11  1.00780E+02
 0.360  6.17500E+01  1.46011E+11  1.00834E+02
 0.370  6.52500E+01  1.59584E+11  1.02551E+02
 0.380  7.47500E+01  2.25084E+11  1.13789E+02
 0.390  8.40000E+01  2.96734E+11  1.23247E+02
 0.400  8.92500E+01  3.31497E+11  1.26378E+02
 0.410  9.32500E+01  3.50215E+11  1.27080E+02
 0.420  9.65000E+01  3.65390E+11  1.27599E+02
 0.430  9.97500E+01  3.79360E+11  1.27880E+02
 0.440  1.02750E+02  3.87432E+11  1.27333E+02
 0.450  1.05250E+02  3.94287E+11  1.26920E+02
 0.460  1.07750E+02  3.97692E+11  1.25979E+02
 0.470  1.09500E+02  3.94460E+11  1.24460E+02
 0.480  1.11000E+02  3.88245E+11  1.22638E+02
 0.490  1.13000E+02  3.88637E+11  1.21609E+02
 0.500  1.15500E+02  3.91755E+11  1.20768E+02
