  39
 0.120  4.50323E+07  1.28942E+07  1.48713E+07  4.34737E+07  7.63250E+06  3.62982E+08  9.27935E-02
 0.130  2.24127E+07  2.12179E+07  2.51642E+07  2.15691E+07  1.07118E+07  3.82935E+08  5.08989E-02
 0.140  6.85610E+07  2.98910E+07  3.50059E+07  6.47683E+07  1.19903E+07  3.36959E+08  1.93503E-01
 0.150  6.08924E+07  4.73069E+07  5.66069E+07  5.90711E+07  1.32643E+07  3.97235E+08  1.22820E-01
 0.160  4.01814E+07  5.67002E+07  6.90038E+07  3.86679E+07  1.19050E+07  3.98482E+08  8.72486E-02
 0.170  3.79129E+07  6.15882E+07  7.62244E+07  3.59276E+07  6.47214E+06  4.38056E+08  7.16769E-02
 0.180  5.11733E+07  1.10180E+08  1.32218E+08  4.89184E+07  4.61104E+07  5.34080E+08  6.83978E-01
 0.190  1.34526E+08  1.28289E+08  1.55859E+08  1.30895E+08  2.51291E+07  4.83698E+08  3.58474E-01
 0.200  3.16366E+08  3.49895E+08  4.15261E+08  3.07464E+08  1.58653E+08  8.45350E+08  2.14199E+00
 0.210  2.15808E+08  6.94083E+08  8.26808E+08  2.10110E+08  2.92544E+08  8.05111E+08  2.85835E+00
 0.220  1.07903E+08  8.93668E+08  1.08977E+09  1.03904E+08  1.72815E+08  8.60814E+08  1.89678E+00
 0.230  1.22661E+08  9.53464E+08  1.18951E+09  1.18758E+08  6.81124E+07  8.87501E+08  8.51671E-01
 0.240  1.33190E+08  1.05620E+09  1.33259E+09  1.28446E+08  8.57087E+07  9.52931E+08  9.58269E-01
 0.250  7.71969E+07  1.07505E+09  1.37788E+09  7.46951E+07  2.82694E+07  9.15020E+08  2.44792E-01
 0.260  6.69200E+07  1.14847E+09  1.48084E+09  6.36604E+07  6.94805E+07  9.45199E+08  6.46276E-01
 0.270  5.02689E+07  1.17376E+09  1.53038E+09  4.78808E+07  2.06189E+07  9.53180E+08  2.37794E-01
 0.280  4.99530E+07  1.18107E+09  1.55261E+09  4.78541E+07  2.22002E+07  9.63240E+08  2.41613E-01
 0.290  3.99828E+07  1.20577E+09  1.59609E+09  3.78797E+07  1.91571E+07  9.62492E+08  1.80776E-01
 0.300  3.74621E+07  1.22165E+09  1.62668E+09  3.53085E+07  1.79361E+07  9.77540E+08  2.00695E-01
 0.310  2.59652E+07  1.21080E+09  1.62149E+09  2.41582E+07  1.25987E+07  9.13690E+08  1.42069E-01
 0.320  4.75089E+07  1.22195E+09  1.64485E+09  4.54124E+07  1.17681E+07  9.52848E+08  1.42920E-01
 0.330  1.08228E+08  1.37284E+09  1.83606E+09  1.03384E+08  8.88471E+07  1.01653E+09  1.09788E+00
 0.340  2.22275E+08  1.75490E+09  2.30831E+09  2.16152E+08  2.31961E+08  1.17075E+09  2.51900E+00
 0.350  1.43124E+08  2.12522E+09  2.77872E+09  1.38874E+08  2.35433E+08  1.26545E+09  2.29219E+00
 0.360  6.49332E+07  2.12152E+09  2.81022E+09  6.26315E+07  4.61543E+07  1.22496E+09  4.58720E-01
 0.370  4.75949E+07  2.11407E+09  2.82777E+09  4.55740E+07  2.72589E+07  1.22263E+09  2.62748E-01
 0.380  4.11706E+07  2.12356E+09  2.86038E+09  3.94667E+07  2.13450E+07  1.20692E+09  2.20308E-01
 0.390  4.24643E+07  2.10560E+09  2.85402E+09  4.07841E+07  1.46075E+07  1.19503E+09  1.63828E-01
 0.400  2.93060E+07  2.14072E+09  2.91583E+09  2.79010E+07  1.33896E+07  1.26669E+09  1.40971E-01
 0.410  4.93965E+07  2.08764E+09  2.85249E+09  4.70697E+07  2.11237E+07  1.16843E+09  2.44408E-01
 0.420  9.29271E+07  2.23614E+09  3.05317E+09  8.94141E+07  5.79586E+07  1.22454E+09  6.43927E-01
 0.430  1.86846E+08  2.84009E+09  3.79822E+09  1.83472E+08  1.92190E+08  1.27551E+09  2.02278E+00
 0.440  1.01562E+08  3.02364E+09  4.06524E+09  9.89802E+07  8.67650E+07  1.31425E+09  8.45986E-01
 0.450  6.78203E+07  3.15800E+09  4.27318E+09  6.53362E+07  5.05223E+07  1.36604E+09  4.98675E-01
 0.460  1.10548E+08  3.13017E+09  4.26067E+09  1.07194E+08  4.28782E+07  1.33445E+09  5.17000E-01
 0.470  1.35526E+08  3.34836E+09  4.55889E+09  1.32132E+08  8.74072E+07  1.40911E+09  1.03782E+00
 0.480  6.55151E+07  3.50771E+09  4.79521E+09  6.25609E+07  5.28380E+07  1.45359E+09  5.39620E-01
 0.490  8.56006E+07  3.52837E+09  4.84417E+09  8.32768E+07  4.08185E+07  1.44677E+09  4.68778E-01
 0.500  4.79619E+07  3.50943E+09  4.83709E+09  4.62803E+07  2.91056E+07  1.40487E+09  3.16448E-01
