  39
 0.120   0.900  8.80853E-02  9.64318E-02  8.02207E-02
 0.130   1.007  5.10660E-02  2.27158E-02  1.15821E-01
 0.140   1.073  2.09548E-01  2.40918E-01  1.46764E-01
 0.150   1.045  1.27249E-01  1.39514E-01  1.57799E-01
 0.160   1.277  1.11456E-01  9.63116E-02  1.68531E-01
 0.170   1.725  1.33562E-01  1.36730E-01  1.31898E-01
 0.180   2.186  8.80991E-01  8.64724E-01  7.00932E-01
 0.190   2.505  1.31654E+00  1.46759E+00  9.72713E-01
 0.200   1.627  2.60229E+00  2.86054E+00  2.12790E+00
 0.210   1.581  3.28896E+00  3.11054E+00  3.74953E+00
 0.220   2.730  2.32301E+00  2.15306E+00  2.52248E+00
 0.230   2.519  1.54802E+00  1.70321E+00  1.26213E+00
 0.240   2.513  1.96725E+00  2.04398E+00  1.86892E+00
 0.250   2.845  1.38416E+00  1.55953E+00  1.22365E+00
 0.260   3.388  1.66143E+00  1.50545E+00  2.04407E+00
 0.270   3.527  1.42676E+00  1.46612E+00  1.48114E+00
 0.280   3.783  1.60274E+00  1.61253E+00  1.51074E+00
 0.290   5.301  9.63329E-01  9.20021E-01  1.06670E+00
 0.300   6.198  1.57448E+00  1.60445E+00  1.48476E+00
 0.310   5.984  4.23661E-01  4.30366E-01  4.31575E-01
 0.320   5.102  1.05935E+00  1.14664E+00  9.16804E-01
 0.330   5.524  3.23802E+00  3.07562E+00  3.50897E+00
 0.340   4.508  3.84308E+00  3.71113E+00  4.07168E+00
 0.350   5.919  3.41447E+00  3.15233E+00  4.13267E+00
 0.360   5.788  2.86125E+00  3.04527E+00  2.70018E+00
 0.370   5.743  1.88532E+00  1.91474E+00  2.08787E+00
 0.380   6.841  1.86399E+00  1.69270E+00  2.54752E+00
 0.390   6.691  2.47243E+00  2.46966E+00  2.62671E+00
 0.400   7.203  5.05284E+00  5.19318E+00  4.86521E+00
 0.410   6.608  4.65159E+00  4.49211E+00  5.13577E+00
 0.420   6.249  3.09446E+00  2.97020E+00  3.44832E+00
 0.430   6.109  7.71188E+00  7.18994E+00  9.09121E+00
 0.440   7.002  5.10382E+00  4.80318E+00  5.37972E+00
 0.450   5.550  3.96961E+00  3.86288E+00  4.17068E+00
 0.460   5.982  4.99801E+00  5.11549E+00  4.99945E+00
 0.470   5.347  7.15849E+00  7.08878E+00  7.25047E+00
 0.480   5.588  5.88818E+00  5.92936E+00  6.04786E+00
 0.490   7.062  5.51978E+00  5.50619E+00  5.75062E+00
 0.500   6.854  5.61212E+00  5.42700E+00  6.06771E+00
