  39
 0.120   0.900  1.20332E+07  1.38691E+07  1.19427E+07  1.28912E+02  0.00000E+00  0.00000E+00  0.00000E+00  1.20332E+07  1.38691E+07  1.19427E+07
 0.130   1.007  2.13009E+07  2.52637E+07  2.11201E+07  1.65015E+02  2.06258E+06  2.53053E+06  2.02950E+06  1.92383E+07  2.27331E+07  1.90906E+07
 0.140   1.073  3.22836E+07  3.78001E+07  3.20389E+07  1.62592E+02  4.00221E+06  4.90786E+06  3.94660E+06  2.82814E+07  3.28923E+07  2.80923E+07
 0.150   1.045  4.89861E+07  5.86274E+07  4.85375E+07  2.11512E+02  8.11773E+06  1.00109E+07  8.01045E+06  4.08684E+07  4.86165E+07  4.05270E+07
 0.160   1.277  7.07494E+07  8.60625E+07  6.99777E+07  2.66027E+02  1.41865E+07  1.76904E+07  1.39525E+07  5.65630E+07  6.83721E+07  5.60252E+07
 0.170   1.725  9.92555E+07  1.22507E+08  9.79375E+07  3.38678E+02  2.83601E+07  3.56446E+07  2.78614E+07  7.08954E+07  8.68622E+07  7.00761E+07
 0.180   2.186  1.80035E+08  2.17699E+08  1.78044E+08  3.01813E+02  4.48035E+07  5.66916E+07  4.39536E+07  1.35231E+08  1.61008E+08  1.34091E+08
 0.190   2.505  2.63990E+08  3.17124E+08  2.61359E+08  2.92030E+02  4.74584E+07  6.05951E+07  4.64112E+07  2.16532E+08  2.56529E+08  2.14948E+08
 0.200   1.627  4.59901E+08  5.46918E+08  4.56480E+08  2.43575E+02  5.94380E+07  7.55423E+07  5.82527E+07  4.00463E+08  4.71375E+08  3.98227E+08
 0.210   1.581  8.31500E+08  9.92796E+08  8.26625E+08  2.19857E+02  6.87218E+07  8.76179E+07  6.74043E+07  7.62778E+08  9.05179E+08  7.59221E+08
 0.220   2.730  1.22973E+09  1.50522E+09  1.22069E+09  2.92492E+02  1.76179E+08  2.23939E+08  1.73394E+08  1.05355E+09  1.28129E+09  1.04730E+09
 0.230   2.519  1.31269E+09  1.63746E+09  1.30044E+09  3.83423E+02  1.65979E+08  2.14018E+08  1.62785E+08  1.14671E+09  1.42344E+09  1.13766E+09
 0.240   2.513  1.50040E+09  1.88670E+09  1.48446E+09  4.51702E+02  1.72922E+08  2.25060E+08  1.69184E+08  1.32748E+09  1.66164E+09  1.31528E+09
 0.250   2.845  1.65147E+09  2.10105E+09  1.63103E+09  5.40136E+02  2.04085E+08  2.67033E+08  1.99373E+08  1.44738E+09  1.83402E+09  1.43166E+09
 0.260   3.388  1.95106E+09  2.48994E+09  1.92534E+09  5.93197E+02  2.49078E+08  3.27246E+08  2.43057E+08  1.70198E+09  2.16270E+09  1.68229E+09
 0.270   3.527  2.10721E+09  2.71222E+09  2.07632E+09  6.78357E+02  2.60912E+08  3.45145E+08  2.53997E+08  1.84630E+09  2.36708E+09  1.82233E+09
 0.280   3.783  2.27179E+09  2.94251E+09  2.23525E+09  7.63663E+02  2.80891E+08  3.73449E+08  2.72851E+08  1.99090E+09  2.56906E+09  1.96240E+09
 0.290   5.301  2.45714E+09  3.20765E+09  2.41377E+09  8.58609E+02  3.41392E+08  4.54752E+08  3.31350E+08  2.11575E+09  2.75290E+09  2.08242E+09
 0.300   6.198  2.62430E+09  3.44050E+09  2.57422E+09  9.49629E+02  3.71058E+08  4.97027E+08  3.59195E+08  2.25324E+09  2.94347E+09  2.21503E+09
 0.310   5.984  2.61839E+09  3.46798E+09  2.56345E+09  1.07408E+03  3.44115E+08  4.63640E+08  3.32277E+08  2.27427E+09  3.00434E+09  2.23118E+09
 0.320   5.102  3.00526E+09  3.99289E+09  2.93885E+09  1.15937E+03  6.68725E+08  8.92849E+08  6.50189E+08  2.33654E+09  3.10004E+09  2.28866E+09
 0.330   5.524  3.22787E+09  4.25258E+09  3.15798E+09  1.16328E+03  5.50913E+08  7.40162E+08  5.33723E+08  2.67695E+09  3.51242E+09  2.62426E+09
 0.340   4.508  3.60329E+09  4.72368E+09  3.52767E+09  1.15553E+03  5.21485E+08  7.04338E+08  5.04095E+08  3.08181E+09  4.01935E+09  3.02357E+09
 0.350   5.919  4.39593E+09  5.75567E+09  4.30826E+09  1.13362E+03  7.17795E+08  9.66789E+08  6.95793E+08  3.67813E+09  4.78888E+09  3.61246E+09
 0.360   5.788  4.66588E+09  6.14787E+09  4.56924E+09  1.20714E+03  7.20518E+08  9.75571E+08  6.96959E+08  3.94536E+09  5.17230E+09  3.87228E+09
 0.370   5.743  4.91185E+09  6.51216E+09  4.80591E+09  1.28907E+03  7.32157E+08  9.95402E+08  7.07092E+08  4.17970E+09  5.51676E+09  4.09882E+09
 0.380   6.841  5.40461E+09  7.18406E+09  5.28625E+09  1.34104E+03  8.81451E+08  1.19417E+09  8.52967E+08  4.52315E+09  5.98988E+09  4.43328E+09
 0.390   6.691  5.66170E+09  7.55368E+09  5.53353E+09  1.42038E+03  8.73657E+08  1.19029E+09  8.43830E+08  4.78804E+09  6.36338E+09  4.68970E+09
 0.400   7.203  6.45725E+09  8.59461E+09  6.31300E+09  1.43734E+03  1.11628E+09  1.51952E+09  1.08016E+09  5.34097E+09  7.07509E+09  5.23284E+09
 0.410   6.608  6.39986E+09  8.51763E+09  6.25359E+09  1.49357E+03  7.58211E+08  1.04427E+09  7.27752E+08  5.64165E+09  7.47336E+09  5.52584E+09
 0.420   6.249  7.04677E+09  9.41564E+09  6.88530E+09  1.53790E+03  9.72330E+08  1.33109E+09  9.37292E+08  6.07444E+09  8.08455E+09  5.94801E+09
 0.430   6.109  9.14715E+09  1.21332E+10  8.95128E+09  1.48355E+03  2.22530E+09  3.01892E+09  2.16398E+09  6.92184E+09  9.11430E+09  6.78730E+09
 0.440   7.002  1.05407E+10  1.40551E+10  1.03186E+10  1.51090E+03  2.52092E+09  3.44002E+09  2.44947E+09  8.01974E+09  1.06151E+10  7.86909E+09
 0.450   5.550  1.03134E+10  1.38280E+10  1.00866E+10  1.60557E+03  2.19304E+09  3.01328E+09  2.12531E+09  8.12036E+09  1.08147E+10  7.96126E+09
 0.460   5.982  1.12027E+10  1.50648E+10  1.09532E+10  1.66912E+03  2.30425E+09  3.17987E+09  2.22961E+09  8.89848E+09  1.18850E+10  8.72364E+09
 0.470   5.347  1.16556E+10  1.56690E+10  1.13945E+10  1.71038E+03  2.22569E+09  3.08290E+09  2.14991E+09  9.42987E+09  1.25861E+10  9.24457E+09
 0.480   5.588  1.27240E+10  1.71270E+10  1.24411E+10  1.73908E+03  2.35622E+09  3.26489E+09  2.27500E+09  1.03678E+10  1.38621E+10  1.01661E+10
 0.490   7.062  1.42976E+10  1.93127E+10  1.39778E+10  1.79601E+03  2.83112E+09  3.92861E+09  2.73437E+09  1.14665E+10  1.53841E+10  1.12434E+10
 0.500   6.854  1.49181E+10  2.02037E+10  1.45792E+10  1.86101E+03  2.77480E+09  3.86734E+09  2.67517E+09  1.21433E+10  1.63364E+10  1.19040E+10
