  17
 0.100   0.975   0.553  7.99677E+06  8.68061E+06  7.97801E+06  4.05771E+01  0.00000E+00  0.00000E+00  0.00000E+00  7.99677E+06  8.68061E+06  7.97801E+06
 0.110   1.000   0.500  1.15665E+07  1.33129E+07  1.14929E+07  1.07809E+02  1.17301E+06  1.40752E+06  1.15945E+06  1.03935E+07  1.19053E+07  1.03335E+07
 0.120   1.636   1.120  2.29797E+07  2.66128E+07  2.28436E+07  1.15337E+02  4.61422E+06  5.55186E+06  4.57005E+06  1.83655E+07  2.10610E+07  1.82736E+07
 0.130   1.705   0.960  1.67348E+08  1.88198E+08  1.66777E+08  7.73714E+01  8.43233E+06  1.03320E+07  8.30204E+06  1.58916E+08  1.77866E+08  1.58475E+08
 0.140   1.071   0.500  5.79593E+08  6.56616E+08  5.78287E+08  6.85224E+01  1.05299E+07  1.28572E+07  1.03929E+07  5.69063E+08  6.43759E+08  5.67894E+08
 0.150   2.238   0.500  5.41672E+08  6.15743E+08  5.39803E+08  9.53853E+01  6.97309E+07  8.59540E+07  6.88384E+07  4.71942E+08  5.29789E+08  4.70965E+08
 0.160   2.410   0.500  1.25235E+09  1.43650E+09  1.24863E+09  9.62326E+01  9.30662E+07  1.15047E+08  9.18139E+07  1.15928E+09  1.32145E+09  1.15681E+09
 0.170   2.351   0.522  2.03942E+09  2.41166E+09  2.03034E+09  1.48306E+02  1.51940E+08  1.88300E+08  1.49932E+08  1.88748E+09  2.22335E+09  1.88041E+09
 0.180   3.097   0.909  2.64989E+09  3.20909E+09  2.63223E+09  2.21132E+02  2.94794E+08  3.67173E+08  2.90936E+08  2.35509E+09  2.84191E+09  2.34129E+09
 0.190   3.712   1.021  4.08769E+09  4.94932E+09  4.05598E+09  2.59183E+02  5.72807E+08  7.20519E+08  5.64230E+08  3.51489E+09  4.22880E+09  3.49175E+09
 0.200   4.321   0.744  5.75112E+09  6.97504E+09  5.70548E+09  2.77796E+02  4.64555E+08  5.88804E+08  4.56773E+08  5.28657E+09  6.38623E+09  5.24870E+09
 0.210   3.920   1.139  7.04084E+09  8.65828E+09  6.97524E+09  3.36849E+02  7.55304E+08  9.54755E+08  7.43143E+08  6.28554E+09  7.70353E+09  6.23209E+09
 0.220   4.935   1.275  8.39880E+09  1.03779E+10  8.31673E+09  3.70612E+02  9.35690E+08  1.18949E+09  9.20562E+08  7.46311E+09  9.18839E+09  7.39617E+09
 0.230   4.743   1.015  8.12116E+09  1.01319E+10  8.03198E+09  4.32255E+02  1.02486E+09  1.31849E+09  1.00628E+09  7.09630E+09  8.81345E+09  7.02569E+09
 0.240   4.826   1.434  9.86456E+09  1.24068E+10  9.74729E+09  4.86757E+02  1.34354E+09  1.73218E+09  1.31876E+09  8.52102E+09  1.06747E+10  8.42853E+09
 0.250   5.020   1.183  1.18148E+10  1.49084E+10  1.16671E+10  5.33114E+02  1.54427E+09  2.00522E+09  1.51415E+09  1.02706E+10  1.29032E+10  1.01529E+10
 0.260   5.164   0.966  1.18732E+10  1.51098E+10  1.17120E+10  5.98643E+02  1.40799E+09  1.84086E+09  1.37727E+09  1.04652E+10  1.32689E+10  1.03347E+10
