  17
 0.100  1.12448E+08  6.20178E+07  7.00930E+07  1.08731E+08  4.64991E+07  6.53384E+08  6.59153E-01
 0.110  1.13632E+08  8.52322E+07  9.96413E+07  1.10487E+08  3.81403E+07  6.34594E+08  2.98783E-01
 0.120  7.40496E+07  1.15688E+08  1.38176E+08  7.09714E+07  3.42424E+07  7.71689E+08  2.31799E-01
 0.130  3.82397E+08  4.81135E+08  5.47769E+08  3.76476E+08  3.63584E+08  1.06716E+09  5.43287E+00
 0.140  8.01164E+08  1.80316E+09  2.09124E+09  7.91831E+08  1.05500E+09  2.08810E+09  1.27366E+01
 0.150  7.39864E+08  2.92501E+09  3.45355E+09  7.26918E+08  1.09775E+09  2.59782E+09  1.31840E+01
 0.160  5.10604E+08  3.71307E+09  4.47692E+09  5.00451E+08  8.24273E+08  2.88057E+09  9.08225E+00
 0.170  4.33316E+08  4.17671E+09  5.12469E+09  4.26461E+08  6.01628E+08  2.79636E+09  6.07013E+00
 0.180  3.02552E+08  4.50768E+09  5.61383E+09  2.96275E+08  3.47493E+08  2.87226E+09  3.53864E+00
 0.190  3.25417E+08  4.83744E+09  6.09391E+09  3.18885E+08  3.19638E+08  3.28114E+09  3.52072E+00
 0.200  1.71159E+08  5.29355E+09  6.70373E+09  1.67408E+08  4.05021E+08  3.20299E+09  3.30374E+00
 0.210  2.11064E+08  5.56189E+09  7.08026E+09  2.07555E+08  2.71925E+08  3.00271E+09  2.52997E+00
 0.220  2.56666E+08  5.93928E+09  7.58684E+09  2.52949E+08  3.97731E+08  2.97078E+09  4.26031E+00
 0.230  1.65468E+08  6.37904E+09  8.22391E+09  1.61290E+08  1.93854E+08  2.90211E+09  1.95250E+00
 0.240  1.05777E+08  6.23002E+09  8.10762E+09  1.03362E+08  9.80734E+07  2.79910E+09  1.00604E+00
 0.250  7.58136E+07  6.45712E+09  8.46926E+09  7.35267E+07  6.58170E+07  2.88465E+09  6.28139E-01
 0.260  8.54641E+07  6.65913E+09  8.76482E+09  8.32937E+07  1.13291E+08  2.84973E+09  1.17162E+00
