  17
 0.100       119176  0.38318E-02 -0.35763E-02  0.28951E-02  0.32676E+02 -0.12591E+02 -0.14238E+02  0.16181E+00 -0.97581E+00 -0.14705E+00   0.975   0.553
 0.110        99426 -0.70295E-02 -0.24369E-02  0.15933E-02  0.11863E+02  0.55020E+01  0.14861E+02  0.80823E+00 -0.39458E+00 -0.43712E+00   1.000   0.500
 0.120       106080 -0.47007E-02 -0.40876E-03  0.37810E-02 -0.22726E+02 -0.10998E+02  0.97027E+02  0.17069E+00 -0.97775E+00 -0.12194E+00   1.636   1.120
 0.130       317174 -0.18823E-02 -0.88578E-03 -0.28788E-02  0.18053E+02 -0.34543E+02 -0.25207E+02  0.16970E+00 -0.80982E+00 -0.56160E+00   1.705   0.960
 0.140       310770  0.47717E-03  0.23859E-03  0.35788E-03 -0.32193E+02  0.95107E+02 -0.13743E+03  0.39561E+00 -0.87952E+00  0.26446E+00   1.071   0.500
 0.150       327308 -0.31971E-02 -0.25577E-03 -0.25577E-03  0.23223E+03 -0.21832E+03  0.69527E+02  0.72269E+00  0.22586E+00 -0.65323E+00   2.238   0.500
 0.160       237979  0.27262E-03  0.16357E-02  0.95418E-03 -0.13781E+03  0.85062E+02 -0.11424E+03  0.46514E+00  0.56072E+00 -0.68501E+00   2.410   0.500
 0.170          732 -0.15933E-02 -0.17381E-02  0.23175E-02 -0.25265E+03 -0.41607E+03  0.45551E+03  0.52486E+00  0.45184E+00 -0.72136E+00   2.351   0.522
 0.180       867067 -0.15329E-03  0.12263E-02 -0.91976E-03  0.15139E+03 -0.12338E+02 -0.12848E+03  0.62191E+00  0.50408E+00 -0.59928E+00   3.097   0.909
 0.190      1392450  0.29166E-02  0.97219E-03 -0.12963E-02  0.12341E+03  0.16945E+03 -0.21728E+02  0.65160E+00  0.54550E+00 -0.52711E+00   3.712   1.021
 0.200       461510  0.30675E-02  0.00000E+00 -0.20450E-02 -0.15581E+03  0.25929E+03  0.98688E+02  0.72179E+00  0.59006E+00 -0.36173E+00   4.321   0.744
 0.210        63022 -0.53702E-03 -0.25061E-02 -0.71603E-03  0.61237E+02 -0.38448E+02 -0.14035E+03  0.87447E+00  0.47591E+00 -0.93906E-01   3.920   1.139
 0.220       146897  0.33736E-02 -0.37484E-03 -0.18742E-02  0.37633E+03  0.79683E+02 -0.27438E+03  0.93460E+00  0.35002E+00 -0.63288E-01   4.935   1.275
 0.230      1469981 -0.58795E-03  0.27437E-02 -0.11759E-02 -0.42542E+03 -0.30562E+02  0.44149E+03  0.95856E+00  0.28430E+00 -0.18390E-01   4.743   1.015
 0.240      5300375  0.20446E-03 -0.16356E-02  0.16356E-02  0.93548E+02 -0.11650E+03 -0.85421E+02  0.96838E+00  0.24691E+00  0.35819E-01   4.826   1.434
 0.250      1915045 -0.63935E-03  0.42624E-02  0.00000E+00  0.10518E+03 -0.32783E+03  0.23132E+03  0.94529E+00  0.32598E+00 -0.13074E-01   5.020   1.183
 0.260       507302  0.13293E-02 -0.22155E-02  0.88621E-03  0.23939E+02 -0.10391E+03 -0.29353E+02  0.96769E+00  0.25007E+00 -0.32225E-01   5.164   0.966
