  17
 0.100 -1.59252E-01  1.78470E-02 -1.74777E-01  7.97289E+00  3.43336E+00 -1.37824E+01  1.61808E-01 -9.75805E-01 -1.47046E-01  1.94490E+01   0.975   0.553  1.04152E+08  1.08039E+08  7.99677E+06  0.00000E+00  5.02155E+07  1.21024E-01  4.05771E+01   7.986   7.890
 0.110 -3.49676E-02 -1.61050E-01 -2.25707E-02 -2.59525E+01 -2.37630E+01 -1.75719E+01  8.08227E-01 -3.94579E-01 -4.37122E-01  1.72854E+01   1.000   0.500  1.12997E+08  1.16696E+08  1.15665E+07  1.17301E+06  7.84825E+07  7.56847E-02  1.07809E+02   7.787   7.970
 0.120 -3.38207E-01 -8.15708E-02  6.94119E-02 -3.71218E+01 -3.57799E+01 -1.86519E+01  1.70693E-01 -9.77750E-01 -1.21939E-01  2.56545E+01   1.636   1.120  2.48637E+08  2.51023E+08  2.29797E+07  4.61422E+06  1.58129E+08  1.56585E-01  1.15337E+02   7.846   7.860
 0.130 -6.60502E-02 -3.20167E-02 -7.05120E-02  8.23983E+00  4.10709E+00  3.64112E+00  1.69705E-01 -8.09819E-01 -5.61599E-01  1.48018E+01   1.705   0.960  4.89126E+08  6.09651E+08  1.67348E+08  8.43233E+06  2.98300E+08  2.07847E+00  7.73714E+01   8.401   8.198
 0.140  1.46284E-03  1.24273E-02  5.91235E-03 -5.13166E+00 -9.61012E+00  3.49147E+00  3.95610E-01 -8.79519E-01  2.64460E-01  9.03726E+00   1.071   0.500  7.91868E+08  1.24859E+09  5.79593E+08  1.05299E+07  1.71847E+08  6.06716E+00  6.85224E+01   8.651   8.522
 0.150  4.04831E-02  3.45429E-02  3.97056E-02  1.37845E+01 -5.28661E+00  6.59860E+00  7.22688E-01  2.25865E-01 -6.53228E-01  8.04584E+01   2.238   0.500  1.20497E+09  1.56143E+09  5.41672E+08  6.97309E+07  4.84530E+08  6.06209E+00  9.53853E+01   8.588   8.309
 0.160  2.82849E-01 -1.69043E-01  1.04060E-01  1.55430E+01 -1.14198E+01 -4.11711E+00  4.65135E-01  5.60722E-01 -6.85011E-01  1.33625E+02   2.410   0.500  1.23167E+09  2.03524E+09  1.25235E+09  9.30662E+07  5.77146E+08  1.06380E+01  9.62326E+01   8.607   8.333
 0.170  3.50339E-02 -7.21204E-02 -2.47763E-03 -3.23205E+01  3.62043E+01  3.29928E+00  5.24862E-01  4.51838E-01 -7.21361E-01  1.59287E+02   2.351   0.522  9.50219E+08  1.74593E+09  2.03942E+09  1.51940E+08  5.87289E+08  7.99726E+00  1.48306E+02   8.702   8.450
 0.180  9.01106E-02  3.88988E-02  2.37490E-01  3.19805E+01 -2.92202E+00  3.12993E+01  6.21905E-01  5.04081E-01 -5.99279E-01  2.32925E+02   3.097   0.909  1.18209E+09  1.63189E+09  2.64989E+09  2.94794E+08  1.08204E+09  5.20412E+00  2.21132E+02   8.565   8.495
 0.190  1.85614E-01 -2.38732E-01 -1.79312E-01 -5.79182E+01  3.06304E+01 -5.87511E+00  6.51603E-01  5.45503E-01 -5.27106E-01  3.98065E+02   3.712   1.021  2.59550E+09  3.64697E+09  4.08769E+09  5.72807E+08  2.35157E+09  1.49498E+01  2.59183E+02   8.456   8.498
 0.200  1.78639E-01 -1.42851E-01  9.98106E-02  4.41820E+01 -4.44875E+01  9.55667E+00  7.21790E-01  5.90060E-01 -3.61729E-01  4.07417E+02   4.321   0.744  2.20186E+09  3.95883E+09  5.75112E+09  4.64555E+08  1.50638E+09  1.93449E+01  2.77796E+02   8.594   8.566
 0.210 -4.63228E-02 -1.15279E-01 -9.79418E-02  2.83966E+01 -1.25536E+01 -2.03243E+01  8.74468E-01  4.75907E-01 -9.39064E-02  4.64308E+02   3.920   1.139  2.51322E+09  3.69584E+09  7.04084E+09  7.55304E+08  2.43071E+09  1.38290E+01  3.36849E+02   8.568   8.594
 0.220 -6.07748E-02  2.56536E-01 -9.43440E-02 -1.57007E+01  5.14796E+00  4.33248E+01  9.34601E-01  3.50022E-01 -6.32884E-02  5.12463E+02   4.935   1.275  2.70978E+09  4.24071E+09  8.39880E+09  9.35690E+08  2.41899E+09  1.68307E+01  3.70612E+02   8.609   8.598
 0.230  9.20735E-03  2.38431E-01  1.45931E-01 -3.57945E+00 -1.14035E+00  4.19820E+01  9.58559E-01  2.84298E-01 -1.83899E-02  5.49958E+02   4.743   1.015  2.46590E+09  3.64479E+09  8.12116E+09  1.02486E+09  2.14846E+09  1.44750E+01  4.32255E+02   8.652   8.616
 0.240  8.91133E-02 -1.55572E-01  9.61170E-02  1.09242E+01 -1.22285E+01 -1.97847E-01  9.68376E-01  2.46910E-01  3.58194E-02  6.60171E+02   4.826   1.434  2.33042E+09  3.35398E+09  9.86456E+09  1.34354E+09  2.60547E+09  1.22013E+01  4.86757E+02   8.664   8.620
 0.250 -1.13470E-01  2.05772E-01  7.20506E-02  2.48007E+00 -5.18974E+00  1.49990E+01  9.45287E-01  3.25977E-01 -1.30742E-02  6.74587E+02   5.020   1.183  2.70586E+09  4.24226E+09  1.18148E+10  1.54427E+09  2.62243E+09  1.96796E+01  5.33114E+02   8.651   8.627
 0.260  1.73760E-01 -1.94420E-01 -1.88711E-01 -1.72490E-01  1.24792E+01  1.16791E+01  9.67692E-01  2.50067E-01 -3.22251E-02  7.66076E+02   5.164   0.966  2.38719E+09  3.36680E+09  1.18732E+10  1.40799E+09  2.44518E+09  1.19475E+01  5.98643E+02   8.671   8.646
