  17
 0.100   0.975  6.52203E-01  6.96675E-01  5.11192E-01
 0.110   1.000  2.98783E-01  2.89507E-01  4.11490E-01
 0.120   1.636  5.29216E-01  5.37598E-01  6.10603E-01
 0.130   1.705  6.35947E+00  6.50220E+00  4.95351E+00
 0.140   1.071  1.28253E+01  1.24703E+01  1.18922E+01
 0.150   2.238  1.58059E+01  1.62044E+01  1.45679E+01
 0.160   2.410  1.67419E+01  1.71253E+01  1.61024E+01
 0.170   2.351  1.11940E+01  1.07793E+01  1.24193E+01
 0.180   3.097  7.61017E+00  7.61548E+00  8.22933E+00
 0.190   3.712  1.94388E+01  2.04558E+01  1.72123E+01
 0.200   4.321  2.17244E+01  2.10003E+01  2.35039E+01
 0.210   3.920  1.53602E+01  1.55711E+01  1.58991E+01
 0.220   4.935  1.87170E+01  1.79860E+01  2.05890E+01
 0.230   4.743  1.69154E+01  1.63336E+01  1.70730E+01
 0.240   4.826  1.28356E+01  1.25454E+01  1.34334E+01
 0.250   5.020  2.05500E+01  2.06292E+01  1.93344E+01
 0.260   5.164  1.28508E+01  1.31900E+01  1.33590E+01
