  34
 0.170   1.000   0.500  0.00000E+00  0.00000E+00  0.00000E+00
 0.180   1.000   0.500  0.00000E+00  0.00000E+00  0.00000E+00
 0.190   1.000   0.500  0.00000E+00  0.00000E+00  0.00000E+00
 0.200   1.000   0.500  0.00000E+00  0.00000E+00  0.00000E+00
 0.210   1.000   0.500  0.00000E+00  0.00000E+00  0.00000E+00
 0.220   1.000   0.500  0.00000E+00  0.00000E+00  0.00000E+00
 0.230   1.000   0.500  0.00000E+00  0.00000E+00  0.00000E+00
 0.240   1.000   0.500  0.00000E+00  0.00000E+00  0.00000E+00
 0.250   1.000   0.500  0.00000E+00  0.00000E+00  0.00000E+00
 0.260   1.000   0.500  0.00000E+00  0.00000E+00  0.00000E+00
 0.270   1.000   0.500  0.00000E+00  0.00000E+00  0.00000E+00
 0.280   1.000   0.500  0.00000E+00  0.00000E+00  0.00000E+00
 0.290   1.000   0.500  0.00000E+00  0.00000E+00  0.00000E+00
 0.300   1.000   0.500  0.00000E+00  0.00000E+00  0.00000E+00
 0.310   1.000   0.500  0.00000E+00  0.00000E+00  0.00000E+00
 0.320   1.000   0.500  0.00000E+00  0.00000E+00  0.00000E+00
 0.330   1.000   0.500  0.00000E+00  0.00000E+00  0.00000E+00
 0.340   1.000   0.500  0.00000E+00  0.00000E+00  0.00000E+00
 0.350   1.000   0.500  0.00000E+00  0.00000E+00  0.00000E+00
 0.360   1.000   0.500  0.00000E+00  0.00000E+00  0.00000E+00
 0.370   1.000   0.500  0.00000E+00  0.00000E+00  0.00000E+00
 0.380   1.000   0.500  0.00000E+00  0.00000E+00  0.00000E+00
 0.390   5.133   1.768  3.24989E+00  2.97716E+00  3.95073E+00
 0.400   5.695   1.113  4.04425E+00  3.81748E+00  4.01210E+00
 0.410   3.206   1.102  1.74465E+00  1.66668E+00  2.07157E+00
 0.420   3.000   0.706  2.42727E+00  2.56847E+00  2.20454E+00
 0.430   4.370   1.237  1.85464E+00  1.88952E+00  1.66119E+00
 0.440   4.823   2.294  1.54873E+00  1.68469E+00  1.27540E+00
 0.450   5.451   1.709  7.44060E-01  7.90269E-01  5.79745E-01
 0.460   5.505   1.394  1.86018E+00  1.84537E+00  1.85212E+00
 0.470   5.179   0.922  2.71549E+00  2.72207E+00  2.70421E+00
 0.480   4.692   0.741  2.84730E+00  2.88642E+00  2.58755E+00
 0.490   4.375   0.609  2.15620E+00  2.15265E+00  2.21796E+00
 0.500   3.909   0.500  1.48699E+00  1.49781E+00  1.46572E+00
