  34
 0.170          NaN          NaN          NaN          NaN          NaN          NaN   1.000  0.00000E+00  0.00000E+00  0.00000E+00  0.00000E+00  0.00000E+00  0.00000E+00          NaN     NaN     NaN
 0.180          NaN          NaN          NaN          NaN          NaN          NaN   1.000  0.00000E+00  0.00000E+00  0.00000E+00  0.00000E+00  0.00000E+00  0.00000E+00          NaN     NaN     NaN
 0.190          NaN          NaN          NaN          NaN          NaN          NaN   1.000  0.00000E+00  0.00000E+00  0.00000E+00  0.00000E+00  0.00000E+00  0.00000E+00          NaN     NaN     NaN
 0.200          NaN          NaN          NaN          NaN          NaN          NaN   1.000  0.00000E+00  0.00000E+00  0.00000E+00  0.00000E+00  0.00000E+00  0.00000E+00          NaN     NaN     NaN
 0.210          NaN          NaN          NaN          NaN          NaN          NaN   1.000  0.00000E+00  0.00000E+00  0.00000E+00  0.00000E+00  0.00000E+00  0.00000E+00          NaN     NaN     NaN
 0.220          NaN          NaN          NaN          NaN          NaN          NaN   1.000  0.00000E+00  0.00000E+00  0.00000E+00  0.00000E+00  0.00000E+00  0.00000E+00          NaN     NaN     NaN
 0.230          NaN          NaN          NaN          NaN          NaN          NaN   1.000  0.00000E+00  0.00000E+00  0.00000E+00  0.00000E+00  0.00000E+00  0.00000E+00          NaN     NaN     NaN
 0.240          NaN          NaN          NaN          NaN          NaN          NaN   1.000  0.00000E+00  0.00000E+00  0.00000E+00  0.00000E+00  0.00000E+00  0.00000E+00          NaN     NaN     NaN
 0.250          NaN          NaN          NaN          NaN          NaN          NaN   1.000  0.00000E+00  0.00000E+00  0.00000E+00  0.00000E+00  0.00000E+00  0.00000E+00          NaN     NaN     NaN
 0.260          NaN          NaN          NaN          NaN          NaN          NaN   1.000  0.00000E+00  0.00000E+00  0.00000E+00  0.00000E+00  0.00000E+00  0.00000E+00          NaN     NaN     NaN
 0.270          NaN          NaN          NaN          NaN          NaN          NaN   1.000  0.00000E+00  0.00000E+00  0.00000E+00  0.00000E+00  0.00000E+00  0.00000E+00          NaN     NaN     NaN
 0.280          NaN          NaN          NaN          NaN          NaN          NaN   1.000  0.00000E+00  0.00000E+00  0.00000E+00  0.00000E+00  0.00000E+00  0.00000E+00          NaN     NaN     NaN
 0.290          NaN          NaN          NaN          NaN          NaN          NaN   1.000  0.00000E+00  0.00000E+00  0.00000E+00  0.00000E+00  0.00000E+00  0.00000E+00          NaN     NaN     NaN
 0.300          NaN          NaN          NaN          NaN          NaN          NaN   1.000  0.00000E+00  0.00000E+00  0.00000E+00  0.00000E+00  0.00000E+00  0.00000E+00          NaN     NaN     NaN
 0.310          NaN          NaN          NaN          NaN          NaN          NaN   1.000  0.00000E+00  0.00000E+00  0.00000E+00  0.00000E+00  0.00000E+00  0.00000E+00          NaN     NaN     NaN
 0.320          NaN          NaN          NaN          NaN          NaN          NaN   1.000  0.00000E+00  0.00000E+00  0.00000E+00  0.00000E+00  0.00000E+00  0.00000E+00          NaN     NaN     NaN
 0.330          NaN          NaN          NaN          NaN          NaN          NaN   1.000  0.00000E+00  0.00000E+00  0.00000E+00  0.00000E+00  0.00000E+00  0.00000E+00          NaN     NaN     NaN
 0.340          NaN          NaN          NaN          NaN          NaN          NaN   1.000  0.00000E+00  0.00000E+00  0.00000E+00  0.00000E+00  0.00000E+00  0.00000E+00          NaN     NaN     NaN
 0.350          NaN          NaN          NaN          NaN          NaN          NaN   1.000  0.00000E+00  0.00000E+00  0.00000E+00  0.00000E+00  0.00000E+00  0.00000E+00          NaN     NaN     NaN
 0.360          NaN          NaN          NaN          NaN          NaN          NaN   1.000  0.00000E+00  0.00000E+00  0.00000E+00  0.00000E+00  0.00000E+00  0.00000E+00          NaN     NaN     NaN
 0.370          NaN          NaN          NaN          NaN          NaN          NaN   1.000  0.00000E+00  0.00000E+00  0.00000E+00  0.00000E+00  0.00000E+00  0.00000E+00          NaN     NaN     NaN
 0.380          NaN          NaN          NaN          NaN          NaN          NaN   1.000  0.00000E+00  0.00000E+00  0.00000E+00  0.00000E+00  0.00000E+00  0.00000E+00          NaN     NaN     NaN
 0.390 -7.99917E-02 -1.09569E-01  4.20115E-02  1.00551E+01 -2.26447E+00 -1.69256E+01   5.133  9.82815E+08  1.36582E+09  6.36338E+09  0.00000E+00  1.19626E+10  4.20052E+00  1.54927E+03   8.520   8.574
 0.400 -2.53455E-01  6.25844E-02 -3.09972E-01 -7.10629E+00  1.71410E+01 -1.69804E+01   5.695  1.27034E+09  1.51888E+09  8.90972E+09  8.31584E+09  1.75395E+10  4.29533E+00  1.72769E+03   8.549   8.598
 0.410  4.21286E-02 -1.05876E-01  1.36906E-01 -1.00051E+00 -9.02973E+00  1.40643E+01   3.206  4.27322E+08  6.64020E+08  7.12166E+09  6.73270E+08  6.79605E+09  2.37044E+00  1.62349E+03   8.699   8.631
 0.420  1.22490E-01  6.08145E-02  2.10739E-01  5.24141E+01 -9.70238E+01  2.40233E+02   3.000  9.72983E+08  1.34294E+09  1.57152E+10  8.14398E+09  1.56105E+10  4.85183E+00  1.82828E+03   8.666   8.644
 0.430  4.07213E-01  2.35353E-01 -6.54609E-02  1.70729E+01 -6.84014E-01  1.06549E+01   4.370  7.36388E+08  1.02213E+09  1.50852E+10  7.60939E+09  1.73189E+10  3.52835E+00  1.93049E+03   8.681   8.666
 0.440 -5.58994E-02  3.16599E-01 -2.94883E-01  2.08422E+01  4.74938E-01  2.23392E+00   4.823  9.68024E+08  1.12647E+09  1.57583E+10  7.87569E+09  2.04538E+10  2.56235E+00  2.05834E+03   8.576   8.666
 0.450 -3.56763E-01 -1.06505E-01  1.53358E-01  1.72599E+01  1.20410E+01  1.82723E+01   5.451  1.38966E+09  1.49147E+09  1.66208E+10  8.32542E+09  2.35553E+10  2.40858E+00  2.18622E+03   8.495   8.661
 0.460  3.53788E-02  1.34637E-01  8.10621E-02  8.83103E+00  1.05240E+01  1.02969E+00   5.505  1.54452E+09  1.73886E+09  1.70959E+10  8.37894E+09  2.44811E+10  3.47256E+00  2.29791E+03   8.486   8.659
 0.470  3.74651E-02  6.31008E-02  2.89062E-02  1.26169E+01 -1.31932E+00  9.90891E-01   5.179  1.45395E+09  1.69284E+09  1.74083E+10  8.34966E+09  2.27214E+10  3.51330E+00  2.41228E+03   8.518   8.663
 0.480  2.51037E-01  7.18707E-02  4.47965E-02  6.85192E+00 -7.79894E+00 -8.27799E+00   4.692  1.33028E+09  1.52427E+09  1.73294E+10  8.11181E+09  2.07926E+10  3.30978E+00  2.51946E+03   8.581   8.668
 0.490 -7.58311E-02  1.65158E-01  8.12996E-02  1.50768E+01 -5.84639E-02 -9.40728E-01   4.375  1.04015E+09  1.24043E+09  1.70510E+10  7.77925E+09  1.84579E+10  2.91817E+00  2.63611E+03   8.665   8.676
 0.500 -1.39060E-01 -9.51672E-02  6.46477E-03 -5.03595E+00  7.91351E+00  1.37261E+00   3.909  8.47780E+08  1.02143E+09  1.65415E+10  7.39103E+09  1.59907E+10  2.46454E+00  2.77714E+03   8.714   8.687
