  34
 0.170  1.98750E+00  0.00000E+00  0.00000E+00  0.00000E+00  0.00000E+00  0.00000E+00  0.00000E+00  0.00000E+00
 0.180  2.21250E+00  0.00000E+00  0.00000E+00  0.00000E+00  0.00000E+00  0.00000E+00  0.00000E+00  0.00000E+00
 0.190  2.51250E+00  0.00000E+00  0.00000E+00  0.00000E+00  0.00000E+00  0.00000E+00  0.00000E+00  0.00000E+00
 0.200  2.81250E+00  0.00000E+00  0.00000E+00  0.00000E+00  0.00000E+00  0.00000E+00  0.00000E+00  0.00000E+00
 0.210  3.41250E+00  0.00000E+00  0.00000E+00  0.00000E+00  0.00000E+00  0.00000E+00  0.00000E+00  0.00000E+00
 0.220  4.68750E+00  0.00000E+00  0.00000E+00  0.00000E+00  0.00000E+00  0.00000E+00  0.00000E+00  0.00000E+00
 0.230  5.17500E+00  0.00000E+00  0.00000E+00  0.00000E+00  0.00000E+00  0.00000E+00  0.00000E+00  0.00000E+00
 0.240  5.40000E+00  0.00000E+00  0.00000E+00  0.00000E+00  0.00000E+00  0.00000E+00  0.00000E+00  0.00000E+00
 0.250  5.58750E+00  0.00000E+00  0.00000E+00  0.00000E+00  0.00000E+00  0.00000E+00  0.00000E+00  0.00000E+00
 0.260  5.73750E+00  0.00000E+00  0.00000E+00  0.00000E+00  0.00000E+00  0.00000E+00  0.00000E+00  0.00000E+00
 0.270  5.92500E+00  0.00000E+00  0.00000E+00  0.00000E+00  0.00000E+00  0.00000E+00  0.00000E+00  0.00000E+00
 0.280  6.22500E+00  0.00000E+00  0.00000E+00  0.00000E+00  0.00000E+00  0.00000E+00  0.00000E+00  0.00000E+00
 0.290  6.52500E+00  0.00000E+00  0.00000E+00  0.00000E+00  0.00000E+00  0.00000E+00  0.00000E+00  0.00000E+00
 0.300  6.78750E+00  0.00000E+00  0.00000E+00  0.00000E+00  0.00000E+00  0.00000E+00  0.00000E+00  0.00000E+00
 0.310  7.12500E+00  0.00000E+00  0.00000E+00  0.00000E+00  0.00000E+00  0.00000E+00  0.00000E+00  0.00000E+00
 0.320  7.76250E+00  0.00000E+00  0.00000E+00  0.00000E+00  0.00000E+00  0.00000E+00  0.00000E+00  0.00000E+00
 0.330  8.17500E+00  0.00000E+00  0.00000E+00  0.00000E+00  0.00000E+00  0.00000E+00  0.00000E+00  0.00000E+00
 0.340  8.66250E+00  0.00000E+00  0.00000E+00  0.00000E+00  0.00000E+00  0.00000E+00  0.00000E+00  0.00000E+00
 0.350  9.41250E+00  0.00000E+00  0.00000E+00  0.00000E+00  0.00000E+00  0.00000E+00  0.00000E+00  0.00000E+00
 0.360  1.01625E+01  0.00000E+00  0.00000E+00  0.00000E+00  0.00000E+00  0.00000E+00  0.00000E+00  0.00000E+00
 0.370  1.24500E+01  0.00000E+00  0.00000E+00  0.00000E+00  0.00000E+00  0.00000E+00  0.00000E+00  0.00000E+00
 0.380  1.35375E+01  0.00000E+00  0.00000E+00  0.00000E+00  0.00000E+00  0.00000E+00  0.00000E+00  0.00000E+00
 0.390  1.42500E+01  2.40891E+09  6.67160E+09  8.83096E+09  1.80188E+09  4.69415E+08  4.58540E+10  4.22104E+00
 0.400  1.47750E+01  2.23177E+09  9.57222E+09  1.29176E+10  1.71172E+09  4.11645E+08  5.71287E+10  4.55590E+00
 0.410  1.52250E+01  1.72025E+09  7.64767E+09  1.01774E+10  1.25472E+09  2.60214E+08  4.02262E+10  2.37940E+00
 0.420  1.56750E+01  2.52115E+09  1.79508E+10  2.42458E+10  1.82387E+09  4.20072E+08  7.66258E+10  4.87162E+00
 0.430  1.60500E+01  2.46251E+09  1.84049E+10  2.49489E+10  1.92671E+09  3.50369E+08  7.60422E+10  3.65884E+00
 0.440  1.64625E+01  2.79840E+09  1.96993E+10  2.68772E+10  2.17959E+09  2.34969E+08  7.80084E+10  2.72857E+00
 0.450  1.69125E+01  3.07549E+09  2.03520E+10  2.78933E+10  2.45393E+09  2.06433E+08  8.26201E+10  2.46277E+00
 0.460  1.72875E+01  3.11830E+09  2.01006E+10  2.76008E+10  2.43216E+09  3.39669E+08  8.40568E+10  3.63297E+00
 0.470  1.76625E+01  2.74748E+09  2.04987E+10  2.81999E+10  2.02995E+09  3.68845E+08  8.57324E+10  3.87498E+00
 0.480  1.80750E+01  2.29793E+09  2.10062E+10  2.89642E+10  1.70456E+09  3.16309E+08  8.89958E+10  3.93271E+00
 0.490  1.84500E+01  1.90382E+09  2.14172E+10  2.96044E+10  1.36374E+09  2.80937E+08  9.06143E+10  3.05826E+00
 0.500  1.89000E+01  1.60600E+09  2.19948E+10  3.04836E+10  1.10857E+09  2.49809E+08  9.37846E+10  2.67091E+00
