  34
 0.170   1.000  0.00000E+00  0.00000E+00  0.00000E+00          NaN  0.00000E+00  0.00000E+00  0.00000E+00  0.00000E+00  0.00000E+00  0.00000E+00
 0.180   1.000  0.00000E+00  0.00000E+00  0.00000E+00          NaN  0.00000E+00  0.00000E+00  0.00000E+00  0.00000E+00  0.00000E+00  0.00000E+00
 0.190   1.000  0.00000E+00  0.00000E+00  0.00000E+00          NaN  0.00000E+00  0.00000E+00  0.00000E+00  0.00000E+00  0.00000E+00  0.00000E+00
 0.200   1.000  0.00000E+00  0.00000E+00  0.00000E+00          NaN  0.00000E+00  0.00000E+00  0.00000E+00  0.00000E+00  0.00000E+00  0.00000E+00
 0.210   1.000  0.00000E+00  0.00000E+00  0.00000E+00          NaN  0.00000E+00  0.00000E+00  0.00000E+00  0.00000E+00  0.00000E+00  0.00000E+00
 0.220   1.000  0.00000E+00  0.00000E+00  0.00000E+00          NaN  0.00000E+00  0.00000E+00  0.00000E+00  0.00000E+00  0.00000E+00  0.00000E+00
 0.230   1.000  0.00000E+00  0.00000E+00  0.00000E+00          NaN  0.00000E+00  0.00000E+00  0.00000E+00  0.00000E+00  0.00000E+00  0.00000E+00
 0.240   1.000  0.00000E+00  0.00000E+00  0.00000E+00          NaN  0.00000E+00  0.00000E+00  0.00000E+00  0.00000E+00  0.00000E+00  0.00000E+00
 0.250   1.000  0.00000E+00  0.00000E+00  0.00000E+00          NaN  0.00000E+00  0.00000E+00  0.00000E+00  0.00000E+00  0.00000E+00  0.00000E+00
 0.260   1.000  0.00000E+00  0.00000E+00  0.00000E+00          NaN  0.00000E+00  0.00000E+00  0.00000E+00  0.00000E+00  0.00000E+00  0.00000E+00
 0.270   1.000  0.00000E+00  0.00000E+00  0.00000E+00          NaN  0.00000E+00  0.00000E+00  0.00000E+00  0.00000E+00  0.00000E+00  0.00000E+00
 0.280   1.000  0.00000E+00  0.00000E+00  0.00000E+00          NaN  0.00000E+00  0.00000E+00  0.00000E+00  0.00000E+00  0.00000E+00  0.00000E+00
 0.290   1.000  0.00000E+00  0.00000E+00  0.00000E+00          NaN  0.00000E+00  0.00000E+00  0.00000E+00  0.00000E+00  0.00000E+00  0.00000E+00
 0.300   1.000  0.00000E+00  0.00000E+00  0.00000E+00          NaN  0.00000E+00  0.00000E+00  0.00000E+00  0.00000E+00  0.00000E+00  0.00000E+00
 0.310   1.000  0.00000E+00  0.00000E+00  0.00000E+00          NaN  0.00000E+00  0.00000E+00  0.00000E+00  0.00000E+00  0.00000E+00  0.00000E+00
 0.320   1.000  0.00000E+00  0.00000E+00  0.00000E+00          NaN  0.00000E+00  0.00000E+00  0.00000E+00  0.00000E+00  0.00000E+00  0.00000E+00
 0.330   1.000  0.00000E+00  0.00000E+00  0.00000E+00          NaN  0.00000E+00  0.00000E+00  0.00000E+00  0.00000E+00  0.00000E+00  0.00000E+00
 0.340   1.000  0.00000E+00  0.00000E+00  0.00000E+00          NaN  0.00000E+00  0.00000E+00  0.00000E+00  0.00000E+00  0.00000E+00  0.00000E+00
 0.350   1.000  0.00000E+00  0.00000E+00  0.00000E+00          NaN  0.00000E+00  0.00000E+00  0.00000E+00  0.00000E+00  0.00000E+00  0.00000E+00
 0.360   1.000  0.00000E+00  0.00000E+00  0.00000E+00          NaN  0.00000E+00  0.00000E+00  0.00000E+00  0.00000E+00  0.00000E+00  0.00000E+00
 0.370   1.000  0.00000E+00  0.00000E+00  0.00000E+00          NaN  0.00000E+00  0.00000E+00  0.00000E+00  0.00000E+00  0.00000E+00  0.00000E+00
 0.380   1.000  0.00000E+00  0.00000E+00  0.00000E+00          NaN  0.00000E+00  0.00000E+00  0.00000E+00  0.00000E+00  0.00000E+00  0.00000E+00
 0.390   5.133  6.36338E+09  8.41909E+09  6.18656E+09  1.54927E+03  0.00000E+00  0.00000E+00  0.00000E+00  6.36338E+09  8.41909E+09  6.18656E+09
 0.400   5.695  8.90972E+09  1.20235E+10  8.67268E+09  1.72769E+03  8.31584E+09  1.13398E+10  8.07906E+09  5.93881E+08  6.83700E+08  5.93614E+08
 0.410   3.206  7.12166E+09  9.47091E+09  6.92216E+09  1.62349E+03  6.73270E+08  8.32764E+08  6.71510E+08  6.44839E+09  8.63815E+09  6.25065E+09
 0.420   3.000  1.57152E+10  2.12036E+10  1.52603E+10  1.82828E+03  8.14398E+09  1.11248E+10  7.90269E+09  7.57126E+09  1.00788E+10  7.35758E+09
 0.430   4.370  1.50852E+10  2.04168E+10  1.46278E+10  1.93049E+03  7.60939E+09  1.04619E+10  7.36541E+09  7.47586E+09  9.95490E+09  7.26239E+09
 0.440   4.823  1.57583E+10  2.14514E+10  1.52577E+10  2.05834E+03  7.87569E+09  1.08817E+10  7.60665E+09  7.88259E+09  1.05697E+10  7.65103E+09
 0.450   5.451  1.66208E+10  2.27326E+10  1.60700E+10  2.18622E+03  8.32542E+09  1.15511E+10  8.02451E+09  8.29539E+09  1.11815E+10  8.04552E+09
 0.460   5.505  1.70959E+10  2.34359E+10  1.65086E+10  2.29791E+03  8.37894E+09  1.16670E+10  8.05757E+09  8.71700E+09  1.17688E+10  8.45099E+09
 0.470   5.179  1.74083E+10  2.39086E+10  1.67861E+10  2.41228E+03  8.34966E+09  1.16584E+10  8.00805E+09  9.05866E+09  1.22503E+10  8.77806E+09
 0.480   4.692  1.73294E+10  2.38546E+10  1.66910E+10  2.51946E+03  8.11181E+09  1.13551E+10  7.76525E+09  9.21755E+09  1.24995E+10  8.92578E+09
 0.490   4.375  1.70510E+10  2.35250E+10  1.64014E+10  2.63611E+03  7.77925E+09  1.09124E+10  7.43163E+09  9.27174E+09  1.26127E+10  8.96976E+09
 0.500   3.909  1.65415E+10  2.28906E+10  1.58844E+10  2.77714E+03  7.39103E+09  1.03926E+10  7.04483E+09  9.15044E+09  1.24981E+10  8.83955E+09
