  34
 0.170   1.000  0.00000E+00  0.00000E+00  0.00000E+00
 0.180   1.000  0.00000E+00  0.00000E+00  0.00000E+00
 0.190   1.000  0.00000E+00  0.00000E+00  0.00000E+00
 0.200   1.000  0.00000E+00  0.00000E+00  0.00000E+00
 0.210   1.000  0.00000E+00  0.00000E+00  0.00000E+00
 0.220   1.000  0.00000E+00  0.00000E+00  0.00000E+00
 0.230   1.000  0.00000E+00  0.00000E+00  0.00000E+00
 0.240   1.000  0.00000E+00  0.00000E+00  0.00000E+00
 0.250   1.000  0.00000E+00  0.00000E+00  0.00000E+00
 0.260   1.000  0.00000E+00  0.00000E+00  0.00000E+00
 0.270   1.000  0.00000E+00  0.00000E+00  0.00000E+00
 0.280   1.000  0.00000E+00  0.00000E+00  0.00000E+00
 0.290   1.000  0.00000E+00  0.00000E+00  0.00000E+00
 0.300   1.000  0.00000E+00  0.00000E+00  0.00000E+00
 0.310   1.000  0.00000E+00  0.00000E+00  0.00000E+00
 0.320   1.000  0.00000E+00  0.00000E+00  0.00000E+00
 0.330   1.000  0.00000E+00  0.00000E+00  0.00000E+00
 0.340   1.000  0.00000E+00  0.00000E+00  0.00000E+00
 0.350   1.000  0.00000E+00  0.00000E+00  0.00000E+00
 0.360   1.000  0.00000E+00  0.00000E+00  0.00000E+00
 0.370   1.000  0.00000E+00  0.00000E+00  0.00000E+00
 0.380   1.000  0.00000E+00  0.00000E+00  0.00000E+00
 0.390   5.133  4.20052E+00  3.92069E+00  5.10390E+00
 0.400   5.695  4.29533E+00  4.04991E+00  4.34023E+00
 0.410   3.206  2.37044E+00  2.20086E+00  2.92326E+00
 0.420   3.000  4.85183E+00  5.03133E+00  4.71570E+00
 0.430   4.370  3.52835E+00  3.39836E+00  3.88840E+00
 0.440   4.823  2.56235E+00  2.63889E+00  2.51084E+00
 0.450   5.451  2.40858E+00  2.38447E+00  2.29569E+00
 0.460   5.505  3.47256E+00  3.50217E+00  3.48209E+00
 0.470   5.179  3.51330E+00  3.46514E+00  3.66509E+00
 0.480   4.692  3.30978E+00  3.35543E+00  3.09146E+00
 0.490   4.375  2.91817E+00  2.98290E+00  2.90333E+00
 0.500   3.909  2.46454E+00  2.43915E+00  2.50458E+00
