  33
 0.180   1.845   1.572  1.89487E-02  2.47986E-02  1.12043E-02
 0.190   2.470   1.547  2.13105E-02  1.95913E-02  3.22178E-02
 0.200   2.600   1.835  1.95475E-02  1.77724E-02  1.76330E-02
 0.210   3.001   1.802  8.67219E-02  8.05290E-02  7.33513E-02
 0.220   3.411   2.623  7.17290E-02  7.65042E-02  5.19584E-02
 0.230   2.968   1.591  5.65342E-02  7.42933E-02  3.41966E-02
 0.240   3.439   2.074  5.34979E-02  5.37255E-02  7.09418E-02
 0.250   3.311   2.103  2.02872E-02  1.91570E-02  1.73518E-02
 0.260   4.357   2.755  2.76395E-03  1.19010E-03  8.63920E-03
 0.270   3.929   1.632  4.99297E-02  5.62403E-02  3.74220E-02
 0.280   4.771   2.879  4.07483E-02  3.93431E-02  3.68793E-02
 0.290   4.277   2.858  1.27362E-01  1.33613E-01  1.03084E-01
 0.300   4.707   2.819  7.14394E-02  6.41162E-02  9.00911E-02
 0.310   4.456   2.984  1.16004E-01  1.24191E-01  1.06539E-01
 0.320   5.481   3.915  9.81880E-02  7.71018E-02  1.05390E-01
 0.330   4.091   2.699  4.34567E-02  5.50824E-02  2.65653E-02
 0.340   5.790   4.128  6.45226E-02  6.09797E-02  5.11236E-02
 0.350   5.358   3.450  1.30410E-01  1.48499E-01  8.71437E-02
 0.360   7.015   3.917  1.65687E-01  1.80885E-01  1.34938E-01
 0.370   9.640   7.594  1.70966E-01  1.70176E-01  1.59937E-01
 0.380  10.344   4.517  1.39887E+00  1.58535E+00  1.00958E+00
 0.390  12.810   8.268  2.75061E-01  2.55742E-01  3.17148E-01
 0.400  12.840   6.697  3.03868E-01  3.36755E-01  3.07449E-01
 0.410   8.380   6.128  8.64296E-01  8.03452E-01  9.20910E-01
 0.420  10.901   6.646  1.59612E+00  1.54824E+00  1.72620E+00
 0.430  10.768   6.249  9.60998E-01  9.81913E-01  9.10304E-01
 0.440   9.589   4.940  1.69434E+00  1.80898E+00  1.46977E+00
 0.450  12.039   5.599  1.22253E+00  1.23568E+00  1.19073E+00
 0.460  11.481   5.271  1.87927E+00  1.89308E+00  1.87615E+00
 0.470  11.093   4.533  1.65249E+00  1.66697E+00  1.59176E+00
 0.480  12.752   4.032  2.32667E+00  2.54244E+00  2.00542E+00
 0.490  13.015   5.273  1.89873E+00  2.10321E+00  1.78814E+00
 0.500  12.866   5.533  1.97346E+00  1.92749E+00  1.97465E+00
