  33
 0.180   1.845   1.572  7.65374E+06  9.31698E+06  7.58678E+06  2.72641E+02  0.00000E+00  0.00000E+00  0.00000E+00  7.65374E+06  9.31698E+06  7.58678E+06
 0.190   2.470   1.547  8.57644E+06  1.04253E+07  8.50324E+06  2.74430E+02  6.42296E+05  8.08327E+05  6.33636E+05  7.93415E+06  9.61701E+06  7.86960E+06
 0.200   2.600   1.835  1.73428E+07  2.15564E+07  1.71483E+07  3.69531E+02  5.09834E+06  6.44777E+06  5.03173E+06  1.22444E+07  1.51086E+07  1.21166E+07
 0.210   3.001   1.802  2.54168E+07  3.13914E+07  2.51063E+07  4.07820E+02  6.09173E+06  7.77669E+06  5.99477E+06  1.93251E+07  2.36147E+07  1.91115E+07
 0.220   3.411   2.623  1.55788E+07  1.92710E+07  1.53606E+07  4.78125E+02  3.31158E+06  4.29539E+06  3.23842E+06  1.22672E+07  1.49756E+07  1.21222E+07
 0.230   2.968   1.591  1.43078E+07  1.77589E+07  1.40757E+07  5.65192E+02  2.65011E+06  3.47399E+06  2.58590E+06  1.16577E+07  1.42849E+07  1.14898E+07
 0.240   3.439   2.074  2.41375E+07  3.01512E+07  2.37831E+07  5.46752E+02  3.65924E+06  4.77938E+06  3.56592E+06  2.04783E+07  2.53718E+07  2.02172E+07
 0.250   3.311   2.103  2.33196E+07  2.98992E+07  2.28889E+07  7.04508E+02  4.83508E+06  6.34456E+06  4.70829E+06  1.84845E+07  2.35547E+07  1.81806E+07
 0.260   4.357   2.755  2.90942E+07  3.77152E+07  2.85022E+07  8.05495E+02  6.31192E+06  8.28052E+06  6.13731E+06  2.27823E+07  2.94347E+07  2.23649E+07
 0.270   3.929   1.632  3.23053E+07  4.18356E+07  3.15822E+07  9.05565E+02  9.78818E+06  1.29521E+07  9.51683E+06  2.25171E+07  2.88835E+07  2.20654E+07
 0.280   4.771   2.879  2.46693E+07  3.17969E+07  2.42168E+07  8.12947E+02  4.66424E+06  6.16769E+06  4.55312E+06  2.00051E+07  2.56292E+07  1.96637E+07
 0.290   4.277   2.858  2.89643E+07  3.61913E+07  2.85530E+07  6.63405E+02  3.91168E+06  5.19584E+06  3.81413E+06  2.50526E+07  3.09955E+07  2.47388E+07
 0.300   4.707   2.819  3.52495E+07  4.48142E+07  3.46622E+07  7.90932E+02  5.99552E+06  7.99662E+06  5.82574E+06  2.92539E+07  3.68176E+07  2.88365E+07
 0.310   4.456   2.984  4.27137E+07  5.43498E+07  4.19435E+07  8.68284E+02  7.38539E+06  9.91622E+06  7.13969E+06  3.53283E+07  4.44336E+07  3.48038E+07
 0.320   5.481   3.915  5.01457E+07  6.47722E+07  4.91004E+07  1.01396E+03  1.01709E+07  1.36457E+07  9.80926E+06  3.99748E+07  5.11265E+07  3.92911E+07
 0.330   4.091   2.699  4.84599E+07  6.26682E+07  4.76091E+07  9.25794E+02  6.66249E+06  8.91176E+06  6.44332E+06  4.17974E+07  5.37564E+07  4.11657E+07
 0.340   5.790   4.128  5.44760E+07  7.07062E+07  5.36030E+07  9.11556E+02  6.15820E+06  8.29139E+06  5.97244E+06  4.83178E+07  6.24148E+07  4.76306E+07
 0.350   5.358   3.450  5.78381E+07  7.48185E+07  5.68684E+07  9.70208E+02  6.02928E+06  8.18791E+06  5.82722E+06  5.18088E+07  6.66306E+07  5.10412E+07
 0.360   7.015   3.917  6.55731E+07  8.51332E+07  6.40334E+07  1.26181E+03  1.07262E+07  1.46633E+07  1.02315E+07  5.48469E+07  7.04699E+07  5.38019E+07
 0.370   9.640   7.594  9.43676E+07  1.21921E+08  9.27351E+07  1.04321E+03  1.92750E+07  2.63105E+07  1.86221E+07  7.50926E+07  9.56104E+07  7.41130E+07
 0.380  10.344   4.517  1.99840E+08  2.44191E+08  1.97446E+08  7.29689E+02  2.56483E+07  3.52752E+07  2.45804E+07  1.74192E+08  2.08916E+08  1.72866E+08
 0.390  12.810   8.268  2.18710E+08  2.79504E+08  2.15436E+08  9.31227E+02  3.51554E+07  4.81635E+07  3.36958E+07  1.83554E+08  2.31341E+08  1.81740E+08
 0.400  12.840   6.697  2.93505E+08  3.80538E+08  2.88780E+08  1.09631E+03  1.94615E+08  2.61402E+08  1.90205E+08  9.88896E+07  1.19136E+08  9.85750E+07
 0.410   8.380   6.128  2.19746E+08  2.74442E+08  2.17212E+08  8.18649E+02  9.37499E+07  1.27815E+08  9.13144E+07  1.25996E+08  1.46627E+08  1.25897E+08
 0.420  10.901   6.646  3.30539E+08  4.06703E+08  3.27174E+08  7.31716E+02  1.03738E+08  1.42198E+08  1.00748E+08  2.26802E+08  2.64505E+08  2.26426E+08
 0.430  10.768   6.249  3.56454E+08  4.50767E+08  3.51985E+08  9.10116E+02  1.12757E+08  1.55305E+08  1.09168E+08  2.43697E+08  2.95463E+08  2.42817E+08
 0.440   9.589   4.940  5.05164E+08  6.33598E+08  4.99858E+08  7.99559E+02  1.26335E+08  1.74253E+08  1.22296E+08  3.78829E+08  4.59345E+08  3.77562E+08
 0.450  12.039   5.599  4.66866E+08  5.87010E+08  4.62644E+08  7.36612E+02  1.09477E+08  1.49156E+08  1.06329E+08  3.57389E+08  4.37854E+08  3.56315E+08
 0.460  11.481   5.271  6.00666E+08  7.49719E+08  5.96185E+08  6.44969E+02  9.90319E+07  1.35550E+08  9.60755E+07  5.01634E+08  6.14169E+08  5.00110E+08
 0.470  11.093   4.533  6.78832E+08  8.55641E+08  6.73402E+08  7.07393E+02  1.08567E+08  1.48940E+08  1.05169E+08  5.70264E+08  7.06701E+08  5.68233E+08
 0.480  12.752   4.032  8.35866E+08  1.05142E+09  8.29493E+08  6.99065E+02  1.15890E+08  1.59038E+08  1.12144E+08  7.19976E+08  8.92378E+08  7.17348E+08
 0.490  13.015   5.273  9.63611E+08  1.21676E+09  9.56643E+08  6.94134E+02  1.19698E+08  1.64180E+08  1.15907E+08  8.43913E+08  1.05258E+09  8.40736E+08
 0.500  12.866   5.533  1.05339E+09  1.34130E+09  1.04516E+09  7.58398E+02  1.24969E+08  1.71925E+08  1.20705E+08  9.28421E+08  1.16937E+09  9.24458E+08
