  33
 0.180  17.500   1.845  2.52678E+10  1.92918E+09  1.77659E+08  2.16617E+08  2.31609E+10  2.28524E+08  7.68580E+07  9.30887E+07  1.19320E+09  1.18288E+09  1.72396E+08  2.09999E+08  1.33953E+10  2.52415E+08  8.28903E+07  1.00408E+08  1.30984E+09
 0.190  19.000   2.470  2.75532E+10  1.75246E+09  2.14384E+08  2.65089E+08  2.55864E+10  1.01768E+08  1.04034E+08  1.27766E+08  1.21914E+09  8.27751E+08  2.04715E+08  2.53021E+08  1.30434E+10  1.75157E+08  1.33666E+08  1.64668E+08  1.91509E+09
 0.200  21.250   2.600  3.32079E+10  2.01563E+09  2.47581E+08  3.08914E+08  3.09446E+10  1.29710E+08  1.20939E+08  1.51087E+08  1.40603E+09  8.06785E+08  2.20746E+08  2.76443E+08  1.29954E+10  1.80346E+08  1.47103E+08  1.83934E+08  1.97586E+09
 0.210  23.250   3.001  3.80761E+10  2.18391E+09  2.72090E+08  3.43293E+08  3.56201E+10  1.21727E+08  1.50943E+08  1.90542E+08  2.09234E+09  9.12915E+08  2.62934E+08  3.31575E+08  1.59285E+10  2.05332E+08  1.83610E+08  2.31794E+08  3.27507E+09
 0.220  25.500   3.411  4.37766E+10  2.57738E+09  3.07464E+08  3.89397E+08  4.08917E+10  7.75690E+07  1.69036E+08  2.14221E+08  1.91850E+09  1.14864E+09  2.76374E+08  3.50338E+08  1.42334E+10  1.68964E+08  2.08519E+08  2.64138E+08  3.21753E+09
 0.230  27.500   2.968  4.83107E+10  2.91761E+09  3.23844E+08  4.13347E+08  4.50693E+10  3.24623E+08  1.84349E+08  2.35580E+08  2.15952E+09  1.48819E+09  2.92714E+08  3.73195E+08  1.43644E+10  3.65111E+08  1.94908E+08  2.49166E+08  2.47237E+09
 0.240  28.750   3.439  4.86028E+10  3.03152E+09  4.02286E+08  5.09903E+08  4.51690E+10  1.85720E+08  2.48068E+08  3.14010E+08  2.69069E+09  1.44946E+09  3.76103E+08  4.75937E+08  1.42398E+10  2.92370E+08  2.80890E+08  3.55591E+08  3.66523E+09
 0.250  30.500   3.311  5.13676E+10  2.98381E+09  4.13375E+08  5.32281E+08  4.79705E+10  2.10140E+08  2.67193E+08  3.43997E+08  2.75928E+09  1.02413E+09  3.85365E+08  4.96304E+08  1.34146E+10  2.31971E+08  2.79600E+08  3.60022E+08  3.13980E+09
 0.260  32.250   4.357  5.39732E+10  3.25989E+09  4.26620E+08  5.54514E+08  5.02867E+10  1.66091E+08  2.65583E+08  3.45261E+08  2.75529E+09  9.83966E+08  3.85912E+08  5.01207E+08  1.33110E+10  2.73305E+08  3.13364E+08  4.07657E+08  4.47010E+09
 0.270  34.500   3.929  5.90997E+10  3.71295E+09  4.44190E+08  5.80260E+08  5.49426E+10  3.26268E+08  3.17482E+08  4.14456E+08  3.83326E+09  1.16114E+09  4.14037E+08  5.40387E+08  1.48689E+10  3.88459E+08  3.35763E+08  4.38389E+08  4.68201E+09
 0.280  37.750   4.771  6.89595E+10  4.65638E+09  4.86612E+08  6.35569E+08  6.38165E+10  3.91414E+08  3.47381E+08  4.53580E+08  3.91839E+09  1.32843E+09  4.55525E+08  5.94357E+08  1.50956E+10  6.01033E+08  3.83028E+08  4.99889E+08  5.55713E+09
 0.290  40.750   4.277  7.87349E+10  5.36722E+09  5.12853E+08  6.73029E+08  7.28548E+10  4.49366E+08  3.92355E+08  5.14282E+08  5.00334E+09  1.33547E+09  4.75556E+08  6.23471E+08  1.54295E+10  4.95663E+08  3.98239E+08  5.21962E+08  5.34679E+09
 0.300  43.250   4.707  8.52901E+10  6.12845E+09  5.33095E+08  7.03268E+08  7.86286E+10  4.95714E+08  4.17806E+08  5.50297E+08  5.37065E+09  1.53048E+09  4.98133E+08  6.56372E+08  1.60808E+10  5.77902E+08  4.30447E+08  5.66843E+08  6.03451E+09
 0.310  49.250   4.456  1.13708E+11  8.30297E+09  6.30017E+08  8.31807E+08  1.04775E+11  7.05768E+08  4.61935E+08  6.08729E+08  6.76097E+09  1.83158E+09  5.29034E+08  6.97263E+08  1.64814E+10  6.00272E+08  4.47517E+08  5.89893E+08  5.89184E+09
 0.320  53.250   5.481  1.31847E+11  9.95521E+09  7.22529E+08  9.46252E+08  1.21170E+11  5.96740E+08  5.63520E+08  7.35312E+08  7.50082E+09  1.47294E+09  6.14008E+08  8.02241E+08  1.66478E+10  6.28750E+08  5.67136E+08  7.40050E+08  7.78640E+09
 0.330  57.000   4.091  1.47427E+11  1.09805E+10  7.57997E+08  9.99662E+08  1.35688E+11  6.84425E+08  5.71641E+08  7.52947E+08  7.36115E+09  1.25867E+09  6.27932E+08  8.28219E+08  1.55809E+10  4.75776E+08  5.20412E+08  6.85191E+08  4.64070E+09
 0.340  61.500   5.790  1.70289E+11  1.19006E+10  7.90618E+08  1.05045E+09  1.57597E+11  6.29692E+08  6.15830E+08  8.16801E+08  8.48684E+09  1.17878E+09  6.56801E+08  8.71897E+08  1.62835E+10  5.74869E+08  6.07795E+08  8.06022E+08  7.81757E+09
 0.350  73.750   5.358  2.71420E+11  1.89251E+10  2.37186E+09  3.16286E+09  2.50123E+11  1.19998E+09  6.55558E+08  8.73345E+08  1.13073E+10  1.60906E+09  6.82440E+08  9.09655E+08  1.69507E+10  8.85889E+08  6.21619E+08  8.27577E+08  7.38010E+09
 0.360  81.750   7.015  3.39886E+11  2.23174E+10  3.07387E+09  4.09924E+09  3.14495E+11  2.09506E+09  7.42208E+08  9.82489E+08  1.43701E+10  2.60060E+09  7.61013E+08  1.00795E+09  1.90933E+10  1.74600E+09  7.24936E+08  9.59131E+08  1.14604E+10
 0.370  86.750   9.640  3.78374E+11  2.38030E+10  3.41827E+09  4.55685E+09  3.51153E+11  1.68283E+09  9.82770E+08  1.28992E+09  1.87325E+10  2.14911E+09  1.02713E+09  1.34939E+09  2.31816E+10  2.00669E+09  1.01541E+09  1.33364E+09  2.19312E+10
 0.380  90.000  10.344  3.93307E+11  2.47030E+10  3.92904E+09  5.18013E+09  3.64675E+11  3.41341E+09  1.41388E+09  1.83207E+09  3.01295E+10  4.06213E+09  1.49121E+09  1.92965E+09  3.56161E+10  4.29107E+09  1.51747E+09  1.96245E+09  3.75289E+10
 0.390  93.500  12.810  4.08886E+11  2.49261E+10  4.51902E+09  5.94981E+09  3.79441E+11  1.29285E+09  1.23538E+09  1.61208E+09  1.69614E+10  1.60406E+09  1.28485E+09  1.67332E+09  1.92424E+10  3.11755E+09  1.49844E+09  1.93736E+09  3.10095E+10
 0.400  97.000  12.840  4.25526E+11  2.44103E+10  4.70553E+09  6.25879E+09  3.96410E+11  2.45053E+09  3.11507E+09  4.15455E+09  3.15126E+10  2.58187E+09  3.14365E+09  4.19185E+09  3.27055E+10  4.03030E+09  3.36612E+09  4.48081E+09  4.44357E+10
 0.410 100.250   8.380  4.38226E+11  2.45152E+10  5.02210E+09  6.68636E+09  4.08689E+11  5.55032E+09  3.12421E+09  4.13213E+09  3.05758E+10  5.53660E+09  3.11919E+09  4.12537E+09  3.04634E+10  4.66074E+09  2.77151E+09  3.65798E+09  2.32697E+10
 0.420 102.500  10.901  4.38989E+11  2.39650E+10  6.06948E+09  7.96174E+09  4.08954E+11  6.55204E+09  4.81509E+09  6.26243E+09  4.05489E+10  6.31983E+09  4.78254E+09  6.21899E+09  3.94624E+10  7.14217E+09  4.88173E+09  6.35113E+09  4.33623E+10
 0.430 103.500  10.768  4.25619E+11  2.31432E+10  6.42890E+09  8.51446E+09  3.96047E+11  4.20433E+09  4.79541E+09  6.29810E+09  3.52381E+10  3.98424E+09  4.73980E+09  6.22404E+09  3.36250E+10  4.43890E+09  4.85537E+09  6.37818E+09  3.71566E+10
 0.440 105.000   9.589  4.16929E+11  2.20966E+10  6.86740E+09  9.12776E+09  3.87965E+11  5.27567E+09  5.43620E+09  7.17221E+09  4.06220E+10  4.91262E+09  5.34110E+09  7.04385E+09  3.81340E+10  4.61075E+09  5.25753E+09  6.93115E+09  3.60821E+10
 0.450 107.000  12.039  4.14358E+11  2.19194E+10  7.21688E+09  9.65405E+09  3.85222E+11  5.47219E+09  5.78171E+09  7.68322E+09  3.85990E+10  5.00441E+09  5.65721E+09  7.51502E+09  3.53815E+10  6.24344E+09  5.96345E+09  7.92974E+09  4.47290E+10
 0.460 109.250  11.481  4.15927E+11  2.18174E+10  7.58534E+09  1.01838E+10  3.86524E+11  5.57417E+09  6.09660E+09  8.13513E+09  4.02013E+10  4.74442E+09  5.95280E+09  7.94214E+09  3.60761E+10  6.04460E+09  6.16515E+09  8.22764E+09  4.26149E+10
 0.470 112.500  11.093  4.28639E+11  2.20620E+10  7.89131E+09  1.06426E+10  3.98685E+11  5.91923E+09  6.50631E+09  8.73507E+09  4.23775E+10  5.14937E+09  6.26800E+09  8.41390E+09  3.64950E+10  5.81534E+09  6.47862E+09  8.69777E+09  4.16489E+10
 0.480 116.250  12.752  4.46113E+11  2.30719E+10  8.44147E+09  1.13872E+10  4.14599E+11  5.53875E+09  7.11661E+09  9.55615E+09  4.81433E+10  4.24082E+09  6.77353E+09  9.09686E+09  3.97776E+10  6.68566E+09  7.30555E+09  9.81170E+09  5.40351E+10
 0.490 119.250  13.015  4.54454E+11  2.38051E+10  8.93387E+09  1.20765E+10  4.21715E+11  6.05287E+09  7.60372E+09  1.02371E+10  4.89182E+10  4.25187E+09  7.15183E+09  9.64054E+09  3.94948E+10  6.87998E+09  7.78176E+09  1.04769E+10  5.41815E+10
 0.500 122.000  12.866  4.61319E+11  2.43095E+10  9.34276E+09  1.26662E+10  4.27667E+11  6.19915E+09  7.93748E+09  1.07245E+10  4.80657E+10  4.46588E+09  7.44923E+09  1.00697E+10  3.77271E+10  6.79770E+09  8.05009E+09  1.08767E+10  5.12485E+10
