  33
 0.180 -1.47060E-01 -1.50466E-01 -1.15707E-01  3.26827E+00 -2.86436E+01 -1.86654E+01  4.94655E-01  4.94573E-01  7.14642E-01  2.24326E+01   1.845   1.572  2.52305E+08  2.35943E+08  7.65374E+06  0.00000E+00  8.09767E+07  1.89487E-02  2.72641E+02   7.302   7.269
 0.190 -3.22836E-01  1.20050E-01  9.59997E-02 -2.85328E-01 -3.74233E+01 -1.44103E+01  9.61962E-02  7.88497E-01  6.07469E-01  2.66743E+01   2.470   1.547  1.69568E+08  1.56673E+08  8.57644E+06  6.42296E+05  1.07913E+08  2.13105E-02  2.74430E+02   7.378   7.348
 0.200  3.50965E-01 -2.11044E-01  1.94313E-02 -9.58312E+00 -1.90021E+01 -2.34643E+01 -3.69213E-01  7.36592E-01 -5.66670E-01  3.75380E+01   2.600   1.835  1.87624E+08  1.65744E+08  1.73428E+07  5.09834E+06  1.79329E+08  1.95475E-02  3.69531E+02   7.372   7.311
 0.210  2.35571E-01 -5.31259E-01  3.75290E-01  1.15405E-01  4.47115E+00 -8.24377E+00 -6.49303E-01  3.35196E-01 -6.82678E-01  6.93522E+01   3.001   1.802  2.03749E+08  1.83816E+08  2.54168E+07  6.09173E+06  2.83418E+08  8.67219E-02  4.07820E+02   7.471   7.342
 0.220 -4.18832E-01 -1.51911E-01  7.35690E-01  5.45855E+00  3.05522E+01  2.14690E+01 -9.94116E-01 -3.22668E-02 -1.03399E-01  8.76170E+01   3.411   2.623  2.18697E+08  1.84536E+08  1.55788E+07  3.31158E+06  2.78763E+08  7.17290E-02  4.78125E+02   7.535   7.390
 0.230  2.65607E-01  1.39565E-01  7.24338E-01 -1.59038E+00  3.67979E+01  8.65084E+00 -9.26483E-01 -3.68543E-01  7.61939E-02  5.98774E+01   2.968   1.591  3.49616E+08  3.24538E+08  1.43078E+07  2.65011E+06  1.95791E+08  5.65342E-02  5.65192E+02   7.290   7.338
 0.240  6.63912E-01  2.46772E-02 -6.82577E-01 -8.79228E+00 -3.14449E+01 -3.90629E+01 -7.43712E-01  4.34305E-01 -5.08204E-01  1.05694E+02   3.439   2.074  2.87800E+08  2.54757E+08  2.41375E+07  3.65924E+06  3.29228E+08  5.34979E-02  5.46752E+02   7.541   7.421
 0.250 -1.15327E-01  5.92103E-01 -2.10389E-01  1.75035E+01 -3.66449E+01 -4.98327E+01 -8.57024E-01  3.90357E-02 -5.13796E-01  4.65157E+01   3.311   2.103  2.23014E+08  1.88071E+08  2.33196E+07  4.83508E+06  2.62468E+08  2.02872E-02  7.04508E+02   7.417   7.430
 0.260 -3.45245E-01 -7.86399E-01 -4.06244E-01  2.61241E+01 -9.74741E+00 -2.05870E+01  9.04276E-01  2.53086E-01 -3.43851E-01  6.59887E+01   4.357   2.755  2.59446E+08  2.01422E+08  2.90942E+07  6.31192E+06  4.54351E+08  2.76395E-03  8.05495E+02   7.312   7.408
 0.270 -5.75866E-01  5.68439E-02 -2.18795E-02  1.65320E+01  3.44836E+01  1.99292E+01  1.64567E-02  2.26553E-01 -9.73860E-01  6.33303E+01   3.929   1.632  3.51369E+08  3.13423E+08  3.23053E+07  9.78818E+06  4.16273E+08  4.99297E-02  9.05565E+02   7.449   7.400
 0.280 -4.71016E-01  2.16065E-01  2.28200E-01  1.50129E+01  9.11153E-02  5.96833E-01 -6.56158E-01 -5.48564E-01 -5.18203E-01  9.80593E+01   4.771   2.879  5.69257E+08  4.80199E+08  2.46693E+07  4.66424E+06  3.21496E+08  4.07483E-02  8.12947E+02   7.461   7.421
 0.290 -6.17005E-01 -1.47181E-01 -1.51905E-01  1.72890E+01  1.06078E+01 -6.11789E+00 -6.45201E-01 -7.02342E-01 -3.00718E-01  1.23784E+02   4.277   2.858  5.03587E+08  4.39694E+08  2.89643E+07  3.91168E+06  2.88074E+08  1.27362E-01  6.63405E+02   7.511   7.444
 0.300 -2.84426E-01 -3.68437E-01 -4.42424E-01  1.85761E+01 -1.81602E+01 -8.57703E+00 -6.87035E-01 -7.25510E-01  4.02193E-02  1.44805E+02   4.707   2.819  5.92233E+08  5.20866E+08  3.52495E+07  5.99552E+06  3.75785E+08  7.14394E-02  7.90932E+02   7.446   7.449
 0.310 -3.34878E-01  2.96663E-01 -4.61102E-01  2.38252E+01 -1.33442E+01 -2.66328E+01 -3.52266E-01 -9.35367E-01 -3.15699E-02  1.33620E+02   4.456   2.984  6.25019E+08  5.59313E+08  4.27137E+07  7.38539E+06  4.08375E+08  1.16004E-01  8.68284E+02   7.497   7.448
 0.320 -5.87669E-01  5.39867E-01 -4.13507E-02 -4.67341E+00 -1.43313E+01 -7.53574E+00  4.58905E-01 -8.88283E-01  1.89404E-02  5.99077E+01   5.481   3.915  6.12402E+08  5.09288E+08  5.01457E+07  1.01709E+07  6.79406E+08  9.81880E-02  1.01396E+03   7.689   7.463
 0.330  1.37195E-01 -7.24546E-01 -4.38654E-01 -1.64595E+01 -1.64367E+01  1.32555E+01  1.80780E-01 -2.30166E-01 -9.56212E-01  4.81317E+01   4.091   2.699  4.56479E+08  4.03769E+08  4.84599E+07  6.66249E+06  3.21828E+08  4.34567E-02  9.25794E+02   7.657   7.507
 0.340 -3.64010E-01  1.05450E-01  6.92760E-03 -3.60913E+00 -6.74068E+00 -2.83609E+00 -1.11960E-02 -6.95093E-01 -7.18833E-01  7.04833E+01   5.790   4.128  5.77971E+08  4.79359E+08  5.44760E+07  6.15820E+06  3.91997E+08  6.45226E-02  9.11556E+02   7.672   7.518
 0.350  3.73190E-02 -7.47043E-01  7.11065E-02  6.01770E+00 -1.95074E+00  3.87010E+00 -6.86346E-01 -4.15211E-01 -5.97100E-01  1.20039E+02   5.358   3.450  8.32180E+08  7.23879E+08  5.78381E+07  6.02928E+06  4.49446E+08  1.30410E-01  9.70208E+02   7.682   7.542
 0.360 -1.13346E-01  4.24856E-01  4.99133E-01 -2.66748E+01 -2.83060E+01 -4.02893E+01 -6.55608E-01 -6.35754E-01  4.07425E-01  1.17146E+02   7.015   3.917  1.62136E+09  1.44270E+09  6.55731E+07  1.07262E+07  8.58818E+08  1.65687E-01  1.26181E+03   7.619   7.551
 0.370 -7.33983E-01  9.95825E-01  2.87934E-01  9.89146E-01 -1.93498E+01 -3.54514E+01 -6.85112E-01 -3.81952E-01 -6.20269E-01  1.54034E+02   9.640   7.594  2.05598E+09  1.71167E+09  9.43676E+07  1.92750E+07  1.31949E+09  1.70966E-01  1.04321E+03   7.712   7.590
 0.380 -3.59945E+00 -1.08409E+00 -1.39968E+00  3.85580E+01  1.56107E+01 -8.57610E-01  3.01217E-01 -5.44567E-01 -7.82761E-01  4.31324E+02  10.344   4.517  3.95529E+09  3.52974E+09  1.99840E+08  2.56483E+07  3.10397E+09  1.39887E+00  7.29689E+02   7.835   7.697
 0.390 -6.28432E-02 -2.16145E+00 -7.01683E-01  3.99963E+01  6.14667E+01  1.44443E+01  5.30684E-01 -5.98564E-01 -6.00080E-01  4.50761E+02  12.810   8.268  3.20833E+09  2.66094E+09  2.18710E+08  3.51554E+07  3.57137E+09  2.75061E-01  9.31227E+02   7.920   7.696
 0.400  7.91816E-01  2.31300E+00  1.09753E-01 -1.45551E+01  3.62911E+01 -4.42175E+01 -9.41497E-01  3.36234E-01 -2.30357E-02  4.46272E+02  12.840   6.697  3.83445E+09  3.31698E+09  2.93505E+08  1.94615E+08  3.41973E+09  3.03868E-01  1.09631E+03   7.842   7.762
 0.410 -6.97332E-01 -3.16102E-02 -5.07199E-02 -9.70656E-01 -6.65266E+00  1.43968E+01 -9.02280E-01  3.39836E-02 -4.29810E-01  2.27351E+02   8.380   6.128  4.45540E+09  4.06743E+09  2.19746E+08  9.37499E+07  1.32273E+09  8.64296E-01  8.18649E+02   7.972   7.858
 0.420 -2.20788E-01 -2.53384E-01 -2.68531E-01 -2.45893E+01 -1.07627E+01 -4.60420E+01 -1.23474E-01 -4.66631E-01 -8.75791E-01  4.26535E+02  10.901   6.646  6.66514E+09  5.92575E+09  3.30539E+08  1.03738E+08  2.38590E+09  1.59612E+00  7.31716E+02   8.070   7.929
 0.430 -1.76154E+00 -2.71877E-01 -6.31112E-02  8.38348E+00  2.85883E+01 -8.74619E+00 -1.59457E-01 -4.27842E-01 -8.89677E-01  5.27807E+02  10.768   6.249  4.18848E+09  3.77835E+09  3.56454E+08  1.12757E+08  2.51236E+09  9.60998E-01  9.10116E+02   8.122   7.944
 0.440  3.07098E-01  6.84700E-01 -2.39321E-01 -4.70655E+00 -3.46352E+00 -1.37193E+01 -2.57682E-01 -4.69595E-01 -8.44441E-01  5.47688E+02   9.589   4.940  4.42729E+09  4.08863E+09  5.05164E+08  1.26335E+08  2.15885E+09  1.69434E+00  7.99559E+02   8.163   8.037
 0.450  5.58288E-01  6.22836E-01  7.22797E-01  3.07962E+00 -2.73422E-01  1.14460E+00 -4.46059E-01 -2.89845E-01 -8.46771E-01  7.92530E+02  12.039   5.599  5.59968E+09  5.15828E+09  4.66866E+08  1.09477E+08  2.18961E+09  1.22253E+00  7.36612E+02   8.136   8.049
 0.460 -1.39483E+00 -1.18934E-01  1.22939E-01 -1.73178E+01  2.54036E+01 -6.95792E+00 -5.44058E-01 -2.69348E-01 -7.94640E-01  7.96711E+02  11.481   5.271  5.60412E+09  5.24767E+09  6.00666E+08  9.90319E+07  1.89921E+09  1.87927E+00  6.44969E+02   8.173   8.088
 0.470 -5.98861E-01 -2.83878E-01  5.46325E-01 -4.73058E+00  3.31986E-01  2.00645E+01 -5.38174E-01 -2.71423E-01 -7.97933E-01  7.22701E+02  11.093   4.533  5.23217E+09  4.94787E+09  6.78832E+08  1.08567E+08  1.84883E+09  1.65249E+00  7.07393E+02   8.195   8.103
 0.480  2.69774E-01 -3.72625E-02  7.58030E-01 -9.02132E+00  3.91293E+00 -4.52697E+00 -5.46359E-01 -2.58950E-01 -7.96515E-01  8.73653E+02  12.752   4.032  5.90560E+09  5.58084E+09  8.35866E+08  1.15890E+08  2.18013E+09  2.32667E+00  6.99065E+02   8.221   8.139
 0.490  5.78090E-01 -3.20728E-01 -3.00035E-01 -9.56879E+00 -1.22354E+01  1.02097E+01 -6.04033E-01 -8.67565E-02 -7.92223E-01  9.05635E+02  13.015   5.273  6.18690E+09  5.79624E+09  9.63611E+08  1.19698E+08  2.25454E+09  1.89873E+00  6.94134E+02   8.214   8.160
 0.500  4.69263E-01 -1.18656E+00 -5.03113E-01 -2.26616E+01  9.76141E+00  2.53829E+01 -6.31463E-01 -9.76662E-02 -7.69230E-01  8.56223E+02  12.866   5.533  6.12893E+09  5.70241E+09  1.05339E+09  1.24969E+08  2.28240E+09  1.97346E+00  7.58398E+02   8.259   8.183
