  33
 0.180  2.62500E+00  3.81871E+08  1.20898E+08  1.46809E+08  3.52258E+08  2.37608E+07  2.42173E+09  3.86117E-01
 0.190  2.85000E+00  2.19304E+08  1.50133E+08  1.85278E+08  1.97257E+08  2.31383E+07  2.44984E+09  1.58646E-01
 0.200  3.18750E+00  2.45660E+08  1.69276E+08  2.11834E+08  2.11101E+08  1.38830E+07  2.77782E+09  1.87882E-01
 0.210  3.48750E+00  2.73010E+08  2.00862E+08  2.53587E+08  2.34541E+08  1.88033E+07  4.20231E+09  1.93395E-01
 0.220  3.82500E+00  2.47981E+08  2.22583E+08  2.82059E+08  2.04490E+08  2.28766E+07  3.92388E+09  2.37798E-01
 0.230  4.12500E+00  5.92967E+08  2.35219E+08  3.01013E+08  4.96859E+08  1.05408E+07  4.31662E+09  1.79895E-01
 0.240  4.31250E+00  4.16147E+08  3.13339E+08  3.96867E+08  3.45832E+08  5.26736E+07  5.11766E+09  4.23978E-01
 0.250  4.57500E+00  3.55386E+08  3.23238E+08  4.16316E+08  2.69775E+08  9.96821E+06  5.03577E+09  1.14522E-01
 0.260  4.83750E+00  3.29513E+08  3.28236E+08  4.26959E+08  2.45501E+08  8.39340E+06  5.24021E+09  5.80682E-02
 0.270  5.17500E+00  5.55278E+08  3.64004E+08  4.75169E+08  4.56581E+08  1.78251E+07  6.80079E+09  2.00876E-01
 0.280  5.66250E+00  7.65198E+08  4.02113E+08  5.24567E+08  6.26856E+08  2.69928E+07  7.06526E+09  3.17910E-01
 0.290  6.11250E+00  8.33752E+08  4.32323E+08  5.66484E+08  6.64765E+08  2.26351E+07  8.45433E+09  2.75393E-01
 0.300  6.48750E+00  9.83242E+08  4.67483E+08  6.15580E+08  8.05475E+08  1.81879E+07  9.23650E+09  1.98735E-01
 0.310  7.38750E+00  1.27247E+09  5.01015E+08  6.60142E+08  1.05088E+09  2.88553E+07  1.12730E+10  2.82543E-01
 0.320  7.98750E+00  1.10690E+09  6.02256E+08  7.86578E+08  8.61267E+08  7.05260E+07  1.26010E+10  6.80872E-01
 0.330  8.55000E+00  1.07519E+09  6.13942E+08  8.09456E+08  7.32318E+08  2.05311E+07  1.26522E+10  3.18674E-01
 0.340  9.22500E+00  1.05970E+09  6.51219E+08  8.64415E+08  7.77031E+08  1.65176E+07  1.46323E+10  1.84240E-01
 0.350  1.10625E+01  1.83256E+09  6.90084E+08  9.20036E+08  1.30957E+09  2.40541E+07  1.93936E+10  3.59899E-01
 0.360  1.22625E+01  3.17793E+09  7.75587E+08  1.02782E+09  2.52657E+09  6.05073E+07  2.48684E+10  8.08897E-01
 0.370  1.30125E+01  3.30542E+09  1.15825E+09  1.52681E+09  2.64186E+09  1.10689E+08  3.46686E+10  1.08360E+00
 0.380  1.35000E+01  6.60685E+09  1.76860E+09  2.28376E+09  5.50329E+09  3.67630E+08  5.58195E+10  4.88162E+00
 0.390  1.40250E+01  3.88982E+09  1.59824E+09  2.06115E+09  3.15310E+09  1.42579E+08  3.70808E+10  8.69544E-01
 0.400  1.45500E+01  4.95135E+09  3.46509E+09  4.60968E+09  4.13684E+09  8.55014E+07  5.16830E+10  8.14433E-01
 0.410  1.50375E+01  7.93083E+09  3.85565E+09  5.11434E+09  6.77243E+09  3.03808E+08  5.36734E+10  3.57739E+00
 0.420  1.53750E+01  1.01401E+10  5.17649E+09  6.74521E+09  8.44157E+09  8.74028E+08  6.19078E+10  9.72766E+00
 0.430  1.55250E+01  7.00141E+09  5.41375E+09  7.12952E+09  5.96053E+09  2.43948E+08  5.99177E+10  2.53651E+00
 0.440  1.57500E+01  7.91949E+09  5.99708E+09  7.93406E+09  6.77584E+09  3.90917E+08  6.49036E+10  4.71899E+00
 0.450  1.60500E+01  8.33543E+09  6.40988E+09  8.53981E+09  7.32892E+09  2.26577E+08  6.38017E+10  2.44878E+00
 0.460  1.63875E+01  9.16515E+09  6.67120E+09  8.91884E+09  8.06353E+09  2.93819E+08  6.41742E+10  3.06907E+00
 0.470  1.68750E+01  9.19964E+09  7.13664E+09  9.59269E+09  8.19030E+09  2.59382E+08  6.84349E+10  2.91380E+00
 0.480  1.74375E+01  9.62326E+09  7.82777E+09  1.05338E+10  8.52488E+09  3.53719E+08  7.84662E+10  4.05079E+00
 0.490  1.78875E+01  9.83264E+09  8.21908E+09  1.10789E+10  8.75419E+09  3.09974E+08  7.76921E+10  3.32161E+00
 0.500  1.83000E+01  1.00950E+10  8.66000E+09  1.17114E+10  8.84437E+09  3.33502E+08  7.73895E+10  3.78156E+00
