  33
 0.180 -1.47060E-01 -1.50466E-01 -1.15707E-01  3.26827E+00 -2.86436E+01 -1.86654E+01   1.845  2.52415E+08  2.54824E+08  8.28903E+07  0.00000E+00  1.30984E+09  2.86047E-01  2.92834E+02   7.304   7.300
 0.190 -3.22836E-01  1.20050E-01  9.59997E-02 -2.85328E-01 -3.74233E+01 -1.44103E+01   2.470  1.75157E+08  1.79849E+08  1.33666E+08  3.12880E+07  1.91509E+09  1.49901E-01  3.31101E+02   7.368   7.342
 0.200  3.50965E-01 -2.11044E-01  1.94313E-02 -9.58312E+00 -1.90021E+01 -2.34643E+01   2.600  1.80346E+08  1.70541E+08  1.47103E+08  4.35804E+07  1.97586E+09  1.70867E-01  4.18205E+02   7.373   7.337
 0.210  2.35571E-01 -5.31259E-01  3.75290E-01  1.15405E-01  4.47115E+00 -8.24377E+00   3.001  2.05332E+08  1.94324E+08  1.83610E+08  5.65057E+07  3.27507E+09  1.70664E-01  4.95355E+02   7.479   7.336
 0.220 -4.18832E-01 -1.51911E-01  7.35690E-01  5.45855E+00  3.05522E+01  2.14690E+01   3.411  1.68964E+08  1.57776E+08  2.08519E+08  5.89670E+07  3.21753E+09  2.23656E-01  5.43805E+02   7.538   7.359
 0.230  2.65607E-01  1.39565E-01  7.24338E-01 -1.59038E+00  3.67979E+01  8.65084E+00   2.968  3.65111E+08  3.37238E+08  1.94908E+08  4.98546E+07  2.47237E+09  1.56018E-01  6.40048E+02   7.291   7.364
 0.240  6.63912E-01  2.46772E-02 -6.82577E-01 -8.79228E+00 -3.14449E+01 -3.90629E+01   3.439  2.92370E+08  3.01616E+08  2.80890E+08  6.89879E+07  3.66523E+09  3.88973E-01  6.16584E+02   7.559   7.410
 0.250 -1.15327E-01  5.92103E-01 -2.10389E-01  1.75035E+01 -3.66449E+01 -4.98327E+01   3.311  2.31971E+08  2.02481E+08  2.79600E+08  7.39241E+07  3.13980E+09  9.64446E-02  7.30338E+02   7.410   7.415
 0.260 -3.45245E-01 -7.86399E-01 -4.06244E-01  2.61241E+01 -9.74741E+00 -2.05870E+01   4.357  2.73305E+08  2.14789E+08  3.13364E+08  9.14738E+07  4.47010E+09  5.30083E-02  8.41217E+02   7.316   7.407
 0.270 -5.75866E-01  5.68439E-02 -2.18795E-02  1.65320E+01  3.44836E+01  1.99292E+01   3.929  3.88459E+08  3.50546E+08  3.35763E+08  9.67199E+07  4.68201E+09  1.98216E-01  9.32970E+02   7.450   7.406
 0.280 -4.71016E-01  2.16065E-01  2.28200E-01  1.50129E+01  9.11153E-02  5.96833E-01   4.771  6.01033E+08  5.27555E+08  3.83028E+08  1.11140E+08  5.55713E+09  2.96335E-01  9.77910E+02   7.468   7.410
 0.290 -6.17005E-01 -1.47181E-01 -1.51905E-01  1.72890E+01  1.06078E+01 -6.11789E+00   4.277  4.95663E+08  4.42298E+08  3.98239E+08  1.07153E+08  5.34679E+09  2.68088E-01  1.06116E+03   7.526   7.419
 0.300 -2.84426E-01 -3.68437E-01 -4.42424E-01  1.85761E+01 -1.81602E+01 -8.57703E+00   4.707  5.77902E+08  5.12222E+08  4.30447E+08  1.18037E+08  6.03451E+09  1.86428E-01  1.13965E+03   7.453   7.422
 0.310 -3.34878E-01  2.96663E-01 -4.61102E-01  2.38252E+01 -1.33442E+01 -2.66328E+01   4.456  6.00272E+08  5.53437E+08  4.47517E+08  1.10943E+08  5.89184E+09  2.54236E-01  1.20436E+03   7.505   7.429
 0.320 -5.87669E-01  5.39867E-01 -4.13507E-02 -4.67341E+00 -1.43313E+01 -7.53574E+00   5.481  6.28750E+08  5.88660E+08  5.67136E+08  1.39328E+08  7.78640E+09  6.61262E-01  1.14889E+03   7.680   7.460
 0.330  1.37195E-01 -7.24546E-01 -4.38654E-01 -1.64595E+01 -1.64367E+01  1.32555E+01   4.091  4.75776E+08  4.37248E+08  5.20412E+08  1.01052E+08  4.64070E+09  3.10850E-01  1.24844E+03   7.650   7.485
 0.340 -3.64010E-01  1.05450E-01  6.92760E-03 -3.60913E+00 -6.74068E+00 -2.83609E+00   5.790  5.74869E+08  4.93205E+08  6.07795E+08  1.40611E+08  7.81757E+09  1.79484E-01  1.34040E+03   7.673   7.485
 0.350  3.73190E-02 -7.47043E-01  7.11065E-02  6.01770E+00 -1.95074E+00  3.87010E+00   5.358  8.85889E+08  7.86446E+08  6.21619E+08  1.34592E+08  7.38010E+09  3.45333E-01  1.43198E+03   7.680   7.497
 0.360 -1.13346E-01  4.24856E-01  4.99133E-01 -2.66748E+01 -2.83060E+01 -4.02893E+01   7.015  1.74600E+09  1.59998E+09  7.24936E+08  1.59936E+08  1.14604E+10  8.05083E-01  1.43601E+03   7.616   7.516
 0.370 -7.33983E-01  9.95825E-01  2.87934E-01  9.89146E-01 -1.93498E+01 -3.54514E+01   9.640  2.00669E+09  1.78582E+09  1.01541E+09  2.76857E+08  2.19312E+10  1.05058E+00  1.37377E+03   7.709   7.548
 0.380 -3.59945E+00 -1.08409E+00 -1.39968E+00  3.85580E+01  1.56107E+01 -8.57610E-01  10.344  4.29107E+09  3.92588E+09  1.51747E+09  4.69743E+08  3.75289E+10  3.78135E+00  1.27903E+03   7.841   7.599
 0.390 -6.28432E-02 -2.16145E+00 -7.01683E-01  3.99963E+01  6.14667E+01  1.44443E+01  12.810  3.11755E+09  2.64193E+09  1.49844E+09  2.61677E+08  3.10095E+10  6.34181E-01  1.11418E+03   7.927   7.671
 0.400  7.91816E-01  2.31300E+00  1.09753E-01 -1.45551E+01  3.62911E+01 -4.42175E+01  12.840  4.03030E+09  3.48750E+09  3.36612E+09  2.07964E+09  4.44357E+10  7.39742E-01  1.43017E+03   7.850   7.724
 0.410 -6.97332E-01 -3.16102E-02 -5.07199E-02 -9.70656E-01 -6.65266E+00  1.43968E+01   8.380  4.66074E+09  4.49139E+09  2.77151E+09  1.69080E+09  2.32697E+10  3.48696E+00  1.37717E+03   7.970   7.779
 0.420 -2.20788E-01 -2.53384E-01 -2.68531E-01 -2.45893E+01 -1.07627E+01 -4.60420E+01  10.901  7.14217E+09  7.05722E+09  4.88173E+09  2.27438E+09  4.33623E+10  9.70251E+00  1.28493E+03   8.066   7.846
 0.430 -1.76154E+00 -2.71877E-01 -6.31112E-02  8.38348E+00  2.85883E+01 -8.74619E+00  10.768  4.43890E+09  4.12572E+09  4.85537E+09  1.94510E+09  3.71566E+10  2.44954E+00  1.27245E+03   8.124   7.915
 0.440  3.07098E-01  6.84700E-01 -2.39321E-01 -4.70655E+00 -3.46352E+00 -1.37193E+01   9.589  4.61075E+09  4.45279E+09  5.25753E+09  1.98672E+09  3.60821E+10  4.60846E+00  1.33586E+03   8.169   7.953
 0.450  5.58288E-01  6.22836E-01  7.22797E-01  3.07962E+00 -2.73422E-01  1.14460E+00  12.039  6.24344E+09  5.80721E+09  5.96345E+09  2.17050E+09  4.47290E+10  2.40908E+00  1.41836E+03   8.144   7.973
 0.460 -1.39483E+00 -1.18934E-01  1.22939E-01 -1.73178E+01  2.54036E+01 -6.95792E+00  11.481  6.04460E+09  5.68909E+09  6.16515E+09  2.10983E+09  4.26149E+10  3.02518E+00  1.49266E+03   8.180   8.001
 0.470 -5.98861E-01 -2.83878E-01  5.46325E-01 -4.73058E+00  3.31986E-01  2.00645E+01  11.093  5.81534E+09  5.51115E+09  6.47862E+09  2.16541E+09  4.16489E+10  2.67362E+00  1.58414E+03   8.199   8.019
 0.480  2.69774E-01 -3.72625E-02  7.58030E-01 -9.02132E+00  3.91293E+00 -4.52697E+00  12.752  6.68566E+09  6.30935E+09  7.30555E+09  2.32810E+09  5.40351E+10  3.84012E+00  1.63600E+03   8.226   8.042
 0.490  5.78090E-01 -3.20728E-01 -3.00035E-01 -9.56879E+00 -1.22354E+01  1.02097E+01  13.015  6.87998E+09  6.50001E+09  7.78176E+09  2.37122E+09  5.41815E+10  3.24202E+00  1.69982E+03   8.219   8.067
 0.500  4.69263E-01 -1.18656E+00 -5.03113E-01 -2.26616E+01  9.76141E+00  2.53829E+01  12.866  6.79770E+09  6.36728E+09  8.05009E+09  2.29325E+09  5.12485E+10  3.64441E+00  1.76441E+03   8.253   8.089
