  33
 0.180   1.845  8.28903E+07  1.00408E+08  8.20287E+07  2.92834E+02  0.00000E+00  0.00000E+00  0.00000E+00  8.28903E+07  1.00408E+08  8.20287E+07
 0.190   2.470  1.33666E+08  1.64668E+08  1.32219E+08  3.31101E+02  3.12880E+07  3.92713E+07  3.08907E+07  1.02378E+08  1.25397E+08  1.01328E+08
 0.200   2.600  1.47103E+08  1.83934E+08  1.45170E+08  4.18205E+02  4.35804E+07  5.54811E+07  4.29128E+07  1.03523E+08  1.28453E+08  1.02257E+08
 0.210   3.001  1.83610E+08  2.31794E+08  1.80842E+08  4.95355E+02  5.65057E+07  7.25257E+07  5.54924E+07  1.27104E+08  1.59269E+08  1.25349E+08
 0.220   3.411  2.08519E+08  2.64138E+08  2.05209E+08  5.43805E+02  5.89670E+07  7.60741E+07  5.78271E+07  1.49552E+08  1.88064E+08  1.47382E+08
 0.230   2.968  1.94908E+08  2.49166E+08  1.91373E+08  6.40048E+02  4.98546E+07  6.47328E+07  4.87609E+07  1.45054E+08  1.84433E+08  1.42612E+08
 0.240   3.439  2.80890E+08  3.55591E+08  2.76185E+08  6.16584E+02  6.89879E+07  9.01096E+07  6.73279E+07  2.11902E+08  2.65481E+08  2.08858E+08
 0.250   3.311  2.79600E+08  3.60022E+08  2.74261E+08  7.30338E+02  7.39241E+07  9.67411E+07  7.20857E+07  2.05676E+08  2.63281E+08  2.02176E+08
 0.260   4.357  3.13364E+08  4.07657E+08  3.06693E+08  8.41217E+02  9.14738E+07  1.20487E+08  8.90145E+07  2.21890E+08  2.87169E+08  2.17678E+08
 0.270   3.929  3.35763E+08  4.38389E+08  3.28070E+08  9.32970E+02  9.67199E+07  1.28156E+08  9.38875E+07  2.39043E+08  3.10233E+08  2.34182E+08
 0.280   4.771  3.83028E+08  4.99889E+08  3.74143E+08  9.77910E+02  1.11140E+08  1.47793E+08  1.07777E+08  2.71888E+08  3.52096E+08  2.66366E+08
 0.290   4.277  3.98239E+08  5.21962E+08  3.88516E+08  1.06116E+03  1.07153E+08  1.43316E+08  1.03574E+08  2.91086E+08  3.78646E+08  2.84942E+08
 0.300   4.707  4.30447E+08  5.66843E+08  4.19523E+08  1.13965E+03  1.18037E+08  1.58313E+08  1.13987E+08  3.12410E+08  4.08529E+08  3.05535E+08
 0.310   4.456  4.47517E+08  5.89893E+08  4.35864E+08  1.20436E+03  1.10943E+08  1.49604E+08  1.06779E+08  3.36574E+08  4.40289E+08  3.29085E+08
 0.320   5.481  5.67136E+08  7.40050E+08  5.53525E+08  1.14889E+03  1.39328E+08  1.87754E+08  1.34179E+08  4.27809E+08  5.52296E+08  4.19346E+08
 0.330   4.091  5.20412E+08  6.85191E+08  5.07245E+08  1.24844E+03  1.01052E+08  1.37042E+08  9.68604E+07  4.19361E+08  5.48149E+08  4.10385E+08
 0.340   5.790  6.07795E+08  8.06022E+08  5.91774E+08  1.34040E+03  1.40611E+08  1.90963E+08  1.34830E+08  4.67184E+08  6.15059E+08  4.56944E+08
 0.350   5.358  6.21619E+08  8.27577E+08  6.04602E+08  1.43198E+03  1.34592E+08  1.83575E+08  1.28752E+08  4.87027E+08  6.44003E+08  4.75849E+08
 0.360   7.015  7.24936E+08  9.59131E+08  7.05487E+08  1.43601E+03  1.59936E+08  2.18605E+08  1.52808E+08  5.65000E+08  7.40527E+08  5.52679E+08
 0.370   9.640  1.01541E+09  1.33364E+09  9.90234E+08  1.37377E+03  2.76857E+08  3.79279E+08  2.65393E+08  7.38548E+08  9.54357E+08  7.24841E+08
 0.380  10.344  1.51747E+09  1.96245E+09  1.48303E+09  1.27903E+03  4.69743E+08  6.40910E+08  4.50550E+08  1.04773E+09  1.32154E+09  1.03248E+09
 0.390  12.810  1.49844E+09  1.93736E+09  1.47042E+09  1.11418E+03  2.61677E+08  3.55781E+08  2.50616E+08  1.23677E+09  1.58158E+09  1.21981E+09
 0.400  12.840  3.36612E+09  4.48081E+09  3.29134E+09  1.43017E+03  2.07964E+09  2.81406E+09  2.02375E+09  1.28649E+09  1.66675E+09  1.26759E+09
 0.410   8.380  2.77151E+09  3.65798E+09  2.71443E+09  1.37717E+03  1.69080E+09  2.30039E+09  1.64571E+09  1.08071E+09  1.35759E+09  1.06872E+09
 0.420  10.901  4.88173E+09  6.35113E+09  4.78834E+09  1.28493E+03  2.27438E+09  3.11244E+09  2.20447E+09  2.60735E+09  3.23869E+09  2.58387E+09
 0.430  10.768  4.85537E+09  6.37818E+09  4.76773E+09  1.27245E+03  1.94510E+09  2.67783E+09  1.88341E+09  2.91027E+09  3.70034E+09  2.88433E+09
 0.440   9.589  5.25753E+09  6.93115E+09  5.15980E+09  1.33586E+03  1.98672E+09  2.74582E+09  1.91894E+09  3.27080E+09  4.18533E+09  3.24086E+09
 0.450  12.039  5.96345E+09  7.92974E+09  5.84923E+09  1.41836E+03  2.17050E+09  3.00811E+09  2.09356E+09  3.79296E+09  4.92162E+09  3.75568E+09
 0.460  11.481  6.16515E+09  8.22764E+09  6.04276E+09  1.49266E+03  2.10983E+09  2.93456E+09  2.02934E+09  4.05533E+09  5.29308E+09  4.01342E+09
 0.470  11.093  6.47862E+09  8.69777E+09  6.34559E+09  1.58414E+03  2.16541E+09  3.01975E+09  2.08023E+09  4.31321E+09  5.67802E+09  4.26535E+09
 0.480  12.752  7.30555E+09  9.81170E+09  7.15295E+09  1.63600E+03  2.32810E+09  3.25031E+09  2.23165E+09  4.97745E+09  6.56139E+09  4.92131E+09
 0.490  13.015  7.78176E+09  1.04769E+10  7.61599E+09  1.69982E+03  2.37122E+09  3.31917E+09  2.26792E+09  5.41053E+09  7.15771E+09  5.34807E+09
 0.500  12.866  8.05009E+09  1.08767E+10  7.87569E+09  1.76441E+03  2.29325E+09  3.21479E+09  2.18923E+09  5.75684E+09  7.66190E+09  5.68646E+09
