  39
 0.120   1.000   0.654  1.34537E-02  1.30678E-02  1.39281E-02
 0.130   1.278   0.707  1.71516E-02  2.27469E-02  1.00554E-02
 0.140   1.466   0.834  1.96676E-02  2.34270E-02  1.76015E-02
 0.150   1.600   0.997  1.99341E-02  1.71679E-02  2.74839E-02
 0.160   1.818   1.553  1.64799E-02  1.73493E-02  1.10522E-02
 0.170   1.729   0.877  2.92074E-02  3.66889E-02  1.85482E-02
 0.180   2.024   0.577  1.93955E-02  2.12593E-02  2.21170E-02
 0.190   2.214   1.453  6.92235E-03  7.29476E-03  4.97809E-03
 0.200   2.309   1.383  3.30982E-03  3.55059E-03  2.76173E-03
 0.210   2.122   1.224  1.15109E-02  1.39861E-02  9.91882E-03
 0.220   2.334   0.996  4.00312E-02  4.79138E-02  2.58217E-02
 0.230   2.830   1.334  8.73225E-02  1.07056E-01  5.64178E-02
 0.240   3.098   1.234  2.61896E-03  3.49242E-03  1.53158E-03
 0.250   3.067   0.790  1.60004E-02  2.11167E-02  9.36858E-03
 0.260   3.547   1.123  2.04193E-03  2.03683E-03  1.41337E-03
 0.270   4.520   1.205  9.86729E-04  2.86377E-04  1.64772E-03
 0.280   3.750   1.173  5.81617E-02  7.43273E-02  3.96945E-02
 0.290   5.700   3.647  2.00403E-02  1.15049E-02  4.97104E-02
 0.300   1.287   0.968  4.22746E-03  1.98234E-03  1.06371E-02
 0.310   5.427   3.139  4.24203E-02  4.97696E-02  2.99476E-02
 0.320   5.846   2.240  3.06556E-02  3.75080E-02  2.10566E-02
 0.330   5.709   2.795  7.39946E-02  9.12021E-02  4.65095E-02
 0.340   3.829   1.661  2.53567E-01  3.00668E-01  1.95323E-01
 0.350   4.477   2.364  1.17319E+00  1.13398E+00  1.22559E+00
 0.360   4.788   3.482  1.88823E-01  1.55746E-01  2.00380E-01
 0.370   5.188   2.640  7.70437E-01  8.28111E-01  6.14901E-01
 0.380   4.959   2.983  3.93395E-01  3.93048E-01  3.63857E-01
 0.390   6.286   2.782  3.49639E-01  3.95734E-01  2.86935E-01
 0.400   5.081   2.832  8.69778E-01  8.33092E-01  8.37855E-01
 0.410   6.502   4.088  7.21806E-01  7.18267E-01  6.65338E-01
 0.420   6.767   2.590  1.46524E+00  1.68748E+00  1.13900E+00
 0.430   6.918   3.210  4.28137E-01  4.32047E-01  4.73340E-01
 0.440   5.942   1.903  8.06439E-01  7.63145E-01  8.44462E-01
 0.450   8.007   2.314  6.94151E-01  6.96406E-01  6.10579E-01
 0.460   8.449   3.040  4.79212E-01  4.43145E-01  5.53042E-01
 0.470   8.909   2.580  7.03451E-01  6.77544E-01  7.03391E-01
 0.480   9.581   2.279  5.29184E-01  4.69147E-01  5.24843E-01
 0.490   7.831   2.181  6.33300E-01  7.29047E-01  5.20693E-01
 0.500   8.455   3.088  4.12557E-01  4.74178E-01  3.19051E-01
