  39
 0.120   7.000   1.000  5.60866E+09  4.84606E+08  4.71336E+07  5.55278E+07  5.07692E+09  8.74742E+06  8.37839E+06  9.97022E+06  2.26718E+08  7.42928E+08  4.87536E+07  5.74602E+07  6.31685E+09  2.11750E+07  1.28538E+07  1.52190E+07  3.89087E+08
 0.130   9.500   1.278  1.08773E+10  1.02399E+09  8.34136E+07  9.86501E+07  9.76991E+09  5.45953E+07  2.20577E+07  2.61622E+07  6.30438E+08  1.07916E+09  8.36714E+07  9.89625E+07  1.00867E+10  9.05508E+07  2.88033E+07  3.41694E+07  1.00273E+09
 0.140  11.250   1.466  1.47493E+10  1.26604E+09  1.53833E+08  1.81527E+08  1.33294E+10  6.42250E+07  3.97725E+07  4.69663E+07  4.85444E+08  1.12229E+09  1.53522E+08  1.81143E+08  1.26938E+10  1.04564E+08  5.42268E+07  6.37990E+07  7.46083E+08
 0.150  12.750   1.600  1.72888E+10  1.21920E+09  1.89628E+08  2.29507E+08  1.58800E+10  5.17308E+07  7.42426E+07  8.90488E+07  7.96963E+08  9.12790E+08  1.86695E+08  2.25826E+08  1.35450E+10  7.49601E+07  9.43444E+07  1.13327E+08  1.21058E+09
 0.160  14.000   1.818  1.80358E+10  1.33129E+09  2.12235E+08  2.60203E+08  1.64923E+10  4.44341E+07  7.60126E+07  9.35228E+07  8.73284E+08  1.00988E+09  2.06128E+08  2.52493E+08  1.18480E+10  8.01263E+07  9.59115E+07  1.18055E+08  1.32531E+09
 0.170  14.500   1.729  1.71331E+10  1.34048E+09  2.36654E+08  2.92658E+08  1.55560E+10  1.24901E+08  8.69603E+07  1.07451E+08  9.32895E+08  9.81093E+08  2.29589E+08  2.83919E+08  1.15376E+10  1.46097E+08  1.01314E+08  1.25338E+08  1.22878E+09
 0.180  15.750   2.024  1.81379E+10  1.22431E+09  2.76554E+08  3.43970E+08  1.66370E+10  5.05338E+07  1.17298E+08  1.46084E+08  1.09501E+09  6.83967E+08  2.68499E+08  3.33816E+08  1.16283E+10  7.86582E+07  1.41914E+08  1.76843E+08  1.61762E+09
 0.190  16.750   2.214  1.88182E+10  1.16873E+09  2.86302E+08  3.61776E+08  1.73632E+10  5.07988E+07  1.23835E+08  1.56790E+08  1.20825E+09  7.27925E+08  2.80235E+08  3.54041E+08  1.20546E+10  1.00341E+08  1.55931E+08  1.97393E+08  1.85914E+09
 0.200  18.000   2.309  2.03190E+10  1.35758E+09  3.08460E+08  3.91698E+08  1.86530E+10  1.10297E+08  1.48911E+08  1.88778E+08  1.44079E+09  8.94650E+08  3.00296E+08  3.81175E+08  1.18282E+10  1.63401E+08  1.77688E+08  2.25472E+08  2.07546E+09
 0.210  19.250   2.122  2.14484E+10  1.43765E+09  3.45498E+08  4.38849E+08  1.96653E+10  1.41796E+08  1.76426E+08  2.24685E+08  1.68471E+09  8.56952E+08  3.36783E+08  4.27679E+08  1.17929E+10  1.63448E+08  1.89332E+08  2.41055E+08  1.94469E+09
 0.220  20.500   2.334  2.23389E+10  1.36893E+09  3.83736E+08  4.88995E+08  2.05862E+10  1.76085E+08  2.00884E+08  2.56427E+08  1.82322E+09  7.10372E+08  3.73146E+08  4.75210E+08  1.14611E+10  2.07158E+08  2.21374E+08  2.82265E+08  2.19527E+09
 0.230  21.750   2.830  2.34055E+10  1.10682E+09  4.30595E+08  5.49305E+08  2.18681E+10  7.57927E+07  2.31387E+08  2.95583E+08  1.91551E+09  4.98256E+08  4.18829E+08  5.33873E+08  1.11625E+10  1.51738E+08  2.86992E+08  3.64804E+08  2.77674E+09
 0.240  23.000   3.098  2.46084E+10  8.88126E+08  4.38601E+08  5.66893E+08  2.32816E+10  4.86822E+07  2.43008E+08  3.14738E+08  2.07280E+09  3.76084E+08  4.25518E+08  5.49695E+08  1.09942E+10  8.46178E+07  2.98917E+08  3.86569E+08  3.14520E+09
 0.250  24.750   3.067  2.69116E+10  8.76522E+08  4.42918E+08  5.77774E+08  2.55922E+10  6.40886E+07  2.52763E+08  3.30463E+08  2.24307E+09  3.27156E+08  4.29602E+08  5.60193E+08  1.15261E+10  8.34660E+07  2.93237E+08  3.82998E+08  3.04095E+09
 0.260  27.250   3.547  3.23004E+10  1.02576E+09  4.47687E+08  5.88300E+08  3.08269E+10  6.84065E+07  2.79603E+08  3.67581E+08  2.65070E+09  3.08610E+08  4.33281E+08  5.69191E+08  1.18484E+10  1.10132E+08  3.27965E+08  4.30785E+08  3.82594E+09
 0.270  36.250   4.520  6.78952E+10  2.76843E+09  8.01144E+08  1.05607E+09  6.43257E+10  1.07471E+08  3.28950E+08  4.35152E+08  3.91099E+09  3.64268E+08  4.33122E+08  5.72973E+08  1.22411E+10  1.50197E+08  3.65365E+08  4.83211E+08  5.16721E+09
 0.280  39.500   3.750  7.96378E+10  3.52267E+09  8.26127E+08  1.09137E+09  7.52890E+10  5.01588E+08  5.55463E+08  7.32076E+08  7.19911E+09  9.79150E+08  7.63049E+08  1.00783E+09  2.13421E+10  4.73712E+08  5.34833E+08  7.04761E+08  6.67442E+09
 0.290  42.500   5.700  8.86432E+10  4.07828E+09  9.43247E+08  1.23960E+09  8.36216E+10  1.69951E+08  3.58949E+08  4.64868E+08  4.31970E+09  7.98025E+08  6.96381E+08  9.12365E+08  1.87406E+10  2.97465E+08  4.21089E+08  5.46848E+08  7.22139E+09
 0.300  45.000   1.287  9.58178E+10  4.55976E+09  9.61450E+08  1.27092E+09  9.02966E+10  4.17240E+08  6.46632E+08  8.51382E+08  6.85633E+09  9.61579E+08  8.01347E+08  1.05728E+09  1.74800E+10  1.28929E+08  2.25788E+08  2.94367E+08  9.53596E+08
 0.310  48.000   5.427  1.05387E+11  5.29805E+09  1.05268E+09  1.39377E+09  9.90366E+10  3.11897E+08  6.89915E+08  9.10017E+08  7.15081E+09  8.67340E+08  8.77179E+08  1.15924E+09  1.74057E+10  3.88562E+08  7.18223E+08  9.47729E+08  8.31965E+09
 0.320  50.750   5.846  1.13592E+11  6.11583E+09  1.07761E+09  1.43481E+09  1.06399E+11  4.28709E+08  7.25508E+08  9.62970E+08  7.78740E+09  8.77880E+08  8.83450E+08  1.17381E+09  1.75181E+10  5.05868E+08  7.68768E+08  1.02054E+09  9.35081E+09
 0.330  53.500   5.709  1.22069E+11  6.94469E+09  1.17497E+09  1.56556E+09  1.13949E+11  8.14534E+08  8.19174E+08  1.08723E+09  9.58584E+09  1.61055E+09  9.84988E+08  1.30987E+09  2.15382E+10  8.78701E+08  8.38460E+08  1.11296E+09  1.04487E+10
 0.340  55.250   3.829  1.24779E+11  7.09716E+09  1.49690E+09  1.94609E+09  1.16185E+11  1.11161E+09  1.15899E+09  1.49177E+09  1.08763E+10  2.06807E+09  1.28324E+09  1.65805E+09  2.23378E+10  7.65800E+08  1.02429E+09  1.31334E+09  6.75507E+09
 0.350  57.250   4.477  1.27510E+11  6.71111E+09  1.88443E+09  2.42927E+09  1.18915E+11  5.74407E+08  1.46845E+09  1.87925E+09  1.04235E+10  1.60635E+09  1.59996E+09  2.05172E+09  2.02909E+10  4.18934E+08  1.39238E+09  1.77846E+09  7.62112E+09
 0.360  60.000   4.788  1.36113E+11  7.25515E+09  2.04282E+09  2.66649E+09  1.26815E+11  6.92128E+08  1.59768E+09  2.07394E+09  1.06858E+10  1.25997E+09  1.70926E+09  2.22351E+09  1.96783E+10  4.87292E+08  1.52671E+09  1.97867E+09  8.13084E+09
 0.370  62.500   5.188  1.42280E+11  7.60487E+09  2.21213E+09  2.89831E+09  1.32463E+11  8.63355E+08  1.77128E+09  2.30780E+09  1.15152E+10  1.32510E+09  1.90075E+09  2.48333E+09  2.02531E+10  6.84428E+08  1.71299E+09  2.22915E+09  9.21546E+09
 0.380  64.250   4.959  1.43128E+11  7.58769E+09  2.39037E+09  3.14130E+09  1.33150E+11  1.22125E+09  1.96181E+09  2.56529E+09  1.20925E+10  1.81301E+09  2.07198E+09  2.71329E+09  2.06004E+10  9.19674E+08  1.87085E+09  2.44516E+09  8.86703E+09
 0.390  66.000   6.286  1.44068E+11  7.28611E+09  2.67185E+09  3.51076E+09  1.34111E+11  7.40398E+08  2.21110E+09  2.89599E+09  1.29040E+10  1.51083E+09  2.32122E+09  3.04196E+09  2.13019E+10  6.86548E+08  2.19598E+09  2.87589E+09  1.21980E+10
 0.400  68.000   5.081  1.46675E+11  7.07955E+09  2.80296E+09  3.71072E+09  1.36793E+11  9.36420E+08  2.40579E+09  3.17566E+09  1.41229E+10  1.45311E+09  2.51070E+09  3.31749E+09  2.19099E+10  7.10312E+08  2.29051E+09  3.01966E+09  9.88431E+09
 0.410  71.000   6.502  1.55037E+11  7.02914E+09  2.93674E+09  3.90990E+09  1.45071E+11  1.26317E+09  2.48984E+09  3.30284E+09  1.40757E+10  1.75314E+09  2.60308E+09  3.45684E+09  2.16285E+10  1.08820E+09  2.46224E+09  3.26588E+09  1.26568E+10
 0.420  73.250   6.767  1.59822E+11  6.89655E+09  3.14664E+09  4.18987E+09  1.49779E+11  1.49846E+09  2.71161E+09  3.59843E+09  1.51452E+10  2.07238E+09  2.78535E+09  3.69883E+09  2.17257E+10  1.38720E+09  2.68853E+09  3.56699E+09  1.38274E+10
 0.430  75.250   6.918  1.61993E+11  6.52897E+09  3.36389E+09  4.49375E+09  1.52100E+11  1.35667E+09  2.92871E+09  3.90161E+09  1.57002E+10  1.92168E+09  3.01882E+09  4.02154E+09  2.18401E+10  1.22914E+09  2.89974E+09  3.86294E+09  1.42396E+10
 0.440  77.250   5.942  1.64297E+11  6.26159E+09  3.50758E+09  4.70867E+09  1.54528E+11  1.38416E+09  3.08930E+09  4.13529E+09  1.64094E+10  1.86507E+09  3.16263E+09  4.23520E+09  2.21943E+10  1.01082E+09  2.98752E+09  3.99928E+09  1.20703E+10
 0.450  79.750   8.007  1.69912E+11  6.45128E+09  3.61928E+09  4.88819E+09  1.59841E+11  1.49121E+09  3.20562E+09  4.31880E+09  1.77839E+10  1.92591E+09  3.27597E+09  4.41486E+09  2.32420E+10  1.50013E+09  3.20671E+09  4.32029E+09  1.78716E+10
 0.460  82.750   8.449  1.77893E+11  6.93968E+09  3.71169E+09  5.03785E+09  1.67242E+11  1.49188E+09  3.27344E+09  4.43595E+09  1.78833E+10  1.86879E+09  3.33747E+09  4.52182E+09  2.23081E+10  1.54338E+09  3.28131E+09  4.44637E+09  1.83215E+10
 0.470  84.750   8.909  1.81066E+11  7.08859E+09  3.79451E+09  5.17097E+09  1.70183E+11  1.52665E+09  3.37960E+09  4.59751E+09  1.82513E+10  1.86056E+09  3.43406E+09  4.67191E+09  2.22126E+10  1.64466E+09  3.39847E+09  4.62313E+09  1.93706E+10
 0.480  86.500   9.581  1.81868E+11  7.18011E+09  3.85969E+09  5.28404E+09  1.70828E+11  1.47599E+09  3.42574E+09  4.68764E+09  1.93258E+10  1.76717E+09  3.48363E+09  4.76510E+09  2.28535E+10  1.68619E+09  3.46620E+09  4.74200E+09  2.17476E+10
 0.490  88.000   7.831  1.81517E+11  7.23684E+09  3.91876E+09  5.38478E+09  1.70361E+11  1.65475E+09  3.50034E+09  4.80476E+09  1.93553E+10  1.83447E+09  3.54882E+09  4.87101E+09  2.25357E+10  1.46592E+09  3.43783E+09  4.72124E+09  1.68800E+10
 0.500  89.750   8.455  1.82454E+11  7.36800E+09  3.97185E+09  5.47926E+09  1.71114E+11  1.39593E+09  3.53137E+09  4.87222E+09  1.98706E+10  1.61371E+09  3.57806E+09  4.93522E+09  2.25877E+10  1.24886E+09  3.50111E+09  4.83165E+09  1.85044E+10
