  39
 0.120  1.05000E+00  2.31201E+07  1.36797E+07  1.61951E+07  2.19023E+07  4.51352E+06  4.24338E+08  4.74630E-02
 0.130  1.42500E+00  1.05280E+08  3.12544E+07  3.70588E+07  9.97362E+07  1.00336E+07  1.16984E+09  1.62646E-01
 0.140  1.68750E+00  1.32220E+08  6.42787E+07  7.54161E+07  1.24502E+08  3.39271E+07  9.51767E+08  3.64714E-01
 0.150  1.91250E+00  9.87709E+07  1.08508E+08  1.30561E+08  9.07108E+07  2.42531E+07  1.63791E+09  1.90930E-01
 0.160  2.10000E+00  1.16000E+08  1.09241E+08  1.34474E+08  1.05804E+08  7.74092E+06  1.64655E+09  9.49186E-02
 0.170  2.17500E+00  1.84250E+08  1.21491E+08  1.50505E+08  1.72629E+08  1.21692E+07  1.75397E+09  1.84917E-01
 0.180  2.36250E+00  9.78730E+07  1.58523E+08  1.97513E+08  8.91721E+07  1.97958E+07  2.02783E+09  1.23396E-01
 0.190  2.51250E+00  1.34776E+08  1.70743E+08  2.16046E+08  1.24785E+08  3.05885E+06  2.21904E+09  3.48010E-02
 0.200  2.70000E+00  2.06967E+08  1.93241E+08  2.45276E+08  1.88349E+08  1.34997E+07  2.60256E+09  1.83978E-01
 0.210  2.88750E+00  2.40101E+08  2.26639E+08  2.88247E+08  2.15588E+08  2.23512E+07  2.97835E+09  2.35979E-01
 0.220  3.07500E+00  2.77280E+08  2.61374E+08  3.32553E+08  2.49242E+08  2.42457E+07  3.16216E+09  3.02970E-01
 0.230  3.26250E+00  1.95768E+08  3.13488E+08  3.97892E+08  1.72681E+08  3.87765E+07  3.36369E+09  4.56309E-01
 0.240  3.45000E+00  1.04114E+08  3.18758E+08  4.11855E+08  8.01132E+07  2.33486E+06  3.61419E+09  1.89210E-02
 0.250  3.71250E+00  1.06800E+08  3.26304E+08  4.25869E+08  7.46565E+07  2.47235E+06  3.93377E+09  2.82488E-02
 0.260  4.08750E+00  1.43870E+08  3.50223E+08  4.59801E+08  1.00434E+08  4.88981E+06  4.59156E+09  6.39270E-02
 0.270  5.43750E+00  1.91424E+08  3.87934E+08  5.13000E+08  1.11642E+08  2.22191E+06  6.41221E+09  2.19261E-02
 0.280  5.92500E+00  7.09328E+08  6.81441E+08  8.99234E+08  5.95371E+08  2.38235E+07  1.21727E+10  3.20508E-01
 0.290  6.37500E+00  3.86451E+08  4.57763E+08  5.95588E+08  2.77664E+08  3.08527E+07  8.76361E+09  1.15561E-01
 0.300  6.75000E+00  6.41191E+08  7.45179E+08  9.82366E+08  5.08081E+08  2.57638E+07  1.10429E+10  4.00898E-01
 0.310  7.20000E+00  5.57858E+08  7.85211E+08  1.03654E+09  4.22547E+08  3.66235E+07  1.16686E+10  2.31538E-01
 0.320  7.61250E+00  6.65971E+08  8.39683E+08  1.11494E+09  5.07586E+08  2.07775E+07  1.28242E+10  2.73148E-01
 0.330  8.02500E+00  1.29558E+09  9.35538E+08  1.24321E+09  1.04015E+09  4.12862E+07  1.65324E+10  4.76605E-01
 0.340  8.28750E+00  1.59664E+09  1.25214E+09  1.61653E+09  1.37410E+09  2.54970E+08  1.78348E+10  2.62206E+00
 0.350  8.58750E+00  1.10799E+09  1.57011E+09  2.01320E+09  9.14930E+08  2.24544E+08  1.69803E+10  2.01876E+00
 0.360  9.00000E+00  1.13107E+09  1.69004E+09  2.19780E+09  9.17031E+08  9.58846E+07  1.73017E+10  9.70135E-01
 0.370  9.37500E+00  1.24820E+09  1.88712E+09  2.46492E+09  1.02480E+09  1.40735E+08  1.88349E+10  1.55453E+00
 0.380  9.63750E+00  1.75653E+09  2.06494E+09  2.70379E+09  1.46847E+09  1.41739E+08  1.96896E+10  1.81584E+00
 0.390  9.90000E+00  1.48343E+09  2.31879E+09  3.03871E+09  1.23256E+09  1.66532E+08  2.10470E+10  1.69372E+00
 0.400  1.02000E+01  1.48669E+09  2.51574E+09  3.32429E+09  1.22046E+09  1.19341E+08  2.24104E+10  1.37662E+00
 0.410  1.06500E+01  1.86162E+09  2.61858E+09  3.47798E+09  1.59332E+09  1.07933E+08  2.33794E+10  1.28032E+00
 0.420  1.09875E+01  2.27484E+09  2.80640E+09  3.72748E+09  1.91421E+09  1.66527E+08  2.42917E+10  2.34997E+00
 0.430  1.12875E+01  2.17064E+09  3.05184E+09  4.06626E+09  1.90174E+09  1.28432E+08  2.51326E+10  1.17245E+00
 0.440  1.15875E+01  2.14616E+09  3.20631E+09  4.29461E+09  1.82969E+09  1.13991E+08  2.64261E+10  1.21099E+00
 0.450  1.19625E+01  2.19859E+09  3.34129E+09  4.50489E+09  1.93149E+09  8.13357E+07  2.88665E+10  9.69280E-01
 0.460  1.24125E+01  2.29448E+09  3.39628E+09  4.60196E+09  2.00255E+09  6.91548E+07  2.87812E+10  6.34897E-01
 0.470  1.27125E+01  2.24421E+09  3.49905E+09  4.76171E+09  1.93501E+09  7.63183E+07  2.93262E+10  8.67842E-01
 0.480  1.29750E+01  2.21237E+09  3.56630E+09  4.87764E+09  1.96046E+09  6.08541E+07  3.09222E+10  6.67904E-01
 0.490  1.32000E+01  2.27573E+09  3.63128E+09  4.98535E+09  2.03438E+09  5.63679E+07  3.13374E+10  7.03640E-01
 0.500  1.34625E+01  2.24869E+09  3.69387E+09  5.09241E+09  1.99041E+09  3.59777E+07  3.20673E+10  4.63603E-01
