  39
 0.120  2.11750E+07  1.28538E+07  1.52190E+07  2.01455E+07  4.25554E+06  3.89087E+08  4.58965E-02
 0.130  5.97154E+07  2.34207E+07  2.77896E+07  5.67829E+07  7.33762E+06  6.87886E+08  1.19269E-01
 0.140  5.17115E+07  3.40437E+07  4.02170E+07  4.97318E+07  1.79755E+07  4.01308E+08  1.34803E-01
 0.150  2.84850E+07  5.61588E+07  6.71976E+07  2.62021E+07  1.65754E+07  4.98414E+08  1.32892E-01
 0.160  2.46263E+07  5.22535E+07  6.42420E+07  2.30845E+07  3.18534E+06  4.86525E+08  3.46292E-02
 0.170  8.00367E+07  6.00033E+07  7.40327E+07  7.79951E+07  6.99439E+06  5.08806E+08  1.15058E-01
 0.180  1.95504E+07  7.08418E+07  8.81476E+07  1.86809E+07  8.88802E+06  5.07143E+08  3.64312E-02
 0.190  1.75129E+07  7.15479E+07  9.04670E+07  1.62085E+07  1.47802E+06  4.97583E+08  2.07738E-02
 0.200  4.94741E+07  8.19892E+07  1.04017E+08  4.70400E+07  5.99156E+06  5.49461E+08  8.36277E-02
 0.210  4.36469E+07  8.71311E+07  1.11283E+08  4.16302E+07  5.79995E+06  5.65340E+08  5.34174E-02
 0.220  4.64907E+07  9.02693E+07  1.15936E+08  4.52493E+07  4.77210E+06  5.53451E+08  3.28881E-02
 0.230  1.00404E+07  9.94553E+07  1.27771E+08  9.70686E+06  8.55239E+06  5.20529E+08  7.03790E-02
 0.240  3.73252E+06  9.47096E+07  1.23404E+08  2.73434E+06  2.25341E+05  5.23355E+08  3.24076E-04
 0.250  1.49588E+07  9.48602E+07  1.24569E+08  1.38699E+07  2.95691E+05  5.19614E+08  4.97484E-03
 0.260  1.26073E+07  9.98082E+07  1.31459E+08  1.11107E+07  2.06874E+06  5.43807E+08  3.19231E-02
 0.270  1.83427E+07  1.00282E+08  1.32721E+08  1.68501E+07  1.63384E+06  5.38403E+08  1.79859E-02
 0.280  4.44762E+07  1.45245E+08  1.90997E+08  4.25825E+07  6.23346E+06  7.42175E+08  7.02892E-02
 0.290  7.33215E+06  1.28956E+08  1.66436E+08  6.49813E+06  1.02866E+07  4.33566E+08  3.77996E-02
 0.300  9.18192E+07  1.61501E+08  2.10774E+08  8.96048E+07  6.84068E+06  6.10235E+08  1.07997E-01
 0.310  3.32879E+07  1.85939E+08  2.45265E+08  3.13719E+07  6.85125E+06  6.74335E+08  6.37679E-02
 0.320  5.81635E+07  1.98894E+08  2.62534E+08  5.48788E+07  9.96584E+06  6.94870E+08  1.56936E-01
 0.330  6.88321E+07  2.29287E+08  3.03173E+08  6.63222E+07  1.04892E+07  7.67283E+08  1.20535E-01
 0.340  1.45154E+08  4.54425E+08  5.69092E+08  1.40431E+08  1.61586E+08  9.25246E+08  1.73633E+00
 0.350  1.17318E+08  7.32364E+08  9.12971E+08  1.14430E+08  1.82591E+08  1.02219E+09  1.68657E+00
 0.360  5.70313E+07  8.20404E+08  1.04368E+09  5.33302E+07  7.71031E+07  1.04272E+09  8.55818E-01
 0.370  1.31158E+08  9.62372E+08  1.23026E+09  1.27426E+08  1.20068E+08  1.11015E+09  1.32045E+00
 0.380  1.28987E+08  1.03341E+09  1.33968E+09  1.24979E+08  4.97269E+07  1.14631E+09  6.08432E-01
 0.390  8.93461E+07  1.25664E+09  1.62604E+09  8.62025E+07  1.19708E+08  1.21515E+09  1.14473E+00
 0.400  8.46248E+07  1.36022E+09  1.77500E+09  8.13736E+07  9.25368E+07  1.24799E+09  1.04718E+00
 0.410  8.81690E+07  1.43805E+09  1.89403E+09  8.47109E+07  6.43442E+07  1.26104E+09  7.74492E-01
 0.420  1.88479E+08  1.59218E+09  2.10301E+09  1.83663E+08  8.71036E+07  1.38251E+09  1.30132E+00
 0.430  7.76531E+07  1.67707E+09  2.22924E+09  7.42716E+07  6.25879E+07  1.38799E+09  6.14484E-01
 0.440  5.08879E+07  1.67265E+09  2.24401E+09  4.80575E+07  2.81934E+07  1.34052E+09  3.26203E-01
 0.450  4.15022E+07  1.71322E+09  2.31609E+09  3.93718E+07  2.12672E+07  1.35790E+09  2.35069E-01
 0.460  1.95061E+07  1.68597E+09  2.29547E+09  1.81250E+07  1.34313E+07  1.31284E+09  1.29553E-01
 0.470  3.40752E+07  1.68258E+09  2.30510E+09  3.21707E+07  1.29007E+07  1.30876E+09  1.62236E-01
 0.480  2.67821E+07  1.69890E+09  2.34014E+09  2.52535E+07  8.81913E+06  1.35856E+09  1.00093E-01
 0.490  1.09000E+07  1.66873E+09  2.31088E+09  9.86217E+06  4.14768E+06  1.31184E+09  4.47018E-02
 0.500  1.67700E+07  1.67127E+09  2.32543E+09  1.53792E+07  4.87113E+06  1.30777E+09  5.77507E-02
