  39
 0.120        11314  0.35771E-02  0.24631E-01  0.22893E-01  0.77893E+02 -0.46214E+02  0.33103E+02 -0.99643E-01  0.97152E+00 -0.21498E+00   1.000   0.654
 0.130         3073 -0.24466E-01 -0.76386E-02 -0.34484E-01 -0.13736E+02 -0.36266E+02  0.20745E+02  0.71350E+00  0.62619E+00 -0.31434E+00   1.278   0.707
 0.140        19175  0.22304E-01  0.32442E-01 -0.13835E-01  0.13003E+02 -0.25921E+02 -0.38854E+02  0.50087E+00  0.71043E+00 -0.49439E+00   1.466   0.834
 0.150        31867 -0.14313E-01 -0.53672E-02  0.79230E-02 -0.20932E+02 -0.70117E+01 -0.61282E+01  0.99649E+00  0.83520E-01  0.55848E-02   1.600   0.997
 0.160         3855  0.20790E-01 -0.54531E-03  0.12678E-01 -0.23328E+02  0.19481E+02  0.24082E+02  0.13089E+00  0.82793E+00 -0.54534E+00   1.818   1.553
 0.170        29639 -0.18099E-02  0.10860E-01  0.24036E-01  0.29181E+02 -0.76234E+01 -0.25679E+02  0.99262E+00  0.45061E-01 -0.11257E+00   1.729   0.877
 0.180        44719 -0.13725E-01  0.39870E-02 -0.61339E-03 -0.12009E+02 -0.27795E+01  0.18658E+02  0.91229E+00 -0.40235E+00  0.76392E-01   2.024   0.577
 0.190        31824  0.75260E-02  0.15376E-01 -0.20231E-01  0.82475E+01  0.64321E+01  0.46984E+02  0.71337E+00 -0.67528E+00  0.18732E+00   2.214   1.453
 0.200        46305 -0.14476E-02  0.74934E-02  0.83449E-02 -0.33884E+02  0.29773E+02  0.60591E+02  0.81814E+00 -0.56120E+00 -0.12531E+00   2.309   1.383
 0.210        32410  0.39344E-02  0.30402E-01 -0.21103E-01  0.11745E+02 -0.85928E+01  0.15562E+02  0.86639E+00 -0.43426E+00  0.24655E+00   2.122   1.224
 0.220         7384 -0.28115E-02  0.15557E-01 -0.14433E-01  0.41364E+02 -0.25897E+01 -0.12634E+02  0.70762E+00  0.68730E+00 -0.16402E+00   2.334   0.996
 0.230        18638 -0.30471E-01 -0.68585E-02 -0.15285E-01 -0.75229E+01  0.39740E+01 -0.65751E+02  0.78565E+00  0.35340E+00  0.50781E+00   2.830   1.334
 0.240        45287  0.87919E-02 -0.10837E-01  0.16562E-01  0.10852E+02 -0.31966E+02 -0.22210E+02  0.84683E+00  0.43050E-01  0.53012E+00   3.098   1.234
 0.250        46913  0.27894E-01 -0.21293E-02 -0.53232E-02 -0.60266E+02  0.20551E+02  0.43210E+02  0.58622E+00 -0.34512E+00  0.73297E+00   3.067   0.790
 0.260        31629 -0.80813E-02 -0.24355E-01  0.64208E-02 -0.39009E+02 -0.55159E+02 -0.27341E+02  0.70585E+00 -0.49866E+00  0.50311E+00   3.547   1.123
 0.270        46341  0.23798E-01 -0.66680E-02  0.15405E-01  0.78343E+01  0.65985E+01  0.35273E+02  0.82486E+00 -0.21488E+00  0.52290E+00   4.520   1.205
 0.280        69836 -0.82274E-02  0.14070E-01 -0.12878E-01  0.59670E+02 -0.40678E+02 -0.50607E+02 -0.70072E+00 -0.35600E+00 -0.61827E+00   3.750   1.173
 0.290       130793  0.86455E-02  0.22231E-02  0.21490E-01  0.58510E+01 -0.67962E+01 -0.39025E+02  0.58149E+00  0.32932E+00  0.74393E+00   5.700   3.647
 0.300       131866  0.10731E-01  0.11498E-01  0.10987E-01  0.30771E+02 -0.21711E+02 -0.26377E+02  0.36771E+00  0.38401E+00 -0.84695E+00   1.287   0.968
 0.310       133516 -0.34319E-02  0.11616E-01 -0.98998E-02  0.62578E+01 -0.39967E+02 -0.21519E+02  0.53417E+00  0.75536E+00  0.37961E+00   5.427   3.139
 0.320       156607 -0.12949E-01  0.11177E-01 -0.11586E-01  0.36107E+02 -0.29739E+01 -0.21871E+01  0.59857E+00  0.65586E+00  0.45996E+00   5.846   2.240
 0.330       144605  0.74497E-02  0.39357E-02  0.84336E-03  0.11976E+02 -0.98226E+01  0.26720E+02  0.85860E+00  0.35600E+00  0.36887E+00   5.709   2.795
 0.340       184114 -0.17376E-02 -0.26064E-02 -0.28960E-03  0.62058E+01 -0.35260E+02  0.26593E+02 -0.59081E+00 -0.71766E+00  0.36866E+00   3.829   1.661
 0.350       206521  0.74541E-03  0.17890E-02  0.29816E-03  0.51081E+02  0.25168E+02 -0.54054E+02 -0.96209E+00 -0.16549E+00  0.21677E+00   4.477   2.364
 0.360       193813 -0.15330E-03  0.30661E-03  0.61322E-03  0.47928E+02  0.10672E+03 -0.16146E+03 -0.65797E+00  0.62862E+00  0.41463E+00   4.788   3.482
 0.370       201907  0.12604E-02 -0.63018E-03 -0.94526E-03  0.14779E+03 -0.28181E+02 -0.38689E+02 -0.25661E+00  0.29100E+00  0.92167E+00   5.188   2.640
 0.380       207668  0.12943E-02 -0.64716E-03 -0.25887E-02 -0.45401E+01 -0.12387E+02  0.17830E+02 -0.35316E+00  0.37751E+00  0.85602E+00   4.959   2.983
 0.390       229331 -0.16606E-03  0.99638E-03 -0.29891E-02  0.67402E+02 -0.10585E+02  0.40612E+02  0.76382E-01  0.92795E+00 -0.36480E+00   6.286   2.782
 0.400       268390  0.10218E-02  0.10218E-02  0.17030E-02  0.13400E+03 -0.12011E+03 -0.16769E+03  0.30966E+00  0.79966E+00  0.51444E+00   5.081   2.832
 0.410       241547 -0.29675E-02  0.00000E+00  0.34911E-03 -0.46420E+02  0.13439E+03  0.52252E+02  0.10883E+00  0.87600E+00  0.46987E+00   6.502   4.088
 0.420       175695  0.00000E+00  0.71552E-03  0.35776E-03  0.40648E+02 -0.35739E+02  0.52001E+02 -0.62394E-02  0.99997E+00  0.49139E-02   6.767   2.590
 0.430       175624 -0.10986E-02 -0.36620E-03 -0.36620E-03 -0.12787E+03 -0.95026E+01 -0.10396E+03  0.10381E+00  0.94717E+00  0.30346E+00   6.918   3.210
 0.440       420410  0.37470E-03 -0.41217E-02  0.18735E-02 -0.42522E+02  0.43482E+02  0.95554E+02 -0.18364E+00  0.91626E+00  0.35602E+00   5.942   1.903
 0.450       283516  0.15336E-02 -0.11502E-02 -0.38341E-03 -0.17307E+02 -0.96069E+00 -0.80269E+02 -0.10432E+00  0.92724E+00  0.35964E+00   8.007   2.314
 0.460       182731 -0.39177E-03 -0.11753E-02  0.19589E-02  0.13492E+03  0.13364E+03 -0.84975E+02 -0.46009E-01  0.91383E+00  0.40349E+00   8.449   3.040
 0.470       433144 -0.32018E-02  0.16009E-02 -0.12007E-02  0.56163E+02  0.98998E+02  0.69281E+02 -0.12908E+00  0.92754E+00  0.35072E+00   8.909   2.580
 0.480       206500  0.00000E+00  0.40895E-03  0.40895E-03 -0.29824E+02  0.28937E+02 -0.23799E+02 -0.17830E+00  0.95060E+00  0.25412E+00   9.581   2.279
 0.490       174556 -0.83470E-03  0.83470E-03  0.41735E-03  0.22536E+02 -0.56522E+02 -0.13226E+03 -0.34452E+00  0.90074E+00  0.26454E+00   7.831   2.181
 0.500       273074  0.85156E-03  0.42578E-03  0.17031E-02 -0.48853E+02  0.14258E+03  0.47416E+02 -0.38968E+00  0.86320E+00  0.32099E+00   8.455   3.088
