  39
 0.120  2.95221E-01  3.05247E-02 -2.83274E-01 -2.53725E+01 -8.44512E+00 -4.32135E+01   1.000  2.11750E+07  2.44010E+07  1.28538E+07  0.00000E+00  3.89087E+08  4.58965E-02  1.66388E+02   7.362   7.308
 0.130 -4.65800E-02 -2.37737E-01  4.04790E-02 -1.20318E+01 -4.45894E+01 -3.76129E+01   1.278  9.05508E+07  9.50965E+07  2.88033E+07  9.59362E+06  1.00273E+09  1.48887E-01  2.03461E+02   7.495   7.353
 0.140  1.44713E-02 -3.11697E-01 -2.05952E-01  2.32225E+00 -4.45972E+01 -2.92844E+01   1.466  1.04564E+08  1.27489E+08  5.42268E+07  1.11125E+07  7.46083E+08  2.80018E-01  1.64233E+02   7.545   7.540
 0.150  5.77300E-02 -1.99059E-01  1.06910E-01 -1.18211E+01 -2.62803E+01 -2.44228E+01   1.600  7.49601E+07  9.17721E+07  9.43444E+07  3.25326E+07  1.21058E+09  1.79777E-01  2.07211E+02   7.637   7.582
 0.160  2.14435E-01  8.74692E-02 -4.49843E-02  7.98187E+00 -4.82009E+01 -4.66516E+01   1.818  8.01263E+07  7.96616E+07  9.59115E+07  3.28527E+07  1.32531E+09  8.00793E-02  3.01026E+02   7.481   7.571
 0.170  6.00356E-02 -2.39165E-01  9.62363E-02 -2.14267E+00 -2.24967E+01 -4.24772E+01   1.729  1.46097E+08  1.49603E+08  1.01314E+08  3.26456E+07  1.22878E+09  1.70125E-01  3.62423E+02   7.553   7.579
 0.180 -1.03764E-01 -1.04987E-01 -9.90717E-02  4.43351E+00 -2.53664E+01 -6.22542E+01   2.024  7.86582E+07  9.01436E+07  1.41914E+08  4.81191E+07  1.61762E+09  9.54741E-02  4.09448E+02   7.474   7.588
 0.190 -4.32810E-01 -4.18101E-01 -1.69862E-02  8.10169E+00  8.50580E+00 -2.94853E+01   2.214  1.00341E+08  9.54956E+07  1.55931E+08  6.09964E+07  1.85914E+09  3.02196E-02  5.08954E+02   7.542   7.586
 0.200 -1.73607E-01 -3.27585E-01  1.79538E-01  1.00066E+00 -9.78584E+00 -4.26518E+01   2.309  1.63401E+08  1.62889E+08  1.77688E+08  6.86557E+07  2.07546E+09  1.74769E-01  5.75069E+02   7.602   7.589
 0.210 -1.20335E-01 -2.72763E-01 -1.25924E-01  2.44181E+01 -2.89871E+01 -3.55360E+01   2.122  1.63448E+08  1.68073E+08  1.89332E+08  6.55944E+07  1.94469E+09  1.65761E-01  6.38555E+02   7.547   7.590
 0.220  1.23879E-01 -1.91802E-01 -3.94880E-01  2.05837E+01 -1.39542E+01 -3.82410E+01   2.334  2.07158E+08  2.08913E+08  2.21374E+08  7.63844E+07  2.19527E+09  2.16832E-01  6.85275E+02   7.555   7.587
 0.230  4.48880E-01 -7.19339E-01 -1.84842E-01  2.99453E+01 -2.77200E+01 -3.18633E+01   2.830  1.51738E+08  1.70300E+08  2.86992E+08  9.96064E+07  2.77674E+09  3.77130E-01  6.94655E+02   7.691   7.596
 0.240  1.24909E-01 -1.10183E+00 -1.73286E-02  4.90879E+01 -3.76097E+01 -7.99026E+01   3.098  8.46178E+07  6.93246E+07  2.98917E+08  1.13848E+08  3.14520E+09  1.17047E-02  8.17716E+02   7.391   7.596
 0.250  2.42101E-01 -6.49855E-01 -3.19137E-01  2.48179E+01 -6.06186E+00 -2.78711E+01   3.067  8.34660E+07  6.60532E+07  2.93237E+08  1.13333E+08  3.04095E+09  2.24691E-02  9.44264E+02   7.510   7.596
 0.260  2.20171E-01 -5.61885E-01 -4.54658E-01 -2.31017E-01  1.00378E+01 -1.50255E+01   3.547  1.10132E+08  8.42285E+07  3.27965E+08  1.37860E+08  3.82594E+09  5.32791E-02  1.04637E+03   7.574   7.587
 0.270  4.63213E-01 -7.46956E-01 -8.15156E-01  2.40645E+01  1.18929E+01 -3.52116E+01   4.520  1.50197E+08  9.61463E+07  3.65365E+08  1.65864E+08  5.16721E+09  2.19261E-02  1.17390E+03   7.503   7.576
 0.280 -6.62520E-01  9.31554E-01  2.61959E-01  5.78468E+01 -4.40541E+01 -5.17015E+01   3.750  4.73712E+08  4.54911E+08  5.34833E+08  3.85046E+08  6.67442E+09  2.78230E-01  1.21446E+03   7.614   7.594
 0.290  1.70827E-01 -3.59049E-01  6.92272E-01 -2.34803E+01 -3.37232E+00  1.23962E+01   5.700  2.97465E+08  2.44481E+08  4.21089E+08  2.99199E+08  7.22139E+09  1.14136E-01  1.07875E+03   7.814   7.660
 0.300  1.06883E-01  3.47865E-01 -8.32011E-01  2.23635E+01 -9.32739E+00 -5.60666E+01   1.287  1.28929E+08  1.34776E+08  2.25788E+08  1.53935E+08  9.53596E+08  1.56602E-01  1.13493E+03   7.764   7.724
 0.310  7.53271E-01 -1.17395E+00 -1.57591E-01 -1.57638E+00 -3.88792E+00 -1.87228E+01   5.427  3.88562E+08  3.53358E+08  7.18223E+08  3.92446E+08  8.31965E+09  2.18997E-01  1.35507E+03   7.809   7.672
 0.320  6.60052E-01 -1.71699E-01 -9.04542E-01  6.27304E+00  1.34297E+01 -6.71577E+00   5.846  5.05868E+08  4.32446E+08  7.68768E+08  4.18564E+08  9.35081E+09  2.55620E-01  1.46345E+03   7.807   7.680
 0.330  1.57416E-01 -8.11233E-01 -5.76409E-01 -5.74497E+00  3.65748E+01  1.35195E+01   5.709  8.78701E+08  7.96791E+08  8.38460E+08  4.31978E+08  1.04487E+10  4.51913E-01  1.51223E+03   7.760   7.695
 0.340  1.01807E-01  1.18571E-01  3.42400E-01 -3.69943E+01  2.44724E+01  7.56692E+00   3.829  7.65800E+08  9.55681E+08  1.02429E+09  3.64206E+08  6.75507E+09  2.49396E+00  1.19505E+03   8.049   7.906
 0.350 -5.26327E-02  1.10216E-01  1.10284E-01  9.44799E+00 -1.66130E+01 -1.94890E+01   4.477  4.18934E+08  5.83811E+08  1.39238E+09  3.90587E+08  7.62112E+09  1.86026E+00  1.05467E+03   8.312   8.139
 0.360  1.38169E-01 -4.53536E-01 -2.22633E-01 -1.08288E+01  1.30708E+01  4.70011E+00   4.788  4.87292E+08  5.29207E+08  1.52671E+09  4.12974E+08  8.13084E+09  9.68756E-01  1.12983E+03   8.187   8.210
 0.370  5.85875E-01  2.64118E-01  1.90770E-01 -1.98180E+01  9.60487E+00  2.14907E+00   5.188  6.84428E+08  7.51017E+08  1.71299E+09  4.32046E+08  9.21546E+09  1.54940E+00  1.16905E+03   8.134   8.240
 0.380 -7.19239E-01 -3.75038E-01  3.72211E-02 -6.98784E+00  1.64014E+01  2.34458E+00   4.959  9.19674E+08  9.60856E+08  1.87085E+09  4.37801E+08  8.86703E+09  1.71687E+00  1.21462E+03   8.040   8.263
 0.390 -1.35987E+00  4.28403E-01  3.69138E-01  5.95009E+00  6.58053E+00  2.28872E+01   6.286  6.86548E+08  7.51334E+08  2.19598E+09  5.02642E+08  1.21980E+10  1.47668E+00  1.24882E+03   8.170   8.282
 0.400 -3.13462E-01 -4.60046E-02 -4.03242E-02 -1.31227E+01 -1.70411E+01  9.41649E+00   5.081  7.10312E+08  7.57314E+08  2.29051E+09  4.86672E+08  9.88431E+09  1.37091E+00  1.31053E+03   8.160   8.316
 0.410  3.11599E-02  3.31777E-01 -3.11232E-02 -6.50456E+00 -1.53496E+01 -8.43723E+00   6.502  1.08820E+09  1.08579E+09  2.46224E+09  5.17106E+08  1.26568E+10  1.23703E+00  1.39766E+03   8.082   8.327
 0.420  3.57800E-01 -3.09510E-02 -6.54881E-01 -2.20415E+01 -6.36548E+00 -2.19990E+01   6.767  1.38720E+09  1.41111E+09  2.68853E+09  5.34437E+08  1.38274E+10  2.32994E+00  1.45668E+03   8.079   8.332
 0.430  2.41448E-01  9.37425E-02 -1.62724E-01 -1.07295E+01  1.72534E+01 -2.75500E+01   6.918  1.22914E+09  1.22968E+09  2.89974E+09  5.47309E+08  1.42396E+10  1.04542E+00  1.50362E+03   8.120   8.340
 0.440  4.37602E-01  1.92914E-02 -3.55042E-01  1.94566E+00  8.46787E+00 -1.26639E+01   5.942  1.01082E+09  1.00683E+09  2.98752E+09  5.21174E+08  1.20703E+10  1.13589E+00  1.57148E+03   8.165   8.347
 0.450  1.37294E-01  2.06897E-01  5.69688E-02 -3.89197E+00  1.19716E+01 -7.81606E+00   8.007  1.50013E+09  1.45021E+09  3.20671E+09  6.15974E+08  1.78716E+10  9.60609E-01  1.70606E+03   8.104   8.336
 0.460  3.19677E-01  7.93913E-02  7.00903E-01  2.98370E+00  2.18711E-01 -9.81877E+00   8.449  1.54338E+09  1.47224E+09  3.28131E+09  6.17602E+08  1.83215E+10  5.99366E-01  1.81678E+03   8.109   8.337
 0.470 -3.01465E-02 -9.46701E-02 -1.10711E-01 -8.07714E-01  9.88283E+00 -1.94683E+01   8.909  1.64466E+09  1.55652E+09  3.39847E+09  6.47176E+08  1.93706E+10  8.60930E-01  1.92261E+03   8.100   8.333
 0.480 -7.12500E-01  6.21521E-02 -2.31496E-01  5.46759E+00  6.15264E+00 -4.67946E+00   9.581  1.68619E+09  1.58614E+09  3.46620E+09  6.66444E+08  2.17476E+10  6.09607E-01  2.06788E+03   8.092   8.331
 0.490  1.03684E+00 -1.33418E-01  1.23133E+00  2.64631E+01  1.71744E+01 -1.26491E+01   7.831  1.46592E+09  1.41298E+09  3.43783E+09  6.12115E+08  1.68800E+10  6.79137E-01  2.17407E+03   8.110   8.337
 0.500  1.68036E+00  2.80261E-01  3.58557E-01 -2.47013E+00  1.36952E+01 -3.83213E+01   8.455  1.24886E+09  1.18119E+09  3.50111E+09  6.36406E+08  1.85044E+10  4.24653E-01  2.31569E+03   8.127   8.333
