  39
 0.120   1.000  4.58965E-02  4.17910E-02  4.81990E-02
 0.130   1.278  1.48887E-01  1.71901E-01  1.00713E-01
 0.140   1.466  2.80018E-01  2.43364E-01  3.17194E-01
 0.150   1.600  1.79777E-01  1.55108E-01  2.61351E-01
 0.160   1.818  8.00793E-02  7.72342E-02  7.73644E-02
 0.170   1.729  1.70125E-01  2.03981E-01  1.20513E-01
 0.180   2.024  9.54741E-02  7.94359E-02  2.01810E-01
 0.190   2.214  3.02196E-02  2.82745E-02  2.97158E-02
 0.200   2.309  1.74769E-01  1.98375E-01  1.41151E-01
 0.210   2.122  1.65761E-01  1.70511E-01  1.83803E-01
 0.220   2.334  2.16832E-01  2.42750E-01  2.04291E-01
 0.230   2.830  3.77130E-01  3.82667E-01  3.78028E-01
 0.240   3.098  1.17047E-02  9.32925E-03  2.08487E-02
 0.250   3.067  2.24691E-02  2.58914E-02  2.19872E-02
 0.260   3.547  5.32791E-02  5.11885E-02  4.84291E-02
 0.270   4.520  2.19261E-02  1.95602E-02  2.56140E-02
 0.280   3.750  2.78230E-01  3.20822E-01  2.25665E-01
 0.290   5.700  1.14136E-01  7.22980E-02  3.90913E-01
 0.300   1.287  1.56602E-01  1.99364E-01  1.06410E-01
 0.310   5.427  2.18997E-01  1.91682E-01  3.80376E-01
 0.320   5.846  2.55620E-01  2.89677E-01  2.13232E-01
 0.330   5.709  4.51913E-01  4.89225E-01  4.24538E-01
 0.340   3.829  2.49396E+00  2.34669E+00  2.75641E+00
 0.350   4.477  1.86026E+00  1.70189E+00  2.39360E+00
 0.360   4.788  9.68756E-01  9.22151E-01  1.07714E+00
 0.370   5.188  1.54940E+00  1.51906E+00  1.54944E+00
 0.380   4.959  1.71687E+00  1.84641E+00  1.42737E+00
 0.390   6.286  1.47668E+00  1.43339E+00  1.72378E+00
 0.400   5.081  1.37091E+00  1.30344E+00  1.36793E+00
 0.410   6.502  1.23703E+00  1.23629E+00  1.19342E+00
 0.420   6.767  2.32994E+00  2.62188E+00  1.83453E+00
 0.430   6.918  1.04542E+00  9.54512E-01  1.30962E+00
 0.440   5.942  1.13589E+00  1.07479E+00  1.21373E+00
 0.450   8.007  9.60609E-01  9.42335E-01  9.21550E-01
 0.460   8.449  5.99366E-01  5.39986E-01  7.23527E-01
 0.470   8.909  8.60930E-01  8.29737E-01  8.69898E-01
 0.480   9.581  6.09607E-01  5.30096E-01  6.36252E-01
 0.490   7.831  6.79137E-01  7.65225E-01  5.87580E-01
 0.500   8.455  4.24653E-01  4.79228E-01  3.47392E-01
