  43
 0.140   1.213   0.850  2.92117E+06  3.47957E+06  2.88163E+06  2.39175E+02  0.00000E+00  0.00000E+00  0.00000E+00  2.92117E+06  3.47957E+06  2.88163E+06
 0.150   1.659   1.213  3.25054E+06  3.75279E+06  3.21797E+06  1.93784E+02  7.01252E+05  8.63032E+05  6.91569E+05  2.54929E+06  2.88976E+06  2.52640E+06
 0.160   1.566   1.089  3.00265E+06  3.63039E+06  2.95411E+06  3.31872E+02  7.17362E+05  9.01370E+05  7.02884E+05  2.28529E+06  2.72902E+06  2.25122E+06
 0.170   1.950   1.398  1.57379E+07  1.82920E+07  1.56299E+07  1.75754E+02  3.80926E+06  4.71014E+06  3.76326E+06  1.19286E+07  1.35819E+07  1.18667E+07
 0.180   2.174   0.976  9.38291E+06  1.16521E+07  9.21917E+06  4.21588E+02  2.87126E+06  3.64201E+06  2.80818E+06  6.51165E+06  8.01013E+06  6.41099E+06
 0.190   2.393   1.969  7.75709E+06  9.77502E+06  7.59740E+06  5.24819E+02  2.53259E+06  3.25496E+06  2.45778E+06  5.22450E+06  6.52006E+06  5.13962E+06
 0.200   2.775   1.765  1.17194E+07  1.43656E+07  1.15519E+07  4.19394E+02  3.18953E+06  4.10739E+06  3.11082E+06  8.52992E+06  1.02582E+07  8.44107E+06
 0.210   3.777   2.084  5.34291E+07  6.56933E+07  5.28028E+07  3.87799E+02  2.76824E+07  3.53479E+07  2.72342E+07  2.57467E+07  3.03454E+07  2.55686E+07
 0.220   3.613   2.333  2.17499E+07  2.75706E+07  2.13215E+07  6.17548E+02  7.28413E+06  9.49174E+06  7.07939E+06  1.44658E+07  1.80789E+07  1.42421E+07
 0.230   3.944   2.071  3.65694E+07  4.49255E+07  3.60261E+07  5.00032E+02  9.94019E+06  1.30046E+07  9.64011E+06  2.66292E+07  3.19209E+07  2.63860E+07
 0.240   4.901   3.197  7.47077E+07  9.28127E+07  7.38075E+07  4.53937E+02  2.61562E+07  3.31946E+07  2.56780E+07  4.85515E+07  5.96181E+07  4.81295E+07
 0.250   5.691   2.944  6.63937E+07  8.34082E+07  6.53477E+07  6.02166E+02  2.28821E+07  2.96225E+07  2.23622E+07  4.35116E+07  5.37857E+07  4.29855E+07
 0.260   6.084   3.437  1.65018E+08  1.99943E+08  1.63596E+08  3.72606E+02  4.48535E+07  5.79955E+07  4.40139E+07  1.20165E+08  1.41948E+08  1.19582E+08
 0.270   5.524   3.418  8.86646E+07  1.04955E+08  8.81461E+07  2.71548E+02  6.47017E+06  8.47346E+06  6.28708E+06  8.21944E+07  9.64815E+07  8.18590E+07
 0.280   6.760   3.684  1.79974E+08  2.22945E+08  1.78533E+08  3.99176E+02  4.27478E+07  5.49481E+07  4.20417E+07  1.37226E+08  1.67997E+08  1.36491E+08
 0.290   6.637   3.862  2.53362E+08  3.15618E+08  2.50755E+08  5.12141E+02  7.04532E+07  9.20182E+07  6.90434E+07  1.82908E+08  2.23600E+08  1.81712E+08
 0.300   8.442   4.300  2.23523E+08  2.71085E+08  2.21640E+08  4.32160E+02  4.29124E+07  5.62284E+07  4.20080E+07  1.80610E+08  2.14857E+08  1.79632E+08
 0.310   8.601   4.760  2.58826E+08  3.16253E+08  2.56695E+08  4.48471E+02  4.61226E+07  6.01357E+07  4.52082E+07  2.12703E+08  2.56118E+08  2.11487E+08
 0.320   8.013   3.778  2.54793E+08  3.21018E+08  2.52200E+08  5.86033E+02  4.69789E+07  6.14479E+07  4.60180E+07  2.07814E+08  2.59570E+08  2.06182E+08
 0.330   9.473   3.673  6.04702E+08  7.33569E+08  6.00745E+08  4.02387E+02  8.25052E+07  1.07433E+08  8.10627E+07  5.22197E+08  6.26135E+08  5.19683E+08
 0.340   9.957   3.511  8.90964E+08  1.07360E+09  8.86131E+08  3.58887E+02  1.04204E+08  1.35102E+08  1.02540E+08  7.86760E+08  9.38497E+08  7.83592E+08
 0.350   9.421   4.573  8.28195E+08  1.02158E+09  8.22379E+08  4.66989E+02  1.17673E+08  1.53455E+08  1.15635E+08  7.10522E+08  8.68130E+08  7.06744E+08
 0.360  10.910   3.458  1.27997E+09  1.59219E+09  1.27200E+09  4.53900E+02  2.61933E+08  3.36956E+08  2.59026E+08  1.01804E+09  1.25523E+09  1.01297E+09
 0.370  11.197   3.841  2.30944E+09  2.86784E+09  2.29650E+09  4.38298E+02  5.18909E+08  6.69837E+08  5.14080E+08  1.79053E+09  2.19800E+09  1.78242E+09
 0.380  12.195   4.147  2.98784E+09  3.68678E+09  2.97247E+09  4.21178E+02  4.80162E+08  6.27212E+08  4.74931E+08  2.50767E+09  3.05957E+09  2.49754E+09
 0.390  12.708   5.717  3.60326E+09  4.56085E+09  3.58007E+09  5.39509E+02  7.39773E+08  9.73251E+08  7.31386E+08  2.86349E+09  3.58760E+09  2.84868E+09
 0.400  12.404   5.016  5.05990E+09  6.34798E+09  5.02984E+09  5.16283E+02  9.66191E+08  1.26919E+09  9.55697E+08  4.09371E+09  5.07879E+09  4.07414E+09
 0.410  15.385   7.339  5.30911E+09  6.78252E+09  5.27200E+09  6.18254E+02  9.74647E+08  1.29277E+09  9.62302E+08  4.33446E+09  5.48975E+09  4.30969E+09
 0.420  14.927   4.966  4.92757E+09  6.33164E+09  4.88970E+09  6.86086E+02  8.29620E+08  1.10660E+09  8.17945E+08  4.09795E+09  5.22504E+09  4.07175E+09
 0.430  15.400   5.017  5.68409E+09  7.26799E+09  5.64057E+09  6.98244E+02  8.67470E+08  1.16803E+09  8.53835E+08  4.81662E+09  6.09996E+09  4.78674E+09
 0.440  13.578   5.314  5.34177E+09  6.85726E+09  5.29909E+09  7.34953E+02  5.69041E+08  7.73235E+08  5.58009E+08  4.77273E+09  6.08402E+09  4.74108E+09
 0.450  16.428   4.572  1.08654E+10  1.43965E+10  1.06918E+10  1.27902E+03  1.44661E+09  1.97325E+09  1.40546E+09  9.41879E+09  1.24232E+10  9.28631E+09
 0.460  17.388   6.287  1.52230E+09  1.89827E+09  1.51211E+09  6.03578E+02  4.09666E+08  5.52304E+08  4.02012E+08  1.11263E+09  1.34597E+09  1.11009E+09
 0.470  17.606   9.176  4.59921E+09  6.05954E+09  4.54606E+09  1.06011E+03  1.34610E+09  1.77365E+09  1.32619E+09  3.25311E+09  4.28589E+09  3.21987E+09
 0.480  13.227   3.769  4.92782E+09  6.44603E+09  4.87327E+09  1.02225E+03  1.26796E+09  1.68404E+09  1.24998E+09  3.65986E+09  4.76199E+09  3.62329E+09
 0.490  18.439   3.213  6.21112E+09  8.19415E+09  6.13739E+09  1.12698E+03  1.50383E+09  2.02338E+09  1.48051E+09  4.70729E+09  6.17077E+09  4.65687E+09
 0.500  14.714   2.695  6.84464E+09  9.01299E+09  6.76642E+09  1.12025E+03  1.27129E+09  1.72826E+09  1.24863E+09  5.57335E+09  7.28473E+09  5.51778E+09
 0.510  20.673   3.845  8.80257E+09  1.16900E+10  8.69858E+09  1.20822E+03  1.65481E+09  2.26679E+09  1.62327E+09  7.14776E+09  9.42322E+09  7.07531E+09
 0.520  22.229   4.386  9.90289E+09  1.32719E+10  9.77954E+09  1.30723E+03  2.00912E+09  2.74835E+09  1.97155E+09  7.89376E+09  1.05235E+10  7.80799E+09
 0.530  19.544   2.947  8.91780E+09  1.20341E+10  8.80298E+09  1.38685E+03  1.52904E+09  2.11014E+09  1.49740E+09  7.38876E+09  9.92399E+09  7.30559E+09
 0.540  21.795   3.509  9.71072E+09  1.32081E+10  9.57177E+09  1.55063E+03  1.80784E+09  2.49869E+09  1.76966E+09  7.90288E+09  1.07094E+10  7.80210E+09
 0.550  20.689   3.905  1.00470E+10  1.37484E+10  9.89074E+09  1.69294E+03  1.90115E+09  2.64030E+09  1.85838E+09  8.14590E+09  1.11081E+10  8.03236E+09
 0.560  23.094   3.270  9.94809E+09  1.36841E+10  9.78258E+09  1.81302E+03  1.92857E+09  2.68428E+09  1.88461E+09  8.01952E+09  1.09998E+10  7.89797E+09
