  43
 0.140   1.213   0.850  1.28706E-02  1.30604E-02  1.12086E-02
 0.150   1.659   1.213  2.98766E-02  3.87876E-02  1.79354E-02
 0.160   1.566   1.089  1.35894E-02  1.37118E-02  1.08970E-02
 0.170   1.950   1.398  1.25209E-01  1.49091E-01  9.27737E-02
 0.180   2.174   0.976  5.52679E-03  7.28500E-03  7.69614E-03
 0.190   2.393   1.969  6.84729E-03  8.91296E-03  4.06206E-03
 0.200   2.775   1.765  4.68833E-02  5.97724E-02  3.16499E-02
 0.210   3.777   2.084  1.79411E-01  1.95747E-01  1.60429E-01
 0.220   3.613   2.333  2.95568E-02  3.85959E-02  2.09361E-02
 0.230   3.944   2.071  1.85628E-01  2.26085E-01  1.19218E-01
 0.240   4.901   3.197  7.37767E-02  6.36955E-02  1.18031E-01
 0.250   5.691   2.944  1.85039E-01  2.18780E-01  1.30386E-01
 0.260   6.084   3.437  7.00396E-01  5.82443E-01  8.57937E-01
 0.270   5.524   3.418  6.32378E-01  6.67420E-01  5.37596E-01
 0.280   6.760   3.684  1.62607E-01  1.48938E-01  2.65522E-01
 0.290   6.637   3.862  7.54607E-01  7.83676E-01  6.53964E-01
 0.300   8.442   4.300  1.34784E+00  1.43842E+00  1.08463E+00
 0.310   8.601   4.760  1.36781E+00  1.32120E+00  1.19783E+00
 0.320   8.013   3.778  5.75880E-01  6.61896E-01  4.07081E-01
 0.330   9.473   3.673  2.94172E+00  3.05641E+00  2.73818E+00
 0.340   9.957   3.511  5.37531E+00  5.97046E+00  4.00979E+00
 0.350   9.421   4.573  2.76091E+00  2.75792E+00  2.78076E+00
 0.360  10.910   3.458  2.89256E+00  2.83904E+00  2.89006E+00
 0.370  11.197   3.841  6.61655E+00  6.49450E+00  6.11044E+00
 0.380  12.195   4.147  1.00545E+01  1.01485E+01  9.26354E+00
 0.390  12.708   5.717  5.43318E+00  5.43801E+00  5.15377E+00
 0.400  12.404   5.016  1.32556E+01  1.31183E+01  1.24045E+01
 0.410  15.385   7.339  5.92867E+00  6.07965E+00  5.76225E+00
 0.420  14.927   4.966  5.72306E+00  5.94623E+00  5.33382E+00
 0.430  15.400   5.017  1.01628E+01  1.00983E+01  1.02313E+01
 0.440  13.578   5.314  6.91515E+00  6.95064E+00  6.97535E+00
 0.450  16.428   4.572  1.21971E+01  1.25745E+01  1.07851E+01
 0.460  17.388   6.287  2.57653E+00  2.01095E+00  4.07269E+00
 0.470  17.606   9.176  1.08909E+00  1.15458E+00  1.40689E+00
 0.480  13.227   3.769  5.57675E+00  5.12713E+00  5.71230E+00
 0.490  18.439   3.213  5.21429E+00  5.25412E+00  5.17991E+00
 0.500  14.714   2.695  6.26326E+00  6.05578E+00  6.18477E+00
 0.510  20.673   3.845  4.69023E+00  4.39575E+00  5.30607E+00
 0.520  22.229   4.386  2.76609E+00  2.66739E+00  3.02920E+00
 0.530  19.544   2.947  1.87341E+00  1.82616E+00  1.88378E+00
 0.540  21.795   3.509  2.01648E+00  2.11049E+00  1.88115E+00
 0.550  20.689   3.905  1.96256E+00  1.93535E+00  2.00881E+00
 0.560  23.094   3.270  9.70955E-01  9.05206E-01  1.33139E+00
