  43
 0.140  3.52286E+07  1.37782E+07  1.67047E+07  3.31693E+07  2.15283E+06  4.00061E+08  3.15848E-02
 0.150  1.79132E+07  2.18152E+07  2.67505E+07  1.64524E+07  3.56645E+06  6.54797E+08  3.91317E-02
 0.160  6.62577E+07  2.25083E+07  2.71099E+07  6.36626E+07  6.64097E+06  4.37723E+08  1.06787E-01
 0.170  4.22449E+07  4.54857E+07  5.40833E+07  3.87216E+07  2.08626E+07  4.81204E+08  2.37515E-01
 0.180  7.52887E+06  4.12011E+07  5.11548E+07  6.81628E+06  8.48015E+05  4.63995E+08  3.45909E-03
 0.190  3.07709E+07  4.33078E+07  5.47400E+07  2.98414E+07  3.91956E+05  5.07725E+08  6.70974E-03
 0.200  1.25192E+08  6.36083E+07  7.81993E+07  1.20606E+08  1.67913E+07  5.39235E+08  2.63117E-01
 0.210  1.62212E+07  8.79426E+07  1.09676E+08  1.42534E+07  1.40047E+07  6.08156E+08  6.22911E-02
 0.220  5.60886E+06  7.53764E+07  9.55390E+07  4.27550E+06  2.00088E+06  4.43127E+08  1.05405E-02
 0.230  3.87182E+07  9.38633E+07  1.18996E+08  3.66641E+07  1.02107E+07  5.59105E+08  1.52660E-01
 0.240  1.26926E+07  8.69419E+07  1.11639E+08  1.11035E+07  3.35804E+06  4.73556E+08  2.97521E-02
 0.250  1.85694E+07  9.80056E+07  1.26621E+08  1.67849E+07  4.28113E+06  5.37406E+08  5.28451E-02
 0.260  1.25450E+08  1.40152E+08  1.78045E+08  1.19358E+08  2.45486E+07  6.64025E+08  3.84373E-01
 0.270  7.80459E+07  1.83125E+08  2.31709E+08  7.37181E+07  2.66911E+07  7.02435E+08  3.05670E-01
 0.280  4.07520E+07  2.18226E+08  2.75473E+08  3.69172E+07  4.12983E+07  6.47813E+08  3.73423E-01
 0.290  3.31003E+07  2.43635E+08  3.12047E+08  3.08937E+07  1.58802E+07  7.01022E+08  1.80668E-01
 0.300  1.22611E+08  2.86576E+08  3.68612E+08  1.18417E+08  2.02340E+07  7.60632E+08  3.26808E-01
 0.310  4.77794E+07  3.64309E+08  4.61229E+08  4.41512E+07  8.08240E+07  7.13077E+08  9.03474E-01
 0.320  2.95020E+08  5.08150E+08  6.45553E+08  2.87488E+08  6.76255E+07  8.78855E+08  1.12612E+00
 0.330  6.18085E+07  5.79271E+08  7.35515E+08  5.85576E+07  7.12309E+07  7.72271E+08  5.58694E-01
 0.340  1.04346E+08  6.15082E+08  7.92208E+08  1.00087E+08  3.88651E+07  7.63209E+08  2.85169E-01
 0.350  1.13964E+08  7.69639E+08  9.91033E+08  1.08274E+08  8.16880E+07  8.29803E+08  1.00112E+00
 0.360  3.08970E+07  6.86217E+08  8.83384E+08  2.84242E+07  8.94111E+07  6.93623E+08  1.26932E+00
 0.370  4.77619E+07  8.70695E+08  1.13775E+09  4.38979E+07  3.82372E+07  8.15753E+08  4.01735E-01
 0.380  6.55268E+07  8.27904E+08  1.08784E+09  6.22239E+07  3.52198E+07  7.50572E+08  4.45180E-01
 0.390  5.73391E+07  8.88638E+08  1.17268E+09  5.33183E+07  4.22429E+07  7.42924E+08  3.61869E-01
 0.400  4.85764E+07  9.09306E+08  1.21068E+09  4.49622E+07  2.36669E+07  7.65703E+08  2.68027E-01
 0.410  6.94018E+07  9.20570E+08  1.23194E+09  6.57635E+07  2.90502E+07  7.12412E+08  3.10824E-01
 0.420  9.69464E+07  1.01427E+09  1.36230E+09  9.31840E+07  4.05698E+07  7.71357E+08  4.70357E-01
 0.430  1.13566E+08  1.08273E+09  1.45511E+09  1.09134E+08  4.71592E+07  8.05360E+08  5.50058E-01
 0.440  8.79099E+07  1.13178E+09  1.52783E+09  8.35212E+07  2.57845E+07  8.20575E+08  3.20680E-01
 0.450  1.51036E+09  4.17403E+09  5.06119E+09  1.49380E+09  1.08613E+09  6.07574E+08  1.43537E+01
 0.460  6.30874E+08  6.23527E+09  7.66391E+09  6.24057E+08  1.34170E+09  5.11384E+08  1.19219E+01
 0.470  5.49407E+08  6.52846E+09  8.23431E+09  5.41498E+08  5.20801E+08  5.67336E+08  5.85643E+00
 0.480  5.38186E+08  7.54341E+09  9.57291E+09  5.31064E+08  9.44432E+08  7.07839E+08  9.49399E+00
 0.490  3.80884E+08  8.11534E+09  1.04989E+10  3.72860E+08  4.05899E+08  8.10099E+08  4.52782E+00
 0.500  1.34106E+08  7.23967E+09  9.51600E+09  1.30556E+08  1.64624E+08  6.18549E+08  1.60533E+00
 0.510  9.51262E+07  6.88572E+09  9.17852E+09  9.25209E+07  8.02977E+07  5.79224E+08  7.87543E-01
 0.520  6.62190E+07  6.66070E+09  8.98119E+09  6.39053E+07  5.50656E+07  5.72241E+08  5.61752E-01
 0.530  5.01230E+07  6.47652E+09  8.81700E+09  4.82749E+07  3.81200E+07  5.76231E+08  4.28905E-01
 0.540  4.06777E+07  6.10992E+09  8.38760E+09  3.89360E+07  2.64717E+07  5.53950E+08  2.93613E-01
 0.550  2.84828E+07  5.42955E+09  7.49640E+09  2.69236E+07  1.92383E+07  4.74636E+08  2.07660E-01
 0.560  1.60969E+07  5.50166E+09  7.62601E+09  1.49774E+07  1.37881E+07  4.71643E+08  1.54895E-01
