  43
 0.140   1.213  3.69487E-02  4.22436E-02  2.80366E-02
 0.150   1.659  9.05213E-02  1.02896E-01  7.36129E-02
 0.160   1.566  1.65879E-01  1.84000E-01  1.23787E-01
 0.170   1.950  5.63509E-01  5.98709E-01  4.87813E-01
 0.180   2.174  4.06935E-02  4.42714E-02  4.95911E-02
 0.190   2.393  7.62445E-02  9.54274E-02  4.95000E-02
 0.200   2.775  3.88706E-01  4.34524E-01  3.21241E-01
 0.210   3.777  4.02416E-01  3.58376E-01  5.25723E-01
 0.220   3.613  9.92512E-02  9.94368E-02  1.17846E-01
 0.230   3.944  4.32296E-01  4.64799E-01  3.73900E-01
 0.240   4.901  1.67502E-01  1.55377E-01  2.34470E-01
 0.250   5.691  4.64502E-01  5.35972E-01  3.51751E-01
 0.260   6.084  2.13906E+00  2.08613E+00  2.12220E+00
 0.270   5.524  2.06896E+00  2.09230E+00  2.36732E+00
 0.280   6.760  1.34036E+00  1.21007E+00  1.64282E+00
 0.290   6.637  1.75416E+00  1.82451E+00  1.61057E+00
 0.300   8.442  2.27505E+00  2.37045E+00  2.01893E+00
 0.310   8.601  4.19705E+00  3.83720E+00  4.19503E+00
 0.320   8.013  3.60305E+00  4.10494E+00  2.77923E+00
 0.330   9.473  4.96912E+00  4.73148E+00  5.54996E+00
 0.340   9.957  6.28438E+00  6.88682E+00  5.08961E+00
 0.350   9.421  4.43073E+00  4.29002E+00  4.69205E+00
 0.360  10.910  4.80504E+00  4.54857E+00  4.66067E+00
 0.370  11.197  8.18400E+00  7.80191E+00  8.06732E+00
 0.380  12.195  1.16796E+01  1.17799E+01  1.09189E+01
 0.390  12.708  6.21564E+00  6.18402E+00  6.15504E+00
 0.400  12.404  1.47532E+01  1.45396E+01  1.38274E+01
 0.410  15.385  7.55737E+00  7.80403E+00  7.30314E+00
 0.420  14.927  7.53915E+00  7.73487E+00  7.47492E+00
 0.430  15.400  1.25540E+01  1.24171E+01  1.27859E+01
 0.440  13.578  8.34056E+00  8.46545E+00  8.29037E+00
 0.450  16.428  3.94099E+01  4.14405E+01  3.37766E+01
 0.460  17.388  1.90178E+01  1.50576E+01  2.92359E+01
 0.470  17.606  9.00045E+00  9.51160E+00  9.54237E+00
 0.480  13.227  1.58842E+01  1.46447E+01  1.79868E+01
 0.490  18.439  1.15373E+01  1.14982E+01  1.14049E+01
 0.500  14.714  7.87954E+00  7.39083E+00  8.38428E+00
 0.510  20.673  5.14730E+00  4.78154E+00  5.95557E+00
 0.520  22.229  3.01730E+00  2.90713E+00  3.30149E+00
 0.530  19.544  2.17535E+00  2.12855E+00  2.18272E+00
 0.540  21.795  2.23003E+00  2.32320E+00  2.09843E+00
 0.550  20.689  2.11107E+00  2.08701E+00  2.16524E+00
 0.560  23.094  1.11452E+00  1.05078E+00  1.47364E+00
