  37
 0.140   0.938   0.500  7.26749E-03  9.21850E-03  4.70907E-03
 0.150   1.417   1.061  9.37261E-03  1.04203E-02  7.14650E-03
 0.160   1.648   1.005  1.30552E-01  1.45072E-01  8.56524E-02
 0.170   1.666   1.023  6.90930E-02  8.41785E-02  5.95519E-02
 0.180   1.768   1.236  1.52177E-01  1.73508E-01  1.45041E-01
 0.190   2.334   1.334  2.14315E-01  2.23541E-01  1.94013E-01
 0.200   2.109   1.098  6.12612E-01  6.82121E-01  5.09371E-01
 0.210   2.349   0.789  8.33511E-01  8.79209E-01  7.35270E-01
 0.220   2.196   0.778  6.20834E-01  6.36840E-01  5.62833E-01
 0.230   1.474   0.500  7.10117E-01  8.24410E-01  6.47356E-01
 0.240   1.459   0.500  1.28624E+00  1.36088E+00  1.06792E+00
 0.250   3.291   2.012  4.50170E-01  4.75896E-01  3.18880E-01
 0.260   4.084   1.248  3.12608E-01  3.19755E-01  3.10193E-01
 0.270   4.531   1.656  7.43221E-01  8.24876E-01  5.63256E-01
 0.280   4.383   2.147  7.78439E-01  7.53949E-01  8.24936E-01
 0.290   4.179   1.322  1.21158E+00  1.32881E+00  1.00215E+00
 0.300   4.721   1.904  1.44073E+00  1.26924E+00  1.69635E+00
 0.310   5.263   0.837  8.02849E-01  8.34454E-01  6.94893E-01
 0.320   5.608   0.872  4.08322E-01  4.10504E-01  4.78956E-01
 0.330   5.787   1.177  3.41268E-01  3.40049E-01  4.75629E-01
 0.340   5.949   0.750  6.35194E-01  6.42360E-01  5.91758E-01
 0.350   5.990   0.681  3.89351E-01  3.72947E-01  3.75899E-01
 0.360   6.609   0.638  5.84107E-01  5.77868E-01  5.25367E-01
 0.370   6.546   0.757  3.14450E-01  3.09270E-01  3.20286E-01
 0.380   7.263   0.633  2.17221E-01  2.03292E-01  2.36943E-01
 0.390   8.271   0.707  2.84891E-01  3.04988E-01  2.76178E-01
 0.400   9.172   2.148  2.62407E-01  2.80955E-01  2.37208E-01
 0.410   8.998   2.353  2.81740E+00  2.51433E+00  2.79942E+00
 0.420   8.297   2.194  1.64436E-01  1.58946E-01  1.53032E-01
 0.430   3.306   1.090  1.24302E+00  1.31323E+00  1.20133E+00
 0.440   2.457   1.145  3.64896E+00  3.81635E+00  2.83016E+00
 0.450   3.635   0.500  1.59033E+00  1.49731E+00  1.68914E+00
 0.460   5.852   1.897  6.76694E-01  6.67768E-01  7.48691E-01
 0.470   5.837   1.234  7.14681E-01  7.62249E-01  6.51276E-01
 0.480   5.619   1.442  5.99185E-01  5.97272E-01  5.97594E-01
 0.490   6.378   1.146  7.01300E-01  6.47113E-01  6.84608E-01
 0.500   8.744   0.950  3.91844E-01  4.05501E-01  4.11187E-01
