  37
 0.140 -2.21649E-01 -1.99538E-02 -2.05006E-01  1.56760E+01 -2.53562E+01  1.03584E+01   0.938  2.79534E+07  2.86835E+07  8.34590E+06  0.00000E+00  2.59724E+08  9.95470E-03  2.77545E+02   7.268   7.389
 0.150  1.88233E-01  2.69153E-01 -1.19234E-01 -1.92425E+01  5.28002E+00  5.80981E+00   1.417  4.57967E+07  4.94299E+07  1.54465E+07  1.41040E+06  4.50776E+08  4.38433E-02  2.56133E+02   7.418   7.431
 0.160  2.16207E-01 -8.44875E-02  3.79805E-02  7.48026E+00 -4.79453E-01  3.88431E+00   1.648  1.63315E+08  2.31791E+08  9.88276E+07  5.38021E+06  1.05162E+09  1.27270E+00  9.79571E+01   8.085   7.926
 0.170  7.74099E-02 -7.07633E-02  1.38244E-01 -2.75991E+01  1.90087E+01  3.03406E+00   1.666  1.88737E+08  2.16003E+08  1.49612E+08  2.82113E+07  1.11846E+09  4.16414E-01  1.91125E+02   7.971   8.034
 0.180  1.25817E-01 -1.83562E-01  1.06732E-01  7.33973E+00  1.05067E+00 -3.86170E+00   1.768  3.12316E+08  4.49886E+08  3.51356E+08  6.22929E+07  1.49599E+09  1.86590E+00  1.78737E+02   8.210   8.146
 0.190  6.58045E-02  3.97083E-02 -8.20547E-02  1.26298E+00 -1.34520E+00  8.90440E+00   2.334  3.29177E+08  4.33187E+08  5.09261E+08  8.26984E+07  2.05967E+09  1.25941E+00  2.28736E+02   8.214   8.252
 0.200  6.88572E-02  5.99652E-02 -1.03408E-01 -1.03137E+01 -4.17027E+00  9.24563E-01   2.109  3.75308E+08  4.74621E+08  6.27540E+08  8.80993E+07  1.90245E+09  1.63235E+00  2.83815E+02   8.246   8.315
 0.210  3.52971E-02 -8.08312E-02  5.75032E-02 -1.04057E+01 -3.33071E+00 -6.94011E+00   2.349  3.07596E+08  4.67934E+08  8.69557E+08  1.22434E+08  2.38366E+09  1.77238E+00  3.26080E+02   8.389   8.383
 0.220  1.27256E-02 -1.44462E-03  3.10409E-01  7.80253E+00 -6.77767E+00  9.32271E-01   2.196  3.79823E+08  4.81994E+08  9.84202E+08  1.25184E+08  2.27500E+09  1.62155E+00  3.95372E+02   8.279   8.417
 0.230 -4.52579E-02  2.35830E-02 -5.47244E-02  1.09840E+01 -5.90399E+00 -2.56593E+00   1.474  1.79804E+08  2.75929E+08  9.76840E+08  6.63258E+07  1.33204E+09  1.18385E+00  4.47544E+02   8.436   8.477
 0.240  2.01518E-02  4.27523E-02 -9.11502E-02  7.50957E+00 -5.30204E+00  6.36661E+00   1.459  1.98115E+08  3.31159E+08  1.14910E+09  8.90666E+07  1.46515E+09  1.76223E+00  5.05390E+02   8.473   8.492
 0.250  1.99482E-02 -2.73988E-02  4.42649E-01  1.22708E+01 -3.69952E+01  7.00059E+00   3.291  5.71769E+08  6.41696E+08  1.62227E+09  3.31258E+08  5.08831E+09  1.31331E+00  6.09373E+02   8.203   8.438
 0.260  4.43520E-01  4.24472E-01  4.38360E-01  2.03832E+00 -1.87928E+01  2.08173E+01   4.084  4.61731E+08  4.66229E+08  1.63283E+09  2.67406E+08  5.52337E+09  7.09144E-01  7.04284E+02   8.185   8.470
 0.270 -2.87045E-01 -8.19012E-01 -2.86682E-01 -2.80606E+00 -2.14888E+00 -6.89004E-01   4.531  7.50132E+08  7.42343E+08  1.92691E+09  4.59425E+08  7.08588E+09  1.31688E+00  7.86770E+02   8.097   8.439
 0.280 -2.78020E-01  2.50501E-01 -8.90149E-02  2.58006E+01  1.49896E+01  9.80809E+00   4.383  7.48303E+08  7.90114E+08  1.93721E+09  3.41801E+08  6.15656E+09  1.48353E+00  8.56902E+02   8.185   8.457
 0.290 -4.80681E-01  1.32895E-01 -1.51187E-03  3.72263E+00  1.68707E+01 -1.50953E-02   4.179  8.70819E+08  9.66732E+08  2.19706E+09  4.04035E+08  6.44238E+09  2.13952E+00  9.11461E+02   8.231   8.451
 0.300 -2.27277E-01  1.21575E-02  5.29552E-02  6.24488E+00  4.01684E-01  1.77413E+00   4.721  6.80468E+08  7.73740E+08  2.45497E+09  4.31832E+08  7.56010E+09  1.67740E+00  9.51101E+02   8.346   8.448
 0.310 -3.18657E-01  3.98522E-01 -1.16868E-01 -1.91297E+00  1.82788E+01  1.33427E+00   5.263  8.40079E+08  8.27517E+08  2.55735E+09  4.59244E+08  8.21406E+09  9.31293E-01  1.05723E+03   8.303   8.451
 0.320  3.39220E-02 -1.76503E-01  1.95721E-02 -1.29582E+01  5.32863E+00 -9.69689E+00   5.608  7.33254E+08  7.02842E+08  2.64173E+09  4.83752E+08  8.84059E+09  4.72840E-01  1.17102E+03   8.338   8.452
 0.330 -1.07925E-03  1.37953E-01  1.62078E-01 -2.52289E-01 -1.46986E+01 -2.84951E-01   5.787  7.58034E+08  7.17205E+08  2.71599E+09  4.96626E+08  9.29503E+09  3.65657E-01  1.28755E+03   8.342   8.453
 0.340  1.64783E-01 -3.10141E-01  6.06463E-02 -5.30535E+00 -8.92978E+00 -4.79747E+00   5.949  7.43332E+08  7.15453E+08  2.77358E+09  4.98873E+08  9.33560E+09  6.72789E-01  1.40213E+03   8.359   8.455
 0.350 -2.00412E-01 -2.12079E-01 -1.23003E-01 -8.57977E+00 -7.01574E+00 -5.24402E+00   5.990  7.35126E+08  7.03784E+08  2.81242E+09  5.07450E+08  9.44883E+09  4.12302E-01  1.52837E+03   8.356   8.455
 0.360  3.14827E-01 -2.19106E-01  2.33967E-01  1.02251E+00 -1.15672E+01 -2.98874E+00   6.609  8.71818E+08  8.46589E+08  2.90664E+09  5.48925E+08  1.07530E+10  6.09599E-01  1.64645E+03   8.344   8.450
 0.370  7.56063E-01 -5.56298E-01  4.63856E-01 -9.03717E+00 -1.41105E+01 -6.28512E+00   6.546  7.27041E+08  6.94261E+08  2.91774E+09  5.38103E+08  1.05927E+10  3.42580E-01  1.78081E+03   8.354   8.451
 0.380  1.05673E+00 -6.74158E-02  7.89494E-01 -2.89384E+00 -1.78952E+01 -4.55798E+00   7.263  7.53383E+08  7.09112E+08  2.98319E+09  5.84133E+08  1.18667E+10  2.30461E-01  1.91750E+03   8.348   8.446
 0.390  7.99848E-02  7.37515E-01  1.53893E-01  7.64548E+00 -7.05470E+00  6.58549E+00   8.271  9.88353E+08  9.24803E+08  3.05598E+09  6.26652E+08  1.37552E+10  2.98730E-01  2.04530E+03   8.316   8.441
 0.400 -5.91061E-01  2.62552E+00 -9.73834E-01  3.14160E+01 -2.95303E+01  5.94987E+01   9.172  1.76767E+09  1.56851E+09  3.13393E+09  6.83893E+08  1.85032E+10  2.83831E-01  2.19048E+03   8.148   8.434
 0.410  4.31553E-01 -1.72104E+00  1.05026E+00 -2.28447E+01  2.60490E+01 -3.40733E+00   8.998  1.61730E+09  1.80990E+09  3.67067E+09  7.06689E+08  1.96254E+10  4.48064E+00  2.02076E+03   8.281   8.412
 0.420 -5.05354E-01 -2.03544E-02 -4.44048E-01  1.49355E+01  4.48280E+01  1.13590E+01   8.297  8.43804E+08  8.46086E+08  3.69357E+09  6.36165E+08  1.39904E+10  1.31959E+00  2.06565E+03   8.327   8.436
 0.430  3.39546E-02  4.43618E-01  1.41420E-01 -1.03687E+01  6.89266E+00  6.45191E+00   3.306  6.07832E+08  7.21742E+08  3.09238E+09  3.33206E+08  5.05963E+09  1.78772E+00  2.25066E+03   8.436   8.513
 0.440 -3.89224E-02  3.90752E-02 -1.64101E-02  6.23227E+00  4.48101E+00 -2.94745E+00   2.457  5.83610E+08  1.00740E+09  3.49908E+09  4.11177E+08  4.05266E+09  5.38677E+00  2.05458E+03   8.566   8.538
 0.450  5.86210E-02 -5.40481E-02 -1.17936E-01 -4.14058E+00  4.47388E+00  4.78579E+00   3.635  3.68496E+08  5.24748E+08  4.36930E+09  6.38996E+08  6.64732E+09  1.91693E+00  2.03874E+03   8.677   8.539
 0.460 -1.19054E-01  2.52078E-01  5.86930E-02  1.51427E+00 -9.84249E+00  1.28087E+00   5.852  6.31855E+08  6.41719E+08  5.08826E+09  1.00182E+09  1.18329E+10  8.36445E-01  2.16652E+03   8.495   8.518
 0.470  2.48205E-01 -3.17708E-01  2.42624E-01  3.53652E+00 -1.77130E+01 -2.13836E+01   5.837  8.30997E+08  8.43213E+08  5.14490E+09  9.92945E+08  1.21294E+10  8.62231E-01  2.30264E+03   8.426   8.525
 0.480  1.65573E-01 -4.77147E-03  2.59169E-01  1.22465E+01 -1.06068E+01 -1.87224E+00   5.619  8.04605E+08  8.04637E+08  5.17561E+09  9.56988E+08  1.14887E+10  7.71661E-01  2.41565E+03   8.433   8.532
 0.490  2.92611E-03  3.30824E-01  4.32625E-01  8.34926E+00 -5.33231E+00  1.61216E+01   6.378  8.58837E+08  8.44753E+08  5.41501E+09  1.05628E+09  1.33243E+10  7.93681E-01  2.54391E+03   8.430   8.525
 0.500  2.49815E-02  3.10104E-02  4.41405E-02  9.64883E+00 -1.96054E+00  9.43099E+00   8.744  1.09824E+09  1.05553E+09  5.78554E+09  1.29820E+09  1.93370E+10  4.74994E-01  2.68818E+03   8.401   8.511
