  37
 0.140 -2.21649E-01 -1.99538E-02 -2.05006E-01  1.56760E+01 -2.53562E+01  1.03584E+01 -5.28704E-01 -1.84268E-01  8.28564E-01  2.12002E+01   0.938   0.500  2.74916E+07  2.76848E+07  1.26460E+06  0.00000E+00  2.41101E+07  7.26749E-03  1.99258E+02   7.271   7.425
 0.150  1.88233E-01  2.69153E-01 -1.19234E-01 -1.92425E+01  5.28002E+00  5.80981E+00  1.56487E-01 -2.34254E-01  9.59498E-01  2.32212E+01   1.417   1.061  4.99929E+07  4.82299E+07  1.29248E+06  2.27081E+05  4.15691E+07  9.37261E-03  2.44393E+02   7.415   7.433
 0.160  2.16207E-01 -8.44875E-02  3.79805E-02  7.48026E+00 -4.79453E-01  3.88431E+00 -2.44305E-01 -9.63188E-01 -1.12183E-01  2.63702E+01   1.648   1.005  1.60147E+08  1.56023E+08  1.00106E+07  3.09400E+05  1.04089E+08  1.30552E-01  8.81236E+01   8.088   7.878
 0.170  7.74099E-02 -7.07633E-02  1.38244E-01 -2.75991E+01  1.90087E+01  3.03406E+00 -5.87032E-01 -7.35742E-01  3.37752E-01  9.89309E+00   1.666   1.023  1.86112E+08  1.82268E+08  1.85020E+07  2.34236E+06  1.09493E+08  6.90930E-02  1.61786E+02   7.965   8.123
 0.180  1.25817E-01 -1.83562E-01  1.06732E-01  7.33973E+00  1.05067E+00 -3.86170E+00  3.76024E-01  5.37673E-02  9.25048E-01  2.37212E+01   1.768   1.236  3.27398E+08  3.23287E+08  2.65182E+07  1.12026E+06  8.28057E+07  1.52177E-01  1.49317E+02   8.195   8.240
 0.190  6.58045E-02  3.97083E-02 -8.20547E-02  1.26298E+00 -1.34520E+00  8.90440E+00 -5.11792E-01  4.84924E-01  7.09167E-01  4.42570E+01   2.334   1.334  3.07054E+08  3.04498E+08  4.19092E+07  3.13091E+06  1.02842E+08  2.14315E-01  1.78445E+02   8.228   8.195
 0.200  6.88572E-02  5.99652E-02 -1.03408E-01 -1.03137E+01 -4.17027E+00  9.24563E-01 -4.59576E-01  4.42220E-01  7.70215E-01  2.50587E+01   2.109   1.098  3.38636E+08  3.64914E+08  1.26522E+08  5.58994E+06  9.92671E+07  6.12612E-01  1.82711E+02   8.269   8.460
 0.210  3.52971E-02 -8.08312E-02  5.75032E-02 -1.04057E+01 -3.33071E+00 -6.94011E+00 -4.89874E-01 -7.70240E-01  4.08355E-01  5.95829E+01   2.349   0.789  2.70489E+08  3.22395E+08  1.77404E+08  2.12002E+07  1.85481E+08  8.33511E-01  2.51742E+02   8.400   8.474
 0.220  1.27256E-02 -1.44462E-03  3.10409E-01  7.80253E+00 -6.77767E+00  9.32271E-01 -3.73703E-01 -9.18134E-01  1.31814E-01  5.64309E+01   2.196   0.778  3.32279E+08  3.67339E+08  1.84712E+08  2.54371E+07  2.07347E+08  6.20834E-01  3.06456E+02   8.308   8.326
 0.230 -4.52579E-02  2.35830E-02 -5.47244E-02  1.09840E+01 -5.90399E+00 -2.56593E+00 -2.86851E-01 -9.30965E-01 -2.25878E-01  3.16731E+01   1.474   0.500  1.54382E+08  2.06807E+08  2.01510E+08  1.01784E+07  1.14731E+08  7.10117E-01  3.04798E+02   8.467   8.464
 0.240  2.01518E-02  4.27523E-02 -9.11502E-02  7.50957E+00 -5.30204E+00  6.36661E+00 -2.87148E-01 -8.51108E-01 -4.39502E-01  2.80938E+01   1.459   0.500  1.73448E+08  2.62866E+08  3.75609E+08  1.68338E+07  1.21631E+08  1.28624E+00  3.31920E+02   8.514   8.566
 0.250  1.99482E-02 -2.73988E-02  4.42649E-01  1.22708E+01 -3.69952E+01  7.00059E+00  7.61600E-01  3.17211E-01 -5.65104E-01  1.58155E+02   3.291   2.012  5.59823E+08  5.37549E+08  1.15538E+08  3.25922E+07  5.35660E+08  4.50170E-01  5.47763E+02   8.202   8.303
 0.260  4.43520E-01  4.24472E-01  4.38360E-01  2.03832E+00 -1.87928E+01  2.08173E+01  6.37108E-01 -6.83683E-02 -7.67737E-01  2.00783E+02   4.084   1.248  3.93853E+08  3.82077E+08  2.22555E+08  9.89353E+06  3.35962E+08  3.12608E-01  4.97259E+02   8.196   8.552
 0.270 -2.87045E-01 -8.19012E-01 -2.86682E-01 -2.80606E+00 -2.14888E+00 -6.89004E-01  5.40404E-01  1.32598E-01 -8.30892E-01  1.79667E+02   4.531   1.656  6.46239E+08  6.28611E+08  2.57982E+08  3.13131E+07  5.60934E+08  7.43221E-01  5.26939E+02   8.125   8.416
 0.280 -2.78020E-01  2.50501E-01 -8.90149E-02  2.58006E+01  1.49896E+01  9.80809E+00  3.17467E-01  3.04691E-01 -8.97986E-01  1.39893E+02   4.383   2.147  6.89669E+08  6.89209E+08  2.88022E+08  2.23809E+07  4.33732E+08  7.78439E-01  5.12054E+02   8.200   8.368
 0.290 -4.80681E-01  1.32895E-01 -1.51187E-03  3.72263E+00  1.68707E+01 -1.50953E-02  3.99962E-01  2.86817E-01 -8.70498E-01  1.63191E+02   4.179   1.322  7.57839E+08  8.00061E+08  4.36114E+08  2.42003E+07  3.89669E+08  1.21158E+00  5.72772E+02   8.247   8.466
 0.300 -2.27277E-01  1.21575E-02  5.29552E-02  6.24488E+00  4.01684E-01  1.77413E+00  5.26453E-01  2.89191E-01 -7.99510E-01  2.18259E+02   4.721   1.904  6.03212E+08  6.95285E+08  6.80795E+08  4.87114E+07  5.53285E+08  1.44073E+00  5.46164E+02   8.348   8.439
 0.310 -3.18657E-01  3.98522E-01 -1.16868E-01 -1.91297E+00  1.82788E+01  1.33427E+00  5.64820E-01  1.75732E-01 -8.06286E-01  2.57580E+02   5.263   0.837  6.74497E+08  7.01208E+08  7.50311E+08  3.77738E+07  3.80856E+08  8.02849E-01  6.50796E+02   8.322   8.491
 0.320  3.39220E-02 -1.76503E-01  1.95721E-02 -1.29582E+01  5.32863E+00 -9.69689E+00  5.94311E-01  1.56108E-01 -7.88939E-01  2.77346E+02   5.608   0.872  5.93281E+08  6.06996E+08  8.11783E+08  4.54592E+07  4.17354E+08  4.08322E-01  7.47656E+02   8.341   8.495
 0.330 -1.07925E-03  1.37953E-01  1.62078E-01 -2.52289E-01 -1.46986E+01 -2.84951E-01  6.30989E-01  9.53602E-02 -7.69908E-01  3.11031E+02   5.787   1.177  6.19527E+08  6.22062E+08  9.14771E+08  6.26706E+07  5.31004E+08  3.41268E-01  8.32675E+02   8.344   8.469
 0.340  1.64783E-01 -3.10141E-01  6.06463E-02 -5.30535E+00 -8.92978E+00 -4.79747E+00  6.17216E-01  8.35439E-02 -7.82346E-01  3.17149E+02   5.949   0.750  5.95829E+08  6.15045E+08  8.96279E+08  4.78781E+07  3.84265E+08  6.35194E-01  9.13387E+02   8.366   8.482
 0.350 -2.00412E-01 -2.12079E-01 -1.23003E-01 -8.57977E+00 -7.01574E+00 -5.24402E+00  6.21378E-01  4.82566E-02 -7.82024E-01  3.53195E+02   5.990   0.681  5.99542E+08  6.09880E+08  9.05719E+08  4.80970E+07  3.63813E+08  3.89351E-01  1.01685E+03   8.361   8.484
 0.360  3.14827E-01 -2.19106E-01  2.33967E-01  1.02251E+00 -1.15672E+01 -2.98874E+00  6.24784E-01  4.36575E-02 -7.79576E-01  4.24588E+02   6.609   0.638  7.05878E+08  7.25317E+08  9.25861E+08  5.65511E+07  3.74538E+08  5.84107E-01  1.08586E+03   8.348   8.479
 0.370  7.56063E-01 -5.56298E-01  4.63856E-01 -9.03717E+00 -1.41105E+01 -6.28512E+00  6.20971E-01  1.99341E-02 -7.83580E-01  4.15840E+02   6.546   0.757  5.95109E+08  5.99837E+08  9.64531E+08  5.78332E+07  4.02057E+08  3.14450E-01  1.19084E+03   8.362   8.465
 0.380  1.05673E+00 -6.74158E-02  7.89494E-01 -2.89384E+00 -1.78952E+01 -4.55798E+00  6.09402E-01  1.86057E-02 -7.92643E-01  4.54650E+02   7.263   0.633  6.06553E+08  6.08334E+08  9.47294E+08  6.33768E+07  3.94408E+08  2.17221E-01  1.30947E+03   8.352   8.469
 0.390  7.99848E-02  7.37515E-01  1.53893E-01  7.64548E+00 -7.05470E+00  6.58549E+00  6.21315E-01  2.74455E-02 -7.83080E-01  5.26704E+02   8.271   0.707  7.96594E+08  7.98061E+08  1.02161E+09  8.06599E+07  4.47201E+08  2.84891E-01  1.40822E+03   8.324   8.458
 0.400 -5.91061E-01  2.62552E+00 -9.73834E-01  3.14160E+01 -2.95303E+01  5.94987E+01  7.28715E-01  3.87407E-02 -6.83720E-01  5.09467E+02   9.172   2.148  1.44367E+09  1.38212E+09  1.20875E+09  1.39534E+08  1.11613E+09  2.62407E-01  1.54846E+03   8.195   8.425
 0.410  4.31553E-01 -1.72104E+00  1.05026E+00 -2.28447E+01  2.60490E+01 -3.40733E+00  6.37891E-01 -1.85803E-01 -7.47377E-01  3.60879E+02   8.998   2.353  1.30102E+09  1.41050E+09  1.39202E+09  1.47053E+08  1.45700E+09  2.81740E+00  1.36917E+03   8.286   8.387
 0.420 -5.05354E-01 -2.03544E-02 -4.44048E-01  1.49355E+01  4.48280E+01  1.13590E+01  6.79290E-01 -9.15889E-02 -7.28132E-01  1.70896E+02   8.297   2.194  7.01470E+08  6.51884E+08  1.15751E+09  1.05694E+08  9.81697E+08  1.64436E-01  1.61718E+03   8.350   8.406
 0.430  3.39546E-02  4.43618E-01  1.41420E-01 -1.03687E+01  6.89266E+00  6.45191E+00  8.86490E-01 -5.88808E-02 -4.58987E-01  9.86762E+01   3.306   1.090  5.08929E+08  5.92475E+08  7.67274E+08  3.40421E+07  3.57079E+08  1.24302E+00  1.54865E+03   8.461   8.489
 0.440 -3.89224E-02  3.90752E-02 -1.64101E-02  6.23227E+00  4.48101E+00 -2.94745E+00  8.62996E-01 -1.05141E-01  4.94150E-01  5.46743E+01   2.457   1.145  4.94670E+08  7.27757E+08  5.63411E+08  2.30169E+07  2.83418E+08  3.64896E+00  1.16445E+03   8.606   8.604
 0.450  5.86210E-02 -5.40481E-02 -1.17936E-01 -4.14058E+00  4.47388E+00  4.78579E+00  8.80454E-01  3.14213E-01  3.55064E-01  1.02737E+02   3.635   0.500  2.89535E+08  4.27003E+08  8.30899E+08  2.28312E+07  2.64463E+08  1.59033E+00  9.95353E+02   8.722   8.678
 0.460 -1.19054E-01  2.52078E-01  5.86930E-02  1.51427E+00 -9.84249E+00  1.28087E+00  8.45076E-01  5.30894E-01 -6.32227E-02  2.56520E+02   5.852   1.897  5.57510E+08  5.73169E+08  1.03004E+09  7.23533E+07  8.15503E+08  6.76694E-01  1.33154E+03   8.516   8.619
 0.470  2.48205E-01 -3.17708E-01  2.42624E-01  3.53652E+00 -1.77130E+01 -2.13836E+01  7.65240E-01  5.59135E-01 -3.19023E-01  3.35335E+02   5.837   1.234  7.15157E+08  7.37821E+08  1.07339E+09  8.79883E+07  6.92708E+08  7.14681E-01  1.49398E+03   8.446   8.585
 0.480  1.65573E-01 -4.77147E-03  2.59169E-01  1.22465E+01 -1.06068E+01 -1.87224E+00  7.18371E-01  5.99973E-01 -3.52103E-01  3.49856E+02   5.619   1.442  6.81786E+08  6.93984E+08  1.24719E+09  9.88217E+07  7.29455E+08  5.99185E-01  1.55617E+03   8.451   8.584
 0.490  2.92611E-03  3.30824E-01  4.32625E-01  8.34926E+00 -5.33231E+00  1.61216E+01  6.88247E-01  6.05766E-01 -3.99204E-01  3.82694E+02   6.378   1.146  7.09177E+08  7.27253E+08  1.35524E+09  1.02283E+08  7.27460E+08  7.01300E-01  1.62920E+03   8.449   8.583
 0.500  2.49815E-02  3.10104E-02  4.41405E-02  9.64883E+00 -1.96054E+00  9.43099E+00  6.66005E-01  5.69810E-01 -4.81409E-01  4.99441E+02   8.744   0.950  8.99555E+08  9.01397E+08  1.38888E+09  1.16760E+08  8.10848E+08  3.91844E-01  1.73629E+03   8.417   8.578
