  17
 0.100   1.000  2.99586E+00  3.08558E+00  2.69854E+00
 0.110   1.181  7.92707E+00  8.06940E+00  6.53512E+00
 0.120   1.485  2.23232E+01  2.43676E+01  1.94408E+01
 0.130   1.453  3.06818E+01  3.07456E+01  3.06674E+01
 0.140   1.749  3.08021E+01  3.00227E+01  3.37923E+01
 0.150   2.041  3.30281E+01  3.39368E+01  3.41111E+01
 0.160   2.455  3.70443E+01  3.60594E+01  3.85333E+01
 0.170   2.691  2.93670E+01  2.85254E+01  3.07764E+01
 0.180   2.427  2.84077E+01  2.85760E+01  2.93382E+01
 0.190   2.444  2.26876E+01  2.36678E+01  2.18052E+01
 0.200   2.238  2.56384E+01  2.49205E+01  2.77646E+01
 0.210   2.888  2.21125E+01  2.03962E+01  2.49733E+01
 0.220   3.679  2.36065E+01  2.26558E+01  2.48214E+01
 0.230   2.991  1.70658E+01  1.69573E+01  1.79865E+01
 0.240   2.845  1.54923E+01  1.48729E+01  1.66283E+01
 0.250   2.625  2.06119E+01  2.16854E+01  1.88800E+01
 0.260   3.276  1.79128E+01  1.75181E+01  1.88965E+01
