  16
 0.100   8.750   1.000  1.88152E+10  1.67720E+09  5.07854E+08  5.87359E+08  1.66301E+10  1.56630E+08  3.30109E+08  3.83949E+08  1.34360E+09  1.95973E+09  5.16031E+08  5.96782E+08  1.82092E+10  1.67273E+08  3.40324E+08  3.95897E+08  1.61139E+09
 0.110  11.750   1.322  3.29765E+10  3.17937E+09  8.76611E+08  1.03097E+09  2.89205E+10  3.80962E+08  5.06786E+08  5.96839E+08  1.97162E+09  2.43288E+09  8.52973E+08  1.00316E+09  2.38347E+10  4.35002E+08  5.25383E+08  6.18258E+08  2.27475E+09
 0.120  14.750   1.140  4.96191E+10  4.89691E+09  1.75781E+09  2.04923E+09  4.29644E+10  7.77304E+08  1.13746E+09  1.32049E+09  3.21155E+09  3.40380E+09  1.69019E+09  1.96982E+09  3.17999E+10  6.78857E+08  1.07583E+09  1.24885E+09  2.39596E+09
 0.130  18.500   2.029  8.04373E+10  7.09970E+09  3.87940E+09  4.60989E+09  6.94582E+10  1.00456E+09  1.84167E+09  2.17952E+09  4.88155E+09  3.95199E+09  2.47366E+09  2.93275E+09  3.60508E+10  1.08368E+09  1.87362E+09  2.21736E+09  5.44597E+09
 0.140  23.500   1.459  1.30069E+11  1.12192E+10  6.72526E+09  7.97266E+09  1.12124E+11  1.97549E+09  5.01303E+09  5.93040E+09  9.66433E+09  4.76869E+09  6.08729E+09  7.22590E+09  5.19792E+10  1.58351E+09  4.44260E+09  5.25926E+09  5.53826E+09
 0.150  27.000   1.511  1.59558E+11  1.10560E+10  1.02960E+10  1.22579E+10  1.38206E+11  3.04625E+09  8.05933E+09  9.57108E+09  1.32704E+10  6.32337E+09  9.81498E+09  1.16746E+10  6.47620E+10  2.20674E+09  7.36672E+09  8.74252E+09  6.95784E+09
 0.160  32.500   1.406  2.32161E+11  1.36310E+10  1.77956E+10  2.16065E+10  2.00735E+11  2.39960E+09  1.12798E+10  1.36147E+10  1.73716E+10  4.25270E+09  1.25155E+10  1.51412E+10  5.99841E+10  1.78233E+09  9.50090E+09  1.14668E+10  6.83446E+09
 0.170  36.500   1.000  2.74735E+11  1.54383E+10  2.05755E+10  2.53234E+10  2.38721E+11  2.23178E+09  1.33666E+10  1.63865E+10  2.28974E+10  5.83325E+09  1.98515E+10  2.44221E+10  9.05478E+10  1.39860E+09  1.06649E+10  1.30520E+10  5.21659E+09
 0.180  39.500   1.092  2.89507E+11  1.44682E+10  2.42147E+10  2.99768E+10  2.50824E+11  3.67583E+09  2.11808E+10  2.61460E+10  2.99583E+10  6.14539E+09  2.30879E+10  2.85508E+10  8.19129E+10  1.82756E+09  1.62605E+10  2.00371E+10  6.97306E+09
 0.190  42.750   1.993  3.15360E+11  1.39395E+10  2.74098E+10  3.42264E+10  2.74011E+11  3.92295E+09  2.47081E+10  3.07798E+10  3.58915E+10  5.76132E+09  2.64601E+10  3.30150E+10  8.85863E+10  2.63944E+09  2.20386E+10  2.74222E+10  1.51666E+10
 0.200  50.000   2.305  4.28193E+11  1.99965E+10  3.72695E+10  4.68568E+10  3.70927E+11  2.32585E+09  2.77418E+10  3.48952E+10  4.29938E+10  3.69668E+09  2.90309E+10  3.65568E+10  8.81180E+10  1.55592E+09  2.47948E+10  3.11630E+10  1.76969E+10
 0.210  54.250   1.836  4.79520E+11  2.16487E+10  4.18046E+10  5.27889E+10  4.16067E+11  4.55458E+09  3.12075E+10  3.94852E+10  5.32335E+10  6.99539E+09  3.95900E+10  4.99658E+10  1.16974E+11  3.12003E+09  2.59508E+10  3.28255E+10  1.49074E+10
 0.220  58.000   1.000  5.09030E+11  2.07409E+10  4.58919E+10  5.83838E+10  4.42398E+11  2.73762E+09  4.09401E+10  5.20101E+10  6.11805E+10  3.78144E+09  4.27317E+10  5.43189E+10  1.08011E+11  1.52733E+09  2.81251E+10  3.55914E+10  8.61986E+09
 0.230  60.250   1.322  5.02572E+11  2.02244E+10  4.81659E+10  6.18017E+10  4.34182E+11  3.00749E+09  4.37953E+10  5.61262E+10  6.64771E+10  4.03657E+09  4.53221E+10  5.81132E+10  1.06639E+11  1.54402E+09  3.34377E+10  4.27499E+10  1.27002E+10
 0.240  62.750   2.746  5.02329E+11  2.09704E+10  4.99659E+10  6.46286E+10  4.31393E+11  3.01271E+09  4.56462E+10  5.89831E+10  6.93533E+10  4.32587E+09  4.72170E+10  6.10372E+10  1.07799E+11  1.93401E+09  4.08939E+10  5.27752E+10  2.82232E+10
 0.250  65.250   4.116  5.00104E+11  2.12762E+10  5.12361E+10  6.67483E+10  4.27591E+11  2.58346E+09  4.70196E+10  6.12320E+10  7.30107E+10  4.40679E+09  4.84145E+10  6.30492E+10  1.09865E+11  1.76420E+09  4.47953E+10  5.83152E+10  4.52425E+10
