  16
 0.100  1.67273E+08  3.40324E+08  3.95897E+08  1.62242E+08  1.49638E+08  1.61139E+09  1.77444E+00
 0.110  3.07109E+08  4.81837E+08  5.68093E+08  3.00079E+08  1.82767E+08  1.60357E+09  1.92340E+00
 0.120  6.23655E+08  1.04269E+09  1.21056E+09  6.12072E+08  5.72809E+08  2.05426E+09  7.25033E+00
 0.130  7.06169E+08  1.63204E+09  1.93070E+09  6.97229E+08  6.23756E+08  2.40719E+09  6.21688E+00
 0.140  1.32600E+09  3.93902E+09  4.66590E+09  1.31306E+09  1.47483E+09  3.46479E+09  1.89643E+01
 0.150  1.79805E+09  6.69514E+09  7.94243E+09  1.78371E+09  2.65745E+09  4.33084E+09  3.23659E+01
 0.160  1.55719E+09  8.68286E+09  1.04859E+10  1.54430E+09  2.02688E+09  4.64643E+09  2.14074E+01
 0.170  1.39860E+09  1.06649E+10  1.30520E+10  1.38554E+09  1.77536E+09  5.21659E+09  2.02572E+01
 0.180  1.70863E+09  1.58554E+10  1.95383E+10  1.69349E+09  2.86734E+09  6.32167E+09  3.07803E+01
 0.190  1.61114E+09  1.83806E+10  2.28977E+10  1.59625E+09  2.09610E+09  6.92708E+09  2.26145E+01
 0.200  5.82507E+08  1.88202E+10  2.37521E+10  5.77116E+08  1.14759E+09  6.63219E+09  1.10150E+01
 0.210  2.70294E+09  2.13711E+10  2.70605E+10  2.67791E+09  1.85923E+09  7.38675E+09  2.81086E+01
 0.220  1.52733E+09  2.81251E+10  3.55914E+10  1.51476E+09  3.31891E+09  8.61986E+09  3.13051E+01
 0.230  1.18417E+09  3.06547E+10  3.91710E+10  1.17301E+09  1.91021E+09  9.21787E+09  1.93463E+01
 0.240  6.85661E+08  3.10917E+10  4.01510E+10  6.77585E+08  8.77604E+08  8.83394E+09  9.45323E+00
 0.250  3.76975E+08  3.04970E+10  3.97534E+10  3.72662E+08  5.58740E+08  8.43787E+09  5.68708E+00
