  16
 0.100  1.31250E+00  2.00549E+08  3.60028E+08  4.18889E+08  1.92688E+08  1.58239E+08  2.26485E+09  1.86887E+00
 0.110  1.76250E+00  5.66941E+08  5.63786E+08  6.62724E+08  5.47696E+08  2.26956E+08  3.22518E+09  2.52116E+00
 0.120  2.21250E+00  9.77415E+08  1.24406E+09  1.44491E+09  9.32560E+08  6.72351E+08  5.24411E+09  8.41435E+00
 0.130  2.77500E+00  1.51239E+09  1.98697E+09  2.35049E+09  1.45460E+09  7.42547E+08  7.90961E+09  7.81766E+00
 0.140  3.52500E+00  2.43093E+09  5.29382E+09  6.26594E+09  2.30455E+09  2.09115E+09  1.53264E+10  2.61960E+01
 0.150  4.05000E+00  3.78023E+09  8.44603E+09  1.00368E+10  3.62950E+09  3.13930E+09  2.06007E+10  3.90907E+01
 0.160  4.87500E+00  2.95937E+09  1.17590E+10  1.42032E+10  2.76166E+09  2.83833E+09  2.66137E+10  2.92191E+01
 0.170  5.47500E+00  3.19700E+09  1.42026E+10  1.74260E+10  2.94804E+09  2.09645E+09  4.00598E+10  2.35542E+01
 0.180  5.92500E+00  4.53062E+09  2.23199E+10  2.75777E+10  4.15217E+09  3.62024E+09  4.73816E+10  3.93381E+01
 0.190  6.41250E+00  4.67458E+09  2.56968E+10  3.20378E+10  4.25771E+09  3.03017E+09  5.63069E+10  3.30380E+01
 0.200  7.50000E+00  2.88536E+09  2.85761E+10  3.59693E+10  2.46710E+09  2.46592E+09  6.61588E+10  2.44262E+01
 0.210  8.13750E+00  5.71092E+09  3.34961E+10  4.23822E+10  5.00528E+09  2.96899E+09  8.95348E+10  3.91236E+01
 0.220  8.70000E+00  3.45584E+09  4.23393E+10  5.38123E+10  2.83353E+09  3.51158E+09  9.32993E+10  3.25940E+01
 0.230  9.03750E+00  3.82483E+09  4.50819E+10  5.78002E+10  3.16739E+09  2.38631E+09  9.73700E+10  2.66754E+01
 0.240  9.41250E+00  4.17306E+09  4.70597E+10  6.08314E+10  3.54515E+09  1.66887E+09  1.02089E+11  1.88989E+01
 0.250  9.78750E+00  4.33087E+09  4.83580E+10  6.29753E+10  3.76530E+09  1.34778E+09  1.07678E+11  1.43894E+01
