  16
 0.100   1.000  3.40324E+08  3.95897E+08  3.37403E+08  1.22561E+02  0.00000E+00  0.00000E+00  0.00000E+00  3.40324E+08  3.95897E+08  3.37403E+08
 0.110   1.322  5.25383E+08  6.18258E+08  5.20066E+08  1.54989E+02  3.36314E+07  4.05938E+07  3.31546E+07  4.91752E+08  5.77664E+08  4.86912E+08
 0.120   1.140  1.07583E+09  1.24885E+09  1.06715E+09  1.39003E+02  4.42802E+07  5.40766E+07  4.35306E+07  1.03155E+09  1.19478E+09  1.02362E+09
 0.130   2.029  1.87362E+09  2.21736E+09  1.85688E+09  1.71483E+02  2.16289E+08  2.64430E+08  2.13143E+08  1.65733E+09  1.95293E+09  1.64374E+09
 0.140   1.459  4.44260E+09  5.25926E+09  4.40160E+09  1.90309E+02  1.23772E+09  1.52500E+09  1.21779E+09  3.20488E+09  3.73426E+09  3.18381E+09
 0.150   1.511  7.36672E+09  8.74252E+09  7.30246E+09  1.98228E+02  1.47646E+09  1.83979E+09  1.44867E+09  5.89026E+09  6.90274E+09  5.85379E+09
 0.160   1.406  9.50090E+09  1.14668E+10  9.40675E+09  2.43080E+02  1.55079E+09  1.95298E+09  1.51643E+09  7.95011E+09  9.51378E+09  7.89032E+09
 0.170   1.000  1.06649E+10  1.30520E+10  1.05420E+10  2.99491E+02  1.50038E+09  1.90612E+09  1.46242E+09  9.16448E+09  1.11459E+10  9.07953E+09
 0.180   1.092  1.62605E+10  2.00371E+10  1.60503E+10  3.52140E+02  4.44417E+09  5.63123E+09  4.35081E+09  1.18164E+10  1.44058E+10  1.16995E+10
 0.190   1.993  2.20386E+10  2.74222E+10  2.17202E+10  4.12548E+02  6.38735E+09  8.15473E+09  6.24108E+09  1.56513E+10  1.92675E+10  1.54792E+10
 0.200   2.305  2.47948E+10  3.11630E+10  2.43958E+10  4.80495E+02  6.75725E+09  8.70507E+09  6.58175E+09  1.80375E+10  2.24579E+10  1.78141E+10
 0.210   1.836  2.59508E+10  3.28255E+10  2.54905E+10  5.52648E+02  6.38286E+09  8.28608E+09  6.19698E+09  1.95679E+10  2.45395E+10  1.92935E+10
 0.220   1.000  2.81251E+10  3.55914E+10  2.76223E+10  5.84398E+02  7.43272E+09  9.62486E+09  7.22718E+09  2.06923E+10  2.59666E+10  2.03952E+10
 0.230   1.322  3.34377E+10  4.27499E+10  3.27857E+10  6.66639E+02  9.02879E+09  1.17848E+10  8.75797E+09  2.44089E+10  3.09651E+10  2.40277E+10
 0.240   2.746  4.08939E+10  5.27752E+10  4.00080E+10  7.66501E+02  1.29538E+10  1.69877E+10  1.25484E+10  2.79401E+10  3.57875E+10  2.74596E+10
 0.250   4.116  4.47953E+10  5.83152E+10  4.37148E+10  8.79086E+02  1.53389E+10  2.02383E+10  1.48191E+10  2.94564E+10  3.80768E+10  2.88958E+10
