  16
 0.100   1.000  1.77444E+00  1.88911E+00  1.67012E+00
 0.110   1.322  2.26502E+00  2.36431E+00  2.24168E+00
 0.120   1.140  7.46663E+00  7.72946E+00  6.59520E+00
 0.130   2.029  7.17644E+00  7.07047E+00  7.95709E+00
 0.140   1.459  2.17317E+01  2.28227E+01  1.93190E+01
 0.150   1.511  3.53046E+01  3.63510E+01  3.19444E+01
 0.160   1.406  2.43660E+01  2.38703E+01  2.55173E+01
 0.170   1.000  2.02572E+01  2.00038E+01  2.03923E+01
 0.180   1.092  3.16336E+01  3.01776E+01  3.24973E+01
 0.190   1.993  2.99608E+01  2.90558E+01  3.23583E+01
 0.200   2.305  2.17401E+01  1.99510E+01  2.58741E+01
 0.210   1.836  3.26616E+01  3.52402E+01  2.53750E+01
 0.220   1.000  3.13051E+01  2.86095E+01  3.67924E+01
 0.230   1.322  2.12922E+01  2.06879E+01  2.35500E+01
 0.240   2.746  1.74025E+01  1.69464E+01  1.84190E+01
 0.250   4.116  1.21490E+01  1.17623E+01  1.34662E+01
