  30
 0.100   0.713   0.500  1.10718E-02  1.46686E-02  7.23357E-03
 0.110   0.938   0.629  2.58117E-02  2.82857E-02  2.06548E-02
 0.120   1.232   0.775  1.18511E-01  1.41852E-01  7.95419E-02
 0.130   1.251   0.658  2.15569E-01  1.81621E-01  2.32990E-01
 0.140   1.169   0.500  2.70115E+00  2.90674E+00  1.97161E+00
 0.150   1.120   0.500  4.84275E+00  5.06492E+00  4.20193E+00
 0.160   2.450   0.590  3.87351E+00  4.00564E+00  3.86185E+00
 0.170   2.550   1.328  2.20872E+00  2.05357E+00  2.54611E+00
 0.180   2.987   0.779  2.61941E+00  2.62478E+00  2.50411E+00
 0.190   3.323   1.212  3.50998E+00  3.60117E+00  3.12586E+00
 0.200   3.917   0.922  3.26639E+00  3.25168E+00  3.15640E+00
 0.210   3.733   1.018  4.59389E+00  4.64594E+00  4.30422E+00
 0.220   3.471   0.927  8.53068E+00  7.67804E+00  9.89874E+00
 0.230   3.375   0.739  6.49471E+00  6.47971E+00  5.99382E+00
 0.240   4.539   1.244  3.23854E+00  3.06588E+00  4.23599E+00
 0.250   5.307   1.025  3.28103E+00  3.07836E+00  3.42520E+00
 0.260   5.264   2.743  2.10619E+00  2.14850E+00  2.27822E+00
 0.270   4.773   1.717  5.17942E+00  5.28692E+00  4.51875E+00
 0.280   6.044   1.075  4.82681E+00  4.85269E+00  4.98124E+00
 0.290   5.905   1.208  4.05640E+00  3.91519E+00  4.27534E+00
 0.300   5.930   1.180  4.28614E+00  4.00540E+00  4.44376E+00
 0.310   5.603   1.284  6.23468E+00  6.31705E+00  5.78721E+00
 0.320   6.827   1.779  4.28806E+00  4.12642E+00  4.64086E+00
 0.330   7.377   1.744  3.45755E+00  3.30316E+00  3.99349E+00
 0.340   8.556   1.772  4.32993E+00  4.50123E+00  3.85421E+00
 0.350  10.241   2.489  9.10028E+00  9.56265E+00  8.08735E+00
 0.360   6.571   1.326  3.05241E+00  3.04297E+00  3.23379E+00
 0.370   4.440   1.169  6.36859E+00  6.35812E+00  6.01912E+00
 0.380   4.794   0.941  4.00035E+00  4.22228E+00  3.76513E+00
 0.390   4.123   0.696  5.06672E+00  5.40271E+00  4.37386E+00
