  30
 0.100  1.71528E-01  1.12541E-01  6.52654E-02 -6.39114E+00 -2.29309E+01  1.74155E+01  5.04154E-01 -2.92184E-01 -8.12685E-01  1.20231E+01   0.713   0.500  3.03918E+07  3.06896E+07  1.04912E+06  0.00000E+00  1.42998E+07  1.10718E-02  9.43412E+01   7.380   7.361
 0.110 -4.29937E-02  3.82090E-03 -9.52131E-02  1.32676E+01 -7.93825E+00  5.91265E+00 -9.45658E-01 -1.12920E-02 -3.24966E-01  8.27093E+00   0.938   0.629  3.55559E+07  3.49302E+07  2.27585E+06  6.97251E+04  3.17588E+07  2.58117E-02  8.61335E+01   7.967   7.681
 0.120  2.63385E-03 -5.73501E-03  4.78801E-01 -8.51850E+00 -2.19985E+01  5.24179E+01  8.55592E-01 -2.54964E-01  4.50506E-01  2.51749E+01   1.232   0.775  1.96504E+08  1.97885E+08  1.19633E+07  2.77663E+06  1.01512E+08  1.18511E-01  1.04267E+02   7.706   7.598
 0.130 -4.75873E-03  3.49643E-02  2.55393E-02  1.55879E+01  4.29250E+00  6.41482E-01 -4.63064E-01 -8.74805E-01 -1.42439E-01  1.10862E+01   1.251   0.658  2.11947E+08  2.26906E+08  2.70296E+07  2.72175E+06  6.81734E+07  2.15569E-01  9.45360E+01   8.282   8.113
 0.140  7.72137E-03  3.77168E-02  3.85918E-02  3.26724E+00 -5.19522E+00 -2.58862E+00 -7.97912E-01 -5.86610E-01 -1.38657E-01  2.44406E+01   1.169   0.500  3.84060E+08  5.51944E+08  2.10740E+08  2.52348E+06  8.23900E+07  2.70115E+00  5.75994E+01   8.456   8.389
 0.150  1.86713E-02  1.10849E-03 -4.50186E-02  5.78321E-01 -3.40943E+00  3.25047E+00 -8.66018E-01 -4.32360E-01 -2.51153E-01  2.83955E+01   1.120   0.500  4.98587E+08  8.55374E+08  5.73193E+08  7.74908E+06  1.08911E+08  4.84275E+00  8.45229E+01   8.545   8.482
 0.160  7.28228E-03 -1.01546E-01 -5.48640E-02  1.68493E-01  3.35837E+00  1.08389E+00 -7.03383E-01 -2.44253E-02 -7.10392E-01  9.91758E+01   2.450   0.590  6.85090E+08  1.00839E+09  7.59335E+08  2.06954E+07  2.32621E+08  3.87351E+00  1.24664E+02   8.478   8.560
 0.170 -6.47434E-02 -1.17089E-02  1.73271E-01 -9.55742E+00 -9.65821E+00 -8.05244E+00 -5.49676E-01 -4.62823E-01 -6.95450E-01  9.22693E+01   2.550   1.328  5.42831E+08  7.43679E+08  1.08333E+09  3.47372E+07  3.42114E+08  2.20872E+00  2.04322E+02   8.509   8.625
 0.180  2.76407E-01  6.41111E-02 -1.73340E-01  3.23209E+00  6.93128E-01  4.90857E+00 -3.72763E-01 -6.42403E-01 -6.69601E-01  1.27673E+02   2.987   0.779  6.18644E+08  8.16122E+08  1.05284E+09  2.73264E+07  3.61901E+08  2.61941E+00  2.60947E+02   8.491   8.632
 0.190 -6.86897E-02 -1.68108E-02 -2.15316E-01 -4.86874E-01  4.05371E+00 -1.13032E+01 -4.91596E-01 -8.31182E-01 -2.59751E-01  1.23414E+02   3.323   1.212  6.32637E+08  8.62938E+08  1.48031E+09  4.46099E+08  1.05394E+09  3.50998E+00  3.48062E+02   8.585   8.615
 0.200  1.67290E-01 -1.95418E-01  4.71903E-02 -4.69390E+01  2.93857E+01 -1.81786E+01 -3.90279E-01 -7.67207E-01 -5.08994E-01  2.76940E+02   3.917   0.922  1.05505E+09  1.28651E+09  1.47115E+09  3.52532E+08  1.13118E+09  3.26639E+00  3.77070E+02   8.401   8.614
 0.210  3.75769E-01 -1.54018E-01  5.40769E-02 -4.68279E+01  1.29606E+01  1.33519E+01 -3.79266E-01 -8.67458E-01 -3.21984E-01  3.06193E+02   3.733   1.018  1.54701E+09  1.87955E+09  2.13636E+09  4.73006E+08  1.32988E+09  4.59389E+00  4.09446E+02   8.389   8.590
 0.220  8.28102E-02 -7.23239E-02  5.19001E-01 -1.77260E+01 -6.56214E+00 -1.08512E+01 -2.62751E-03 -9.90894E-01 -1.34619E-01  2.09887E+02   3.471   0.927  9.15172E+08  1.74572E+09  2.90237E+09  4.61378E+08  1.10017E+09  8.53068E+00  3.86566E+02   8.619   8.588
 0.230 -1.32438E-01  1.18824E-02 -3.51976E-02 -1.49088E+01 -6.75448E+00  2.09024E+00  2.49035E-01 -9.32969E-01 -2.59905E-01  2.50416E+02   3.375   0.739  1.16165E+09  1.66190E+09  2.64278E+09  3.68272E+08  9.34474E+08  6.49471E+00  4.19528E+02   8.617   8.622
 0.240  3.43958E-01  4.35211E-01 -5.78803E-01  2.80097E+01  8.23078E+00 -1.21651E+01  2.05198E-01 -8.66573E-01 -4.54913E-01  2.78857E+02   4.539   1.244  1.00283E+09  1.33430E+09  3.12347E+09  4.53653E+08  1.38999E+09  3.23854E+00  4.64894E+02   8.641   8.616
 0.250 -3.30667E-01  4.03788E-01 -8.15037E-01 -3.72793E+00  5.21026E+00 -1.75320E+01  8.56363E-02 -8.48316E-01 -5.22519E-01  3.89215E+02   5.307   1.025  1.28686E+09  1.51672E+09  3.30403E+09  4.57731E+08  1.47313E+09  3.28103E+00  5.65782E+02   8.559   8.638
 0.260 -5.54269E-01  1.00200E-01  1.68985E-02 -2.17741E+01  3.34875E+01 -2.05455E+01 -7.60673E-02 -7.12355E-01 -6.97685E-01  4.25079E+02   5.264   2.743  1.70296E+09  1.79664E+09  3.23791E+09  5.45544E+08  2.01627E+09  2.10619E+00  6.51020E+02   8.485   8.615
 0.270  1.90340E-01  2.31349E-01 -2.24635E-01  1.04581E+01 -1.12054E+01 -7.78753E+00 -8.30794E-02 -4.23941E-01 -9.01871E-01  3.78691E+02   4.773   1.717  2.21650E+09  2.50904E+09  2.51821E+09  3.87505E+08  1.58279E+09  5.17942E+00  7.16881E+02   8.437   8.614
 0.280  5.58224E-01  4.28261E-01 -4.41536E-01 -8.15552E+00  1.07216E+01  9.34138E+00 -1.92762E-01 -3.65204E-01 -9.10752E-01  4.12753E+02   6.044   1.075  1.97514E+09  2.31706E+09  3.18141E+09  3.97448E+08  1.48360E+09  4.82681E+00  7.43299E+02   8.493   8.637
 0.290 -4.62939E-01  6.11378E-01 -1.85455E-01  2.25355E+00  2.55243E+01 -1.51551E+00 -2.75290E-01 -3.36383E-01 -9.00590E-01  5.02139E+02   5.905   1.208  1.70305E+09  1.98683E+09  3.75964E+09  6.10620E+08  1.61139E+09  4.05640E+00  7.50657E+02   8.562   8.608
 0.300 -4.46959E-02  1.13049E-01 -1.55022E-01 -2.39000E+01  1.77266E+01  3.69488E-01 -3.44993E-01 -3.80976E-01 -8.57809E-01  5.56506E+02   5.930   1.180  1.94770E+09  2.25476E+09  4.27275E+09  7.04278E+08  1.66376E+09  4.28614E+00  8.35449E+02   8.526   8.606
 0.310 -3.07740E-01  3.97595E-01 -6.77180E-02  3.37527E+00  2.40998E+01 -5.27273E+00 -4.10758E-01 -3.83955E-01 -8.26956E-01  5.90092E+02   5.603   1.284  1.88719E+09  2.31395E+09  4.65948E+09  7.14883E+08  1.69053E+09  6.23468E+00  8.87922E+02   8.576   8.603
 0.320 -1.80613E-01  3.33573E-01 -2.93402E-01 -4.69979E+00  1.90545E+01  3.02102E+00 -4.77897E-01 -3.31461E-01 -8.13479E-01  6.62838E+02   6.827   1.779  2.36477E+09  2.66183E+09  5.36999E+09  8.58362E+08  2.19286E+09  4.28806E+00  9.33972E+02   8.534   8.597
 0.330  3.27383E-01  1.31899E-01 -5.02473E-01 -1.74684E+01  2.83530E+01  6.48555E-01 -5.00217E-01 -3.03470E-01 -8.10980E-01  6.69522E+02   7.377   1.744  2.21168E+09  2.43715E+09  6.22801E+09  9.92766E+08  2.32288E+09  3.45755E+00  9.98410E+02   8.574   8.605
 0.340  5.29333E-01 -1.01096E-02 -2.81243E-01 -2.50124E+01  2.79882E+01  2.37185E+01 -6.26438E-01 -2.78264E-01 -7.28110E-01  8.16966E+02   8.556   1.772  3.29050E+09  3.49152E+09  5.66036E+09  9.85674E+08  2.53563E+09  4.32993E+00  1.07408E+03   8.463   8.591
 0.350 -1.77756E+00  5.31372E-01  1.07967E+00 -2.18936E+01  4.82390E+01  2.44713E+01 -5.97945E-01 -1.73195E-01 -7.82601E-01  9.76632E+02  10.241   2.489  3.92848E+09  4.34033E+09  6.02263E+09  9.43711E+08  3.27099E+09  9.10028E+00  1.10597E+03   8.442   8.591
 0.360 -3.71019E-02  3.93200E-01 -3.80010E-01 -2.18784E-01  1.11428E+01 -7.99914E+00 -3.44529E-01 -3.68201E-01 -8.63555E-01  6.00129E+02   6.571   1.326  2.14381E+09  2.34595E+09  6.01656E+09  8.94702E+08  1.64697E+09  3.05241E+00  1.28497E+03   8.598   8.646
 0.370  7.88353E-02  4.15014E-01 -2.67030E-01  4.30681E+01 -3.67154E+01  1.52376E+01 -2.41895E-01 -4.95856E-01 -8.34035E-01  3.94429E+02   4.440   1.169  1.50271E+09  1.98357E+09  4.21384E+09  6.28092E+08  1.26561E+09  6.36859E+00  1.40150E+03   8.674   8.661
 0.380  3.60785E-01 -2.19411E-01  7.02114E-02 -1.59529E+01  8.54854E+00  1.32698E+00 -2.70718E-01 -3.79978E-01 -8.84493E-01  4.46357E+02   4.794   0.941  1.37165E+09  1.65076E+09  4.80211E+09  7.99507E+08  1.22371E+09  4.00035E+00  1.39374E+03   8.726   8.674
 0.390  1.71147E-01  2.04835E-01 -1.52755E-01 -8.07179E+00  2.85061E+00  8.12739E-01 -4.58646E-01 -3.52136E-01 -8.15870E-01  4.05030E+02   4.123   0.696  1.34280E+09  1.69693E+09  4.46218E+09  6.41036E+08  9.41292E+08  5.06672E+00  1.41697E+03   8.714   8.701
