  30
 0.100  4.41197E+07  8.50165E+06  1.00161E+07  4.32997E+07  2.13889E+06  2.73774E+08  3.33526E-02
 0.110  3.79564E+07  2.77486E+07  3.20639E+07  3.52514E+07  1.78466E+07  4.67071E+08  2.28888E-01
 0.120  1.44067E+08  6.88933E+07  8.03442E+07  1.40317E+08  3.01846E+07  8.33295E+08  4.37827E-01
 0.130  1.86801E+08  2.21501E+08  2.55394E+08  1.82095E+08  1.61025E+08  8.15670E+08  1.60007E+00
 0.140  3.63921E+08  5.80471E+08  6.72280E+08  3.56201E+08  3.26769E+08  1.06708E+09  4.25897E+00
 0.150  4.86418E+08  1.07803E+09  1.26343E+09  4.80559E+08  4.68859E+08  1.34526E+09  6.18016E+00
 0.160  2.73553E+08  1.45587E+09  1.74640E+09  2.68462E+08  3.78884E+08  1.51503E+09  3.60673E+00
 0.170  2.01718E+08  1.65680E+09  2.02847E+09  1.96830E+08  2.18711E+08  1.49632E+09  2.27262E+00
 0.180  2.16645E+08  1.83470E+09  2.27942E+09  2.11346E+08  1.75181E+08  1.52974E+09  1.79167E+00
 0.190  2.45358E+08  2.58564E+09  3.23339E+09  2.40001E+08  2.71255E+08  1.59800E+09  3.25870E+00
 0.200  1.45033E+08  2.76319E+09  3.49473E+09  1.41478E+08  1.63836E+08  1.71448E+09  1.61519E+00
 0.210  1.44778E+08  2.80382E+09  3.58897E+09  1.40634E+08  8.19172E+07  1.77450E+09  9.31529E-01
 0.220  2.04670E+08  3.16789E+09  4.05277E+09  1.98410E+08  2.80445E+08  1.86754E+09  3.22026E+00
 0.230  2.29225E+08  3.45719E+09  4.43850E+09  2.24311E+08  2.15708E+08  1.86745E+09  2.25773E+00
 0.240  1.44013E+08  3.62347E+09  4.68844E+09  1.39996E+08  1.53392E+08  1.92964E+09  1.48745E+00
 0.250  1.06590E+08  3.78701E+09  4.93676E+09  1.03779E+08  8.51412E+07  1.92299E+09  8.37647E-01
 0.260  8.34324E+07  3.79013E+09  4.98250E+09  8.13143E+07  5.73029E+07  1.95209E+09  5.87835E-01
 0.270  1.23890E+08  3.87734E+09  5.12401E+09  1.20043E+08  7.44984E+07  2.01361E+09  8.63869E-01
 0.280  1.85176E+08  4.24172E+09  5.59583E+09  1.80937E+08  1.92344E+08  2.09525E+09  2.13580E+00
 0.290  9.36061E+07  4.31418E+09  5.72403E+09  9.09083E+07  9.02022E+07  2.07630E+09  9.10435E-01
 0.300  6.70821E+07  4.37371E+09  5.83786E+09  6.54104E+07  4.76840E+07  2.09550E+09  4.77091E-01
 0.310  4.88895E+07  4.20461E+09  5.64409E+09  4.76030E+07  2.62846E+07  2.03747E+09  2.78398E-01
 0.320  4.94754E+07  4.35446E+09  5.86871E+09  4.80999E+07  2.63202E+07  2.14996E+09  2.68348E-01
 0.330  4.56004E+07  4.19330E+09  5.67060E+09  4.42737E+07  2.08303E+07  1.95907E+09  2.19987E-01
 0.340  3.87053E+07  4.35264E+09  5.89970E+09  3.74662E+07  2.05115E+07  2.05293E+09  2.12762E-01
 0.350  3.52828E+07  4.11070E+09  5.58493E+09  3.39967E+07  1.42965E+07  1.84002E+09  1.47380E-01
 0.360  4.60299E+07  4.31280E+09  5.87103E+09  4.44062E+07  1.79540E+07  1.91617E+09  1.93168E-01
 0.370  1.64377E+08  5.15595E+09  6.97321E+09  1.61186E+08  1.57470E+08  1.93072E+09  2.04388E+00
 0.380  1.03047E+08  5.28566E+09  7.15282E+09  1.00824E+08  8.28611E+07  1.89688E+09  8.87874E-01
 0.390  8.09180E+07  5.53044E+09  7.50648E+09  7.80081E+07  5.83189E+07  2.02234E+09  6.45257E-01
