  30
 0.100   0.713  6.98860E+06  8.26748E+06  6.89123E+06  1.76792E+02  0.00000E+00  0.00000E+00  0.00000E+00  6.98860E+06  8.26748E+06  6.89123E+06
 0.110   0.938  2.69620E+07  3.11396E+07  2.67384E+07  1.25140E+02  4.33328E+06  5.25626E+06  4.26017E+06  2.26287E+07  2.58834E+07  2.24783E+07
 0.120   1.232  8.61087E+07  1.00007E+08  8.53509E+07  1.46116E+02  2.61991E+07  3.19882E+07  2.57322E+07  5.99096E+07  6.80192E+07  5.96187E+07
 0.130   1.251  2.46734E+08  2.85020E+08  2.45484E+08  1.09227E+02  3.38764E+07  4.13726E+07  3.33518E+07  2.12858E+08  2.43647E+08  2.12132E+08
 0.140   1.169  6.09340E+08  7.06331E+08  6.06393E+08  1.18006E+02  6.40964E+07  7.88075E+07  6.30963E+07  5.45243E+08  6.27524E+08  5.43297E+08
 0.150   1.120  1.10044E+09  1.29032E+09  1.09453E+09  1.42066E+02  8.42195E+07  1.04651E+08  8.27366E+07  1.01622E+09  1.18566E+09  1.01179E+09
 0.160   2.450  1.70273E+09  2.03843E+09  1.69041E+09  1.96625E+02  1.94789E+08  2.43616E+08  1.91219E+08  1.50794E+09  1.79481E+09  1.49919E+09
 0.170   2.550  2.01438E+09  2.45997E+09  1.99554E+09  2.63359E+02  2.11965E+08  2.67497E+08  2.07517E+08  1.80242E+09  2.19247E+09  1.78802E+09
 0.180   2.987  2.33944E+09  2.89490E+09  2.31217E+09  3.37464E+02  2.56071E+08  3.26000E+08  2.49988E+08  2.08337E+09  2.56890E+09  2.06218E+09
 0.190   3.323  3.72822E+09  4.64710E+09  3.67823E+09  4.00719E+02  1.19415E+09  1.51557E+09  1.17258E+09  2.53407E+09  3.13153E+09  2.50564E+09
 0.200   3.917  4.22947E+09  5.32589E+09  4.16433E+09  4.74541E+02  1.36328E+09  1.74662E+09  1.33476E+09  2.86619E+09  3.57927E+09  2.82957E+09
 0.210   3.733  4.71128E+09  5.96192E+09  4.63196E+09  5.39713E+02  1.43578E+09  1.85347E+09  1.40209E+09  3.27551E+09  4.10844E+09  3.22988E+09
 0.220   3.471  5.74787E+09  7.23510E+09  5.65475E+09  5.45101E+02  1.44574E+09  1.87869E+09  1.40842E+09  4.30214E+09  5.35641E+09  4.24632E+09
 0.230   3.375  6.34204E+09  8.04203E+09  6.23390E+09  6.00940E+02  1.56700E+09  2.04101E+09  1.52519E+09  4.77504E+09  6.00102E+09  4.70871E+09
 0.240   4.539  7.39405E+09  9.46502E+09  7.25915E+09  6.72468E+02  1.92186E+09  2.51454E+09  1.86838E+09  5.47218E+09  6.95047E+09  5.39077E+09
 0.250   5.307  8.05111E+09  1.04028E+10  7.88838E+09  7.71369E+02  2.16425E+09  2.85101E+09  2.09871E+09  5.88686E+09  7.55175E+09  5.78967E+09
 0.260   5.264  8.44637E+09  1.10018E+10  8.26046E+09  8.72965E+02  2.25542E+09  2.98725E+09  2.18219E+09  6.19095E+09  8.01456E+09  6.07827E+09
 0.270   4.773  8.84308E+09  1.15158E+10  8.64138E+09  9.33708E+02  2.08193E+09  2.77434E+09  2.00704E+09  6.76114E+09  8.74149E+09  6.63434E+09
 0.280   6.044  1.01812E+10  1.32730E+10  9.94642E+09  9.78189E+02  2.50882E+09  3.34687E+09  2.41835E+09  7.67242E+09  9.92609E+09  7.52807E+09
 0.290   5.905  1.09125E+10  1.42822E+10  1.06540E+10  1.03878E+03  2.60584E+09  3.47656E+09  2.51033E+09  8.30665E+09  1.08057E+10  8.14370E+09
 0.300   5.930  1.13517E+10  1.49399E+10  1.10670E+10  1.13161E+03  2.59761E+09  3.48388E+09  2.49521E+09  8.75414E+09  1.14560E+10  8.57176E+09
 0.310   5.603  1.18139E+10  1.55848E+10  1.15057E+10  1.20596E+03  2.52430E+09  3.39983E+09  2.41762E+09  9.28956E+09  1.21850E+10  9.08812E+09
 0.320   6.827  1.27450E+10  1.68918E+10  1.23985E+10  1.29180E+03  2.84937E+09  3.84393E+09  2.72721E+09  9.89567E+09  1.30478E+10  9.67125E+09
 0.330   7.377  1.34416E+10  1.78848E+10  1.30586E+10  1.38286E+03  3.02582E+09  4.08455E+09  2.89233E+09  1.04158E+10  1.38002E+10  1.01662E+10
 0.340   8.556  1.41232E+10  1.88430E+10  1.37037E+10  1.46673E+03  3.28602E+09  4.43560E+09  3.13964E+09  1.08372E+10  1.44074E+10  1.05640E+10
 0.350  10.241  1.55081E+10  2.06139E+10  1.50465E+10  1.49891E+03  3.51809E+09  4.76207E+09  3.35539E+09  1.19900E+10  1.58518E+10  1.16911E+10
 0.360   6.571  1.47673E+10  1.97862E+10  1.42998E+10  1.62795E+03  3.24365E+09  4.39011E+09  3.09246E+09  1.15236E+10  1.53961E+10  1.12073E+10
 0.370   4.440  1.47284E+10  1.97629E+10  1.42229E+10  1.77236E+03  4.11246E+09  5.58765E+09  3.92280E+09  1.06160E+10  1.41753E+10  1.03001E+10
 0.380   4.794  1.58970E+10  2.13895E+10  1.53442E+10  1.83683E+03  4.46547E+09  6.07443E+09  4.25712E+09  1.14315E+10  1.53151E+10  1.10871E+10
 0.390   4.123  1.54122E+10  2.07714E+10  1.48546E+10  1.93165E+03  4.03442E+09  5.51082E+09  3.83045E+09  1.13778E+10  1.52606E+10  1.10242E+10
