  30
 0.100   0.713  2.27893E-02  2.96245E-02  1.70410E-02
 0.110   0.938  2.24801E-01  2.24600E-01  1.96615E-01
 0.120   1.232  6.00028E-01  6.63929E-01  4.49823E-01
 0.130   1.251  1.70482E+00  1.55274E+00  1.89388E+00
 0.140   1.169  4.40915E+00  4.47254E+00  3.82033E+00
 0.150   1.120  6.23628E+00  6.38983E+00  5.54626E+00
 0.160   2.450  5.15406E+00  5.22032E+00  5.50289E+00
 0.170   2.550  2.99333E+00  2.78483E+00  3.57880E+00
 0.180   2.987  3.18819E+00  3.13883E+00  3.14752E+00
 0.190   3.323  5.36835E+00  5.22499E+00  5.20066E+00
 0.200   3.917  3.71427E+00  3.67771E+00  3.71013E+00
 0.210   3.733  5.18559E+00  5.28378E+00  4.77661E+00
 0.220   3.471  9.39328E+00  8.46845E+00  1.12409E+01
 0.230   3.375  7.19989E+00  7.11821E+00  6.88244E+00
 0.240   4.539  3.83150E+00  3.60782E+00  4.93585E+00
 0.250   5.307  3.73878E+00  3.42270E+00  4.06474E+00
 0.260   5.264  2.58577E+00  2.60439E+00  2.81561E+00
 0.270   4.773  7.57259E+00  7.35834E+00  7.18329E+00
 0.280   6.044  6.79884E+00  6.56692E+00  7.47942E+00
 0.290   5.905  5.18504E+00  4.98513E+00  5.46027E+00
 0.300   5.930  4.93610E+00  4.63354E+00  5.19336E+00
 0.310   5.603  6.96038E+00  7.07865E+00  6.44545E+00
 0.320   6.827  4.74055E+00  4.53278E+00  5.17021E+00
 0.330   7.377  3.63464E+00  3.45529E+00  4.24376E+00
 0.340   8.556  4.90109E+00  4.94768E+00  4.62643E+00
 0.350  10.241  1.16579E+01  1.17275E+01  1.11019E+01
 0.360   6.571  3.77209E+00  3.72648E+00  4.03738E+00
 0.370   4.440  8.34280E+00  8.17279E+00  8.28366E+00
 0.380   4.794  4.70468E+00  4.91052E+00  4.56392E+00
 0.390   4.123  5.81587E+00  6.07731E+00  5.31353E+00
