  22
 0.100   1.059  7.41534E+07  8.40788E+07  7.38159E+07  7.45453E+01  0.00000E+00  0.00000E+00  0.00000E+00  7.41534E+07  8.40788E+07  7.38159E+07
 0.110   1.245  1.52487E+08  1.77559E+08  1.51526E+08  1.11144E+02  2.76102E+07  3.31022E+07  2.73126E+07  1.24877E+08  1.44456E+08  1.24214E+08
 0.120   1.420  2.08470E+08  2.47310E+08  2.06426E+08  1.73977E+02  4.27977E+07  5.23574E+07  4.21411E+07  1.65672E+08  1.94953E+08  1.64285E+08
 0.130   1.329  5.26348E+08  6.06756E+08  5.23010E+08  1.27814E+02  5.57801E+07  6.88209E+07  5.47929E+07  4.70568E+08  5.37935E+08  4.68217E+08
 0.140   1.917  1.12652E+09  1.31201E+09  1.11965E+09  1.38427E+02  1.14813E+08  1.41807E+08  1.12829E+08  1.01171E+09  1.17020E+09  1.00682E+09
 0.150   1.111  2.80654E+09  3.27192E+09  2.79293E+09  1.29111E+02  2.68777E+08  3.27663E+08  2.65592E+08  2.53777E+09  2.94426E+09  2.52734E+09
 0.160   2.235  4.61282E+09  5.49798E+09  4.58254E+09  1.81691E+02  6.81911E+08  8.43277E+08  6.72972E+08  3.93091E+09  4.65470E+09  3.90957E+09
 0.170   2.448  6.23036E+09  7.53408E+09  6.18054E+09  2.30839E+02  8.25052E+08  1.03447E+09  8.11854E+08  5.40531E+09  6.49961E+09  5.36869E+09
 0.180   2.236  7.36866E+09  9.02983E+09  7.29737E+09  2.89985E+02  8.59445E+08  1.08595E+09  8.43870E+08  6.50922E+09  7.94387E+09  6.45350E+09
 0.190   2.777  9.13587E+09  1.12902E+10  9.03329E+09  3.47894E+02  1.18708E+09  1.51202E+09  1.16353E+09  7.94879E+09  9.77814E+09  7.86976E+09
 0.200   4.148  1.16190E+10  1.44660E+10  1.14759E+10  3.98037E+02  1.70099E+09  2.17908E+09  1.66490E+09  9.91803E+09  1.22869E+10  9.81096E+09
 0.210   3.977  1.34918E+10  1.69588E+10  1.33062E+10  4.64660E+02  2.25087E+09  2.89602E+09  2.20287E+09  1.12409E+10  1.40628E+10  1.11033E+10
 0.220   3.779  1.54873E+10  1.94932E+10  1.52629E+10  5.10732E+02  2.33571E+09  3.02527E+09  2.28068E+09  1.31516E+10  1.64679E+10  1.29822E+10
 0.230   1.913  1.50676E+10  1.89887E+10  1.48371E+10  5.62258E+02  1.42861E+09  1.86922E+09  1.38836E+09  1.36390E+10  1.71194E+10  1.34487E+10
 0.240   1.385  2.05645E+10  2.55156E+10  2.02955E+10  5.09288E+02  1.46925E+09  1.92537E+09  1.42615E+09  1.90952E+10  2.35902E+10  1.88693E+10
 0.250   1.364  2.85812E+10  3.56542E+10  2.82379E+10  5.00411E+02  3.11776E+09  4.01794E+09  3.05096E+09  2.54634E+10  3.16362E+10  2.51869E+10
 0.260   1.219  3.07661E+10  3.88537E+10  3.03716E+10  5.62111E+02  3.01589E+09  3.92284E+09  2.94675E+09  2.77503E+10  3.49308E+10  2.74249E+10
 0.270   1.000  3.17599E+10  4.04820E+10  3.13258E+10  6.25483E+02  2.60714E+09  3.42242E+09  2.54076E+09  2.91528E+10  3.70595E+10  2.87850E+10
 0.280   8.980  5.54897E+10  7.17838E+10  5.45942E+10  7.53997E+02  1.77797E+10  2.32737E+10  1.74261E+10  3.77100E+10  4.85100E+10  3.71681E+10
 0.290  11.377  6.02455E+10  7.85211E+10  5.91764E+10  8.50876E+02  1.95518E+10  2.58346E+10  1.91146E+10  4.06937E+10  5.26865E+10  4.00618E+10
 0.300   9.924  5.92507E+10  7.78138E+10  5.81060E+10  9.52298E+02  1.73484E+10  2.30767E+10  1.69246E+10  4.19023E+10  5.47371E+10  4.11814E+10
 0.310   7.704  8.05735E+10  1.04878E+11  7.91813E+10  8.90404E+02  3.24822E+10  4.24733E+10  3.19039E+10  4.80914E+10  6.24045E+10  4.72775E+10
