  25
 0.120       393794         6026       180093
 0.130       553119         6815       258219
 0.140      1019757        16400       484554
 0.150      1715360        24597       804244
 0.160      2042822        39428       975161
 0.170      2332097        49829      1098325
 0.180      2965030        64230      1399940
 0.190      3683997       130675      1747577
 0.200      4242556       181049      2045174
 0.210      5175459       243774      2566190
 0.220      5976648       267717      2974941
 0.230      9322112       407817      4615076
 0.240     11408601       528852      5645298
 0.250     13833420       999038      6887650
 0.260     15901186      1125786      7955561
 0.270     18740120      1370168      9184265
 0.280     21144124      1575534     10302076
 0.290     27990743      2098113     13689565
 0.300     30849705      2360483     15027234
 0.310     31958195      2607985     15677415
 0.320     33264884      2896807     16336138
 0.330     34612473      3295034     17185660
 0.340     37329237      3677053     18096177
 0.350     38789661      3999030     19123367
 0.360     42985138      4626893     20947227
