  20
 0.110   1.135   0.865  2.59486E+06  2.87534E+06  2.57849E+06  9.05196E+01  0.00000E+00  0.00000E+00  0.00000E+00  2.59486E+06  2.87534E+06  2.57849E+06
 0.120   1.614   1.143  9.72768E+06  1.07899E+07  9.69624E+06  6.45428E+01  8.03426E+05  9.57844E+05  7.97271E+05  8.92425E+06  9.83206E+06  8.89897E+06
 0.130   2.243   1.551  3.58126E+07  4.16353E+07  3.56597E+07  1.01849E+02  3.79714E+06  4.57826E+06  3.76015E+06  3.20154E+07  3.70571E+07  3.18995E+07
 0.140   2.718   1.916  5.82023E+07  6.74032E+07  5.78932E+07  1.26241E+02  8.33833E+06  1.02570E+07  8.22895E+06  4.98640E+07  5.71462E+07  4.96642E+07
 0.150   3.274   1.858  4.17711E+08  4.90692E+08  4.15349E+08  1.45948E+02  1.90256E+08  2.31594E+08  1.88397E+08  2.27456E+08  2.59098E+08  2.26952E+08
 0.160   3.161   2.391  1.19410E+08  1.42862E+08  1.18358E+08  2.24139E+02  3.37608E+07  4.20939E+07  3.32539E+07  8.56490E+07  1.00768E+08  8.51036E+07
 0.170   2.791   1.293  3.02551E+08  3.52407E+08  3.00697E+08  1.74742E+02  5.84440E+07  7.33998E+07  5.75387E+07  2.44107E+08  2.79008E+08  2.43158E+08
 0.180   3.643   1.261  5.66205E+08  6.59773E+08  5.62905E+08  1.77555E+02  8.56437E+07  1.08587E+08  8.41053E+07  4.80562E+08  5.51186E+08  4.78800E+08
 0.190   4.324   1.294  8.12169E+08  9.76970E+08  8.05998E+08  2.46477E+02  1.34871E+08  1.71913E+08  1.32260E+08  6.77298E+08  8.05057E+08  6.73738E+08
 0.200   4.903   1.645  9.94318E+08  1.18990E+09  9.86631E+08  2.60814E+02  1.83877E+08  2.34303E+08  1.80385E+08  8.10441E+08  9.55598E+08  8.06246E+08
 0.210   1.601   0.416  1.30613E+09  1.52642E+09  1.30157E+09  1.49279E+02  2.88571E+07  3.71191E+07  2.81652E+07  1.27727E+09  1.48930E+09  1.27341E+09
 0.220   4.699   1.652  7.59275E+08  9.49775E+08  7.49071E+08  4.74664E+02  2.28510E+08  2.92358E+08  2.24028E+08  5.30764E+08  6.57417E+08  5.25043E+08
 0.230   5.038   1.432  1.47160E+09  1.77160E+09  1.45825E+09  3.45746E+02  2.62336E+08  3.38567E+08  2.56693E+08  1.20926E+09  1.43304E+09  1.20155E+09
 0.240   6.137   1.510  1.99960E+09  2.45478E+09  1.98128E+09  3.74505E+02  3.29696E+08  4.26657E+08  3.22496E+08  1.66990E+09  2.02813E+09  1.65878E+09
 0.250   4.879   1.199  2.58981E+09  3.19486E+09  2.56652E+09  3.95408E+02  2.81600E+08  3.66566E+08  2.74684E+08  2.30821E+09  2.82829E+09  2.29184E+09
 0.260   5.677   1.194  3.91416E+09  4.81948E+09  3.88216E+09  3.80055E+02  3.64424E+08  4.72787E+08  3.56013E+08  3.54973E+09  4.34669E+09  3.52615E+09
 0.270   5.778   1.510  4.39276E+09  5.49852E+09  4.35087E+09  4.55414E+02  4.66791E+08  6.06774E+08  4.56160E+08  3.92597E+09  4.89175E+09  3.89471E+09
 0.280   7.420   2.064  4.97940E+09  6.32495E+09  4.92123E+09  5.61646E+02  6.61283E+08  8.64964E+08  6.46021E+08  4.31812E+09  5.45998E+09  4.27521E+09
 0.290   7.842   1.920  5.13567E+09  6.54875E+09  5.06925E+09  6.29906E+02  6.16766E+08  8.13604E+08  6.00626E+08  4.51890E+09  5.73515E+09  4.46863E+09
 0.300   7.728   1.751  5.87377E+09  7.51305E+09  5.79249E+09  6.81998E+02  6.71582E+08  8.87849E+08  6.53443E+08  5.20218E+09  6.62520E+09  5.13905E+09
