  20
 0.110   9.500   1.135  1.73827E+10  1.64927E+09  7.72096E+07  8.89042E+07  1.56562E+10  1.00923E+08  1.89997E+07  2.20286E+07  6.75083E+08  1.77198E+09  7.77059E+07  8.94889E+07  1.62703E+10  1.33831E+08  2.26295E+07  2.62291E+07  9.42289E+08
 0.120  12.250   1.614  2.89987E+10  2.94165E+09  2.72110E+08  3.11937E+08  2.57849E+10  1.73951E+08  7.87302E+07  9.06797E+07  1.40845E+09  2.36181E+09  2.71749E+08  3.11508E+08  2.39282E+10  3.15054E+08  1.26614E+08  1.45064E+08  2.21081E+09
 0.130  18.500   2.243  7.96097E+10  8.19187E+09  8.34339E+08  9.79973E+08  7.05835E+10  2.08175E+08  2.01566E+08  2.35556E+08  2.23359E+09  3.41112E+09  5.94242E+08  6.97374E+08  3.39559E+10  2.80727E+08  2.43789E+08  2.85018E+08  3.00769E+09
 0.140  22.000   2.718  1.09883E+11  1.10270E+10  1.66462E+09  1.94493E+09  9.71916E+10  4.32122E+08  3.75282E+08  4.45588E+08  3.81921E+09  6.77168E+09  1.44674E+09  1.68729E+09  5.36019E+10  6.79719E+08  4.60312E+08  5.45056E+08  5.50184E+09
 0.150  24.750   3.274  1.25015E+11  1.10894E+10  2.64968E+09  3.14928E+09  1.11276E+11  4.79895E+08  9.24040E+08  1.10447E+09  6.16005E+09  5.37927E+09  2.33053E+09  2.76084E+09  4.39926E+10  9.44561E+08  1.31366E+09  1.56224E+09  9.71762E+09
 0.160  26.500   3.161  1.27603E+11  1.12724E+10  3.07838E+09  3.74441E+09  1.13252E+11  4.48500E+08  1.21140E+09  1.46527E+09  5.98579E+09  3.80209E+09  2.72871E+09  3.31420E+09  4.10745E+10  7.14825E+08  1.42829E+09  1.72893E+09  8.16060E+09
 0.170  30.250   2.791  1.57474E+11  1.49970E+10  3.91682E+09  4.79893E+09  1.38560E+11  1.80993E+09  2.06749E+09  2.50110E+09  9.20382E+09  5.19747E+09  3.34356E+09  4.08217E+09  4.56871E+10  1.67808E+09  1.94114E+09  2.34608E+09  8.13034E+09
 0.180  34.500   3.643  1.94195E+11  1.86161E+10  6.11147E+09  7.38212E+09  1.69467E+11  2.62027E+09  4.19439E+09  5.03120E+09  1.79676E+10  6.57297E+09  5.69364E+09  6.85909E+09  6.38923E+10  2.85202E+09  4.30802E+09  5.16758E+09  1.93206E+10
 0.190  39.750   4.324  2.55164E+11  2.38585E+10  8.80606E+09  1.07357E+10  2.22500E+11  1.76386E+09  6.26643E+09  7.58749E+09  1.71743E+10  5.61750E+09  7.64567E+09  9.27915E+09  5.54905E+10  2.00634E+09  6.43932E+09  7.79936E+09  1.92287E+10
 0.200  44.500   4.903  3.03944E+11  2.54119E+10  1.21250E+10  1.47792E+10  2.66407E+11  3.80958E+09  9.14167E+09  1.11155E+10  2.59179E+10  8.15619E+09  1.08311E+10  1.31771E+10  6.70421E+10  4.32902E+09  9.43544E+09  1.14716E+10  2.95535E+10
 0.210  48.250   1.601  3.33598E+11  2.40780E+10  1.41931E+10  1.75982E+10  2.95327E+11  1.69422E+09  1.08392E+10  1.33999E+10  2.48183E+10  4.91020E+09  1.26014E+10  1.55941E+10  5.79038E+10  9.16587E+08  6.60069E+09  8.08755E+09  5.12506E+09
 0.220  51.750   4.699  3.55692E+11  2.39647E+10  1.58402E+10  1.98480E+10  3.15887E+11  2.97483E+09  1.23520E+10  1.54706E+10  3.00433E+10  6.09209E+09  1.42468E+10  1.78250E+10  6.37427E+10  2.63503E+09  1.20307E+10  1.50670E+10  2.64895E+10
 0.230  54.500   5.038  3.65900E+11  2.18383E+10  1.80235E+10  2.27079E+10  3.26038E+11  3.56729E+09  1.48484E+10  1.86548E+10  3.37704E+10  6.18086E+09  1.65125E+10  2.07592E+10  6.49363E+10  3.33041E+09  1.45754E+10  1.83104E+10  3.07799E+10
 0.240  57.500   6.137  3.78662E+11  2.06214E+10  1.94763E+10  2.48261E+10  3.38564E+11  2.21752E+09  1.60043E+10  2.03761E+10  3.48309E+10  5.04421E+09  1.77052E+10  2.25431E+10  6.29905E+10  2.44826E+09  1.62512E+10  2.06911E+10  3.74747E+10
 0.250  60.250   4.879  3.87648E+11  2.02068E+10  2.03057E+10  2.61323E+10  3.47135E+11  3.29850E+09  1.69784E+10  2.18270E+10  3.77562E+10  5.57266E+09  1.85767E+10  2.38824E+10  6.45498E+10  2.76794E+09  1.60448E+10  2.06266E+10  2.94158E+10
 0.260  62.750   5.677  3.93797E+11  1.94278E+10  2.16011E+10  2.79456E+10  3.52768E+11  2.98612E+09  1.83159E+10  2.36551E+10  3.99377E+10  4.43404E+09  1.99251E+10  2.57416E+10  6.54519E+10  2.63424E+09  1.78331E+10  2.30323E+10  3.55729E+10
 0.270  65.500   5.778  4.01346E+11  1.91045E+10  2.22265E+10  2.89946E+10  3.60015E+11  2.73573E+09  1.90366E+10  2.47926E+10  4.13048E+10  3.91039E+09  2.04705E+10  2.66729E+10  6.45789E+10  2.31320E+09  1.84179E+10  2.39867E+10  3.57317E+10
 0.280  68.750   7.420  4.17608E+11  1.96447E+10  2.26702E+10  2.97826E+10  3.75294E+11  2.83507E+09  1.96406E+10  2.57735E+10  4.47215E+10  4.40903E+09  2.09028E+10  2.74369E+10  6.64603E+10  3.13453E+09  1.99504E+10  2.61800E+10  4.86710E+10
 0.290  72.750   7.842  4.44013E+11  2.09527E+10  2.33422E+10  3.07861E+10  3.99718E+11  3.74433E+09  2.03380E+10  2.68009E+10  4.75934E+10  5.51486E+09  2.15039E+10  2.83321E+10  6.68324E+10  4.22202E+09  2.06867E+10  2.72562E+10  5.17358E+10
 0.300  76.000   7.728  4.60002E+11  2.18728E+10  2.42048E+10  3.19964E+10  4.13924E+11  3.97446E+09  2.13375E+10  2.81865E+10  4.94132E+10  5.17168E+09  2.23067E+10  2.94644E+10  6.59655E+10  4.05573E+09  2.14092E+10  2.82803E+10  5.03099E+10
