  20
 0.110 -1.96748E-01 -8.72019E-02 -4.51111E-02  4.44478E+00 -7.58148E+01 -4.10624E+01 -1.46447E-01 -7.36734E-01  6.60134E-01  3.34871E+01   1.135   0.865  1.39411E+08  1.35985E+08  2.59486E+06  0.00000E+00  7.77343E+07  3.16062E-02  9.05196E+01   7.308   7.098
 0.120  1.98694E-02 -1.94095E-01  8.55961E-03  1.01127E+01  6.76732E+01 -5.44647E+01  3.80184E-01  7.56796E-01  5.31714E-01  5.45530E+01   1.614   1.143  3.23419E+08  3.13121E+08  9.72768E+06  8.03426E+05  2.09010E+08  1.23610E-01  6.45428E+01   7.625   7.488
 0.130 -2.38503E-01 -5.15963E-01  9.27483E-02 -6.93016E+00  1.71927E+01 -9.52687E+00  5.72155E-01 -7.59392E-01 -3.09779E-01  1.34368E+01   2.243   1.551  2.81854E+08  2.85954E+08  3.58126E+07  3.79714E+06  2.39854E+08  1.80148E-01  1.01849E+02   7.896   7.707
 0.140 -1.81294E-01 -5.20479E-01  4.72640E-01  6.14134E+01  4.51284E-01 -3.29559E-01 -2.61737E-01  8.27270E-01  4.97110E-01  8.08481E+01   2.718   1.916  7.17451E+08  6.87132E+08  5.82023E+07  8.33833E+06  5.65257E+08  4.58355E-01  1.26241E+02   7.923   7.730
 0.150  5.67234E-01  3.26435E-01  7.75537E-02 -1.32368E+01  5.83467E+01 -4.98708E+01 -2.54184E-01  5.01016E-01  8.27269E-01  1.43907E+02   3.274   1.858  9.03730E+08  1.00263E+09  4.17711E+08  1.90256E+08  1.73069E+09  2.14473E+00  1.45948E+02   8.135   7.890
 0.160 -3.51926E-01 -5.40714E-02 -2.31934E-01 -1.44180E+01  2.91879E+01  6.52020E-01  2.87721E-01  9.54957E-01  7.26269E-02  9.19769E+01   3.161   2.391  7.38028E+08  7.17174E+08  1.19410E+08  3.37608E+07  7.63292E+08  5.22664E-01  2.24139E+02   8.179   7.938
 0.170  1.30457E-01 -2.19985E-03  8.39945E-02  2.06092E+01 -1.24059E+01 -6.61385E+00  1.48940E-01  8.74154E-01  4.62246E-01  1.11653E+02   2.791   1.293  1.50977E+09  1.59220E+09  3.02551E+08  5.84440E+07  7.31949E+08  2.51845E+00  1.74742E+02   8.189   8.049
 0.180  4.48730E-01  9.38058E-02 -3.25348E-01  3.40740E+01 -5.10839E+00 -2.77456E+01 -2.44088E-01  9.63678E-01  1.08381E-01  1.27151E+02   3.643   1.261  2.40567E+09  2.62030E+09  5.66205E+08  8.56437E+07  1.44577E+09  4.24922E+00  1.77555E+02   8.297   8.254
 0.190  2.96902E-01  1.84344E-01 -2.72187E-01  7.36560E+00  2.96498E+00 -2.65010E+01 -1.66888E-01  9.18727E-01  3.57895E-01  1.32235E+02   4.324   1.294  1.69439E+09  1.85238E+09  8.12169E+08  1.34871E+08  1.64398E+09  3.39942E+00  2.46477E+02   8.519   8.336
 0.200  1.72405E-02  1.93568E-01  6.52076E-01 -2.64293E+00 -1.68286E+01 -3.45741E+01 -5.71031E-01  7.87523E-01 -2.31799E-01  2.07727E+02   4.903   1.645  3.64356E+09  3.76374E+09  9.94318E+08  1.83877E+08  2.37468E+09  5.32871E+00  2.60814E+02   8.364   8.334
 0.210 -4.91522E-03  8.13591E-03  4.19893E-03  1.60112E+00 -6.21080E+00 -3.11649E+00  9.15788E-01  3.86361E-01 -1.09804E-01  3.23060E+01   1.601   0.416  7.34392E+08  1.47066E+09  1.30613E+09  2.88571E+07  2.79012E+08  9.22464E+00  1.49279E+02   8.859   8.684
 0.220 -1.96391E-01 -2.88833E-03  3.72576E-01 -2.28387E+01  1.30411E+01  4.06649E+01 -5.56632E-01  7.86641E-01 -2.67129E-01  2.06654E+02   4.699   1.652  2.25318E+09  2.21780E+09  7.59275E+08  2.28510E+08  2.00164E+09  1.39949E+00  4.74664E+02   8.397   8.294
 0.230  2.80768E-01  6.77179E-02  9.28400E-02  7.12254E+00  2.22294E+00 -1.87991E+01 -2.19039E-01  9.75053E-01  3.59813E-02  2.44372E+02   5.038   1.432  2.79961E+09  3.22480E+09  1.47160E+09  2.62336E+08  2.15686E+09  9.25643E+00  3.45746E+02   8.466   8.365
 0.240 -4.80402E-02 -7.63173E-02 -1.00590E-01  1.87332E+01  2.07239E+00  1.81576E+01 -1.18694E-01  9.74366E-01  1.91111E-01  4.47170E+02   6.137   1.510  2.03458E+09  2.37456E+09  1.99960E+09  3.29696E+08  2.53780E+09  4.83714E+00  3.74505E+02   8.489   8.397
 0.250 -4.38006E-01 -1.06151E-01  1.67183E-01 -2.12284E+01  4.42853E+00  1.42370E+01 -1.24932E-01  9.83406E-01  1.31550E-01  4.33318E+02   4.879   1.199  2.42055E+09  2.79498E+09  2.58981E+09  2.81600E+08  1.94585E+09  6.63690E+00  3.95408E+02   8.388   8.566
 0.260  2.57303E-01  6.63495E-03 -1.17358E-01 -4.60335E+01 -4.15172E-01 -9.59676E+00 -1.61739E-02  9.82867E-01  1.83604E-01  5.38091E+02   5.677   1.194  2.17756E+09  3.07294E+09  3.91416E+09  3.64424E+08  2.18171E+09  1.04623E+01  3.80055E+02   8.450   8.511
 0.270  6.17700E-02 -1.20528E-02  1.00910E-01  2.42716E+01 -3.82210E+00 -1.35845E+01  5.64826E-02  9.78346E-01  1.99119E-01  6.10957E+02   5.778   1.510  2.04742E+09  2.47285E+09  4.39276E+09  4.66791E+08  2.49082E+09  5.80739E+00  4.55414E+02   8.475   8.486
 0.280 -7.51123E-01  7.38990E-02  1.79211E-01  6.12757E+00 -1.22309E+01  3.00764E+01 -5.02378E-02  9.40064E-01  3.37278E-01  8.54466E+02   7.420   2.064  2.65741E+09  2.83791E+09  4.97940E+09  6.61283E+08  3.49172E+09  4.63030E+00  5.61646E+02   8.384   8.466
 0.290 -4.79034E-01 -4.38908E-02 -4.50859E-01 -4.09648E+01 -1.48777E+01 -1.12341E+01 -1.71656E-01  9.50157E-01  2.60260E-01  9.26913E+02   7.842   1.920  3.55278E+09  3.83003E+09  5.13567E+09  6.16766E+08  3.48549E+09  7.11119E+00  6.29906E+02   8.309   8.459
 0.300  3.05634E-01 -1.57548E-01 -7.93331E-02  2.02511E+01 -1.51464E+01  2.71757E+01 -9.51701E-02  9.57911E-01  2.70831E-01  8.90789E+02   7.728   1.751  3.38275E+09  3.76078E+09  5.87377E+09  6.71582E+08  3.28945E+09  8.03595E+00  6.81998E+02   8.331   8.439
