  20
 0.110  1.42500E+00  1.83882E+08  2.72159E+07  3.15014E+07  1.76338E+08  1.24352E+07  1.44769E+09  2.00308E-01
 0.120  1.83750E+00  4.22018E+08  1.52641E+08  1.74525E+08  3.97454E+08  1.20040E+08  2.70366E+09  1.29507E+00
 0.130  2.77500E+00  4.11037E+08  2.87290E+08  3.36055E+08  3.76360E+08  1.50413E+08  4.20829E+09  1.36812E+00
 0.140  3.30000E+00  9.54975E+08  5.46943E+08  6.45033E+08  8.66624E+08  2.06513E+08  7.80660E+09  2.82304E+00
 0.150  3.71250E+00  1.23047E+09  1.49448E+09  1.77534E+09  1.10293E+09  5.40206E+08  1.18631E+10  5.53683E+00
 0.160  3.97500E+00  1.09115E+09  1.70320E+09  2.06269E+09  9.93423E+08  3.42797E+08  1.18455E+10  3.08806E+00
 0.170  4.53750E+00  2.44153E+09  2.62486E+09  3.18779E+09  2.24674E+09  5.95778E+08  1.66785E+10  8.58235E+00
 0.180  5.17500E+00  4.01386E+09  4.98020E+09  5.97721E+09  3.74989E+09  1.79968E+09  3.01830E+10  2.36440E+01
 0.190  5.96250E+00  3.17735E+09  6.99613E+09  8.47865E+09  2.89976E+09  2.01429E+09  2.93889E+10  2.11153E+01
 0.200  6.67500E+00  6.14494E+09  1.02276E+10  1.24350E+10  5.58933E+09  2.66616E+09  4.36187E+10  3.59819E+01
 0.210  7.23750E+00  3.04005E+09  1.20197E+10  1.48673E+10  2.67564E+09  1.75129E+09  4.03545E+10  1.73961E+01
 0.220  7.76250E+00  4.62308E+09  1.36013E+10  1.70276E+10  4.11758E+09  1.39988E+09  4.86630E+10  1.78889E+01
 0.230  8.17500E+00  5.36604E+09  1.60421E+10  2.01622E+10  4.82880E+09  2.08452E+09  5.29129E+10  2.56131E+01
 0.240  8.62500E+00  4.09116E+09  1.73093E+10  2.20391E+10  3.55171E+09  1.14357E+09  5.41374E+10  1.04251E+01
 0.250  9.03750E+00  4.85657E+09  1.83218E+10  2.35547E+10  4.25632E+09  8.13611E+08  5.84202E+10  1.02370E+01
 0.260  9.41250E+00  4.24575E+09  1.97701E+10  2.55397E+10  3.70279E+09  1.23203E+09  6.16129E+10  1.21779E+01
 0.270  9.82500E+00  3.86217E+09  2.04302E+10  2.66199E+10  3.33976E+09  6.30660E+08  6.34714E+10  6.42637E+00
 0.280  1.03125E+01  4.53893E+09  2.09786E+10  2.75373E+10  3.93289E+09  4.36906E+08  6.85133E+10  5.03755E+00
 0.290  1.09125E+01  5.94275E+09  2.17183E+10  2.86170E+10  5.13229E+09  6.63633E+08  7.28921E+10  8.39616E+00
 0.300  1.14000E+01  5.65862E+09  2.26208E+10  2.98823E+10  4.90680E+09  7.40315E+08  7.51394E+10  9.05130E+00
