  20
 0.110   1.135  2.26295E+07  2.62291E+07  2.24015E+07  1.47085E+02  0.00000E+00  0.00000E+00  0.00000E+00  2.26295E+07  2.62291E+07  2.24015E+07
 0.120   1.614  1.26614E+08  1.45064E+08  1.25988E+08  9.61054E+01  1.58103E+07  1.90323E+07  1.56330E+07  1.10804E+08  1.26032E+08  1.10355E+08
 0.130   2.243  2.43789E+08  2.85018E+08  2.42372E+08  1.25829E+02  3.68625E+07  4.47909E+07  3.64227E+07  2.06926E+08  2.40227E+08  2.05949E+08
 0.140   2.718  4.60312E+08  5.45056E+08  4.56984E+08  1.66141E+02  9.77145E+07  1.20028E+08  9.65198E+07  3.62598E+08  4.25028E+08  3.60464E+08
 0.150   3.274  1.31366E+09  1.56224E+09  1.30438E+09  1.76490E+02  5.01618E+08  6.12574E+08  4.96377E+08  8.12045E+08  9.49664E+08  8.08001E+08
 0.160   3.161  1.42829E+09  1.72893E+09  1.41557E+09  2.32323E+02  4.66181E+08  5.79361E+08  4.59773E+08  9.62112E+08  1.14957E+09  9.55796E+08
 0.170   2.791  1.94114E+09  2.34608E+09  1.92266E+09  2.60527E+02  5.64563E+08  7.09545E+08  5.55609E+08  1.37658E+09  1.63653E+09  1.36705E+09
 0.180   3.643  4.30802E+09  5.16758E+09  4.27017E+09  2.55898E+02  1.11501E+09  1.41300E+09  1.09501E+09  3.19301E+09  3.75458E+09  3.17516E+09
 0.190   4.324  6.43932E+09  7.79936E+09  6.38453E+09  2.69422E+02  1.30423E+09  1.65853E+09  1.27930E+09  5.13510E+09  6.14084E+09  5.10523E+09
 0.200   4.903  9.43544E+09  1.14716E+10  9.35068E+09  2.99690E+02  1.81453E+09  2.31998E+09  1.77717E+09  7.62091E+09  9.15165E+09  7.57350E+09
 0.210   1.601  6.60069E+09  8.08755E+09  6.54461E+09  3.10814E+02  4.71988E+08  6.09210E+08  4.59697E+08  6.12870E+09  7.47834E+09  6.08491E+09
 0.220   4.699  1.20307E+10  1.50670E+10  1.18885E+10  4.34280E+02  2.18408E+09  2.81119E+09  2.13532E+09  9.84665E+09  1.22558E+10  9.75317E+09
 0.230   5.038  1.45754E+10  1.83104E+10  1.43909E+10  4.83657E+02  2.61785E+09  3.38495E+09  2.55630E+09  1.19576E+10  1.49254E+10  1.18346E+10
 0.240   6.137  1.62512E+10  2.06911E+10  1.60154E+10  5.70278E+02  3.07211E+09  4.00066E+09  2.99354E+09  1.31791E+10  1.66904E+10  1.30218E+10
 0.250   4.879  1.60448E+10  2.06266E+10  1.57777E+10  6.66791E+02  2.59449E+09  3.40565E+09  2.51737E+09  1.34503E+10  1.72209E+10  1.32604E+10
 0.260   5.677  1.78331E+10  2.30323E+10  1.75050E+10  7.45159E+02  3.02287E+09  3.98367E+09  2.92777E+09  1.48102E+10  1.90486E+10  1.45772E+10
 0.270   5.778  1.84179E+10  2.39867E+10  1.80342E+10  8.48518E+02  3.07930E+09  4.07584E+09  2.97420E+09  1.53387E+10  1.99108E+10  1.50600E+10
 0.280   7.420  1.99504E+10  2.61800E+10  1.94819E+10  9.65317E+02  3.83355E+09  5.09469E+09  3.69819E+09  1.61169E+10  2.10853E+10  1.57837E+10
 0.290   7.842  2.06867E+10  2.72562E+10  2.01497E+10  1.07106E+03  3.96562E+09  5.29400E+09  3.81473E+09  1.67211E+10  2.19622E+10  1.63350E+10
 0.300   7.728  2.14092E+10  2.82803E+10  2.08019E+10  1.16683E+03  3.97315E+09  5.32290E+09  3.81056E+09  1.74361E+10  2.29574E+10  1.69913E+10
