  20
 0.110   1.135  1.61293E-01  1.96236E-01  1.07606E-01
 0.120   1.614  1.02713E+00  1.00165E+00  1.06901E+00
 0.130   2.243  1.21023E+00  1.10360E+00  1.42669E+00
 0.140   2.718  2.05342E+00  2.20452E+00  1.73382E+00
 0.150   3.274  4.76915E+00  4.61311E+00  5.46766E+00
 0.160   3.161  2.66777E+00  2.31832E+00  3.48130E+00
 0.170   2.791  7.42761E+00  8.36690E+00  5.52979E+00
 0.180   3.643  2.00817E+01  2.07214E+01  1.78631E+01
 0.190   4.324  1.90676E+01  1.73614E+01  2.13530E+01
 0.200   4.903  3.31442E+01  3.44088E+01  2.71092E+01
 0.210   1.601  1.49200E+01  1.38617E+01  1.60085E+01
 0.220   4.699  1.41778E+01  1.53140E+01  1.28573E+01
 0.230   5.038  2.42188E+01  2.54852E+01  2.16922E+01
 0.240   6.137  9.37253E+00  8.89997E+00  1.15782E+01
 0.250   4.879  9.15240E+00  1.01138E+01  7.99034E+00
 0.260   5.677  1.13712E+01  1.03050E+01  1.28474E+01
 0.270   5.778  6.15681E+00  6.18102E+00  6.59949E+00
 0.280   7.420  4.82602E+00  4.86823E+00  4.69738E+00
 0.290   7.842  7.74485E+00  7.87402E+00  6.81118E+00
 0.300   7.728  8.55178E+00  8.71627E+00  7.79014E+00
