  47
 0.110  4.31263E+07  2.61303E+07  3.05474E+07  4.09933E+07  1.07909E+07  5.97182E+08  1.33180E-01
 0.120  3.47606E+07  2.66259E+07  3.20227E+07  3.35713E+07  4.13889E+06  5.24353E+08  4.07235E-02
 0.130  2.68604E+07  2.96981E+07  3.62804E+07  2.60584E+07  2.85204E+06  5.78144E+08  2.89115E-02
 0.140  3.00357E+07  3.31740E+07  4.09225E+07  2.84740E+07  3.57338E+06  6.06327E+08  4.01098E-02
 0.150  4.76554E+07  3.87970E+07  4.76694E+07  4.54985E+07  5.88162E+06  5.61599E+08  8.44685E-02
 0.160  6.45958E+07  5.78744E+07  7.12556E+07  6.12556E+07  9.68757E+06  7.62212E+08  1.13711E-01
 0.170  1.22380E+08  7.18309E+07  8.76782E+07  1.18391E+08  1.74188E+07  6.62363E+08  2.03113E-01
 0.180  1.05339E+08  1.41750E+08  1.70850E+08  1.00785E+08  4.95932E+07  7.76761E+08  5.06744E-01
 0.190  6.07768E+07  1.42748E+08  1.75975E+08  5.81214E+07  1.54444E+07  6.75498E+08  1.10295E-01
 0.200  4.70147E+06  1.37639E+08  1.72726E+08  3.63408E+06  5.46193E+06  6.82731E+08  3.89949E-02
 0.210  1.49477E+08  2.73823E+08  3.31783E+08  1.43594E+08  1.04224E+08  8.39697E+08  1.58044E+00
 0.220  5.57776E+07  3.30478E+08  4.07384E+08  5.28899E+07  5.87188E+07  8.43438E+08  5.77681E-01
 0.230  4.88604E+07  3.74631E+08  4.67016E+08  4.57578E+07  4.52085E+07  8.21988E+08  6.23825E-01
 0.240  1.01198E+08  4.73174E+08  5.93862E+08  9.73667E+07  5.45904E+07  8.64638E+08  5.52850E-01
 0.250  8.93879E+07  5.64209E+08  7.12156E+08  8.55630E+07  6.42112E+07  8.98974E+08  7.89494E-01
 0.260  1.14946E+08  7.09676E+08  8.98985E+08  1.10236E+08  8.75606E+07  9.82029E+08  8.75910E-01
 0.270  1.65041E+08  8.40893E+08  1.06665E+09  1.59209E+08  1.08904E+08  1.04289E+09  1.68399E+00
 0.280  2.51172E+08  1.13493E+09  1.42891E+09  2.44686E+08  2.22791E+08  1.18688E+09  2.87177E+00
 0.290  2.57267E+08  1.37061E+09  1.73754E+09  2.50828E+08  1.58484E+08  1.19752E+09  1.89255E+00
 0.300  8.68752E+07  1.57762E+09  2.01569E+09  8.37965E+07  1.56345E+08  1.15853E+09  1.20506E+00
 0.310  4.80370E+07  1.64762E+09  2.13789E+09  4.58680E+07  4.87534E+07  1.20825E+09  4.74609E-01
 0.320  1.27338E+08  1.70412E+09  2.22970E+09  1.22836E+08  6.57842E+07  1.21074E+09  8.77024E-01
 0.330  3.21292E+08  2.06680E+09  2.68754E+09  3.12474E+08  2.40874E+08  1.43588E+09  3.09236E+00
 0.340  2.46194E+08  2.56131E+09  3.31738E+09  2.42289E+08  2.29181E+08  1.49200E+09  2.37426E+00
 0.350  2.74449E+08  2.88798E+09  3.75377E+09  2.68017E+08  2.37496E+08  1.52484E+09  2.56989E+00
 0.360  3.82108E+08  3.34871E+09  4.35747E+09  3.76299E+08  3.18356E+08  1.73892E+09  3.21346E+00
 0.370  1.11258E+08  3.75212E+09  4.90987E+09  1.08307E+08  2.31419E+08  1.74391E+09  1.69687E+00
 0.380  2.06848E+08  3.86884E+09  5.11801E+09  2.02744E+08  1.08673E+08  1.75447E+09  1.09523E+00
 0.390  3.58517E+08  4.53697E+09  5.96338E+09  3.52089E+08  4.10924E+08  1.91875E+09  4.49970E+00
 0.400  1.74696E+08  4.73413E+09  6.27804E+09  1.71239E+08  1.65029E+08  1.92989E+09  1.66078E+00
 0.410  1.41481E+08  4.88137E+09  6.52995E+09  1.38360E+08  1.06557E+08  1.92415E+09  1.03285E+00
 0.420  1.57185E+08  4.98414E+09  6.71643E+09  1.53240E+08  7.74818E+07  1.97877E+09  8.37758E-01
 0.430  1.51539E+08  5.30385E+09  7.16513E+09  1.48460E+08  1.38798E+08  1.98534E+09  1.37952E+00
 0.440  1.02714E+08  5.60820E+09  7.58324E+09  1.00214E+08  9.30954E+07  1.93704E+09  8.97059E-01
 0.450  1.53410E+08  5.89285E+09  8.00016E+09  1.50580E+08  1.56016E+08  2.04321E+09  1.55528E+00
 0.460  1.31147E+08  5.79370E+09  7.90515E+09  1.28505E+08  1.03635E+08  1.92606E+09  1.19186E+00
 0.470  1.51065E+08  5.96890E+09  8.18245E+09  1.48386E+08  7.36340E+07  1.95591E+09  8.39710E-01
 0.480  1.90815E+08  6.62978E+09  9.05210E+09  1.88076E+08  2.05126E+08  2.06374E+09  2.27603E+00
 0.490  2.28743E+08  7.15336E+09  9.78562E+09  2.25278E+08  1.96611E+08  2.19917E+09  2.25708E+00
 0.500  1.92153E+08  7.39350E+09  1.00777E+10  1.88656E+08  3.23271E+08  2.07945E+09  3.34796E+00
 0.510  2.17429E+08  7.63723E+09  1.04775E+10  2.13300E+08  1.54671E+08  2.18795E+09  2.01009E+00
 0.520  1.71435E+08  8.13719E+09  1.11965E+10  1.68365E+08  1.60707E+08  2.31382E+09  1.63642E+00
 0.530  6.52053E+08  9.41886E+09  1.28138E+10  6.44244E+08  7.50485E+08  2.46646E+09  9.06512E+00
 0.540  1.32821E+09  1.36375E+10  1.80367E+10  1.31925E+09  2.45807E+09  2.92963E+09  2.52276E+01
 0.550  8.85935E+08  1.63840E+10  2.16816E+10  8.79403E+08  1.54787E+09  3.17597E+09  1.52976E+01
 0.560  1.38402E+09  2.23617E+10  2.95557E+10  1.37366E+09  2.63055E+09  3.84007E+09  2.69786E+01
 0.570  4.61775E+08  2.45142E+10  3.27733E+10  4.57196E+08  8.77103E+08  4.02930E+09  7.56542E+00
