  47
 0.110         1002  0.71226E-02 -0.37487E-03 -0.52482E-02 -0.78006E+02 -0.35335E+02 -0.36616E+01  0.72894E+00 -0.50969E+00 -0.45701E+00   0.900   0.623
 0.120        23302 -0.14721E-01  0.81785E-02  0.61339E-02 -0.62693E+02 -0.11751E+02  0.36946E+02  0.95010E+00 -0.16385E+00 -0.26545E+00   1.000   0.500
 0.130          347 -0.14633E-01  0.14633E-01 -0.84248E-02  0.40851E+01  0.22837E+01 -0.15192E+02  0.96261E+00  0.17218E+00 -0.20912E+00   1.137   0.500
 0.140        11275  0.14782E-01 -0.61989E-02 -0.76294E-02  0.35490E+02 -0.41220E+02 -0.33254E+02  0.85478E+00  0.37188E-01 -0.51766E+00   1.318   0.769
 0.150        11239 -0.51133E-02 -0.17896E-01  0.28123E-01 -0.36158E+02 -0.39699E+02 -0.27357E+02  0.87512E+00 -0.32875E-01 -0.48280E+00   1.454   0.637
 0.160          429 -0.59982E-02  0.32717E-02  0.32717E-02 -0.26388E+01  0.20481E+02  0.27263E+02 -0.27361E+00 -0.94308E+00  0.18903E+00   1.790   1.191
 0.170          212 -0.34761E-02  0.27229E-01 -0.15063E-01  0.23309E+02 -0.62850E+01 -0.30584E+02  0.40356E+00 -0.84780E+00  0.34407E+00   1.934   0.845
 0.180         3562 -0.11669E-01 -0.36849E-02  0.85981E-02 -0.49289E+01  0.14397E+01  0.17590E+02  0.67044E-01 -0.99670E+00 -0.45752E-01   1.709   1.171
 0.190       115569  0.18133E-01  0.32381E-02 -0.15543E-01 -0.14039E+02 -0.26274E+02  0.12409E+03 -0.50417E-01 -0.90359E+00  0.42543E+00   2.271   1.090
 0.200        39214 -0.22498E-01  0.95446E-02  0.68176E-03  0.16445E+02  0.59309E+02  0.79650E+01 -0.13364E+00 -0.69123E-01  0.98862E+00   2.764   1.916
 0.210       219138 -0.78746E-02 -0.21476E-02  0.71587E-03  0.41488E+02  0.48316E+02  0.30211E+02  0.58725E+00 -0.79447E+00 -0.15479E+00   3.118   1.187
 0.220       228205 -0.44980E-02  0.74967E-03  0.22490E-02  0.19697E+02  0.13825E+02  0.30173E+02  0.17552E+00 -0.98028E+00 -0.90814E-01   2.633   0.947
 0.230       267898 -0.15675E-02  0.54863E-02 -0.31350E-02 -0.12687E+01  0.15702E+02 -0.78937E+02 -0.40227E+00 -0.91199E+00 -0.80339E-01   3.282   2.119
 0.240       219142 -0.24529E-02  0.00000E+00 -0.81762E-03  0.44308E+02  0.19063E+02 -0.28655E+02 -0.59022E+00 -0.80516E+00 -0.57999E-01   4.113   1.849
 0.250       269141  0.17051E-02  0.25577E-02  0.85256E-03 -0.90531E+02  0.66525E+02 -0.40473E+02 -0.39975E+00 -0.55692E+00 -0.72804E+00   3.799   2.546
 0.260       358062 -0.88742E-03  0.17748E-02 -0.26623E-02 -0.41694E+02  0.19716E+02 -0.21119E+02 -0.30929E+00 -0.87937E+00 -0.36201E+00   3.965   2.562
 0.270       327691 -0.92064E-03  0.18413E-02 -0.92064E-03  0.27804E+02 -0.12248E+03 -0.71808E+01 -0.50190E+00 -0.56647E+00 -0.65362E+00   3.243   1.741
 0.280       368177 -0.19081E-02 -0.95406E-03  0.00000E+00 -0.10131E+03 -0.37646E+02 -0.21947E+03 -0.82977E+00  0.28344E+00  0.48077E+00   3.816   1.802
 0.290        15999  0.98777E-03  0.98777E-03  0.98777E-03 -0.66845E+02  0.15380E+03  0.12750E+03 -0.61509E+00  0.47470E+00  0.62955E+00   3.164   1.186
 0.300       292456  0.30693E-02  0.00000E+00 -0.20462E-02 -0.13806E+03 -0.10870E+03 -0.22084E+03 -0.58646E+00 -0.14309E+00  0.79724E+00   4.632   1.290
 0.310       309196  0.10566E-02  0.10566E-02  0.00000E+00  0.14938E+03  0.12934E+03 -0.43209E+02 -0.79397E+00 -0.85269E-01  0.60194E+00   4.997   1.711
 0.320       384997  0.00000E+00 -0.10907E-02 -0.32721E-02  0.30982E+02 -0.85013E+02  0.17992E+02 -0.86319E+00 -0.19371E-01  0.50451E+00   5.853   2.524
 0.330       218068 -0.11252E-02 -0.11252E-02 -0.11252E-02 -0.25141E+03 -0.10345E+03  0.17048E+03 -0.82118E+00 -0.16549E+00  0.54615E+00   4.032   1.535
 0.340       385009  0.11605E-02  0.11605E-02  0.00000E+00  0.96029E+02 -0.13843E+03 -0.14324E+03 -0.45264E+00  0.38851E+00 -0.80260E+00   8.314   2.955
 0.350        23320  0.23852E-02 -0.23852E-02  0.00000E+00  0.57166E+02 -0.17082E+03 -0.72276E+02 -0.53147E+00 -0.19060E+00 -0.82536E+00   6.451   2.741
 0.360       526955  0.00000E+00 -0.12263E-02 -0.12263E-02 -0.73310E+02  0.29535E+03 -0.14563E+03  0.96901E+00 -0.24147E+00 -0.52103E-01   6.022   2.354
 0.370       390207 -0.12610E-02 -0.25220E-02  0.25220E-02 -0.53051E+02  0.30532E+03  0.12408E+03  0.21541E+00 -0.70168E-01 -0.97400E+00   7.742   3.262
 0.380       220628  0.00000E+00  0.12951E-02  0.12951E-02 -0.14516E+03  0.13046E+03  0.39577E+02 -0.15032E+00  0.14966E+00 -0.97724E+00   9.860   6.692
 0.390       856204  0.13291E-02  0.00000E+00 -0.26581E-02  0.80918E+02  0.13489E+03 -0.79818E+02  0.71081E-01  0.18966E+00 -0.97927E+00  10.026   3.048
 0.400       392000  0.27253E-02 -0.13627E-02  0.00000E+00  0.43812E+02 -0.56024E+02 -0.26359E+03  0.12022E+00  0.42135E-01 -0.99185E+00   9.155   4.241
 0.410       497688  0.00000E+00  0.00000E+00 -0.27958E-02  0.13847E+03  0.30924E+02  0.52437E+02 -0.65527E-01  0.90176E-01 -0.99377E+00  10.021   3.891
 0.420       219566 -0.28617E-02  0.00000E+00  0.00000E+00  0.30845E+03 -0.33755E+03 -0.18312E+03 -0.12640E+00 -0.19060E-01 -0.99180E+00   9.928   4.175
 0.430      1250008 -0.29327E-02  0.00000E+00 -0.14664E-02  0.57481E+01  0.60436E+02 -0.10656E+03 -0.28560E+00 -0.94192E-02 -0.95830E+00   9.761   2.954
 0.440       218036  0.00000E+00 -0.29975E-02  0.14988E-02  0.55777E+01  0.24489E+03  0.10602E+03 -0.26368E+00  0.69100E-01 -0.96213E+00  10.872   3.018
 0.450       355747  0.00000E+00  0.15353E-02  0.30707E-02  0.20358E+03  0.28610E+03 -0.15873E+03 -0.28068E+00  0.14364E+00 -0.94899E+00   9.189   1.979
 0.460       484442  0.00000E+00 -0.31354E-02  0.15677E-02  0.25821E+03  0.91364E+01 -0.84517E+02 -0.29160E+00  0.27462E+00 -0.91627E+00   9.081   1.564
 0.470       896352  0.00000E+00  0.16023E-02  0.16023E-02 -0.18946E+03 -0.11622E+03  0.23383E+03 -0.19209E+00  0.36297E+00 -0.91178E+00  10.499   1.929
 0.480        30935  0.16369E-02 -0.32739E-02  0.00000E+00 -0.21914E+03  0.25494E+03  0.11319E+02 -0.80543E-01  0.51060E+00 -0.85604E+00   8.847   2.125
 0.490       346833  0.16708E-02  0.00000E+00 -0.16708E-02 -0.27660E+03  0.15215E+03  0.17932E+03  0.20651E-01  0.63253E+00 -0.77426E+00   7.559   1.792
 0.500       225793  0.00000E+00  0.17033E-02  0.34066E-02  0.22956E+02  0.85777E+02  0.35768E+03  0.11441E+00  0.59761E+00 -0.79358E+00   8.599   1.614
 0.510       258439  0.17380E-02 -0.17380E-02 -0.17380E-02 -0.18131E+03  0.97567E+01 -0.98036E+02  0.19480E+00  0.61826E+00 -0.76145E+00   6.671   1.516
 0.520       348662 -0.17736E-02  0.00000E+00  0.35471E-02  0.36867E+03 -0.37026E+02 -0.90272E+02  0.39695E+00  0.63421E+00 -0.66349E+00   5.095   1.162
 0.530       272597  0.18070E-02  0.00000E+00  0.00000E+00 -0.11591E+03  0.43080E+03 -0.86539E+02  0.25110E+00  0.29009E+00 -0.92347E+00   3.239   0.833
 0.540       385059  0.00000E+00 -0.18393E-02  0.00000E+00 -0.27367E+03 -0.33714E+03 -0.10336E+03 -0.18000E-01  0.21566E+00 -0.97630E+00   1.829   0.684
 0.550        21172  0.00000E+00 -0.18747E-02 -0.37494E-02  0.14970E+03  0.14625E+03  0.24852E+03 -0.74858E+00 -0.66095E+00 -0.52640E-01   4.160   1.166
 0.560       297718  0.19077E-02  0.00000E+00 -0.19077E-02 -0.37024E+01  0.43923E+03 -0.10370E+02 -0.97094E+00  0.31152E-02  0.23929E+00   3.036   0.603
 0.570       232471  0.00000E+00  0.00000E+00 -0.19436E-02  0.50726E+03 -0.24917E+03  0.14559E+03 -0.76256E+00  0.14681E+00  0.63003E+00   9.576   2.296
