  47
 0.110 -5.31054E-02 -1.21271E-01  2.37245E-01 -2.66277E+01 -3.10829E+01  1.41727E+01  7.28945E-01 -5.09691E-01 -4.57006E-01  2.03199E+01   0.900   0.623  3.82948E+07  3.88668E+07  3.32371E+06  0.00000E+00  4.78876E+07  3.65565E-02  9.02846E+01   7.608   7.415
 0.120  2.70641E-02 -2.32461E-01  2.03910E-01 -2.72150E+00 -2.36120E+01 -2.29453E+01  9.50101E-01 -1.63850E-01 -2.65445E-01  3.68236E+01   1.000   0.500  3.42424E+07  3.47042E+07  2.33919E+06  7.21526E+04  3.39204E+07  2.39215E-02  1.06662E+02   7.610   7.551
 0.130  1.69780E-01 -1.45252E-01  5.83830E-01  7.92794E+00 -5.05149E+01 -1.61430E+01  9.62613E-01  1.72179E-01 -2.09119E-01  5.17452E+01   1.137   0.500  3.64338E+07  3.75607E+07  3.60560E+06  4.21016E+05  4.34813E+07  3.34543E-02  1.49233E+02   7.539   7.503
 0.140  2.92564E-03  1.97062E-02  1.27175E-01 -5.85378E+00 -4.46007E+01 -1.24882E+01  8.54779E-01  3.71876E-02 -5.17658E-01  2.98893E+01   1.318   0.769  4.84921E+07  4.63946E+07  3.76825E+06  1.30487E+06  7.74849E+07  1.24279E-02  2.80404E+02   7.450   7.527
 0.150  1.26668E-01 -2.60254E-01  1.39244E-01 -1.14225E+01 -2.61397E+01 -9.50745E+00  8.75115E-01 -3.28750E-02 -4.82796E-01  4.70296E+01   1.454   0.637  8.78976E+07  8.67460E+07  5.83031E+06  1.01004E+06  7.42425E+07  4.26920E-02  2.44068E+02   7.533   7.522
 0.160 -3.26510E-01  1.44819E-01 -2.09877E-01 -2.66781E+00 -1.01167E+01 -3.10354E+01 -2.73606E-01 -9.43084E-01  1.89030E-01  5.19531E+01   1.790   1.191  2.14526E+08  2.09024E+08  1.09433E+07  2.01607E+06  1.29363E+08  1.19534E-01  2.05869E+02   7.612   7.529
 0.170 -2.23645E-01 -9.07837E-02  5.04295E-02 -2.00536E+01 -1.75902E+01 -1.91090E+01  4.03560E-01 -8.47796E-01  3.44066E-01  3.89494E+01   1.934   0.845  2.81122E+08  2.78623E+08  1.33324E+07  2.10630E+06  1.28615E+08  1.39223E-01  2.28042E+02   7.666   7.607
 0.180  1.23518E-01  1.25915E-01  2.02865E-01 -4.78369E-01  2.00601E+00  3.53591E+01  6.70440E-02 -9.96700E-01 -4.57521E-02  3.42100E+01   1.709   1.171  2.27104E+08  2.28484E+08  2.82484E+07  2.81415E+06  1.46905E+08  1.23362E-01  1.91209E+02   7.866   7.714
 0.190 -3.93943E-01 -5.12034E-02 -5.52261E-01 -3.33481E+01 -6.35152E+00 -2.79037E+01 -5.04171E-02 -9.03588E-01  4.25425E-01  4.58468E+01   2.271   1.090  2.67645E+08  2.60428E+08  2.75452E+07  5.51559E+06  1.74424E+08  1.20993E-01  3.12228E+02   7.742   7.703
 0.200  3.88736E-03  1.95184E-01  8.31821E-02 -2.15713E+01 -9.75762E-01 -2.36260E+01 -1.33639E-01 -6.91231E-02  9.88617E-01  9.35402E+01   2.764   1.916  3.69152E+08  3.53299E+08  3.32079E+07  6.42112E+06  2.10340E+08  1.75215E-01  3.34467E+02   7.735   7.743
 0.210  3.28632E-01  1.86383E-01 -8.67661E-02 -1.20612E+00 -1.07345E-01  3.67019E+00  5.87248E-01 -7.94469E-01 -1.54785E-01  3.58182E+01   3.118   1.187  4.58097E+08  4.48682E+08  5.33380E+07  1.09114E+07  3.10023E+08  3.50360E-01  3.55991E+02   7.967   7.773
 0.220  2.58244E-01  9.57962E-02  1.57227E-02 -7.64728E+00 -3.10576E+00  9.53064E+00  1.75516E-01 -9.80279E-01 -9.08144E-02  1.46558E+01   2.633   0.947  2.22106E+08  2.27054E+08  8.09970E+07  1.05536E+07  2.70948E+08  1.61088E-01  3.30670E+02   8.104   7.962
 0.230 -4.92206E-01  2.80837E-01 -4.90076E-01 -4.73226E+00  2.29326E+00 -1.50605E+00 -4.02270E-01 -9.11989E-01 -8.03395E-02  2.70585E+01   3.282   2.119  5.36325E+08  4.98485E+08  5.84651E+07  1.16429E+07  3.48599E+08  1.35772E-01  4.63816E+02   8.028   7.915
 0.240  2.07075E-01  3.17675E-01  1.87600E-01 -1.36227E-01  1.06911E+01  1.90134E+01 -5.90221E-01 -8.05155E-01 -5.79990E-02  8.51505E+01   4.113   1.849  6.27610E+08  5.80738E+08  6.84045E+07  1.11559E+07  4.05133E+08  2.10871E-01  4.73799E+02   8.023   7.994
 0.250 -1.47086E-01  1.17059E-01  8.50405E-02 -8.57843E+00  2.68282E+00 -1.32575E+01 -3.99748E-01 -5.56922E-01 -7.28039E-01  7.84961E+01   3.799   2.546  5.13284E+08  4.73164E+08  5.67852E+07  5.07095E+06  2.97552E+08  1.58323E-01  4.62165E+02   8.113   8.064
 0.260 -5.63051E-02 -1.58642E-01 -2.33273E-01 -8.58236E+00  1.66199E+01  2.49618E+00 -3.09286E-01 -8.79370E-01 -3.62009E-01  1.04738E+02   3.965   2.562  7.82411E+08  7.66343E+08  1.55674E+08  1.60300E+07  4.01890E+08  7.21322E-01  3.93737E+02   8.108   8.067
 0.270 -1.19501E-01  2.16580E-01 -1.75533E-01 -7.06036E-01  2.06812E+01 -1.08869E+01 -5.01897E-01 -5.66468E-01 -6.53616E-01  6.69400E+01   3.243   1.741  6.11871E+08  6.25597E+08  2.27874E+08  1.24213E+07  2.93478E+08  8.32606E-01  3.53468E+02   8.177   8.238
 0.280 -7.48581E-02  1.55643E-01 -1.13374E-01 -6.52978E+00  3.66342E+00  2.36881E+01 -8.29775E-01  2.83437E-01  4.80767E-01  5.33556E+01   3.816   1.802  7.04851E+08  7.33574E+08  2.08857E+08  2.42375E+07  5.61765E+08  1.22468E+00  4.72150E+02   8.279   8.206
 0.290 -8.34899E-02 -9.75814E-02 -2.69262E-02  4.69492E+00  7.85064E+00 -2.54024E+01 -6.15085E-01  4.74701E-01  6.29547E-01  7.16842E+01   3.164   1.186  6.59980E+08  6.84498E+08  2.28485E+08  1.33289E+07  3.33218E+08  9.74998E-01  4.80177E+02   8.269   8.331
 0.300 -4.04954E-01  7.91268E-01 -1.63578E-01 -1.95791E+01  1.81996E+00 -7.90762E+00 -5.86457E-01 -1.43087E-01  7.97242E-01  1.93549E+02   4.632   1.290  6.79625E+08  7.38398E+08  3.83475E+08  2.04714E+07  4.50526E+08  8.63648E-01  4.24618E+02   8.267   8.421
 0.310 -4.79863E-02 -3.85521E-01  2.35270E-01  5.25579E+00  1.78666E+01 -2.78678E+00 -7.93974E-01 -8.52689E-02  6.01942E-01  2.64507E+02   4.997   1.711  9.10164E+08  9.25211E+08  5.96364E+08  2.71844E+07  5.68333E+08  8.91067E-01  4.54954E+02   8.184   8.467
 0.320  1.44566E-02 -3.62619E-01  1.30842E-01  1.35040E+01  5.82285E+00  2.14391E+01 -8.63189E-01 -1.93713E-02  5.04510E-01  1.81762E+02   5.853   2.524  1.22357E+09  1.30405E+09  8.66929E+08  4.05093E+07  7.50988E+08  2.14602E+00  4.63932E+02   8.198   8.428
 0.330  4.47157E-02  7.02812E-02 -8.54558E-02  1.16938E+00  1.83817E+00  1.60079E+01 -8.21180E-01 -1.65494E-01  5.46147E-01  7.01978E+01   4.032   1.535  8.78404E+08  1.22387E+09  1.24137E+09  2.72076E+07  5.60019E+08  4.67800E+00  4.09775E+02   8.418   8.399
 0.340  5.63000E-01  9.19572E-01  1.00742E-01 -1.49236E+01 -4.20211E+01 -7.79525E+00 -4.52643E-01  3.88514E-01 -8.02603E-01  1.23079E+02   8.314   2.955  7.33560E+08  6.48550E+08  1.87331E+08  2.28242E+07  1.21473E+09  1.50764E-01  1.19997E+03   8.395   8.451
 0.350 -3.53850E-01  9.56320E-02  8.64374E-03 -2.71878E+01  2.27215E+01 -1.85837E+01 -5.31469E-01 -1.90603E-01 -8.25355E-01  2.22524E+02   6.451   2.741  1.17606E+09  1.12067E+09  3.42837E+08  2.51581E+07  1.00506E+09  6.48471E-01  9.54305E+02   8.202   8.475
 0.360 -2.13858E-01 -8.19811E-01  9.70143E-01 -3.50300E+01 -6.06929E+01 -3.97349E+01  9.69009E-01 -2.41468E-01 -5.21028E-02  3.69814E+02   6.022   2.354  1.88650E+09  1.98797E+09  5.54095E+08  1.81268E+08  1.77475E+09  2.17729E+00  6.10976E+02   8.250   8.242
 0.370 -1.41094E+00 -1.48861E+00  5.93262E-02 -7.39041E+01 -1.29440E+01  2.40972E+01  2.15411E-01 -7.01679E-02 -9.73999E-01  4.87838E+02   7.742   3.262  3.09064E+09  3.01279E+09  4.21837E+08  7.05462E+07  1.88109E+09  1.92586E+00  8.05756E+02   8.187   8.287
 0.380 -2.12820E+00 -1.04165E+00 -4.77211E-01  8.55065E+00  2.53360E+01  4.55788E+01 -1.50323E-01  1.49658E-01 -9.77244E-01  5.86976E+02   9.860   6.692  7.15166E+09  6.73696E+09  8.04724E+08  2.27930E+08  3.68444E+09  2.75508E+00  8.81157E+02   8.156   8.372
 0.390  1.96331E-01  1.01468E-01  3.46344E-01 -2.93119E+01  5.18913E+00 -5.47509E+00  7.10808E-02  1.89657E-01 -9.79274E-01  6.23200E+02  10.026   3.048  7.86133E+09  8.30261E+09  2.32487E+09  2.96244E+08  3.32570E+09  1.18414E+01  5.07403E+02   8.242   8.362
 0.400 -1.30708E+00 -2.07024E+00  2.03516E-02 -8.36981E+01 -7.46965E+00 -1.13763E+01  1.20218E-01  4.21350E-02 -9.91853E-01  9.10842E+02   9.155   4.241  8.36576E+09  9.04557E+09  3.86124E+09  3.51428E+08  3.39370E+09  1.39522E+01  4.62678E+02   8.311   8.377
 0.410 -4.38120E-01 -3.84807E-01 -1.97836E-01  1.02116E+01 -2.95873E+01 -1.15725E+01 -6.55270E-02  9.01757E-02 -9.93768E-01  8.29511E+02  10.021   3.891  7.20394E+09  8.03876E+09  6.28887E+09  5.13953E+08  3.93144E+09  1.24481E+01  4.75251E+02   8.397   8.445
 0.420 -5.85255E-01  5.56117E-01  1.16839E-01  1.09858E+01 -1.37760E+01  1.82441E+01 -1.26402E-01 -1.90596E-02 -9.91796E-01  8.64546E+02   9.928   4.175  9.57466E+09  1.01453E+10  8.09946E+09  7.83372E+08  4.72674E+09  1.18171E+01  5.25832E+02   8.408   8.462
 0.430  2.63821E-01 -1.32934E-01  2.96625E-02  2.28164E+00 -2.96325E+01 -9.42683E-01 -2.85605E-01 -9.41919E-03 -9.58301E-01  9.05729E+02   9.761   2.954  8.50304E+09  1.04995E+10  1.06555E+10  6.09413E+08  3.53097E+09  2.61782E+01  5.05465E+02   8.479   8.490
 0.440 -1.15868E+00  7.14470E-01  6.60100E-02  4.45359E+00 -1.70613E+01 -3.32499E+00 -2.63679E-01  6.90999E-02 -9.62132E-01  9.36117E+02  10.872   3.018  8.63688E+09  9.35918E+09  1.23510E+10  1.15110E+09  3.89187E+09  1.32797E+01  5.72158E+02   8.503   8.498
 0.450 -9.67175E-01  1.48445E-01  2.14592E-01  2.67786E+01 -1.69249E+01 -1.18209E+01 -2.80679E-01  1.43640E-01 -9.48993E-01  8.77347E+02   9.189   1.979  6.61727E+09  8.44717E+09  1.34638E+10  6.50064E+08  2.97610E+09  2.41154E+01  5.91922E+02   8.600   8.536
 0.460 -2.99306E-01  8.11486E-01  2.62950E-01  2.79411E+01 -1.35871E+01 -1.61953E+01 -2.91599E-01  2.74622E-01 -9.16271E-01  9.46514E+02   9.081   1.564  4.98764E+09  6.39956E+09  1.46131E+10  8.54893E+08  2.49340E+09  1.80343E+01  6.33781E+02   8.655   8.569
 0.470 -8.11323E-01  5.67009E-01  3.82026E-01  4.56398E+01  3.39205E+01 -2.39742E+00 -1.92090E-01  3.62973E-01 -9.11785E-01  9.44132E+02  10.499   1.929  4.75062E+09  5.29061E+09  1.68557E+10  1.15529E+09  3.11943E+09  9.52678E+00  7.55910E+02   8.662   8.575
 0.480 -1.21674E+00  8.94193E-01  5.25941E-01  1.72948E+01  6.17733E+01  3.60277E+01 -8.05431E-02  5.10602E-01 -8.56036E-01  8.99341E+02   8.847   2.125  4.93467E+09  5.62164E+09  1.73579E+10  1.12577E+09  3.17597E+09  1.12729E+01  8.67380E+02   8.640   8.587
 0.490 -1.94250E+00  6.74582E-01  6.69667E-01  1.11116E+01  4.28061E+01  4.46114E+01  2.06511E-02  6.32528E-01 -7.74262E-01  6.93487E+02   7.559   1.792  4.43913E+09  5.74288E+09  1.58219E+10  7.47652E+08  2.65668E+09  1.79727E+01  9.27728E+02   8.665   8.615
 0.500 -4.14847E-01  1.33807E-01  4.30394E-02 -1.90305E+01 -1.22631E+00 -4.92938E+00  1.14411E-01  5.97611E-01 -7.93581E-01  6.27152E+02   8.599   1.614  2.72756E+09  3.75531E+09  1.78638E+10  9.79838E+08  2.75437E+09  1.16769E+01  9.88057E+02   8.762   8.631
 0.510 -4.51190E-01 -2.40342E-01 -2.11156E-01 -1.70024E+01 -3.39615E+01 -2.83999E+01  1.94803E-01  6.18263E-01 -7.61447E-01  6.52209E+02   6.671   1.516  3.82465E+09  4.69800E+09  1.69839E+10  7.65988E+08  2.30285E+09  1.40782E+01  1.07468E+03   8.663   8.656
 0.520 -6.75789E-01  1.70583E-01 -2.99974E-01 -9.49131E+00  8.03905E+00  6.93949E+00  3.96952E-01  6.34206E-01 -6.63485E-01  5.63707E+02   5.095   1.162  3.47462E+09  4.59200E+09  1.37268E+10  3.85118E+08  1.64398E+09  1.54765E+01  1.09090E+03   8.701   8.690
 0.530 -3.01141E-02 -1.09357E-01 -6.99543E-02  1.89088E+01 -8.69221E+00  3.48462E+00  2.51099E-01  2.90095E-01 -9.23469E-01  2.63952E+02   3.239   0.833  2.08546E+09  3.52244E+09  1.04427E+10  1.83118E+08  9.41541E+08  1.65385E+01  1.06721E+03   8.809   8.744
 0.540 -2.73384E-02  1.02088E-02 -7.07227E-03 -3.85605E+00  3.71029E+00 -3.04977E-01 -1.79996E-02  2.15663E-01 -9.76302E-01  7.21565E+01   1.829   0.684  1.47566E+09  3.28577E+09  8.79207E+09  8.82443E+07  5.44805E+08  1.80810E+01  9.57942E+02   8.916   8.800
 0.550 -4.37907E-01 -7.55966E-01  1.68536E+00 -1.18606E+01  3.22788E+01 -5.73240E+01 -7.48583E-01 -6.60948E-01 -5.26405E-02  4.04472E+02   4.160   1.166  1.97247E+09  2.22013E+09  1.10799E+09  9.78526E+07  1.09476E+09  2.44794E+00  1.47573E+03   8.790   8.592
 0.560  7.39723E-03  6.05353E-03  5.69155E-02 -2.50947E+00  1.48682E+01  2.09810E+00 -9.70943E-01  3.11518E-03  2.39291E-01  1.60110E+02   3.036   0.603  2.39868E+09  3.13625E+09  2.28628E+09  5.09017E+08  9.16932E+08  9.76041E+00  1.36836E+03   8.847   8.664
 0.570 -9.89573E-01 -5.03127E-01 -6.51164E-01 -2.05946E+01 -1.26337E+01 -5.63820E+00 -7.62564E-01  1.46809E-01  6.30035E-01  9.89828E+02   9.576   2.296  4.53700E+09  4.90070E+09  3.25302E+09  9.03287E+08  3.90933E+09  6.01176E+00  1.25459E+03   8.561   8.573
