  47
 0.110   0.900  2.31062E+07  2.70574E+07  2.29084E+07  1.36995E+02  0.00000E+00  0.00000E+00  0.00000E+00  2.31062E+07  2.70574E+07  2.29084E+07
 0.120   1.000  2.66259E+07  3.20227E+07  2.62905E+07  2.08844E+02  5.83137E+06  7.08943E+06  5.75010E+06  2.07945E+07  2.49332E+07  2.05404E+07
 0.130   1.137  3.45249E+07  4.21267E+07  3.39761E+07  2.77140E+02  9.48635E+06  1.16944E+07  9.32292E+06  2.50386E+07  3.04323E+07  2.46532E+07
 0.140   1.318  4.47381E+07  5.49800E+07  4.39287E+07  3.30988E+02  1.38205E+07  1.72167E+07  1.35364E+07  3.09176E+07  3.77633E+07  3.03924E+07
 0.150   1.454  5.69637E+07  6.97613E+07  5.59226E+07  3.55035E+02  1.71206E+07  2.13653E+07  1.67579E+07  3.98431E+07  4.83959E+07  3.91647E+07
 0.160   1.790  1.04158E+08  1.26514E+08  1.02487E+08  3.38025E+02  3.56260E+07  4.46673E+07  3.48641E+07  6.85318E+07  8.18464E+07  6.76232E+07
 0.170   1.934  1.35714E+08  1.65026E+08  1.33726E+08  3.35714E+02  3.65994E+07  4.60975E+07  3.57688E+07  9.91143E+07  1.18928E+08  9.79573E+07
 0.180   1.709  2.24262E+08  2.70190E+08  2.21681E+08  2.94195E+02  4.17828E+07  5.30261E+07  4.07666E+07  1.82480E+08  2.17163E+08  1.80914E+08
 0.190   2.271  2.91386E+08  3.57372E+08  2.87721E+08  3.49031E+02  5.93273E+07  7.55032E+07  5.78845E+07  2.32058E+08  2.81869E+08  2.29837E+08
 0.200   2.764  3.57504E+08  4.44585E+08  3.52623E+08  4.07019E+02  8.51775E+07  1.08266E+08  8.32841E+07  2.72326E+08  3.36319E+08  2.69339E+08
 0.210   3.118  5.52664E+08  6.76470E+08  5.46110E+08  3.79019E+02  1.12090E+08  1.43699E+08  1.09503E+08  4.40574E+08  5.32771E+08  4.36607E+08
 0.220   2.633  6.96508E+08  8.56618E+08  6.88786E+08  3.82290E+02  1.00127E+08  1.29515E+08  9.74880E+07  5.96381E+08  7.27104E+08  5.91298E+08
 0.230   3.282  8.55354E+08  1.06659E+09  8.44813E+08  4.50143E+02  1.40816E+08  1.81936E+08  1.37277E+08  7.14538E+08  8.84652E+08  7.07536E+08
 0.240   4.113  1.03375E+09  1.29945E+09  1.02019E+09  5.04459E+02  1.74951E+08  2.27094E+08  1.70484E+08  8.58802E+08  1.07235E+09  8.49708E+08
 0.250   3.799  1.13236E+09  1.43658E+09  1.11629E+09  5.72314E+02  1.65434E+08  2.16683E+08  1.60705E+08  9.66929E+08  1.21989E+09  9.55582E+08
 0.260   3.965  1.32827E+09  1.68651E+09  1.30896E+09  6.11896E+02  1.74466E+08  2.29906E+08  1.69108E+08  1.15380E+09  1.45660E+09  1.13985E+09
 0.270   3.243  1.47969E+09  1.88410E+09  1.45768E+09  6.52833E+02  1.65882E+08  2.19503E+08  1.60419E+08  1.31381E+09  1.66460E+09  1.29726E+09
 0.280   3.816  1.90484E+09  2.41577E+09  1.87745E+09  6.57060E+02  2.34467E+08  3.10796E+08  2.26986E+08  1.67038E+09  2.10497E+09  1.65046E+09
 0.290   3.164  2.07832E+09  2.64761E+09  2.04876E+09  6.82608E+02  1.64959E+08  2.20279E+08  1.58765E+08  1.91336E+09  2.42733E+09  1.89000E+09
 0.300   4.632  2.48015E+09  3.18686E+09  2.44342E+09  7.42231E+02  2.37576E+08  3.17073E+08  2.29253E+08  2.24258E+09  2.86978E+09  2.21416E+09
 0.310   4.997  2.59288E+09  3.36997E+09  2.55077E+09  8.42829E+02  2.43210E+08  3.25914E+08  2.34257E+08  2.34967E+09  3.04405E+09  2.31652E+09
 0.320   5.853  2.88314E+09  3.75338E+09  2.83458E+09  9.03101E+02  2.73594E+08  3.67627E+08  2.63266E+08  2.60955E+09  3.38576E+09  2.57131E+09
 0.330   4.032  3.33768E+09  4.30983E+09  3.28468E+09  8.85156E+02  2.31046E+08  3.12381E+08  2.21402E+08  3.10663E+09  3.99744E+09  3.06328E+09
 0.340   8.314  3.91163E+09  5.08617E+09  3.84808E+09  9.36210E+02  3.23107E+08  4.36967E+08  3.09946E+08  3.58853E+09  4.64920E+09  3.53813E+09
 0.350   6.451  4.20240E+09  5.48875E+09  4.13278E+09  9.88353E+02  2.97999E+08  4.04579E+08  2.85203E+08  3.90440E+09  5.08417E+09  3.84758E+09
 0.360   6.022  5.57778E+09  7.26797E+09  5.49033E+09  9.77412E+02  9.77068E+08  1.30576E+09  9.53959E+08  4.60071E+09  5.96220E+09  4.53637E+09
 0.370   7.742  6.22167E+09  8.11185E+09  6.12584E+09  9.93601E+02  8.87119E+08  1.18969E+09  8.64469E+08  5.33455E+09  6.92216E+09  5.26138E+09
 0.380   9.860  8.58158E+09  1.11988E+10  8.45605E+09  9.87678E+02  2.28377E+09  3.03962E+09  2.24120E+09  6.29781E+09  8.15918E+09  6.21485E+09
 0.390  10.026  1.00696E+10  1.29771E+10  9.93663E+09  9.21007E+02  1.82688E+09  2.44534E+09  1.78813E+09  8.24277E+09  1.05318E+10  8.14851E+09
 0.400   9.155  1.19399E+10  1.54108E+10  1.17894E+10  9.13409E+02  1.89367E+09  2.55402E+09  1.85124E+09  1.00462E+10  1.28567E+10  9.93815E+09
 0.410  10.021  1.45919E+10  1.89003E+10  1.44139E+10  9.21718E+02  2.31042E+09  3.12756E+09  2.25811E+09  1.22815E+10  1.57728E+10  1.21558E+10
 0.420   9.928  1.60561E+10  2.09506E+10  1.58542E+10  9.81452E+02  2.61363E+09  3.53088E+09  2.55575E+09  1.34425E+10  1.74197E+10  1.32984E+10
 0.430   9.761  1.97256E+10  2.55579E+10  1.94967E+10  9.40271E+02  2.58189E+09  3.51627E+09  2.52040E+09  1.71438E+10  2.20416E+10  1.69763E+10
 0.440  10.872  2.21831E+10  2.90133E+10  2.19208E+10  9.91892E+02  3.38524E+09  4.55726E+09  3.31592E+09  1.87979E+10  2.44561E+10  1.86049E+10
 0.450   9.189  2.42675E+10  3.17385E+10  2.39776E+10  1.02896E+03  2.81862E+09  3.85055E+09  2.74933E+09  2.14489E+10  2.78879E+10  2.12282E+10
 0.460   9.081  2.62269E+10  3.44982E+10  2.59072E+10  1.07881E+03  3.04276E+09  4.14158E+09  2.97168E+09  2.31841E+10  3.03567E+10  2.29355E+10
 0.470  10.499  2.86060E+10  3.80703E+10  2.82303E+10  1.19332E+03  3.57381E+09  4.89737E+09  3.48722E+09  2.50322E+10  3.31730E+10  2.47431E+10
 0.480   8.847  2.85872E+10  3.82826E+10  2.81855E+10  1.30088E+03  3.09169E+09  4.26855E+09  3.00962E+09  2.54955E+10  3.40141E+10  2.51759E+10
 0.490   7.559  2.83322E+10  3.79507E+10  2.79167E+10  1.37468E+03  2.45641E+09  3.40982E+09  2.38257E+09  2.58758E+10  3.45409E+10  2.55341E+10
 0.500   8.599  3.20407E+10  4.30969E+10  3.15624E+10  1.43264E+03  3.15170E+09  4.36295E+09  3.06207E+09  2.88890E+10  3.87340E+10  2.85003E+10
 0.510   6.671  3.02209E+10  4.08405E+10  2.97399E+10  1.54299E+03  2.37444E+09  3.30883E+09  2.29827E+09  2.78465E+10  3.75317E+10  2.74416E+10
 0.520   5.095  2.76470E+10  3.73622E+10  2.71845E+10  1.62879E+03  1.57953E+09  2.21632E+09  1.51834E+09  2.60674E+10  3.51459E+10  2.56661E+10
 0.530   3.239  2.29999E+10  3.09177E+10  2.26020E+10  1.67386E+03  7.66361E+08  1.07467E+09  7.29484E+08  2.22336E+10  2.98431E+10  2.18726E+10
 0.540   1.829  1.90748E+10  2.53219E+10  1.87449E+10  1.64931E+03  3.61693E+08  5.04098E+08  3.39418E+08  1.87131E+10  2.48178E+10  1.84055E+10
 0.550   4.160  3.49391E+10  4.68804E+10  3.43914E+10  1.60986E+03  2.09514E+09  2.85595E+09  2.03320E+09  3.28439E+10  4.40245E+10  3.23582E+10
 0.560   3.036  3.98017E+10  5.32182E+10  3.91260E+10  1.70679E+03  7.35773E+09  1.02367E+10  7.12920E+09  3.24440E+10  4.29815E+10  3.19968E+10
 0.570   9.576  6.68520E+10  9.12728E+10  6.55962E+10  1.96340E+03  1.91259E+10  2.67157E+10  1.85763E+10  4.77261E+10  6.45572E+10  4.70199E+10
