  47
 0.110   0.900  1.10467E-01  1.16903E-01  1.06579E-01
 0.120   1.000  4.07235E-02  4.25313E-02  4.87602E-02
 0.130   1.137  3.92963E-02  4.66945E-02  3.80876E-02
 0.140   1.318  6.65656E-02  6.12006E-02  7.23070E-02
 0.150   1.454  1.35479E-01  1.54621E-01  1.04352E-01
 0.160   1.790  3.62595E-01  4.19039E-01  2.98635E-01
 0.170   1.934  3.97281E-01  4.37152E-01  3.67521E-01
 0.180   1.709  8.27851E-01  8.17929E-01  8.74688E-01
 0.190   2.271  5.19601E-01  5.83956E-01  5.06167E-01
 0.200   2.764  3.62331E-01  3.37584E-01  4.07408E-01
 0.210   3.118  2.16429E+00  2.26219E+00  1.83650E+00
 0.220   2.633  1.67620E+00  1.47576E+00  1.79602E+00
 0.230   3.282  1.60063E+00  1.75428E+00  1.19800E+00
 0.240   4.113  1.33160E+00  1.45881E+00  1.28992E+00
 0.250   3.799  1.18903E+00  1.13169E+00  1.18251E+00
 0.260   3.965  1.91278E+00  1.82461E+00  1.91876E+00
 0.270   3.243  2.35969E+00  2.52070E+00  1.86543E+00
 0.280   3.816  3.90894E+00  3.78247E+00  3.47048E+00
 0.290   3.164  2.87562E+00  3.21557E+00  2.47231E+00
 0.300   4.632  1.70153E+00  1.45616E+00  2.25365E+00
 0.310   4.997  1.21885E+00  1.15118E+00  1.22339E+00
 0.320   5.853  2.55253E+00  2.38853E+00  2.61595E+00
 0.330   4.032  5.64354E+00  5.42322E+00  5.55642E+00
 0.340   8.314  2.49638E+00  2.27095E+00  2.84321E+00
 0.350   6.451  3.04992E+00  3.10635E+00  3.08417E+00
 0.360   6.022  5.33446E+00  5.32507E+00  5.96464E+00
 0.370   7.742  5.38289E+00  5.06938E+00  5.88265E+00
 0.380   9.860  7.09878E+00  6.98057E+00  7.77985E+00
 0.390  10.026  1.75548E+01  1.79590E+01  1.69232E+01
 0.400   9.155  1.63067E+01  1.66874E+01  1.57758E+01
 0.410  10.021  1.36005E+01  1.22213E+01  1.64197E+01
 0.420   9.928  1.30517E+01  1.30488E+01  1.30470E+01
 0.430   9.761  2.75088E+01  2.55773E+01  2.96118E+01
 0.440  10.872  1.40045E+01  1.39970E+01  1.36962E+01
 0.450   9.189  2.50635E+01  2.46986E+01  2.59601E+01
 0.460   9.081  1.86634E+01  1.75235E+01  1.99475E+01
 0.470  10.499  9.77885E+00  1.01078E+01  9.32970E+00
 0.480   8.847  1.22181E+01  1.22979E+01  1.16053E+01
 0.490   7.559  2.01884E+01  1.98004E+01  1.96334E+01
 0.500   8.599  1.22408E+01  1.09349E+01  1.45506E+01
 0.510   6.671  1.50497E+01  1.63680E+01  1.22043E+01
 0.520   5.095  1.68667E+01  1.73735E+01  1.54042E+01
 0.530   3.239  1.96732E+01  1.92540E+01  2.04922E+01
 0.540   1.829  2.73700E+01  2.56796E+01  2.96768E+01
 0.550   4.160  2.00617E+01  1.95063E+01  2.30752E+01
 0.560   3.036  3.57363E+01  3.34943E+01  3.93647E+01
 0.570   9.576  1.37444E+01  1.29826E+01  1.68697E+01
