  41
 0.100   0.863   0.500  6.38512E-02  7.83393E-02  4.82974E-02
 0.110   1.000   0.500  1.59229E-02  1.74903E-02  1.45911E-02
 0.120   1.119   0.500  2.62629E-02  3.19309E-02  1.97891E-02
 0.130   1.000   0.500  1.22341E-01  1.15400E-01  1.17912E-01
 0.140   1.206   0.620  4.49821E-01  5.29314E-01  3.10908E-01
 0.150   1.707   0.675  8.40096E-01  9.24857E-01  6.82956E-01
 0.160   1.975   0.693  2.58648E+00  2.52909E+00  2.43371E+00
 0.170   2.287   0.995  1.74160E+00  1.89392E+00  1.43589E+00
 0.180   2.323   0.500  4.03456E+00  4.19717E+00  3.42718E+00
 0.190   2.459   0.850  3.22332E+00  3.46237E+00  3.03102E+00
 0.200   2.536   0.575  4.32402E+00  4.31730E+00  4.42482E+00
 0.210   2.770   0.815  3.90166E+00  4.12748E+00  3.60455E+00
 0.220   3.114   1.023  4.72897E+00  4.44261E+00  5.58080E+00
 0.230   3.000   0.862  3.79567E+00  3.73892E+00  3.71859E+00
 0.240   2.939   0.645  8.47425E+00  8.10343E+00  8.22737E+00
 0.250   2.783   0.675  3.75521E+00  3.54515E+00  4.51004E+00
 0.260   3.589   0.766  2.93561E+00  2.84196E+00  3.04366E+00
 0.270   3.473   0.552  7.04978E+00  7.14941E+00  6.25401E+00
 0.280   4.576   0.722  4.20156E+00  4.31149E+00  4.53464E+00
 0.290   4.695   0.891  4.85145E+00  4.78093E+00  4.96186E+00
 0.300   5.657   1.117  2.99322E+00  3.00188E+00  3.22344E+00
 0.310   5.664   1.058  2.94622E+00  2.96482E+00  2.86144E+00
 0.320   5.120   1.749  3.34387E+00  3.16160E+00  3.71637E+00
 0.330   4.586   1.267  5.39336E+00  5.46080E+00  4.88979E+00
 0.340   4.386   0.587  3.64697E+00  3.66216E+00  3.77633E+00
 0.350   4.570   0.868  2.93181E+00  2.83470E+00  3.05216E+00
 0.360   4.493   0.743  2.32035E+00  2.25938E+00  2.36194E+00
 0.370   5.005   0.778  1.90399E+00  1.80842E+00  2.07996E+00
 0.380   4.898   0.851  1.37869E+00  1.31441E+00  1.49224E+00
 0.390   5.169   0.527  1.81994E+00  1.81255E+00  1.62409E+00
 0.400   5.462   0.523  1.41521E+00  1.50725E+00  1.26059E+00
 0.410   6.285   0.647  7.51316E-01  7.03416E-01  8.71829E-01
 0.420   7.876   0.726  4.63028E-01  4.45794E-01  4.81215E-01
 0.430   5.241   1.161  1.61832E+00  1.71236E+00  1.25981E+00
 0.440   3.329   1.351  1.42304E+00  1.46611E+00  1.15036E+00
 0.450   2.893   0.500  1.00331E+00  1.00520E+00  1.11526E+00
 0.460   2.725   0.500  4.87756E-01  4.67013E-01  5.48314E-01
 0.470   2.766   0.500  4.46641E-01  4.48099E-01  4.60200E-01
 0.480   2.887   0.500  3.10352E-01  3.02417E-01  3.24373E-01
 0.490   2.696   0.500  2.74780E-01  2.74244E-01  2.58029E-01
 0.500   2.825   0.500  1.72520E-01  1.63270E-01  2.08990E-01
