  41
 0.100 -6.47693E-02 -3.22419E-02  6.35823E-03 -3.38297E+00  1.24106E+01  2.48482E+00 -1.14666E-01 -9.41596E-02 -9.88932E-01  6.09604E+00   0.863   0.500  3.87645E+07  4.15139E+07  7.91738E+06  0.00000E+00  3.68303E+07  6.38512E-02  1.01905E+02   8.299   8.127
 0.110 -1.93207E-02  2.21367E-02  2.47457E-02 -2.49081E+00  1.59821E+01  1.76748E+01 -2.39388E-01  1.58772E-01 -9.57854E-01  1.37524E+01   1.000   0.500  6.31035E+07  6.18047E+07  9.68821E+06  1.12268E+06  6.82565E+07  1.59229E-02  2.06789E+02   8.108   8.051
 0.120 -1.51340E-01  7.33730E-02  1.36452E-01  1.25703E+01 -2.20366E+01 -2.40755E+01 -3.37888E-01  2.64974E-01 -9.03117E-01  1.49118E+01   1.119   0.500  1.03666E+08  1.02141E+08  1.09066E+07  1.37113E+06  7.79006E+07  2.62629E-02  2.39493E+02   7.984   8.098
 0.130  9.05040E-03 -1.82429E-02  1.10934E-03  1.09046E-01 -1.53411E+01 -1.39542E+01  9.61632E-01  1.36851E-01 -2.37772E-01  1.55094E+01   1.000   0.500  1.10997E+08  1.18899E+08  2.20940E+07  1.69133E+06  6.43490E+07  1.22341E-01  1.97873E+02   8.210   8.199
 0.140 -1.76564E-04 -1.10257E-01 -2.39389E-02 -7.40162E+00 -6.22222E+00  8.22855E-01 -9.82476E-02 -1.20211E-01 -9.87875E-01  1.16254E+01   1.206   0.620  1.94680E+08  2.16753E+08  4.80000E+07  2.03169E+06  7.63209E+07  4.49821E-01  1.43581E+02   8.189   8.367
 0.150  5.37893E-02 -3.65936E-02 -2.64530E-02 -3.31578E+00 -2.59038E+00  4.13583E+00 -7.07813E-01 -5.21753E-01 -4.76209E-01  2.54067E+01   1.707   0.675  3.95760E+08  4.46013E+08  9.53660E+07  3.54829E+06  1.40753E+08  8.40096E-01  1.34284E+02   8.320   8.394
 0.160  4.57151E-02 -1.45483E-01  8.51128E-02 -1.06707E+01 -3.80805E+00  4.12837E+00 -6.85610E-01 -3.09566E-01 -6.58869E-01  5.66704E+01   1.975   0.693  3.63896E+08  5.62913E+08  3.51529E+08  1.91800E+07  1.95458E+08  2.58648E+00  1.14755E+02   8.540   8.444
 0.170  9.12138E-02 -1.79205E-01 -2.38481E-01 -6.21644E+00 -9.74870E+00  1.81576E+01 -9.03980E-01 -3.33820E-01 -2.67180E-01  8.93058E+01   2.287   0.995  4.80374E+08  5.85469E+08  3.52010E+08  2.34604E+07  3.39454E+08  1.74160E+00  1.73796E+02   8.359   8.454
 0.180  1.41136E-01 -7.36334E-02 -1.18033E-01 -5.39269E+00 -2.45191E+01  2.73867E+01 -7.43462E-01 -3.72720E-01 -5.55288E-01  8.53111E+01   2.323   0.500  6.07889E+08  8.96987E+08  7.18230E+08  2.21463E+07  2.78929E+08  4.03456E+00  1.87016E+02   8.408   8.500
 0.190 -1.35187E-01  1.19529E-01 -1.59232E-01  8.94272E+00 -5.61530E+00 -1.10898E+01 -5.74799E-01 -6.55560E-01 -4.89742E-01  1.00222E+02   2.459   0.850  8.22132E+08  1.06302E+09  9.53941E+08  4.04502E+07  3.52673E+08  3.22332E+00  2.33947E+02   8.376   8.522
 0.200  1.19874E-01 -1.08891E-01  3.83100E-02 -3.25622E+00  1.20607E+00  4.01805E+00 -6.11332E-01 -7.86294E-01 -8.95243E-02  1.31114E+02   2.536   0.575  6.85508E+08  1.05086E+09  1.15183E+09  3.29737E+07  3.45938E+08  4.32402E+00  2.54312E+02   8.479   8.543
 0.210  1.01280E-01 -6.25603E-02 -2.09517E-01  2.17739E+01 -1.25748E+01  2.89509E+00 -4.81065E-01 -8.50609E-01 -2.12229E-01  1.90856E+02   2.770   0.815  9.18220E+08  1.21062E+09  1.48933E+09  1.00942E+08  4.56013E+08  3.90166E+00  2.96778E+02   8.406   8.528
 0.220  1.45114E-01  2.32854E-01 -2.33883E-01  2.28725E+01  2.16296E-01 -5.79285E+00 -3.97898E-01 -8.81493E-01 -2.54257E-01  1.82886E+02   3.114   1.023  7.51848E+08  1.21178E+09  2.09289E+09  1.32598E+08  6.02337E+08  4.72897E+00  3.27199E+02   8.537   8.533
 0.230 -2.04207E-01  2.62068E-02  2.56394E-02  1.22245E+00 -1.45133E+01  3.73783E+00  4.25849E-02 -9.93019E-01  1.10002E-01  1.24754E+02   3.000   0.862  9.42659E+08  1.23577E+09  1.68725E+09  9.01254E+07  5.62015E+08  3.79567E+00  4.17089E+02   8.501   8.587
 0.240 -1.65724E-01  4.13531E-02  5.65731E-03 -1.18999E+01  5.99030E+00 -9.15923E+00 -1.95925E-01 -9.65642E-01 -1.70730E-01  1.47228E+02   2.939   0.645  7.93697E+08  1.49812E+09  2.93721E+09  1.37542E+08  6.00508E+08  8.47425E+00  4.05190E+02   8.615   8.580
 0.250 -2.99681E-01  3.71554E-02  1.27757E-01 -1.71418E+01  8.04317E+00 -1.53564E+01 -2.39788E-01 -9.63239E-01 -1.21131E-01  1.85926E+02   2.783   0.675  5.66727E+08  9.42837E+08  3.27213E+09  1.52246E+08  6.17551E+08  3.75521E+00  4.64419E+02   8.654   8.597
 0.260 -2.89081E-01  7.17710E-02  2.62373E-01 -4.66418E+01  1.37804E+01 -6.64159E+00 -2.88061E-01 -9.55460E-01 -6.41602E-02  2.90017E+02   3.589   0.766  8.90806E+08  1.12287E+09  3.55943E+09  2.13965E+08  7.40928E+08  2.93561E+00  5.49719E+02   8.517   8.595
 0.270 -1.16814E-01  1.03030E-01 -2.23826E-01  3.06002E+00 -1.15184E+01  3.00583E+01 -2.96843E-01 -9.03970E-01 -3.07770E-01  2.95459E+02   3.473   0.552  1.16200E+09  1.68383E+09  3.95166E+09  1.93124E+08  6.67850E+08  7.04978E+00  5.81037E+02   8.515   8.591
 0.280 -4.00602E-01 -2.97344E-02  3.44885E-01 -1.88210E+01  1.87111E+01 -5.05609E+00 -3.68784E-01 -8.28198E-01 -4.22003E-01  3.24361E+02   4.576   0.722  1.14660E+09  1.50874E+09  4.58231E+09  3.43333E+08  9.03131E+08  4.20156E+00  6.34632E+02   8.562   8.582
 0.290 -5.21388E-01  2.72181E-01  2.91957E-01 -1.83663E+01  8.16952E+00  2.49255E+00 -4.40645E-01 -8.16589E-01 -3.72847E-01  3.53439E+02   4.695   0.891  1.15140E+09  1.54114E+09  4.88494E+09  3.60351E+08  9.71471E+08  4.85145E+00  6.93856E+02   8.555   8.585
 0.300  2.45663E-01 -2.15968E-01  5.14774E-02 -4.81799E+00 -4.91682E+00  3.88128E+01 -5.15529E-01 -7.79992E-01 -3.54743E-01  5.28255E+02   5.657   1.117  1.55782E+09  1.76355E+09  5.19932E+09  4.62762E+08  1.19087E+09  2.99322E+00  7.69348E+02   8.470   8.579
 0.310 -2.26800E-01 -1.85086E-01  5.19402E-01 -3.08381E+00 -1.38069E+01  2.67701E+01 -3.86987E-01 -8.42611E-01 -3.74497E-01  4.47311E+02   5.664   1.058  1.26645E+09  1.44926E+09  5.41730E+09  4.80742E+08  1.17990E+09  2.94622E+00  8.64482E+02   8.526   8.583
 0.320  1.92108E-01 -2.15773E-01  2.69701E-01  1.45993E+00 -7.96312E+00  8.46848E+00 -3.03273E-01 -8.54884E-01 -4.20949E-01  3.16567E+02   5.120   1.749  1.19192E+09  1.43195E+09  5.90316E+09  5.35550E+08  1.34983E+09  3.34387E+00  9.44277E+02   8.510   8.581
 0.330 -4.11025E-01 -4.45793E-02  1.68165E-01 -1.02044E+01  4.93664E+00  9.29498E+00 -2.82447E-01 -8.02918E-01 -5.24925E-01  3.28182E+02   4.586   1.267  1.41967E+09  1.76812E+09  6.22057E+09  4.99245E+08  1.15920E+09  5.39336E+00  1.00935E+03   8.486   8.591
 0.340 -2.15293E-01  2.84176E-01 -3.02594E-01  2.65237E+01  4.32285E-01 -1.53547E+01 -3.00217E-01 -7.52515E-01 -5.86167E-01  3.67579E+02   4.386   0.587  1.02464E+09  1.32817E+09  5.85653E+09  3.33868E+08  7.83246E+08  3.64697E+00  1.07263E+03   8.576   8.614
 0.350 -3.00203E-01  2.90830E-01 -9.40939E-02 -1.58212E+01  1.19507E+01  3.57505E-01 -2.97568E-01 -7.76487E-01 -5.55447E-01  4.29583E+02   4.570   0.868  9.68949E+08  1.18348E+09  6.47448E+09  5.02259E+08  9.80200E+08  2.93181E+00  1.13739E+03   8.601   8.606
 0.360 -2.50576E-01  3.84687E-01 -2.29903E-01 -3.73478E-01 -3.94673E+00  1.00850E+01 -2.35132E-01 -7.63657E-01 -6.01283E-01  4.05830E+02   4.493   0.743  8.88778E+08  1.05649E+09  6.16738E+09  4.64430E+08  9.19509E+08  2.32035E+00  1.24688E+03   8.622   8.614
 0.370 -9.38108E-01  3.86442E-01  1.96782E-01 -2.52111E+01  1.33725E+01 -2.15408E+00 -3.29880E-01 -7.01493E-01 -6.31733E-01  4.29029E+02   5.005   0.778  7.10749E+08  8.57947E+08  6.74415E+09  5.73103E+08  1.00689E+09  1.90399E+00  1.33136E+03   8.653   8.611
 0.380 -4.13649E-01  2.86050E-01 -8.85758E-02 -6.41434E+00  3.26074E+00  3.84060E+00 -3.93622E-01 -6.65551E-01 -6.34116E-01  4.30779E+02   4.898   0.851  6.44400E+08  7.36713E+08  6.93414E+09  6.09301E+08  1.03923E+09  1.37869E+00  1.45414E+03   8.666   8.612
 0.390 -1.86398E-01  1.05002E-01  5.05023E-03 -6.02756E+00 -1.20580E+01  1.59143E+01 -3.75448E-01 -6.51236E-01 -6.59493E-01  4.52473E+02   5.169   0.527  7.31694E+08  8.44242E+08  6.12832E+09  4.37990E+08  7.88068E+08  1.81994E+00  1.56743E+03   8.614   8.630
 0.400 -2.90083E-01  4.59907E-01 -2.72842E-01  7.27283E+00 -7.39577E+00  5.95715E+00 -4.11952E-01 -6.07862E-01 -6.78822E-01  4.91409E+02   5.462   0.523  6.83709E+08  7.67059E+08  6.13668E+09  4.66994E+08  8.22154E+08  1.41521E+00  1.68659E+03   8.604   8.632
 0.410 -2.13571E-01  8.84517E-02  6.55494E-02 -1.18517E+01 -1.26371E+01  1.70311E+01 -4.09891E-01 -6.39882E-01 -6.50031E-01  5.42360E+02   6.285   0.647  5.89399E+08  6.36999E+08  6.93691E+09  6.37685E+08  9.83692E+08  7.51316E-01  1.80461E+03   8.626   8.619
 0.420 -9.18554E-01  6.85121E-01 -1.39542E-01  1.16533E+01 -1.64264E+01  8.19708E+00 -3.95689E-01 -6.38318E-01 -6.60289E-01  6.62014E+02   7.876   0.726  6.93124E+08  7.03450E+08  7.07589E+09  7.09345E+08  1.17782E+09  4.63028E-01  1.94673E+03   8.578   8.615
 0.430  1.90632E-01 -2.69586E-01 -2.32732E-02  2.29192E+01 -2.68849E+01  2.50151E+01 -2.66236E-01 -7.56270E-01 -5.97641E-01  4.37750E+02   5.241   1.161  7.57645E+08  8.18113E+08  6.76000E+09  5.94175E+08  1.14972E+09  1.61832E+00  2.10658E+03   8.549   8.619
 0.440  3.52070E-02 -2.00154E-01 -1.46940E-01 -5.21873E+01 -1.35753E+01  2.76134E+00  2.80653E-01 -7.89486E-01 -5.45844E-01  2.38494E+02   3.329   1.351  5.32125E+08  6.02039E+08  3.32962E+09  4.94737E+08  8.29471E+08  1.42304E+00  2.26491E+03   8.656   8.642
 0.450 -1.43385E-01 -6.64381E-04 -8.26635E-02 -3.01903E+00  7.91754E+00 -8.01457E+00  3.97751E-01 -8.63739E-01 -3.09433E-01  2.77109E+02   2.893   0.500  2.99741E+08  3.85059E+08  2.56196E+09  2.96237E+08  4.89269E+08  1.00331E+00  2.30676E+03   8.767   8.663
 0.460 -6.15539E-02  8.68072E-03 -1.50454E-02 -1.24535E+01 -4.18548E+00 -4.15522E+00  5.15545E-01 -8.48710E-01 -1.17916E-01  3.09018E+02   2.725   0.500  2.43168E+08  2.83210E+08  2.64801E+09  3.17526E+08  5.02321E+08  4.87756E-01  2.43835E+03   8.793   8.671
 0.470  1.26927E-02  1.06528E-01  4.90717E-02 -1.15291E+01  7.93450E-01  3.19094E+00  5.67073E-01 -8.22673E-01 -4.04591E-02  3.17642E+02   2.766   0.500  2.27734E+08  2.59294E+08  2.67703E+09  3.19966E+08  5.09721E+08  4.46641E-01  2.56599E+03   8.776   8.674
 0.480 -8.34822E-02 -3.57635E-02  9.74676E-02 -1.19916E+01 -7.52883E+00 -5.74481E+00  6.05290E-01 -7.94396E-01 -5.05947E-02  3.41939E+02   2.887   0.500  1.99294E+08  2.21026E+08  2.80489E+09  3.36763E+08  5.26681E+08  3.10352E-01  2.67051E+03   8.799   8.675
 0.490  2.95332E-02  8.46663E-03 -7.92187E-02 -2.54359E+00  2.42901E+00 -1.60655E+01  6.72280E-01 -7.40065E-01  1.85408E-02  3.04327E+02   2.696   0.500  1.77902E+08  1.93898E+08  2.66059E+09  3.22060E+08  4.93093E+08  2.74780E-01  2.83430E+03   8.778   8.678
 0.500 -2.52031E-02  2.72527E-03  7.76109E-03  1.41689E+00  5.09130E+00 -2.83323E-01  5.50919E-01 -8.29238E-01 -9.40912E-02  2.96396E+02   2.825   0.500  1.39235E+08  1.52023E+08  2.75456E+09  3.30218E+08  4.87440E+08  1.72520E-01  2.94433E+03   8.813   8.676
