  41
 0.100        21929  0.22158E-02 -0.23010E-02 -0.68177E-03 -0.99247E+01  0.31751E+01  0.23384E+00 -0.11467E+00 -0.94160E-01 -0.98893E+00   0.863   0.500
 0.110        22780 -0.56216E-03  0.16865E-02 -0.37478E-03 -0.36710E+02  0.92258E+01  0.33274E+02 -0.23939E+00  0.15877E+00 -0.95785E+00   1.000   0.500
 0.120        20755  0.10233E-02  0.11256E-02 -0.14326E-02 -0.64422E+02 -0.92390E+02  0.41979E+02 -0.33789E+00  0.26497E+00 -0.90312E+00   1.119   0.500
 0.130        33080  0.28787E-02 -0.66431E-03  0.22144E-03 -0.86720E+01 -0.49034E+02  0.68840E+01  0.96163E+00  0.13685E+00 -0.23777E+00   1.000   0.500
 0.140        20067 -0.26258E-02  0.14323E-02  0.95485E-03  0.40237E+02 -0.47199E+02 -0.22157E+02 -0.98248E-01 -0.12021E+00 -0.98787E+00   1.206   0.620
 0.150       112207  0.17900E-02 -0.26849E-02 -0.25571E-03 -0.53424E+02  0.98695E+01 -0.76068E+02 -0.70781E+00 -0.52175E+00 -0.47621E+00   1.707   0.675
 0.160        81702  0.19098E-02 -0.81850E-03  0.54567E-03  0.10887E+03 -0.25535E+00 -0.45805E+02 -0.68561E+00 -0.30957E+00 -0.65887E+00   1.975   0.693
 0.170       120779 -0.86997E-03 -0.43498E-03  0.57998E-03 -0.26515E+02 -0.95392E+02  0.28046E+02 -0.90398E+00 -0.33382E+00 -0.26718E+00   2.287   0.995
 0.180       206208 -0.92022E-03  0.30674E-03 -0.21472E-02 -0.44779E+02  0.28539E+02 -0.47118E+02 -0.74346E+00 -0.37272E+00 -0.55529E+00   2.323   0.500
 0.190        36383  0.97133E-03  0.80944E-03 -0.19427E-02  0.23382E+03  0.12304E+03  0.16020E+03 -0.57480E+00 -0.65556E+00 -0.48974E+00   2.459   0.850
 0.200       273023  0.68168E-03 -0.51126E-03 -0.10225E-02 -0.13819E+03 -0.10805E+02 -0.18773E+03 -0.61133E+00 -0.78629E+00 -0.89524E-01   2.536   0.575
 0.210        46353  0.17899E-02  0.71597E-03  0.28639E-02 -0.12283E+02 -0.30204E+02 -0.10194E+03 -0.48106E+00 -0.85061E+00 -0.21223E+00   2.770   0.815
 0.220       654730 -0.11241E-02 -0.16861E-02 -0.74937E-03  0.92352E+02 -0.60724E+02 -0.10923E+03 -0.39790E+00 -0.88149E+00 -0.25426E+00   3.114   1.023
 0.230       186010  0.11765E-02  0.00000E+00 -0.39216E-03 -0.18379E+03  0.69762E+02  0.17833E+03  0.42585E-01 -0.99302E+00  0.11000E+00   3.000   0.862
 0.240      1011623  0.12272E-02  0.18409E-02 -0.40908E-03  0.90287E+01  0.18895E+02  0.14619E+03 -0.19593E+00 -0.96564E+00 -0.17073E+00   2.939   0.645
 0.250       208234  0.00000E+00 -0.85182E-03 -0.42591E-03 -0.36430E+03 -0.60067E+01 -0.10405E+03 -0.23979E+00 -0.96324E+00 -0.12113E+00   2.783   0.675
 0.260       494942  0.22162E-02 -0.88649E-03 -0.13297E-02  0.24587E+03 -0.25480E+03  0.11493E+03 -0.28806E+00 -0.95546E+00 -0.64160E-01   3.589   0.766
 0.270       574693  0.46015E-03 -0.46015E-03 -0.18406E-02  0.64459E+02 -0.95076E+02  0.88829E+01 -0.29684E+00 -0.90397E+00 -0.30777E+00   3.473   0.552
 0.280       186041 -0.28627E-02  0.14313E-02  0.47711E-03 -0.56581E+02 -0.20092E+02  0.15252E+01 -0.36878E+00 -0.82820E+00 -0.42200E+00   4.576   0.722
 0.290       202063 -0.49441E-03 -0.12360E-02 -0.24721E-02 -0.10101E+03 -0.54475E+02  0.30798E+02 -0.44065E+00 -0.81659E+00 -0.37285E+00   4.695   0.891
 0.300       118421 -0.15343E-02  0.10228E-02  0.25571E-02 -0.18940E+03  0.13699E+03 -0.89445E+02 -0.51553E+00 -0.77999E+00 -0.35474E+00   5.657   1.117
 0.310      1627796 -0.52817E-03  0.00000E+00 -0.15845E-02  0.34762E+02  0.10698E+03  0.13671E+02 -0.38699E+00 -0.84261E+00 -0.37450E+00   5.664   1.058
 0.320       399392  0.21821E-02  0.00000E+00 -0.54552E-03  0.19405E+03 -0.17091E+03  0.10380E+03 -0.30327E+00 -0.85488E+00 -0.42095E+00   5.120   1.749
 0.330       601382  0.28122E-02  0.19686E-02  0.33747E-02  0.14908E+03  0.15564E+03 -0.30414E+02 -0.28245E+00 -0.80292E+00 -0.52492E+00   4.586   1.267
 0.340      1368627  0.11592E-02  0.00000E+00 -0.23184E-02  0.54412E+02  0.17545E+03 -0.17618E+03 -0.30022E+00 -0.75251E+00 -0.58617E+00   4.386   0.587
 0.350       313870  0.00000E+00 -0.29814E-03 -0.17888E-02 -0.19479E+03  0.13110E+03  0.24725E+02 -0.29757E+00 -0.77649E+00 -0.55545E+00   4.570   0.868
 0.360       512367  0.00000E+00  0.21467E-02 -0.24534E-02 -0.46315E+02  0.33032E+02 -0.19786E+03 -0.23513E+00 -0.76366E+00 -0.60128E+00   4.493   0.743
 0.370      2853010  0.00000E+00 -0.12607E-02  0.63037E-03  0.27519E+01 -0.52991E+02  0.75848E+02 -0.32988E+00 -0.70149E+00 -0.63173E+00   5.005   0.778
 0.380        53843  0.64758E-03  0.19427E-02  0.19427E-02 -0.11249E+03 -0.23214E+01 -0.29446E+03 -0.39362E+00 -0.66555E+00 -0.63412E+00   4.898   0.851
 0.390       535951  0.00000E+00 -0.66445E-03  0.66445E-03 -0.12431E+03  0.12919E+03  0.14872E+03 -0.37545E+00 -0.65124E+00 -0.65949E+00   5.169   0.527
 0.400      1078788  0.68170E-03  0.34085E-03  0.13634E-02 -0.60695E+02 -0.24497E+03  0.18782E+03 -0.41195E+00 -0.60786E+00 -0.67882E+00   5.462   0.523
 0.410       107709  0.69845E-03  0.69845E-03  0.69845E-03 -0.13611E+03  0.59777E+02  0.13377E+03 -0.40989E+00 -0.63988E+00 -0.65003E+00   6.285   0.647
 0.420      3171561  0.71566E-03 -0.10735E-02 -0.71566E-03  0.79845E+02  0.10601E+03 -0.15051E+03 -0.39569E+00 -0.63832E+00 -0.66029E+00   7.876   0.726
 0.430       127091 -0.21973E-02  0.14649E-02  0.73245E-03 -0.78901E+01  0.16149E+03 -0.55709E+02 -0.26624E+00 -0.75627E+00 -0.59764E+00   5.241   1.161
 0.440      1964744  0.74943E-03  0.74943E-03 -0.74943E-03  0.21057E+03  0.86257E+02  0.61865E+02  0.28065E+00 -0.78949E+00 -0.54584E+00   3.329   1.351
 0.450       634923  0.76646E-03 -0.76646E-03  0.76646E-03  0.21489E+02  0.56815E+02  0.38834E+03  0.39775E+00 -0.86374E+00 -0.30943E+00   2.893   0.500
 0.460      1866210  0.00000E+00 -0.23530E-02  0.00000E+00  0.19280E+03  0.26008E+03  0.19336E+02  0.51554E+00 -0.84871E+00 -0.11792E+00   2.725   0.500
 0.470       772067  0.80112E-03 -0.80112E-03  0.80112E-03  0.43406E+02 -0.15074E+02 -0.65649E+02  0.56707E+00 -0.82267E+00 -0.40459E-01   2.766   0.500
 0.480      1689053  0.00000E+00  0.16355E-02  0.00000E+00  0.39660E+01 -0.75500E+02  0.18733E+03  0.60529E+00 -0.79440E+00 -0.50595E-01   2.887   0.500
 0.490      1475264  0.83492E-03 -0.83492E-03  0.16698E-02  0.21456E+03  0.22918E+03 -0.57256E+02  0.67228E+00 -0.74006E+00  0.18541E-01   2.696   0.500
 0.500       989411 -0.85247E-03  0.17049E-02  0.00000E+00  0.17548E+03 -0.21216E+03 -0.50854E+02  0.55092E+00 -0.82924E+00 -0.94091E-01   2.825   0.500
