  41
 0.100  5.75000E+00  5.30295E+09  6.29737E+01
 0.110  7.25000E+00  7.56767E+09  6.69956E+01
 0.120  8.50000E+00  9.75977E+09  7.02659E+01
 0.130  1.07500E+01  1.54946E+10  7.87264E+01
 0.140  1.37500E+01  2.49702E+10  8.83678E+01
 0.150  1.57500E+01  3.17311E+10  9.30758E+01
 0.160  1.77500E+01  3.77916E+10  9.56825E+01
 0.170  2.02500E+01  4.65183E+10  9.93879E+01
 0.180  2.20000E+01  5.02874E+10  9.91408E+01
 0.190  2.42500E+01  5.68390E+10  1.00393E+02
 0.200  2.70000E+01  6.74319E+10  1.03630E+02
 0.210  3.05000E+01  8.33778E+10  1.08420E+02
 0.220  3.45000E+01  1.06742E+11  1.15343E+02
 0.230  3.77500E+01  1.22369E+11  1.18063E+02
 0.240  4.05000E+01  1.33498E+11  1.19054E+02
 0.250  4.32500E+01  1.44311E+11  1.19782E+02
 0.260  4.57500E+01  1.52622E+11  1.19770E+02
 0.270  4.77500E+01  1.53254E+11  1.17477E+02
 0.280  4.92500E+01  1.52946E+11  1.15558E+02
 0.290  5.07500E+01  1.49887E+11  1.12693E+02
 0.300  5.17500E+01  1.44780E+11  1.09682E+02
 0.310  5.32500E+01  1.43239E+11  1.07549E+02
 0.320  5.47500E+01  1.42609E+11  1.05831E+02
 0.330  5.67500E+01  1.45290E+11  1.04922E+02
 0.340  5.90000E+01  1.50709E+11  1.04804E+02
 0.350  6.15000E+01  1.56987E+11  1.04768E+02
 0.360  6.37500E+01  1.61636E+11  1.04415E+02
 0.370  6.52500E+01  1.60791E+11  1.02938E+02
 0.380  6.77500E+01  1.66219E+11  1.02712E+02
 0.390  7.17500E+01  1.84468E+11  1.05144E+02
 0.400  8.15000E+01  2.51674E+11  1.15232E+02
 0.410  8.52500E+01  2.69878E+11  1.16673E+02
 0.420  8.85000E+01  2.82565E+11  1.17172E+02
 0.430  9.10000E+01  2.87574E+11  1.16570E+02
 0.440  9.37500E+01  2.95025E+11  1.16326E+02
 0.450  9.62500E+01  2.99563E+11  1.15685E+02
 0.460  9.90000E+01  3.07453E+11  1.15560E+02
 0.470  1.08500E+02  3.81160E+11  1.22906E+02
 0.480  1.12750E+02  4.05580E+11  1.24370E+02
 0.490  1.16500E+02  4.22002E+11  1.24804E+02
 0.500  1.19750E+02  4.33788E+11  1.24806E+02
