  41
 0.100 -6.47693E-02 -3.22419E-02  6.35823E-03 -3.38297E+00  1.24106E+01  2.48482E+00   0.863  4.01746E+07  7.79160E+07  8.64503E+07  0.00000E+00  5.16039E+08  4.28299E-01  1.30200E+02   8.296   8.076
 0.110 -1.93207E-02  2.21367E-02  2.47457E-02 -2.49081E+00  1.59821E+01  1.76748E+01   1.000  6.54453E+07  8.93577E+07  1.11708E+08  8.78329E+06  8.11928E+08  3.15994E-01  1.85358E+02   8.111   8.121
 0.120 -1.51340E-01  7.33730E-02  1.36452E-01  1.25703E+01 -2.20366E+01 -2.40755E+01   1.119  1.07240E+08  1.38973E+08  1.48235E+08  1.48047E+07  9.76293E+08  4.26481E-01  2.24453E+02   7.979   8.114
 0.130  9.05040E-03 -1.82429E-02  1.10934E-03  1.09046E-01 -1.53411E+01 -1.39542E+01   1.000  1.11917E+08  1.73789E+08  2.04282E+08  1.91125E+07  8.81598E+08  6.79029E-01  2.38069E+02   8.210   8.172
 0.140 -1.76564E-04 -1.10257E-01 -2.39389E-02 -7.40162E+00 -6.22222E+00  8.22855E-01   1.206  2.12945E+08  3.02054E+08  3.01956E+08  2.46126E+07  1.21216E+09  1.28348E+00  2.47088E+02   8.171   8.238
 0.150  5.37893E-02 -3.65936E-02 -2.64530E-02 -3.31578E+00 -2.59038E+00  4.13583E+00   1.707  4.58336E+08  7.20049E+08  6.29565E+08  7.23363E+07  2.31482E+09  3.40338E+00  2.09826E+02   8.276   8.306
 0.160  4.57151E-02 -1.45483E-01  8.51128E-02 -1.06707E+01 -3.80805E+00  4.12837E+00   1.975  4.26567E+08  7.46801E+08  1.01293E+09  1.10954E+08  2.96953E+09  3.75139E+00  2.20829E+02   8.487   8.408
 0.170  9.12138E-02 -1.79205E-01 -2.38481E-01 -6.21644E+00 -9.74870E+00  1.81576E+01   2.287  5.53990E+08  7.54434E+08  1.24179E+09  1.32608E+08  3.79717E+09  2.61133E+00  2.79126E+02   8.328   8.453
 0.180  1.41136E-01 -7.36334E-02 -1.18033E-01 -5.39269E+00 -2.45191E+01  2.73867E+01   2.323  7.18806E+08  1.10120E+09  1.68900E+09  1.68804E+08  4.35528E+09  5.36545E+00  3.01023E+02   8.377   8.444
 0.190 -1.35187E-01  1.19529E-01 -1.59232E-01  8.94272E+00 -5.61530E+00 -1.10898E+01   2.459  9.47502E+08  1.32651E+09  2.15421E+09  1.89645E+08  4.68318E+09  4.91594E+00  3.36496E+02   8.344   8.479
 0.200  1.19874E-01 -1.08891E-01  3.83100E-02 -3.25622E+00  1.20607E+00  4.01805E+00   2.536  7.83320E+08  1.28525E+09  2.76576E+09  2.20952E+08  5.09671E+09  5.50047E+00  3.66297E+02   8.456   8.490
 0.210  1.01280E-01 -6.25603E-02 -2.09517E-01  2.17739E+01 -1.25748E+01  2.89509E+00   2.770  1.03434E+09  1.37065E+09  3.25024E+09  2.90840E+08  6.02861E+09  4.51742E+00  4.26849E+02   8.388   8.504
 0.220  1.45114E-01  2.32854E-01 -2.33883E-01  2.28725E+01  2.16296E-01 -5.79285E+00   3.114  8.85929E+08  1.40521E+09  3.91899E+09  3.44379E+08  7.24982E+09  5.64267E+00  4.67117E+02   8.510   8.507
 0.230 -2.04207E-01  2.62068E-02  2.56394E-02  1.22245E+00 -1.45133E+01  3.73783E+00   3.000  1.10704E+09  1.64648E+09  4.49864E+09  3.54065E+08  7.21341E+09  6.34230E+00  5.17924E+02   8.477   8.525
 0.240 -1.65724E-01  4.13531E-02  5.65731E-03 -1.18999E+01  5.99030E+00 -9.15923E+00   2.939  9.64049E+08  1.77366E+09  5.54723E+09  4.07363E+08  7.75772E+09  9.44143E+00  5.35631E+02   8.574   8.536
 0.250 -2.99681E-01  3.71554E-02  1.27757E-01 -1.71418E+01  8.04317E+00 -1.53564E+01   2.783  7.03729E+08  1.10705E+09  6.01424E+09  4.34804E+08  7.25556E+09  4.19945E+00  6.13706E+02   8.615   8.560
 0.260 -2.89081E-01  7.17710E-02  2.62373E-01 -4.66418E+01  1.37804E+01 -6.64159E+00   3.589  1.05539E+09  1.29320E+09  6.55957E+09  5.72958E+08  9.50703E+09  3.28268E+00  7.08085E+02   8.488   8.559
 0.270 -1.16814E-01  1.03030E-01 -2.23826E-01  3.06002E+00 -1.15184E+01  3.00583E+01   3.473  1.40268E+09  1.95266E+09  7.22431E+09  5.97047E+08  9.96953E+09  7.73195E+00  7.64653E+02   8.497   8.555
 0.280 -4.00602E-01 -2.97344E-02  3.44885E-01 -1.88210E+01  1.87111E+01 -5.05609E+00   4.576  1.43489E+09  1.75853E+09  8.06903E+09  8.30223E+08  1.38502E+10  4.50994E+00  8.33307E+02   8.527   8.553
 0.290 -5.21388E-01  2.72181E-01  2.91957E-01 -1.83663E+01  8.16952E+00  2.49255E+00   4.695  1.40377E+09  1.78904E+09  8.64538E+09  8.46277E+08  1.43256E+10  5.35812E+00  9.09212E+02   8.529   8.560
 0.300  2.45663E-01 -2.15968E-01  5.14774E-02 -4.81799E+00 -4.91682E+00  3.88128E+01   5.657  1.87196E+09  2.02852E+09  9.22433E+09  1.02134E+09  1.74338E+10  3.28436E+00  1.00435E+03   8.448   8.559
 0.310 -2.26800E-01 -1.85086E-01  5.19402E-01 -3.08381E+00 -1.38069E+01  2.67701E+01   5.664  1.55569E+09  1.66210E+09  9.48853E+09  1.03671E+09  1.78144E+10  3.06702E+00  1.10878E+03   8.487   8.561
 0.320  1.92108E-01 -2.15773E-01  2.69701E-01  1.45993E+00 -7.96312E+00  8.46848E+00   5.120  1.38789E+09  1.64448E+09  9.78427E+09  9.51612E+08  1.58479E+10  3.94378E+00  1.20149E+03   8.472   8.570
 0.330 -4.11025E-01 -4.45793E-02  1.68165E-01 -1.02044E+01  4.93664E+00  9.29498E+00   4.586  1.66971E+09  2.02936E+09  1.02621E+10  9.11058E+08  1.44867E+10  5.96379E+00  1.26984E+03   8.458   8.576
 0.340 -2.15293E-01  2.84176E-01 -3.02594E-01  2.65237E+01  4.32285E-01 -1.53547E+01   4.386  1.25876E+09  1.54409E+09  1.07195E+10  8.86802E+08  1.39401E+10  4.08981E+00  1.35061E+03   8.552   8.581
 0.350 -3.00203E-01  2.90830E-01 -9.40939E-02 -1.58212E+01  1.19507E+01  3.57505E-01   4.570  1.16764E+09  1.36607E+09  1.12042E+10  9.65935E+08  1.46031E+10  3.13941E+00  1.43609E+03   8.583   8.585
 0.360 -2.50576E-01  3.84687E-01 -2.29903E-01 -3.73478E-01 -3.94673E+00  1.00850E+01   4.493  1.06992E+09  1.22430E+09  1.13809E+10  9.45671E+08  1.44078E+10  2.59860E+00  1.55214E+03   8.605   8.590
 0.370 -9.38108E-01  3.86442E-01  1.96782E-01 -2.52111E+01  1.33725E+01 -2.15408E+00   5.005  8.73171E+08  9.96341E+08  1.19073E+10  1.09539E+09  1.62603E+10  2.00765E+00  1.65464E+03   8.628   8.589
 0.380 -4.13649E-01  2.86050E-01 -8.85758E-02 -6.41434E+00  3.26074E+00  3.84060E+00   4.898  7.82477E+08  8.46594E+08  1.19342E+10  1.05688E+09  1.59061E+10  1.42323E+00  1.78913E+03   8.634   8.594
 0.390 -1.86398E-01  1.05002E-01  5.05023E-03 -6.02756E+00 -1.20580E+01  1.59143E+01   5.169  9.03349E+08  9.81856E+08  1.21714E+10  1.08522E+09  1.66237E+10  1.98603E+00  1.91004E+03   8.591   8.595
 0.400 -2.90083E-01  4.59907E-01 -2.72842E-01  7.27283E+00 -7.39577E+00  5.95715E+00   5.462  8.49427E+08  8.94316E+08  1.24686E+10  1.18116E+09  1.79550E+10  1.53722E+00  2.03618E+03   8.581   8.594
 0.410 -2.13571E-01  8.84517E-02  6.55494E-02 -1.18517E+01 -1.26371E+01  1.70311E+01   6.285  7.29179E+08  7.44867E+08  1.27491E+10  1.32264E+09  2.06456E+10  7.84699E-01  2.16732E+03   8.604   8.592
 0.420 -9.18554E-01  6.85121E-01 -1.39542E-01  1.16533E+01 -1.64264E+01  8.19708E+00   7.876  8.59800E+08  8.24527E+08  1.30159E+10  1.53279E+09  2.76197E+10  5.06716E-01  2.32051E+03   8.544   8.587
 0.430  1.90632E-01 -2.69586E-01 -2.32732E-02  2.29192E+01 -2.68849E+01  2.50151E+01   5.241  8.98603E+08  9.42106E+08  1.22106E+10  1.04389E+09  1.66992E+10  1.80505E+00  2.47566E+03   8.525   8.603
 0.440  3.52070E-02 -2.00154E-01 -1.46940E-01 -5.21873E+01 -1.35753E+01  2.76134E+00   3.329  5.68825E+08  7.53735E+08  1.47914E+10  5.08518E+09  1.21861E+10  2.84765E+00  2.61002E+03   8.645   8.645
 0.450 -1.43385E-01 -6.64381E-04 -8.26635E-02 -3.01903E+00  7.91754E+00 -8.01457E+00   2.893  3.60489E+08  4.73553E+08  1.37897E+10  4.61925E+09  1.00465E+10  1.35489E+00  2.74391E+03   8.744   8.658
 0.460 -6.15539E-02  8.68072E-03 -1.50454E-02 -1.24535E+01 -4.18548E+00 -4.15522E+00   2.725  2.80216E+08  3.37050E+08  1.37869E+10  4.55700E+09  9.68719E+09  6.80580E-01  2.89020E+03   8.776   8.662
 0.470  1.26927E-02  1.06528E-01  4.90717E-02 -1.15291E+01  7.93450E-01  3.19094E+00   2.766  2.51951E+08  2.93924E+08  1.36501E+10  4.47558E+09  9.68611E+09  6.09311E-01  3.04378E+03   8.765   8.665
 0.480 -8.34822E-02 -3.57635E-02  9.74676E-02 -1.19916E+01 -7.52883E+00 -5.74481E+00   2.887  2.09623E+08  2.37294E+08  1.40796E+10  4.60819E+09  1.02859E+10  4.05152E-01  3.18712E+03   8.793   8.661
 0.490  2.95332E-02  8.46663E-03 -7.92187E-02 -2.54359E+00  2.42901E+00 -1.60655E+01   2.696  1.90836E+08  2.13181E+08  1.34527E+10  4.32604E+09  9.25495E+09  3.67772E-01  3.35196E+03   8.768   8.669
 0.500 -2.52031E-02  2.72527E-03  7.76109E-03  1.41689E+00  5.09130E+00 -2.83323E-01   2.825  1.43664E+08  1.61650E+08  1.38215E+10  4.42294E+09  9.89296E+09  2.38479E-01  3.50614E+03   8.810   8.666
