  22
 0.140 -3.90584E-01  2.40194E-02 -7.21120E-02  1.33775E+01 -3.61304E+00  6.52577E-01   1.231  3.22605E+07  3.32087E+07  1.45602E+07  0.00000E+00  4.67154E+08  4.17691E-02  2.74896E+02   7.457   7.287
 0.150 -2.78452E-02  4.32133E-02 -3.86978E-01  1.26717E+01 -1.17989E+01  1.38023E+01   1.498  2.33824E+07  2.79805E+07  2.54642E+07  5.15007E+06  6.98528E+08  8.87903E-02  2.81194E+02   7.637   7.375
 0.160  2.72055E-02 -7.68209E-02  1.43802E-01 -1.24309E+01  2.73064E-01 -1.66503E+01   1.490  4.60793E+07  4.61640E+07  2.67677E+07  7.96401E+06  6.52635E+08  1.67115E-02  3.43530E+02   7.454   7.382
 0.170  7.58564E-04 -2.63660E-01  1.08200E-01 -1.83187E+01  1.69967E+01  5.91707E+00   1.910  1.29426E+08  1.37133E+08  5.65146E+07  1.60892E+07  1.10324E+09  2.52263E-01  3.06906E+02   7.711   7.470
 0.180 -7.19977E-01  4.42590E-01  2.18426E-02  4.87608E-01 -2.16948E+01 -2.53859E+01   2.500  2.60805E+08  2.77712E+08  1.09589E+08  2.81762E+07  2.18163E+09  5.53284E-01  2.84877E+02   7.747   7.552
 0.190  3.07330E-01  1.20292E-01  8.38325E-03 -1.74525E+01 -3.51056E+00 -1.83719E+01   3.131  4.47508E+08  4.47286E+08  1.57385E+08  5.12204E+07  2.57213E+09  4.22119E-01  3.05771E+02   7.686   7.600
 0.200  2.37393E-01 -1.48594E-01  5.29329E-02  3.21589E+01 -2.73114E+00  8.21775E+00   2.784  9.88787E+08  1.26512E+09  4.14659E+08  5.69947E+07  2.85181E+09  5.61340E+00  1.06293E+02   8.051   7.850
 0.210  1.03577E+00 -1.55954E-01  2.69537E-02 -8.61187E+01  3.06652E+01 -2.20957E+01   3.971  1.08694E+09  1.29143E+09  1.17856E+09  4.35137E+08  7.77335E+09  3.33535E+00  3.23044E+02   8.060   8.023
 0.220  3.82977E-03  1.44980E-01 -5.69380E-02 -2.49479E+00  1.04115E+01 -4.81410E+00   3.625  8.35955E+08  1.12654E+09  1.45227E+09  3.84696E+08  6.57333E+09  4.31774E+00  3.29787E+02   8.215   8.131
 0.230  2.83200E-01 -1.50929E-01  1.49597E-01  4.29359E+01  1.01385E+01 -1.47842E+01   4.210  1.51229E+09  1.77598E+09  1.99400E+09  4.88286E+08  8.45308E+09  4.84329E+00  3.69548E+02   8.172   8.217
 0.240  2.04085E-01 -9.60184E-02  6.52841E-02  2.90506E+00  3.13386E+00 -8.54179E+00   3.318  4.74034E+08  8.22971E+08  2.28188E+09  4.15902E+08  6.19513E+09  3.68459E+00  4.00116E+02   8.579   8.369
 0.250  2.47958E-01 -7.06042E-01  4.48110E-01  7.12673E+01  1.35930E+01 -3.01526E+01   5.268  2.32947E+09  2.45765E+09  3.00859E+09  6.63567E+08  1.31092E+10  3.82458E+00  4.94056E+02   8.095   8.382
 0.260 -2.80963E-01 -5.47404E-01  2.80727E-01  2.49912E+01 -3.45997E+01 -2.78833E+00   5.068  2.01923E+09  2.63061E+09  3.86670E+09  6.84214E+08  1.29874E+10  7.69254E+00  4.92314E+02   8.284   8.393
 0.270  3.50093E-01  1.75066E-02  1.02213E-01 -3.90282E+01  1.93516E+01  1.91412E+01   5.457  2.17962E+09  2.73795E+09  4.85292E+09  7.83695E+08  1.44508E+10  8.34988E+00  5.19889E+02   8.348   8.416
 0.280 -1.22223E+00 -6.23448E-01  3.20834E-01 -7.82013E+00 -2.71201E+00  2.34059E+00   7.552  2.22953E+09  2.73922E+09  6.36781E+09  1.27147E+09  2.17000E+10  7.41257E+00  5.57426E+02   8.388   8.425
 0.290 -7.56811E-02 -2.67339E-01 -2.14340E-01  2.18713E+01  2.30182E+01 -1.39039E+01   5.895  2.79073E+09  3.25669E+09  7.26514E+09  1.57423E+09  1.93887E+10  9.57720E+00  6.34011E+02   8.375   8.452
 0.300 -6.64863E-01  4.78202E-01  3.56656E-03  3.24028E+01 -8.67566E-01  2.03768E+01   6.266  4.41393E+09  5.35198E+09  9.16785E+09  2.06019E+09  2.78152E+10  1.47155E+01  6.81032E+02   8.349   8.459
 0.310  3.26299E-01 -4.42900E-01 -9.84893E-02  2.13589E+01 -7.04895E+00  2.01590E+01   6.392  3.92103E+09  4.79080E+09  1.04628E+10  1.89204E+09  2.43683E+10  1.17980E+01  7.01166E+02   8.441   8.485
 0.320  2.71340E-01  2.06484E-03  3.31851E-02  1.92867E+01 -8.60078E+00  2.51427E+00   5.797  4.21352E+09  5.58943E+09  1.21891E+10  1.90703E+09  2.15341E+10  1.96906E+01  7.15311E+02   8.484   8.504
 0.330  5.96342E-01  2.77000E-02  2.20064E-01  2.36047E+01 -2.04642E+00  2.23262E+01   5.294  3.13776E+09  4.24883E+09  1.38240E+10  1.86385E+09  2.08798E+10  1.35283E+01  7.55251E+02   8.528   8.535
 0.340 -4.11358E-01  5.05654E-01  9.88885E-02 -1.82511E+01  1.52086E+01  3.80714E+00   4.915  2.69175E+09  3.50010E+09  1.45170E+10  1.80186E+09  1.93568E+10  1.13433E+01  8.31584E+02   8.571   8.561
 0.350  4.07582E-01 -2.62558E-01  1.44263E-01 -6.45176E+00  2.08938E+01  1.76566E+01   6.368  3.78318E+09  4.50977E+09  1.72846E+10  2.67689E+09  3.00035E+10  1.13673E+01  9.22452E+02   8.509   8.545
