  22
 0.140  1.83147E+07  1.14473E+07  1.38720E+07  1.73182E+07  2.07041E+06  3.39204E+08  3.39769E-02
 0.150  4.99490E+06  1.59329E+07  1.93316E+07  3.92029E+06  4.52193E+06  3.72875E+08  4.67916E-02
 0.160  2.04973E+07  1.62382E+07  2.00434E+07  1.95078E+07  1.15384E+06  3.47601E+08  5.94624E-03
 0.170  4.70914E+07  3.02489E+07  3.64438E+07  4.43248E+07  1.04859E+07  4.25917E+08  1.54080E-01
 0.180  2.24218E+07  4.14199E+07  5.04755E+07  2.06156E+07  1.07006E+07  4.91098E+08  1.11605E-01
 0.190  3.48402E+07  3.84614E+07  4.78682E+07  3.25360E+07  1.91453E+06  4.13363E+08  3.23943E-02
 0.200  3.31102E+08  2.13676E+08  2.36405E+08  3.20227E+08  1.96336E+08  4.43543E+08  3.37043E+00
 0.210  9.11452E+07  4.32955E+08  5.21067E+08  8.65273E+07  9.62188E+07  9.14937E+08  8.55906E-01
 0.220  2.24296E+08  6.99711E+08  8.46358E+08  2.19441E+08  2.14073E+08  1.05386E+09  3.05565E+00
 0.230  3.58396E+08  1.01094E+09  1.23588E+09  3.51093E+08  2.32083E+08  1.27168E+09  2.85438E+00
 0.240  2.36486E+08  1.46983E+09  1.80464E+09  2.30957E+08  3.47334E+08  1.35673E+09  3.36993E+00
 0.250  1.67329E+08  1.67045E+09  2.09096E+09  1.63633E+08  1.65564E+08  1.45791E+09  1.62910E+00
 0.260  2.36678E+08  2.16125E+09  2.70339E+09  2.30582E+08  3.99518E+08  1.53398E+09  3.73386E+00
 0.270  3.08469E+08  2.63497E+09  3.31389E+09  3.02328E+08  3.80643E+08  1.63242E+09  4.35387E+00
 0.280  2.24155E+08  3.19863E+09  4.04593E+09  2.19417E+08  4.16993E+08  1.75621E+09  4.08566E+00
 0.290  4.70444E+08  3.67532E+09  4.67934E+09  4.63829E+08  3.76980E+08  1.92773E+09  5.46170E+00
 0.300  3.83837E+08  4.11693E+09  5.27401E+09  3.76916E+08  3.84782E+08  2.03813E+09  4.02832E+00
 0.310  2.43255E+08  4.47973E+09  5.80056E+09  2.38700E+08  2.45957E+08  2.11379E+09  2.57766E+00
 0.320  4.88977E+08  4.80283E+09  6.22192E+09  4.80745E+08  4.81678E+08  2.06241E+09  6.10849E+00
 0.330  1.92017E+08  5.30478E+09  6.92306E+09  1.88531E+08  2.45043E+08  2.16384E+09  2.39158E+00
 0.340  1.49990E+08  5.22253E+09  6.85958E+09  1.45943E+08  2.08417E+08  1.98227E+09  2.22870E+00
 0.350  1.26414E+08  5.11913E+09  6.78867E+09  1.23162E+08  9.40693E+07  2.00097E+09  1.04684E+00
