  22
 0.140         4799 -0.95488E-03  0.10981E-01  0.39389E-02  0.23511E+02 -0.65118E+01  0.12524E+02 -0.89206E+00 -0.16935E+00  0.41899E+00   1.231   0.949
 0.150       236127 -0.11119E-01  0.25561E-03 -0.47289E-02  0.17048E+02 -0.22435E+02 -0.17161E+02 -0.46463E+00 -0.85352E+00 -0.23583E+00   1.498   1.138
 0.160       112593  0.54520E-03 -0.16084E-01 -0.94048E-02  0.32028E+02 -0.37974E+02 -0.45066E+01 -0.34075E+00 -0.86298E+00 -0.37304E+00   1.490   1.216
 0.170       226695  0.24906E-01 -0.98466E-02  0.27513E-02 -0.68996E+01 -0.30720E+02  0.16558E+02 -0.65596E+00 -0.17461E+00 -0.73432E+00   1.910   1.150
 0.180       394289 -0.12883E-01 -0.19324E-01 -0.21011E-01 -0.10650E+02 -0.31863E+02  0.17392E+02 -0.78705E+00 -0.51631E+00  0.33760E+00   2.500   1.532
 0.190       224360  0.11338E-02 -0.11986E-01 -0.12148E-01 -0.14697E+02  0.21331E+02  0.36801E+00 -0.53896E+00 -0.62268E+00  0.56727E+00   3.131   1.618
 0.200       577414  0.68164E-03  0.34082E-02 -0.34082E-03  0.20798E+02 -0.22218E+02 -0.34902E+01 -0.78714E-01 -0.75657E+00  0.64916E+00   2.784   1.141
 0.210       554295  0.10736E-02  0.35785E-03  0.17893E-03  0.27980E+02 -0.55826E+02  0.36814E+02  0.33474E-01  0.79220E+00  0.60934E+00   3.971   1.583
 0.220       577708  0.37507E-03  0.75013E-03 -0.75013E-03  0.64122E+02 -0.10176E+03 -0.91641E+02 -0.39499E+00  0.71501E+00  0.57684E+00   3.625   1.607
 0.230       737672  0.15680E-02 -0.31361E-02  0.21560E-02  0.10217E+03 -0.53357E+02  0.13572E+02  0.29727E-01  0.85076E+00  0.52472E+00   4.210   1.889
 0.240       691534  0.61318E-03 -0.81758E-03  0.16352E-02  0.30354E+02 -0.94120E+02 -0.11037E+02  0.25591E+00  0.95519E+00  0.14873E+00   3.318   1.013
 0.250       798329 -0.23429E-02  0.42598E-03  0.00000E+00 -0.74747E+02  0.19179E+03 -0.56576E+02  0.29122E+00  0.45584E+00  0.84107E+00   5.268   1.710
 0.260       564926 -0.22140E-03  0.44279E-03  0.15498E-02 -0.18109E+03  0.12809E+03 -0.11119E+03  0.28488E+00  0.16974E+00  0.94342E+00   5.068   1.475
 0.270       763147 -0.45995E-03 -0.18398E-02 -0.18398E-02 -0.46862E+02  0.49936E+02 -0.73948E+01  0.39320E+00 -0.38313E+00  0.83583E+00   5.457   2.767
 0.280       563127 -0.14310E-02  0.47699E-03 -0.14310E-02  0.15566E+03 -0.57993E+02 -0.12648E+03  0.10298E+00 -0.18797E+00  0.97676E+00   7.552   2.671
 0.290       560670  0.74102E-03  0.49401E-03  0.49401E-03  0.45718E+02 -0.10742E+03  0.17184E+02  0.20482E-01  0.10226E-01  0.99974E+00   5.895   2.574
 0.300      2889716  0.00000E+00  0.00000E+00  0.20444E-02 -0.84042E+02 -0.11056E+03 -0.29061E+02  0.11137E+00 -0.14210E+00  0.98357E+00   6.266   2.281
 0.310       576651  0.13208E-02  0.47549E-02  0.26416E-03  0.28230E+03  0.16441E+03 -0.25710E+03 -0.12365E+00 -0.39981E+00  0.90822E+00   6.392   3.319
 0.320      1048367 -0.21806E-02  0.00000E+00  0.00000E+00 -0.18992E+03 -0.77748E+02 -0.16436E+03  0.20471E-01 -0.16395E+00  0.98626E+00   5.797   1.608
 0.330      1029549  0.00000E+00  0.28107E-02 -0.14054E-02 -0.82176E+02 -0.38612E+03  0.10710E+03 -0.24223E+00 -0.26886E+00  0.93222E+00   5.294   1.870
 0.340      1071399  0.57929E-03 -0.11586E-02 -0.57929E-03  0.36585E+03  0.15337E+03 -0.44189E+02 -0.26890E+00 -0.46550E+00  0.84321E+00   4.915   1.310
 0.350      1774617  0.11921E-02  0.11921E-02 -0.11921E-02 -0.52125E+02  0.17307E+03 -0.13218E+03 -0.44455E+00 -0.74237E+00  0.50127E+00   6.368   3.004
