  36
 0.150  12.750   1.610  1.68754E+10  1.01202E+09  9.15412E+07  1.11345E+08  1.57718E+10  2.00631E+07  2.54010E+07  3.07357E+07  7.97462E+08  7.59202E+08  9.02103E+07  1.09678E+08  1.31400E+10  2.94005E+07  3.41036E+07  4.12644E+07  1.16610E+09
 0.160  13.750   1.811  1.70996E+10  1.10987E+09  1.00692E+08  1.23923E+08  1.58891E+10  5.01415E+07  2.48139E+07  3.02677E+07  7.72770E+08  8.35957E+08  9.88827E+07  1.21650E+08  1.15542E+10  8.92958E+07  3.41166E+07  4.16033E+07  1.22712E+09
 0.170  14.250   1.806  1.63432E+10  1.16406E+09  1.14410E+08  1.41606E+08  1.50647E+10  7.55995E+07  3.39336E+07  4.13474E+07  8.78106E+08  8.61725E+08  1.12027E+08  1.38642E+08  1.11831E+10  1.06345E+08  4.59239E+07  5.61885E+07  1.29662E+09
 0.180  15.500   2.110  1.73922E+10  1.19420E+09  1.27831E+08  1.59732E+08  1.60702E+10  1.88504E+07  4.36886E+07  5.41537E+07  9.81447E+08  7.84852E+08  1.25207E+08  1.56390E+08  1.11680E+10  5.60160E+07  6.09159E+07  7.55412E+07  1.62885E+09
 0.190  16.750   2.025  1.85373E+10  1.25877E+09  1.33825E+08  1.69117E+08  1.71447E+10  8.36565E+07  5.15791E+07  6.48659E+07  1.17857E+09  7.74851E+08  1.32220E+08  1.67053E+08  1.16776E+10  1.18886E+08  6.32720E+07  7.95079E+07  1.59966E+09
 0.200  18.000   2.462  2.01466E+10  1.39363E+09  1.44497E+08  1.83812E+08  1.86084E+10  5.65859E+07  5.90848E+07  7.48685E+07  1.32090E+09  8.38767E+08  1.42579E+08  1.81327E+08  1.18683E+10  1.09494E+08  8.12317E+07  1.02874E+08  2.17515E+09
 0.210  19.250   2.001  2.13811E+10  1.48243E+09  1.76408E+08  2.21416E+08  1.97222E+10  2.19374E+08  8.77680E+07  1.08931E+08  1.60440E+09  9.43551E+08  1.73859E+08  2.18107E+08  1.17119E+10  2.28677E+08  9.08591E+07  1.12790E+08  1.69985E+09
 0.220  20.500   2.624  2.23169E+10  1.31015E+09  1.91873E+08  2.44193E+08  2.08149E+10  6.90811E+07  9.90373E+07  1.24591E+08  1.58960E+09  5.66401E+08  1.88599E+08  2.39922E+08  1.11011E+10  1.13116E+08  1.20922E+08  1.52387E+08  2.27641E+09
 0.230  21.750   2.346  2.33601E+10  1.25261E+09  2.03825E+08  2.61314E+08  2.19037E+10  8.44641E+07  1.16407E+08  1.47890E+08  1.81142E+09  5.22781E+08  1.99734E+08  2.55932E+08  1.06455E+10  9.44220E+07  1.23688E+08  1.57253E+08  2.01968E+09
 0.240  23.000   2.491  2.44525E+10  1.27292E+09  2.08317E+08  2.69609E+08  2.29713E+10  9.19182E+07  1.24339E+08  1.59866E+08  1.95508E+09  5.26319E+08  2.04538E+08  2.64617E+08  1.07371E+10  1.02847E+08  1.31919E+08  1.69661E+08  2.19601E+09
 0.250  24.500   2.619  2.64959E+10  1.29879E+09  2.20639E+08  2.86438E+08  2.49765E+10  1.21325E+08  1.39283E+08  1.80230E+08  2.17074E+09  5.59011E+08  2.17095E+08  2.81762E+08  1.13646E+10  1.33362E+08  1.46469E+08  1.89545E+08  2.38673E+09
 0.260  28.000   2.716  3.47592E+10  1.43788E+09  2.43116E+08  3.16756E+08  3.30782E+10  1.84417E+08  1.64037E+08  2.13247E+08  2.74714E+09  5.60025E+08  2.29892E+08  2.99264E+08  1.15760E+10  1.77879E+08  1.61184E+08  2.09540E+08  2.62867E+09
 0.270  36.250   3.274  6.79768E+10  2.81887E+09  4.13403E+08  5.40763E+08  6.47445E+10  1.59704E+08  1.92532E+08  2.50861E+08  3.78886E+09  4.29215E+08  2.45626E+08  3.20379E+08  1.23908E+10  1.42449E+08  1.83925E+08  2.39690E+08  3.31979E+09
 0.280  39.750   2.962  8.09118E+10  3.21970E+09  4.56220E+08  5.95590E+08  7.72359E+10  3.97095E+08  3.25629E+08  4.24391E+08  8.09817E+09  7.92024E+08  4.22846E+08  5.51588E+08  2.21359E+10  2.90784E+08  2.57612E+08  3.34911E+08  5.39484E+09
 0.290  42.250   3.548  8.80987E+10  3.40346E+09  4.77371E+08  6.27465E+08  8.42179E+10  1.10543E+08  1.80660E+08  2.38299E+08  4.04110E+09  4.48460E+08  2.95137E+08  3.89289E+08  1.64737E+10  8.65361E+07  1.62143E+08  2.13931E+08  3.04627E+09
 0.300  44.750   5.255  9.38380E+10  3.63017E+09  5.06948E+08  6.65416E+08  8.97009E+10  5.15509E+08  3.65337E+08  4.80279E+08  7.19188E+09  1.40801E+09  4.36001E+08  5.70586E+08  1.74140E+10  7.07042E+08  3.88139E+08  5.08466E+08  8.59168E+09
 0.310  47.500   5.120  1.02097E+11  4.06090E+09  5.83346E+08  7.62936E+08  9.74527E+10  3.38985E+08  3.71867E+08  4.82857E+08  6.60974E+09  8.90327E+08  4.98957E+08  6.51092E+08  1.75566E+10  3.73380E+08  3.87023E+08  5.02763E+08  7.35740E+09
 0.320  50.500   4.213  1.12792E+11  4.87189E+09  6.22442E+08  8.19212E+08  1.07298E+11  5.17415E+08  4.27369E+08  5.60238E+08  7.48910E+09  9.50166E+08  5.10529E+08  6.70279E+08  1.69042E+10  4.28397E+08  3.86050E+08  5.05327E+08  5.79499E+09
 0.330  53.000   5.945  1.20086E+11  5.54155E+09  6.78713E+08  8.95062E+08  1.13866E+11  4.24097E+08  4.69562E+08  6.17585E+08  8.74091E+09  1.14032E+09  5.67930E+08  7.47439E+08  2.06924E+10  5.07514E+08  4.88656E+08  6.42771E+08  1.02699E+10
 0.340  55.000   6.252  1.22120E+11  5.67844E+09  7.64186E+08  1.00394E+09  1.15677E+11  7.08831E+08  5.10905E+08  6.76212E+08  1.04011E+10  1.69231E+09  6.18331E+08  8.15501E+08  2.25358E+10  8.88234E+08  5.35529E+08  7.08763E+08  1.23677E+10
 0.350  56.750   5.889  1.24072E+11  5.72539E+09  8.64566E+08  1.13132E+09  1.17482E+11  7.18237E+08  5.54399E+08  7.30351E+08  9.64520E+09  1.41368E+09  6.83810E+08  8.94824E+08  1.98759E+10  7.56678E+08  5.66063E+08  7.45425E+08  1.01616E+10
 0.360  58.750   3.959  1.27463E+11  5.53303E+09  9.16079E+08  1.20693E+09  1.21013E+11  6.21498E+08  6.25409E+08  8.22956E+08  9.21155E+09  9.87353E+08  7.44112E+08  9.78254E+08  1.79085E+10  4.25979E+08  4.96465E+08  6.54503E+08  5.38786E+09
 0.370  61.750   6.035  1.36646E+11  5.90406E+09  9.52080E+08  1.26670E+09  1.29790E+11  5.95248E+08  6.67163E+08  8.86905E+08  1.03173E+10  9.80124E+08  7.59175E+08  1.00906E+09  1.85026E+10  5.75519E+08  6.62241E+08  8.80340E+08  1.00256E+10
 0.380  63.250   7.856  1.37013E+11  5.98687E+09  9.95993E+08  1.32753E+09  1.30030E+11  8.59193E+08  6.98409E+08  9.29305E+08  1.01601E+10  1.44410E+09  8.07464E+08  1.07427E+09  1.82466E+10  1.06578E+09  7.58032E+08  1.00885E+09  1.34669E+10
 0.390  65.250   7.187  1.38975E+11  6.12604E+09  1.03054E+09  1.38083E+09  1.31818E+11  9.27757E+08  7.30745E+08  9.77763E+08  1.12114E+10  1.62289E+09  8.42770E+08  1.12761E+09  1.95868E+10  1.05646E+09  7.61281E+08  1.01863E+09  1.27399E+10
 0.400  67.250   9.059  1.42264E+11  6.24516E+09  1.10944E+09  1.48343E+09  1.34909E+11  7.62566E+08  8.38728E+08  1.11976E+09  1.26746E+10  1.52871E+09  9.36676E+08  1.24982E+09  2.05046E+10  1.25778E+09  9.15538E+08  1.22201E+09  1.82497E+10
 0.410  70.250   6.509  1.51447E+11  6.34049E+09  1.16175E+09  1.55849E+09  1.43945E+11  7.96001E+08  8.77387E+08  1.17194E+09  1.27959E+10  1.36704E+09  9.70363E+08  1.29811E+09  2.02266E+10  7.20128E+08  8.56790E+08  1.14426E+09  1.15842E+10
 0.420  72.500   8.655  1.56235E+11  6.30924E+09  1.20357E+09  1.62062E+09  1.48722E+11  1.09107E+09  9.48954E+08  1.27351E+09  1.36222E+10  1.66958E+09  1.02734E+09  1.37967E+09  2.04120E+10  1.38470E+09  9.95521E+08  1.33676E+09  1.70891E+10
 0.430  74.500   6.403  1.58378E+11  6.32789E+09  1.29300E+09  1.73629E+09  1.50758E+11  1.49148E+09  1.04033E+09  1.39013E+09  1.42981E+10  2.07474E+09  1.10591E+09  1.47946E+09  2.05585E+10  1.20021E+09  9.95979E+08  1.32965E+09  1.17705E+10
 0.440  76.750   6.797  1.61648E+11  6.37619E+09  1.40671E+09  1.88514E+09  1.53865E+11  1.44709E+09  1.16500E+09  1.55265E+09  1.49871E+10  1.84195E+09  1.22716E+09  1.63798E+09  2.06913E+10  1.27147E+09  1.12841E+09  1.50262E+09  1.28798E+10
 0.450  79.250   8.880  1.67788E+11  6.47825E+09  1.51984E+09  2.04018E+09  1.59790E+11  8.59559E+08  1.26702E+09  1.69220E+09  1.52919E+10  1.16526E+09  1.32170E+09  1.76686E+09  2.02899E+10  1.00690E+09  1.29648E+09  1.73239E+09  1.75779E+10
 0.460  81.250   8.025  1.70058E+11  6.28429E+09  1.54054E+09  2.08570E+09  1.62233E+11  7.56983E+08  1.28791E+09  1.73694E+09  1.57112E+10  9.62941E+08  1.33870E+09  1.80642E+09  2.02872E+10  7.45251E+08  1.28462E+09  1.73244E+09  1.54766E+10
 0.470  83.250   9.767  1.72579E+11  6.65783E+09  1.55750E+09  2.12207E+09  1.64364E+11  5.50772E+08  1.33325E+09  1.81115E+09  1.67053E+10  7.32849E+08  1.38728E+09  1.88581E+09  2.09824E+10  7.06735E+08  1.38154E+09  1.87790E+09  2.03974E+10
 0.480  84.750   6.099  1.71781E+11  6.73669E+09  1.57321E+09  2.15354E+09  1.63471E+11  8.73217E+08  1.33484E+09  1.82215E+09  1.65307E+10  1.01802E+09  1.37672E+09  1.88015E+09  2.02814E+10  6.29621E+08  1.21834E+09  1.66153E+09  1.07924E+10
 0.490  86.000   7.236  1.70618E+11  6.83888E+09  1.58137E+09  2.17494E+09  1.62198E+11  8.20483E+08  1.34046E+09  1.83941E+09  1.63005E+10  9.53098E+08  1.37682E+09  1.89002E+09  1.97344E+10  6.68642E+08  1.29328E+09  1.77391E+09  1.30886E+10
 0.500  87.750   8.282  1.71929E+11  6.90775E+09  1.60150E+09  2.20939E+09  1.63419E+11  8.37089E+08  1.36973E+09  1.88622E+09  1.73508E+10  9.89803E+08  1.40426E+09  1.93449E+09  2.03473E+10  7.71230E+08  1.35330E+09  1.86329E+09  1.61328E+10
