  36
 0.150  1.39854E+07  1.64085E+07  1.98352E+07  1.22854E+07  3.49959E+06  5.08557E+08  2.93844E-02
 0.160  2.05263E+07  1.52261E+07  1.85744E+07  1.90367E+07  2.44154E+06  4.50360E+08  3.96028E-02
 0.170  4.44260E+07  2.04220E+07  2.46813E+07  4.19681E+07  6.04865E+06  4.79209E+08  9.32977E-02
 0.180  1.58751E+06  2.32650E+07  2.87984E+07  1.22873E+06  3.61033E+06  4.49279E+08  1.98102E-02
 0.190  2.03931E+07  2.31936E+07  2.92460E+07  1.88011E+07  9.29996E+05  4.80539E+08  1.34529E-02
 0.200  9.86458E+06  2.43651E+07  3.09828E+07  8.98714E+06  1.17480E+06  4.73057E+08  7.50994E-03
 0.210  5.53577E+07  3.55313E+07  4.46147E+07  5.14157E+07  5.32475E+06  5.63179E+08  9.51447E-02
 0.220  2.06173E+07  4.14164E+07  5.16521E+07  1.90775E+07  6.55300E+06  4.65159E+08  5.24830E-02
 0.230  1.94863E+07  4.76791E+07  6.01677E+07  1.79672E+07  4.80333E+06  5.11051E+08  4.10666E-02
 0.240  2.19778E+07  4.84753E+07  6.22555E+07  2.08899E+07  1.50455E+06  5.05314E+08  1.74152E-02
 0.250  1.57766E+07  5.02396E+07  6.50038E+07  1.43780E+07  1.40547E+06  5.03901E+08  1.23643E-02
 0.260  2.39673E+07  5.09789E+07  6.63323E+07  2.26458E+07  1.93702E+06  5.22940E+08  1.13876E-02
 0.270  3.12747E+07  5.42014E+07  7.08756E+07  3.00045E+07  2.12169E+06  4.96917E+08  1.97065E-02
 0.280  3.04883E+07  8.02847E+07  1.03647E+08  2.75974E+07  9.18136E+06  9.17431E+08  7.41936E-02
 0.290  9.50052E+06  3.86676E+07  5.11412E+07  8.32662E+06  7.92693E+05  3.48433E+08  2.21305E-03
 0.300  1.50840E+07  9.73270E+07  1.28935E+08  1.38451E+07  3.81615E+05  9.33310E+08  5.77209E-03
 0.310  2.92884E+07  7.45691E+07  9.55411E+07  2.71363E+07  1.35793E+07  5.23439E+08  7.19579E-02
 0.320  3.28511E+07  9.22141E+07  1.19756E+08  2.95807E+07  4.23096E+06  6.11149E+08  7.13996E-02
 0.330  1.83167E+07  8.67827E+07  1.13467E+08  1.66314E+07  7.31711E+06  6.06494E+08  4.34730E-02
 0.340  9.01055E+06  8.02174E+07  1.06018E+08  7.92416E+06  1.21957E+06  5.93940E+08  7.98289E-03
 0.350  1.93399E+07  8.09434E+07  1.07815E+08  1.76957E+07  1.22627E+06  5.59188E+08  1.48353E-02
 0.360  7.68334E+07  9.91929E+07  1.30173E+08  7.23775E+07  1.23487E+07  5.69580E+08  1.57737E-01
 0.370  2.32224E+07  1.05747E+08  1.39742E+08  2.18139E+07  3.48511E+06  5.92360E+08  4.03758E-02
 0.380  3.79226E+07  1.08395E+08  1.44023E+08  3.56887E+07  3.18895E+06  5.70412E+08  4.50412E-02
 0.390  1.16935E+07  1.07867E+08  1.44608E+08  1.06514E+07  5.65429E+05  5.77146E+08  2.58666E-03
 0.400  1.23332E+07  1.47476E+08  1.95402E+08  1.06709E+07  1.62960E+07  6.81401E+08  1.25652E-01
 0.410  2.96525E+07  1.53415E+08  2.03330E+08  2.74291E+07  1.32880E+07  6.44904E+08  1.70649E-01
 0.420  6.78973E+06  1.49523E+08  2.00144E+08  5.96108E+06  2.45140E+06  6.18964E+08  2.76883E-02
 0.430  1.82175E+07  1.75185E+08  2.33781E+08  1.63348E+07  1.15612E+07  6.69429E+08  1.26688E-01
 0.440  5.99965E+07  2.04008E+08  2.69946E+08  5.76680E+07  2.13772E+07  6.96034E+08  3.07358E-01
 0.450  2.63392E+07  2.04505E+08  2.71953E+08  2.47990E+07  9.49365E+06  6.52386E+08  9.11532E-02
 0.460  1.55556E+07  2.11635E+08  2.85178E+08  1.47296E+07  9.06189E+05  6.81401E+08  7.86684E-03
 0.470  2.44119E+07  1.98280E+08  2.68861E+08  2.31090E+07  2.04745E+06  6.31435E+08  1.43921E-02
 0.480  1.21606E+07  2.04251E+08  2.77814E+08  1.10265E+07  5.19062E+06  6.26530E+08  3.95959E-02
 0.490  2.02038E+07  2.03275E+08  2.78327E+08  1.87541E+07  6.44882E+05  6.33098E+08  9.45875E-03
 0.500  3.25590E+06  2.12057E+08  2.92050E+08  2.48632E+06  2.25065E+05  6.42576E+08  2.46126E-03
