  36
 0.150  2.01141E-01 -2.12703E-01 -7.09387E-02 -7.33391E-01 -2.78844E+01 -4.74823E+01  5.71145E-01  5.76108E-01 -5.84716E-01  2.40778E+01   1.610   1.161  2.88041E+07  2.54258E+07  2.17956E+06  0.00000E+00  1.17474E+08  2.94054E-03  2.40760E+02   7.363   7.238
 0.160  2.63516E-01 -4.06484E-01  8.73004E-02 -1.54353E+01 -4.04680E+01 -2.43124E+01  9.92482E-01  9.74015E-02 -7.41135E-02  3.45555E+01   1.811   1.112  9.43102E+07  8.87946E+07  2.56030E+06  4.26887E+05  1.24707E+08  1.04575E-02  2.67815E+02   7.211   7.174
 0.170  1.53523E-01 -8.31177E-03  2.42155E-01 -1.92580E+01 -1.47942E+01 -2.45247E+01  8.24640E-01 -4.85239E-01  2.90709E-01  3.23670E+01   1.806   1.153  1.06168E+08  9.90110E+07  4.86676E+06  1.10883E+06  1.42166E+08  2.24583E-02  2.98542E+02   7.351   7.245
 0.180 -1.07443E-01 -4.14493E-01  4.11332E-01  7.44458E+00 -2.24512E+01 -5.74209E+01  8.62718E-01 -4.14181E-01  2.90124E-01  5.64516E+01   2.110   1.034  5.44324E+07  4.85140E+07  6.90224E+06  1.93857E+06  1.83736E+08  1.48831E-02  3.70556E+02   7.262   7.215
 0.190 -3.79413E-01 -1.24036E-02 -4.17654E-01  3.07943E+01 -3.08782E+00 -2.44355E+01  1.94869E-01 -9.80168E-01 -3.60195E-02  3.61346E+01   2.025   1.355  1.21665E+08  1.11657E+08  6.09302E+06  1.14810E+06  1.59792E+08  2.14757E-02  4.08998E+02   7.301   7.246
 0.200 -7.29445E-01 -2.83562E-01 -2.07848E-01  1.02052E+01  4.21603E+00 -5.30666E+01  4.31729E-01 -8.96530E-01  9.92209E-02  1.00353E+02   2.462   1.590  1.04500E+08  9.44095E+07  9.49683E+06  2.67663E+06  2.32122E+08  2.63235E-02  4.91264E+02   7.256   7.230
 0.210 -4.08442E-03 -2.07624E-01 -2.94735E-01  1.35595E+01 -2.71311E+00 -2.11454E+01 -2.08628E-01 -7.61871E-01 -6.13211E-01  2.57191E+01   2.001   1.346  2.19018E+08  2.02336E+08  7.29161E+06  1.93477E+06  1.13317E+08  2.80744E-02  4.59850E+02   7.454   7.297
 0.220 -2.56325E-01  5.74863E-01 -3.02737E-01  3.16072E+01 -4.18298E+01 -2.91269E+01 -9.00742E-01 -3.94923E-01 -1.80833E-01  5.32204E+01   2.624   1.300  1.08321E+08  9.62250E+07  1.22374E+07  4.11547E+06  1.87061E+08  1.48064E-02  5.21549E+02   7.376   7.301
 0.230 -2.61413E-01  1.77033E-01 -1.59130E-01  1.41428E+01 -2.85720E+01 -1.41156E+01 -2.08721E-01 -9.19932E-01  3.31904E-01  4.80023E+01   2.346   1.653  8.81073E+07  7.71284E+07  9.51972E+06  2.22194E+06  2.00114E+08  1.70028E-02  6.56975E+02   7.355   7.345
 0.240 -3.23801E-01 -2.35340E-01 -4.94876E-01  4.47035E+01 -1.62028E+01 -1.42841E+01 -2.46278E-02 -9.64204E-01  2.64015E-01  5.61164E+01   2.491   1.032  9.44345E+07  8.77140E+07  1.24860E+07  2.87937E+06  1.96705E+08  2.46481E-02  7.01856E+02   7.222   7.338
 0.250 -2.19004E-02  2.35434E-01 -3.85970E-01  2.60154E+01 -6.26867E+00 -1.98129E+01  7.96688E-01 -6.03293E-01  3.64160E-02  3.94367E+01   2.619   1.766  1.34736E+08  1.20184E+08  1.19987E+07  4.22744E+06  1.78914E+08  6.55231E-04  8.79318E+02   7.270   7.307
 0.260  5.73587E-01 -7.90202E-02  9.68136E-03  1.63411E+01 -2.13175E+01 -5.16198E+01  1.90855E-01  6.88035E-01 -7.00130E-01  4.43201E+01   2.716   1.253  1.57265E+08  1.41773E+08  1.38663E+07  3.56948E+06  2.12335E+08  1.00117E-02  9.05566E+02   7.293   7.317
 0.270 -1.47847E-02 -6.12721E-02 -5.67536E-02  1.88336E+01  1.05458E+01 -5.51570E+01  3.10186E-02  9.93797E-01 -1.06792E-01  1.97121E+01   3.274   1.488  1.28054E+08  1.11935E+08  1.49008E+07  4.18875E+06  2.77848E+08  7.34197E-03  1.06748E+03   7.392   7.323
 0.280  2.08269E-01 -6.10200E-01 -2.19086E-01  4.02218E+01 -5.47442E+01 -2.21331E+01 -9.37387E-01 -1.90655E-01  2.91474E-01  4.58509E+01   2.962   1.880  2.72878E+08  2.45282E+08  9.66903E+06  6.41726E+06  2.96222E+08  2.14680E-02  9.33320E+02   7.490   7.275
 0.290  3.72365E-01 -2.17779E-01 -6.33789E-01  4.03028E+01 -2.20496E+01 -2.91700E+01 -2.76325E-01 -9.61064E-01 -5.58840E-04  1.51185E+01   3.548   1.443  7.68628E+07  6.17584E+07  1.21562E+07  3.55361E+06  2.57646E+08  0.00000E+00  1.27067E+03   7.616   7.332
 0.300  9.18744E-01 -1.23011E+00 -1.14282E+00  2.97194E+01 -3.73940E+01 -2.40133E+01 -9.73211E-01 -2.01399E-01 -1.10903E-01  4.01623E+01   5.255   2.748  6.66531E+08  5.85704E+08  3.11430E+07  1.51383E+07  7.38185E+08  8.82325E-02  1.03350E+03   7.392   7.336
 0.310  4.02934E-01 -5.09373E-01 -1.52876E-01  2.24603E+01 -5.65088E+00 -2.20330E+01  5.77101E-01 -4.24131E-01  6.97902E-01  6.72438E+01   5.120   2.532  3.39780E+08  2.75960E+08  2.79795E+07  1.71085E+07  5.75733E+08  6.24660E-03  1.13932E+03   7.474   7.330
 0.320 -3.11974E-01 -3.16618E-01 -5.40061E-02 -3.56209E+01  4.66246E+01  3.21713E+01 -5.75519E-01 -3.67654E-01 -7.30485E-01  5.06460E+01   4.213   2.479  4.15248E+08  3.65626E+08  2.98554E+07  1.32233E+07  4.91846E+08  3.79309E-02  1.26159E+03   7.435   7.351
 0.330 -8.54033E-02 -8.83810E-01  2.96838E-01 -2.00352E+01  4.83380E+01  2.23020E+01 -8.17663E-01 -8.68801E-02 -5.69104E-01  1.31988E+02   5.945   1.757  4.45910E+08  3.91530E+08  4.48868E+07  1.71363E+07  7.67865E+08  7.50910E-02  1.23031E+03   7.419   7.377
 0.340 -7.08133E-01  9.66189E-02  5.66805E-01 -5.34583E+01  6.70529E+01  3.97467E+01 -8.69148E-01 -4.53493E-01 -1.97298E-01  1.91089E+02   6.252   3.481  8.47983E+08  7.31823E+08  5.07251E+07  2.46326E+07  1.28307E+09  1.63428E-02  1.49226E+03   7.276   7.346
 0.350 -6.65534E-01  1.29839E+00  1.29001E+00 -9.61900E+00 -5.99229E+00 -1.99761E+01 -3.64596E-01 -7.54891E-01  5.45169E-01  1.30833E+02   5.889   3.295  7.09351E+08  6.06362E+08  6.62999E+07  2.44761E+07  1.16568E+09  1.56349E-01  1.36065E+03   7.474   7.378
 0.360 -3.83052E-03  7.40652E-01  3.43496E-01 -2.25355E+01  2.73601E+01 -5.29888E+00 -3.30274E-01 -1.39494E-01  9.33520E-01  8.37091E+01   3.959   1.799  3.76579E+08  3.40667E+08  3.38929E+07  1.26474E+07  3.96071E+08  8.79976E-02  1.26465E+03   7.551   7.408
 0.370 -1.03247E+00  1.70252E+00  8.15909E-01 -2.87843E+01 -1.35600E+01 -1.56782E+01 -1.01572E-01 -2.33617E-01  9.67009E-01  2.15250E+02   6.035   3.252  5.43975E+08  4.81400E+08  5.00252E+07  1.71948E+07  8.85423E+08  7.51453E-02  1.49335E+03   7.527   7.410
 0.380  1.78293E-02  9.15653E-01  1.08975E-01 -2.75252E+01 -8.60232E+00  1.34605E+01  2.87854E-01 -9.23298E-02  9.53213E-01  2.35028E+02   7.856   2.262  8.80596E+08  7.73462E+08  6.56086E+07  2.02278E+07  1.01595E+09  4.06895E-02  1.45772E+03   7.524   7.434
 0.390 -5.21573E-01 -3.32338E-02 -1.02572E-01 -4.46677E+00  2.21422E+01  1.53304E+01  1.22116E-01  7.11939E-01  6.91543E-01  1.22047E+02   7.187   5.073  1.06532E+09  9.40044E+08  4.11485E+07  1.50752E+07  8.93154E+08  7.61716E-03  1.63035E+03   7.483   7.430
 0.400 -4.85245E-01  8.78877E-01  1.80547E-01 -1.78654E+01  2.56522E+00  1.01385E+01  2.93535E-01 -4.35561E-02  9.54956E-01  2.40230E+02   9.059   4.819  1.18558E+09  9.68260E+08  8.32683E+07  2.90836E+07  1.56109E+09  6.25043E-02  1.55482E+03   7.611   7.458
 0.410  3.65225E-01  6.20410E-03  3.60514E-01  6.98679E+00  5.85363E+00 -7.11326E+00  2.25952E-01  4.80746E-02  9.72951E-01  1.37062E+02   6.509   3.676  6.83630E+08  5.98998E+08  8.62954E+07  2.11939E+07  9.77623E+08  1.50287E-01  1.30248E+03   7.678   7.529
 0.420 -2.65130E-01 -5.85621E-01  6.69067E-01  1.88868E+01  8.14637E-01 -1.57209E+01  4.93874E-01  4.07552E-01  7.68108E-01  1.87960E+02   8.655   4.445  1.26760E+09  1.09148E+09  8.62611E+07  2.77843E+07  1.38392E+09  8.25189E-02  1.64563E+03   7.610   7.494
 0.430  1.18381E+00 -2.92514E-01 -1.54009E-01  8.41600E+00  1.91010E+01 -3.34366E-01  4.70373E-01  5.91434E-03  8.82448E-01  1.63792E+02   6.403   3.464  1.15909E+09  1.07063E+09  1.06336E+08  2.73606E+07  1.12428E+09  3.74086E-01  1.49894E+03   7.695   7.532
 0.440 -5.50290E-01  8.03911E-02  5.99831E-01  7.96040E+00  1.63547E+01 -2.48833E+01 -6.43658E-02  9.70874E-01  2.30784E-01  1.15608E+02   6.797   3.103  1.14520E+09  1.02698E+09  8.04828E+07  1.78396E+07  9.24830E+08  7.53540E-02  1.68702E+03   7.697   7.573
 0.450 -3.66305E-01  3.86946E-01  1.42817E+00  1.35820E+01  1.44963E+01 -1.82664E+01  2.18932E-01  9.26564E-01  3.05856E-01  1.50668E+02   8.880   3.875  8.78478E+08  7.57698E+08  9.71529E+07  2.51852E+07  1.28623E+09  1.38941E-02  1.92694E+03   7.735   7.559
 0.460  8.47797E-01  5.97964E-01 -1.74396E-01  1.06096E+01 -1.75547E+01 -6.62122E+01 -3.17725E-01  9.47049E-01 -4.63535E-02  1.74889E+02   8.025   4.705  6.96606E+08  5.94730E+08  1.12799E+08  2.69745E+07  1.36871E+09  1.58470E-02  1.95549E+03   7.718   7.571
 0.470  5.82185E-01  2.33865E-01 -2.31358E-01  1.11228E+01 -5.75345E-01 -2.31097E+01 -1.02403E-01  9.84822E-01  1.40143E-01  1.78943E+02   9.767   5.088  6.66370E+08  5.34523E+08  9.59959E+07  2.39010E+07  1.55094E+09  2.69642E-03  2.03512E+03   7.732   7.573
 0.480 -2.15762E-01  2.36454E-01 -1.16703E+00 -2.32621E+01 -1.38047E+01 -1.28319E+00 -4.35925E-01  8.41114E-01  3.20151E-01  1.50709E+02   6.099   4.173  5.96980E+08  5.29347E+08  6.26404E+07  1.26621E+07  7.35358E+08  2.23218E-02  2.04631E+03   7.769   7.608
 0.490  5.16446E-02 -1.20984E-01  2.57497E-01  1.77924E+01  3.78812E+00 -3.54415E+01 -4.00993E-01  9.15382E-01 -3.57774E-02  1.51403E+02   7.236   3.734  6.14116E+08  5.48515E+08  8.82497E+07  2.08819E+07  1.07465E+09  1.71989E-02  2.27386E+03   7.763   7.589
 0.500  7.27425E-01 -8.40394E-01  3.31733E-02 -2.39229E+01  1.09116E+01 -7.85604E+00 -6.57519E-01  7.49931E-01  7.26119E-02  1.61177E+02   8.282   5.162  7.36590E+08  6.51767E+08  1.04616E+08  2.16952E+07  1.26063E+09  8.29533E-02  2.09855E+03   7.730   7.613
