  36
 0.150  2.01141E-01 -2.12703E-01 -7.09387E-02 -7.33391E-01 -2.78844E+01 -4.74823E+01   1.610  2.94005E+07  3.15530E+07  3.41036E+07  0.00000E+00  1.16610E+09  5.11350E-02  2.30018E+02   7.367   7.202
 0.160  2.63516E-01 -4.06484E-01  8.73004E-02 -1.54353E+01 -4.04680E+01 -2.43124E+01   1.811  8.92958E+07  8.90429E+07  3.41166E+07  7.11443E+06  1.22712E+09  8.78180E-02  2.94143E+02   7.224   7.194
 0.170  1.53523E-01 -8.31177E-03  2.42155E-01 -1.92580E+01 -1.47942E+01 -2.45247E+01   1.806  1.06345E+08  1.06911E+08  4.59239E+07  1.10514E+07  1.29662E+09  1.34312E-01  3.32096E+02   7.362   7.224
 0.180 -1.07443E-01 -4.14493E-01  4.11332E-01  7.44458E+00 -2.24512E+01 -5.74209E+01   2.110  5.60160E+07  5.59412E+07  6.09159E+07  1.51252E+07  1.62885E+09  7.48235E-02  3.87129E+02   7.275   7.242
 0.190 -3.79413E-01 -1.24036E-02 -4.17654E-01  3.07943E+01 -3.08782E+00 -2.44355E+01   2.025  1.18886E+08  1.11479E+08  6.32720E+07  1.57282E+07  1.59966E+09  6.46779E-02  4.80840E+02   7.303   7.243
 0.200 -7.29445E-01 -2.83562E-01 -2.07848E-01  1.02052E+01  4.21603E+00 -5.30666E+01   2.462  1.09494E+08  1.04149E+08  8.12317E+07  2.49764E+07  2.17515E+09  5.42315E-02  5.53702E+02   7.261   7.246
 0.210 -4.08442E-03 -2.07624E-01 -2.94735E-01  1.35595E+01 -2.71311E+00 -2.11454E+01   2.001  2.28677E+08  2.29801E+08  9.08591E+07  1.88735E+07  1.69985E+09  3.40316E-01  5.26644E+02   7.459   7.288
 0.220 -2.56325E-01  5.74863E-01 -3.02737E-01  3.16072E+01 -4.18298E+01 -2.91269E+01   2.624  1.13116E+08  1.08115E+08  1.20922E+08  3.21710E+07  2.27641E+09  8.99963E-02  5.71479E+02   7.373   7.325
 0.230 -2.61413E-01  1.77033E-01 -1.59130E-01  1.41428E+01 -2.85720E+01 -1.41156E+01   2.346  9.44220E+07  9.24505E+07  1.23688E+08  2.97146E+07  2.01968E+09  1.02006E-01  6.38423E+02   7.368   7.335
 0.240 -3.23801E-01 -2.35340E-01 -4.94876E-01  4.47035E+01 -1.62028E+01 -1.42841E+01   2.491  1.02847E+08  9.81650E+07  1.31919E+08  3.18905E+07  2.19601E+09  7.03143E-02  7.46675E+02   7.237   7.329
 0.250 -2.19004E-02  2.35434E-01 -3.85970E-01  2.60154E+01 -6.26867E+00 -1.98129E+01   2.619  1.33362E+08  1.25878E+08  1.46469E+08  3.59760E+07  2.38673E+09  7.27192E-02  8.31888E+02   7.263   7.323
 0.260  5.73587E-01 -7.90202E-02  9.68136E-03  1.63411E+01 -2.13175E+01 -5.16198E+01   2.716  1.77879E+08  1.63327E+08  1.61184E+08  4.21502E+07  2.62867E+09  8.82683E-02  9.20367E+02   7.307   7.316
 0.270 -1.47847E-02 -6.12721E-02 -5.67536E-02  1.88336E+01  1.05458E+01 -5.51570E+01   3.274  1.42449E+08  1.32162E+08  1.83925E+08  5.07264E+07  3.31979E+09  1.24176E-01  9.95292E+02   7.406   7.312
 0.280  2.08269E-01 -6.10200E-01 -2.19086E-01  4.02218E+01 -5.47442E+01 -2.21331E+01   2.962  2.90784E+08  2.81260E+08  2.57612E+08  1.54174E+08  5.39484E+09  2.80134E-01  1.05257E+03   7.481   7.266
 0.290  3.72365E-01 -2.17779E-01 -6.33789E-01  4.03028E+01 -2.20496E+01 -2.91700E+01   3.548  8.65361E+07  6.73708E+07  1.62143E+08  4.30269E+07  3.04627E+09  1.39973E-02  1.17763E+03   7.618   7.338
 0.300  9.18744E-01 -1.23011E+00 -1.14282E+00  2.97194E+01 -3.73940E+01 -2.40133E+01   5.255  7.07042E+08  6.31611E+08  3.88139E+08  2.04681E+08  8.59168E+09  4.07695E-01  1.19415E+03   7.373   7.314
 0.310  4.02934E-01 -5.09373E-01 -1.52876E-01  2.24603E+01 -5.65088E+00 -2.20330E+01   5.120  3.73380E+08  3.33323E+08  3.87023E+08  1.75102E+08  7.35740E+09  2.34028E-01  1.12609E+03   7.490   7.361
 0.320 -3.11974E-01 -3.16618E-01 -5.40061E-02 -3.56209E+01  4.66246E+01  3.21713E+01   4.213  4.28397E+08  3.95595E+08  3.86050E+08  1.59993E+08  5.79499E+09  3.07241E-01  1.21216E+03   7.434   7.367
 0.330 -8.54033E-02 -8.83810E-01  2.96838E-01 -2.00352E+01  4.83380E+01  2.23020E+01   5.945  5.07514E+08  4.52088E+08  4.88656E+08  2.03129E+08  1.02699E+10  3.13657E-01  1.29078E+03   7.449   7.366
 0.340 -7.08133E-01  9.66189E-02  5.66805E-01 -5.34583E+01  6.70529E+01  3.97467E+01   6.252  8.88234E+08  7.67832E+08  5.35529E+08  2.20848E+08  1.23677E+10  1.53210E-01  1.38659E+03   7.271   7.369
 0.350 -6.65534E-01  1.29839E+00  1.29001E+00 -9.61900E+00 -5.99229E+00 -1.99761E+01   5.889  7.56678E+08  6.74267E+08  5.66063E+08  2.21171E+08  1.01616E+10  5.29427E-01  1.36476E+03   7.464   7.380
 0.360 -3.83052E-03  7.40652E-01  3.43496E-01 -2.25355E+01  2.73601E+01 -5.29888E+00   3.959  4.25979E+08  4.13999E+08  4.96465E+08  1.74728E+08  5.38786E+09  4.87725E-01  1.39660E+03   7.564   7.402
 0.370 -1.03247E+00  1.70252E+00  8.15909E-01 -2.87843E+01 -1.35600E+01 -1.56782E+01   6.035  5.75519E+08  5.14872E+08  6.62241E+08  2.40710E+08  1.00256E+10  1.66501E-01  1.49209E+03   7.532   7.404
 0.380  1.78293E-02  9.15653E-01  1.08975E-01 -2.75252E+01 -8.60232E+00  1.34605E+01   7.856  1.06578E+09  9.08826E+08  7.58032E+08  2.93353E+08  1.34669E+10  3.98822E-01  1.53855E+03   7.529   7.417
 0.390 -5.21573E-01 -3.32338E-02 -1.02572E-01 -4.46677E+00  2.21422E+01  1.53304E+01   7.187  1.05646E+09  9.44559E+08  7.61281E+08  2.72407E+08  1.27399E+10  1.57553E-01  1.63056E+03   7.485   7.427
 0.400 -4.85245E-01  8.78877E-01  1.80547E-01 -1.78654E+01  2.56522E+00  1.01385E+01   9.059  1.25778E+09  1.06940E+09  9.15538E+08  3.38250E+08  1.82497E+10  4.68794E-01  1.64435E+03   7.611   7.447
 0.410  3.65225E-01  6.20410E-03  3.60514E-01  6.98679E+00  5.85363E+00 -7.11326E+00   6.509  7.20128E+08  6.56505E+08  8.56790E+08  2.59421E+08  1.15842E+10  5.05379E-01  1.68946E+03   7.676   7.479
 0.420 -2.65130E-01 -5.85621E-01  6.69067E-01  1.88868E+01  8.14637E-01 -1.57209E+01   8.655  1.38470E+09  1.20611E+09  9.95521E+08  3.32801E+08  1.70891E+10  4.77866E-01  1.78684E+03   7.601   7.477
 0.430  1.18381E+00 -2.92514E-01 -1.54009E-01  8.41600E+00  1.91010E+01 -3.34366E-01   6.403  1.20021E+09  1.14987E+09  9.95979E+08  2.71096E+08  1.17705E+10  8.99514E-01  1.75504E+03   7.696   7.512
 0.440 -5.50290E-01  8.03911E-02  5.99831E-01  7.96040E+00  1.63547E+01 -2.48833E+01   6.797  1.27147E+09  1.19887E+09  1.12841E+09  2.82291E+08  1.28798E+10  9.01328E-01  1.73717E+03   7.711   7.545
 0.450 -3.66305E-01  3.86946E-01  1.42817E+00  1.35820E+01  1.44963E+01 -1.82664E+01   8.880  1.00690E+09  8.98685E+08  1.29648E+09  3.29203E+08  1.75779E+10  5.32808E-01  1.76832E+03   7.751   7.565
 0.460  8.47797E-01  5.97964E-01 -1.74396E-01  1.06096E+01 -1.75547E+01 -6.62122E+01   8.025  7.45251E+08  6.48157E+08  1.28462E+09  3.06184E+08  1.54766E+10  1.65513E-01  1.89094E+03   7.720   7.572
 0.470  5.82185E-01  2.33865E-01 -2.31358E-01  1.11228E+01 -5.75345E-01 -2.31097E+01   9.767  7.06735E+08  5.72639E+08  1.38154E+09  3.75381E+08  2.03974E+10  1.31796E-01  2.05377E+03   7.742   7.563
 0.480 -2.15762E-01  2.36454E-01 -1.16703E+00 -2.32621E+01 -1.38047E+01 -1.28319E+00   6.099  6.29621E+08  5.80040E+08  1.21834E+09  2.56018E+08  1.07924E+10  2.15685E-01  2.12798E+03   7.770   7.591
 0.490  5.16446E-02 -1.20984E-01  2.57497E-01  1.77924E+01  3.78812E+00 -3.54415E+01   7.236  6.68642E+08  5.95874E+08  1.29328E+09  2.87164E+08  1.30886E+10  9.54805E-02  2.27690E+03   7.765   7.588
 0.500  7.27425E-01 -8.40394E-01  3.31733E-02 -2.39229E+01  1.09116E+01 -7.85604E+00   8.282  7.71230E+08  6.82461E+08  1.35330E+09  3.17783E+08  1.61328E+10  1.23898E-01  2.42446E+03   7.734   7.586
