  36
 0.150           22 -0.14435E-01  0.21206E-01  0.15202E-01  0.75698E+01  0.36694E+02  0.14551E+02  0.57115E+00  0.57611E+00 -0.58472E+00   1.610   1.161
 0.160        14307 -0.28554E-01 -0.51793E-02 -0.54519E-02  0.20375E+02 -0.15304E+02 -0.24843E+00  0.99248E+00  0.97401E-01 -0.74113E-01   1.811   1.112
 0.170        19366  0.32425E-01 -0.75272E-02  0.15489E-01  0.12431E+02 -0.15226E+02 -0.31458E+01  0.82464E+00 -0.48524E+00  0.29071E+00   1.806   1.153
 0.180        23117 -0.13183E-01  0.28665E-01 -0.72046E-02  0.28440E+02  0.12586E+02  0.11675E+02  0.86272E+00 -0.41418E+00  0.29012E+00   2.110   1.034
 0.190          921 -0.15937E-01  0.59864E-02  0.10031E-01 -0.23371E+02  0.80105E+01  0.64748E+01  0.19487E+00 -0.98017E+00 -0.36020E-01   2.025   1.355
 0.200        14257 -0.26399E-02  0.97079E-02  0.29294E-01 -0.91738E+01 -0.26377E+02  0.69100E+01  0.43173E+00 -0.89653E+00  0.99221E-01   2.462   1.590
 0.210        21778 -0.16720E-01 -0.13590E-01 -0.48281E-02  0.16090E+02 -0.84124E+02  0.57402E+01 -0.20863E+00 -0.76187E+00 -0.61321E+00   2.001   1.346
 0.220        35720  0.14053E-01 -0.19862E-01  0.63708E-02 -0.32706E+02 -0.27133E+02  0.14992E+02 -0.90074E+00 -0.39492E+00 -0.18083E+00   2.624   1.300
 0.230        19364 -0.21452E-01  0.88157E-02  0.17631E-02  0.14147E+02 -0.19554E+02  0.29976E+01 -0.20872E+00 -0.91993E+00  0.33190E+00   2.346   1.653
 0.240        33949 -0.27487E-01 -0.20437E-02 -0.19415E-01 -0.38753E+02  0.19288E+02 -0.27664E+02 -0.24628E-01 -0.96420E+00  0.26402E+00   2.491   1.032
 0.250        37490  0.17033E-02 -0.17033E-01 -0.19588E-01  0.45471E+02  0.59596E+01 -0.26364E+02  0.79669E+00 -0.60329E+00  0.36416E-01   2.619   1.766
 0.260         1336  0.47608E-02  0.20150E-01  0.23472E-01  0.15270E+02  0.15043E+02 -0.10735E+01  0.19085E+00  0.68804E+00 -0.70013E+00   2.716   1.253
 0.270        38260 -0.11036E-01  0.82770E-02  0.27590E-02 -0.45778E+02  0.21961E+02  0.23361E+02  0.31019E-01  0.99380E+00 -0.10679E+00   3.274   1.488
 0.280         9166 -0.43638E-01  0.28615E-02  0.59615E-03 -0.14997E+02 -0.14164E+01  0.23942E+02 -0.93739E+00 -0.19066E+00  0.29147E+00   2.962   1.880
 0.290        35468 -0.29634E-02 -0.19756E-01  0.12347E-01  0.94937E+01 -0.30389E+02 -0.69309E+01 -0.27632E+00 -0.96106E+00 -0.55884E-03   3.548   1.443
 0.300        16382 -0.35770E-02  0.53655E-02  0.12264E-01  0.28268E+02 -0.25307E+02 -0.98599E+02 -0.97321E+00 -0.20140E+00 -0.11090E+00   5.255   2.748
 0.310         7869 -0.31151E-01  0.15048E-01  0.11088E-01  0.65321E+02 -0.34843E+02  0.43693E+02  0.57710E+00 -0.42413E+00  0.69790E+00   5.120   2.532
 0.320        17946  0.11445E-01 -0.76299E-02  0.51774E-02  0.35095E+02 -0.66818E+02  0.27995E+02 -0.57552E+00 -0.36765E+00 -0.73048E+00   4.213   2.479
 0.330        35298 -0.33722E-02  0.10117E-01 -0.32317E-02  0.22332E+02 -0.25698E+02 -0.21098E+02 -0.81766E+00 -0.86880E-01 -0.56910E+00   5.945   1.757
 0.340       104604  0.13320E-01  0.17085E-01  0.31853E-02 -0.44290E+02  0.53300E+02  0.17035E+02 -0.86915E+00 -0.45349E+00 -0.19730E+00   6.252   3.481
 0.350        83197  0.95375E-02  0.77492E-02  0.30699E-01  0.54351E+00 -0.21382E+02 -0.35535E+02 -0.36460E+00 -0.75489E+00  0.54517E+00   5.889   3.295
 0.360        79368  0.18394E-02 -0.67445E-02  0.33722E-02 -0.15474E+02 -0.98787E+01 -0.30255E+02 -0.33027E+00 -0.13949E+00  0.93352E+00   3.959   1.799
 0.370        94617  0.14339E-01 -0.29308E-01 -0.22060E-02 -0.32160E+02  0.14841E+02  0.50135E+01 -0.10157E+00 -0.23362E+00  0.96701E+00   6.035   3.252
 0.380       102745  0.85751E-02  0.58246E-02 -0.16827E-01  0.28578E+02 -0.48297E+02 -0.35023E+02  0.28785E+00 -0.92330E-01  0.95321E+00   7.856   2.262
 0.390        17488  0.40017E-01  0.66418E-02  0.36530E-02  0.17362E+02  0.60738E+02  0.18014E+01  0.12212E+00  0.71194E+00  0.69154E+00   7.187   5.073
 0.400        29549  0.15670E-01  0.12263E-01 -0.37471E-02 -0.31091E+02 -0.11304E+02  0.22955E+02  0.29353E+00 -0.43556E-01  0.95496E+00   9.059   4.819
 0.410        75357  0.11173E-01 -0.18855E-01  0.11872E-01 -0.58502E+02 -0.46580E+02  0.15049E+02  0.22595E+00  0.48075E-01  0.97295E+00   6.509   3.676
 0.420       137621 -0.82266E-02 -0.14307E-01  0.12161E-01 -0.77905E+02 -0.99218E+01  0.35334E+02  0.49387E+00  0.40755E+00  0.76811E+00   8.655   4.445
 0.430        12132  0.36622E-02 -0.29664E-01 -0.73244E-02  0.67767E+02 -0.63439E+02  0.37085E+02  0.47037E+00  0.59143E-02  0.88245E+00   6.403   3.464
 0.440       120161 -0.19857E-01 -0.63693E-02  0.33720E-02 -0.71530E+01  0.10533E+02 -0.26156E+02 -0.64366E-01  0.97087E+00  0.23078E+00   6.797   3.103
 0.450        84945  0.45981E-02 -0.22607E-01  0.15327E-02  0.42210E+02  0.38579E+02 -0.11835E+03  0.21893E+00  0.92656E+00  0.30586E+00   8.880   3.875
 0.460        83701 -0.16843E-01 -0.23502E-01 -0.43087E-02 -0.44906E+02  0.23609E+02  0.15808E+02 -0.31773E+00  0.94705E+00 -0.46353E-01   8.025   4.705
 0.470       164959 -0.40021E-03 -0.11606E-01 -0.14007E-01 -0.13164E+02 -0.80110E+01  0.74188E+02 -0.10240E+00  0.98482E+00  0.14014E+00   9.767   5.088
 0.480       183426  0.89924E-02  0.13080E-01  0.20437E-01  0.36659E+02  0.54516E+02  0.35428E+02 -0.43593E+00  0.84111E+00  0.32015E+00   6.099   4.173
 0.490       160998 -0.22532E-01  0.15022E-01  0.10014E-01  0.20185E+02 -0.58060E+01  0.92848E+02 -0.40099E+00  0.91538E+00 -0.35777E-01   7.236   3.734
 0.500       167666 -0.10644E-01 -0.42576E-03 -0.14902E-01  0.18975E+02  0.40631E+02  0.40146E+02 -0.65752E+00  0.74993E+00  0.72612E-01   8.282   5.162
