  36
 0.150  1.27500E+01  1.68754E+10  7.54408E+01
 0.160  1.37500E+01  1.70996E+10  7.31267E+01
 0.170  1.42500E+01  1.63432E+10  7.02256E+01
 0.180  1.55000E+01  1.73922E+10  6.94618E+01
 0.190  1.67500E+01  1.85373E+10  6.89842E+01
 0.200  1.80000E+01  2.01466E+10  6.93743E+01
 0.210  1.92500E+01  2.13811E+10  6.91088E+01
 0.220  2.05000E+01  2.23169E+10  6.84187E+01
 0.230  2.17500E+01  2.33601E+10  6.79582E+01
 0.240  2.30000E+01  2.44525E+10  6.76133E+01
 0.250  2.45000E+01  2.64959E+10  6.81931E+01
 0.260  2.80000E+01  3.47592E+10  7.30618E+01
 0.270  3.62500E+01  6.79768E+10  8.97967E+01
 0.280  3.97500E+01  8.09118E+10  9.35560E+01
 0.290  4.22500E+01  8.80987E+10  9.46903E+01
 0.300  4.47500E+01  9.38380E+10  9.49570E+01
 0.310  4.75000E+01  1.02097E+11  9.61377E+01
 0.320  5.05000E+01  1.12792E+11  9.80005E+01
 0.330  5.30000E+01  1.20086E+11  9.87059E+01
 0.340  5.50000E+01  1.22120E+11  9.77115E+01
 0.350  5.67500E+01  1.24072E+11  9.69590E+01
 0.360  5.87500E+01  1.27463E+11  9.65876E+01
 0.370  6.17500E+01  1.36646E+11  9.75472E+01
 0.380  6.32500E+01  1.37013E+11  9.65126E+01
 0.390  6.52500E+01  1.38975E+11  9.57000E+01
 0.400  6.72500E+01  1.42264E+11  9.53751E+01
 0.410  7.02500E+01  1.51447E+11  9.62813E+01
 0.420  7.25000E+01  1.56235E+11  9.62618E+01
 0.430  7.45000E+01  1.58378E+11  9.56102E+01
 0.440  7.67500E+01  1.61648E+11  9.51656E+01
 0.450  7.92500E+01  1.67788E+11  9.54147E+01
 0.460  8.12500E+01  1.70058E+11  9.48683E+01
 0.470  8.32500E+01  1.72579E+11  9.44140E+01
 0.480  8.47500E+01  1.71781E+11  9.33580E+01
 0.490  8.60000E+01  1.70618E+11  9.23630E+01
 0.500  8.77500E+01  1.71929E+11  9.17877E+01
