  36
 0.150  1.91250E+00  3.83662E+07  3.97583E+07  4.81193E+07  3.34574E+07  6.88871E+06  1.53548E+09  5.64863E-02
 0.160  2.06250E+00  1.14162E+08  3.96191E+07  4.83695E+07  1.05875E+08  6.60809E+06  1.51794E+09  9.55882E-02
 0.170  2.13750E+00  1.37978E+08  5.35670E+07  6.57176E+07  1.25819E+08  9.92688E+06  1.69860E+09  1.40838E-01
 0.180  2.32500E+00  7.11935E+07  6.64864E+07  8.24851E+07  6.06250E+07  9.04057E+06  1.89730E+09  8.44233E-02
 0.190  2.51250E+00  1.62312E+08  7.52715E+07  9.46183E+07  1.44259E+08  5.00189E+06  2.18629E+09  7.54501E-02
 0.200  2.70000E+00  1.31864E+08  8.69499E+07  1.10102E+08  1.17145E+08  6.86463E+06  2.49515E+09  5.91806E-02
 0.210  2.88750E+00  3.29814E+08  1.20065E+08  1.49304E+08  2.89933E+08  2.68111E+07  2.88548E+09  4.41455E-01
 0.220  3.07500E+00  1.49157E+08  1.32862E+08  1.67793E+08  1.27794E+08  1.02426E+07  2.86095E+09  9.08518E-02
 0.230  3.26250E+00  1.30960E+08  1.51886E+08  1.93618E+08  1.08031E+08  1.22087E+07  3.18145E+09  1.19685E-01
 0.240  3.45000E+00  1.47426E+08  1.56635E+08  2.01799E+08  1.24970E+08  5.85242E+06  3.42072E+09  7.79650E-02
 0.250  3.67500E+00  2.10487E+08  1.75270E+08  2.26878E+08  1.74127E+08  9.13755E+06  3.79950E+09  1.07520E-01
 0.260  4.20000E+00  2.64266E+08  1.96540E+08  2.55452E+08  2.12891E+08  1.13473E+07  4.62955E+09  1.27973E-01
 0.270  5.43750E+00  2.32751E+08  2.22801E+08  2.90328E+08  1.68581E+08  1.31155E+07  6.18765E+09  1.53106E-01
 0.280  5.96250E+00  5.64552E+08  3.89912E+08  5.08294E+08  4.19919E+08  3.00974E+07  1.31205E+10  3.65944E-01
 0.290  6.33750E+00  1.77443E+08  2.24367E+08  2.95966E+08  1.03313E+08  3.19634E+06  7.87935E+09  1.69307E-02
 0.300  6.71250E+00  9.62104E+08  4.09520E+08  5.36171E+08  7.79493E+08  2.71615E+07  1.11882E+10  4.52425E-01
 0.310  7.12500E+00  5.70210E+08  4.45761E+08  5.80412E+08  4.15218E+08  4.13099E+07  1.15415E+10  2.38341E-01
 0.320  7.57500E+00  7.64216E+08  4.89061E+08  6.41989E+08  5.63342E+08  2.34409E+07  1.23662E+10  3.21449E-01
 0.330  7.95000E+00  7.85440E+08  5.28543E+08  6.95614E+08  6.16605E+08  2.96054E+07  1.52366E+10  3.15642E-01
 0.340  8.25000E+00  1.35046E+09  5.88774E+08  7.77783E+08  1.09969E+09  2.57144E+07  1.76064E+10  2.39461E-01
 0.350  8.51250E+00  1.20230E+09  6.52463E+08  8.55550E+08  9.48492E+08  6.35395E+07  1.63572E+10  6.78826E-01
 0.360  8.81250E+00  8.92482E+08  7.19165E+08  9.45459E+08  6.92603E+08  4.58862E+07  1.52941E+10  5.18015E-01
 0.370  9.26250E+00  9.01147E+08  7.40535E+08  9.84513E+08  7.08745E+08  1.49066E+07  1.68931E+10  1.69536E-01
 0.380  9.48750E+00  1.34894E+09  7.97667E+08  1.06138E+09  1.08090E+09  3.10913E+07  1.70684E+10  4.34317E-01
 0.390  9.78750E+00  1.57243E+09  8.37818E+08  1.12098E+09  1.33165E+09  1.76932E+07  1.90417E+10  1.75282E-01
 0.400  1.00875E+01  1.56275E+09  9.38320E+08  1.25197E+09  1.25227E+09  6.14573E+07  2.07079E+10  5.11338E-01
 0.410  1.05375E+01  1.45790E+09  9.81793E+08  1.31358E+09  1.16350E+09  4.79793E+07  2.15943E+10  5.17661E-01
 0.420  1.08750E+01  1.84691E+09  1.04241E+09  1.40005E+09  1.48630E+09  3.60196E+07  2.26440E+10  4.82068E-01
 0.430  1.11750E+01  2.25696E+09  1.12981E+09  1.51209E+09  1.88745E+09  7.47512E+07  2.36202E+10  9.04435E-01
 0.440  1.15125E+01  2.08545E+09  1.25299E+09  1.67330E+09  1.73514E+09  7.87652E+07  2.44600E+10  9.01387E-01
 0.450  1.18875E+01  1.41960E+09  1.35850E+09  1.81746E+09  1.14557E+09  5.80605E+07  2.50475E+10  5.32984E-01
 0.460  1.21875E+01  1.15050E+09  1.37423E+09  1.85545E+09  9.06148E+08  1.67162E+07  2.56660E+10  1.81505E-01
 0.470  1.24875E+01  1.02271E+09  1.43242E+09  1.94842E+09  7.63438E+08  1.36377E+07  2.73409E+10  1.31797E-01
 0.480  1.27125E+01  1.22026E+09  1.42319E+09  1.94475E+09  9.62847E+08  2.05084E+07  2.70737E+10  2.16142E-01
 0.490  1.29000E+01  1.17304E+09  1.42986E+09  1.96398E+09  9.34577E+08  9.12190E+06  2.70355E+10  9.54805E-02
 0.500  1.31625E+01  1.45799E+09  1.45542E+09  2.00611E+09  1.16364E+09  1.51368E+07  2.82653E+10  1.24077E-01
