  36
 0.150   1.610  5.11350E-02  4.21387E-02  6.96187E-02
 0.160   1.811  8.78180E-02  9.68039E-02  6.68850E-02
 0.170   1.806  1.34312E-01  1.54538E-01  1.02838E-01
 0.180   2.110  7.48235E-02  6.84688E-02  9.61108E-02
 0.190   2.025  6.46779E-02  8.06103E-02  4.34736E-02
 0.200   2.462  5.42315E-02  4.98163E-02  6.98118E-02
 0.210   2.001  3.40316E-01  4.24234E-01  2.18091E-01
 0.220   2.624  8.99963E-02  7.45844E-02  1.23654E-01
 0.230   2.346  1.02006E-01  7.70856E-02  1.20643E-01
 0.240   2.491  7.03143E-02  6.15553E-02  5.98963E-02
 0.250   2.619  7.27192E-02  5.78681E-02  7.85580E-02
 0.260   2.716  8.82683E-02  8.50483E-02  8.85256E-02
 0.270   3.274  1.24176E-01  1.30321E-01  1.16737E-01
 0.280   2.962  2.80134E-01  2.89380E-01  2.53606E-01
 0.290   3.548  1.39973E-02  1.31427E-02  2.58607E-02
 0.300   5.255  4.07695E-01  4.91268E-01  2.62789E-01
 0.310   5.120  2.34028E-01  1.95422E-01  4.36845E-01
 0.320   4.213  3.07241E-01  3.38676E-01  2.36904E-01
 0.330   5.945  3.13657E-01  2.94707E-01  3.33393E-01
 0.340   6.252  1.53210E-01  1.61527E-01  1.86401E-01
 0.350   5.889  5.29427E-01  5.58229E-01  4.47484E-01
 0.360   3.959  4.87725E-01  4.85667E-01  4.51728E-01
 0.370   6.035  1.66501E-01  1.61375E-01  1.61648E-01
 0.380   7.856  3.98822E-01  4.53993E-01  3.26414E-01
 0.390   7.187  1.57553E-01  1.59618E-01  1.75550E-01
 0.400   9.059  4.68794E-01  3.61019E-01  6.50754E-01
 0.410   6.509  5.05379E-01  4.55519E-01  5.29271E-01
 0.420   8.655  4.77866E-01  4.91717E-01  4.02151E-01
 0.430   6.403  8.99514E-01  9.43438E-01  8.15903E-01
 0.440   6.797  9.01328E-01  9.15029E-01  8.72979E-01
 0.450   8.880  5.32808E-01  4.58886E-01  6.82833E-01
 0.460   8.025  1.65513E-01  1.56402E-01  1.71026E-01
 0.470   9.767  1.31796E-01  1.18256E-01  1.52368E-01
 0.480   6.099  2.15685E-01  1.93452E-01  2.27918E-01
 0.490   7.236  9.54805E-02  1.05689E-01  1.01607E-01
 0.500   8.282  1.23898E-01  9.88566E-02  1.76536E-01
