  46
 0.110   0.963   0.740  4.33108E-03  5.38379E-03  2.84286E-03
 0.120   1.212   0.765  3.96479E-03  4.08041E-03  4.30002E-03
 0.130   1.305   0.751  2.18289E-01  2.52703E-01  1.40449E-01
 0.140   1.592   0.737  9.07950E-02  1.18668E-01  5.92383E-02
 0.150   2.193   1.413  9.29370E-02  9.64647E-02  7.37949E-02
 0.160   1.621   0.934  1.00940E-01  1.15353E-01  8.30860E-02
 0.170   2.499   2.089  9.07467E-02  7.28121E-02  8.76906E-02
 0.180   2.942   1.575  5.18743E-01  6.45221E-01  3.48891E-01
 0.190   4.013   1.746  4.54667E-01  4.10489E-01  5.12677E-01
 0.200   3.636   2.892  3.40770E-02  3.74878E-02  2.69681E-02
 0.210   3.414   1.536  3.95272E-01  4.60182E-01  3.00865E-01
 0.220   3.857   2.493  3.18820E-01  3.73830E-01  2.54161E-01
 0.230   2.275   0.901  3.93329E-01  4.56567E-01  2.78047E-01
 0.240   4.394   1.109  1.71277E+00  1.72304E+00  1.68894E+00
 0.250   4.087   1.258  1.10347E+00  1.11251E+00  1.08838E+00
 0.260   5.328   1.453  8.25374E-01  9.61697E-01  6.34459E-01
 0.270   5.975   1.398  1.05878E+00  1.04026E+00  9.78069E-01
 0.280   6.854   2.519  4.18549E-01  3.67555E-01  5.63312E-01
 0.290   8.440   2.409  3.49558E-01  3.41341E-01  3.54200E-01
 0.300   8.211   6.705  7.95821E-02  9.35036E-02  7.83254E-02
 0.310   8.371   4.322  8.02373E-01  7.68566E-01  6.44606E-01
 0.320   8.545   4.389  3.23875E-01  3.67875E-01  2.64870E-01
 0.330   9.793   4.626  4.88500E+00  5.26788E+00  3.98644E+00
 0.340  11.216   5.668  5.79330E+00  5.81226E+00  5.61754E+00
 0.350  11.740   4.845  5.15914E+00  4.89930E+00  5.24588E+00
 0.360  11.970   3.493  9.71171E+00  9.62531E+00  9.16080E+00
 0.370  13.949   5.749  4.54038E+00  5.00081E+00  4.09639E+00
 0.380  15.096   5.452  4.97269E+00  4.99656E+00  4.91768E+00
 0.390  13.051   4.826  1.14398E+01  1.20920E+01  1.03745E+01
 0.400  13.185   4.500  1.24209E+01  1.19293E+01  1.30755E+01
 0.410  11.862   2.735  1.50879E+01  1.55447E+01  1.30742E+01
 0.420  15.635   6.502  6.24685E+00  5.86262E+00  8.24367E+00
 0.430  17.999   4.588  8.09234E+00  8.20159E+00  7.13538E+00
 0.440  18.812   6.019  8.96408E+00  8.80250E+00  8.72838E+00
 0.450  18.818   5.396  5.56308E+00  5.23962E+00  6.47322E+00
 0.460  19.487   5.686  5.51588E+00  5.55815E+00  5.71507E+00
 0.470  17.813   5.473  1.59451E+01  1.52898E+01  1.54775E+01
 0.480  18.105   6.234  1.72861E+01  1.65011E+01  1.85997E+01
 0.490  16.655   6.074  1.89026E+01  1.91881E+01  1.79701E+01
 0.500  15.533  10.592  9.85814E+00  1.02949E+01  9.25968E+00
 0.510  14.899   8.558  2.28907E+01  2.28795E+01  2.33433E+01
 0.520   7.593   1.659  2.83121E+01  2.88903E+01  2.58951E+01
 0.530  11.487   3.889  1.65241E+01  1.67809E+01  1.65760E+01
 0.540  10.546   6.427  1.91169E+01  1.79803E+01  1.99051E+01
 0.550   4.443   0.905  5.47345E+00  5.50874E+00  5.81782E+00
 0.560  15.776   3.877  7.30994E+00  7.39556E+00  6.77020E+00
