  46
 0.110   0.963   0.740  7.31519E+05  8.56482E+05  7.24490E+05  1.50180E+02  0.00000E+00  0.00000E+00  0.00000E+00  7.31519E+05  8.56482E+05  7.24490E+05
 0.120   1.212   0.765  1.28238E+06  1.52847E+06  1.26750E+06  1.93894E+02  1.01250E+05  1.23005E+05  9.98887E+04  1.18113E+06  1.40546E+06  1.16761E+06
 0.130   1.305   0.751  1.54065E+07  1.72891E+07  1.53495E+07  7.82482E+01  1.01259E+06  1.25167E+06  9.90652E+05  1.43939E+07  1.60374E+07  1.43589E+07
 0.140   1.592   0.737  8.36746E+06  9.36037E+06  8.33650E+06  8.66457E+01  7.43758E+05  9.05114E+05  7.35060E+05  7.62370E+06  8.45525E+06  7.60144E+06
 0.150   2.193   1.413  2.12716E+07  2.53294E+07  2.11069E+07  1.89583E+02  6.02892E+06  7.38845E+06  5.96858E+06  1.52427E+07  1.79410E+07  1.51383E+07
 0.160   1.621   0.934  1.87993E+07  2.21582E+07  1.86615E+07  1.90690E+02  3.08096E+06  3.83247E+06  3.03637E+06  1.57184E+07  1.83257E+07  1.56251E+07
 0.170   2.499   2.089  3.64935E+07  4.43675E+07  3.61437E+07  2.61926E+02  8.00577E+06  1.00145E+07  7.88651E+06  2.84877E+07  3.43530E+07  2.82572E+07
 0.180   2.942   1.575  7.69801E+07  9.06241E+07  7.64506E+07  2.05284E+02  1.22353E+07  1.52850E+07  1.20631E+07  6.47448E+07  7.53391E+07  6.43875E+07
 0.190   4.013   1.746  1.16942E+08  1.40474E+08  1.16047E+08  2.45616E+02  2.04357E+07  2.57903E+07  2.01234E+07  9.65059E+07  1.14684E+08  9.59237E+07
 0.200   3.636   2.892  4.55344E+07  5.72033E+07  4.48895E+07  4.46578E+02  9.92841E+06  1.27355E+07  9.72302E+06  3.56060E+07  4.44678E+07  3.51665E+07
 0.210   3.414   1.536  1.43683E+08  1.77310E+08  1.42080E+08  3.84070E+02  3.27319E+07  4.19608E+07  3.21344E+07  1.10951E+08  1.35350E+08  1.09946E+08
 0.220   3.857   2.493  1.39099E+08  1.72658E+08  1.37377E+08  4.40830E+02  2.50799E+07  3.24269E+07  2.45327E+07  1.14019E+08  1.40231E+08  1.12844E+08
 0.230   2.275   0.901  1.43859E+08  1.79027E+08  1.42119E+08  4.55500E+02  1.52456E+07  1.99063E+07  1.48467E+07  1.28613E+08  1.59121E+08  1.27272E+08
 0.240   4.394   1.109  3.87405E+08  4.67741E+08  3.84425E+08  3.18691E+02  3.31647E+07  4.31497E+07  3.23836E+07  3.54240E+08  4.24591E+08  3.52042E+08
 0.250   4.087   1.258  4.49997E+08  5.53639E+08  4.46048E+08  3.82281E+02  3.74314E+07  4.91153E+07  3.64408E+07  4.12566E+08  5.04524E+08  4.09608E+08
 0.260   5.328   1.453  4.43914E+08  5.55252E+08  4.39056E+08  4.87527E+02  4.80274E+07  6.32740E+07  4.67117E+07  3.95887E+08  4.91978E+08  3.92345E+08
 0.270   5.975   1.398  5.48464E+08  6.88403E+08  5.42565E+08  5.05869E+02  4.71840E+07  6.24148E+07  4.58004E+07  5.01280E+08  6.25988E+08  4.96765E+08
 0.280   6.854   2.519  5.78035E+08  7.37016E+08  5.71016E+08  6.00635E+02  5.53228E+07  7.34244E+07  5.36466E+07  5.22712E+08  6.63592E+08  5.17370E+08
 0.290   8.440   2.409  4.91703E+08  6.35920E+08  4.84245E+08  7.55497E+02  5.62842E+07  7.50957E+07  5.44277E+07  4.35419E+08  5.60825E+08  4.29817E+08
 0.300   8.211   6.705  2.16664E+08  2.86866E+08  2.10790E+08  1.19660E+03  5.62916E+07  7.52017E+07  5.42727E+07  1.60373E+08  2.11664E+08  1.56518E+08
 0.310   8.371   4.322  2.45381E+08  3.15070E+08  2.39573E+08  1.05284E+03  4.81894E+07  6.47691E+07  4.62727E+07  1.97192E+08  2.50301E+08  1.93300E+08
 0.320   8.545   4.389  2.91022E+08  3.84397E+08  2.82910E+08  1.29477E+03  6.44622E+07  8.70890E+07  6.18496E+07  2.26560E+08  2.97308E+08  2.21060E+08
 0.330   9.793   4.626  2.49219E+09  3.19928E+09  2.45689E+09  7.97716E+02  1.77521E+09  2.33615E+09  1.74708E+09  7.16978E+08  8.63133E+08  7.09808E+08
 0.340  11.216   5.668  2.28793E+09  2.88273E+09  2.26103E+09  6.78693E+02  9.79957E+08  1.30538E+09  9.61781E+08  1.30797E+09  1.57735E+09  1.29925E+09
 0.350  11.740   4.845  2.57176E+09  3.22747E+09  2.54508E+09  6.16077E+02  7.49651E+08  9.95762E+08  7.34792E+08  1.82211E+09  2.23171E+09  1.81028E+09
 0.360  11.970   3.493  3.38207E+09  4.25233E+09  3.34543E+09  6.71936E+02  1.00136E+09  1.34716E+09  9.78991E+08  2.38071E+09  2.90517E+09  2.36644E+09
 0.370  13.949   5.749  3.74694E+09  4.78226E+09  3.70570E+09  7.14158E+02  9.32511E+08  1.25642E+09  9.11032E+08  2.81443E+09  3.52585E+09  2.79467E+09
 0.380  15.096   5.452  4.73384E+09  6.10439E+09  4.67803E+09  7.96850E+02  1.12596E+09  1.52895E+09  1.09781E+09  3.60788E+09  4.57543E+09  3.58022E+09
 0.390  13.051   4.826  5.27035E+09  6.72516E+09  5.21198E+09  7.65167E+02  1.00709E+09  1.37360E+09  9.80063E+08  4.26327E+09  5.35155E+09  4.23192E+09
 0.400  13.185   4.500  6.42363E+09  8.15753E+09  6.35632E+09  7.37777E+02  1.09798E+09  1.49168E+09  1.06888E+09  5.32565E+09  6.66585E+09  5.28744E+09
 0.410  11.862   2.735  7.18099E+09  9.13447E+09  7.10682E+09  7.44119E+02  9.18489E+08  1.25428E+09  8.91708E+08  6.26250E+09  7.88019E+09  6.21511E+09
 0.420  15.635   6.502  1.00166E+10  1.29270E+10  9.91021E+09  8.09252E+02  1.51734E+09  2.05676E+09  1.47874E+09  8.49923E+09  1.08702E+10  8.43147E+09
 0.430  17.999   4.588  1.04030E+10  1.35513E+10  1.02853E+10  8.89650E+02  1.59411E+09  2.15351E+09  1.55521E+09  8.80885E+09  1.13978E+10  8.73008E+09
 0.440  18.812   6.019  1.18419E+10  1.55172E+10  1.17004E+10  9.67792E+02  1.83709E+09  2.49644E+09  1.79131E+09  1.00048E+10  1.30207E+10  9.90910E+09
 0.450  18.818   5.396  1.22181E+10  1.61339E+10  1.20643E+10  1.04978E+03  1.88842E+09  2.57033E+09  1.84189E+09  1.03297E+10  1.35636E+10  1.02224E+10
 0.460  19.487   5.686  1.28491E+10  1.70720E+10  1.26765E+10  1.14381E+03  2.05809E+09  2.79564E+09  2.00765E+09  1.07910E+10  1.42764E+10  1.06689E+10
 0.470  17.813   5.473  1.45734E+10  1.92395E+10  1.43808E+10  1.14332E+03  2.27197E+09  3.08881E+09  2.21652E+09  1.23015E+10  1.61507E+10  1.21643E+10
 0.480  18.105   6.234  1.66187E+10  2.18397E+10  1.64028E+10  1.13882E+03  2.29275E+09  3.13133E+09  2.23310E+09  1.43259E+10  1.87084E+10  1.41697E+10
 0.490  16.655   6.074  1.78471E+10  2.34785E+10  1.76079E+10  1.17652E+03  2.10384E+09  2.90073E+09  2.04073E+09  1.57433E+10  2.05778E+10  1.55672E+10
 0.500  15.533  10.592  9.35846E+09  1.24282E+10  9.18356E+09  1.50394E+03  2.05154E+09  2.86317E+09  1.97567E+09  7.30692E+09  9.56505E+09  7.20790E+09
 0.510  14.899   8.558  1.97625E+10  2.58837E+10  1.95083E+10  1.15375E+03  1.56145E+09  2.17526E+09  1.50392E+09  1.82010E+10  2.37084E+10  1.80044E+10
 0.520   7.593   1.659  1.45889E+10  1.88835E+10  1.44022E+10  1.08644E+03  5.80456E+08  8.14119E+08  5.48596E+08  1.40084E+10  1.80694E+10  1.38536E+10
 0.530  11.487   3.889  2.14938E+10  2.81939E+10  2.12180E+10  1.16505E+03  1.65222E+09  2.23071E+09  1.60022E+09  1.98416E+10  2.59632E+10  1.96178E+10
 0.540  10.546   6.427  1.50770E+10  1.97497E+10  1.48558E+10  1.26451E+03  1.41802E+09  1.95231E+09  1.36254E+09  1.36590E+10  1.77974E+10  1.34932E+10
 0.550   4.443   0.905  6.81447E+09  8.98717E+09  6.64904E+09  1.65822E+03  2.13489E+09  2.89001E+09  2.05757E+09  4.67958E+09  6.09716E+09  4.59147E+09
 0.560  15.776   3.877  1.27080E+10  1.70194E+10  1.24275E+10  1.74649E+03  3.49090E+09  4.75069E+09  3.36705E+09  9.21709E+09  1.22687E+10  9.06041E+09
