  46
 0.110   7.500   0.963  8.56825E+09  8.54164E+08  3.68477E+07  4.29746E+07  7.67724E+09  1.84183E+07  1.45322E+07  1.70695E+07  3.32719E+08  1.21060E+09  3.84307E+07  4.48462E+07  9.29594E+09  3.01950E+07  1.67571E+07  1.96744E+07  4.74553E+08
 0.120   9.500   1.212  1.32814E+10  1.35386E+09  6.75722E+07  7.87413E+07  1.18600E+10  6.96416E+07  2.29841E+07  2.69597E+07  4.15193E+08  1.42614E+09  6.83477E+07  7.96604E+07  1.21819E+10  9.75415E+07  2.71710E+07  3.17995E+07  6.22789E+08
 0.130  11.500   1.305  1.89944E+10  1.76072E+09  1.72042E+08  1.99567E+08  1.70616E+10  1.43939E+08  8.11793E+07  9.32540E+07  1.15329E+09  1.52802E+09  1.70999E+08  1.98283E+08  1.58047E+10  1.61574E+08  9.01906E+07  1.03544E+08  1.38841E+09
 0.140  13.500   1.592  2.43571E+10  2.15577E+09  2.42180E+08  2.87956E+08  2.19591E+10  1.35601E+08  1.22742E+08  1.45311E+08  1.18322E+09  1.61819E+09  2.34612E+08  2.78616E+08  1.67226E+10  1.67428E+08  1.36638E+08  1.61697E+08  1.51054E+09
 0.150  16.250   2.193  3.46465E+10  3.35513E+09  3.27325E+08  3.92957E+08  3.09640E+10  8.30280E+07  1.90437E+08  2.28902E+08  1.63450E+09  1.97513E+09  3.18047E+08  3.81491E+08  1.79382E+10  2.27064E+08  2.27705E+08  2.72964E+08  2.60356E+09
 0.160  20.000   1.621  5.30895E+10  5.23098E+09  5.21988E+08  6.27216E+08  4.73365E+10  2.92028E+08  3.13803E+08  3.75521E+08  2.50620E+09  2.66464E+09  4.70583E+08  5.64189E+08  2.19409E+10  2.41898E+08  2.77199E+08  3.31136E+08  1.78805E+09
 0.170  23.500   2.499  7.35045E+10  6.62804E+09  8.22970E+08  9.88264E+08  6.60534E+10  5.07543E+08  4.22013E+08  5.13418E+08  3.58974E+09  2.87637E+09  7.55063E+08  9.03973E+08  2.53479E+10  5.66639E+08  4.38154E+08  5.32443E+08  3.94782E+09
 0.180  26.750   2.942  8.94560E+10  7.37510E+09  1.06715E+09  1.29807E+09  8.10138E+10  7.47261E+08  6.78352E+08  8.22173E+08  5.44988E+09  2.95602E+09  9.99544E+08  1.21431E+09  3.39597E+10  8.41678E+08  7.13655E+08  8.64806E+08  6.25616E+09
 0.190  29.250   4.013  9.93840E+10  7.43130E+09  1.48648E+09  1.81096E+09  9.04662E+10  4.13891E+08  9.43860E+08  1.14888E+09  4.72458E+09  3.16740E+09  1.39938E+09  1.70083E+09  2.80149E+10  8.75479E+08  1.10093E+09  1.33863E+09  7.70085E+09
 0.200  31.000   3.636  1.02162E+11  7.40102E+09  1.61555E+09  2.00911E+09  9.31455E+10  6.00683E+08  1.04669E+09  1.30248E+09  5.20845E+09  2.94211E+09  1.46787E+09  1.82154E+09  2.41551E+10  7.88686E+08  1.14132E+09  1.41907E+09  6.57823E+09
 0.210  32.250   3.414  9.99731E+10  6.96186E+09  1.95570E+09  2.43112E+09  9.10555E+10  9.90420E+08  1.40964E+09  1.74361E+09  5.91437E+09  3.05276E+09  1.86520E+09  2.31503E+09  2.61798E+10  1.06315E+09  1.43977E+09  1.78129E+09  6.38577E+09
 0.220  34.250   3.857  1.03590E+11  6.55670E+09  2.25073E+09  2.82278E+09  9.47829E+10  6.08730E+08  1.68059E+09  2.09715E+09  6.48437E+09  2.29027E+09  2.14983E+09  2.69232E+09  2.81782E+10  7.27637E+08  1.75791E+09  2.19497E+09  7.67308E+09
 0.230  36.000   2.275  1.06279E+11  5.96382E+09  2.50347E+09  3.16132E+09  9.78121E+10  7.29729E+08  1.97640E+09  2.48485E+09  7.38060E+09  2.02191E+09  2.39902E+09  3.02525E+09  2.77042E+10  5.55005E+08  1.64093E+09  2.05617E+09  3.94084E+09
 0.240  38.250   4.394  1.11718E+11  5.43816E+09  2.86570E+09  3.63781E+09  1.03415E+11  6.16810E+08  2.38415E+09  3.01346E+09  8.02459E+09  1.68994E+09  2.76389E+09  3.50428E+09  2.77920E+10  7.15623E+08  2.46741E+09  3.12099E+09  9.59624E+09
 0.250  39.750   4.087  1.13367E+11  5.55350E+09  3.07358E+09  3.93806E+09  1.04740E+11  7.58221E+08  2.60724E+09  3.33033E+09  8.66118E+09  1.93455E+09  2.95472E+09  3.78190E+09  2.80277E+10  7.85789E+08  2.62305E+09  3.35084E+09  8.97311E+09
 0.260  42.000   5.328  1.17940E+11  5.77883E+09  3.23430E+09  4.17765E+09  1.08927E+11  6.62911E+08  2.77391E+09  3.57552E+09  9.33693E+09  1.93156E+09  3.12403E+09  4.03198E+09  2.88019E+10  9.97062E+08  2.90795E+09  3.74969E+09  1.26221E+10
 0.270  45.750   5.975  1.36633E+11  6.89284E+09  3.42043E+09  4.44325E+09  1.26319E+11  6.08506E+08  2.98533E+09  3.87425E+09  1.05499E+10  1.89946E+09  3.29917E+09  4.28290E+09  2.85725E+10  9.64954E+08  3.12846E+09  4.06059E+09  1.47062E+10
 0.280  57.250   6.854  2.40781E+11  1.77382E+10  4.71065E+09  6.11405E+09  2.18332E+11  6.61854E+08  3.20291E+09  4.19380E+09  1.40119E+10  1.57438E+09  3.39052E+09  4.44034E+09  2.89956E+10  9.42511E+08  3.28381E+09  4.29988E+09  1.76384E+10
 0.290  66.250   8.440  3.39788E+11  2.75359E+10  5.55530E+09  7.19953E+09  3.06697E+11  6.12122E+08  3.27458E+09  4.32472E+09  1.69815E+10  1.40256E+09  3.40483E+09  4.49717E+09  2.94974E+10  9.87215E+08  3.35826E+09  4.43561E+09  2.34848E+10
 0.300  72.500   8.211  4.02337E+11  3.26462E+10  6.63886E+09  8.59786E+09  3.63052E+11  2.47008E+09  3.46809E+09  4.59024E+09  2.21519E+10  4.38816E+09  3.63359E+09  4.79886E+09  3.56415E+10  3.18242E+09  3.53684E+09  4.67641E+09  2.66549E+10
 0.310  78.000   8.371  4.57160E+11  3.87086E+10  7.25052E+09  9.44692E+09  4.11201E+11  2.14603E+09  3.58622E+09  4.75654E+09  2.22631E+10  3.15858E+09  3.71091E+09  4.91494E+09  3.21644E+10  2.42471E+09  3.62322E+09  4.80385E+09  2.47138E+10
 0.320  85.500   8.545  5.44425E+11  4.73610E+10  8.79381E+09  1.14099E+10  4.88270E+11  2.95702E+09  4.40287E+09  5.73668E+09  2.47947E+10  3.88213E+09  4.51733E+09  5.88405E+09  3.07199E+10  2.95358E+09  4.40226E+09  5.73590E+09  2.47757E+10
 0.330  92.750   9.793  6.20218E+11  5.14947E+10  1.11417E+10  1.43652E+10  5.57581E+11  6.14896E+09  8.10832E+09  1.03974E+10  4.64652E+10  6.78230E+09  8.21720E+09  1.05380E+10  5.08738E+10  6.59661E+09  8.18950E+09  1.05021E+10  4.96198E+10
 0.340  95.500  11.216  6.42417E+11  5.19732E+10  1.30192E+10  1.67933E+10  5.77425E+11  7.01475E+09  8.96290E+09  1.15362E+10  4.27686E+10  7.71552E+09  9.07213E+09  1.16699E+10  4.54271E+10  9.54315E+09  9.34558E+09  1.20050E+10  5.29305E+10
 0.350  99.250  11.740  6.67406E+11  5.33057E+10  1.42678E+10  1.85485E+10  5.99832E+11  7.21413E+09  1.01787E+10  1.31670E+10  4.38670E+10  7.29930E+09  1.02042E+10  1.31992E+10  4.43095E+10  9.40592E+09  1.07111E+10  1.38450E+10  5.51645E+10
 0.360 104.000  11.970  7.02000E+11  5.61840E+10  1.59405E+10  2.07471E+10  6.29875E+11  8.10219E+09  1.20416E+10  1.55979E+10  5.29850E+10  7.69959E+09  1.18788E+10  1.53877E+10  5.02500E+10  9.68883E+09  1.25360E+10  1.62398E+10  6.36132E+10
 0.370 109.000  13.949  7.54690E+11  6.28014E+10  1.70154E+10  2.23598E+10  6.74873E+11  7.25312E+09  1.23273E+10  1.61422E+10  5.15932E+10  6.14533E+09  1.19441E+10  1.56498E+10  4.59932E+10  1.05765E+10  1.32875E+10  1.73845E+10  7.06024E+10
 0.380 112.750  15.096  7.74062E+11  6.69897E+10  1.80252E+10  2.37979E+10  6.89047E+11  7.95545E+09  1.33063E+10  1.75405E+10  5.54467E+10  6.23490E+09  1.26955E+10  1.67471E+10  4.76588E+10  1.29719E+10  1.43310E+10  1.88592E+10  7.82882E+10
 0.390 115.500  13.051  7.76918E+11  6.90233E+10  1.99916E+10  2.63112E+10  6.87903E+11  1.23470E+10  1.57129E+10  2.06146E+10  6.72114E+10  1.01752E+10  1.50379E+10  1.97350E+10  5.62876E+10  1.48537E+10  1.61815E+10  2.12203E+10  7.76044E+10
 0.400 117.750  13.185  7.73474E+11  6.93004E+10  2.26211E+10  2.97207E+10  6.81553E+11  1.08481E+10  1.73318E+10  2.26908E+10  6.10690E+10  8.52862E+09  1.64451E+10  2.15489E+10  4.95297E+10  1.30192E+10  1.79224E+10  2.34514E+10  7.05150E+10
 0.410 120.750  11.862  7.80580E+11  6.95697E+10  2.44051E+10  3.21862E+10  6.86606E+11  1.30634E+10  1.94844E+10  2.55976E+10  6.79115E+10  1.02069E+10  1.84181E+10  2.42006E+10  5.35356E+10  1.27809E+10  1.93893E+10  2.54728E+10  6.64604E+10
 0.420 125.750  15.635  8.22922E+11  7.04561E+10  2.66406E+10  3.53307E+10  7.25825E+11  5.95582E+09  2.01308E+10  2.66828E+10  6.47031E+10  3.39750E+09  1.83876E+10  2.44200E+10  4.80417E+10  1.11519E+10  2.15935E+10  2.85731E+10  8.54140E+10
 0.430 131.000  17.999  8.71165E+11  7.32531E+10  2.76819E+10  3.69661E+10  7.70230E+11  8.42384E+09  2.13135E+10  2.84385E+10  7.16600E+10  5.69677E+09  1.92934E+10  2.57863E+10  5.13716E+10  1.51928E+10  2.30243E+10  3.06853E+10  1.02979E+11
 0.440 138.500  18.812  9.66179E+11  7.81446E+10  3.10601E+10  4.16076E+10  8.56974E+11  7.76508E+09  2.28607E+10  3.07022E+10  8.07637E+10  4.63842E+09  2.03627E+10  2.73681E+10  5.44239E+10  1.76875E+10  2.50153E+10  3.35061E+10  1.14254E+11
 0.450 144.000  18.818  1.02576E+12  8.02140E+10  3.22591E+10  4.34156E+10  9.13285E+11  8.78661E+09  2.31772E+10  3.12476E+10  7.90000E+10  4.48320E+09  1.98353E+10  2.67913E+10  4.94324E+10  1.53144E+10  2.50894E+10  3.37699E+10  1.08750E+11
 0.460 151.250  19.487  1.11573E+12  8.42847E+10  3.33363E+10  4.50470E+10  9.98112E+11  1.15674E+10  2.40603E+10  3.25946E+10  8.49710E+10  5.22565E+09  2.03752E+10  2.76565E+10  5.08614E+10  1.88138E+10  2.60691E+10  3.52396E+10  1.15124E+11
 0.470 168.250  17.813  1.45125E+12  1.03188E+11  5.18332E+10  7.03228E+10  1.29623E+12  2.11612E+10  2.82746E+10  3.80818E+10  1.03583E+11  1.03316E+10  2.25493E+10  3.04695E+10  5.39786E+10  2.26509E+10  2.87232E+10  3.86769E+10  1.11093E+11
 0.480 179.000  18.105  1.63427E+12  1.14886E+11  5.60799E+10  7.59561E+10  1.46330E+12  2.06887E+10  3.10970E+10  4.16932E+10  1.15663E+11  8.34158E+09  2.48273E+10  3.33773E+10  5.53947E+10  2.10831E+10  3.12066E+10  4.18384E+10  1.17358E+11
 0.490 185.250  16.655  1.70663E+12  1.16720E+11  5.93333E+10  8.04028E+10  1.53058E+12  2.22925E+10  3.42362E+10  4.59124E+10  1.20777E+11  9.85829E+09  2.74328E+10  3.67504E+10  5.49466E+10  1.95548E+10  3.32138E+10  4.45333E+10  1.05009E+11
 0.500 191.500  15.533  1.78098E+12  1.16950E+11  6.54616E+10  8.82475E+10  1.59857E+12  3.46733E+10  5.33779E+10  7.17546E+10  2.05409E+11  1.14295E+10  3.28201E+10  4.37471E+10  7.11150E+10  2.38936E+10  4.28049E+10  5.72808E+10  1.43506E+11
 0.510 200.000  14.899  1.89505E+12  1.25906E+11  7.44901E+10  9.97835E+10  1.69465E+12  2.40927E+10  4.36384E+10  5.81509E+10  1.56610E+11  9.93773E+09  3.55085E+10  4.72445E+10  6.07607E+10  1.68825E+10  4.04537E+10  5.38771E+10  1.03825E+11
 0.520 208.750   7.593  2.02502E+12  1.36254E+11  8.15742E+10  1.09498E+11  1.80719E+12  2.26451E+10  4.87379E+10  6.50042E+10  1.50560E+11  1.15965E+10  4.01077E+10  5.33146E+10  6.02341E+10  9.10477E+09  3.47906E+10  4.62030E+10  4.21985E+10
 0.530 214.500  11.487  2.09630E+12  1.37802E+11  8.55368E+10  1.15428E+11  1.87296E+12  1.83329E+10  5.05864E+10  6.78763E+10  1.43710E+11  8.36510E+09  4.20786E+10  5.62436E+10  5.69631E+10  9.60316E+09  4.40234E+10  5.88846E+10  6.71021E+10
 0.540 218.750  10.546  2.14083E+12  1.34123E+11  9.26216E+10  1.24693E+11  1.91409E+12  2.70009E+10  8.18751E+10  1.09794E+11  2.23563E+11  8.94922E+09  5.22000E+10  6.97927E+10  7.63322E+10  9.62385E+09  5.45604E+10  7.29879E+10  8.32048E+10
 0.550 222.500   4.443  2.15349E+12  1.25845E+11  1.01813E+11  1.36810E+11  1.92583E+12  1.49790E+10  8.62487E+10  1.15444E+11  2.23437E+11  6.02104E+09  6.85918E+10  9.12904E+10  8.08491E+10  4.32107E+09  5.03297E+10  6.65350E+10  3.40132E+10
 0.560 227.000  15.776  2.15649E+12  1.19913E+11  1.06184E+11  1.43611E+11  1.93039E+12  1.46991E+10  9.08802E+10  1.22738E+11  2.24990E+11  5.48335E+09  6.84832E+10  9.19724E+10  7.91456E+10  1.07026E+10  8.11126E+10  1.09310E+11  1.41919E+11
