  46
 0.110  1.12500E+00  3.86402E+07  1.82187E+07  2.13602E+07  3.49208E+07  7.92563E+06  5.99843E+08  9.72604E-02
 0.120  1.42500E+00  1.21250E+08  2.97505E+07  3.47891E+07  1.14667E+08  1.16694E+07  8.26311E+08  1.55284E-01
 0.130  1.72500E+00  2.20367E+08  1.07604E+08  1.23509E+08  2.07300E+08  7.37429E+07  2.05110E+09  1.05474E+00
 0.140  2.02500E+00  2.17205E+08  1.55359E+08  1.83960E+08  2.05136E+08  4.68256E+07  2.15918E+09  4.56694E-01
 0.150  2.43750E+00  2.99462E+08  2.39901E+08  2.87288E+08  2.80749E+08  6.84865E+07  3.02332E+09  7.67373E-01
 0.160  3.00000E+00  4.55334E+08  3.72049E+08  4.45837E+08  4.13142E+08  1.12847E+08  4.60129E+09  1.62862E+00
 0.170  3.52500E+00  9.76759E+08  5.36195E+08  6.46956E+08  8.96030E+08  1.46062E+08  6.55479E+09  1.95353E+00
 0.180  4.01250E+00  1.23866E+09  8.16627E+08  9.89005E+08  1.13490E+09  1.89728E+08  9.65061E+09  2.37371E+00
 0.190  4.38750E+00  1.09799E+09  1.14510E+09  1.39063E+09  9.88827E+08  3.29934E+08  8.74033E+09  3.15397E+00
 0.200  4.65000E+00  1.14827E+09  1.26732E+09  1.57341E+09  1.01775E+09  1.08789E+08  9.12143E+09  1.32678E+00
 0.210  4.83750E+00  1.64695E+09  1.61665E+09  2.00243E+09  1.47818E+09  3.19485E+08  1.00369E+10  4.18126E+00
 0.220  5.13750E+00  1.12181E+09  1.92524E+09  2.40611E+09  9.73950E+08  2.56921E+08  1.14271E+10  2.89654E+00
 0.230  5.40000E+00  1.11821E+09  2.21124E+09  2.78463E+09  9.68451E+08  2.49219E+08  1.24875E+10  3.45996E+00
 0.240  5.73750E+00  1.00959E+09  2.59660E+09  3.28699E+09  8.65934E+08  2.77760E+08  1.35604E+10  2.72240E+00
 0.250  5.96250E+00  1.19491E+09  2.80876E+09  3.59185E+09  1.00564E+09  1.85440E+08  1.43178E+10  2.02369E+00
 0.260  6.30000E+00  1.25337E+09  2.98092E+09  3.84483E+09  1.07974E+09  1.50022E+08  1.55836E+10  1.89924E+00
 0.270  6.86250E+00  1.18204E+09  3.18735E+09  4.13709E+09  1.00036E+09  1.57180E+08  1.75058E+10  1.83415E+00
 0.280  8.58750E+00  1.27466E+09  3.35443E+09  4.39285E+09  1.00742E+09  8.21313E+07  2.37476E+10  6.59457E-01
 0.290  9.93750E+00  1.38487E+09  3.40301E+09  4.49477E+09  1.07241E+09  4.91541E+07  2.92589E+10  5.05024E-01
 0.300  1.08750E+01  5.09568E+09  3.67637E+09  4.85327E+09  4.19233E+09  1.69765E+08  4.02223E+10  2.35974E+00
 0.310  1.17000E+01  4.13909E+09  3.79926E+09  5.02593E+09  3.34991E+09  1.92159E+08  4.05136E+10  2.28606E+00
 0.320  1.28250E+01  6.36704E+09  4.68140E+09  6.09432E+09  5.39165E+09  6.31084E+08  4.33475E+10  7.58026E+00
 0.330  1.39125E+01  1.09070E+10  8.59649E+09  1.10257E+10  9.26321E+09  1.32378E+09  7.39544E+10  1.63574E+01
 0.340  1.43250E+01  1.36985E+10  9.94883E+09  1.27576E+10  1.18456E+10  1.31812E+09  7.35665E+10  1.33443E+01
 0.350  1.48875E+01  1.33400E+10  1.13649E+10  1.46922E+10  1.15441E+10  8.81205E+08  7.50849E+10  9.46779E+00
 0.360  1.56000E+01  1.32711E+10  1.33954E+10  1.73591E+10  1.16070E+10  1.33654E+09  8.78223E+10  1.41327E+01
 0.370  1.63500E+01  1.38442E+10  1.37066E+10  1.79295E+10  1.21990E+10  6.04850E+08  8.60299E+10  6.89491E+00
 0.380  1.69125E+01  1.58458E+10  1.46331E+10  1.92506E+10  1.40728E+10  7.04913E+08  8.93899E+10  7.68564E+00
 0.390  1.73250E+01  2.20112E+10  1.69296E+10  2.21874E+10  1.95099E+10  1.54355E+09  1.06728E+11  1.93599E+01
 0.400  1.76625E+01  2.07218E+10  1.92840E+10  2.52180E+10  1.81770E+10  1.59963E+09  1.01397E+11  1.67692E+01
 0.410  1.81125E+01  2.00285E+10  2.11788E+10  2.78219E+10  1.79364E+10  1.37870E+09  1.09372E+11  1.74556E+01
 0.420  1.88625E+01  1.68761E+10  2.26275E+10  2.99194E+10  1.50119E+10  8.18884E+08  1.08138E+11  6.75088E+00
 0.430  1.96500E+01  1.89138E+10  2.34654E+10  3.12586E+10  1.72362E+10  7.21997E+08  1.14069E+11  9.09304E+00
 0.440  2.07750E+01  2.21532E+10  2.57306E+10  3.44213E+10  1.99067E+10  9.22239E+08  1.28013E+11  1.07251E+01
 0.450  2.16000E+01  2.02772E+10  2.60145E+10  3.49754E+10  1.79919E+10  6.72137E+08  1.28345E+11  6.51593E+00
 0.460  2.26875E+01  2.45155E+10  2.70889E+10  3.65792E+10  2.21562E+10  6.45996E+08  1.38527E+11  6.95717E+00
 0.470  2.52375E+01  3.37315E+10  3.06681E+10  4.12598E+10  2.99375E+10  1.71575E+09  1.72062E+11  2.00409E+01
 0.480  2.68500E+01  3.37032E+10  3.42651E+10  4.59280E+10  2.94118E+10  2.03344E+09  1.97197E+11  2.11110E+01
 0.490  2.77875E+01  3.36468E+10  3.71415E+10  4.98019E+10  2.98703E+10  1.87760E+09  2.06144E+11  2.23069E+01
 0.500  2.87250E+01  4.94083E+10  5.96431E+10  8.02323E+10  4.38650E+10  4.27135E+09  3.53832E+11  5.19108E+01
 0.510  3.00000E+01  3.85970E+10  4.85310E+10  6.48148E+10  3.28583E+10  3.10723E+09  2.86137E+11  3.24243E+01
 0.520  3.13125E+01  3.13374E+10  5.24438E+10  7.01266E+10  2.64113E+10  3.32394E+09  2.61933E+11  3.67085E+01
 0.530  3.21750E+01  2.80696E+10  5.35776E+10  7.20112E+10  2.44075E+10  1.65530E+09  2.42814E+11  1.88766E+01
 0.540  3.28125E+01  3.37820E+10  8.64525E+10  1.16151E+11  2.82360E+10  5.61032E+09  3.43763E+11  6.72012E+01
 0.550  3.33750E+01  2.31464E+10  9.41943E+10  1.26381E+11  1.91332E+10  4.89209E+09  3.74924E+11  5.43112E+01
 0.560  3.40500E+01  2.34250E+10  9.53634E+10  1.28994E+11  1.99842E+10  1.83460E+09  3.57980E+11  1.78943E+01
