  46
 0.110  1.66214E-02  8.94864E-02 -1.55232E-01 -3.20177E+00 -5.34197E+00  6.66676E+00  2.95712E-01  8.95759E-01 -3.31920E-01  5.73131E+00   0.963   0.740  3.10693E+07  2.84426E+07  7.31519E+05  0.00000E+00  2.78513E+07  4.33108E-03  1.50180E+02   7.415   7.103
 0.120 -1.89143E-01 -1.47199E-01 -5.01384E-02  1.81420E+01  1.82882E+01 -1.50534E+01  2.25628E-01  2.05325E-01  9.52331E-01  5.30926E+00   1.212   0.765  9.22403E+07  8.82826E+07  1.28238E+06  1.01250E+05  4.36476E+07  3.96479E-03  1.93894E+02   7.380   7.331
 0.130 -1.31801E-01 -4.91876E-03 -1.53228E-01 -2.25467E+01 -1.95937E+01 -6.32780E+00 -4.46509E-01  8.94241E-01 -3.10153E-02  1.53380E+01   1.305   0.751  1.54790E+08  1.60233E+08  1.54065E+07  1.01259E+06  1.42166E+08  2.18289E-01  7.82482E+01   7.853   7.582
 0.140  1.98012E-01 -2.62079E-01 -7.54302E-03 -1.06658E+01  2.37114E+01 -3.55581E+01  6.89277E-01  6.42378E-01  3.35033E-01  3.36689E+01   1.592   0.737  1.59443E+08  1.57827E+08  8.36746E+06  7.43758E+05  8.19743E+07  9.07950E-02  8.66457E+01   7.731   7.518
 0.150  1.36320E-02  5.02458E-02  7.55420E-02  1.09983E+01  2.39892E+00  2.57346E+01 -8.52642E-02  4.81183E-01  8.72464E-01  2.18450E+01   2.193   1.413  2.28992E+08  2.21612E+08  2.12716E+07  6.02892E+06  2.08594E+08  9.29370E-02  1.89583E+02   7.742   7.569
 0.160 -1.17795E-01  6.48655E-03 -8.25057E-02  1.09472E+00 -3.34475E+00 -8.75267E+00 -4.85057E-01 -8.03331E-01  3.45512E-01  1.35063E+01   1.621   0.934  2.24449E+08  2.20993E+08  1.87993E+07  3.08096E+06  1.29280E+08  1.00940E-01  1.90690E+02   7.895   7.736
 0.170 -1.70703E-01  3.82151E-01 -5.93289E-01 -4.27034E+01  4.76764E+01 -4.94690E+00  6.81084E-01 -7.26243E-01  9.32474E-02  4.12485E+01   2.499   2.089  6.52338E+08  6.11868E+08  3.64935E+07  8.00577E+06  3.18752E+08  9.07467E-02  2.61926E+02   7.600   7.717
 0.180  1.25620E-01  2.80754E-01  1.76890E-01 -1.49081E+01  1.77832E+01 -6.65325E+01 -8.34295E-01  3.70965E-01  4.07845E-01  5.78248E+01   2.942   1.575  7.90168E+08  7.70873E+08  7.69801E+07  1.22353E+07  4.97499E+08  5.18743E-01  2.05284E+02   7.721   7.702
 0.190 -2.41095E-01 -4.95269E-01  9.65087E-01 -6.58739E-01 -9.17477E+00 -1.58774E+01  7.62490E-01 -6.46896E-01  1.15953E-02  9.26170E+01   4.013   1.746  8.37052E+08  8.05687E+08  1.16942E+08  2.04357E+07  6.38419E+08  4.54667E-01  2.45616E+02   7.905   7.770
 0.200 -6.50268E-02  6.45877E-01  2.89249E-01 -3.71485E+01 -2.07083E+01 -3.34127E+01  2.11519E-01 -4.85365E-01  8.48340E-01  6.92547E+01   3.636   2.892  8.28407E+08  7.43117E+08  4.55344E+07  9.92841E+06  3.60654E+08  3.40770E-02  4.46578E+02   7.769   7.808
 0.210  3.93659E-02  2.18391E-01 -2.70068E-01  1.87365E+01  2.14908E+01 -1.11280E+01  5.42710E-01 -6.99062E-01 -4.65594E-01  6.53014E+01   3.414   1.536  9.63965E+08  9.16297E+08  1.43683E+08  3.27319E+07  5.92942E+08  3.95272E-01  3.84070E+02   7.984   7.764
 0.220 -1.32782E-01 -2.91455E-01  3.43467E-01  5.02921E+00  1.37012E+01 -6.20519E+00  4.59229E-01  1.49667E-01  8.75619E-01  4.80053E+01   3.857   2.493  7.05133E+08  6.47257E+08  1.39099E+08  2.50799E+07  5.86873E+08  3.18820E-01  4.40830E+02   8.079   7.932
 0.230 -9.12112E-02 -1.09887E-01  8.29107E-02  6.78065E+00  4.94940E+00  4.28763E+00 -2.23043E-01 -8.91215E-01 -3.94952E-01  6.35598E+00   2.275   0.901  4.83680E+08  4.89619E+08  1.43859E+08  1.52456E+07  3.05034E+08  3.93329E-01  4.55500E+02   8.119   7.968
 0.240 -2.39597E-03  4.27592E-02 -2.40451E-01  2.07242E+01  1.44771E+01  8.74697E+00  3.92096E-01 -9.18713E-01 -4.71932E-02  1.13326E+02   4.394   1.109  5.76721E+08  6.83149E+08  3.87405E+08  3.31647E+07  6.55545E+08  1.71277E+00  3.18691E+02   8.311   8.404
 0.250 -1.74141E-01 -1.68721E-01  9.94439E-03  1.11173E+01  2.26478E+01 -2.35759E+00  5.72181E-01 -8.19587E-01 -2.97520E-02  1.66381E+02   4.087   1.258  6.66687E+08  7.06216E+08  4.49997E+08  3.74314E+07  6.87886E+08  1.10347E+00  3.82281E+02   8.212   8.468
 0.260 -3.18332E-03  9.22642E-02 -4.24295E-01  1.93859E+01  3.03056E+01 -1.20189E+01  6.20786E-01 -7.45516E-01 -2.42552E-01  2.33129E+02   5.328   1.453  8.27312E+08  8.13815E+08  4.43914E+08  4.80274E+07  9.83692E+08  8.25374E-01  4.87527E+02   8.082   8.410
 0.270 -2.82309E-01 -1.73987E-01 -9.36929E-02  1.95962E+01  1.69373E+01 -6.66858E+00  5.46302E-01 -7.95427E-01 -2.62393E-01  2.65537E+02   5.975   1.398  7.83655E+08  7.93526E+08  5.48464E+08  4.71840E+07  1.02177E+09  1.05878E+00  5.05869E+02   8.127   8.451
 0.280 -2.03922E-01  7.93833E-02 -7.71620E-01  7.49538E+00  1.89999E+01 -7.24899E+00  4.42828E-01 -7.69436E-01 -4.60296E-01  4.56298E+02   6.854   2.519  8.01450E+08  7.39979E+08  5.78035E+08  5.53228E+07  1.41152E+09  4.18549E-01  6.00635E+02   7.985   8.448
 0.290 -1.47222E+00  4.30513E-01 -7.66651E-01 -6.29355E+00  7.51835E+00 -2.20616E+01  2.34068E-01 -6.55403E-01 -7.18094E-01  4.64525E+02   8.440   2.409  8.49116E+08  7.42726E+08  4.91703E+08  5.62842E+07  1.70442E+09  3.49558E-01  7.55497E+02   7.913   8.404
 0.300 -1.64992E+00 -8.21769E-01  9.72895E-01 -2.18570E+01 -4.62512E+01  7.02069E+01  3.83629E-02  5.01650E-01 -8.64220E-01  2.79732E+02   8.211   6.705  3.30402E+09  2.78369E+09  2.16664E+08  5.62916E+07  2.31740E+09  7.95821E-02  1.19660E+03   7.639   8.134
 0.310 -1.51775E+00  3.24529E-01  1.75784E+00  3.81771E+01 -3.20679E+01 -3.89449E+01  7.58417E-01  5.25461E-01  3.85609E-01  1.09014E+02   8.371   4.322  2.26410E+09  1.98569E+09  2.45381E+08  4.81894E+07  1.75505E+09  8.02373E-01  1.05284E+03   7.814   8.099
 0.320 -2.30877E-01 -3.59671E-01 -4.43069E-01  1.00374E+01  1.04092E+01  6.40622E+00  2.11949E-01  7.14800E-01 -6.66437E-01  1.66156E+02   8.545   4.389  2.83451E+09  2.53956E+09  2.91022E+08  6.44622E+07  2.27624E+09  3.23875E-01  1.29477E+03   8.040   8.141
 0.330  1.31323E+00  1.79590E-01 -9.23248E-01  2.87052E+01 -7.81892E+01  4.49225E+01 -4.25301E-01 -1.87860E-01 -8.85340E-01  6.38095E+02   9.793   4.626  6.08926E+09  5.80198E+09  2.49219E+09  1.77521E+09  1.14915E+10  4.88500E+00  7.97716E+02   8.099   7.937
 0.340 -2.88998E-01 -7.82147E-01  1.22651E-01  1.32783E+01  6.13626E+01  5.43643E+00 -1.86691E-01  2.73147E-01 -9.43683E-01  8.52657E+02  11.216   5.668  8.95768E+09  8.43183E+09  2.28793E+09  9.79957E+08  8.29279E+09  5.79330E+00  6.78693E+02   8.087   8.194
 0.350 -1.88192E-01  5.87501E-01  4.03922E-01 -1.72539E+01  3.29628E+01  2.16313E+01 -4.54508E-01  3.12897E-01 -8.33977E-01  7.49645E+02  11.740   4.845  8.48997E+09  8.03944E+09  2.57176E+09  7.49651E+08  7.50207E+09  5.15914E+00  6.16077E+02   8.124   8.267
 0.360 -3.98840E-01 -6.98650E-01 -2.19288E-01 -9.23886E+00  3.34847E+01  3.62215E+01 -3.59382E-01  2.91414E-01 -8.86523E-01  1.02710E+03  11.970   3.493  8.37744E+09  8.40500E+09  3.38207E+09  1.00136E+09  8.76618E+09  9.71171E+00  6.71936E+02   8.161   8.188
 0.370 -1.56903E+00 -5.40789E-01  1.77232E-01 -1.08407E+01  3.19088E+01  4.34292E+01 -3.48300E-01  4.17716E-01 -8.39167E-01  1.27434E+03  13.949   5.749  9.63134E+09  8.98461E+09  3.74694E+09  9.32511E+08  9.67364E+09  4.54038E+00  7.14158E+02   8.146   8.249
 0.380 -7.62071E-01 -2.00899E+00  3.75216E-02 -2.67481E+01 -1.46992E+00 -4.23236E+00 -2.24693E-01  3.48311E-01 -9.10051E-01  1.25904E+03  15.096   5.452  1.15149E+10  1.08806E+10  4.73384E+09  1.12596E+09  1.10186E+10  4.97269E+00  7.96850E+02   8.167   8.282
 0.390  1.19525E+00  1.07028E+00  1.86679E-01 -2.78593E+00 -3.45028E+01 -1.09490E+01 -2.67290E-01  3.39378E-01 -9.01875E-01  1.00038E+03  13.051   4.826  1.30648E+10  1.28091E+10  5.27035E+09  1.00709E+09  1.00594E+10  1.14398E+01  7.65167E+02   8.171   8.301
 0.400 -1.30698E+00 -1.21087E+00  1.85039E-01 -2.04530E+01 -2.80058E+00  7.55471E+00 -1.83999E-01  2.61095E-01 -9.47615E-01  1.12914E+03  13.185   4.500  1.16087E+10  1.16212E+10  6.42363E+09  1.09798E+09  9.22386E+09  1.24209E+01  7.37777E+02   8.243   8.287
 0.410  2.28545E-01 -7.88388E-02 -1.08212E-02  3.64067E+01  1.36669E+01 -7.55833E-01 -1.47698E-01  1.16101E-01 -9.82194E-01  1.22088E+03  11.862   2.735  1.08423E+10  1.13431E+10  7.18099E+09  9.18489E+08  7.51420E+09  1.50879E+01  7.44119E+02   8.287   8.346
 0.420 -3.24152E+00 -4.58586E-01  6.82883E-01 -7.34068E+00  5.11404E+01  1.26041E+00 -5.29212E-02  1.52712E-02 -9.98482E-01  1.72547E+03  15.635   6.502  1.05844E+10  1.02413E+10  1.00166E+10  1.51734E+09  1.28089E+10  6.24685E+00  8.09252E+02   8.284   8.313
 0.430 -3.24448E+00 -7.14979E-01  1.57077E-01 -2.93269E+01  5.35505E+01  5.29216E+00 -7.72979E-02  2.83420E-02 -9.96605E-01  1.94454E+03  17.999   4.588  1.34496E+10  1.31363E+10  1.04030E+10  1.59411E+09  1.17903E+10  8.09234E+00  8.89650E+02   8.261   8.314
 0.440  1.27703E+00  3.74895E-01  7.66348E-01 -4.69370E+00 -4.37022E+01  1.00409E+01 -4.94319E-02  4.23475E-02 -9.97879E-01  2.23171E+03  18.812   6.019  1.61746E+10  1.55151E+10  1.18419E+10  1.83709E+09  1.36466E+10  8.96408E+00  9.67792E+02   8.250   8.305
 0.450  1.09248E+00 -8.64438E-01 -1.70543E-01 -7.24220E+00 -3.85864E+00 -1.22173E+01 -6.39738E-02  7.37063E-02 -9.95226E-01  1.99376E+03  18.818   5.396  1.33179E+10  1.27176E+10  1.22181E+10  1.88842E+09  1.25930E+10  5.56308E+00  1.04978E+03   8.277   8.302
 0.460  3.42811E-01  1.48422E+00  5.08822E-01  2.78618E+01  3.89630E+00 -3.15219E+00 -6.94823E-02  1.54405E-01 -9.85561E-01  2.04006E+03  19.487   5.686  1.66608E+10  1.59311E+10  1.28491E+10  2.05809E+09  1.32742E+10  5.51588E+00  1.14381E+03   8.252   8.301
 0.470  1.20557E+00 -6.37261E-01 -1.28694E-01  2.45557E+01 -2.35544E+01 -2.22441E+01 -1.27757E-01  2.71739E-01 -9.53853E-01  1.61960E+03  17.813   5.473  1.98222E+10  1.95936E+10  1.45734E+10  2.27197E+09  1.33888E+10  1.59451E+01  1.14332E+03   8.253   8.299
 0.480  6.48525E-02  1.46537E+00  6.55260E-02  3.55555E+01  4.40877E+01 -1.73018E+01 -1.65968E-01  3.47500E-01 -9.22875E-01  1.50375E+03  18.105   6.234  1.85468E+10  1.83269E+10  1.66187E+10  2.29275E+09  1.48215E+10  1.72861E+01  1.13882E+03   8.333   8.310
 0.490  1.44330E+00  6.39299E-01  2.93225E-02 -4.41552E+00  1.48076E+00  1.75318E+01 -1.45577E-01  3.43520E-01 -9.27794E-01  1.42412E+03  16.655   6.074  1.74898E+10  1.76107E+10  1.78471E+10  2.10384E+09  1.34889E+10  1.89026E+01  1.17652E+03   8.378   8.340
 0.500 -2.28523E-01  1.05863E+00 -2.20897E+00 -7.38485E+01  1.72189E+01  6.40577E+01  3.61159E-01  8.31251E-01 -4.22594E-01  1.88266E+03  15.533  10.592  2.58113E+10  2.43937E+10  9.35846E+09  2.05154E+09  1.97892E+10  9.85814E+00  1.50394E+03   8.388   8.353
 0.510 -7.26440E-01 -1.01724E+00 -3.73867E-01 -7.34020E+00  4.26610E+01  4.14145E+01  9.87994E-02  6.33395E-01 -7.67495E-01  1.05710E+03  14.899   8.558  1.58307E+10  1.61912E+10  1.97625E+10  1.56145E+09  1.29692E+10  2.28907E+01  1.15375E+03   8.498   8.401
 0.520 -4.61274E-01  4.26010E-01  4.92473E-01 -1.41021E+01  4.38237E+01  2.19715E+01  7.28334E-02  6.15818E-01 -7.84514E-01  8.21076E+02   7.593   1.659  7.74208E+09  9.72970E+09  1.45889E+10  5.80456E+08  4.18294E+09  2.83121E+01  1.08644E+03   8.606   8.489
 0.530 -1.92465E-01  1.25980E-01  1.67871E-01 -3.59887E+01  2.09172E+01 -5.82833E+00  3.09277E-01  5.48593E-01 -7.76784E-01  9.34456E+02  11.487   3.889  8.46602E+09  9.27913E+09  2.14938E+10  1.65222E+09  8.31923E+09  1.65241E+01  1.16505E+03   8.605   8.482
 0.540  1.77350E+00 -7.28561E-01  1.17442E+00  2.03511E+01 -2.47103E+00 -7.99954E+01  2.95395E-01  7.96967E-01 -5.26863E-01  8.69102E+02  10.546   6.427  9.92270E+09  1.08168E+10  1.50770E+10  1.41802E+09  1.00151E+10  1.91169E+01  1.26451E+03   8.633   8.509
 0.550 -5.13033E-01  5.78810E-01  2.63170E-01 -1.68327E+01  6.28609E+01  3.19436E+01  3.86582E-01  5.81700E-01 -7.15668E-01  1.60072E+02   4.443   0.905  3.53548E+09  3.92599E+09  6.81447E+09  2.13489E+09  2.85696E+09  5.47345E+00  1.65822E+03   8.860   8.588
 0.560 -8.89992E-02  8.95405E-01  5.22750E-01  1.65180E+01 -1.60641E+01  6.79914E+00  7.10976E-01  6.43478E-01 -2.83634E-01  1.82083E+03  15.776   3.877  9.07787E+09  8.96313E+09  1.27080E+10  3.49090E+09  1.40719E+10  7.30994E+00  1.74649E+03   8.653   8.529
