  46
 0.110   0.963  1.67571E+07  1.96744E+07  1.66003E+07  1.48080E+02  0.00000E+00  0.00000E+00  0.00000E+00  1.67571E+07  1.96744E+07  1.66003E+07
 0.120   1.212  2.71710E+07  3.17995E+07  2.69081E+07  1.64009E+02  1.89093E+06  2.28314E+06  1.86829E+06  2.52801E+07  2.95164E+07  2.50398E+07
 0.130   1.305  9.01906E+07  1.03544E+08  8.96332E+07  1.20967E+02  1.04784E+07  1.29088E+07  1.02918E+07  7.97122E+07  9.06349E+07  7.93414E+07
 0.140   1.592  1.36638E+08  1.61697E+08  1.35656E+08  1.61556E+02  2.12279E+07  2.58969E+07  2.09638E+07  1.15410E+08  1.35800E+08  1.14692E+08
 0.150   2.193  2.27705E+08  2.72964E+08  2.25754E+08  2.04884E+02  4.71229E+07  5.81308E+07  4.64970E+07  1.80582E+08  2.14833E+08  1.79257E+08
 0.160   1.621  2.77199E+08  3.31136E+08  2.74772E+08  2.21360E+02  3.52972E+07  4.41160E+07  3.47094E+07  2.41902E+08  2.87020E+08  2.40062E+08
 0.170   2.499  4.38154E+08  5.32443E+08  4.33617E+08  2.76094E+02  8.95887E+07  1.12226E+08  8.81080E+07  3.48565E+08  4.20217E+08  3.45509E+08
 0.180   2.942  7.13655E+08  8.64806E+08  7.06723E+08  2.78970E+02  1.86287E+08  2.31466E+08  1.83781E+08  5.27367E+08  6.33340E+08  5.22942E+08
 0.190   4.013  1.10093E+09  1.33863E+09  1.09075E+09  2.87915E+02  2.46781E+08  3.10978E+08  2.43047E+08  8.54151E+08  1.02766E+09  8.47700E+08
 0.200   3.636  1.14132E+09  1.41907E+09  1.12795E+09  3.78738E+02  2.37480E+08  3.02668E+08  2.33039E+08  9.03835E+08  1.11640E+09  8.94911E+08
 0.210   3.414  1.43977E+09  1.78129E+09  1.42283E+09  3.99225E+02  2.54952E+08  3.27898E+08  2.49664E+08  1.18482E+09  1.45339E+09  1.17317E+09
 0.220   3.857  1.75791E+09  2.19497E+09  1.73577E+09  4.48855E+02  3.05568E+08  3.95410E+08  2.98785E+08  1.45234E+09  1.79956E+09  1.43699E+09
 0.230   2.275  1.64093E+09  2.05617E+09  1.61896E+09  4.95282E+02  1.76865E+08  2.31081E+08  1.72069E+08  1.46406E+09  1.82509E+09  1.44689E+09
 0.240   4.394  2.46741E+09  3.12099E+09  2.43187E+09  5.55653E+02  4.20568E+08  5.48850E+08  4.10109E+08  2.04684E+09  2.57214E+09  2.02176E+09
 0.250   4.087  2.62305E+09  3.35084E+09  2.58144E+09  6.33550E+02  4.06931E+08  5.35144E+08  3.95663E+08  2.21611E+09  2.81570E+09  2.18577E+09
 0.260   5.328  2.90795E+09  3.74969E+09  2.85592E+09  7.34194E+02  5.06214E+08  6.69130E+08  4.91200E+08  2.40174E+09  3.08056E+09  2.36472E+09
 0.270   5.975  3.12846E+09  4.06059E+09  3.06753E+09  8.21041E+02  5.50094E+08  7.30658E+08  5.32661E+08  2.57836E+09  3.32993E+09  2.53487E+09
 0.280   6.854  3.28381E+09  4.29988E+09  3.21299E+09  9.30753E+02  6.05619E+08  8.07475E+08  5.85139E+08  2.67819E+09  3.49241E+09  2.62785E+09
 0.290   8.440  3.35826E+09  4.43561E+09  3.27746E+09  1.06198E+03  6.47480E+08  8.67263E+08  6.23828E+08  2.71078E+09  3.56834E+09  2.65363E+09
 0.300   8.211  3.53684E+09  4.67641E+09  3.44589E+09  1.15182E+03  6.89858E+08  9.26756E+08  6.63371E+08  2.84699E+09  3.74965E+09  2.78252E+09
 0.310   8.371  3.62322E+09  4.80385E+09  3.52490E+09  1.24018E+03  6.54817E+08  8.82257E+08  6.27982E+08  2.96840E+09  3.92159E+09  2.89692E+09
 0.320   8.545  4.40226E+09  5.73590E+09  4.29239E+09  1.15608E+03  7.52856E+08  1.00948E+09  7.23489E+08  3.64941E+09  4.72642E+09  3.56890E+09
 0.330   9.793  8.18950E+09  1.05021E+10  8.03426E+09  9.34291E+02  2.85366E+09  3.77014E+09  2.79154E+09  5.33584E+09  6.73199E+09  5.24271E+09
 0.340  11.216  9.34558E+09  1.20050E+10  9.17250E+09  9.28564E+02  2.59818E+09  3.47457E+09  2.53309E+09  6.74740E+09  8.53041E+09  6.63942E+09
 0.350  11.740  1.07111E+10  1.38450E+10  1.05141E+10  9.52566E+02  2.88873E+09  3.85938E+09  2.81708E+09  7.82233E+09  9.98561E+09  7.69697E+09
 0.360  11.970  1.25360E+10  1.62398E+10  1.23041E+10  9.91608E+02  3.21205E+09  4.33175E+09  3.12455E+09  9.32390E+09  1.19080E+10  9.17959E+09
 0.370  13.949  1.32875E+10  1.73845E+10  1.30305E+10  1.06700E+03  3.26550E+09  4.41284E+09  3.17463E+09  1.00220E+10  1.29716E+10  9.85589E+09
 0.380  15.096  1.43310E+10  1.88592E+10  1.40394E+10  1.14879E+03  3.41094E+09  4.63196E+09  3.31028E+09  1.09201E+10  1.42273E+10  1.07291E+10
 0.390  13.051  1.61815E+10  2.12203E+10  1.58520E+10  1.17103E+03  3.58250E+09  4.88666E+09  3.47107E+09  1.25990E+10  1.63337E+10  1.23809E+10
 0.400  13.185  1.79224E+10  2.34514E+10  1.75643E+10  1.16519E+03  3.40635E+09  4.65572E+09  3.29419E+09  1.45161E+10  1.87957E+10  1.42701E+10
 0.410  11.862  1.93893E+10  2.54728E+10  1.89939E+10  1.21557E+03  3.40698E+09  4.67044E+09  3.28917E+09  1.59823E+10  2.08024E+10  1.57047E+10
 0.420  15.635  2.15935E+10  2.85731E+10  2.11424E+10  1.28408E+03  3.93674E+09  5.39905E+09  3.80222E+09  1.76568E+10  2.31740E+10  1.73402E+10
 0.430  17.999  2.30243E+10  3.06853E+10  2.25170E+10  1.38901E+03  4.57717E+09  6.27019E+09  4.42400E+09  1.84471E+10  2.44151E+10  1.80930E+10
 0.440  18.812  2.50153E+10  3.35061E+10  2.44266E+10  1.51052E+03  5.44558E+09  7.49853E+09  5.24934E+09  1.95698E+10  2.60076E+10  1.91773E+10
 0.450  18.818  2.50894E+10  3.37699E+10  2.44820E+10  1.58815E+03  4.92802E+09  6.79358E+09  4.75269E+09  2.01614E+10  2.69763E+10  1.97293E+10
 0.460  19.487  2.60691E+10  3.52396E+10  2.54053E+10  1.69960E+03  5.31345E+09  7.32820E+09  5.12091E+09  2.07557E+10  2.79114E+10  2.02844E+10
 0.470  17.813  2.87232E+10  3.86769E+10  2.79892E+10  1.72790E+03  5.86855E+09  8.09931E+09  5.64913E+09  2.28547E+10  3.05776E+10  2.23400E+10
 0.480  18.105  3.12066E+10  4.18384E+10  3.04249E+10  1.71922E+03  5.79873E+09  8.02026E+09  5.57497E+09  2.54079E+10  3.38182E+10  2.48500E+10
 0.490  16.655  3.32138E+10  4.45333E+10  3.23811E+10  1.74646E+03  5.42822E+09  7.54912E+09  5.20022E+09  2.77855E+10  3.69842E+10  2.71808E+10
 0.500  15.533  4.28049E+10  5.72808E+10  4.17452E+10  1.77439E+03  1.03610E+10  1.44113E+10  9.95930E+09  3.24439E+10  4.28695E+10  3.17859E+10
 0.510  14.899  4.04537E+10  5.38771E+10  3.95043E+10  1.68455E+03  5.11097E+09  7.14910E+09  4.87229E+09  3.53428E+10  4.67280E+10  3.46320E+10
 0.520   7.593  3.47906E+10  4.62030E+10  3.39250E+10  1.71590E+03  2.84508E+09  3.98555E+09  2.67602E+09  3.19455E+10  4.22174E+10  3.12490E+10
 0.530  11.487  4.40234E+10  5.88846E+10  4.29863E+10  1.72684E+03  4.61715E+09  6.38524E+09  4.39699E+09  3.94063E+10  5.24994E+10  3.85893E+10
 0.540  10.546  5.45604E+10  7.29879E+10  5.32665E+10  1.78127E+03  1.04424E+10  1.44126E+10  1.00339E+10  4.41180E+10  5.85753E+10  4.32326E+10
 0.550   4.443  5.03297E+10  6.65350E+10  4.89632E+10  1.82053E+03  1.86816E+10  2.54104E+10  1.79768E+10  3.16481E+10  4.11246E+10  3.09863E+10
 0.560  15.776  8.11126E+10  1.09310E+11  7.90339E+10  1.94193E+03  2.94033E+10  4.04027E+10  2.83321E+10  5.17093E+10  6.89070E+10  5.07017E+10
