  44
 0.130   9.000   1.114  9.36745E+09  1.46464E+09  8.00780E+07  9.29028E+07  7.82273E+09  7.83715E+07  1.81029E+07  2.03049E+07  2.75853E+08  1.62359E+09  8.47785E+07  9.84826E+07  8.99839E+09  1.19808E+08  2.26379E+07  2.54185E+07  3.99479E+08
 0.140  11.750   1.524  1.60662E+10  2.05784E+09  1.99418E+08  2.32479E+08  1.38089E+10  9.11260E+07  4.83070E+07  5.49976E+07  6.14059E+08  1.81659E+09  1.97494E+08  2.30094E+08  1.21700E+10  1.74446E+08  6.88571E+07  7.83957E+07  1.00090E+09
 0.150  13.250   1.785  1.94013E+10  2.07353E+09  2.68583E+08  3.21123E+08  1.70592E+10  9.42540E+07  9.78564E+07  1.16581E+08  9.47444E+08  1.65763E+09  2.66696E+08  3.18791E+08  1.44996E+10  1.80632E+08  1.44528E+08  1.71699E+08  1.57214E+09
 0.160  14.750   1.880  2.18382E+10  2.08311E+09  4.09745E+08  4.89818E+08  1.93454E+10  1.81437E+08  1.97173E+08  2.33809E+08  1.26337E+09  1.57338E+09  4.00548E+08  4.78195E+08  1.32484E+10  3.19968E+08  2.55324E+08  3.02767E+08  1.82006E+09
 0.170  16.250   2.205  2.35027E+10  2.11806E+09  4.54555E+08  5.57291E+08  2.09301E+10  1.49268E+08  2.38739E+08  2.91259E+08  1.39340E+09  1.45686E+09  4.44353E+08  5.44302E+08  1.26500E+10  2.84664E+08  3.12323E+08  3.80961E+08  2.19801E+09
 0.180  17.250   2.149  2.41376E+10  2.23977E+09  5.53429E+08  6.81986E+08  2.13444E+10  1.90779E+08  3.24482E+08  3.98619E+08  1.64306E+09  1.47969E+09  5.43709E+08  6.69513E+08  1.25818E+10  2.59412E+08  3.87615E+08  4.75760E+08  2.22561E+09
 0.190  18.500   2.146  2.55831E+10  2.21528E+09  5.84024E+08  7.32020E+08  2.27838E+10  2.08270E+08  3.60753E+08  4.50091E+08  1.70857E+09  1.33531E+09  5.76225E+08  7.21946E+08  1.25115E+10  2.64750E+08  4.01999E+08  5.01687E+08  2.10190E+09
 0.200  19.750   2.591  2.65305E+10  2.24887E+09  7.06110E+08  8.82204E+08  2.35755E+10  2.04660E+08  4.93718E+08  6.14513E+08  2.11861E+09  1.21238E+09  6.96221E+08  8.69358E+08  1.30590E+10  3.24696E+08  5.78477E+08  7.20500E+08  3.07819E+09
 0.210  21.250   2.970  2.91303E+10  2.41969E+09  7.53557E+08  9.54676E+08  2.59570E+10  9.98827E+07  5.24293E+08  6.64363E+08  2.19277E+09  1.07219E+09  7.43586E+08  9.41669E+08  1.32573E+10  2.63348E+08  6.32023E+08  8.00026E+08  3.41449E+09
 0.220  24.000   2.831  3.60796E+10  3.53651E+09  8.17713E+08  1.04174E+09  3.17254E+10  3.00768E+08  6.05749E+08  7.72341E+08  2.63947E+09  1.34415E+09  8.04393E+08  1.02433E+09  1.36411E+10  3.97184E+08  6.70108E+08  8.53759E+08  3.28720E+09
 0.230  29.250   3.215  5.79944E+10  5.85743E+09  1.29704E+09  1.65622E+09  5.08400E+10  3.38651E+08  7.55660E+08  9.66220E+08  3.76475E+09  1.97757E+09  8.84659E+08  1.13085E+09  1.50972E+10  3.80505E+08  7.86606E+08  1.00579E+09  4.27389E+09
 0.240  33.250   4.422  7.36952E+10  7.01283E+09  1.47517E+09  1.88524E+09  6.52072E+10  4.64516E+08  8.71242E+08  1.11461E+09  4.40292E+09  2.17374E+09  1.26029E+09  1.60731E+09  1.95886E+10  6.85028E+08  9.32222E+08  1.19232E+09  6.33164E+09
 0.250  38.750   3.910  1.04717E+11  1.13213E+10  2.30720E+09  2.93680E+09  9.10885E+10  6.22865E+08  1.02725E+09  1.31408E+09  5.63852E+09  2.14274E+09  1.22605E+09  1.56714E+09  1.96093E+10  6.30174E+08  1.02957E+09  1.31705E+09  5.70719E+09
 0.260  45.250   3.741  1.47266E+11  1.50222E+10  3.13593E+09  4.00412E+09  1.29108E+11  6.21246E+08  1.15207E+09  1.47980E+09  5.64301E+09  1.88059E+09  1.25438E+09  1.60943E+09  1.54934E+10  5.04099E+08  1.11531E+09  1.43239E+09  4.53844E+09
 0.270  49.250   3.967  1.72151E+11  1.72833E+10  3.88295E+09  4.94681E+09  1.50985E+11  1.81242E+09  1.98376E+09  2.52574E+09  1.17563E+10  2.89130E+09  2.07766E+09  2.64742E+09  2.09974E+10  1.37339E+09  1.87582E+09  2.38741E+09  9.41391E+09
 0.280  52.750   3.754  1.91658E+11  1.80335E+10  4.83864E+09  6.14665E+09  1.68786E+11  1.01988E+09  2.49371E+09  3.15133E+09  1.06086E+10  2.20702E+09  2.67068E+09  3.38092E+09  2.23576E+10  7.07768E+08  2.28775E+09  2.88393E+09  7.08870E+09
 0.290  56.750   3.001  2.13635E+11  1.91153E+10  6.36005E+09  8.04613E+09  1.88160E+11  2.10065E+09  3.38853E+09  4.24157E+09  1.26462E+10  3.53568E+09  3.77790E+09  4.73938E+09  2.50591E+10  1.45402E+09  3.06681E+09  3.82350E+09  6.36581E+09
 0.300  60.000   4.304  2.29766E+11  1.94571E+10  7.49550E+09  9.54876E+09  2.02813E+11  1.94186E+09  4.49540E+09  5.64847E+09  1.44170E+10  3.38502E+09  4.75419E+09  5.98096E+09  2.72194E+10  1.12919E+09  4.29868E+09  5.40042E+09  9.94716E+09
 0.310  65.250   1.340  2.68328E+11  2.30494E+10  9.25972E+09  1.18054E+10  2.36019E+11  2.13707E+09  5.87639E+09  7.37773E+09  1.68513E+10  3.34705E+09  6.97621E+09  8.81186E+09  2.91709E+10  9.18267E+08  4.49466E+09  5.60880E+09  3.25694E+09
 0.320  70.250   1.827  3.04323E+11  2.63538E+10  1.13428E+10  1.44368E+10  2.66626E+11  4.18670E+09  9.54895E+09  1.20834E+10  2.74950E+10  5.77889E+09  9.86567E+09  1.24972E+10  3.94822E+10  1.62094E+09  7.07799E+09  8.86736E+09  6.29116E+09
 0.330  76.500   1.130  3.58832E+11  3.01486E+10  1.54318E+10  1.95417E+10  3.13252E+11  4.48904E+09  1.25514E+10  1.58028E+10  3.13213E+10  5.96826E+09  1.29971E+10  1.63817E+10  4.25798E+10  1.24681E+09  8.89071E+09  1.10853E+10  3.81704E+09
 0.340  80.750   1.173  3.84427E+11  3.02319E+10  1.83635E+10  2.33934E+10  3.35832E+11  3.54460E+09  1.56134E+10  1.97851E+10  3.36562E+10  4.14089E+09  1.59880E+10  2.02802E+10  4.28265E+10  1.62972E+09  1.15744E+10  1.45286E+10  4.56670E+09
 0.350  84.000   3.364  3.97199E+11  2.81208E+10  2.16993E+10  2.77035E+10  3.47379E+11  7.18077E+09  1.94872E+10  2.47790E+10  4.85097E+10  7.95498E+09  1.97814E+10  2.51645E+10  5.80640E+10  4.23962E+09  1.73091E+10  2.19366E+10  1.83961E+10
 0.360  85.750   1.611  3.91928E+11  2.19708E+10  2.63005E+10  3.36877E+10  3.43656E+11  4.56554E+09  2.35655E+10  3.00669E+10  3.97296E+10  5.14627E+09  2.38421E+10  3.04268E+10  4.61312E+10  1.53039E+09  1.82761E+10  2.32721E+10  7.54488E+09
 0.370  86.000   5.691  3.68415E+11  1.71888E+10  2.79791E+10  3.62982E+10  3.23247E+11  3.75412E+09  2.52334E+10  3.26306E+10  3.90214E+10  4.15053E+09  2.56153E+10  3.31329E+10  4.55617E+10  2.47294E+09  2.40252E+10  3.10470E+10  2.53760E+10
 0.380  85.500   6.880  3.34126E+11  1.36423E+10  2.87844E+10  3.78372E+10  2.91700E+11  3.25733E+09  2.58918E+10  3.39430E+10  3.73290E+10  3.66293E+09  2.62433E+10  3.44110E+10  4.33366E+10  2.68459E+09  2.52836E+10  3.31454E+10  3.02733E+10
 0.390  85.500   8.611  3.11673E+11  1.15250E+10  2.94635E+10  3.90726E+10  2.70685E+11  2.94821E+09  2.66610E+10  3.52785E+10  3.83228E+10  3.38232E+09  2.70193E+10  3.57560E+10  4.44447E+10  2.96651E+09  2.66805E+10  3.53048E+10  3.85994E+10
 0.400  85.750   8.905  2.93766E+11  9.77589E+09  2.99556E+10  4.00619E+10  2.54034E+11  2.57851E+09  2.71514E+10  3.62673E+10  3.89432E+10  3.07190E+09  2.75492E+10  3.67957E+10  4.52037E+10  2.69983E+09  2.72544E+10  3.64042E+10  4.04070E+10
 0.410  86.250   8.903  2.79901E+11  8.53113E+09  3.01512E+10  4.06474E+10  2.41219E+11  2.39815E+09  2.74648E+10  3.69766E+10  3.90077E+10  2.77625E+09  2.78267E+10  3.74648E+10  4.49912E+10  2.47494E+09  2.75478E+10  3.70883E+10  4.02231E+10
 0.420  87.000   8.442  2.66976E+11  7.52583E+09  3.04940E+10  4.13565E+10  2.28956E+11  2.14373E+09  2.77524E+10  3.76063E+10  3.94412E+10  2.45842E+09  2.81260E+10  3.81079E+10  4.50635E+10  2.07867E+09  2.76656E+10  3.74901E+10  3.83046E+10
 0.430  87.500   9.535  2.54879E+11  6.81682E+09  3.07275E+10  4.19156E+10  2.17335E+11  1.79530E+09  2.77938E+10  3.78950E+10  3.87011E+10  2.05174E+09  2.82123E+10  3.84580E+10  4.40610E+10  1.94894E+09  2.80626E+10  3.82569E+10  4.20651E+10
 0.440  88.500   6.030  2.46887E+11  6.03432E+09  3.09376E+10  4.24164E+10  2.09915E+11  2.00190E+09  2.82585E+10  3.87145E+10  3.96925E+10  2.15067E+09  2.86113E+10  3.91943E+10  4.46187E+10  1.48238E+09  2.67625E+10  3.66919E+10  2.72019E+10
 0.450  89.750   6.233  2.41702E+11  5.30499E+09  3.11902E+10  4.29404E+10  2.05207E+11  1.96828E+09  2.86245E+10  3.93800E+10  4.01417E+10  2.05077E+09  2.88782E+10  3.97297E+10  4.44676E+10  1.52718E+09  2.73670E+10  3.76607E+10  2.80636E+10
 0.460  91.000   6.506  2.38234E+11  4.68265E+09  3.13943E+10  4.33955E+10  2.02157E+11  1.82979E+09  2.89208E+10  3.99483E+10  4.08420E+10  1.89029E+09  2.91689E+10  4.02910E+10  4.46916E+10  1.37962E+09  2.77397E+10  3.83258E+10  2.93254E+10
 0.470  92.500   7.336  2.34973E+11  4.20275E+09  3.15318E+10  4.37713E+10  1.99238E+11  1.83929E+09  2.90715E+10  4.03309E+10  4.16113E+10  1.88180E+09  2.92843E+10  4.06266E+10  4.48591E+10  1.45716E+09  2.82141E+10  3.91511E+10  3.31052E+10
 0.480  93.750   7.386  2.31205E+11  3.73181E+09  3.16525E+10  4.41105E+10  1.95821E+11  1.75829E+09  2.92285E+10  4.07106E+10  4.19063E+10  1.80108E+09  2.94105E+10  4.09641E+10  4.46126E+10  1.42526E+09  2.84310E+10  3.96051E+10  3.31421E+10
 0.490  95.000   6.806  2.27592E+11  3.28271E+09  3.17460E+10  4.43998E+10  1.92563E+11  1.66237E+09  2.93730E+10  4.10621E+10  4.25237E+10  1.68908E+09  2.95065E+10  4.12491E+10  4.47236E+10  1.34605E+09  2.83129E+10  3.95825E+10  3.05176E+10
 0.500  96.250   7.222  2.24679E+11  2.89386E+09  3.17947E+10  4.46293E+10  1.89990E+11  1.51515E+09  2.95541E+10  4.14687E+10  4.34356E+10  1.53545E+09  2.96395E+10  4.15888E+10  4.50590E+10  1.21776E+09  2.87037E+10  4.02771E+10  3.27444E+10
 0.510  97.500   8.319  2.22390E+11  2.55972E+09  3.18488E+10  4.48409E+10  1.87981E+11  1.21477E+09  2.95915E+10  4.16511E+10  4.37593E+10  1.24077E+09  2.96545E+10  4.17397E+10  4.48583E+10  1.00813E+09  2.91284E+10  4.10030E+10  3.74776E+10
 0.520  99.000   7.823  2.20126E+11  2.27311E+09  3.18607E+10  4.50023E+10  1.85993E+11  1.16363E+09  2.96232E+10  4.18330E+10  4.40418E+10  1.17126E+09  2.96515E+10  4.18728E+10  4.44812E+10  9.30211E+08  2.88766E+10  4.07850E+10  3.48852E+10
 0.530 100.250   8.505  2.18365E+11  2.07060E+09  3.18594E+10  4.51196E+10  1.84435E+11  1.05896E+09  2.96701E+10  4.20125E+10  4.47666E+10  1.05687E+09  2.96646E+10  4.20047E+10  4.46601E+10  9.03519E+08  2.91990E+10  4.13465E+10  3.79260E+10
 0.540 101.750   6.345  2.16678E+11  1.86765E+09  3.18455E+10  4.52219E+10  1.82965E+11  1.02435E+09  2.97503E+10  4.22427E+10  4.60217E+10  1.01858E+09  2.97107E+10  4.21864E+10  4.52443E+10  6.45593E+08  2.80663E+10  3.98640E+10  2.86104E+10
 0.550 102.750   6.406  2.15233E+11  1.68523E+09  3.18271E+10  4.52940E+10  1.81721E+11  9.27469E+08  2.96879E+10  4.22475E+10  4.55717E+10  9.09727E+08  2.96203E+10  4.21513E+10  4.43773E+10  6.00775E+08  2.78998E+10  3.97194E+10  2.82787E+10
 0.560 104.250   6.279  2.13480E+11  1.54541E+09  3.17919E+10  4.53509E+10  1.80143E+11  9.37527E+08  2.97347E+10  4.24165E+10  4.65848E+10  9.16790E+08  2.96346E+10  4.22738E+10  4.47148E+10  5.72912E+08  2.77374E+10  3.95822E+10  2.77061E+10
