  44
 0.130  9.00000E+00  9.36745E+09  6.68996E+01
 0.140  1.17500E+01  1.60662E+10  7.66782E+01
 0.150  1.32500E+01  1.94013E+10  7.93491E+01
 0.160  1.47500E+01  2.18382E+10  7.97897E+01
 0.170  1.62500E+01  2.35027E+10  7.88617E+01
 0.180  1.72500E+01  2.41376E+10  7.75688E+01
 0.190  1.85000E+01  2.55831E+10  7.71125E+01
 0.200  1.97500E+01  2.65305E+10  7.60017E+01
 0.210  2.12500E+01  2.91303E+10  7.67763E+01
 0.220  2.40000E+01  3.60796E+10  8.04007E+01
 0.230  2.92500E+01  5.79944E+10  9.23346E+01
 0.240  3.32500E+01  7.36952E+10  9.76243E+01
 0.250  3.87500E+01  1.04717E+11  1.07797E+02
 0.260  4.52500E+01  1.47266E+11  1.18298E+02
 0.270  4.92500E+01  1.72151E+11  1.22599E+02
 0.280  5.27500E+01  1.91658E+11  1.24993E+02
 0.290  5.67500E+01  2.13635E+11  1.27230E+02
 0.300  6.00000E+01  2.29766E+11  1.28322E+02
 0.310  6.52500E+01  2.68328E+11  1.32977E+02
 0.320  7.02500E+01  3.04323E+11  1.36483E+02
 0.330  7.65000E+01  3.58832E+11  1.42020E+02
 0.340  8.07500E+01  3.84427E+11  1.43077E+02
 0.350  8.40000E+01  3.97199E+11  1.42593E+02
 0.360  8.57500E+01  3.91928E+11  1.40191E+02
 0.370  8.60000E+01  3.68415E+11  1.35723E+02
 0.380  8.55000E+01  3.34126E+11  1.29630E+02
 0.390  8.55000E+01  3.11673E+11  1.25199E+02
 0.400  8.57500E+01  2.93766E+11  1.21372E+02
 0.410  8.62500E+01  2.79901E+11  1.18129E+02
 0.420  8.70000E+01  2.66976E+11  1.14871E+02
 0.430  8.75000E+01  2.54879E+11  1.11917E+02
 0.440  8.85000E+01  2.46887E+11  1.09525E+02
 0.450  8.97500E+01  2.41702E+11  1.07611E+02
 0.460  9.10000E+01  2.38234E+11  1.06100E+02
 0.470  9.25000E+01  2.34973E+11  1.04513E+02
 0.480  9.37500E+01  2.31205E+11  1.02979E+02
 0.490  9.50000E+01  2.27592E+11  1.01496E+02
 0.500  9.62500E+01  2.24679E+11  1.00188E+02
 0.510  9.75000E+01  2.22390E+11  9.90351E+01
 0.520  9.90000E+01  2.20126E+11  9.77806E+01
 0.530  1.00250E+02  2.18365E+11  9.67796E+01
 0.540  1.01750E+02  2.16678E+11  9.56917E+01
 0.550  1.02750E+02  2.15233E+11  9.49069E+01
 0.560  1.04250E+02  2.13480E+11  9.38371E+01
