  44
 0.130  9.97201E+07  2.03677E+07  2.28349E+07  9.68820E+07  1.54126E+07  3.31888E+08  2.51436E-01
 0.140  5.47398E+07  4.07517E+07  4.64613E+07  5.02278E+07  2.99712E+07  4.47783E+08  4.38615E-01
 0.150  4.90480E+07  6.70235E+07  8.00631E+07  4.61801E+07  1.95270E+07  5.97099E+08  1.55947E-01
 0.160  5.94296E+07  1.15747E+08  1.37160E+08  5.61990E+07  5.13344E+07  6.56709E+08  6.53631E-01
 0.170  7.48949E+07  1.31764E+08  1.60186E+08  7.18730E+07  1.95879E+07  6.01505E+08  1.79080E-01
 0.180  6.17698E+07  1.82927E+08  2.24529E+08  5.83136E+07  3.49248E+07  6.50806E+08  3.45294E-01
 0.190  6.38374E+07  1.96623E+08  2.44818E+08  6.06771E+07  1.90618E+07  6.30687E+08  1.87203E-01
 0.200  5.62189E+07  2.49166E+08  3.09723E+08  5.20378E+07  4.47465E+07  6.83147E+08  4.91229E-01
 0.210  2.10466E+07  2.40045E+08  3.04201E+08  1.94663E+07  6.94880E+06  6.38502E+08  5.75240E-02
 0.220  2.50590E+07  2.56372E+08  3.28558E+08  2.32571E+07  7.97688E+06  6.72505E+08  6.92271E-02
 0.230  3.22106E+07  2.79727E+08  3.61201E+08  3.00671E+07  9.41527E+06  7.12079E+08  1.24689E-01
 0.240  1.65403E+08  3.46931E+08  4.42789E+08  1.60775E+08  4.69302E+07  7.41261E+08  6.40490E-01
 0.250  1.19264E+08  4.26682E+08  5.42772E+08  1.15347E+08  5.99134E+07  7.69112E+08  5.56961E-01
 0.260  1.70802E+08  5.04858E+08  6.42879E+08  1.65400E+08  5.33180E+07  7.63625E+08  7.84673E-01
 0.270  4.23185E+08  7.83188E+08  9.86172E+08  4.15347E+08  1.40492E+08  1.20226E+09  2.19548E+00
 0.280  3.00369E+08  1.30752E+09  1.62641E+09  2.94959E+08  3.07577E+08  1.29488E+09  3.35540E+00
 0.290  6.96841E+08  2.18462E+09  2.69149E+09  6.85624E+08  6.40776E+08  1.72396E+09  8.46473E+00
 0.300  2.42161E+08  3.07826E+09  3.83383E+09  2.36020E+08  4.97644E+08  1.91434E+09  4.70906E+00
 0.310  8.43109E+08  4.19033E+09  5.22063E+09  8.33626E+08  9.10731E+08  2.38349E+09  1.17664E+01
 0.320  1.28721E+09  6.09654E+09  7.59861E+09  1.27645E+09  1.29995E+09  3.14495E+09  1.52516E+01
 0.330  1.17072E+09  8.70483E+09  1.08483E+10  1.15861E+09  1.78564E+09  3.35887E+09  1.64032E+01
 0.340  1.55071E+09  1.12208E+10  1.40824E+10  1.53941E+09  1.87431E+09  3.87532E+09  2.10222E+01
 0.350  1.15693E+09  1.35023E+10  1.71235E+10  1.14331E+09  1.43842E+09  4.45496E+09  1.47808E+01
 0.360  1.21693E+09  1.59938E+10  2.04172E+10  1.20753E+09  1.77497E+09  4.66896E+09  1.84034E+01
 0.370  4.23915E+08  1.60545E+10  2.07878E+10  4.18277E+08  8.18481E+08  4.34397E+09  7.67732E+00
 0.380  3.31589E+08  1.63491E+10  2.14878E+10  3.26754E+08  3.17425E+08  4.35894E+09  3.57832E+00
 0.390  2.18438E+08  1.64231E+10  2.18073E+10  2.14085E+08  2.59562E+08  4.28927E+09  2.75474E+00
 0.400  1.69369E+08  1.65705E+10  2.22122E+10  1.66209E+08  1.72906E+08  4.37731E+09  1.78711E+00
 0.410  1.60906E+08  1.58903E+10  2.14766E+10  1.58027E+08  1.22293E+08  4.03487E+09  1.25728E+00
 0.420  1.23791E+08  1.61536E+10  2.19755E+10  1.20828E+08  1.21121E+08  4.06247E+09  1.38451E+00
 0.430  8.44969E+07  1.64439E+10  2.25058E+10  8.20937E+07  9.06734E+07  4.21062E+09  1.02604E+00
 0.440  1.07637E+08  1.63365E+10  2.24805E+10  1.04524E+08  7.61625E+07  4.15775E+09  9.42993E-01
 0.450  8.45105E+07  1.59583E+10  2.20625E+10  8.22364E+07  7.55878E+07  3.91548E+09  8.56083E-01
 0.460  7.04774E+07  1.61203E+10  2.23818E+10  6.84444E+07  6.65319E+07  4.05407E+09  7.82356E-01
 0.470  5.98032E+07  1.63328E+10  2.27722E+10  5.79631E+07  5.36606E+07  4.21478E+09  5.39434E-01
 0.480  5.44820E+07  1.60667E+10  2.24916E+10  5.28381E+07  4.35442E+07  4.07777E+09  4.41134E-01
 0.490  4.69482E+07  1.56969E+10  2.20536E+10  4.53596E+07  4.20520E+07  3.83991E+09  4.42487E-01
 0.500  4.27420E+07  1.54884E+10  2.18336E+10  4.11175E+07  4.23242E+07  3.74904E+09  5.35519E-01
 0.510  3.56395E+07  1.60255E+10  2.26538E+10  3.41965E+07  4.16322E+07  4.04684E+09  4.53756E-01
 0.520  3.35224E+07  1.54945E+10  2.19674E+10  3.20682E+07  3.49182E+07  3.77705E+09  4.00499E-01
 0.530  3.35521E+07  1.51296E+10  2.14989E+10  3.21537E+07  2.88847E+07  3.63190E+09  3.47819E-01
 0.540  3.10802E+07  1.48941E+10  2.12111E+10  2.97735E+07  2.74568E+07  3.51849E+09  3.19146E-01
 0.550  2.79098E+07  1.51294E+10  2.15840E+10  2.66392E+07  2.60150E+07  3.65792E+09  2.93534E-01
 0.560  2.91978E+07  1.51824E+10  2.17017E+10  2.78806E+07  2.52069E+07  3.67679E+09  2.89974E-01
