  44
 0.130 -2.38933E-01  9.80285E-02 -3.82903E-01  8.60977E+00  1.16700E+01  9.87415E+00   1.114  1.19808E+08  1.33184E+08  2.26379E+07  0.00000E+00  3.99479E+08  2.75768E-01  8.41208E+01   7.586   7.334
 0.140  1.10502E-01 -2.28540E-01  1.61790E-01 -1.76993E+01  2.12733E+00 -2.97520E-01   1.524  1.74446E+08  2.09723E+08  6.88571E+07  1.86718E+07  1.00090E+09  7.27875E-01  9.77270E+01   7.869   7.572
 0.150  8.93996E-02 -3.09039E-01  2.03764E-01 -2.65830E+01  1.77644E+01  3.69668E+00   1.785  1.80632E+08  2.14031E+08  1.44528E+08  4.81317E+07  1.57214E+09  4.67650E-01  1.67873E+02   7.910   7.679
 0.160  3.36612E-01  1.39911E-01  2.50892E-01 -1.01882E+01  1.86215E+01  2.48146E+01   1.880  3.19968E+08  4.00710E+08  2.55324E+08  6.15478E+07  1.82006E+09  1.34508E+00  1.81956E+02   8.029   7.819
 0.170  1.34486E-02  5.04629E-02  1.20314E-01 -1.13879E+01  1.21426E+01  7.88944E+00   2.205  2.84664E+08  3.12551E+08  3.12323E+08  8.09613E+07  2.19801E+09  3.60341E-01  2.54455E+02   8.013   7.852
 0.180 -1.90393E-02  1.63243E-03  1.71389E-01 -1.92000E+01  1.74669E+01  4.17440E+00   2.149  2.59412E+08  3.15750E+08  3.87615E+08  8.93339E+07  2.22561E+09  8.14825E-01  3.07058E+02   8.092   7.905
 0.190  1.11581E-01  3.82548E-02  2.64477E-01 -2.19596E+01 -8.53546E+00 -1.49281E+01   2.146  2.64750E+08  2.81758E+08  4.01999E+08  9.00355E+07  2.10190E+09  3.33372E-01  3.89632E+02   8.015   7.935
 0.200  8.74999E-02 -2.71499E-01 -1.18596E-01 -1.71655E+00 -2.35547E+01  1.37305E+01   2.591  3.24696E+08  4.02609E+08  5.78477E+08  1.32763E+08  3.07819E+09  1.13758E+00  4.22832E+02   8.094   7.945
 0.210  1.28992E-02 -4.51656E-01  2.85190E-01 -7.10605E+00  1.71367E+01  1.01372E+00   2.970  2.63348E+08  2.71092E+08  6.32023E+08  1.46494E+08  3.41449E+09  2.99747E-01  5.14178E+02   8.051   7.956
 0.220 -2.68833E-01 -1.31786E-01  3.78514E-03 -2.55653E+00  1.39009E+01 -5.03193E+00   2.831  3.97184E+08  4.16238E+08  6.70108E+08  1.47743E+08  3.28720E+09  5.94919E-01  5.90691E+02   8.026   7.967
 0.230  1.11431E-01 -5.22083E-01  2.71886E-03 -3.43574E+01 -6.60952E+00  2.32356E+01   3.215  3.80505E+08  3.98148E+08  7.86606E+08  1.88637E+08  4.27389E+09  5.96456E-01  6.50961E+02   8.083   7.969
 0.240 -6.25063E-01  1.77067E-01  2.27082E-01  9.44674E+00 -1.43468E+00  9.60022E+00   4.422  6.85028E+08  7.03491E+08  9.32222E+08  2.27959E+08  6.33164E+09  1.14616E+00  7.04669E+02   7.956   7.967
 0.250 -1.05500E-01  4.32809E-01 -1.11172E-01  2.07081E+01 -2.92868E+01 -1.78111E+01   3.910  6.30174E+08  6.76661E+08  1.02957E+09  2.14246E+08  5.70719E+09  1.21380E+00  7.30984E+02   8.051   7.997
 0.260  5.26929E-02  7.61330E-02  4.67119E-02 -3.86593E+00  8.19377E+00  1.30796E+01   3.741  5.04099E+08  5.45879E+08  1.11531E+09  2.04285E+08  4.53844E+09  1.22244E+00  7.81237E+02   8.095   8.024
 0.270  2.89150E-01 -7.00298E-01  4.64774E-01  8.88209E+00 -1.10263E+01 -1.73814E+00   3.967  1.37339E+09  1.55767E+09  1.87582E+09  6.16982E+08  9.41391E+09  4.17501E+00  7.61221E+02   8.113   8.007
 0.280  1.28721E-01 -1.00819E-01 -2.24778E-01  1.22967E+01  6.73739E+00  1.06253E+01   3.754  7.07768E+08  1.06248E+09  2.28775E+09  4.89010E+08  7.08870E+09  4.05627E+00  6.72887E+02   8.382   8.232
 0.290 -7.32073E-03 -8.32720E-02 -3.18707E-02 -1.77742E+01 -6.13681E+00 -2.57023E+01   3.001  1.45402E+09  2.12625E+09  3.06681E+09  4.79690E+08  6.36581E+09  9.83072E+00  6.00939E+02   8.380   8.358
 0.300 -4.94768E-01 -5.49885E-01 -1.57232E-01  3.88217E-01  9.60641E+00 -6.11863E+00   4.304  1.12919E+09  1.66255E+09  4.29868E+09  6.33225E+08  9.94716E+09  6.12148E+00  5.99900E+02   8.484   8.458
 0.310 -1.93956E-02 -1.54790E-02  6.32472E-03  4.68517E+00  1.65034E+00 -2.31682E+00   1.340  9.18267E+08  1.86264E+09  4.49466E+09  2.69770E+08  3.25694E+09  1.22700E+01  5.40200E+02   8.604   8.550
 0.320  8.83258E-02  2.78736E-02  8.07685E-02  9.51320E+00  7.46459E+00 -1.48446E+01   1.827  1.62094E+09  2.98776E+09  7.07799E+09  8.94850E+08  6.29116E+09  1.63799E+01  5.65509E+02   8.577   8.560
 0.330 -1.17423E-02  4.45661E-04  2.43900E-02 -1.03308E+01  4.79395E+00  7.25844E+00   1.130  1.24681E+09  3.04611E+09  8.89071E+09  4.11699E+08  3.81704E+09  1.67905E+01  4.95484E+02   8.783   8.641
 0.340  6.56153E-02  2.93509E-02 -3.30145E-04  1.90237E+00  5.56267E+00  9.20912E-01   1.173  1.62972E+09  3.56929E+09  1.15744E+10  6.09431E+08  4.56670E+09  2.17321E+01  5.26651E+02   8.710   8.664
 0.350 -2.42301E-01  3.75931E-02 -2.96848E-01 -1.74110E+01  1.17176E+01 -3.03013E+01   3.364  4.23962E+09  6.38960E+09  1.73091E+10  2.91473E+09  1.83961E+10  2.74649E+01  6.27972E+02   8.422   8.618
 0.360  2.35354E-02 -6.87040E-03  7.61796E-03 -6.11943E+00 -1.52019E+00 -4.08340E+00   1.611  1.53039E+09  3.69698E+09  1.82761E+10  1.36413E+09  7.54488E+09  2.16100E+01  6.23838E+02   8.811   8.678
 0.370  6.78293E-01  1.73076E-01  2.76580E-01  1.59327E+01 -2.07771E+00  5.49190E+00   5.691  2.47294E+09  3.58702E+09  2.40252E+10  4.74823E+09  2.53760E+10  1.28240E+01  7.52586E+02   8.572   8.643
 0.380  6.38571E-01  1.28391E-01  1.31985E-01  1.89955E+01 -2.87893E+01  1.55403E+01   6.880  2.68459E+09  3.20147E+09  2.52836E+10  5.18164E+09  3.02733E+10  8.49647E+00  8.87896E+02   8.510   8.649
 0.390  1.18836E+00  2.82627E-01  2.41451E-01  1.78698E+01 -2.28914E+01 -3.48522E-01   8.611  2.96651E+09  3.40800E+09  2.66805E+10  5.80437E+09  3.85994E+10  8.23435E+00  1.01370E+03   8.462   8.645
 0.400  1.90953E+00 -6.58419E-01  4.04974E-01  4.28911E+01 -3.09649E+00  1.62360E-01   8.905  2.69983E+09  2.94480E+09  2.72544E+10  5.95528E+09  4.04070E+10  5.37494E+00  1.14890E+03   8.454   8.647
 0.410  6.20348E-01  2.35145E-01  3.40589E-02  2.08380E+01 -4.74498E+01  2.68447E+01   8.903  2.47494E+09  2.59266E+09  2.75478E+10  5.98648E+09  4.02231E+10  3.21326E+00  1.28389E+03   8.462   8.649
 0.420  1.43296E+00 -1.02990E-01  2.00311E-01  3.03560E+00 -5.89525E+01  1.34825E+01   8.442  2.07867E+09  2.21327E+09  2.76656E+10  5.83456E+09  3.83046E+10  4.00902E+00  1.42088E+03   8.464   8.654
 0.430  2.91409E+00  1.31909E-01  5.53685E-01  3.14223E+01 -4.79566E+00  1.05332E+01   9.535  1.94894E+09  2.06645E+09  2.80626E+10  6.01211E+09  4.20651E+10  3.90232E+00  1.56922E+03   8.485   8.653
 0.440 -9.30082E-02 -3.23350E-01  6.44971E-02  5.43960E+00 -4.73026E+01  1.62625E+01   6.030  1.48238E+09  1.60761E+09  2.67625E+10  4.92656E+09  2.72019E+10  3.08708E+00  1.70488E+03   8.508   8.672
 0.450  1.58652E-01  1.91756E-01  6.32833E-02  7.05585E-01 -2.37281E+01  1.12909E+01   6.233  1.52718E+09  1.68263E+09  2.73670E+10  5.07276E+09  2.80636E+10  3.52925E+00  1.83010E+03   8.538   8.669
 0.460  8.44903E-01  3.38844E-01  3.55972E-01  3.78857E+00  1.84312E+01  4.85339E+00   6.506  1.37962E+09  1.50710E+09  2.77397E+10  5.18285E+09  2.93254E+10  2.65708E+00  1.96131E+03   8.568   8.669
 0.470  6.26330E-01 -1.31250E-01  6.69593E-01  2.27781E+01 -6.03418E+00  3.15077E+01   7.336  1.45716E+09  1.53265E+09  2.82141E+10  5.44665E+09  3.31052E+10  2.00053E+00  2.11287E+03   8.537   8.667
 0.480  4.05797E-01 -3.80795E-03  5.83897E-01  4.57928E+00 -1.32566E+00  1.67835E+01   7.386  1.42526E+09  1.48577E+09  2.84310E+10  5.49424E+09  3.31421E+10  1.75682E+00  2.25708E+03   8.532   8.667
 0.490  6.88246E-02  1.79441E-01 -2.66496E-01 -8.79052E+00 -1.71725E+01  1.23565E+01   6.806  1.34605E+09  1.41434E+09  2.83129E+10  5.26275E+09  3.05176E+10  1.77023E+00  2.39912E+03   8.539   8.671
 0.500  7.01051E-01  7.54477E-01 -3.54377E-01 -3.98890E+00 -9.77868E+00  4.42838E+00   7.222  1.21776E+09  1.26552E+09  2.87037E+10  5.50074E+09  3.27444E+10  1.31512E+00  2.55537E+03   8.548   8.668
 0.510  4.74666E-01  3.37148E-01  1.01605E-01  1.44976E+01  6.70442E+00  3.38426E+01   8.319  1.00813E+09  1.02813E+09  2.91284E+10  5.80719E+09  3.74776E+10  1.01566E+00  2.70619E+03   8.570   8.665
 0.520  3.86536E-01  1.59019E-01  2.64256E-01  1.22603E+00 -9.15986E+00  4.01083E+01   7.823  9.30211E+08  9.47837E+08  2.88766E+10  5.58865E+09  3.48852E+10  8.73341E-01  2.86957E+03   8.588   8.669
 0.530  6.52375E-01  1.65638E-01  5.41629E-01  5.25277E+00  2.65357E+00  1.41897E+01   8.505  9.03519E+08  9.10744E+08  2.91990E+10  5.81793E+09  3.79260E+10  7.05444E-01  3.01480E+03   8.602   8.666
 0.540 -1.26874E-01  1.99016E-02 -1.88992E-01 -2.46508E+00 -4.39345E+00  3.62862E+01   6.345  6.45593E+08  6.60554E+08  2.80663E+10  5.02112E+09  2.86104E+10  5.10803E-01  3.18202E+03   8.638   8.679
 0.550 -7.10532E-02  6.42028E-03 -1.13265E-01  3.53376E+00 -8.47854E+00  2.56934E+01   6.406  6.00775E+08  6.12168E+08  2.78998E+10  4.95202E+09  2.82787E+10  4.21774E-01  3.33928E+03   8.642   8.682
 0.560  5.79358E-02  2.46585E-01 -2.77939E-01 -1.35297E+01 -9.60866E+00  1.83116E+01   6.279  5.72912E+08  5.85231E+08  2.77374E+10  4.86579E+09  2.77061E+10  4.02698E-01  3.51665E+03   8.649   8.684
