  44
 0.130  1.35000E+00  1.50723E+08  2.58343E+07  2.90689E+07  1.46187E+08  1.90071E+07  5.38736E+08  3.08703E-01
 0.140  1.76250E+00  2.28137E+08  8.23735E+07  9.39920E+07  2.10993E+08  5.63952E+07  1.30394E+09  8.27013E-01
 0.150  1.98750E+00  2.33030E+08  1.62067E+08  1.92476E+08  2.17844E+08  5.25728E+07  1.89871E+09  5.42836E-01
 0.160  2.21250E+00  4.19502E+08  2.89545E+08  3.43502E+08  3.93538E+08  1.12464E+08  2.29270E+09  1.50048E+00
 0.170  2.43750E+00  3.49799E+08  3.33434E+08  4.06586E+08  3.30311E+08  4.75393E+07  2.50279E+09  4.04191E-01
 0.180  2.58750E+00  3.36394E+08  4.34680E+08  5.33571E+08  3.10861E+08  8.44004E+07  2.82446E+09  9.17196E-01
 0.190  2.77500E+00  3.60435E+08  4.65818E+08  5.81723E+08  3.37849E+08  3.35909E+07  2.94019E+09  3.45859E-01
 0.200  2.96250E+00  4.06303E+08  6.07032E+08  7.56170E+08  3.72748E+08  1.08955E+08  3.65376E+09  1.20640E+00
 0.210  3.18750E+00  3.15403E+08  6.49876E+08  8.22410E+08  2.85584E+08  3.64596E+07  3.73707E+09  3.26854E-01
 0.220  3.60000E+00  5.44583E+08  7.34642E+08  9.34688E+08  4.96296E+08  5.80053E+07  4.44623E+09  7.62618E-01
 0.230  4.38750E+00  6.82657E+08  8.39779E+08  1.07397E+09  5.96307E+08  6.37029E+07  6.21109E+09  6.22608E-01
 0.240  4.98750E+00  8.19016E+08  9.51878E+08  1.21686E+09  7.23142E+08  9.67538E+07  7.35308E+09  1.20687E+00
 0.250  5.81250E+00  1.02365E+09  1.11610E+09  1.42637E+09  8.82240E+08  1.14101E+08  9.50379E+09  1.31042E+00
 0.260  6.78750E+00  1.05480E+09  1.19908E+09  1.53987E+09  8.78573E+08  9.68589E+07  9.05309E+09  1.26393E+00
 0.270  7.38750E+00  2.36756E+09  2.05906E+09  2.62310E+09  2.04083E+09  3.00493E+08  1.63353E+10  4.35704E+00
 0.280  7.91250E+00  1.65877E+09  2.61284E+09  3.30517E+09  1.42730E+09  4.20776E+08  1.67692E+10  4.16022E+00
 0.290  8.51250E+00  3.12799E+09  3.57997E+09  4.48838E+09  2.72048E+09  7.74192E+08  2.01747E+10  1.02904E+01
 0.300  9.00000E+00  3.00890E+09  4.66207E+09  5.86290E+09  2.61583E+09  6.72431E+08  2.37316E+10  6.87883E+00
 0.310  9.78750E+00  3.26177E+09  6.91469E+09  8.73138E+09  2.93243E+09  1.17492E+09  2.83250E+10  1.43400E+01
 0.320  1.05375E+01  6.02412E+09  9.90738E+09  1.25517E+10  5.42999E+09  1.62269E+09  4.16149E+10  1.88010E+01
 0.330  1.14750E+01  7.01088E+09  1.32712E+10  1.67301E+10  6.18181E+09  2.45453E+09  5.02496E+10  2.53938E+01
 0.340  1.21125E+01  5.02679E+09  1.61787E+10  2.05309E+10  4.34957E+09  2.28269E+09  5.23217E+10  2.50198E+01
 0.350  1.26000E+01  9.07131E+09  2.01952E+10  2.57109E+10  8.17719E+09  2.60928E+09  7.36110E+10  3.09131E+01
 0.360  1.28625E+01  6.38066E+09  2.42380E+10  3.09428E+10  5.58995E+09  2.86204E+09  5.93402E+10  2.71643E+01
 0.370  1.29000E+01  4.76309E+09  2.60778E+10  3.37479E+10  4.17783E+09  1.37838E+09  5.87325E+10  1.41040E+01
 0.380  1.28250E+01  4.19130E+09  2.66995E+10  3.50217E+10  3.69758E+09  7.50852E+08  5.46566E+10  8.79446E+00
 0.390  1.28250E+01  4.05135E+09  2.74569E+10  3.63456E+10  3.62783E+09  7.27957E+08  5.57490E+10  8.46874E+00
 0.400  1.28625E+01  3.63866E+09  2.80367E+10  3.74498E+10  3.21183E+09  5.29603E+08  5.69293E+10  5.87206E+00
 0.410  1.29375E+01  3.43103E+09  2.83463E+10  3.81709E+10  3.11260E+09  3.19828E+08  5.71465E+10  3.35588E+00
 0.420  1.30500E+01  2.96650E+09  2.86842E+10  3.88630E+10  2.60288E+09  3.89998E+08  5.76348E+10  4.44663E+00
 0.430  1.31250E+01  2.57402E+09  2.89008E+10  3.93904E+10  2.30140E+09  3.27252E+08  5.69023E+10  4.07974E+00
 0.440  1.32750E+01  2.44370E+09  2.91977E+10  3.99999E+10  2.12408E+09  2.74230E+08  5.75609E+10  3.26456E+00
 0.450  1.34625E+01  2.25003E+09  2.94966E+10  4.05828E+10  1.93650E+09  2.96491E+08  5.84598E+10  3.60040E+00
 0.460  1.36500E+01  2.08597E+09  2.97930E+10  4.11567E+10  1.79340E+09  2.53527E+08  5.94579E+10  2.80437E+00
 0.470  1.38750E+01  2.04200E+09  2.99601E+10  4.15686E+10  1.79169E+09  2.00744E+08  6.07489E+10  2.07517E+00
 0.480  1.40625E+01  1.94896E+09  3.01289E+10  4.19690E+10  1.71588E+09  1.80301E+08  6.14675E+10  1.77152E+00
 0.490  1.42500E+01  1.81298E+09  3.02418E+10  4.22807E+10  1.60789E+09  1.63967E+08  6.22302E+10  1.78740E+00
 0.500  1.44375E+01  1.69261E+09  3.03389E+10  4.25741E+10  1.52352E+09  1.14340E+08  6.34053E+10  1.34434E+00
 0.510  1.46250E+01  1.53690E+09  3.04066E+10  4.28013E+10  1.35704E+09  1.00826E+08  6.41813E+10  1.02013E+00
 0.520  1.48500E+01  1.38704E+09  3.04454E+10  4.29965E+10  1.23279E+09  8.02344E+07  6.47394E+10  8.86606E-01
 0.530  1.50375E+01  1.21657E+09  3.04926E+10  4.31793E+10  1.10937E+09  6.54696E+07  6.58292E+10  7.08928E-01
 0.540  1.52625E+01  1.12815E+09  3.04827E+10  4.32841E+10  1.04727E+09  4.83546E+07  6.70229E+10  5.29102E-01
 0.550  1.54125E+01  1.05177E+09  3.04802E+10  4.33758E+10  9.79204E+08  4.17116E+07  6.70106E+10  4.37794E-01
 0.560  1.56375E+01  1.00791E+09  3.04866E+10  4.34892E+10  9.53384E+08  3.52006E+07  6.83084E+10  4.06792E-01
