  44
 0.130   1.114  2.75768E-01  3.22407E-01  1.85219E-01
 0.140   1.524  7.27875E-01  8.11714E-01  5.40256E-01
 0.150   1.785  4.67650E-01  4.68701E-01  5.06073E-01
 0.160   1.880  1.34508E+00  1.40994E+00  1.12119E+00
 0.170   2.205  3.60341E-01  3.37134E-01  5.05075E-01
 0.180   2.149  8.14825E-01  8.03113E-01  8.19323E-01
 0.190   2.146  3.33372E-01  3.62797E-01  3.54830E-01
 0.200   2.591  1.13758E+00  1.09184E+00  1.17505E+00
 0.210   2.970  2.99747E-01  2.82211E-01  3.70003E-01
 0.220   2.831  5.94919E-01  5.88638E-01  5.25721E-01
 0.230   3.215  5.96456E-01  5.90381E-01  6.60110E-01
 0.240   4.422  1.14616E+00  1.20498E+00  1.03450E+00
 0.250   3.910  1.21380E+00  1.20729E+00  1.19750E+00
 0.260   3.741  1.22244E+00  1.31265E+00  1.04459E+00
 0.270   3.967  4.17501E+00  4.68857E+00  3.17529E+00
 0.280   3.754  4.05627E+00  4.03575E+00  4.56385E+00
 0.290   3.001  9.83072E+00  1.00712E+01  8.24704E+00
 0.300   4.304  6.12148E+00  5.93852E+00  7.10136E+00
 0.310   1.340  1.22700E+01  1.31356E+01  1.05779E+01
 0.320   1.827  1.63799E+01  1.70232E+01  1.53676E+01
 0.330   1.130  1.67905E+01  1.58591E+01  1.98443E+01
 0.340   1.173  2.17321E+01  2.11862E+01  2.13810E+01
 0.350   3.364  2.74649E+01  2.89904E+01  2.59614E+01
 0.360   1.611  2.16100E+01  2.04388E+01  2.47728E+01
 0.370   5.691  1.28240E+01  1.27002E+01  1.42865E+01
 0.380   6.880  8.49647E+00  8.43657E+00  8.14776E+00
 0.390   8.611  8.23435E+00  8.51329E+00  7.76213E+00
 0.400   8.905  5.37494E+00  5.10696E+00  5.32603E+00
 0.410   8.903  3.21326E+00  3.24063E+00  3.36513E+00
 0.420   8.442  4.00902E+00  4.06101E+00  3.75422E+00
 0.430   9.535  3.90232E+00  4.02438E+00  3.51541E+00
 0.440   6.030  3.08708E+00  3.19320E+00  2.75008E+00
 0.450   6.233  3.52925E+00  3.52546E+00  3.26938E+00
 0.460   6.506  2.65708E+00  2.52614E+00  2.73375E+00
 0.470   7.336  2.00053E+00  1.92280E+00  2.12268E+00
 0.480   7.386  1.75682E+00  1.67858E+00  1.99011E+00
 0.490   6.806  1.77023E+00  1.81499E+00  1.81318E+00
 0.500   7.222  1.31512E+00  1.39955E+00  1.22816E+00
 0.510   8.319  1.01566E+00  1.03303E+00  1.09115E+00
 0.520   7.823  8.73341E-01  8.77579E-01  8.72450E-01
 0.530   8.505  7.05444E-01  7.32861E-01  6.99590E-01
 0.540   6.345  5.10803E-01  5.28947E-01  4.77727E-01
 0.550   6.406  4.21774E-01  4.03652E-01  4.15819E-01
 0.560   6.279  4.02698E-01  3.97776E-01  3.81813E-01
