  19
 0.100       985785        22338       433156
 0.110      1579375        30573       719812
 0.120      2618462        63901      1210338
 0.130      3676294       101747      1708861
 0.140      5215194       191096      2428160
 0.150      6658471       352894      3159123
 0.160      8218494       459460      3880273
 0.170     10240661       737619      4858827
 0.180     11224019       947027      5438219
 0.190     13229195      1200593      6277996
 0.200     14266797      1458817      6828027
 0.210     15433238      1757421      7405097
 0.220     16375778      2116867      7809921
 0.230     17377257      2354666      8153021
 0.240     17388959      2588675      8465628
 0.250     18057913      2788310      8828193
 0.260     19046818      2916311      9254529
 0.270     20206491      3088935      9860623
 0.280     21338327      3226993     10402462
