  23
 0.110   1.057   0.714  2.97272E+06  3.31686E+06  2.96407E+06  5.84878E+01  0.00000E+00  0.00000E+00  0.00000E+00  2.97272E+06  3.31686E+06  2.96407E+06
 0.120   1.627   1.249  3.26054E+06  3.75347E+06  3.23882E+06  1.21270E+02  6.94392E+05  8.49358E+05  6.83524E+05  2.56615E+06  2.90411E+06  2.55529E+06
 0.130   2.004   1.063  3.43053E+07  3.90590E+07  3.41835E+07  8.48227E+01  5.72464E+06  6.96174E+06  5.66629E+06  2.85807E+07  3.20973E+07  2.85172E+07
 0.140   2.282   1.235  5.56916E+07  6.41689E+07  5.54673E+07  1.03678E+02  1.03380E+07  1.25417E+07  1.02349E+07  4.53536E+07  5.16272E+07  4.52323E+07
 0.150   2.521   1.345  9.56886E+07  1.11940E+08  9.51548E+07  1.43988E+02  3.26662E+07  3.98208E+07  3.23361E+07  6.30224E+07  7.21192E+07  6.28187E+07
 0.160   2.844   0.923  2.08488E+08  2.44687E+08  2.07205E+08  1.70187E+02  5.15630E+07  6.38441E+07  5.09361E+07  1.56925E+08  1.80843E+08  1.56269E+08
 0.170   3.809   1.661  1.64246E+08  1.96825E+08  1.62846E+08  2.36466E+02  4.67849E+07  5.88264E+07  4.60106E+07  1.17461E+08  1.37999E+08  1.16836E+08
 0.180   3.299   1.812  1.79625E+08  2.21622E+08  1.77580E+08  3.30754E+02  5.46394E+07  6.92606E+07  5.36353E+07  1.24986E+08  1.52362E+08  1.23945E+08
 0.190   2.756   1.097  6.04348E+08  6.95716E+08  6.01170E+08  1.71057E+02  5.62406E+07  7.19631E+07  5.50198E+07  5.48107E+08  6.23753E+08  5.46150E+08
 0.200   3.986   1.550  8.53261E+08  1.00352E+09  8.48501E+08  1.97670E+02  7.43335E+07  9.52722E+07  7.27144E+07  7.78928E+08  9.08251E+08  7.75787E+08
 0.210   3.198   0.901  1.72503E+09  2.02286E+09  1.71762E+09  1.72932E+02  8.51589E+07  1.08457E+08  8.34544E+07  1.63987E+09  1.91440E+09  1.63417E+09
 0.220   5.465   2.274  1.43335E+09  1.73382E+09  1.42385E+09  2.66041E+02  1.70385E+08  2.16463E+08  1.67562E+08  1.26297E+09  1.51736E+09  1.25629E+09
 0.230   4.457   1.447  2.54204E+09  3.06750E+09  2.52649E+09  2.65451E+02  1.41722E+08  1.82368E+08  1.38742E+08  2.40032E+09  2.88513E+09  2.38775E+09
 0.240   4.562   1.995  3.33741E+09  4.10535E+09  3.31303E+09  3.32521E+02  2.02204E+08  2.59613E+08  1.98248E+08  3.13521E+09  3.84574E+09  3.11478E+09
 0.250   4.541   1.970  3.66213E+09  4.51396E+09  3.63216E+09  3.77296E+02  2.92897E+08  3.78483E+08  2.87181E+08  3.36924E+09  4.13547E+09  3.34498E+09
 0.260   7.359   1.865  4.72972E+09  5.88356E+09  4.68812E+09  4.19718E+02  3.91248E+08  5.08091E+08  3.83327E+08  4.33847E+09  5.37547E+09  4.30479E+09
 0.270   7.435   1.440  5.71020E+09  7.18460E+09  5.65372E+09  4.83655E+02  3.51641E+08  4.60558E+08  3.43179E+08  5.35855E+09  6.72404E+09  5.31054E+09
 0.280   8.573   2.808  6.24702E+09  7.97643E+09  6.17441E+09  5.79560E+02  5.88338E+08  7.67064E+08  5.76043E+08  5.65869E+09  7.20937E+09  5.59836E+09
 0.290   9.171   2.190  6.68428E+09  8.56587E+09  6.59995E+09  6.42894E+02  5.68456E+08  7.47860E+08  5.55277E+08  6.11583E+09  7.81801E+09  6.04468E+09
 0.300   9.137   2.213  6.87769E+09  8.90745E+09  6.78058E+09  7.38754E+02  5.80084E+08  7.66675E+08  5.65697E+08  6.29760E+09  8.14077E+09  6.21489E+09
 0.310   9.815   1.960  7.12889E+09  9.24665E+09  7.02147E+09  8.01202E+02  5.96002E+08  7.88906E+08  5.80956E+08  6.53289E+09  8.45774E+09  6.44052E+09
 0.320   8.663   2.152  8.17697E+09  1.05564E+10  8.05170E+09  8.16375E+02  6.15310E+08  8.19686E+08  5.98250E+08  7.56166E+09  9.73674E+09  7.45345E+09
 0.330   7.853   2.214  1.02485E+10  1.30584E+10  1.01039E+10  7.59980E+02  7.02522E+08  9.33241E+08  6.83588E+08  9.54595E+09  1.21251E+10  9.42033E+09
