  23
 0.110   1.057   0.714  3.49740E-02  3.40212E-02  2.91335E-02
 0.120   1.627   1.249  2.39488E-02  2.64191E-02  2.09007E-02
 0.130   2.004   1.063  3.91671E-01  4.04661E-01  2.80174E-01
 0.140   2.282   1.235  3.82991E-01  3.98214E-01  3.90009E-01
 0.150   2.521   1.345  5.48568E-01  6.41341E-01  4.43250E-01
 0.160   2.844   0.923  1.15428E+00  1.43086E+00  8.28781E-01
 0.170   3.809   1.661  7.37880E-01  8.69581E-01  5.73313E-01
 0.180   3.299   1.812  2.79435E-01  3.03893E-01  2.50028E-01
 0.190   2.756   1.097  6.53844E+00  7.94364E+00  4.17970E+00
 0.200   3.986   1.550  5.29475E+00  5.90299E+00  4.41082E+00
 0.210   3.198   0.901  1.20418E+01  1.25186E+01  1.01985E+01
 0.220   5.465   2.274  4.50406E+00  4.69775E+00  4.11720E+00
 0.230   4.457   1.447  1.13814E+01  1.18379E+01  9.54931E+00
 0.240   4.562   1.995  7.40877E+00  7.69168E+00  7.36929E+00
 0.250   4.541   1.970  1.13430E+01  1.11364E+01  1.05222E+01
 0.260   7.359   1.865  1.02864E+01  1.02180E+01  9.77147E+00
 0.270   7.435   1.440  8.13453E+00  7.79406E+00  8.31695E+00
 0.280   8.573   2.808  4.01353E+00  3.99400E+00  4.20132E+00
 0.290   9.171   2.190  6.88347E+00  6.62418E+00  7.15517E+00
 0.300   9.137   2.213  3.61296E+00  3.55114E+00  3.78980E+00
 0.310   9.815   1.960  6.83470E+00  7.01018E+00  6.27010E+00
 0.320   8.663   2.152  1.01984E+01  9.88354E+00  1.09023E+01
 0.330   7.853   2.214  2.35693E+01  2.39489E+01  2.11207E+01
