  23
 0.110   8.000   1.057  1.06779E+10  1.45269E+09  7.00738E+07  8.07698E+07  9.15510E+09  3.18625E+07  1.37167E+07  1.58849E+07  3.53670E+08  1.91249E+09  7.77120E+07  8.99688E+07  1.18941E+10  5.72060E+07  2.03180E+07  2.35147E+07  5.69663E+08
 0.120  12.500   1.627  3.05980E+10  3.55837E+09  2.02492E+08  2.38252E+08  2.68371E+10  3.80058E+07  3.30798E+07  3.92419E+07  9.23500E+08  2.67642E+09  1.71750E+08  2.01821E+08  2.05857E+10  7.00973E+07  4.43597E+07  5.25782E+07  1.38434E+09
 0.130  16.500   2.004  5.52860E+10  5.86587E+09  5.94774E+08  6.90014E+08  4.88254E+10  4.75038E+08  1.57351E+08  1.79107E+08  2.29944E+09  3.66110E+09  5.39447E+08  6.24114E+08  3.35795E+10  6.22428E+08  1.90483E+08  2.16975E+08  3.21911E+09
 0.140  19.250   2.282  7.24851E+10  6.98640E+09  1.23244E+09  1.44165E+09  6.42663E+10  4.72536E+08  3.79704E+08  4.41404E+08  2.83510E+09  4.16793E+09  1.15415E+09  1.34856E+09  3.90052E+10  5.82219E+08  4.58789E+08  5.34104E+08  3.91124E+09
 0.150  22.500   2.521  9.25615E+10  7.96901E+09  1.82596E+09  2.17651E+09  8.27666E+10  8.23672E+08  8.68330E+08  1.02267E+09  4.97657E+09  3.76954E+09  1.65407E+09  1.96664E+09  3.53481E+10  9.40755E+08  9.50937E+08  1.12142E+09  6.06278E+09
 0.160  25.500   2.844  1.11767E+11  9.82527E+09  2.50778E+09  3.01075E+09  9.94343E+10  1.16629E+09  1.51801E+09  1.80559E+09  7.29414E+09  4.29405E+09  2.37579E+09  2.84756E+09  4.46587E+10  1.32784E+09  1.61719E+09  1.92425E+09  8.69734E+09
 0.170  28.500   3.809  1.31059E+11  1.03220E+10  3.38356E+09  4.10542E+09  1.17353E+11  3.88803E+08  2.07508E+09  2.52012E+09  8.41783E+09  4.27381E+09  3.12771E+09  3.79051E+09  4.05346E+10  9.79781E+08  2.39517E+09  2.90781E+09  1.25398E+10
 0.180  33.000   3.299  1.69865E+11  1.30625E+10  3.85189E+09  4.76112E+09  1.52951E+11  6.36314E+08  2.42906E+09  3.00663E+09  1.07721E+10  3.49136E+09  3.39418E+09  4.19786E+09  4.13899E+10  6.36047E+08  2.42869E+09  3.00616E+09  1.07676E+10
 0.190  37.250   2.756  2.08426E+11  1.60500E+10  5.25963E+09  6.44346E+09  1.87117E+11  2.69875E+09  3.68415E+09  4.49130E+09  1.60187E+10  6.67103E+09  4.75446E+09  5.80980E+09  5.25364E+10  2.13815E+09  3.29081E+09  4.00484E+09  1.04512E+10
 0.200  41.000   3.986  2.41870E+11  1.76306E+10  6.84216E+09  8.42987E+09  2.17397E+11  2.55329E+09  5.21949E+09  6.41185E+09  2.02485E+10  6.03749E+09  6.07802E+09  7.47556E+09  5.73406E+10  2.46845E+09  5.17174E+09  6.35333E+09  1.94865E+10
 0.210  44.750   3.198  2.70763E+11  1.78590E+10  8.66659E+09  1.07088E+10  2.44238E+11  2.95734E+09  6.91917E+09  8.51051E+09  2.12154E+10  5.64420E+09  7.93001E+09  9.77157E+09  5.20981E+10  2.12617E+09  6.23330E+09  7.66382E+09  1.38663E+10
 0.220  47.750   5.465  2.86408E+11  1.81996E+10  9.70748E+09  1.21580E+10  2.58500E+11  2.42903E+09  7.86106E+09  9.82523E+09  2.37098E+10  6.20794E+09  8.96739E+09  1.12082E+10  5.44659E+10  2.96658E+09  8.15248E+09  1.01880E+10  2.78327E+10
 0.230  50.250   4.457  2.93988E+11  1.84352E+10  1.12051E+10  1.40903E+10  2.64347E+11  3.06936E+09  9.46085E+09  1.18611E+10  2.70179E+10  6.62084E+09  1.05418E+10  1.32289E+10  5.87648E+10  2.81829E+09  9.17355E+09  1.14989E+10  2.32886E+10
 0.240  52.750   4.562  2.95467E+11  1.82243E+10  1.23452E+10  1.56701E+10  2.64897E+11  2.49335E+09  1.07432E+10  1.36047E+10  2.88510E+10  4.96981E+09  1.17094E+10  1.48409E+10  5.68603E+10  2.19786E+09  1.03963E+10  1.31637E+10  2.44338E+10
 0.250  55.500   4.541  3.06449E+11  1.78267E+10  1.39650E+10  1.77693E+10  2.74657E+11  2.73305E+09  1.23883E+10  1.57223E+10  3.04485E+10  5.22881E+09  1.32811E+10  1.68701E+10  5.65294E+10  2.07730E+09  1.18612E+10  1.50494E+10  2.42887E+10
 0.260  58.500   7.359  3.18831E+11  1.77812E+10  1.52523E+10  1.95457E+10  2.85798E+11  2.65026E+09  1.36766E+10  1.75067E+10  3.39378E+10  5.89211E+09  1.46271E+10  1.87188E+10  6.02569E+10  4.04873E+09  1.41982E+10  1.81683E+10  4.35758E+10
 0.270  62.750   7.435  3.49867E+11  2.00191E+10  1.62902E+10  2.10366E+10  3.13558E+11  2.76320E+09  1.45459E+10  1.87835E+10  3.61446E+10  5.47005E+09  1.54750E+10  1.99667E+10  5.91328E+10  3.67904E+09  1.49920E+10  1.93468E+10  4.33040E+10
 0.280  67.000   8.573  3.80157E+11  2.29220E+10  1.67203E+10  2.17994E+10  3.40515E+11  2.60126E+09  1.50841E+10  1.96682E+10  3.97218E+10  5.61175E+09  1.58670E+10  2.06774E+10  6.11923E+10  4.14986E+09  1.56289E+10  2.03692E+10  5.17972E+10
 0.290  71.000   9.171  4.10598E+11  2.56014E+10  1.75448E+10  2.29652E+10  3.67452E+11  3.01926E+09  1.57117E+10  2.06004E+10  4.22025E+10  5.85131E+09  1.65931E+10  2.17157E+10  6.09929E+10  4.97730E+09  1.64190E+10  2.14956E+10  5.55811E+10
 0.300  75.000   9.137  4.41110E+11  2.81667E+10  1.80006E+10  2.37176E+10  3.94943E+11  2.54595E+09  1.60847E+10  2.12326E+10  4.36040E+10  4.51821E+09  1.68781E+10  2.22466E+10  5.94569E+10  3.88208E+09  1.66839E+10  2.19972E+10  5.39447E+10
 0.310  83.000   9.815  5.44749E+11  3.54608E+10  2.07666E+10  2.73118E+10  4.88522E+11  5.35054E+09  1.69520E+10  2.24227E+10  4.79370E+10  7.18201E+09  1.75407E+10  2.31753E+10  5.87064E+10  7.02025E+09  1.74895E+10  2.31096E+10  5.75262E+10
 0.320  90.000   8.663  6.36968E+11  4.00553E+10  2.26521E+10  2.97799E+10  5.74261E+11  6.16758E+09  1.86806E+10  2.46383E+10  5.43753E+10  6.96587E+09  1.90095E+10  2.50615E+10  6.09346E+10  5.88845E+09  1.85479E+10  2.44676E+10  5.21395E+10
 0.330 101.000   7.853  8.28173E+11  5.69576E+10  2.70251E+10  3.53280E+10  7.44191E+11  1.14774E+10  2.18696E+10  2.86081E+10  7.24758E+10  1.13786E+10  2.18315E+10  2.85587E+10  7.15572E+10  8.88315E+09  2.07975E+10  2.72283E+10  5.27791E+10
