  23
 0.110        14654 -0.41234E-02  0.21554E-01 -0.53416E-02 -0.23998E+02 -0.87155E+01 -0.13093E+02 -0.17049E+00  0.42290E+00 -0.88999E+00   1.057   0.714
 0.120        21936 -0.15125E-01  0.51098E-02  0.36075E-01  0.29087E+02  0.73440E+01  0.19574E+02  0.88024E+00 -0.42661E+00  0.20780E+00   1.627   1.249
 0.130       117458 -0.22146E-01  0.10409E-01 -0.12070E-01 -0.34966E+02 -0.36293E+02 -0.19081E+02  0.93308E+00 -0.17797E+00 -0.31254E+00   2.004   1.063
 0.140       134129  0.31011E-02  0.22423E-01 -0.12643E-01  0.24020E+02  0.66621E+01  0.61488E+01  0.39774E+00 -0.85678E+00 -0.32823E+00   2.282   1.235
 0.150       185141 -0.61312E-02  0.56203E-02 -0.93245E-02  0.45936E+02  0.29370E+02  0.21909E+02  0.32580E+00  0.93848E+00 -0.11449E+00   2.521   1.345
 0.160       198299 -0.40880E-02  0.32704E-02  0.14989E-02  0.24528E+02  0.36215E+01  0.60237E+02  0.43764E+00  0.58850E+00 -0.67981E+00   2.844   0.923
 0.170       276548 -0.24623E-02 -0.23174E-02  0.17381E-02 -0.17380E+03 -0.12526E+03  0.14354E+02  0.66535E+00  0.67291E+00 -0.32327E+00   3.809   1.661
 0.180       382277  0.19934E-02  0.30668E-03  0.47536E-02  0.26498E+02 -0.59290E+02  0.76545E+02  0.64861E+00  0.71733E+00 -0.25444E+00   3.299   1.812
 0.190       418934 -0.48538E-03  0.97075E-03 -0.48538E-03  0.63778E+02  0.14173E+03 -0.12834E+03  0.99783E-01  0.89021E+00  0.44448E+00   2.756   1.097
 0.200      1058184 -0.13624E-02 -0.13624E-02  0.20437E-02  0.17172E+02 -0.16071E+00 -0.96513E+01  0.39013E+00  0.77736E+00 -0.49346E+00   3.986   1.550
 0.210      1058184  0.00000E+00  0.35773E-03  0.10732E-02  0.21781E+02 -0.14583E+02 -0.13530E+02  0.49764E+00  0.84439E+00  0.19841E+00   3.198   0.901
 0.220       453380  0.61820E-02  0.74934E-03 -0.11240E-02  0.26412E+02 -0.12467E+03  0.61372E+02  0.87077E+00  0.49077E+00 -0.30144E-01   5.465   2.274
 0.230      1792678 -0.13712E-02 -0.78354E-03 -0.19589E-02 -0.41376E+01  0.92242E+02 -0.15526E+01  0.92848E+00  0.33350E+00  0.16342E+00   4.457   1.447
 0.240      2183514  0.36802E-02  0.12267E-02 -0.36802E-02  0.28918E+02  0.16453E+02 -0.21132E+03  0.97785E+00  0.15580E+00  0.13974E+00   4.562   1.995
 0.250      2597514  0.85165E-03 -0.85165E-03 -0.85165E-03  0.40615E+02  0.16539E+02  0.85637E+01  0.93539E+00  0.32700E+00 -0.13457E+00   4.541   1.970
 0.260      2552265 -0.15499E-02 -0.30998E-02 -0.22142E-02 -0.30175E+02 -0.69389E+02 -0.10824E+02  0.94552E+00  0.29260E+00 -0.14276E+00   7.359   1.865
 0.270      2552537  0.22991E-03  0.18393E-02 -0.18393E-02  0.39475E+02  0.78350E+02  0.13540E+03  0.95602E+00  0.28403E+00 -0.73129E-01   7.435   1.440
 0.280      2398126 -0.28611E-02  0.23843E-02  0.00000E+00  0.41568E+02  0.14450E+03  0.80160E+02  0.96153E+00  0.26146E+00 -0.84294E-01   8.573   2.808
 0.290      1079628  0.29632E-02 -0.98774E-03 -0.98774E-03 -0.70126E+02  0.10095E+03  0.24119E+02  0.97912E+00  0.19148E+00 -0.68308E-01   9.171   2.190
 0.300      2648390  0.12775E-02 -0.45990E-02  0.51100E-03  0.20746E+03 -0.12486E+03 -0.10216E+03  0.97741E+00  0.19027E+00 -0.92038E-01   9.137   2.213
 0.310       930344  0.10561E-02  0.47522E-02  0.00000E+00 -0.19823E+01  0.13775E+02 -0.31185E+02  0.99667E+00  0.68763E-01 -0.43890E-01   9.815   1.960
 0.320      2529627  0.49053E-02  0.21801E-02  0.10901E-02  0.34195E+01 -0.21505E+02 -0.12686E+02  0.99838E+00  0.56940E-01 -0.15759E-02   8.663   2.152
 0.330      3765671  0.00000E+00 -0.33719E-02 -0.16860E-02  0.51113E+02  0.60408E+02 -0.27900E+02  0.98484E+00 -0.27837E-01 -0.17124E+00   7.853   2.214
