  23
 0.110  1.20000E+00  7.21348E+07  2.35013E+07  2.72206E+07  6.82065E+07  1.34844E+07  6.93706E+08  1.50946E-01
 0.120  1.87500E+00  9.93139E+07  5.05286E+07  5.98516E+07  9.29051E+07  1.62314E+07  1.72745E+09  1.34304E-01
 0.130  2.47500E+00  8.08587E+08  2.24613E+08  2.56124E+08  7.52500E+08  1.43410E+08  4.62806E+09  2.36494E+00
 0.140  2.88750E+00  7.68423E+08  5.76416E+08  6.71920E+08  7.14165E+08  3.31374E+08  6.02761E+09  2.93286E+00
 0.150  3.37500E+00  1.31788E+09  1.18349E+09  1.39903E+09  1.22145E+09  4.64738E+08  9.64487E+09  5.14858E+00
 0.160  3.82500E+00  1.73897E+09  1.86857E+09  2.22710E+09  1.62335E+09  5.88760E+08  1.36949E+10  7.48494E+00
 0.170  4.27500E+00  1.27993E+09  2.51508E+09  3.05222E+09  1.18309E+09  5.73928E+08  1.46435E+10  5.29288E+00
 0.180  4.95000E+00  1.19413E+09  2.85545E+09  3.53532E+09  1.06104E+09  2.45800E+08  1.84998E+10  2.66198E+00
 0.190  5.58750E+00  3.90543E+09  4.19024E+09  5.11725E+09  3.55407E+09  1.10529E+09  2.72072E+10  1.73075E+01
 0.200  6.15000E+00  3.83083E+09  5.74938E+09  7.06798E+09  3.50876E+09  1.16566E+09  3.37442E+10  1.26527E+01
 0.210  6.71250E+00  4.26928E+09  7.57291E+09  9.32229E+09  3.80354E+09  1.65317E+09  3.34440E+10  2.00635E+01
 0.220  7.16250E+00  4.29260E+09  8.59962E+09  1.07455E+10  3.77256E+09  9.17298E+08  3.77182E+10  1.08612E+01
 0.230  7.53750E+00  4.88853E+09  1.02329E+10  1.28346E+10  4.42478E+09  1.45688E+09  4.35167E+10  1.74542E+01
 0.240  7.91250E+00  3.87150E+09  1.14511E+10  1.45079E+10  3.43039E+09  9.86350E+08  4.45659E+10  1.06976E+01
 0.250  8.32500E+00  4.19381E+09  1.30998E+10  1.66342E+10  3.71274E+09  1.51165E+09  4.67969E+10  1.71978E+01
 0.260  8.77500E+00  5.22672E+09  1.44802E+10  1.85279E+10  4.61148E+09  1.16022E+09  5.24854E+10  1.27971E+01
 0.270  9.41250E+00  5.04512E+09  1.53949E+10  1.98625E+10  4.42408E+09  8.51668E+08  5.54393E+10  9.04461E+00
 0.280  1.00500E+01  5.65724E+09  1.58739E+10  2.06862E+10  5.06360E+09  3.87580E+08  6.15246E+10  4.34393E+00
 0.290  1.06500E+01  6.42985E+09  1.66932E+10  2.18443E+10  5.58733E+09  6.76394E+08  6.52653E+10  7.63878E+00
 0.300  1.12500E+01  5.49965E+09  1.70750E+10  2.25013E+10  4.82565E+09  3.79497E+08  6.77587E+10  4.16791E+00
 0.310  1.24500E+01  9.14551E+09  1.80035E+10  2.37674E+10  7.95397E+09  7.28726E+08  7.43505E+10  9.24266E+00
 0.320  1.35000E+01  9.62442E+09  1.96466E+10  2.58771E+10  8.43139E+09  1.19777E+09  8.42188E+10  1.18976E+01
 0.330  1.51500E+01  1.62971E+10  2.45832E+10  3.21109E+10  1.43181E+10  2.45200E+09  1.26144E+11  2.88432E+01
