  23
 0.110  8.00000E+00  1.06779E+10  7.57585E+01
 0.120  1.25000E+01  3.05980E+10  1.02595E+02
 0.130  1.65000E+01  5.52860E+10  1.20033E+02
 0.140  1.92500E+01  7.24851E+10  1.27246E+02
 0.150  2.25000E+01  9.25615E+10  1.33002E+02
 0.160  2.55000E+01  1.11767E+11  1.37285E+02
 0.170  2.85000E+01  1.31059E+11  1.40619E+02
 0.180  3.30000E+01  1.69865E+11  1.48775E+02
 0.190  3.72500E+01  2.08426E+11  1.55113E+02
 0.200  4.10000E+01  2.41870E+11  1.59270E+02
 0.210  4.47500E+01  2.70763E+11  1.61299E+02
 0.220  4.77500E+01  2.86408E+11  1.60598E+02
 0.230  5.02500E+01  2.93988E+11  1.58610E+02
 0.240  5.27500E+01  2.95467E+11  1.55195E+02
 0.250  5.55000E+01  3.06449E+11  1.54087E+02
 0.260  5.85000E+01  3.18831E+11  1.53086E+02
 0.270  6.27500E+01  3.49867E+11  1.54839E+02
 0.280  6.70000E+01  3.80157E+11  1.56199E+02
 0.290  7.10000E+01  4.10598E+11  1.57693E+02
 0.300  7.50000E+01  4.41110E+11  1.59029E+02
 0.310  8.30000E+01  5.44749E+11  1.67994E+02
 0.320  9.00000E+01  6.36968E+11  1.74450E+02
 0.330  1.01000E+02  8.28173E+11  1.87773E+02
