  23
 0.110  3.61337E-01 -2.94177E-01 -1.63922E-01 -5.22181E+01 -3.17339E+01 -2.31379E+01 -1.70486E-01  4.22901E-01 -8.89994E-01  3.96901E+01   1.057   0.714  5.84627E+07  5.82086E+07  2.97272E+06  0.00000E+00  3.15925E+07  3.49740E-02  5.84878E+01   7.283   7.232
 0.120 -2.44331E-01  3.62250E-01  4.89856E-01 -3.13795E+01 -5.50371E+01  7.90729E+00  8.80240E-01 -4.26610E-01  2.07802E-01  4.86833E+01   1.627   1.249  8.86427E+07  8.49758E+07  3.26054E+06  6.94392E+05  1.62120E+08  2.39488E-02  1.21270E+02   7.297   7.227
 0.130 -8.36642E-02 -1.31997E-01 -3.08999E-01 -1.27501E+01 -7.77684E+00  1.64653E+01  9.33085E-01 -1.77971E-01 -3.12536E-01  1.51771E+01   2.004   1.063  5.89781E+08  5.80626E+08  3.43053E+07  5.72464E+06  3.24406E+08  3.91671E-01  8.48227E+01   7.729   7.534
 0.140  6.31233E-01  1.67577E-01  2.95892E-01 -4.22105E+01 -8.31164E+00  6.91951E+00  3.97740E-01 -8.56779E-01 -3.28228E-01  3.76014E+01   2.282   1.235  5.38175E+08  5.43858E+08  5.56916E+07  1.03380E+07  3.91664E+08  3.82991E-01  1.03678E+02   8.047   7.800
 0.150 -2.80508E-01  7.79342E-02  2.89567E-02  7.43251E+01 -3.25105E+01  4.59468E+01  3.25804E-01  9.38480E-01 -1.14489E-01  7.59972E+01   2.521   1.345  8.41857E+08  8.36894E+08  9.56886E+07  3.26662E+07  7.87486E+08  5.48568E-01  1.43988E+02   8.172   7.857
 0.160 -5.28105E-02  1.64406E-01  1.96789E-01  3.94184E+01 -2.94564E+01 -4.76417E-01  4.37639E-01  5.88498E-01 -6.79810E-01  1.02295E+02   2.844   0.923  1.16886E+09  1.19409E+09  2.08488E+08  5.15630E+07  7.11913E+08  1.15428E+00  1.70187E+02   8.137   8.049
 0.170 -3.00546E-02  2.90427E-01  7.90181E-01  5.51806E+01 -4.61310E+01  1.78378E+01  6.65348E-01  6.72908E-01 -3.23275E-01  2.35891E+02   3.809   1.661  9.07605E+08  8.99155E+08  1.64246E+08  4.67849E+07  9.38548E+08  7.37880E-01  2.36466E+02   8.250   8.115
 0.180  2.83834E-01 -3.27927E-03  3.39567E-01  1.16102E+01 -2.98198E+01 -1.38214E+01  6.48610E-01  7.17331E-01 -2.54444E-01  1.31755E+02   3.299   1.812  5.95665E+08  5.66862E+08  1.79625E+08  5.46394E+07  9.45864E+08  2.79435E-01  3.30754E+02   8.301   8.177
 0.190 -3.35282E-01  3.11124E-02 -2.66555E-02  4.35811E+01 -1.44858E+01 -4.33462E+00  9.97829E-02  8.90213E-01  4.44481E-01  8.19835E+01   2.756   1.097  1.84697E+09  2.15399E+09  6.04348E+08  5.62406E+07  9.36220E+08  6.53844E+00  1.71057E+02   8.267   8.291
 0.200  3.99314E-01 -4.11842E-01 -2.55232E-01  6.07203E+00 -2.92114E+01 -3.26588E+01  3.90128E-01  7.77364E-01 -4.93463E-01  2.39500E+02   3.986   1.550  2.19623E+09  2.47361E+09  8.53261E+08  7.43335E+07  1.42058E+09  5.29475E+00  1.97670E+02   8.311   8.378
 0.210 -3.86926E-01  1.17250E-01 -1.93302E-02 -2.33049E+01  5.33624E+00  1.78448E+01  4.97640E-01  8.44386E-01  1.98411E-01  1.92810E+02   3.198   0.901  1.80215E+09  2.63733E+09  1.72503E+09  8.51589E+07  9.75046E+08  1.20418E+01  1.72932E+02   8.435   8.404
 0.220  9.10693E-02 -1.57430E-01  8.34505E-02  4.64788E+00  1.67577E+01  2.66568E+00  8.70768E-01  4.90769E-01 -3.01439E-02  2.99663E+02   5.465   2.274  2.63652E+09  2.76720E+09  1.43335E+09  1.70385E+08  1.93654E+09  4.50406E+00  2.66041E+02   8.357   8.401
 0.230 -1.18841E-01  1.48193E-01  4.00802E-01  1.13551E+01 -2.47134E+01 -4.32913E+00  9.28478E-01  3.33501E-01  1.63416E-01  2.99444E+02   4.457   1.447  2.38158E+09  3.11883E+09  2.54204E+09  1.41722E+08  1.54014E+09  1.13814E+01  2.65451E+02   8.444   8.449
 0.240  1.39067E-02  2.88683E-01  1.43204E-01 -9.88870E+00  1.81024E+01  2.14658E+01  9.77854E-01  1.55798E-01  1.39743E-01  2.42062E+02   4.562   1.995  1.89213E+09  2.40920E+09  3.33741E+09  2.02204E+08  1.74000E+09  7.40877E+00  3.32521E+02   8.492   8.497
 0.250 -4.06955E-02 -3.50606E-02 -2.00757E-01 -1.78151E+01 -1.58219E+01  2.32604E+01  9.35394E-01  3.26999E-01 -1.34570E-01  1.93776E+02   4.541   1.970  1.82606E+09  2.62505E+09  3.66213E+09  2.92897E+08  2.00446E+09  1.13430E+01  3.77296E+02   8.559   8.520
 0.260  6.77160E-02  5.96356E-02 -3.66049E-01 -1.61325E+01  1.58105E+01  2.15350E+01  9.45517E-01  2.92605E-01 -1.42761E-01  6.11418E+02   7.359   1.865  3.39100E+09  3.99271E+09  4.72972E+09  3.91248E+08  3.10197E+09  1.02864E+01  4.19718E+02   8.392   8.528
 0.270 -6.90872E-02  1.90132E-02  1.96441E-01  1.38566E+01 -6.99209E+00  1.96076E+01  9.56023E-01  2.84027E-01 -7.31285E-02  7.62395E+02   7.435   1.440  3.02121E+09  3.55448E+09  5.71020E+09  3.51641E+08  2.74190E+09  8.13453E+00  4.83655E+02   8.391   8.534
 0.280 -6.19059E-02  4.57602E-01 -6.63640E-02  4.84552E-01  1.26397E+01  1.62549E+01  9.61526E-01  2.61463E-01 -8.42938E-02  9.31622E+02   8.573   2.808  3.82893E+09  3.87400E+09  6.24702E+09  5.88338E+08  4.34472E+09  4.01353E+00  5.79560E+02   8.330   8.508
 0.290 -4.71318E-02  4.58909E-01 -6.85379E-01  1.19815E+00  3.43986E+01  2.93372E+01  9.79116E-01  1.91484E-01 -6.83079E-02  1.08266E+03   9.171   2.190  4.26765E+09  4.52293E+09  6.68428E+09  5.68456E+08  4.10262E+09  6.88347E+00  6.42894E+02   8.318   8.491
 0.300 -3.07027E-02 -5.31553E-01 -4.15413E-01 -1.75450E+01  3.19866E+01 -2.34363E+01  9.77409E-01  1.90267E-01 -9.20385E-02  1.00325E+03   9.137   2.213  3.35412E+09  3.41549E+09  6.87769E+09  5.80084E+08  4.02531E+09  3.61296E+00  7.38754E+02   8.353   8.489
 0.310  9.29579E-02 -1.69452E+00  3.60557E-01  2.12698E+00  3.34441E+01 -5.29956E+01  9.96667E-01  6.87630E-02 -4.38901E-02  1.07261E+03   9.815   1.960  5.82769E+09  6.00023E+09  7.12889E+09  5.96002E+08  3.75502E+09  6.83470E+00  8.01202E+02   8.244   8.472
 0.320  8.51433E-02  1.01494E-01  1.64529E-01  3.68416E+00  3.13819E+01 -5.87024E+01  9.98376E-01  5.69398E-02 -1.57594E-03  8.33267E+02   8.663   2.152  5.02068E+09  5.63982E+09  8.17697E+09  6.15310E+08  3.90924E+09  1.01984E+01  8.16375E+02   8.314   8.452
 0.330 -5.86822E-02  1.78902E-01 -9.17181E-01  6.64341E+00  2.72087E+01 -3.22573E+01  9.84836E-01 -2.78372E-02 -1.71242E-01  9.14059E+02   7.853   2.214  7.68140E+09  9.16470E+09  1.02485E+10  7.02522E+08  4.32153E+09  2.35693E+01  7.59980E+02   8.358   8.432
