  23
 0.110  3.61337E-01 -2.94177E-01 -1.63922E-01 -5.22181E+01 -3.17339E+01 -2.31379E+01   1.057  5.72060E+07  6.64712E+07  2.03180E+07  0.00000E+00  5.69663E+08  1.35203E-01  1.08984E+02   7.285   7.251
 0.120 -2.44331E-01  3.62250E-01  4.89856E-01 -3.13795E+01 -5.50371E+01  7.90729E+00   1.627  7.00973E+07  7.92692E+07  4.43597E+07  1.49733E+07  1.38434E+09  1.10210E-01  1.52490E+02   7.296   7.255
 0.130 -8.36642E-02 -1.31997E-01 -3.08999E-01 -1.27501E+01 -7.77684E+00  1.64653E+01   2.004  6.22428E+08  7.05935E+08  1.90483E+08  4.02153E+07  3.21911E+09  2.02190E+00  1.10289E+02   7.727   7.485
 0.140  6.31233E-01  1.67577E-01  2.95892E-01 -4.22105E+01 -8.31164E+00  6.91951E+00   2.282  5.82219E+08  8.20724E+08  4.58789E+08  8.44098E+07  3.91124E+09  2.40155E+00  1.19794E+02   8.052   7.830
 0.150 -2.80508E-01  7.79342E-02  2.89567E-02  7.43251E+01 -3.25105E+01  4.59468E+01   2.521  9.40755E+08  1.28569E+09  9.50937E+08  2.89799E+08  6.06278E+09  4.51939E+00  1.53456E+02   8.170   7.988
 0.160 -5.28105E-02  1.64406E-01  1.96789E-01  3.94184E+01 -2.94564E+01 -4.76417E-01   2.844  1.32784E+09  1.78363E+09  1.61719E+09  4.55437E+08  8.69734E+09  6.65485E+00  1.91025E+02   8.135   8.054
 0.170 -3.00546E-02  2.90427E-01  7.90181E-01  5.51806E+01 -4.61310E+01  1.78378E+01   3.809  9.79781E+08  1.44574E+09  2.39517E+09  6.36532E+08  1.25398E+10  4.85794E+00  2.46909E+02   8.251   8.139
 0.180  2.83834E-01 -3.27927E-03  3.39567E-01  1.16102E+01 -2.98198E+01 -1.38214E+01   3.299  6.36047E+08  7.83155E+08  2.42869E+09  6.05253E+08  1.07676E+10  2.21059E+00  3.29932E+02   8.288   8.215
 0.190 -3.35282E-01  3.11124E-02 -2.66555E-02  4.35811E+01 -1.44858E+01 -4.33462E+00   2.756  2.13815E+09  2.96995E+09  3.29081E+09  6.01144E+08  1.04512E+10  1.49571E+01  3.24227E+02   8.235   8.244
 0.200  3.99314E-01 -4.11842E-01 -2.55232E-01  6.07203E+00 -2.92114E+01 -3.26588E+01   3.986  2.46845E+09  3.38262E+09  5.17174E+09  1.03130E+09  1.94865E+10  1.11753E+01  3.53518E+02   8.291   8.291
 0.210 -3.86926E-01  1.17250E-01 -1.93302E-02 -2.33049E+01  5.33624E+00  1.78448E+01   3.198  2.12617E+09  3.41343E+09  6.23330E+09  8.60642E+08  1.38663E+10  1.73342E+01  3.67944E+02   8.411   8.349
 0.220  9.10693E-02 -1.57430E-01  8.34505E-02  4.64788E+00  1.67577E+01  2.66568E+00   5.465  2.96658E+09  3.51443E+09  8.15248E+09  1.57282E+09  2.78327E+10  9.92442E+00  4.43475E+02   8.339   8.348
 0.230 -1.18841E-01  1.48193E-01  4.00802E-01  1.13551E+01 -2.47134E+01 -4.32913E+00   4.457  2.81829E+09  3.98738E+09  9.17355E+09  1.39215E+09  2.32886E+10  1.59971E+01  4.85499E+02   8.431   8.380
 0.240  1.39067E-02  2.88683E-01  1.43204E-01 -9.88870E+00  1.81024E+01  2.14658E+01   4.562  2.19786E+09  2.93905E+09  1.03963E+10  1.54365E+09  2.44338E+10  9.95767E+00  5.55718E+02   8.462   8.403
 0.250 -4.06955E-02 -3.50606E-02 -2.00757E-01 -1.78151E+01 -1.58219E+01  2.32604E+01   4.541  2.07730E+09  3.32944E+09  1.18612E+10  1.56363E+09  2.42887E+10  1.59899E+01  6.00420E+02   8.528   8.436
 0.260  6.77160E-02  5.96356E-02 -3.66049E-01 -1.61325E+01  1.58105E+01  2.15350E+01   7.359  4.04873E+09  4.73038E+09  1.41982E+10  2.37249E+09  4.35758E+10  1.22639E+01  6.77619E+02   8.371   8.439
 0.270 -6.90872E-02  1.90132E-02  1.96441E-01  1.38566E+01 -6.99209E+00  1.96076E+01   7.435  3.67904E+09  4.09346E+09  1.49920E+10  2.34669E+09  4.33040E+10  8.61885E+00  7.64727E+02   8.377   8.449
 0.280 -6.19059E-02  4.57602E-01 -6.63640E-02  4.84552E-01  1.26397E+01  1.62549E+01   8.573  4.14986E+09  4.08740E+09  1.56289E+10  2.60114E+09  5.17972E+10  4.10681E+00  8.77742E+02   8.316   8.448
 0.290 -4.71318E-02  4.58909E-01 -6.85379E-01  1.19815E+00  3.43986E+01  2.93372E+01   9.171  4.97730E+09  5.00475E+09  1.64190E+10  2.70388E+09  5.55811E+10  6.98410E+00  9.73055E+02   8.302   8.443
 0.300 -3.07027E-02 -5.31553E-01 -4.15413E-01 -1.75450E+01  3.19866E+01 -2.34363E+01   9.137  3.88208E+09  3.79791E+09  1.66839E+10  2.68500E+09  5.39447E+10  3.73915E+00  1.08898E+03   8.340   8.445
 0.310  9.29579E-02 -1.69452E+00  3.60557E-01  2.12698E+00  3.34441E+01 -5.29956E+01   9.815  7.02025E+09  6.91346E+09  1.74895E+10  2.81657E+09  5.75262E+10  8.12724E+00  1.18136E+03   8.227   8.438
 0.320  8.51433E-02  1.01494E-01  1.64529E-01  3.68416E+00  3.13819E+01 -5.87024E+01   8.663  5.88845E+09  6.40692E+09  1.85479E+10  2.70418E+09  5.21395E+10  1.11456E+01  1.23637E+03   8.307   8.437
 0.330 -5.86822E-02  1.78902E-01 -9.17181E-01  6.64341E+00  2.72087E+01 -3.22573E+01   7.853  8.88315E+09  1.02720E+10  2.07975E+10  2.75612E+09  5.27791E+10  2.46415E+01  1.22844E+03   8.332   8.433
