  23
 0.110  5.04402E+07  1.88129E+07  2.17829E+07  4.79801E+07  1.11869E+07  5.19365E+08  1.25093E-01
 0.120  1.79936E+07  2.44796E+07  2.91118E+07  1.64304E+07  6.97078E+06  6.44488E+08  4.89772E-02
 0.130  2.86627E+08  9.74326E+07  1.09874E+08  2.77363E+08  6.72778E+07  9.94167E+08  1.14711E+00
 0.140  9.91153E+07  1.56682E+08  1.83278E+08  9.42433E+07  9.73767E+07  7.61879E+08  5.16104E-01
 0.150  2.59493E+08  4.62603E+08  5.40476E+08  2.51735E+08  2.57857E+08  1.23078E+09  2.78098E+00
 0.160  3.22051E+08  6.46961E+08  7.68700E+08  3.11847E+08  2.03903E+08  1.29862E+09  2.42762E+00
 0.170  1.67647E+08  1.07850E+09  1.29754E+09  1.63353E+08  3.21226E+08  1.54271E+09  3.13977E+00
 0.180  1.86030E+08  1.21386E+09  1.49186E+09  1.81387E+08  1.34972E+08  1.60498E+09  1.49880E+00
 0.190  1.01635E+09  2.04226E+09  2.46313E+09  1.00281E+09  6.79002E+08  2.22428E+09  1.09061E+01
 0.200  4.53356E+08  2.50670E+09  3.05324E+09  4.42694E+08  6.27253E+08  2.17481E+09  5.86207E+00
 0.210  5.35016E+08  3.15861E+09  3.87010E+09  5.18233E+08  7.10399E+08  2.28547E+09  9.58812E+00
 0.220  2.56512E+08  3.17515E+09  3.95704E+09  2.48473E+08  3.37394E+08  2.10182E+09  3.74069E+00
 0.230  3.31783E+08  3.63280E+09  4.58022E+09  3.22583E+08  3.15610E+08  2.32463E+09  3.77389E+00
 0.240  3.43235E+08  3.66503E+09  4.66262E+09  3.33044E+08  2.71995E+08  2.29171E+09  3.33185E+00
 0.250  5.93872E+08  5.10457E+09  6.41941E+09  5.82761E+08  9.91307E+08  2.63340E+09  1.16815E+01
 0.260  2.41250E+08  5.09123E+09  6.48687E+09  2.34882E+08  3.80034E+08  2.57920E+09  3.55441E+00
 0.270  1.18594E+08  4.99093E+09  6.44555E+09  1.14797E+08  1.23195E+08  2.46497E+09  1.21928E+00
 0.280  8.24541E+07  4.79966E+09  6.26289E+09  7.95220E+07  5.51515E+07  2.45832E+09  5.57552E-01
 0.290  5.93133E+07  4.32610E+09  5.69551E+09  5.71465E+07  2.95867E+07  2.30867E+09  3.32270E-01
 0.300  4.69798E+07  4.13302E+09  5.47311E+09  4.51148E+07  2.33127E+07  2.18895E+09  2.51956E-01
 0.310  1.32563E+08  3.80521E+09  5.06028E+09  1.28148E+08  3.74408E+07  1.99839E+09  5.34603E-01
 0.320  1.25946E+08  3.78896E+09  5.04362E+09  1.21511E+08  7.72621E+07  2.06898E+09  7.78426E-01
 0.330  7.83862E+07  3.53303E+09  4.70577E+09  7.49913E+07  8.56586E+07  1.94760E+09  6.47688E-01
