  23
 0.110   1.057  1.35203E-01  1.18218E-01  1.33005E-01
 0.120   1.627  1.10210E-01  8.83901E-02  1.65363E-01
 0.130   2.004  2.02190E+00  2.37157E+00  1.36037E+00
 0.140   2.282  2.40155E+00  2.32090E+00  2.97154E+00
 0.150   2.521  4.51939E+00  4.48927E+00  4.39279E+00
 0.160   2.844  6.65485E+00  7.07251E+00  5.91971E+00
 0.170   3.809  4.85794E+00  4.44088E+00  6.29163E+00
 0.180   3.299  2.21059E+00  2.28374E+00  2.33090E+00
 0.190   2.756  1.49571E+01  1.70400E+01  1.04732E+01
 0.200   3.986  1.11753E+01  1.13498E+01  1.20792E+01
 0.210   3.198  1.73342E+01  1.74005E+01  1.58106E+01
 0.220   5.465  9.92442E+00  1.02320E+01  9.72249E+00
 0.230   4.457  1.59971E+01  1.59494E+01  1.51238E+01
 0.240   4.562  9.95767E+00  1.02874E+01  1.03432E+01
 0.250   4.541  1.59899E+01  1.53044E+01  1.60998E+01
 0.260   7.359  1.22639E+01  1.18637E+01  1.25035E+01
 0.270   7.435  8.61885E+00  8.22209E+00  8.96455E+00
 0.280   8.573  4.10681E+00  4.07546E+00  4.32890E+00
 0.290   9.171  6.98410E+00  6.72883E+00  7.25624E+00
 0.300   9.137  3.73915E+00  3.70048E+00  3.89662E+00
 0.310   9.815  8.12724E+00  8.46647E+00  7.21589E+00
 0.320   8.663  1.11456E+01  1.07646E+01  1.19931E+01
 0.330   7.853  2.46415E+01  2.50406E+01  2.23753E+01
