  30
 0.110           71 -0.29993E-01  0.58111E-02 -0.99351E-02  0.20760E+01  0.75669E+01 -0.16664E+02  0.29571E+00  0.89576E+00 -0.33192E+00   0.963   0.740
 0.120        33217 -0.14322E-01 -0.11663E-01  0.11253E-01 -0.25562E+02 -0.27925E+02 -0.11927E+02  0.22563E+00  0.20533E+00  0.95233E+00   1.212   0.765
 0.130        66384 -0.44300E-02  0.53161E-02 -0.15284E-01  0.29603E+01 -0.33050E+02 -0.25855E+02 -0.44651E+00  0.89424E+00 -0.31015E-01   1.305   0.751
 0.140        88020  0.14808E-01 -0.11942E-02 -0.54934E-02  0.18239E+02  0.24828E+01  0.32498E+01  0.68928E+00  0.64238E+00  0.33503E+00   1.592   0.737
 0.150        96444  0.61349E-02  0.13292E-01  0.10736E-01  0.49637E+02  0.58510E+01 -0.59728E+02 -0.85264E-01  0.48118E+00  0.87246E+00   2.193   1.413
 0.160        46456  0.70852E-02 -0.62677E-02  0.81752E-03  0.40014E+02  0.37836E+02  0.43131E+02 -0.48506E+00 -0.80333E+00  0.34551E+00   1.621   0.934
 0.170       166294  0.21429E-01  0.60811E-02  0.11583E-02  0.12230E+02 -0.69045E+01 -0.12219E+02  0.68108E+00 -0.72624E+00  0.93247E-01   2.499   2.089
 0.180       147136  0.18406E-02  0.15338E-02 -0.19326E-01  0.33926E+02 -0.25094E+02  0.27888E+02 -0.83429E+00  0.37097E+00  0.40784E+00   2.942   1.575
 0.190       241289 -0.84151E-02 -0.15859E-01  0.77678E-02 -0.25106E+02  0.28897E+02  0.29598E+02  0.76249E+00 -0.64690E+00  0.11595E-01   4.013   1.746
 0.200       254026 -0.34073E-02  0.57924E-02  0.37481E-02 -0.55572E+02  0.46096E+02  0.17942E+01  0.21152E+00 -0.48536E+00  0.84834E+00   3.636   2.892
 0.210       318179  0.28614E-02  0.14307E-02 -0.53651E-02  0.21178E+02  0.41683E+02 -0.33364E+02  0.54271E+00 -0.69906E+00 -0.46559E+00   3.414   1.536
 0.220       318077  0.14995E-02  0.67479E-02  0.67479E-02 -0.78101E+02  0.39000E+02 -0.43508E+02  0.45923E+00  0.14967E+00  0.87562E+00   3.857   2.493
 0.230       383659  0.47031E-02  0.27435E-02 -0.35273E-02  0.11291E+03  0.74602E+02  0.35698E+01 -0.22304E+00 -0.89122E+00 -0.39495E+00   2.275   0.901
 0.240       425347  0.00000E+00 -0.20450E-02 -0.40901E-03  0.12596E+02 -0.37006E+02  0.25509E+02  0.39210E+00 -0.91871E+00 -0.47193E-01   4.394   1.109
 0.250       414418  0.85165E-03  0.21291E-02 -0.85165E-03  0.22230E+03 -0.24242E+02 -0.35129E+02  0.57218E+00 -0.81959E+00 -0.29752E-01   4.087   1.258
 0.260       447103 -0.88629E-03  0.13294E-02  0.44315E-03  0.10887E+03 -0.11717E+03  0.14964E+03  0.62079E+00 -0.74552E+00 -0.24255E+00   5.328   1.453
 0.270       536246  0.27596E-02  0.13798E-02 -0.45993E-03 -0.33956E+02 -0.14329E+02  0.43069E+02  0.54630E+00 -0.79543E+00 -0.26239E+00   5.975   1.398
 0.280       388480 -0.28614E-02 -0.95380E-03 -0.19076E-02 -0.49492E+02  0.35495E+02 -0.21507E+02  0.44283E+00 -0.76944E+00 -0.46030E+00   6.854   2.519
 0.290       347398 -0.19767E-02  0.24708E-02 -0.98833E-03  0.79609E+02 -0.36087E+02  0.59136E+02  0.23407E+00 -0.65540E+00 -0.71809E+00   8.440   2.409
 0.300       528791 -0.40872E-02 -0.10218E-02 -0.51090E-03 -0.57479E+02  0.38205E+02  0.67233E+02  0.38363E-01  0.50165E+00 -0.86422E+00   8.211   6.705
 0.310       747191  0.00000E+00 -0.15840E-02  0.10560E-02  0.13885E+03 -0.79076E+01  0.88154E+01  0.75842E+00  0.52546E+00  0.38561E+00   8.371   4.322
 0.320      1013477 -0.10906E-02 -0.54530E-03  0.00000E+00  0.54769E+02  0.35771E+02  0.36395E+02  0.21195E+00  0.71480E+00 -0.66644E+00   8.545   4.389
 0.330       398843 -0.11243E-02  0.00000E+00  0.28109E-02  0.44218E+02  0.23857E+03 -0.60638E+02 -0.42530E+00 -0.18786E+00 -0.88534E+00   9.793   4.626
 0.340       312920  0.00000E+00  0.11580E-02 -0.57902E-03  0.38395E+03  0.17113E+03 -0.13705E+03 -0.18669E+00  0.27315E+00 -0.94368E+00  11.216   5.668
 0.350      1057946 -0.11926E-02  0.00000E+00  0.17889E-02 -0.23325E+03  0.13053E+03  0.15463E+03 -0.45451E+00  0.31290E+00 -0.83398E+00  11.740   4.845
 0.360      1150984  0.12264E-02  0.00000E+00 -0.61321E-03 -0.21942E+02  0.23017E+03 -0.15070E+03 -0.35938E+00  0.29141E+00 -0.88652E+00  11.970   3.493
 0.370      1643730  0.25210E-02 -0.12605E-02 -0.63026E-03 -0.16868E+03  0.86927E+02  0.95929E+01 -0.34830E+00  0.41772E+00 -0.83917E+00  13.949   5.749
 0.380      1095849  0.00000E+00  0.00000E+00  0.64751E-03 -0.11047E+03 -0.27785E+02 -0.91765E+02 -0.22469E+00  0.34831E+00 -0.91005E+00  15.096   5.452
 0.390      1029491 -0.13292E-02 -0.13292E-02  0.19938E-02  0.95550E+02  0.20091E+02  0.23997E-01 -0.26729E+00  0.33938E+00 -0.90187E+00  13.051   4.826
 0.400      1029399 -0.27264E-02  0.00000E+00  0.68161E-03 -0.30110E+02  0.36677E+02 -0.19503E+02 -0.18400E+00  0.26110E+00 -0.94761E+00  13.185   4.500
