  30
 0.110  1.66214E-02  8.94864E-02 -1.55232E-01 -3.20177E+00 -5.34197E+00  6.66676E+00   0.963  3.01950E+07  3.46672E+07  1.67571E+07  0.00000E+00  4.74553E+08  8.63591E-02  1.48080E+02   7.421   7.157
 0.120 -1.89143E-01 -1.47199E-01 -5.01384E-02  1.81420E+01  1.82882E+01 -1.50534E+01   1.212  9.75415E+07  1.03160E+08  2.71710E+07  1.89093E+06  6.22789E+08  1.37899E-01  1.64009E+02   7.384   7.259
 0.130 -1.31801E-01 -4.91876E-03 -1.53228E-01 -2.25467E+01 -1.95937E+01 -6.32780E+00   1.305  1.61574E+08  2.14480E+08  9.01906E+07  1.04784E+07  1.38841E+09  8.90713E-01  1.20967E+02   7.850   7.529
 0.140  1.98012E-01 -2.62079E-01 -7.54302E-03 -1.06658E+01  2.37114E+01 -3.55581E+01   1.592  1.67428E+08  2.00705E+08  1.36638E+08  2.12279E+07  1.51054E+09  3.98120E-01  1.61556E+02   7.744   7.667
 0.150  1.36320E-02  5.02458E-02  7.55420E-02  1.09983E+01  2.39892E+00  2.57346E+01   2.193  2.27064E+08  2.76769E+08  2.27705E+08  4.71229E+07  2.60356E+09  6.92021E-01  2.04884E+02   7.749   7.659
 0.160 -1.17795E-01  6.48655E-03 -8.25057E-02  1.09472E+00 -3.34475E+00 -8.75267E+00   1.621  2.41898E+08  3.17443E+08  2.77199E+08  3.52972E+07  1.78805E+09  1.33938E+00  2.21360E+02   7.891   7.721
 0.170 -1.70703E-01  3.82151E-01 -5.93289E-01 -4.27034E+01  4.76764E+01 -4.94690E+00   2.499  5.66639E+08  6.21825E+08  4.38154E+08  8.95887E+07  3.94782E+09  1.17109E+00  2.76094E+02   7.589   7.705
 0.180  1.25620E-01  2.80754E-01  1.76890E-01 -1.49081E+01  1.77832E+01 -6.65325E+01   2.942  8.41678E+08  9.51492E+08  7.13655E+08  1.86287E+08  6.25616E+09  2.10367E+00  2.78970E+02   7.727   7.692
 0.190 -2.41095E-01 -4.95269E-01  9.65087E-01 -6.58739E-01 -9.17477E+00 -1.58774E+01   4.013  8.75479E+08  1.09713E+09  1.10093E+09  2.46781E+08  7.70085E+09  2.86178E+00  2.87915E+02   7.928   7.772
 0.200 -6.50268E-02  6.45877E-01  2.89249E-01 -3.71485E+01 -2.07083E+01 -3.34127E+01   3.636  7.88686E+08  8.03514E+08  1.14132E+09  2.37480E+08  6.57823E+09  1.09827E+00  3.78738E+02   7.768   7.782
 0.210  3.93659E-02  2.18391E-01 -2.70068E-01  1.87365E+01  2.14908E+01 -1.11280E+01   3.414  1.06315E+09  1.27291E+09  1.43977E+09  2.54952E+08  6.38577E+09  3.95924E+00  3.99225E+02   7.982   7.825
 0.220 -1.32782E-01 -2.91455E-01  3.43467E-01  5.02921E+00  1.37012E+01 -6.20519E+00   3.857  7.27637E+08  8.89789E+08  1.75791E+09  3.05568E+08  7.67308E+09  2.79840E+00  4.48855E+02   8.074   7.895
 0.230 -9.12112E-02 -1.09887E-01  8.29107E-02  6.78065E+00  4.94940E+00  4.28763E+00   2.275  5.55005E+08  7.43263E+08  1.64093E+09  1.76865E+08  3.94084E+09  3.17944E+00  4.95282E+02   8.095   7.962
 0.240 -2.39597E-03  4.27592E-02 -2.40451E-01  2.07242E+01  1.44771E+01  8.74697E+00   4.394  7.15623E+08  9.07564E+08  2.46741E+09  4.20568E+08  9.59624E+09  2.64778E+00  5.55653E+02   8.252   8.092
 0.250 -1.74141E-01 -1.68721E-01  9.94439E-03  1.11173E+01  2.26478E+01 -2.35759E+00   4.087  7.85789E+08  8.74839E+08  2.62305E+09  4.06931E+08  8.97311E+09  1.92792E+00  6.33550E+02   8.194   8.181
 0.260 -3.18332E-03  9.22642E-02 -4.24295E-01  1.93859E+01  3.03056E+01 -1.20189E+01   5.328  9.97062E+08  1.01921E+09  2.90795E+09  5.06214E+08  1.26221E+10  1.87370E+00  7.34194E+02   8.063   8.203
 0.270 -2.82309E-01 -1.73987E-01 -9.36929E-02  1.95962E+01  1.69373E+01 -6.66858E+00   5.975  9.64954E+08  9.77394E+08  3.12846E+09  5.50094E+08  1.47062E+10  1.76492E+00  8.21041E+02   8.112   8.225
 0.280 -2.03922E-01  7.93833E-02 -7.71620E-01  7.49538E+00  1.89999E+01 -7.24899E+00   6.854  9.42511E+08  8.59394E+08  3.28381E+09  6.05619E+08  1.76384E+10  6.41524E-01  9.30753E+02   7.981   8.236
 0.290 -1.47222E+00  4.30513E-01 -7.66651E-01 -6.29355E+00  7.51835E+00 -2.20616E+01   8.440  9.87215E+08  8.23646E+08  3.35826E+09  6.47480E+08  2.34848E+10  4.99177E-01  1.06198E+03   7.908   8.239
 0.300 -1.64992E+00 -8.21769E-01  9.72895E-01 -2.18570E+01 -4.62512E+01  7.02069E+01   8.211  3.18242E+09  2.83419E+09  3.53684E+09  6.89858E+08  2.66549E+10  1.91921E+00  1.15182E+03   7.644   8.227
 0.310 -1.51775E+00  3.24529E-01  1.75784E+00  3.81771E+01 -3.20679E+01 -3.89449E+01   8.371  2.42471E+09  2.18469E+09  3.62322E+09  6.54817E+08  2.47138E+10  1.96201E+00  1.24018E+03   7.821   8.226
 0.320 -2.30877E-01 -3.59671E-01 -4.43069E-01  1.00374E+01  1.04092E+01  6.40622E+00   8.545  2.95358E+09  3.19025E+09  4.40226E+09  7.52856E+08  2.47757E+10  7.50723E+00  1.15608E+03   8.037   8.228
 0.330  1.31323E+00  1.79590E-01 -9.23248E-01  2.87052E+01 -7.81892E+01  4.49225E+01   9.793  6.59661E+09  7.06659E+09  8.18950E+09  2.85366E+09  4.96198E+10  1.60039E+01  9.34291E+02   8.085   8.223
 0.340 -2.88998E-01 -7.82147E-01  1.22651E-01  1.32783E+01  6.13626E+01  5.43643E+00  11.216  9.54315E+09  9.55341E+09  9.34558E+09  2.59818E+09  5.29305E+10  1.15134E+01  9.28564E+02   8.080   8.291
 0.350 -1.88192E-01  5.87501E-01  4.03922E-01 -1.72539E+01  3.29628E+01  2.16313E+01  11.740  9.40592E+09  9.05656E+09  1.07111E+10  2.88873E+09  5.51645E+10  8.93568E+00  9.52566E+02   8.113   8.306
 0.360 -3.98840E-01 -6.98650E-01 -2.19288E-01 -9.23886E+00  3.34847E+01  3.62215E+01  11.970  9.68883E+09  9.80790E+09  1.25360E+10  3.21205E+09  6.36132E+10  1.34824E+01  9.91608E+02   8.169   8.304
 0.370 -1.56903E+00 -5.40789E-01  1.77232E-01 -1.08407E+01  3.19088E+01  4.34292E+01  13.949  1.05765E+10  9.88766E+09  1.32875E+10  3.26550E+09  7.06024E+10  6.77724E+00  1.06700E+03   8.150   8.311
 0.380 -7.62071E-01 -2.00899E+00  3.75216E-02 -2.67481E+01 -1.46992E+00 -4.23236E+00  15.096  1.29719E+10  1.21829E+10  1.43310E+10  3.41094E+09  7.82882E+10  7.36764E+00  1.14879E+03   8.157   8.311
 0.390  1.19525E+00  1.07028E+00  1.86679E-01 -2.78593E+00 -3.45028E+01 -1.09490E+01  13.051  1.48537E+10  1.47363E+10  1.61815E+10  3.58250E+09  7.76044E+10  1.82661E+01  1.17103E+03   8.161   8.310
 0.400 -1.30698E+00 -1.21087E+00  1.85039E-01 -2.04530E+01 -2.80058E+00  7.55471E+00  13.185  1.30192E+10  1.29707E+10  1.79224E+10  3.40635E+09  7.05150E+10  1.53584E+01  1.16519E+03   8.240   8.329
