  30
 0.110  7.50000E+00  8.56825E+09  7.00890E+01
 0.120  9.50000E+00  1.32814E+10  7.75345E+01
 0.130  1.15000E+01  1.89944E+10  8.42749E+01
 0.140  1.35000E+01  2.43571E+10  8.80806E+01
 0.150  1.62500E+01  3.46465E+10  9.57496E+01
 0.160  2.00000E+01  5.30895E+10  1.06837E+02
 0.170  2.35000E+01  7.35045E+10  1.15973E+02
 0.180  2.67500E+01  8.94560E+10  1.19916E+02
 0.190  2.92500E+01  9.93840E+10  1.20873E+02
 0.200  3.10000E+01  1.02162E+11  1.19041E+02
 0.210  3.22500E+01  9.99731E+10  1.15455E+02
 0.220  3.42500E+01  1.03590E+11  1.14042E+02
 0.230  3.60000E+01  1.06279E+11  1.12670E+02
 0.240  3.82500E+01  1.11718E+11  1.12068E+02
 0.250  3.97500E+01  1.13367E+11  1.10741E+02
 0.260  4.20000E+01  1.17940E+11  1.09886E+02
 0.270  4.57500E+01  1.36633E+11  1.13322E+02
 0.280  5.72500E+01  2.40781E+11  1.34480E+02
 0.290  6.62500E+01  3.39788E+11  1.48506E+02
 0.300  7.25000E+01  4.02337E+11  1.54476E+02
 0.310  7.80000E+01  4.57160E+11  1.58753E+02
 0.320  8.55000E+01  5.44425E+11  1.65470E+02
 0.330  9.27500E+01  6.20218E+11  1.69570E+02
 0.340  9.55000E+01  6.42417E+11  1.70075E+02
 0.350  9.92500E+01  6.67406E+11  1.70045E+02
 0.360  1.04000E+02  7.02000E+11  1.70367E+02
 0.370  1.09000E+02  7.54690E+11  1.72546E+02
 0.380  1.12750E+02  7.74062E+11  1.71816E+02
 0.390  1.15500E+02  7.76918E+11  1.70071E+02
 0.400  1.17750E+02  7.73474E+11  1.68065E+02
