  30
 0.110  3.23842E+07  1.71094E+07  2.00872E+07  2.94782E+07  7.31495E+06  5.02903E+08  8.79462E-02
 0.120  7.49200E+07  2.39154E+07  2.80321E+07  7.18240E+07  8.78299E+06  4.50693E+08  1.15416E-01
 0.130  1.28018E+08  7.24974E+07  8.33546E+07  1.22828E+08  4.68005E+07  9.20424E+08  6.87426E-01
 0.140  1.03757E+08  9.45265E+07  1.12003E+08  1.00779E+08  2.70458E+07  7.32032E+08  2.35097E-01
 0.150  2.18660E+07  1.22784E+08  1.48128E+08  2.02070E+07  2.94886E+07  7.26379E+08  2.43173E-01
 0.160  1.57009E+08  1.87048E+08  2.21602E+08  1.51575E+08  7.25287E+07  7.79421E+08  1.14250E+00
 0.170  1.34786E+08  2.09997E+08  2.57181E+08  1.30030E+08  2.67528E+07  8.21240E+08  2.33707E-01
 0.180  2.24150E+08  3.11055E+08  3.78888E+08  2.16138E+08  6.93044E+07  1.05561E+09  8.89999E-01
 0.190  6.09655E+07  3.90984E+08  4.75655E+08  5.78496E+07  1.39725E+08  7.69195E+08  1.10748E+00
 0.200  6.10383E+07  4.11667E+08  5.14413E+08  5.61210E+07  1.68295E+07  8.30967E+08  1.66321E-01
 0.210  2.21404E+08  6.13673E+08  7.54001E+08  2.12784E+08  1.74653E+08  1.00265E+09  2.41848E+00
 0.220  1.49648E+08  7.67163E+08  9.51211E+08  1.44377E+08  1.21270E+08  9.95997E+08  1.52005E+00
 0.230  3.80522E+08  1.00741E+09  1.25251E+09  3.74079E+08  1.69454E+08  1.20866E+09  2.56917E+00
 0.240  1.78382E+08  1.37484E+09  1.71301E+09  1.74517E+08  2.45306E+08  1.28972E+09  2.34670E+00
 0.250  1.24723E+08  1.48152E+09  1.87325E+09  1.19818E+08  1.16657E+08  1.30668E+09  1.21466E+00
 0.260  1.46415E+08  1.55873E+09  1.98993E+09  1.42697E+08  1.07571E+08  1.29089E+09  1.41014E+00
 0.270  8.40702E+07  1.64798E+09  2.12329E+09  8.03533E+07  8.08950E+07  1.30228E+09  9.47269E-01
 0.280  3.90936E+07  1.63603E+09  2.12620E+09  3.74098E+07  6.10458E+07  1.25173E+09  4.23148E-01
 0.290  4.16409E+07  1.54355E+09  2.02392E+09  3.88327E+07  3.24873E+07  1.13293E+09  3.29230E-01
 0.300  2.85798E+07  1.46922E+09  1.94034E+09  2.65895E+07  2.33085E+07  1.08570E+09  2.69125E-01
 0.310  7.48946E+07  1.56086E+09  2.05920E+09  7.05990E+07  9.90715E+07  1.08961E+09  1.29914E+00
 0.320  4.24269E+08  2.11208E+09  2.71571E+09  4.17476E+08  4.49738E+08  1.25730E+09  5.79632E+00
 0.330  6.82596E+08  3.11466E+09  3.92502E+09  6.72594E+08  7.42518E+08  1.55444E+09  8.55857E+00
 0.340  2.90652E+08  3.50194E+09  4.45979E+09  2.85472E+08  3.66607E+08  1.55909E+09  3.89614E+00
 0.350  1.84466E+08  3.57727E+09  4.61897E+09  1.79334E+08  1.73480E+08  1.48684E+09  1.78437E+00
 0.360  2.35225E+08  3.56554E+09  4.62813E+09  2.29103E+08  2.37864E+08  1.34884E+09  2.39463E+00
 0.370  9.08987E+07  3.45108E+09  4.53093E+09  8.67358E+07  8.51899E+07  1.25298E+09  8.58870E-01
 0.380  1.93114E+08  3.36635E+09  4.45161E+09  1.87935E+08  9.02307E+07  1.26603E+09  1.09531E+00
 0.390  4.88414E+08  3.75056E+09  4.95299E+09  4.79810E+08  1.96121E+08  1.44893E+09  2.72216E+00
 0.400  1.70214E+08  4.10318E+09  5.39767E+09  1.63030E+08  2.40839E+08  1.39722E+09  2.31427E+00
