  30
 0.110  1.66214E-02  8.94864E-02 -1.55232E-01 -3.20177E+00 -5.34197E+00  6.66676E+00  2.95712E-01  8.95759E-01 -3.31920E-01  5.73131E+00   0.963   0.740  3.10693E+07  2.84426E+07  7.31519E+05  0.00000E+00  2.78513E+07  4.33108E-03  1.50180E+02   7.415   7.103
 0.120 -1.89143E-01 -1.47199E-01 -5.01384E-02  1.81420E+01  1.82882E+01 -1.50534E+01  2.25628E-01  2.05325E-01  9.52331E-01  5.30926E+00   1.212   0.765  9.22403E+07  8.82826E+07  1.28238E+06  1.01250E+05  4.36476E+07  3.96479E-03  1.93894E+02   7.380   7.331
 0.130 -1.31801E-01 -4.91876E-03 -1.53228E-01 -2.25467E+01 -1.95937E+01 -6.32780E+00 -4.46509E-01  8.94241E-01 -3.10153E-02  1.53380E+01   1.305   0.751  1.54790E+08  1.60233E+08  1.54065E+07  1.01259E+06  1.42166E+08  2.18289E-01  7.82482E+01   7.853   7.582
 0.140  1.98012E-01 -2.62079E-01 -7.54302E-03 -1.06658E+01  2.37114E+01 -3.55581E+01  6.89277E-01  6.42378E-01  3.35033E-01  3.36689E+01   1.592   0.737  1.59443E+08  1.57827E+08  8.36746E+06  7.43758E+05  8.19743E+07  9.07950E-02  8.66457E+01   7.731   7.518
 0.150  1.36320E-02  5.02458E-02  7.55420E-02  1.09983E+01  2.39892E+00  2.57346E+01 -8.52642E-02  4.81183E-01  8.72464E-01  2.18450E+01   2.193   1.413  2.28992E+08  2.21612E+08  2.12716E+07  6.02892E+06  2.08594E+08  9.29370E-02  1.89583E+02   7.742   7.569
 0.160 -1.17795E-01  6.48655E-03 -8.25057E-02  1.09472E+00 -3.34475E+00 -8.75267E+00 -4.85057E-01 -8.03331E-01  3.45512E-01  1.35063E+01   1.621   0.934  2.24449E+08  2.20993E+08  1.87993E+07  3.08096E+06  1.29280E+08  1.00940E-01  1.90690E+02   7.895   7.736
 0.170 -1.70703E-01  3.82151E-01 -5.93289E-01 -4.27034E+01  4.76764E+01 -4.94690E+00  6.81084E-01 -7.26243E-01  9.32474E-02  4.12485E+01   2.499   2.089  6.52338E+08  6.11868E+08  3.64935E+07  8.00577E+06  3.18752E+08  9.07467E-02  2.61926E+02   7.600   7.717
 0.180  1.25620E-01  2.80754E-01  1.76890E-01 -1.49081E+01  1.77832E+01 -6.65325E+01 -8.34295E-01  3.70965E-01  4.07845E-01  5.78248E+01   2.942   1.575  7.90168E+08  7.70873E+08  7.69801E+07  1.22353E+07  4.97499E+08  5.18743E-01  2.05284E+02   7.721   7.702
 0.190 -2.41095E-01 -4.95269E-01  9.65087E-01 -6.58739E-01 -9.17477E+00 -1.58774E+01  7.62490E-01 -6.46896E-01  1.15953E-02  9.26170E+01   4.013   1.746  8.37052E+08  8.05687E+08  1.16942E+08  2.04357E+07  6.38419E+08  4.54667E-01  2.45616E+02   7.905   7.770
 0.200 -6.50268E-02  6.45877E-01  2.89249E-01 -3.71485E+01 -2.07083E+01 -3.34127E+01  2.11519E-01 -4.85365E-01  8.48340E-01  6.92547E+01   3.636   2.892  8.28407E+08  7.43117E+08  4.55344E+07  9.92841E+06  3.60654E+08  3.40770E-02  4.46578E+02   7.769   7.808
 0.210  3.93659E-02  2.18391E-01 -2.70068E-01  1.87365E+01  2.14908E+01 -1.11280E+01  5.42710E-01 -6.99062E-01 -4.65594E-01  6.53014E+01   3.414   1.536  9.63965E+08  9.16297E+08  1.43683E+08  3.27319E+07  5.92942E+08  3.95272E-01  3.84070E+02   7.984   7.764
 0.220 -1.32782E-01 -2.91455E-01  3.43467E-01  5.02921E+00  1.37012E+01 -6.20519E+00  4.59229E-01  1.49667E-01  8.75619E-01  4.80053E+01   3.857   2.493  7.05133E+08  6.47257E+08  1.39099E+08  2.50799E+07  5.86873E+08  3.18820E-01  4.40830E+02   8.079   7.932
 0.230 -9.12112E-02 -1.09887E-01  8.29107E-02  6.78065E+00  4.94940E+00  4.28763E+00 -2.23043E-01 -8.91215E-01 -3.94952E-01  6.35598E+00   2.275   0.901  4.83680E+08  4.89619E+08  1.43859E+08  1.52456E+07  3.05034E+08  3.93329E-01  4.55500E+02   8.119   7.968
 0.240 -2.39597E-03  4.27592E-02 -2.40451E-01  2.07242E+01  1.44771E+01  8.74697E+00  3.92096E-01 -9.18713E-01 -4.71932E-02  1.13326E+02   4.394   1.109  5.76721E+08  6.83149E+08  3.87405E+08  3.31647E+07  6.55545E+08  1.71277E+00  3.18691E+02   8.311   8.404
 0.250 -1.74141E-01 -1.68721E-01  9.94439E-03  1.11173E+01  2.26478E+01 -2.35759E+00  5.72181E-01 -8.19587E-01 -2.97520E-02  1.66381E+02   4.087   1.258  6.66687E+08  7.06216E+08  4.49997E+08  3.74314E+07  6.87886E+08  1.10347E+00  3.82281E+02   8.212   8.468
 0.260 -3.18332E-03  9.22642E-02 -4.24295E-01  1.93859E+01  3.03056E+01 -1.20189E+01  6.20786E-01 -7.45516E-01 -2.42552E-01  2.33129E+02   5.328   1.453  8.27312E+08  8.13815E+08  4.43914E+08  4.80274E+07  9.83692E+08  8.25374E-01  4.87527E+02   8.082   8.410
 0.270 -2.82309E-01 -1.73987E-01 -9.36929E-02  1.95962E+01  1.69373E+01 -6.66858E+00  5.46302E-01 -7.95427E-01 -2.62393E-01  2.65537E+02   5.975   1.398  7.83655E+08  7.93526E+08  5.48464E+08  4.71840E+07  1.02177E+09  1.05878E+00  5.05869E+02   8.127   8.451
 0.280 -2.03922E-01  7.93833E-02 -7.71620E-01  7.49538E+00  1.89999E+01 -7.24899E+00  4.42828E-01 -7.69436E-01 -4.60296E-01  4.56298E+02   6.854   2.519  8.01450E+08  7.39979E+08  5.78035E+08  5.53228E+07  1.41152E+09  4.18549E-01  6.00635E+02   7.985   8.448
 0.290 -1.47222E+00  4.30513E-01 -7.66651E-01 -6.29355E+00  7.51835E+00 -2.20616E+01  2.34068E-01 -6.55403E-01 -7.18094E-01  4.64525E+02   8.440   2.409  8.49116E+08  7.42726E+08  4.91703E+08  5.62842E+07  1.70442E+09  3.49558E-01  7.55497E+02   7.913   8.404
 0.300 -1.64992E+00 -8.21769E-01  9.72895E-01 -2.18570E+01 -4.62512E+01  7.02069E+01  3.83629E-02  5.01650E-01 -8.64220E-01  2.79732E+02   8.211   6.705  3.30402E+09  2.78369E+09  2.16664E+08  5.62916E+07  2.31740E+09  7.95821E-02  1.19660E+03   7.639   8.134
 0.310 -1.51775E+00  3.24529E-01  1.75784E+00  3.81771E+01 -3.20679E+01 -3.89449E+01  7.58417E-01  5.25461E-01  3.85609E-01  1.09014E+02   8.371   4.322  2.26410E+09  1.98569E+09  2.45381E+08  4.81894E+07  1.75505E+09  8.02373E-01  1.05284E+03   7.814   8.099
 0.320 -2.30877E-01 -3.59671E-01 -4.43069E-01  1.00374E+01  1.04092E+01  6.40622E+00  2.11949E-01  7.14800E-01 -6.66437E-01  1.66156E+02   8.545   4.389  2.83451E+09  2.53956E+09  2.91022E+08  6.44622E+07  2.27624E+09  3.23875E-01  1.29477E+03   8.040   8.141
 0.330  1.31323E+00  1.79590E-01 -9.23248E-01  2.87052E+01 -7.81892E+01  4.49225E+01 -4.25301E-01 -1.87860E-01 -8.85340E-01  6.38095E+02   9.793   4.626  6.08926E+09  5.80198E+09  2.49219E+09  1.77521E+09  1.14915E+10  4.88500E+00  7.97716E+02   8.099   7.937
 0.340 -2.88998E-01 -7.82147E-01  1.22651E-01  1.32783E+01  6.13626E+01  5.43643E+00 -1.86691E-01  2.73147E-01 -9.43683E-01  8.52657E+02  11.216   5.668  8.95768E+09  8.43183E+09  2.28793E+09  9.79957E+08  8.29279E+09  5.79330E+00  6.78693E+02   8.087   8.194
 0.350 -1.88192E-01  5.87501E-01  4.03922E-01 -1.72539E+01  3.29628E+01  2.16313E+01 -4.54508E-01  3.12897E-01 -8.33977E-01  7.49645E+02  11.740   4.845  8.48997E+09  8.03944E+09  2.57176E+09  7.49651E+08  7.50207E+09  5.15914E+00  6.16077E+02   8.124   8.267
 0.360 -3.98840E-01 -6.98650E-01 -2.19288E-01 -9.23886E+00  3.34847E+01  3.62215E+01 -3.59382E-01  2.91414E-01 -8.86523E-01  1.02710E+03  11.970   3.493  8.37744E+09  8.40500E+09  3.38207E+09  1.00136E+09  8.76618E+09  9.71171E+00  6.71936E+02   8.161   8.188
 0.370 -1.56903E+00 -5.40789E-01  1.77232E-01 -1.08407E+01  3.19088E+01  4.34292E+01 -3.48300E-01  4.17716E-01 -8.39167E-01  1.27434E+03  13.949   5.749  9.63134E+09  8.98461E+09  3.74694E+09  9.32511E+08  9.67364E+09  4.54038E+00  7.14158E+02   8.146   8.249
 0.380 -7.62071E-01 -2.00899E+00  3.75216E-02 -2.67481E+01 -1.46992E+00 -4.23236E+00 -2.24693E-01  3.48311E-01 -9.10051E-01  1.25904E+03  15.096   5.452  1.15149E+10  1.08806E+10  4.73384E+09  1.12596E+09  1.10186E+10  4.97269E+00  7.96850E+02   8.167   8.282
 0.390  1.19525E+00  1.07028E+00  1.86679E-01 -2.78593E+00 -3.45028E+01 -1.09490E+01 -2.67290E-01  3.39378E-01 -9.01875E-01  1.00038E+03  13.051   4.826  1.30648E+10  1.28091E+10  5.27035E+09  1.00709E+09  1.00594E+10  1.14398E+01  7.65167E+02   8.171   8.301
 0.400 -1.30698E+00 -1.21087E+00  1.85039E-01 -2.04530E+01 -2.80058E+00  7.55471E+00 -1.83999E-01  2.61095E-01 -9.47615E-01  1.12914E+03  13.185   4.500  1.16087E+10  1.16212E+10  6.42363E+09  1.09798E+09  9.22386E+09  1.24209E+01  7.37777E+02   8.243   8.287
