  30
 0.110   0.963  8.63591E-02  8.78405E-02  7.79340E-02
 0.120   1.212  1.37899E-01  1.61685E-01  1.14717E-01
 0.130   1.305  8.90713E-01  9.94407E-01  6.77902E-01
 0.140   1.592  3.98120E-01  4.21662E-01  4.86812E-01
 0.150   2.193  6.92021E-01  6.66020E-01  7.08840E-01
 0.160   1.621  1.33938E+00  1.49491E+00  9.99248E-01
 0.170   2.499  1.17109E+00  1.18505E+00  1.05203E+00
 0.180   2.942  2.10367E+00  2.33222E+00  1.90343E+00
 0.190   4.013  2.86178E+00  2.55609E+00  3.53280E+00
 0.200   3.636  1.09827E+00  1.17545E+00  1.05952E+00
 0.210   3.414  3.95924E+00  4.13319E+00  3.41742E+00
 0.220   3.857  2.79840E+00  2.86121E+00  2.71185E+00
 0.230   2.275  3.17944E+00  3.59323E+00  2.39617E+00
 0.240   4.394  2.64778E+00  2.56253E+00  3.07165E+00
 0.250   4.087  1.92792E+00  1.90117E+00  2.01988E+00
 0.260   5.328  1.87370E+00  2.04588E+00  1.64398E+00
 0.270   5.975  1.76492E+00  1.69241E+00  1.75837E+00
 0.280   6.854  6.41524E-01  5.58981E-01  9.20905E-01
 0.290   8.440  4.99177E-01  4.88286E-01  5.34074E-01
 0.300   8.211  1.91921E+00  2.18855E+00  1.48244E+00
 0.310   8.371  1.96201E+00  1.83884E+00  1.86380E+00
 0.320   8.545  7.50723E+00  7.36114E+00  6.94629E+00
 0.330   9.793  1.60039E+01  1.68515E+01  1.43995E+01
 0.340  11.216  1.15134E+01  1.11136E+01  1.26539E+01
 0.350  11.740  8.93568E+00  8.44653E+00  9.38508E+00
 0.360  11.970  1.34824E+01  1.28963E+01  1.43184E+01
 0.370  13.949  6.77724E+00  7.29439E+00  6.37223E+00
 0.380  15.096  7.36764E+00  7.13628E+00  7.68413E+00
 0.390  13.051  1.82661E+01  1.88685E+01  1.64166E+01
 0.400  13.185  1.53584E+01  1.45959E+01  1.68680E+01
