  47
 0.100   0.750   0.500  3.55127E-02  4.05887E-02  2.46775E-02
 0.110   1.000   0.595  2.04360E-01  2.47569E-01  1.33252E-01
 0.120   1.000   0.719  1.10976E-01  1.30382E-01  1.01557E-01
 0.130   1.000   0.500  1.45660E+00  1.61967E+00  9.95880E-01
 0.140   1.128   0.500  2.02195E+00  2.03400E+00  2.01783E+00
 0.150   1.000   0.500  1.32461E+00  1.21731E+00  1.35174E+00
 0.160   1.000   0.500  2.62726E+00  2.69719E+00  2.39429E+00
 0.170   1.118   0.500  3.91067E+00  3.84622E+00  3.81858E+00
 0.180   3.351   2.087  1.60435E+00  1.86339E+00  1.04162E+00
 0.190   2.466   0.978  6.16820E+00  6.56017E+00  5.22430E+00
 0.200   3.083   1.044  7.99469E+00  8.09198E+00  7.53874E+00
 0.210   3.686   0.902  1.59315E+01  1.52788E+01  1.69234E+01
 0.220   4.007   0.938  1.47804E+01  1.55424E+01  1.36929E+01
 0.230   3.459   0.784  1.19253E+01  1.18493E+01  1.34914E+01
 0.240   3.478   0.750  8.28358E+00  8.02445E+00  8.84136E+00
 0.250   3.855   0.751  7.06176E+00  6.81072E+00  8.23499E+00
 0.260   4.127   0.692  7.25985E+00  7.31720E+00  6.88672E+00
 0.270   4.492   0.657  3.94834E+00  3.78038E+00  4.45631E+00
 0.280   4.813   0.685  2.58413E+00  2.46407E+00  3.00787E+00
 0.290   5.578   0.841  2.89722E+00  2.86812E+00  2.89253E+00
 0.300   4.943   1.192  2.90832E+00  2.90866E+00  2.86783E+00
 0.310   5.156   1.240  3.42973E+00  3.63998E+00  3.09281E+00
 0.320   5.298   0.901  3.91829E+00  3.91055E+00  3.82940E+00
 0.330   6.769   0.848  3.30057E+00  2.98426E+00  3.70508E+00
 0.340   6.823   0.851  2.32502E+00  2.34353E+00  2.36502E+00
 0.350   5.895   0.678  2.31574E+00  2.32463E+00  2.21277E+00
 0.360   6.016   0.769  1.88766E+00  1.76813E+00  2.18637E+00
 0.370   6.857   0.736  1.51443E+00  1.46775E+00  1.64579E+00
 0.380   6.002   0.727  1.66089E+00  1.56170E+00  1.72398E+00
 0.390   5.888   0.766  1.51377E+00  1.51235E+00  1.39247E+00
 0.400   6.028   0.643  1.14795E+00  1.10799E+00  1.23154E+00
 0.410   6.205   0.500  6.84209E-01  6.47296E-01  7.37047E-01
 0.420   5.625   0.500  5.43670E-01  5.27567E-01  5.36882E-01
 0.430   6.273   0.500  5.04684E-01  4.72245E-01  5.57260E-01
 0.440   5.644   0.500  3.65120E-01  3.31631E-01  4.34231E-01
 0.451   5.851   0.500  1.82627E-01  1.76330E-01  2.04000E-01
 0.460   5.992   0.500  1.41691E-01  1.33312E-01  1.53985E-01
 0.470   5.803   0.500  8.24554E-02  7.61320E-02  9.46621E-02
 0.481   5.995   0.500  9.09160E-02  9.23206E-02  8.86585E-02
 0.490   5.962   0.500  8.11240E-02  8.50482E-02  7.72451E-02
 0.500   5.946   0.500  7.77920E-02  7.44083E-02  7.73900E-02
 0.510   5.965   0.500  6.67231E-02  6.68844E-02  6.40014E-02
 0.520   5.931   0.500  3.51400E-02  3.53019E-02  4.04882E-02
 0.530   6.050   0.500  5.07107E-02  5.34534E-02  4.62931E-02
 0.540   5.917   0.500  4.72722E-02  4.65803E-02  4.70817E-02
 0.551   5.895   0.500  3.84415E-02  3.65330E-02  3.93788E-02
 0.560   6.062   0.500  4.82704E-02  4.66790E-02  4.73613E-02
