  47
 0.100  1.39420E-01  4.61837E-02  9.09916E-02  8.53653E+00 -2.27424E-01 -2.56736E+00   0.750  1.48574E+07  2.74675E+07  1.74354E+07  0.00000E+00  1.97869E+08  1.89142E-01  7.53593E+01   8.145   7.776
 0.110  8.24963E-04 -8.14667E-02 -1.72882E-02  1.47566E+01  3.57664E+00 -3.50036E+00   1.000  1.74336E+08  2.18668E+08  6.81528E+07  4.95553E+06  4.47949E+08  8.01612E-01  7.28942E+01   7.918   7.813
 0.120 -3.80147E-02  1.31939E-01 -1.51275E-04  2.89943E+01 -5.92297E+00  3.64969E+00   1.000  1.92558E+08  2.77494E+08  1.57966E+08  1.74599E+07  7.90728E+08  8.38679E-01  1.12009E+02   8.213   8.151
 0.130  1.26842E-02 -2.11374E-03 -5.79942E-03  2.15604E+00 -3.77666E+00 -3.49407E+00   1.000  3.28036E+08  6.50276E+08  5.34923E+08  9.20385E+07  1.06417E+09  4.54655E+00  1.11813E+02   8.450   8.268
 0.140  1.70988E-02 -8.10594E-03  4.87441E-03  3.77378E+00  4.41668E+00 -7.01040E+00   1.128  3.48443E+08  6.80007E+08  8.83406E+08  1.28085E+08  1.47263E+09  3.62792E+00  1.56334E+02   8.560   8.436
 0.150 -3.49703E-03 -7.42365E-03  8.80340E-03 -1.19388E+00  3.85796E+00 -3.49776E+00   1.000  3.92128E+08  8.29880E+08  1.29515E+09  1.31569E+08  1.39215E+09  4.42880E+00  1.88164E+02   8.621   8.512
 0.160  1.12158E-02 -6.83383E-03 -8.35989E-03  7.29905E-01 -1.62059E-01 -3.25131E+00   1.000  4.64353E+08  9.15729E+08  1.75320E+09  1.49878E+08  1.61072E+09  5.45021E+00  2.28762E+02   8.576   8.563
 0.170 -4.86099E-03 -1.67854E-02 -1.84468E-02  7.69115E+00 -3.34079E+00  4.72178E-01   1.118  3.16331E+08  8.70245E+08  2.34162E+09  1.74871E+08  1.93729E+09  6.23991E+00  2.67229E+02   8.794   8.594
 0.180 -1.82268E-01 -7.20024E-02  9.50055E-02  2.96304E+01 -5.69992E+00 -5.34557E-01   3.351  1.26347E+09  1.68879E+09  3.14125E+09  4.78388E+08  8.43172E+09  5.93706E+00  3.24599E+02   8.328   8.583
 0.190  4.22382E-02  8.23394E-02 -1.20974E-01  9.36004E+00  5.20136E-01  2.22405E+01   2.466  1.52285E+09  2.44922E+09  4.10019E+09  4.58763E+08  6.50333E+09  1.22569E+01  3.39290E+02   8.431   8.580
 0.200  2.20636E-01 -4.92531E-02  6.88838E-01  2.83429E+01 -5.26262E+00 -2.83441E+01   3.083  2.94782E+09  5.03192E+09  8.70658E+09  2.90135E+09  1.35912E+10  2.45521E+01  3.37629E+02   8.490   8.580
 0.210 -1.45112E-02 -1.68641E-02 -1.16108E-01 -1.92010E+01 -6.69886E+00 -1.99041E+01   3.686  2.41938E+09  4.20839E+09  1.12755E+10  3.26227E+09  1.63557E+10  1.88244E+01  3.76021E+02   8.584   8.598
 0.220  4.22189E-01 -5.38469E-02  7.83804E-02  1.43020E+00 -2.01254E+01 -1.02575E+01   4.007  2.71324E+09  4.03015E+09  1.34520E+10  3.86603E+09  1.86498E+10  1.69627E+01  4.41009E+02   8.562   8.609
 0.230 -1.17701E-01 -2.56932E-01 -2.91924E-01  7.53765E+00 -7.39126E+00 -1.47243E+01   3.459  2.04740E+09  3.30021E+09  1.41435E+10  3.35866E+09  1.54325E+10  1.34904E+01  5.11272E+02   8.643   8.637
 0.240 -4.71430E-02 -2.80234E-01 -3.66161E-01 -1.39794E+01  7.20468E+00 -4.80946E+00   3.478  2.03735E+09  2.89022E+09  1.54386E+10  3.78619E+09  1.62217E+10  9.47412E+00  5.99039E+02   8.658   8.645
 0.250  2.70375E-02 -1.64240E-01 -1.74389E-01  5.42158E+00 -7.96624E+00 -7.67573E+00   3.855  1.61278E+09  2.40284E+09  1.68113E+10  3.95804E+09  1.83312E+10  8.11682E+00  6.81634E+02   8.718   8.648
 0.260  1.51076E-01 -2.95252E-01 -2.91560E-01  4.05772E+00 -1.35991E+01 -1.72435E+01   4.127  1.51853E+09  2.13069E+09  1.78535E+10  4.23134E+09  2.03620E+10  8.02025E+00  7.72173E+02   8.716   8.650
 0.270 -3.50877E-01 -2.92819E-02 -3.81109E-01  3.26318E+01 -3.58622E+00  9.19090E+00   4.492  1.42338E+09  1.81925E+09  1.88069E+10  4.59607E+09  2.26308E+10  4.72452E+00  8.87585E+02   8.726   8.650
 0.280 -1.74753E-01  9.59961E-02 -9.12540E-02  1.71506E+01 -9.26369E+00 -4.26471E+00   4.813  1.35013E+09  1.57087E+09  1.94514E+10  4.83876E+09  2.43988E+10  3.03302E+00  9.98346E+02   8.708   8.650
 0.290  7.92745E-02 -3.68056E-01 -2.97208E-01  2.17294E+01 -2.12321E+01 -2.16248E+01   5.578  1.46306E+09  1.63961E+09  2.01457E+10  5.13686E+09  2.85752E+10  3.28623E+00  1.12435E+03   8.662   8.648
 0.300 -1.41442E-01  6.52677E-02 -1.96903E-01  1.16523E+01  1.58900E+01  3.98575E+00   4.943  1.51864E+09  1.70752E+09  1.99591E+10  4.86152E+09  2.51817E+10  3.25978E+00  1.24251E+03   8.627   8.655
 0.310 -1.46365E-01  1.22150E-01 -9.21100E-02  3.74951E+01 -3.53737E+00  4.95601E+00   5.156  1.92149E+09  2.10199E+09  2.04768E+10  5.01713E+09  2.68870E+10  3.69977E+00  1.35842E+03   8.542   8.653
 0.320  4.94103E-02  1.26719E-01 -5.69244E-02  3.26764E+01 -1.09340E+01 -4.39140E+00   5.298  1.69711E+09  1.97121E+09  2.10586E+10  5.11467E+09  2.76954E+10  4.47542E+00  1.47169E+03   8.586   8.652
 0.330 -6.53636E-01  8.13636E-02 -4.36360E-01  3.37342E+01 -1.04788E+01  4.66632E+00   6.769  1.77364E+09  1.96737E+09  2.22385E+10  5.74856E+09  3.62008E+10  3.76964E+00  1.57657E+03   8.596   8.642
 0.340 -6.51409E-01  2.99247E-02 -4.30175E-01  2.70017E+01 -2.46705E+00  2.05118E+01   6.823  1.65711E+09  1.75800E+09  2.24025E+10  5.72213E+09  3.62723E+10  2.54207E+00  1.70546E+03   8.601   8.644
 0.350 -3.78003E-01  9.21652E-02 -3.29635E-01  1.85744E+01  1.99674E+00  1.10297E+01   5.895  1.55892E+09  1.69591E+09  2.21151E+10  5.40426E+09  3.13486E+10  2.63234E+00  1.83788E+03   8.617   8.650
 0.360 -2.51521E-01  1.08963E-01 -2.84612E-01  2.12458E+01 -2.10396E+01  7.17431E+00   6.016  1.28624E+09  1.39933E+09  2.23260E+10  5.43656E+09  3.19163E+10  2.05543E+00  1.96815E+03   8.658   8.651
 0.370 -8.67055E-01  3.02176E-01 -7.40805E-01  1.89480E+01  4.24051E+00  1.56653E+01   6.857  1.18095E+09  1.23969E+09  2.29124E+10  5.71666E+09  3.63826E+10  1.66866E+00  2.11145E+03   8.689   8.647
 0.380 -4.29574E-01  2.06480E-01 -4.02064E-01  2.25171E+01 -3.14458E+00  2.07806E+01   6.002  1.09405E+09  1.15971E+09  2.25679E+10  5.39609E+09  3.14759E+10  1.79753E+00  2.24017E+03   8.706   8.654
 0.390 -1.64859E-01  4.75959E-02 -3.28757E-01 -6.59698E+00 -1.14730E+01 -1.32724E+01   5.888  9.65147E+08  1.01210E+09  2.25238E+10  5.31345E+09  3.04940E+10  1.63380E+00  2.38169E+03   8.727   8.657
 0.400 -4.55634E-01 -5.82467E-02 -6.87259E-01  7.20503E+00 -5.96027E+00  3.26140E+00   6.028  7.70842E+08  8.25191E+08  2.26969E+10  5.38078E+09  3.12313E+10  1.30985E+00  2.52575E+03   8.764   8.657
 0.410 -3.17382E-01 -2.04833E-01 -6.36165E-01 -5.22059E+00 -5.78309E+00 -7.64833E+00   6.205  6.48521E+08  6.72230E+08  2.28428E+10  5.44109E+09  3.22157E+10  7.96999E-01  2.67970E+03   8.794   8.657
 0.420 -1.22303E-01 -3.71313E-01 -5.27796E-01 -6.93636E+00 -1.46399E+01 -2.12165E+01   5.625  5.80476E+08  5.89170E+08  2.23094E+10  5.16830E+09  2.89434E+10  5.95790E-01  2.82878E+03   8.796   8.663
 0.430 -2.03329E-01 -5.13555E-01 -6.41520E-01 -5.72639E-01 -1.12943E+01 -4.10658E+00   6.273  5.05437E+08  5.17217E+08  2.29680E+10  5.46719E+09  3.24981E+10  5.42656E-01  2.97049E+03   8.811   8.659
 0.440 -2.43437E-01 -2.30706E-02 -3.89015E-01 -5.75324E+00 -3.72505E+00 -7.84200E+00   5.644  4.08326E+08  4.23107E+08  2.24701E+10  5.15811E+09  2.88131E+10  4.16982E-01  3.13545E+03   8.832   8.664
 0.451 -1.70172E-01  3.17980E-02 -3.37242E-01  4.23124E+00 -2.46332E+01 -8.52036E+00   5.851  3.67483E+08  3.70304E+08  2.25313E+10  5.25069E+09  3.01788E+10  2.23267E-01  3.30660E+03   8.836   8.664
 0.460 -7.12628E-02 -9.98665E-02 -2.58199E-01  8.29751E+00 -1.95486E+01  7.66008E-01   5.992  3.40676E+08  3.38541E+08  2.27193E+10  5.33616E+09  3.08745E+10  1.71638E-01  3.45058E+03   8.841   8.662
 0.470 -9.20587E-02  2.70597E-01 -2.04807E-01  3.73680E+00 -2.11046E+01 -2.08011E+00   5.803  3.24315E+08  3.21005E+08  2.26310E+10  5.27229E+09  3.00240E+10  1.08967E-01  3.60841E+03   8.841   8.664
 0.481 -1.60042E-01 -7.08159E-02 -3.40983E-01 -3.98485E+00 -1.51144E+01 -8.62168E+00   5.995  3.14841E+08  3.11430E+08  2.27376E+10  5.33798E+09  3.11704E+10  1.22436E-01  3.78052E+03   8.840   8.663
 0.490 -7.17812E-02 -1.83254E-01 -1.90963E-01  3.30502E+00 -1.89783E+01  7.24690E-01   5.962  3.04707E+08  3.00805E+08  2.28161E+10  5.36867E+09  3.11075E+10  1.12287E-01  3.92774E+03   8.838   8.663
 0.500 -1.08656E-01  1.42875E-01 -2.45134E-01 -1.63619E+00 -1.27636E+01 -2.18643E+00   5.946  2.94968E+08  2.89932E+08  2.25922E+10  5.27731E+09  3.04733E+10  1.04095E-01  4.09303E+03   8.837   8.664
 0.510 -2.30940E-01  2.86013E-02 -4.07441E-01  1.27492E+00 -6.48345E+00  5.43056E+00   5.965  2.87721E+08  2.81997E+08  2.26803E+10  5.30317E+09  3.08291E+10  8.83338E-02  4.26232E+03   8.835   8.664
 0.520 -9.82062E-02 -1.54002E-02 -2.08278E-01 -2.84498E+00 -1.06642E+00 -6.29228E+00   5.931  2.80385E+08  2.75516E+08  2.25692E+10  5.24604E+09  3.03229E+10  6.58349E-02  4.42149E+03   8.833   8.665
 0.530 -2.10399E-01  1.22749E-01 -3.88159E-01 -1.62956E+00 -1.81558E+01 -1.80913E-01   6.050  2.76132E+08  2.71338E+08  2.26386E+10  5.30580E+09  3.10107E+10  7.46761E-02  4.58713E+03   8.831   8.664
 0.540 -4.45433E-02 -5.74800E-02 -5.07309E-02  2.02311E+00 -8.06549E+00  1.01367E+01   5.917  2.69989E+08  2.65096E+08  2.26069E+10  5.26338E+09  3.04675E+10  6.65941E-02  4.74413E+03   8.831   8.665
 0.551 -9.21912E-02  2.00266E-01 -2.67556E-01  5.88656E-01 -1.04199E+01  8.29389E-01   5.895  2.61621E+08  2.57420E+08  2.24717E+10  5.21784E+09  3.01945E+10  6.29082E-02  4.93875E+03   8.830   8.666
 0.560 -1.25791E-01 -1.73138E-01 -1.94128E-01 -4.08654E+00 -1.50364E+01  3.15889E+00   6.062  2.55292E+08  2.51797E+08  2.25181E+10  5.25426E+09  3.07507E+10  6.81308E-02  5.09038E+03   8.829   8.666
