  47
 0.100  3.24296E+07  1.95684E+07  2.22169E+07  3.01196E+07  1.52362E+07  2.99298E+08  2.06939E-01
 0.110  1.74336E+08  6.81528E+07  7.67293E+07  1.69399E+08  4.92691E+07  4.47949E+08  8.01612E-01
 0.120  1.92558E+08  1.57966E+08  1.83555E+08  1.87808E+08  8.96860E+07  7.90728E+08  8.38679E-01
 0.130  3.28036E+08  5.34923E+08  6.16387E+08  3.22934E+08  3.27343E+08  1.06417E+09  4.54655E+00
 0.140  3.25047E+08  8.65375E+08  1.02193E+09  3.19748E+08  3.34865E+08  1.26320E+09  3.59229E+00
 0.150  3.92128E+08  1.29515E+09  1.54556E+09  3.86867E+08  4.43013E+08  1.39215E+09  4.42880E+00
 0.160  4.64353E+08  1.75320E+09  2.11198E+09  4.58213E+08  4.57517E+08  1.61072E+09  5.45021E+00
 0.170  3.07606E+08  2.32005E+09  2.81837E+09  3.03602E+08  5.53917E+08  1.71215E+09  6.20333E+00
 0.180  3.56281E+08  2.68639E+09  3.31086E+09  3.50270E+08  3.89615E+08  1.89796E+09  4.17848E+00
 0.190  6.23599E+08  3.44696E+09  4.24407E+09  6.12324E+08  7.09447E+08  2.21979E+09  8.76877E+00
 0.200  6.74293E+08  4.45954E+09  5.49827E+09  6.64418E+08  1.04951E+09  2.27832E+09  1.11181E+01
 0.210  6.76295E+08  7.63054E+09  9.50239E+09  6.68040E+08  9.32589E+08  3.08709E+09  9.09023E+00
 0.220  4.48224E+08  8.30379E+09  1.04802E+10  4.40820E+08  5.61638E+08  3.15718E+09  5.67691E+00
 0.230  1.93686E+08  8.52627E+09  1.09066E+10  1.89344E+08  3.28284E+08  3.11760E+09  2.90099E+00
 0.240  1.63577E+08  8.87121E+09  1.14664E+10  1.60964E+08  1.92666E+08  3.25594E+09  1.87507E+00
 0.250  1.30366E+08  8.85363E+09  1.15485E+10  1.28006E+08  1.43897E+08  3.17863E+09  1.43477E+00
 0.260  9.50664E+07  8.88654E+09  1.16829E+10  9.30329E+07  9.20854E+07  3.23300E+09  9.98428E-01
 0.270  7.82931E+07  8.74641E+09  1.15847E+10  7.67019E+07  5.78765E+07  3.12608E+09  6.17651E-01
 0.280  6.88052E+07  8.73296E+09  1.16350E+10  6.72709E+07  5.05315E+07  3.07952E+09  5.52304E-01
 0.290  6.03159E+07  8.89850E+09  1.19202E+10  5.85098E+07  4.41001E+07  3.18278E+09  4.57450E-01
 0.300  4.96508E+07  8.62414E+09  1.16069E+10  4.84665E+07  3.91191E+07  3.01942E+09  3.89164E-01
 0.310  5.07080E+07  8.91810E+09  1.20513E+10  4.92957E+07  3.20208E+07  3.21720E+09  3.58345E-01
 0.320  4.09136E+07  8.52512E+09  1.15687E+10  3.96991E+07  2.53963E+07  2.98957E+09  2.53307E-01
 0.330  3.93004E+07  8.66838E+09  1.17890E+10  3.82388E+07  2.53430E+07  3.06805E+09  2.62258E-01
 0.340  3.15229E+07  8.51987E+09  1.16098E+10  3.05838E+07  1.89719E+07  2.99655E+09  2.02498E-01
 0.350  2.90315E+07  8.43160E+09  1.15057E+10  2.79758E+07  1.52015E+07  2.94268E+09  1.52448E-01
 0.360  2.76176E+07  8.39859E+09  1.14781E+10  2.66121E+07  1.51172E+07  2.92422E+09  1.50223E-01
 0.370  2.52269E+07  8.06860E+09  1.10433E+10  2.43582E+07  1.31077E+07  2.74473E+09  1.36004E-01
 0.380  4.01932E+07  8.15405E+09  1.11707E+10  3.90299E+07  1.76246E+07  2.82163E+09  2.16144E-01
 0.390  2.94668E+07  8.01514E+09  1.09851E+10  2.83483E+07  1.72966E+07  2.73916E+09  2.08634E-01
 0.400  2.34258E+07  8.02174E+09  1.10025E+10  2.25899E+07  1.36238E+07  2.71912E+09  1.38376E-01
 0.410  1.95082E+07  7.99256E+09  1.09698E+10  1.88592E+07  1.07530E+07  2.72120E+09  1.12155E-01
 0.420  2.04233E+07  7.95185E+09  1.09197E+10  1.96578E+07  8.40295E+06  2.69967E+09  9.54242E-02
 0.430  1.74332E+07  7.94240E+09  1.09126E+10  1.67700E+07  8.73686E+06  2.70532E+09  8.20825E-02
 0.440  1.73779E+07  7.76359E+09  1.06682E+10  1.66589E+07  9.74441E+06  2.58710E+09  1.05477E-01
 0.451  1.39918E+07  7.95125E+09  1.09332E+10  1.34316E+07  6.57584E+06  2.70690E+09  6.64539E-02
 0.460  1.38893E+07  7.85412E+09  1.08028E+10  1.33446E+07  5.47419E+06  2.65502E+09  5.46451E-02
 0.470  1.27754E+07  7.76218E+09  1.06781E+10  1.22738E+07  5.03390E+06  2.60356E+09  4.80940E-02
 0.481  1.17131E+07  7.81929E+09  1.07604E+10  1.12422E+07  4.73528E+06  2.62351E+09  5.22160E-02
 0.490  1.10725E+07  7.62720E+09  1.04966E+10  1.05119E+07  4.89343E+06  2.59325E+09  5.80892E-02
 0.500  1.03333E+07  7.57333E+09  1.04251E+10  9.79373E+06  3.87481E+06  2.57197E+09  4.58556E-02
 0.510  1.02660E+07  7.38480E+09  1.01648E+10  9.80532E+06  3.71474E+06  2.48600E+09  3.65125E-02
 0.520  1.00229E+07  7.25626E+09  9.98762E+09  9.55988E+06  4.03431E+06  2.39970E+09  4.71667E-02
 0.530  1.00810E+07  7.47054E+09  1.02876E+10  9.63615E+06  3.45305E+06  2.50055E+09  4.17999E-02
 0.540  9.13094E+06  7.08333E+09  9.75150E+09  8.74553E+06  2.76384E+06  2.39787E+09  2.91518E-02
 0.551  9.95103E+06  7.24567E+09  9.97849E+09  9.58114E+06  3.07847E+06  2.44609E+09  3.40518E-02
 0.560  9.05307E+06  7.21557E+09  9.93793E+09  8.65428E+06  3.13867E+06  2.43246E+09  3.41386E-02
