  47
 0.100         3815  0.51129E-02 -0.95440E-02  0.13293E-01  0.27926E+02  0.23684E+02  0.11902E+02  0.19798E+00  0.79780E+00 -0.56949E+00   0.750   0.500
 0.110        55538 -0.78745E-02 -0.73120E-02  0.14999E-02  0.34087E+01  0.15613E+01 -0.14521E+02 -0.30432E+00 -0.63052E+00 -0.71402E+00   1.000   0.595
 0.120        52747 -0.45070E-02  0.40973E-02 -0.20486E-02  0.33167E+01  0.10867E+02 -0.11595E+01 -0.64555E+00 -0.25954E+00 -0.71827E+00   1.000   0.719
 0.130        78493 -0.88671E-03  0.17734E-02  0.00000E+00  0.13510E+03  0.85583E+02 -0.11106E+03 -0.87944E+00 -0.47598E+00 -0.51071E-02   1.000   0.500
 0.140        49083  0.23937E-02 -0.28725E-02 -0.19150E-02 -0.63868E+02 -0.61272E+02  0.83518E+02 -0.73791E+00 -0.46965E+00  0.48469E+00   1.128   0.500
 0.150        79878  0.51183E-03  0.51183E-03  0.15355E-02 -0.15052E+03 -0.23244E+02 -0.45299E+02 -0.49187E+00  0.21128E+00  0.84464E+00   1.000   0.500
 0.160        50909 -0.54560E-03 -0.27280E-02 -0.21824E-02 -0.12482E+03  0.42624E+03  0.29515E+02 -0.74424E+00 -0.37359E+00 -0.55366E+00   1.000   0.500
 0.170       186855  0.00000E+00  0.00000E+00  0.57959E-03 -0.49256E+01  0.16759E+03 -0.34596E+03 -0.98183E+00  0.18704E+00  0.31966E-01   1.118   0.500
 0.180        72960 -0.61371E-03 -0.12274E-02  0.12274E-02  0.21926E+03 -0.17607E+03 -0.25168E+03  0.24637E+00  0.94337E+00  0.22217E+00   3.351   2.087
 0.190       443738  0.19422E-02  0.64740E-03 -0.64740E-03 -0.33077E+03 -0.17351E+03  0.23239E+03  0.24675E+00  0.96794E+00 -0.46979E-01   2.466   0.978
 0.200       116963  0.68191E-03 -0.13638E-02 -0.68191E-03  0.35088E+03 -0.10606E+03 -0.67852E+02  0.29515E+00  0.89635E+00 -0.33083E+00   3.083   1.044
 0.210       460633 -0.14318E-02  0.71589E-03  0.14318E-02  0.39538E+03  0.43142E+03  0.11964E+03  0.47595E+00  0.66887E+00 -0.57103E+00   3.686   0.902
 0.220       251647  0.00000E+00  0.14994E-02 -0.37485E-02 -0.43959E+03 -0.29534E+03  0.13933E+02  0.23234E+00  0.66097E+00 -0.71353E+00   4.007   0.938
 0.230       944659  0.23537E-02  0.15691E-02  0.00000E+00  0.31349E+03  0.41180E+02  0.19071E+03  0.17946E+00  0.61390E+00 -0.76871E+00   3.459   0.784
 0.240       137963 -0.16381E-02  0.81905E-03 -0.16381E-02  0.37520E+03 -0.14777E+03  0.18368E+03  0.24643E+00  0.59549E+00 -0.76463E+00   3.478   0.750
 0.250       138036  0.85354E-03 -0.85354E-03  0.85354E-03 -0.75568E+02  0.29872E+02  0.81116E+02  0.28332E+00  0.52370E+00 -0.80341E+00   3.855   0.751
 0.260        87732 -0.88563E-03 -0.88563E-03  0.00000E+00 -0.10820E+03  0.16084E+03 -0.28906E+03  0.33746E+00  0.58018E+00 -0.74129E+00   4.127   0.692
 0.270         9979 -0.92105E-03  0.00000E+00  0.92105E-03 -0.56898E+03  0.19331E+01 -0.89290E+02  0.35503E+00  0.56630E+00 -0.74381E+00   4.492   0.657
 0.280      1352357  0.95421E-03 -0.19084E-02  0.00000E+00 -0.40489E+02  0.46092E+03 -0.61954E+02  0.33967E+00  0.65415E+00 -0.67580E+00   4.813   0.685
 0.290       195490 -0.19794E-02 -0.19794E-02 -0.98969E-03 -0.12188E+03 -0.74697E+02 -0.32503E+03  0.28948E+00  0.64671E+00 -0.70567E+00   5.578   0.841
 0.300       186776 -0.10227E-02  0.00000E+00  0.10227E-02 -0.13986E+02 -0.11047E+03 -0.34594E+03  0.24975E+00  0.65489E+00 -0.71327E+00   4.943   1.192
 0.310       566481  0.21135E-02 -0.10567E-02  0.00000E+00 -0.34690E+03  0.13302E+02  0.18251E+03  0.24029E+00  0.70240E+00 -0.67000E+00   5.156   1.240
 0.320       376653  0.00000E+00  0.32769E-02  0.21846E-02  0.19211E+03 -0.12643E+03 -0.29293E+02  0.34267E+00  0.63877E+00 -0.68888E+00   5.298   0.901
 0.330       220702 -0.22483E-02  0.00000E+00  0.22483E-02 -0.56324E+03 -0.45903E+00  0.28343E+03  0.44576E+00  0.61546E+00 -0.65001E+00   6.769   0.848
 0.340       180683  0.00000E+00 -0.11582E-02 -0.23165E-02 -0.58125E+03 -0.84778E+02 -0.40285E+03  0.47249E+00  0.61699E+00 -0.62935E+00   6.823   0.851
 0.350       875072  0.00000E+00 -0.23848E-02  0.00000E+00 -0.14318E+03 -0.93866E+02 -0.58025E+03  0.49100E+00  0.57286E+00 -0.65632E+00   5.895   0.678
 0.360       314234  0.00000E+00 -0.12266E-02 -0.12266E-02  0.28459E+03  0.21948E+03 -0.84623E+02  0.53321E+00  0.52797E+00 -0.66101E+00   6.016   0.769
 0.370       712654 -0.12636E-02  0.00000E+00 -0.25272E-02 -0.82404E+02 -0.12114E+03 -0.10395E+03  0.60405E+00  0.48104E+00 -0.63539E+00   6.857   0.736
 0.380      1118249  0.00000E+00  0.00000E+00 -0.25906E-02 -0.36681E+03 -0.47037E+03 -0.10496E+03  0.63274E+00  0.48521E+00 -0.60350E+00   6.002   0.727
 0.390       159633 -0.13291E-02 -0.13291E-02  0.13291E-02 -0.15876E+03  0.56755E+02 -0.29654E+03  0.62599E+00  0.46785E+00 -0.62390E+00   5.888   0.766
 0.400      2410521  0.00000E+00  0.00000E+00  0.13642E-02 -0.89832E+02  0.14959E+03 -0.10596E+03  0.67574E+00  0.40089E+00 -0.61859E+00   6.028   0.643
 0.410       944975  0.00000E+00  0.27995E-02  0.27995E-02  0.11813E+03 -0.55074E+03 -0.21045E+03  0.71865E+00  0.37269E+00 -0.58707E+00   6.205   0.500
 0.420      2818776 -0.14305E-02 -0.14305E-02 -0.14305E-02  0.77439E+02 -0.30677E+03  0.19259E+03  0.71473E+00  0.37674E+00 -0.58926E+00   5.625   0.500
 0.430       361424  0.14658E-02  0.14658E-02  0.14658E-02 -0.48522E+03  0.58234E+01 -0.24330E+03  0.75798E+00  0.29982E+00 -0.57929E+00   6.273   0.500
 0.440       560552  0.15005E-02  0.00000E+00  0.15005E-02 -0.73718E+01  0.97723E+02  0.57590E+02  0.77118E+00  0.28239E+00 -0.57056E+00   5.644   0.500
 0.451       286402  0.00000E+00 -0.15364E-02 -0.15364E-02  0.28402E+00  0.22620E+02 -0.12030E+03  0.77965E+00  0.23621E+00 -0.57995E+00   5.851   0.500
 0.460      2595490  0.00000E+00 -0.31374E-02  0.00000E+00  0.15757E+03  0.31552E+03  0.11623E+03  0.79284E+00  0.17212E+00 -0.58462E+00   5.992   0.500
 0.470      3161808 -0.32050E-02 -0.32050E-02 -0.16025E-02  0.40427E+02  0.16737E+03  0.28914E+03  0.80687E+00  0.13090E+00 -0.57604E+00   5.803   0.500
 0.481       678908  0.00000E+00  0.00000E+00 -0.32772E-02 -0.37524E+02 -0.92596E+02 -0.15010E+03  0.81701E+00  0.76182E-01 -0.57157E+00   5.995   0.500
 0.490      2238692 -0.33399E-02  0.33399E-02 -0.16700E-02  0.27094E+03 -0.43202E+02 -0.14808E+03  0.82604E+00  0.25709E-01 -0.56303E+00   5.962   0.500
 0.500       248037 -0.17034E-02  0.00000E+00  0.17034E-02  0.31242E+03 -0.25880E+03 -0.12878E+02  0.83437E+00 -0.10141E-01 -0.55111E+00   5.946   0.500
 0.510       519993  0.34786E-02  0.00000E+00 -0.34786E-02  0.27943E+03  0.33148E+03 -0.31743E+03  0.83157E+00 -0.48421E-01 -0.55331E+00   5.965   0.500
 0.520      2312424  0.00000E+00  0.17722E-02  0.17722E-02  0.28964E+03 -0.20454E+03 -0.28043E+02  0.83556E+00 -0.76855E-01 -0.54400E+00   5.931   0.500
 0.530      3416023  0.18063E-02 -0.18063E-02  0.18063E-02 -0.58528E+02  0.54394E+02  0.70148E+02  0.83372E+00 -0.11246E+00 -0.54062E+00   6.050   0.500
 0.540      1734462  0.00000E+00 -0.18393E-02 -0.18393E-02  0.51873E+03 -0.72737E+02  0.68776E+02  0.83264E+00 -0.14641E+00 -0.53411E+00   5.917   0.500
 0.551       338382 -0.18784E-02  0.00000E+00  0.00000E+00 -0.33192E+02  0.86217E+02 -0.26837E+02  0.82912E+00 -0.18123E+00 -0.52888E+00   5.895   0.500
 0.560       514221  0.00000E+00  0.38195E-02  0.00000E+00 -0.49751E+03 -0.26467E+02 -0.11531E+03  0.82696E+00 -0.20703E+00 -0.52277E+00   6.062   0.500
