  47
 0.100  5.00000E+00  3.45617E+09  5.45189E+01
 0.110  6.75000E+00  6.41853E+09  6.39440E+01
 0.120  9.75000E+00  1.45800E+10  8.01882E+01
 0.130  1.15000E+01  1.95095E+10  8.54099E+01
 0.140  1.35000E+01  2.49938E+10  8.92243E+01
 0.150  1.55000E+01  3.04417E+10  9.18973E+01
 0.160  1.90000E+01  4.74862E+10  1.03667E+02
 0.170  2.55000E+01  9.39552E+10  1.25871E+02
 0.180  2.97500E+01  1.25528E+11  1.34698E+02
 0.190  3.47500E+01  1.70665E+11  1.45321E+02
 0.200  3.97500E+01  2.13052E+11  1.51813E+02
 0.210  4.22500E+01  2.27588E+11  1.52193E+02
 0.220  4.45000E+01  2.30511E+11  1.49245E+02
 0.230  4.62500E+01  2.23217E+11  1.44059E+02
 0.240  4.80000E+01  2.21347E+11  1.40816E+02
 0.250  5.07500E+01  2.30892E+11  1.39869E+02
 0.260  5.30000E+01  2.35020E+11  1.38086E+02
 0.270  5.50000E+01  2.33149E+11  1.35011E+02
 0.280  5.65000E+01  2.28863E+11  1.31977E+02
 0.290  5.85000E+01  2.29744E+11  1.29951E+02
 0.300  6.07500E+01  2.34561E+11  1.28851E+02
 0.310  6.32500E+01  2.40280E+11  1.27809E+02
 0.320  6.60000E+01  2.48899E+11  1.27343E+02
 0.330  7.02500E+01  2.72724E+11  1.29203E+02
 0.340  7.25000E+01  2.76062E+11  1.27958E+02
 0.350  7.42500E+01  2.69964E+11  1.25037E+02
 0.360  7.40000E+01  2.49342E+11  1.20370E+02
 0.370  7.50000E+01  2.41362E+11  1.17636E+02
 0.380  7.65000E+01  2.38680E+11  1.15827E+02
 0.390  7.80000E+01  2.35583E+11  1.13962E+02
 0.400  7.97500E+01  2.33899E+11  1.12301E+02
 0.410  8.15000E+01  2.32733E+11  1.10811E+02
 0.420  8.30000E+01  2.30517E+11  1.09282E+02
 0.430  8.45000E+01  2.27817E+11  1.07671E+02
 0.440  8.60000E+01  2.24911E+11  1.06045E+02
 0.451  8.72500E+01  2.21393E+11  1.04456E+02
 0.460  8.87500E+01  2.18935E+11  1.02993E+02
 0.470  9.00000E+01  2.17024E+11  1.01828E+02
 0.481  9.15000E+01  2.14483E+11  1.00397E+02
 0.490  9.27500E+01  2.11542E+11  9.90320E+01
 0.500  9.40000E+01  2.09333E+11  9.78565E+01
 0.510  9.55000E+01  2.07651E+11  9.66940E+01
 0.520  9.67500E+01  2.06042E+11  9.56944E+01
 0.530  9.82500E+01  2.04532E+11  9.46124E+01
 0.540  9.95000E+01  2.03184E+11  9.37059E+01
 0.551  1.01000E+02  2.01833E+11  9.26979E+01
 0.560  1.02250E+02  2.00965E+11  9.19311E+01
