  47
 0.100   0.750  1.89142E-01  1.91031E-01  1.56331E-01
 0.110   1.000  8.01612E-01  9.49110E-01  5.41978E-01
 0.120   1.000  8.38679E-01  7.81599E-01  9.97082E-01
 0.130   1.000  4.54655E+00  4.76259E+00  3.62498E+00
 0.140   1.128  3.62792E+00  3.58586E+00  3.76186E+00
 0.150   1.000  4.42880E+00  4.09133E+00  4.88005E+00
 0.160   1.000  5.45021E+00  5.63161E+00  5.07129E+00
 0.170   1.118  6.23991E+00  5.77245E+00  6.31132E+00
 0.180   3.351  5.93706E+00  6.01157E+00  5.66804E+00
 0.190   2.466  1.22569E+01  1.27959E+01  1.11614E+01
 0.200   3.083  2.45521E+01  2.44470E+01  2.43569E+01
 0.210   3.686  1.88244E+01  1.76558E+01  2.21802E+01
 0.220   4.007  1.69627E+01  1.74049E+01  1.66668E+01
 0.230   3.459  1.34904E+01  1.34522E+01  1.51270E+01
 0.240   3.478  9.47412E+00  9.15539E+00  1.02255E+01
 0.250   3.855  8.11682E+00  7.78056E+00  9.71712E+00
 0.260   4.127  8.02025E+00  8.04079E+00  7.88558E+00
 0.270   4.492  4.72452E+00  4.48310E+00  5.47113E+00
 0.280   4.813  3.03302E+00  2.91786E+00  3.48891E+00
 0.290   5.578  3.28623E+00  3.22525E+00  3.30279E+00
 0.300   4.943  3.25978E+00  3.25898E+00  3.25588E+00
 0.310   5.156  3.69977E+00  3.89327E+00  3.43831E+00
 0.320   5.298  4.47542E+00  4.39808E+00  4.52006E+00
 0.330   6.769  3.76964E+00  3.45523E+00  4.17584E+00
 0.340   6.823  2.54207E+00  2.53807E+00  2.67385E+00
 0.350   5.895  2.63234E+00  2.60445E+00  2.64696E+00
 0.360   6.016  2.05543E+00  1.92148E+00  2.41512E+00
 0.370   6.857  1.66866E+00  1.61383E+00  1.82389E+00
 0.380   6.002  1.79753E+00  1.69953E+00  1.87035E+00
 0.390   5.888  1.63380E+00  1.62657E+00  1.51334E+00
 0.400   6.028  1.30985E+00  1.26941E+00  1.38500E+00
 0.410   6.205  7.96999E-01  7.60855E-01  8.43718E-01
 0.420   5.625  5.95790E-01  5.76563E-01  5.89367E-01
 0.430   6.273  5.42656E-01  5.05739E-01  6.06402E-01
 0.440   5.644  4.16982E-01  3.85617E-01  4.86551E-01
 0.451   5.851  2.23267E-01  2.12878E-01  2.47691E-01
 0.460   5.992  1.71638E-01  1.62086E-01  1.88037E-01
 0.470   5.803  1.08967E-01  1.00055E-01  1.27229E-01
 0.481   5.995  1.22436E-01  1.22808E-01  1.20976E-01
 0.490   5.962  1.12287E-01  1.17905E-01  1.05880E-01
 0.500   5.946  1.04095E-01  1.01256E-01  1.02208E-01
 0.510   5.965  8.83338E-02  8.42351E-02  9.12691E-02
 0.520   5.931  6.58349E-02  6.48376E-02  7.18431E-02
 0.530   6.050  7.46761E-02  7.72518E-02  6.96302E-02
 0.540   5.917  6.65941E-02  6.46370E-02  6.90820E-02
 0.551   5.895  6.29082E-02  6.17666E-02  6.38594E-02
 0.560   6.062  6.81308E-02  6.74762E-02  6.83519E-02
