  47
 0.100  2.27527E-02  1.27876E-01  7.62169E-02  2.56837E+01 -9.27124E+00 -2.89878E+00   0.713  1.31985E+07  1.84338E+07  1.24503E+07  0.00000E+00  2.54569E+08  1.05116E-01  1.47446E+02   7.790   7.537
 0.110  2.66378E-01  5.33058E-02 -4.47566E-02  3.64963E-01  1.46456E+01 -1.20130E+01   1.000  6.89025E+07  7.24013E+07  1.81045E+07  2.94706E+06  4.55515E+08  5.42656E-02  1.83512E+02   7.374   7.498
 0.120  3.10258E-01  1.28970E-01 -2.44501E-01  4.29141E+00  2.21126E+00 -3.44605E-01   1.169  9.61223E+07  1.30063E+08  6.42016E+07  1.29175E+07  7.36855E+08  4.49760E-01  1.29695E+02   7.908   7.714
 0.130 -6.02018E-02  1.53268E-01 -2.60960E-01 -8.15008E+01  1.47196E+01  2.07649E+01   1.408  1.00144E+08  1.30319E+08  1.08856E+08  3.05751E+07  9.93336E+08  2.13826E-01  1.75400E+02   7.723   7.809
 0.140 -1.72234E-01  3.14830E-01 -2.91297E-01  1.74279E+01 -3.27517E+00 -2.48261E+01   1.588  1.55861E+08  1.89624E+08  1.51426E+08  4.18098E+07  1.22779E+09  4.46309E-01  2.16181E+02   7.802   7.812
 0.150  9.92524E-03  5.20406E-02  1.42019E-01 -1.80739E+01 -2.47510E+00 -5.67284E+00   1.637  2.39779E+08  3.85165E+08  3.23563E+08  6.98994E+07  1.45010E+09  1.67607E+00  1.82845E+02   8.226   8.028
 0.160  3.19655E-03  5.38005E-03  1.32732E-02  8.80410E-02  3.03590E+00  6.18559E+00   1.053  2.98461E+08  5.65995E+08  5.69186E+08  6.35079E+07  1.10383E+09  3.71507E+00  1.68121E+02   8.440   8.276
 0.170  4.40750E-02  2.56166E-02  8.29237E-02 -2.65617E+00  4.48411E+00 -7.14006E+00   1.726  3.34207E+08  5.37630E+08  8.95410E+08  1.45729E+08  2.04138E+09  2.33020E+00  2.29919E+02   8.419   8.397
 0.180 -4.78441E-03 -4.88209E-02  1.75484E-01 -8.55986E+00  3.32597E+00 -8.55456E+00   1.928  5.13960E+08  7.60546E+08  1.19305E+09  1.73263E+08  2.63706E+09  2.90763E+00  2.79635E+02   8.317   8.442
 0.190  2.00074E-02  4.98204E-03 -1.71953E-02 -5.05978E-01  4.22392E+00 -3.17442E+00   1.683  3.81679E+08  8.04368E+08  1.63719E+09  1.70713E+08  2.45200E+09  4.20676E+00  2.95286E+02   8.567   8.483
 0.200  2.57803E-01  8.67073E-05 -2.12554E-01 -1.17580E+01  2.42771E+01 -3.66519E+01   2.853  1.18446E+09  1.57544E+09  2.36387E+09  4.06692E+08  6.02669E+09  4.77235E+00  3.47289E+02   8.245   8.479
 0.210  1.60070E-01 -6.17216E-02  1.34119E-02 -7.85510E+00  6.39889E+00 -1.84358E+01   3.844  1.62662E+09  2.63805E+09  3.72214E+09  4.96849E+08  1.04595E+10  1.30624E+01  3.26816E+02   8.395   8.464
 0.220  3.84354E-03 -2.33458E-02  3.66679E-02  1.04150E+01 -4.79317E+00 -1.13352E+01   1.969  6.12310E+08  1.30869E+09  4.15977E+09  2.74938E+08  4.14544E+09  6.86260E+00  3.64561E+02   8.719   8.576
 0.230 -6.98713E-02 -3.92282E-02  2.48414E-02 -9.57205E-02  1.23640E+00 -2.34365E+00   3.668  1.21578E+09  1.95264E+09  6.76134E+09  1.86582E+09  1.02800E+10  7.59687E+00  4.36144E+02   8.536   8.583
 0.240  1.29838E-01  6.94800E-02 -3.29450E-02  1.29258E+01  5.84553E+00 -6.48466E+00   3.712  1.06273E+09  1.48651E+09  7.29152E+09  1.87965E+09  1.08005E+10  4.44322E+00  5.26265E+02   8.514   8.603
 0.250  5.70296E-01 -7.66197E-02 -9.69289E-02  1.80620E+01 -1.13245E+01 -2.41486E+01   4.515  1.68390E+09  1.91527E+09  7.83158E+09  2.05096E+09  1.36434E+10  4.05530E+00  6.27166E+02   8.356   8.601
 0.260  3.38590E-01  1.63542E-01 -1.81786E-01 -2.22256E+00 -1.60363E+01 -1.81570E+01   4.794  1.38458E+09  1.66685E+09  8.33546E+09  2.11390E+09  1.51651E+10  4.27594E+00  7.19045E+02   8.459   8.597
 0.270  7.51712E-01 -3.80839E-01 -4.25810E-01  2.02907E+01 -1.40666E+01 -1.62801E+01   5.327  1.46605E+09  1.66578E+09  8.89672E+09  2.28538E+09  1.70438E+10  3.77212E+00  8.10223E+02   8.465   8.592
 0.280 -3.82829E-01 -3.50242E-01  2.19048E-01  2.75514E+01 -4.70663E+01 -4.30823E+01   5.650  1.77837E+09  1.91068E+09  9.28304E+09  2.39623E+09  1.85545E+10  3.46866E+00  9.13068E+02   8.419   8.589
 0.290  2.02899E-01 -3.15552E-01 -2.07952E-01  8.42365E+00 -3.04426E+01 -3.01088E+01   5.950  1.71009E+09  1.82464E+09  9.60626E+09  2.43617E+09  1.98186E+10  3.18834E+00  1.02063E+03   8.418   8.587
 0.300 -2.52738E-01 -5.25046E-01 -5.52271E-02  1.05707E+01 -3.96520E+01 -3.23349E+01   7.092  2.55276E+09  2.78857E+09  1.05623E+10  2.83728E+09  2.36993E+10  5.32520E+00  1.07287E+03   8.419   8.572
 0.310 -9.45671E-01 -5.58856E-02  3.79120E-01 -1.32430E+01 -4.79699E+01 -3.29395E+01   7.991  2.58590E+09  2.63569E+09  1.11355E+10  2.96079E+09  2.90321E+10  3.26646E+00  1.17060E+03   8.432   8.567
 0.320  7.68917E-01 -4.61214E-01 -3.59449E-01  5.15473E+01 -1.75371E+01 -1.33198E+02   7.222  3.68891E+09  3.93125E+09  1.46893E+10  5.89718E+09  3.88495E+10  7.14398E+00  1.20521E+03   8.413   8.543
 0.330 -8.79931E-01 -1.47924E-01  4.32402E-01 -5.30741E+00 -6.40256E+01 -1.44554E+01   6.239  2.82991E+09  3.31903E+09  1.14445E+10  2.48327E+09  2.18903E+10  6.82497E+00  1.34895E+03   8.471   8.592
 0.340  4.66668E-01  8.48200E-02 -2.00574E-01 -6.52736E+00  7.41014E+00  1.47962E+01   5.002  3.04070E+09  3.89446E+09  1.40296E+10  4.24439E+09  2.02371E+10  1.41412E+01  1.34498E+03   8.503   8.597
 0.350  3.83946E-01 -7.32733E-01 -1.90027E-01  3.16651E+01 -8.65691E+00 -1.35573E+01   6.843  2.95488E+09  3.52965E+09  1.72323E+10  5.13620E+09  2.92097E+10  8.43108E+00  1.32826E+03   8.588   8.591
 0.360 -2.78671E-01  6.93553E-02  1.36893E-01 -8.28517E-01 -2.69890E+01  1.22999E+00   6.788  2.44721E+09  2.91472E+09  1.80242E+10  5.06406E+09  2.87252E+10  6.62407E+00  1.41081E+03   8.641   8.602
 0.370 -2.69715E-01 -1.85709E-01 -2.21898E-03  5.23330E+00 -3.50817E+01 -3.70487E+00   7.288  2.23737E+09  2.54588E+09  1.88370E+10  5.22412E+09  3.06109E+10  5.37922E+00  1.51195E+03   8.664   8.605
 0.380  1.16862E-01 -1.89093E-01 -2.24265E-02  8.80808E+00 -3.58676E+01 -2.20329E+00   7.134  2.11446E+09  2.29952E+09  1.92003E+10  5.29290E+09  3.05644E+10  4.10770E+00  1.63061E+03   8.690   8.609
 0.390  1.84907E-02 -1.37381E-03 -1.42322E-02  1.09085E+01 -4.51654E+01 -1.02733E+00   6.885  1.50137E+09  1.67391E+09  1.92891E+10  5.17169E+09  2.95689E+10  3.46583E+00  1.75787E+03   8.734   8.617
 0.400 -9.23989E-02  6.85754E-03 -6.17006E-02 -4.49663E+00 -5.19598E+01 -2.36411E+00   6.722  1.24932E+09  1.35554E+09  1.93659E+10  5.12209E+09  2.85913E+10  2.55024E+00  1.88179E+03   8.755   8.621
 0.410  4.02960E-01 -5.92084E-01 -1.74824E-01  6.43087E+00 -2.08264E+01 -7.37038E+00   6.826  1.25094E+09  1.30905E+09  1.95424E+10  5.09243E+09  2.89079E+10  1.93058E+00  2.01535E+03   8.742   8.624
 0.420  3.13661E-01 -2.24204E-01 -2.35936E-02  1.73230E+00  5.48235E+00  1.63933E+00   6.205  1.22014E+09  1.29615E+09  1.91612E+10  4.83800E+09  2.63522E+10  1.99121E+00  2.16062E+03   8.748   8.630
 0.430 -2.88463E-02  4.18591E-02 -3.72191E-03  1.08603E+01 -9.85571E+00 -5.20759E+00   6.819  1.15158E+09  1.16531E+09  1.98984E+10  5.16343E+09  2.87647E+10  1.36367E+00  2.28960E+03   8.756   8.627
 0.440 -1.41743E-01  1.45928E-01  1.21418E-01 -7.43349E+00 -2.81893E+01 -2.45850E+00   7.170  1.14361E+09  1.15466E+09  2.01899E+10  5.28250E+09  3.06809E+10  1.21411E+00  2.44370E+03   8.740   8.627
 0.450  2.37217E-01  7.24125E-01  1.95019E-01 -2.90057E+01 -8.62209E+00  4.25566E+00   7.130  1.13604E+09  1.14830E+09  2.01223E+10  5.21726E+09  3.05207E+10  9.97900E-01  2.58190E+03   8.719   8.629
 0.460  2.40017E-01 -6.51899E-02  5.82771E-02 -1.20476E+01  4.08090E-01  6.32074E+00   6.650  1.32075E+09  1.31962E+09  1.97517E+10  4.96958E+09  2.80722E+10  1.19414E+00  2.75119E+03   8.660   8.634
 0.470 -5.22249E-01  1.31403E-02 -1.51920E-02 -3.28178E+01 -1.53732E+01 -1.54097E+01   5.725  1.38749E+09  1.48933E+09  1.86697E+10  4.52091E+09  2.39267E+10  2.76753E+00  2.90946E+03   8.613   8.643
 0.480 -1.46821E-01  2.86312E-02  4.20565E-02  2.72772E-01 -1.11241E+01  1.50534E+00   4.116  1.02105E+09  1.31019E+09  1.62537E+10  3.65004E+09  1.63570E+10  4.49601E+00  3.09022E+03   8.675   8.665
 0.490  3.39792E-02  7.61184E-02  3.65639E-02 -8.55963E+00  1.20397E+01  1.89419E+00   2.846  7.40491E+08  1.05681E+09  1.33958E+10  2.75374E+09  1.03481E+10  4.58599E+00  3.28170E+03   8.722   8.697
 0.500  6.83812E-02 -1.31951E-03  1.21407E-02  4.42745E+00  4.93065E+00  2.33554E-01   1.333  3.35751E+08  6.14080E+08  9.18654E+09  1.48788E+09  3.94092E+09  3.46907E+00  3.48093E+03   8.834   8.761
 0.510 -1.38491E-01 -1.43597E-01  2.11238E-02 -5.13021E+00 -1.59585E+01 -4.77355E+00   5.881  3.94642E+08  4.81524E+08  2.09635E+10  5.01440E+09  2.51513E+10  1.53970E+00  3.26209E+03   8.604   8.657
 0.520 -1.18379E+00 -1.38990E+00 -6.92703E-02 -6.24722E+01  8.22788E+00 -1.77619E+01  10.761  5.68148E+08  5.25935E+08  2.41584E+10  6.72450E+09  4.77078E+10  1.04350E+00  3.40320E+03   8.339   8.635
 0.530  2.28260E-01 -8.09544E-01  4.47040E-01 -2.89262E+01 -6.43614E+01 -3.14542E+01  11.274  6.28675E+08  5.44301E+08  2.43155E+10  6.84028E+09  5.03942E+10  5.75485E-01  3.55139E+03   8.173   8.636
 0.541 -1.12438E+00 -2.93906E+00 -1.60064E-01 -5.23567E+01 -3.27659E+01 -2.52645E+01  14.131  1.05537E+09  9.41588E+08  2.47471E+10  7.23643E+09  6.32770E+10  3.34914E-01  3.74583E+03   7.967   8.632
 0.550 -3.05804E+00 -1.17053E+00 -2.12113E+00 -2.48360E+01  2.76440E+01 -4.45304E+01  12.656  1.05081E+09  9.52302E+08  2.45261E+10  7.04682E+09  5.64636E+10  2.05709E-01  3.89330E+03   7.864   8.635
 0.560  2.63454E+00 -4.82062E-01  2.18935E+00 -1.80572E+01 -7.44016E+01  1.84089E+01  13.012  1.68325E+09  1.53230E+09  2.45131E+10  7.05010E+09  5.78331E+10  1.67527E-01  4.06032E+03   7.790   8.635
