  47
 0.100        29543 -0.15847E-01 -0.78384E-02  0.30672E-02 -0.40909E+01 -0.12141E+02  0.36813E+02  0.20062E+00  0.88904E+00 -0.41154E+00   0.713   0.548
 0.110        18464  0.88083E-02  0.31860E-02  0.11245E-02  0.34169E+02 -0.28572E+02 -0.90430E+01 -0.47333E+00  0.66346E+00  0.57946E+00   1.000   0.787
 0.120        59980  0.14329E-02 -0.12282E-02 -0.49127E-02 -0.19105E+02  0.71685E+01 -0.26128E+02 -0.78212E-03  0.29563E+00  0.95530E+00   1.169   0.772
 0.130        79539 -0.37725E-02  0.31068E-02 -0.22191E-02 -0.94948E+01  0.93683E+01  0.17980E+02  0.40043E+00  0.67693E+00  0.61759E+00   1.408   1.037
 0.140        79556 -0.47738E-03 -0.90702E-02  0.33417E-02  0.26076E+02 -0.30045E+02 -0.13956E+02 -0.60458E+00 -0.70991E+00  0.36126E+00   1.588   1.277
 0.150        36914  0.56378E-02  0.30752E-02  0.00000E+00  0.95474E+02  0.47780E+02  0.19348E+02  0.11618E+00 -0.88309E+00  0.45459E+00   1.637   0.816
 0.160       113583  0.10922E-02  0.54610E-03 -0.54610E-03  0.52416E+02  0.46428E+02  0.10941E+03  0.40515E+00 -0.91153E+00 -0.70422E-01   1.053   0.500
 0.170       185228 -0.28978E-03  0.57956E-03 -0.57956E-03 -0.49046E+02 -0.68978E+02  0.57738E+02  0.61813E+00 -0.78428E+00  0.53201E-01   1.726   0.500
 0.180       209759 -0.33775E-02  0.92115E-03  0.12282E-02  0.76448E+02 -0.20482E+03  0.61279E+02  0.27053E+00 -0.87669E+00 -0.39778E+00   1.928   0.605
 0.190       174538 -0.12950E-02  0.97128E-03 -0.12950E-02 -0.19601E+02 -0.84370E+02  0.11593E+03  0.14616E+00 -0.14810E+00 -0.97811E+00   1.683   0.753
 0.200       183844 -0.23859E-02 -0.34085E-03  0.00000E+00  0.56210E+01  0.80472E+02 -0.21951E+03  0.25902E+00  0.96324E+00  0.71193E-01   2.853   0.906
 0.210       214057 -0.17922E-02  0.35843E-03 -0.14337E-02  0.97634E+01 -0.66083E+01  0.76174E+02  0.23681E+00  0.84037E+00  0.48755E+00   3.844   1.345
 0.220       173087  0.75021E-03 -0.37511E-03  0.00000E+00 -0.33227E+03  0.33512E+03  0.76386E+02  0.75292E+00  0.58408E+00  0.30325E+00   1.969   0.528
 0.230       393826 -0.11752E-02 -0.78344E-03  0.78344E-03  0.17220E+03 -0.52723E+02 -0.36615E+03  0.26269E+00 -0.20970E+00  0.94182E+00   3.668   1.292
 0.240       344201 -0.40915E-03  0.24549E-02 -0.16366E-02 -0.14260E+03  0.66407E+02  0.10017E+03  0.31553E+00 -0.13577E+00  0.93915E+00   3.712   0.858
 0.250       176070  0.25561E-02  0.00000E+00 -0.17040E-02  0.14837E+03  0.21257E+03  0.45654E+03  0.43424E+00 -0.29653E+00  0.85059E+00   4.515   1.239
 0.260       185315  0.13292E-02  0.00000E+00  0.00000E+00 -0.11887E+03 -0.10040E+03  0.27644E+03  0.42924E+00 -0.36621E+00  0.82562E+00   4.794   1.009
 0.270       796306 -0.13810E-02  0.92068E-03  0.00000E+00  0.21881E+03 -0.19042E+03  0.40775E+02  0.31779E+00 -0.45462E+00  0.83206E+00   5.327   0.787
 0.280       303686 -0.47750E-03  0.00000E+00  0.28650E-02 -0.15435E+03 -0.21926E+03  0.66692E+02  0.38608E+00 -0.41573E+00  0.82347E+00   5.650   1.159
 0.290       250498 -0.14847E-02 -0.98982E-03  0.39593E-02 -0.20697E+02 -0.40139E+03  0.18868E+02  0.32323E+00 -0.40539E+00  0.85509E+00   5.950   1.145
 0.300       992265  0.15333E-02 -0.20444E-02 -0.10222E-02 -0.14235E+03 -0.25095E+03  0.95430E+02  0.36179E+00 -0.47565E+00  0.80178E+00   7.092   1.144
 0.310       522756  0.00000E+00 -0.10570E-02 -0.31710E-02  0.30704E+03  0.92237E+01 -0.21563E+03  0.31433E+00 -0.47599E+00  0.82136E+00   7.991   1.411
 0.320       111690  0.54513E-03  0.21805E-02  0.00000E+00 -0.23749E+03  0.26238E+03 -0.20307E+03  0.29992E+00  0.12942E+00  0.94515E+00   7.222   3.948
 0.330       170452  0.56251E-03  0.00000E+00  0.00000E+00  0.72928E+02  0.46083E+03  0.90920E+02  0.21070E+00 -0.68687E-01  0.97513E+00   6.239   1.837
 0.340      1353973  0.23161E-02  0.00000E+00  0.00000E+00  0.21104E+02  0.18041E+03  0.49067E+03  0.11715E+00 -0.92516E-01  0.98880E+00   5.002   1.354
 0.350       137638  0.00000E+00  0.00000E+00  0.00000E+00 -0.11669E+03  0.40923E+02 -0.28616E+03  0.18134E+00 -0.53865E-01  0.98194E+00   6.843   1.308
 0.360       131844  0.18418E-02  0.00000E+00 -0.12279E-02  0.52570E+02  0.31189E+03 -0.50349E+02  0.23081E+00 -0.74987E-01  0.97011E+00   6.788   1.185
 0.370       550962  0.00000E+00  0.25251E-02  0.00000E+00  0.79938E+00 -0.25333E+03 -0.19262E+03  0.19710E+00 -0.34939E-01  0.97976E+00   7.288   1.259
 0.380      1923387 -0.64842E-03  0.00000E+00 -0.25937E-02 -0.94996E+02  0.28078E+03 -0.28796E+03  0.17010E+00 -0.38973E-01  0.98466E+00   7.134   0.823
 0.390      1595666 -0.19961E-02  0.00000E+00  0.00000E+00  0.81633E+02  0.11863E+03 -0.12819E+03  0.17276E+00 -0.56222E-01  0.98336E+00   6.885   0.971
 0.400       393615  0.68170E-03  0.00000E+00  0.00000E+00  0.11932E+02  0.10657E+03 -0.19473E+02  0.13095E+00 -0.79611E-01  0.98819E+00   6.722   0.792
 0.410      1904129  0.69882E-03 -0.27953E-02  0.00000E+00  0.60655E+00  0.14404E+03  0.15812E+03  0.16770E+00 -0.13321E+00  0.97680E+00   6.826   0.769
 0.420       553714  0.71545E-03  0.00000E+00 -0.14309E-02  0.36387E+03  0.42617E+02  0.12835E+03  0.11312E+00 -0.13488E+00  0.98438E+00   6.205   0.560
 0.430      2648445  0.00000E+00  0.14651E-02  0.00000E+00 -0.84012E+02  0.25917E+03  0.14265E+03  0.53960E-01 -0.87000E-01  0.99475E+00   6.819   0.631
 0.440      2826322  0.00000E+00  0.00000E+00  0.00000E+00  0.67376E+02  0.59675E+02 -0.18289E+03  0.73198E-01 -0.11558E+00  0.99060E+00   7.170   0.833
 0.450       416687 -0.22992E-02  0.30656E-02  0.00000E+00  0.57326E+02 -0.11520E+03 -0.10095E+03  0.52168E-01 -0.15706E+00  0.98621E+00   7.130   0.736
 0.460       215987  0.78502E-03  0.00000E+00 -0.15700E-02 -0.21925E+03 -0.70831E+02  0.36932E+03 -0.56961E-02 -0.27143E+00  0.96244E+00   6.650   0.985
 0.470       472211 -0.80046E-03  0.00000E+00  0.16009E-02  0.90133E+02  0.60726E+03 -0.24090E+03 -0.12970E+00 -0.26655E+00  0.95505E+00   5.725   0.781
 0.480      2623646  0.16356E-02  0.00000E+00  0.00000E+00  0.21752E+02  0.28039E+03 -0.15504E+03 -0.11967E+00 -0.64736E-01  0.99070E+00   4.116   0.639
 0.490      3099522  0.83475E-03 -0.33390E-02  0.00000E+00  0.31174E+03 -0.85447E+02  0.31211E+03 -0.75757E-02 -0.17129E+00  0.98519E+00   2.846   0.500
 0.500       548397 -0.25587E-02  0.00000E+00  0.00000E+00  0.44291E+03 -0.37113E+02  0.11591E+03 -0.79519E-01 -0.12229E+00  0.98930E+00   1.333   0.500
 0.510       624029 -0.26086E-02  0.00000E+00  0.00000E+00 -0.79096E+02  0.14790E+03 -0.95295E+02  0.82551E-02 -0.18032E+00 -0.98357E+00   5.881   0.758
 0.520       194188 -0.88689E-03 -0.17738E-02 -0.17738E-02 -0.23861E+03 -0.11772E+03 -0.78154E+02  0.26633E+00 -0.85369E-01 -0.96009E+00  10.761   2.590
 0.530      1959947 -0.18053E-02 -0.18053E-02  0.00000E+00  0.29870E+03  0.33986E+03  0.16135E+03  0.49462E+00 -0.32956E+00 -0.80421E+00  11.274   2.982
 0.541      3634580  0.92177E-03 -0.18435E-02  0.00000E+00 -0.13185E+02  0.59857E+02  0.65264E+02  0.57230E+00 -0.33897E+00 -0.74670E+00  14.131   2.912
 0.550      1825694  0.93751E-03  0.00000E+00  0.37500E-02 -0.19475E+03  0.25349E+03 -0.33936E+03  0.62873E+00 -0.36227E+00 -0.68808E+00  12.656   1.468
 0.560       191867  0.95463E-03  0.19093E-02 -0.19093E-02  0.23097E+03 -0.25254E+03  0.32111E+03  0.63038E+00 -0.32913E+00 -0.70306E+00  13.012   1.836
