  47
 0.100  2.82109E+07  1.46589E+07  1.69383E+07  2.58427E+07  7.86284E+06  4.29908E+08  1.26633E-01
 0.110  6.89025E+07  1.81045E+07  2.14189E+07  6.76927E+07  4.70858E+06  4.55515E+08  5.42656E-02
 0.120  7.38845E+07  5.64593E+07  6.54537E+07  7.04886E+07  3.44957E+07  5.65922E+08  3.95917E-01
 0.130  5.04563E+07  7.99497E+07  9.53120E+07  4.89787E+07  2.58764E+07  5.60601E+08  1.34641E-01
 0.140  4.57932E+07  1.01935E+08  1.23044E+08  4.38018E+07  2.27782E+07  5.66089E+08  2.39649E-01
 0.150  1.25625E+08  2.42427E+08  2.84825E+08  1.21048E+08  1.35218E+08  6.92376E+08  1.47672E+00
 0.160  2.90825E+08  5.58683E+08  6.55002E+08  2.84248E+08  2.72364E+08  1.02759E+09  3.68828E+00
 0.170  2.40244E+08  7.78838E+08  9.34142E+08  2.35473E+08  2.02782E+08  1.06209E+09  2.19443E+00
 0.180  3.45210E+08  1.00352E+09  1.22088E+09  3.38557E+08  2.14045E+08  1.22172E+09  2.28061E+00
 0.190  2.68956E+08  1.46663E+09  1.78578E+09  2.64012E+08  4.05610E+08  1.36704E+09  3.92645E+00
 0.200  4.49186E+08  1.88569E+09  2.31906E+09  4.42213E+08  3.63847E+08  1.69718E+09  3.62317E+00
 0.210  8.11920E+08  2.92916E+09  3.57070E+09  7.99785E+08  8.69560E+08  2.09267E+09  1.04537E+01
 0.220  4.50589E+08  3.74268E+09  4.61572E+09  4.44295E+08  6.85332E+08  2.07654E+09  6.58135E+00
 0.230  3.36540E+08  5.03958E+09  6.29309E+09  3.32040E+08  6.48459E+08  2.35946E+09  5.66868E+00
 0.240  1.69323E+08  5.25947E+09  6.68237E+09  1.66094E+08  2.56965E+08  2.35822E+09  2.17043E+00
 0.250  1.15978E+08  5.35559E+09  6.89967E+09  1.13611E+08  1.19829E+08  2.38582E+09  1.21571E+00
 0.260  1.19047E+08  5.35149E+09  6.97212E+09  1.16786E+08  7.07364E+07  2.35581E+09  8.03570E-01
 0.270  1.01849E+08  5.39049E+09  7.07795E+09  9.97308E+07  9.05064E+07  2.36204E+09  8.77744E-01
 0.280  7.48535E+07  5.43340E+09  7.19000E+09  7.30704E+07  5.11085E+07  2.38100E+09  5.74580E-01
 0.290  8.39197E+07  5.43762E+09  7.24154E+09  8.19115E+07  5.23968E+07  2.37709E+09  6.70279E-01
 0.300  6.05817E+07  5.45497E+09  7.30441E+09  5.91540E+07  3.80388E+07  2.36603E+09  3.99478E-01
 0.310  4.43349E+07  5.44162E+09  7.32649E+09  4.31743E+07  2.90334E+07  2.34982E+09  3.26047E-01
 0.320  1.02106E+08  5.47516E+09  7.40141E+09  9.93729E+07  3.97174E+07  2.53563E+09  5.76597E-01
 0.330  1.80489E+08  5.87275E+09  7.89496E+09  1.76350E+08  2.71305E+08  2.45499E+09  2.75303E+00
 0.340  8.07912E+08  6.64164E+09  8.86325E+09  8.00520E+08  4.47028E+08  2.84607E+09  6.64604E+00
 0.350  1.72426E+08  7.39462E+09  9.83331E+09  1.69221E+08  2.92407E+08  2.71746E+09  2.70857E+00
 0.360  7.88088E+07  7.35755E+09  9.85966E+09  7.66872E+07  9.04301E+07  2.71995E+09  8.83264E-01
 0.370  5.80143E+07  7.04410E+09  9.49767E+09  5.65361E+07  3.97854E+07  2.51144E+09  4.20707E-01
 0.380  5.10735E+07  7.10761E+09  9.62518E+09  4.97802E+07  3.36415E+07  2.56340E+09  3.24692E-01
 0.390  3.56460E+07  7.15661E+09  9.72765E+09  3.42256E+07  2.69440E+07  2.60007E+09  2.96969E-01
 0.400  2.84213E+07  6.98570E+09  9.52392E+09  2.72105E+07  1.74318E+07  2.47278E+09  1.99082E-01
 0.410  3.11069E+07  7.07131E+09  9.66393E+09  2.95786E+07  1.73654E+07  2.56897E+09  2.08838E-01
 0.420  2.26189E+07  6.64550E+09  9.10278E+09  2.13103E+07  1.28618E+07  2.31025E+09  1.49101E-01
 0.430  1.93638E+07  6.98514E+09  9.59142E+09  1.82786E+07  1.07288E+07  2.49955E+09  1.26561E-01
 0.440  2.17465E+07  6.88197E+09  9.46976E+09  2.04193E+07  8.83528E+06  2.43487E+09  1.01317E-01
 0.450  3.28978E+07  6.83876E+09  9.42238E+09  3.15619E+07  1.62045E+07  2.40502E+09  1.86262E-01
 0.460  2.37202E+07  6.91316E+09  9.54125E+09  2.24288E+07  1.17988E+07  2.46505E+09  1.38353E-01
 0.470  4.46021E+07  6.93063E+09  9.56987E+09  4.26215E+07  2.69048E+07  2.48841E+09  3.66368E-01
 0.480  6.90300E+07  6.75929E+09  9.32770E+09  6.62595E+07  6.08982E+07  2.42697E+09  7.50851E-01
 0.490  1.49244E+08  6.86850E+09  9.46281E+09  1.45066E+08  1.11114E+08  2.40228E+09  1.50909E+00
 0.500  2.50882E+08  7.56990E+09  1.03829E+10  2.44561E+08  2.18924E+08  2.62143E+09  2.75297E+00
 0.510  1.18936E+08  7.85252E+09  1.07576E+10  1.15917E+08  1.52980E+08  2.64504E+09  1.44133E+00
 0.520  8.47899E+07  7.69926E+09  1.05615E+10  8.27165E+07  9.82109E+07  2.50970E+09  8.57630E-01
 0.530  4.96548E+07  8.13403E+09  1.11886E+10  4.79919E+07  4.84689E+07  2.74448E+09  5.02993E-01
 0.541  3.47540E+07  7.84113E+09  1.08125E+10  3.35927E+07  2.45630E+07  2.54287E+09  2.76680E-01
 0.550  1.62629E+07  7.72991E+09  1.06771E+10  1.53841E+07  1.96813E+07  2.54195E+09  1.91345E-01
 0.560  7.57839E+06  7.71542E+09  1.06757E+10  7.15119E+06  9.37093E+06  2.48143E+09  8.99878E-02
