  44
 0.130  1.65000E+00  8.82666E+07  7.57853E+07  8.88139E+07  8.02473E+07  4.38490E+07  1.36979E+09  4.22211E-01
 0.140  1.95000E+00  1.91512E+08  1.02078E+08  1.23186E+08  1.79495E+08  1.27919E+07  1.79163E+09  1.64600E-01
 0.150  2.25000E+00  2.70847E+08  1.76921E+08  2.10802E+08  2.52687E+08  6.47230E+07  2.60539E+09  9.30791E-01
 0.160  2.81250E+00  3.88733E+08  2.32043E+08  2.82825E+08  3.62865E+08  3.95601E+07  3.74239E+09  3.65234E-01
 0.170  3.75000E+00  6.79108E+08  4.59597E+08  5.51019E+08  6.01592E+08  1.97318E+08  7.11289E+09  2.22508E+00
 0.180  4.42500E+00  1.34957E+09  5.83036E+08  7.12998E+08  1.24236E+09  7.83033E+07  9.68262E+09  9.63262E-01
 0.190  5.21250E+00  1.88140E+09  1.27499E+09  1.52276E+09  1.69958E+09  5.63995E+08  1.44925E+10  6.49098E+00
 0.200  5.85000E+00  4.03962E+09  2.73640E+09  3.32471E+09  3.67624E+09  6.84489E+08  2.39182E+10  7.33630E+00
 0.210  6.30000E+00  3.83668E+09  3.63574E+09  4.44278E+09  3.48337E+09  8.19519E+08  2.16589E+10  8.53254E+00
 0.220  6.67500E+00  4.17845E+09  5.45525E+09  6.66516E+09  3.77193E+09  1.33080E+09  2.70097E+10  1.65623E+01
 0.230  6.86250E+00  3.08817E+09  6.90880E+09  8.53802E+09  2.77761E+09  1.18645E+09  2.82668E+10  1.32541E+01
 0.240  7.20000E+00  3.27560E+09  8.15788E+09  1.02245E+10  2.93374E+09  8.88382E+08  3.07941E+10  9.24494E+00
 0.250  7.57500E+00  4.35799E+09  1.02284E+10  1.28009E+10  3.93140E+09  1.73610E+09  3.65213E+10  2.22818E+01
 0.260  8.02500E+00  2.53566E+09  1.20002E+10  1.51797E+10  2.18354E+09  1.31204E+09  3.96170E+10  1.17275E+01
 0.270  8.43750E+00  2.99395E+09  1.25231E+10  1.60803E+10  2.61282E+09  5.28216E+08  4.11560E+10  5.66899E+00
 0.280  8.77500E+00  2.88564E+09  1.30285E+10  1.69161E+10  2.46210E+09  4.28587E+08  4.30621E+10  4.54347E+00
 0.290  9.26250E+00  4.74370E+09  1.36116E+10  1.77919E+10  4.18436E+09  5.54931E+08  4.48673E+10  7.28873E+00
 0.300  9.71250E+00  3.55795E+09  1.42348E+10  1.87066E+10  3.10339E+09  5.29811E+08  4.84769E+10  6.21753E+00
 0.310  1.02750E+01  4.40936E+09  1.47471E+10  1.95159E+10  3.96128E+09  3.72544E+08  5.37506E+10  4.07222E+00
 0.320  1.08375E+01  4.45925E+09  1.53939E+10  2.04481E+10  3.81729E+09  4.86976E+08  5.81160E+10  4.72531E+00
 0.330  1.14000E+01  4.59744E+09  1.59583E+10  2.12715E+10  4.01419E+09  4.31698E+08  6.11751E+10  4.74214E+00
 0.340  1.20750E+01  4.13796E+09  1.66092E+10  2.22014E+10  3.45292E+09  4.90036E+08  6.44034E+10  5.24384E+00
 0.350  1.27875E+01  3.95353E+09  1.70830E+10  2.29257E+10  3.28105E+09  3.39770E+08  6.95592E+10  3.29047E+00
 0.360  1.33875E+01  3.69870E+09  1.74719E+10  2.35356E+10  3.06932E+09  2.88007E+08  7.35389E+10  2.86519E+00
 0.370  1.41750E+01  4.83796E+09  1.78449E+10  2.41076E+10  4.02473E+09  3.07515E+08  7.84031E+10  3.46300E+00
 0.380  1.51125E+01  5.24757E+09  1.83480E+10  2.48283E+10  4.36355E+09  3.96267E+08  8.46168E+10  4.41798E+00
 0.390  1.57500E+01  5.62022E+09  1.90521E+10  2.57671E+10  4.70366E+09  5.97882E+08  9.02122E+10  6.46949E+00
 0.400  1.64250E+01  5.52016E+09  1.98133E+10  2.68010E+10  4.54210E+09  5.81224E+08  9.93318E+10  6.50399E+00
 0.410  1.70625E+01  4.77409E+09  2.03915E+10  2.76462E+10  3.82270E+09  3.93540E+08  1.03112E+11  4.04537E+00
 0.420  1.76250E+01  6.10069E+09  2.07300E+10  2.81813E+10  5.25691E+09  2.78595E+08  1.02697E+11  3.33806E+00
 0.430  1.84500E+01  5.45544E+09  2.16809E+10  2.94299E+10  4.30461E+09  6.11927E+08  1.10891E+11  6.63963E+00
 0.440  1.91250E+01  5.79414E+09  2.24693E+10  3.05054E+10  4.61440E+09  5.97821E+08  1.17161E+11  7.10303E+00
 0.450  1.99500E+01  4.41299E+09  2.36615E+10  3.20674E+10  3.44215E+09  8.64713E+08  1.24995E+11  8.48315E+00
 0.460  2.04000E+01  3.58101E+09  2.41415E+10  3.28311E+10  2.76079E+09  3.85983E+08  1.23858E+11  4.48000E+00
 0.470  2.07750E+01  3.20276E+09  2.44321E+10  3.33627E+10  2.53385E+09  1.69585E+08  1.28000E+11  1.48962E+00
 0.480  2.11875E+01  5.67046E+09  2.44223E+10  3.35048E+10  4.72279E+09  3.57423E+07  1.33533E+11  3.13913E-01
 0.490  2.15625E+01  9.48177E+09  2.43442E+10  3.35127E+10  8.34902E+09  5.17325E+07  1.31916E+11  5.55600E-01
 0.500  2.18250E+01  1.23797E+10  2.46347E+10  3.39393E+10  1.09060E+10  2.65522E+08  1.32742E+11  3.24548E+00
 0.510  2.21250E+01  1.36261E+10  2.52179E+10  3.47172E+10  1.21915E+10  4.45189E+08  1.36768E+11  5.36718E+00
 0.520  2.25000E+01  1.40296E+10  2.62109E+10  3.59986E+10  1.23333E+10  6.98869E+08  1.40281E+11  7.17383E+00
 0.530  2.28375E+01  1.37191E+10  2.69577E+10  3.70319E+10  1.22266E+10  5.35140E+08  1.40546E+11  6.18535E+00
 0.540  2.31750E+01  1.22302E+10  2.76549E+10  3.80287E+10  1.09762E+10  3.81970E+08  1.41420E+11  3.33247E+00
 0.550  2.35125E+01  1.19356E+10  2.83793E+10  3.90999E+10  1.06255E+10  3.50011E+08  1.43239E+11  3.57118E+00
 0.560  2.38500E+01  1.16890E+10  2.87333E+10  3.95972E+10  1.02758E+10  5.12988E+08  1.44010E+11  5.45827E+00
