  44
 0.130        25442  0.66440E-02 -0.22147E-01  0.29677E-01  0.22526E+02  0.11519E+02 -0.20070E+02 -0.34653E-01 -0.97928E+00  0.19953E+00   1.465   0.991
 0.140        16367 -0.57262E-02 -0.47719E-03 -0.30063E-01  0.34970E+02 -0.11287E+01 -0.28283E+02  0.84601E-01 -0.57790E-01  0.99474E+00   1.737   1.170
 0.150        53153 -0.22494E-01 -0.17382E-01  0.81797E-02  0.50773E+01 -0.90716E+02 -0.49443E+02 -0.40478E+00 -0.71394E-02  0.91439E+00   1.824   0.973
 0.160        17367 -0.65423E-02  0.16356E-02 -0.21808E-02  0.43285E+02  0.55008E+02 -0.12541E+02 -0.33571E+00 -0.31109E+00 -0.88911E+00   2.517   1.267
 0.170        74319 -0.81081E-02  0.17374E-02  0.46332E-02 -0.10496E+01  0.29769E+02  0.11110E+02  0.28164E+00  0.23691E+00 -0.92981E+00   3.393   2.441
 0.180        81729  0.12264E-01 -0.55186E-02 -0.11650E-01  0.23651E+02 -0.20609E+02 -0.40976E+02  0.43744E+00  0.72324E+00 -0.53439E+00   4.001   2.650
 0.190       172638 -0.64759E-03 -0.32380E-02  0.45332E-02 -0.46486E+02 -0.52598E+01  0.12318E+02  0.17694E+00  0.64134E+00  0.74657E+00   2.696   1.844
 0.200       211625 -0.54523E-02 -0.61338E-02  0.68154E-03 -0.14158E+02  0.32083E+02  0.12239E+02 -0.21945E+00  0.82890E+00 -0.51456E+00   4.275   2.547
 0.210       209285  0.93014E-02  0.00000E+00  0.71549E-02 -0.73547E+01  0.16984E+01 -0.24613E+01 -0.64552E+00  0.37956E+00 -0.66275E+00   5.444   3.580
 0.220       353040  0.74975E-03 -0.22492E-02 -0.52482E-02  0.27221E+01  0.37354E+02  0.92747E+00  0.11941E+00  0.49487E+00 -0.86072E+00   4.631   1.804
 0.230       356605 -0.15678E-02 -0.31355E-02  0.78389E-03  0.19919E+03 -0.15571E+03  0.41530E+02  0.17131E+00  0.51162E+00 -0.84196E+00   4.630   1.794
 0.240       349419 -0.32704E-02 -0.24528E-02  0.16352E-02  0.32214E+03  0.12033E+03 -0.25710E+02 -0.26491E+00  0.54564E+00 -0.79505E+00   3.664   1.413
 0.250        87202  0.17038E-02 -0.17038E-02 -0.85191E-03  0.15115E+03  0.87850E+02 -0.54459E+02 -0.29720E+00  0.18110E+00 -0.93748E+00   4.481   1.001
 0.260       475474 -0.88562E-03 -0.17712E-02 -0.35425E-02 -0.13564E+03 -0.12616E+03  0.99855E+02 -0.72723E+00  0.17316E+00 -0.66419E+00   3.735   0.784
 0.270       675543  0.18397E-02  0.91983E-03  0.91983E-03  0.17219E+02 -0.21994E+03  0.20470E+03 -0.61280E+00  0.11240E+00 -0.78221E+00   5.399   2.099
 0.280       457977  0.95398E-03 -0.38159E-02  0.28619E-02 -0.24413E+03 -0.15576E+03  0.66801E+02 -0.44479E+00  0.40642E-02 -0.89563E+00   6.234   1.436
 0.290       597933 -0.29647E-02 -0.29647E-02  0.98824E-03 -0.34984E+02  0.78817E+02  0.12840E+03 -0.42535E+00  0.42665E-01 -0.90402E+00   7.218   2.207
 0.300       264089 -0.20436E-02  0.30654E-02 -0.10218E-02  0.20092E+03 -0.90977E+02 -0.31982E+03 -0.44248E+00  0.15708E+00 -0.88292E+00   6.933   1.802
 0.310       387605  0.21124E-02 -0.21124E-02 -0.42247E-02  0.11507E+03  0.10059E+03  0.20490E+03 -0.37487E+00 -0.15243E-01 -0.92695E+00   7.415   1.336
 0.320       438536  0.32707E-02 -0.32707E-02  0.00000E+00  0.29784E+02  0.80290E+02 -0.11238E+03 -0.32606E+00  0.63094E-01 -0.94324E+00   6.916   1.917
 0.330       413542  0.33724E-02 -0.33724E-02 -0.11241E-02 -0.10741E+03  0.29191E+02 -0.40788E+01 -0.41256E+00  0.14750E+00 -0.89891E+00   6.373   2.033
 0.340       431524  0.00000E+00  0.23170E-02  0.00000E+00 -0.31045E+02  0.10913E+02  0.36943E+02 -0.59366E+00  0.12238E+00 -0.79536E+00   5.633   1.307
 0.350       409077  0.11926E-02  0.11926E-02  0.11926E-02 -0.39052E+02  0.15444E+03  0.58694E+01 -0.47511E+00  0.22356E+00 -0.85106E+00   7.545   3.095
 0.360      1310832  0.00000E+00  0.00000E+00  0.24535E-02  0.13323E+03 -0.11919E+03  0.51996E+02 -0.57241E+00  0.27749E+00 -0.77158E+00   6.026   1.530
 0.370      1328664  0.00000E+00  0.12611E-02 -0.12611E-02 -0.43451E+02 -0.45144E+02 -0.12104E+03 -0.50784E+00  0.42241E+00 -0.75078E+00   6.327   2.336
 0.380       340652  0.25907E-02 -0.38860E-02 -0.25907E-02 -0.11306E+02 -0.81535E+02  0.30622E+02 -0.40885E+00  0.33720E+00 -0.84802E+00   6.504   2.394
 0.390      1127254  0.39858E-02 -0.26572E-02  0.00000E+00 -0.12428E+03 -0.11254E+03  0.18445E+03 -0.33593E+00  0.37650E+00 -0.86337E+00   7.090   1.833
 0.400      1488638  0.13626E-02  0.13626E-02  0.00000E+00 -0.16309E+03 -0.41572E+02  0.86207E+02 -0.42074E+00  0.41989E+00 -0.80416E+00   6.427   1.593
 0.410       460078  0.00000E+00 -0.55893E-02 -0.41920E-02 -0.43419E+02 -0.19380E+03  0.56343E+02 -0.47777E+00  0.39348E+00 -0.78543E+00   6.012   1.348
 0.420       419774 -0.28613E-02  0.28613E-02  0.28613E-02  0.46506E+02  0.39201E+02 -0.23226E+02 -0.28957E+00  0.32398E+00 -0.90066E+00   5.727   1.629
 0.430      1318917 -0.29306E-02 -0.29306E-02  0.00000E+00  0.14976E+03 -0.13505E+03 -0.94172E+02 -0.32953E+00  0.25568E+00 -0.90887E+00   5.205   1.679
 0.440       946398  0.00000E+00  0.00000E+00  0.59981E-02 -0.32936E+02 -0.45383E+02  0.59532E+02 -0.37326E+00  0.12356E+00 -0.91946E+00   4.740   1.011
 0.450       760602 -0.15338E-02  0.15338E-02  0.15338E-02 -0.12479E+02  0.13914E+02 -0.21821E+03 -0.45542E+00 -0.53295E-01 -0.88868E+00   3.637   0.604
 0.460       431524  0.15673E-02 -0.47018E-02 -0.31345E-02 -0.43283E+02  0.38489E+02  0.11268E+02 -0.61275E+00 -0.20440E+00 -0.76339E+00   3.104   0.757
 0.470      1929184  0.00000E+00  0.00000E+00 -0.32035E-02  0.13088E+02 -0.17110E+03  0.16504E+03 -0.81930E+00 -0.20901E+00  0.53391E+00  13.915   5.350
 0.480      1636914  0.32717E-02  0.32717E-02 -0.16358E-02  0.65696E+02 -0.14627E+01  0.13506E+03 -0.70456E+00 -0.16008E+00  0.69136E+00  17.614   8.139
 0.490      2223354 -0.16701E-02 -0.16701E-02 -0.16701E-02  0.96545E+01 -0.83603E+01 -0.42630E+02 -0.58855E+00 -0.21787E+00  0.77855E+00  14.744   5.528
 0.500      2239586 -0.34079E-02  0.17039E-02  0.17039E-02 -0.85963E+02  0.13874E+01  0.26865E+02 -0.49244E+00 -0.60688E-01  0.86823E+00  16.121   4.649
 0.510      2245461  0.34761E-02 -0.17381E-02  0.00000E+00  0.84584E+02 -0.88785E+02  0.47351E+02 -0.45660E+00  0.13953E+00  0.87866E+00  12.024   2.790
 0.520      2350742 -0.35422E-02 -0.17711E-02  0.17711E-02 -0.11682E+03  0.34720E+02 -0.14905E+02 -0.50897E+00  0.18847E+00  0.83990E+00  14.094   3.107
 0.530      1505793  0.00000E+00 -0.18053E-02 -0.54160E-02 -0.42559E+02 -0.19574E+03  0.12806E+03 -0.53267E+00  0.28290E+00  0.79764E+00  11.761   2.332
 0.540      2473984  0.00000E+00  0.00000E+00  0.36800E-02 -0.17836E+01  0.10325E+03  0.78401E+02 -0.57414E+00  0.23341E+00  0.78478E+00  13.121   3.324
 0.550      2341015  0.18748E-02 -0.18748E-02  0.74990E-02 -0.76102E+02  0.15391E+02 -0.49477E+02 -0.63092E+00  0.23157E+00  0.74048E+00  13.029   2.652
 0.560       433383  0.00000E+00  0.00000E+00 -0.38160E-02  0.97344E+02  0.25733E+02 -0.40596E+02 -0.59333E+00  0.16201E+00  0.78849E+00  13.128   2.414
