  44
 0.130   1.465  6.98593E+07  8.18478E+07  6.93705E+07  1.41113E+02  0.00000E+00  0.00000E+00  0.00000E+00  6.98593E+07  8.18478E+07  6.93705E+07
 0.140   1.737  9.38774E+07  1.13244E+08  9.29336E+07  2.14797E+02  1.93674E+07  2.37206E+07  1.91385E+07  7.45100E+07  8.95232E+07  7.37950E+07
 0.150   1.824  1.47865E+08  1.75725E+08  1.46473E+08  2.13033E+02  2.92864E+07  3.64377E+07  2.88475E+07  1.18578E+08  1.39287E+08  1.17625E+08
 0.160   2.517  2.18838E+08  2.66722E+08  2.16281E+08  2.81187E+02  5.41033E+07  6.76815E+07  5.31953E+07  1.64735E+08  1.99040E+08  1.63085E+08
 0.170   3.393  4.40267E+08  5.28248E+08  4.36094E+08  2.48104E+02  8.80007E+07  1.11097E+08  8.63042E+07  3.52266E+08  4.17151E+08  3.49790E+08
 0.180   4.001  5.52623E+08  6.76895E+08  5.46387E+08  3.12983E+02  1.41680E+08  1.77894E+08  1.39114E+08  4.10943E+08  4.99001E+08  4.07273E+08
 0.190   2.696  9.64377E+08  1.15047E+09  9.56472E+08  2.49428E+02  1.31962E+08  1.67714E+08  1.29201E+08  8.32414E+08  9.82752E+08  8.27271E+08
 0.200   4.275  2.19146E+09  2.66106E+09  2.17348E+09  2.77918E+02  7.49288E+08  9.40795E+08  7.39542E+08  1.44217E+09  1.72026E+09  1.43394E+09
 0.210   5.444  3.28475E+09  4.02245E+09  3.25668E+09  3.10406E+02  1.14038E+09  1.44099E+09  1.12501E+09  2.14437E+09  2.58146E+09  2.13167E+09
 0.220   4.631  4.72588E+09  5.76287E+09  4.68736E+09  3.14620E+02  1.27846E+09  1.63192E+09  1.25874E+09  3.44742E+09  4.13094E+09  3.42862E+09
 0.230   4.630  6.11395E+09  7.53844E+09  6.06119E+09  3.53058E+02  1.34416E+09  1.73319E+09  1.32038E+09  4.76979E+09  5.80525E+09  4.74081E+09
 0.240   3.664  6.66024E+09  8.31517E+09  6.59581E+09  4.12903E+02  1.19418E+09  1.55610E+09  1.16923E+09  5.46607E+09  6.75906E+09  5.42658E+09
 0.250   4.481  9.04831E+09  1.13017E+10  8.95487E+09  4.54514E+02  1.59630E+09  2.08936E+09  1.56061E+09  7.45201E+09  9.21235E+09  7.39426E+09
 0.260   3.735  1.01250E+10  1.27543E+10  1.00160E+10  4.95297E+02  1.42980E+09  1.88075E+09  1.39391E+09  8.69521E+09  1.08736E+10  8.62209E+09
 0.270   5.399  1.15127E+10  1.47576E+10  1.13633E+10  6.14230E+02  1.97932E+09  2.61296E+09  1.92774E+09  9.53336E+09  1.21446E+10  9.43561E+09
 0.280   6.234  1.23012E+10  1.59569E+10  1.21163E+10  7.31057E+02  2.26750E+09  3.01201E+09  2.20348E+09  1.00337E+10  1.29449E+10  9.91284E+09
 0.290   7.218  1.30622E+10  1.70720E+10  1.28408E+10  8.42182E+02  2.52102E+09  3.36531E+09  2.44435E+09  1.05412E+10  1.37067E+10  1.03965E+10
 0.300   6.933  1.34399E+10  1.76521E+10  1.31908E+10  9.33290E+02  2.40849E+09  3.22985E+09  2.32821E+09  1.10314E+10  1.44223E+10  1.08626E+10
 0.310   7.415  1.40642E+10  1.86007E+10  1.37752E+10  1.04715E+03  2.59163E+09  3.48876E+09  2.49956E+09  1.14725E+10  1.51119E+10  1.12756E+10
 0.320   6.916  1.43687E+10  1.90736E+10  1.40487E+10  1.14313E+03  2.45432E+09  3.31746E+09  2.35944E+09  1.19143E+10  1.57562E+10  1.16893E+10
 0.330   6.373  1.45581E+10  1.93872E+10  1.42037E+10  1.24181E+03  2.30501E+09  3.12497E+09  2.20871E+09  1.22531E+10  1.62623E+10  1.19950E+10
 0.340   5.633  1.45834E+10  1.94755E+10  1.42002E+10  1.33893E+03  2.09024E+09  2.84056E+09  1.99580E+09  1.24931E+10  1.66350E+10  1.22044E+10
 0.350   7.545  1.60536E+10  2.15259E+10  1.55993E+10  1.45151E+03  2.69929E+09  3.67298E+09  2.57833E+09  1.33543E+10  1.78529E+10  1.30209E+10
 0.360   6.026  1.55495E+10  2.09203E+10  1.50741E+10  1.56248E+03  2.25660E+09  3.07846E+09  2.14543E+09  1.32929E+10  1.78419E+10  1.29287E+10
 0.370   6.327  1.57154E+10  2.12064E+10  1.51987E+10  1.68028E+03  2.24536E+09  3.06860E+09  2.12920E+09  1.34701E+10  1.81378E+10  1.30695E+10
 0.380   6.504  1.64427E+10  2.22228E+10  1.58697E+10  1.78798E+03  2.40618E+09  3.29332E+09  2.27761E+09  1.40366E+10  1.89295E+10  1.35920E+10
 0.390   7.090  1.74484E+10  2.35656E+10  1.68151E+10  1.86756E+03  2.61365E+09  3.58149E+09  2.47048E+09  1.48348E+10  1.99841E+10  1.43446E+10
 0.400   6.427  1.78502E+10  2.41068E+10  1.71766E+10  1.94279E+03  2.44736E+09  3.35831E+09  2.30465E+09  1.54029E+10  2.07485E+10  1.48719E+10
 0.410   6.012  1.78254E+10  2.41205E+10  1.71195E+10  2.04317E+03  2.30094E+09  3.15847E+09  2.15980E+09  1.55245E+10  2.09620E+10  1.49597E+10
 0.420   5.727  1.79489E+10  2.43488E+10  1.72045E+10  2.15116E+03  2.19332E+09  3.01272E+09  2.05182E+09  1.57556E+10  2.13361E+10  1.51527E+10
 0.430   5.205  1.80824E+10  2.44857E+10  1.73081E+10  2.22420E+03  2.05570E+09  2.82686E+09  1.91562E+09  1.60267E+10  2.16588E+10  1.53925E+10
 0.440   4.740  1.79609E+10  2.42957E+10  1.71693E+10  2.28925E+03  1.86758E+09  2.56657E+09  1.73389E+09  1.60933E+10  2.17292E+10  1.54354E+10
 0.450   3.637  1.61848E+10  2.17889E+10  1.54417E+10  2.33835E+03  1.41092E+09  1.93741E+09  1.30073E+09  1.47739E+10  1.98515E+10  1.41410E+10
 0.460   3.104  1.43875E+10  1.94034E+10  1.36788E+10  2.47036E+03  1.16622E+09  1.59676E+09  1.07106E+09  1.32212E+10  1.78066E+10  1.26078E+10
 0.470  13.915  2.41104E+10  3.29144E+10  2.29693E+10  2.61555E+03  4.01556E+09  5.54916E+09  3.74607E+09  2.00948E+10  2.73652E+10  1.92232E+10
 0.480  17.614  2.43206E+10  3.33629E+10  2.31079E+10  2.78990E+03  4.24584E+09  5.88008E+09  3.95222E+09  2.00748E+10  2.74828E+10  1.91557E+10
 0.490  14.744  2.41023E+10  3.31758E+10  2.28480E+10  2.94604E+03  4.05883E+09  5.62799E+09  3.76779E+09  2.00435E+10  2.75479E+10  1.90802E+10
 0.500  16.121  2.44612E+10  3.36989E+10  2.31495E+10  3.07540E+03  4.13741E+09  5.74487E+09  3.83222E+09  2.03238E+10  2.79540E+10  1.93172E+10
 0.510  12.024  2.46595E+10  3.39473E+10  2.33164E+10  3.15738E+03  3.85450E+09  5.35447E+09  3.56003E+09  2.08050E+10  2.85928E+10  1.97564E+10
 0.520  14.094  2.58449E+10  3.54935E+10  2.44371E+10  3.19875E+03  4.03324E+09  5.60820E+09  3.71829E+09  2.18117E+10  2.98853E+10  2.07188E+10
 0.530  11.761  2.61881E+10  3.59791E+10  2.47493E+10  3.26585E+03  3.79036E+09  5.27165E+09  3.48551E+09  2.23977E+10  3.07074E+10  2.12638E+10
 0.540  13.121  2.70783E+10  3.72463E+10  2.55715E+10  3.35583E+03  3.98451E+09  5.54307E+09  3.65950E+09  2.30938E+10  3.17032E+10  2.19120E+10
 0.550  13.029  2.76970E+10  3.81685E+10  2.61297E+10  3.46162E+03  4.19151E+09  5.83503E+09  3.85258E+09  2.35055E+10  3.23335E+10  2.22771E+10
 0.560  13.128  2.80684E+10  3.86938E+10  2.64527E+10  3.55188E+03  4.04121E+09  5.62129E+09  3.70132E+09  2.40272E+10  3.30725E+10  2.27514E+10
