  41
 0.110  8.62500E-01  4.83398E+07  2.18243E+07  2.57896E+07  4.76266E+07  7.48643E+06  3.39204E+08  6.46750E-02
 0.120  1.01250E+00  3.67224E+07  3.11497E+07  3.71583E+07  3.51056E+07  9.66809E+06  4.19266E+08  1.07917E-01
 0.130  1.16250E+00  3.94682E+07  3.80319E+07  4.62822E+07  3.81260E+07  5.19100E+06  5.27097E+08  3.72257E-02
 0.140  1.46250E+00  8.01779E+07  4.91859E+07  5.98158E+07  7.64347E+07  9.39270E+06  6.89798E+08  1.34189E-01
 0.150  1.80000E+00  1.58381E+08  1.06401E+08  1.30314E+08  1.49833E+08  1.70400E+07  1.91542E+09  1.98774E-01
 0.160  2.06250E+00  1.11139E+08  8.60962E+07  1.06162E+08  1.05872E+08  1.35552E+07  1.42258E+09  1.06920E-01
 0.170  2.32500E+00  1.93159E+08  1.36473E+08  1.68333E+08  1.75736E+08  2.68269E+07  2.11063E+09  2.99290E-01
 0.180  2.55000E+00  2.29354E+08  1.56597E+08  1.94534E+08  2.13593E+08  1.95486E+07  2.21430E+09  2.16267E-01
 0.190  2.92500E+00  3.58025E+08  2.08404E+08  2.57315E+08  3.25599E+08  4.24861E+07  2.66442E+09  5.11758E-01
 0.200  3.67500E+00  4.11737E+08  2.97760E+08  3.67682E+08  3.65682E+08  6.20595E+07  3.70930E+09  7.47044E-01
 0.210  4.12500E+00  1.02890E+09  6.54417E+08  8.00393E+08  9.60228E+08  1.64103E+08  6.86714E+09  1.68591E+00
 0.220  4.42500E+00  5.16552E+08  4.63077E+08  5.76943E+08  4.52874E+08  7.84067E+07  5.78958E+09  6.76000E-01
 0.230  4.91250E+00  1.24583E+09  1.00361E+09  1.25203E+09  1.14675E+09  1.43934E+08  8.00580E+09  2.19175E+00
 0.240  5.40000E+00  4.29236E+08  9.96281E+08  1.26324E+09  3.63580E+08  5.97943E+07  7.97737E+09  3.39340E-01
 0.250  6.33750E+00  2.34208E+09  1.22179E+09  1.55740E+09  2.14971E+09  9.75765E+07  1.20979E+10  1.31798E+00
 0.260  7.20000E+00  4.02309E+09  1.76126E+09  2.20258E+09  3.59589E+09  4.11802E+08  1.79386E+10  5.69025E+00
 0.270  8.02500E+00  3.47004E+09  2.19070E+09  2.75640E+09  3.06291E+09  3.22533E+08  1.89102E+10  3.58769E+00
 0.280  8.81250E+00  4.08611E+09  3.10552E+09  3.88917E+09  3.64636E+09  5.89260E+08  2.21419E+10  6.62977E+00
 0.290  9.41250E+00  4.38041E+09  4.00502E+09  5.05486E+09  3.93114E+09  5.49727E+08  2.89078E+10  6.26886E+00
 0.300  9.90000E+00  5.55396E+09  4.53606E+09  5.77061E+09  4.93887E+09  4.48637E+08  2.90785E+10  4.87897E+00
 0.310  1.03125E+01  6.25598E+09  5.14208E+09  6.59755E+09  5.76384E+09  4.52378E+08  3.15633E+10  5.33670E+00
 0.320  1.06125E+01  8.99319E+09  6.43610E+09  8.22688E+09  8.31030E+09  7.71872E+08  3.30715E+10  8.57265E+00
 0.330  1.08750E+01  8.95683E+09  7.82240E+09  9.96912E+09  8.25403E+09  1.28243E+09  3.52061E+10  1.38868E+01
 0.340  1.12875E+01  8.32097E+09  1.01899E+10  1.29969E+10  7.58076E+09  1.12975E+09  3.79994E+10  1.29591E+01
 0.350  1.16625E+01  1.04663E+10  1.16844E+10  1.50132E+10  9.76905E+09  9.85785E+08  3.92080E+10  1.20672E+01
 0.360  1.21875E+01  9.32357E+09  1.32267E+10  1.71042E+10  8.65213E+09  1.12143E+09  4.21079E+10  1.20707E+01
 0.370  1.31625E+01  1.18508E+10  1.57300E+10  2.03882E+10  1.10046E+10  1.18575E+09  4.65646E+10  1.50332E+01
 0.380  1.41375E+01  1.18902E+10  1.89208E+10  2.45470E+10  1.09068E+10  1.97111E+09  5.29641E+10  2.17578E+01
 0.390  1.50375E+01  1.73382E+10  2.25817E+10  2.92495E+10  1.60166E+10  2.42282E+09  6.15798E+10  3.12927E+01
 0.400  1.62750E+01  1.52335E+10  2.82366E+10  3.65263E+10  1.37809E+10  3.23339E+09  7.80058E+10  3.20794E+01
 0.410  1.72125E+01  1.11828E+10  2.93319E+10  3.84664E+10  1.01780E+10  1.09291E+09  7.67877E+10  1.08423E+01
 0.420  1.86000E+01  1.15620E+10  3.16216E+10  4.17844E+10  1.03099E+10  1.42689E+09  8.18358E+10  1.60227E+01
 0.430  1.95000E+01  1.29210E+10  3.33923E+10  4.44945E+10  1.16728E+10  9.84646E+08  9.06048E+10  1.04499E+01
 0.440  2.02875E+01  1.44630E+10  3.50179E+10  4.69599E+10  1.32269E+10  9.48813E+08  1.05404E+11  1.10296E+01
 0.450  2.09625E+01  2.14475E+10  4.97957E+10  6.64767E+10  1.92880E+10  3.95937E+09  1.41320E+11  5.11001E+01
 0.460  2.16000E+01  1.63564E+10  4.44718E+10  5.96196E+10  1.45068E+10  1.90707E+09  1.18241E+11  1.83613E+01
 0.470  2.20875E+01  1.81182E+10  5.37505E+10  7.25059E+10  1.62887E+10  1.59877E+09  1.22098E+11  1.79350E+01
 0.480  2.25750E+01  1.72130E+10  5.73903E+10  7.75562E+10  1.53386E+10  2.35022E+09  1.33283E+11  2.44816E+01
 0.490  2.30250E+01  1.61293E+10  5.95258E+10  8.07949E+10  1.42776E+10  1.89942E+09  1.34776E+11  2.09097E+01
 0.500  2.34750E+01  1.73408E+10  6.13351E+10  8.36850E+10  1.56188E+10  1.44778E+09  1.36135E+11  1.57314E+01
 0.510  2.37375E+01  1.82181E+10  6.45468E+10  8.82994E+10  1.63058E+10  1.87201E+09  1.47187E+11  2.04503E+01
