  41
 0.110   0.863  2.18243E+07  2.57896E+07  2.15669E+07  1.71044E+02  0.00000E+00  0.00000E+00  0.00000E+00  2.18243E+07  2.57896E+07  2.15669E+07
 0.120   1.000  3.09664E+07  3.69365E+07  3.05625E+07  2.04942E+02  3.39266E+06  4.14108E+06  3.33278E+06  2.75738E+07  3.27954E+07  2.72297E+07
 0.130   1.000  3.43240E+07  4.18106E+07  3.37464E+07  2.79494E+02  5.01408E+06  6.20229E+06  4.90353E+06  2.93099E+07  3.56083E+07  2.88428E+07
 0.140   1.162  4.39100E+07  5.33445E+07  4.31481E+07  3.09117E+02  6.57952E+06  8.18610E+06  6.43400E+06  3.73304E+07  4.51584E+07  3.67141E+07
 0.150   1.593  1.01690E+08  1.24635E+08  9.99346E+07  3.38411E+02  4.62106E+07  5.75688E+07  4.53150E+07  5.54789E+07  6.70660E+07  5.46196E+07
 0.160   1.766  7.89940E+07  9.75577E+07  7.74722E+07  3.92897E+02  1.69095E+07  2.13392E+07  1.64494E+07  6.20846E+07  7.62184E+07  6.10229E+07
 0.170   2.081  1.30769E+08  1.61353E+08  1.28286E+08  4.17339E+02  4.19239E+07  5.31653E+07  4.08065E+07  8.88450E+07  1.08188E+08  8.74791E+07
 0.180   2.024  1.43371E+08  1.78119E+08  1.40594E+08  4.55139E+02  4.09850E+07  5.21492E+07  3.98568E+07  1.02386E+08  1.25970E+08  1.00738E+08
 0.190   2.507  1.94970E+08  2.40989E+08  1.91531E+08  4.47361E+02  5.05840E+07  6.45933E+07  4.91854E+07  1.44386E+08  1.76396E+08  1.42346E+08
 0.200   2.558  2.58264E+08  3.18437E+08  2.54014E+08  4.47166E+02  5.63143E+07  7.24190E+07  5.45985E+07  2.01949E+08  2.46018E+08  1.99416E+08
 0.210   2.828  3.95371E+08  4.88412E+08  3.89355E+08  4.51552E+02  1.10432E+08  1.41263E+08  1.07701E+08  2.84938E+08  3.47149E+08  2.81654E+08
 0.220   3.789  4.30333E+08  5.36251E+08  4.23683E+08  4.87414E+02  1.04286E+08  1.34394E+08  1.01544E+08  3.26047E+08  4.01858E+08  3.22139E+08
 0.230   2.585  6.56906E+08  8.15600E+08  6.48537E+08  4.52857E+02  2.57636E+08  3.27913E+08  2.53740E+08  3.99270E+08  4.87687E+08  3.94796E+08
 0.240   4.315  9.42215E+08  1.19400E+09  9.28805E+08  5.39071E+02  4.15650E+08  5.35270E+08  4.08458E+08  5.26564E+08  6.58731E+08  5.20347E+08
 0.250   5.815  1.16898E+09  1.49267E+09  1.15060E+09  6.22487E+02  5.33250E+08  6.92853E+08  5.22879E+08  6.35728E+08  7.99812E+08  6.27720E+08
 0.260   4.958  1.37325E+09  1.73740E+09  1.35235E+09  6.26715E+02  5.05396E+08  6.63808E+08  4.93962E+08  8.67849E+08  1.07359E+09  8.58384E+08
 0.270   6.005  1.89507E+09  2.39003E+09  1.86871E+09  6.05518E+02  7.19886E+08  9.35751E+08  7.05376E+08  1.17518E+09  1.45428E+09  1.16333E+09
 0.280   7.355  2.89032E+09  3.62460E+09  2.85616E+09  5.54415E+02  1.01037E+09  1.31558E+09  9.91489E+08  1.87996E+09  2.30902E+09  1.86467E+09
 0.290   8.473  3.84755E+09  4.85676E+09  3.80161E+09  5.88667E+02  1.28516E+09  1.68601E+09  1.25921E+09  2.56240E+09  3.17076E+09  2.54240E+09
 0.300   8.590  4.34046E+09  5.52114E+09  4.28784E+09  6.28544E+02  1.24942E+09  1.64763E+09  1.22245E+09  3.09104E+09  3.87351E+09  3.06539E+09
 0.310   7.112  4.52960E+09  5.80910E+09  4.47009E+09  7.06938E+02  1.12270E+09  1.49761E+09  1.09465E+09  3.40689E+09  4.31149E+09  3.37543E+09
 0.320   9.157  6.02765E+09  7.71494E+09  5.95243E+09  7.06236E+02  1.52492E+09  2.02681E+09  1.48984E+09  4.50273E+09  5.68814E+09  4.46259E+09
 0.330   9.740  6.78070E+09  8.73900E+09  6.69116E+09  7.71866E+02  1.67500E+09  2.23701E+09  1.63445E+09  5.10570E+09  6.50199E+09  5.05671E+09
 0.340   9.535  9.27877E+09  1.18567E+10  9.17319E+09  7.02303E+02  2.87446E+09  3.73083E+09  2.82785E+09  6.40431E+09  8.12586E+09  6.34534E+09
 0.350  10.261  1.07703E+10  1.38668E+10  1.06437E+10  7.55251E+02  3.32205E+09  4.35450E+09  3.26695E+09  7.44824E+09  9.51235E+09  7.37676E+09
 0.360  11.258  1.25685E+10  1.62741E+10  1.24157E+10  8.11436E+02  3.65615E+09  4.84935E+09  3.59011E+09  8.91236E+09  1.14247E+10  8.82558E+09
 0.370  11.699  1.43209E+10  1.86101E+10  1.41427E+10  8.56611E+02  4.17947E+09  5.54401E+09  4.10408E+09  1.01414E+10  1.30661E+10  1.00386E+10
 0.380  11.676  1.69021E+10  2.19517E+10  1.66934E+10  8.78481E+02  4.84359E+09  6.45955E+09  4.75491E+09  1.20586E+10  1.54922E+10  1.19385E+10
 0.390  11.930  2.05547E+10  2.66131E+10  2.03117E+10  8.72591E+02  5.50485E+09  7.34704E+09  5.40450E+09  1.50498E+10  1.92661E+10  1.49072E+10
 0.400  13.277  2.56930E+10  3.32637E+10  2.54011E+10  8.73111E+02  6.46341E+09  8.69881E+09  6.34140E+09  1.92296E+10  2.45649E+10  1.90597E+10
 0.410  12.244  2.52744E+10  3.31602E+10  2.49605E+10  9.76857E+02  5.97478E+09  8.06804E+09  5.85269E+09  1.92996E+10  2.50921E+10  1.91078E+10
 0.420  14.431  2.96223E+10  3.91138E+10  2.92390E+10  1.05147E+03  7.49830E+09  1.01288E+10  7.34963E+09  2.21240E+10  2.89851E+10  2.18894E+10
 0.430  10.730  2.69363E+10  3.58454E+10  2.65571E+10  1.16429E+03  5.89962E+09  8.04505E+09  5.76783E+09  2.10367E+10  2.78004E+10  2.07893E+10
 0.440  11.164  2.94711E+10  3.94602E+10  2.90294E+10  1.26485E+03  6.41929E+09  8.80087E+09  6.26642E+09  2.30518E+10  3.06593E+10  2.27630E+10
 0.450  12.464  3.80199E+10  5.07917E+10  3.74228E+10  1.33789E+03  1.08925E+10  1.49698E+10  1.06306E+10  2.71273E+10  3.58220E+10  2.67922E+10
 0.460  13.804  3.98870E+10  5.34672E+10  3.92483E+10  1.39372E+03  1.07158E+10  1.47542E+10  1.04475E+10  2.91712E+10  3.87130E+10  2.88008E+10
 0.470  14.945  5.06129E+10  6.82998E+10  4.97417E+10  1.50612E+03  1.90733E+10  2.61960E+10  1.86200E+10  3.15396E+10  4.21038E+10  3.11217E+10
 0.480  13.065  5.13300E+10  6.93209E+10  5.04305E+10  1.56384E+03  1.79220E+10  2.47598E+10  1.74684E+10  3.34080E+10  4.45611E+10  3.29622E+10
 0.490  15.830  5.60843E+10  7.61649E+10  5.50482E+10  1.67263E+03  1.96719E+10  2.72779E+10  1.91474E+10  3.64124E+10  4.88870E+10  3.59008E+10
 0.500  14.488  5.64100E+10  7.70341E+10  5.53162E+10  1.79036E+03  1.89891E+10  2.64506E+10  1.84531E+10  3.74208E+10  5.05835E+10  3.68631E+10
 0.510  15.645  6.05229E+10  8.28579E+10  5.92847E+10  1.89668E+03  2.06826E+10  2.88985E+10  2.00552E+10  3.98403E+10  5.39594E+10  3.92295E+10
