  41
 0.110   0.863  6.46750E-02  6.19006E-02  8.67715E-02
 0.120   1.000  1.07731E-01  1.00323E-01  1.06775E-01
 0.130   1.000  2.97684E-02  2.68032E-02  4.92801E-02
 0.140   1.162  1.29982E-01  1.47073E-01  9.60373E-02
 0.150   1.593  1.75322E-01  1.86323E-01  1.74988E-01
 0.160   1.766  9.07529E-02  7.57432E-02  1.28943E-01
 0.170   2.081  2.82164E-01  2.85855E-01  2.81847E-01
 0.180   2.024  2.07099E-01  1.99113E-01  2.09877E-01
 0.190   2.507  4.56312E-01  4.67438E-01  4.29393E-01
 0.200   2.558  7.15392E-01  7.43544E-01  6.37898E-01
 0.210   2.828  9.33416E-01  1.01378E+00  8.25266E-01
 0.220   3.789  6.51441E-01  5.49625E-01  8.48641E-01
 0.230   2.585  1.90018E+00  1.99163E+00  1.34381E+00
 0.240   4.315  3.30608E-01  2.54541E-01  6.24481E-01
 0.250   5.815  1.11613E+00  1.18951E+00  8.95597E-01
 0.260   4.958  3.04378E+00  3.27175E+00  2.59688E+00
 0.270   6.005  3.38240E+00  3.60439E+00  3.14320E+00
 0.280   7.355  5.97754E+00  6.05487E+00  5.88187E+00
 0.290   8.473  6.03660E+00  6.29811E+00  5.85752E+00
 0.300   8.590  4.69981E+00  4.44641E+00  4.96751E+00
 0.310   7.112  5.01791E+00  5.36203E+00  4.56503E+00
 0.320   9.157  7.77289E+00  7.91423E+00  7.74350E+00
 0.330   9.740  7.17350E+00  7.19950E+00  7.38485E+00
 0.340   9.535  1.14786E+01  1.11412E+01  1.15005E+01
 0.350  10.261  1.05319E+01  1.14778E+01  9.53211E+00
 0.360  11.258  1.09645E+01  1.04555E+01  1.18199E+01
 0.370  11.699  1.17356E+01  1.24536E+01  1.07156E+01
 0.380  11.676  1.87584E+01  1.77598E+01  1.94539E+01
 0.390  11.930  2.94739E+01  3.03408E+01  2.56837E+01
 0.400  13.277  2.86727E+01  2.71169E+01  3.28206E+01
 0.410  12.244  8.77682E+00  8.15356E+00  1.00788E+01
 0.420  14.431  1.50580E+01  1.46548E+01  1.47636E+01
 0.430  10.730  9.59138E+00  9.47791E+00  1.00714E+01
 0.440  11.164  9.54049E+00  9.47545E+00  9.69118E+00
 0.450  12.464  3.91832E+01  4.11205E+01  3.17933E+01
 0.460  13.804  1.66028E+01  1.57788E+01  1.90279E+01
 0.470  14.945  1.59302E+01  1.60095E+01  1.59795E+01
 0.480  13.065  2.30391E+01  2.22379E+01  2.42968E+01
 0.490  15.830  1.82542E+01  1.74950E+01  1.83207E+01
 0.500  14.488  1.37798E+01  1.35020E+01  1.42215E+01
 0.510  15.645  1.76862E+01  1.71241E+01  1.82801E+01
