  38
 0.130       442351         5986       197175
 0.140       556619         8957       244978
 0.150       693559        12213       318500
 0.160      1036267        17640       494489
 0.170      1272840        19872       605157
 0.180      1599598        23588       767703
 0.190      2019810        26649       964474
 0.200      2356561        30750      1111521
 0.210      2611290        39441      1221037
 0.220      2787095        41881      1335009
 0.230      3119487        48191      1490114
 0.240      3567284        58858      1747387
 0.250      4118950        81694      1984333
 0.260      4480589        91845      2192917
 0.270      4776451        99394      2372326
 0.280      5070477       109590      2525216
 0.290      5934073       122463      2910295
 0.300      6734165       151230      3339772
 0.310      7205166       177139      3539950
 0.320      7522271       184625      3720889
 0.330      8083507       193148      4035844
 0.340      8554753       200667      4230089
 0.350      8727517       212235      4341848
 0.360      8956479       242615      4440429
 0.370      9071828       282641      4527999
 0.380      9232457       301483      4617153
 0.390      9495076       330337      4730568
 0.400      9691878       359510      4836632
 0.410      9875598       379445      4908412
 0.420     10051721       398047      5002269
 0.430     10254555       424451      5088099
 0.440     10168193       447409      5148657
 0.450     10319951       481653      5209747
 0.460     10436475       504592      5260481
 0.470     10489239       521034      5313842
 0.480     10790934       541983      5399369
 0.490     11028014       552144      5466549
 0.500     11193761       558946      5536020
