  20
 0.100  10.500   1.214  3.05084E+10  3.21105E+09  4.61515E+08  5.28564E+08  2.68358E+10  1.69036E+08  1.06900E+08  1.20205E+08  9.85937E+08  2.95823E+09  4.34097E+08  4.97140E+08  2.50463E+10  1.96204E+08  1.25583E+08  1.41514E+08  1.27833E+09
 0.110  14.750   1.370  6.43981E+10  6.29519E+09  1.54452E+09  1.75902E+09  5.65584E+10  7.28384E+08  4.87776E+08  5.52816E+08  2.90577E+09  3.86242E+09  1.40062E+09  1.59126E+09  4.02191E+10  6.76333E+08  4.57587E+08  5.18145E+08  2.55301E+09
 0.120  18.750   1.660  1.03823E+11  8.99658E+09  3.12224E+09  3.62306E+09  9.17047E+10  1.81936E+09  2.04379E+09  2.36202E+09  8.35041E+09  5.79333E+09  3.04761E+09  3.53599E+09  6.76183E+10  1.61866E+09  1.93930E+09  2.24021E+09  6.96907E+09
 0.130  22.250   1.652  1.35616E+11  1.04190E+10  5.59465E+09  6.55410E+09  1.19602E+11  2.73566E+09  4.23291E+09  4.93196E+09  1.15776E+10  6.14477E+09  5.26755E+09  6.16056E+09  6.17158E+10  2.18610E+09  3.85798E+09  4.49289E+09  7.87810E+09
 0.140  25.750   1.648  1.68680E+11  1.14043E+10  8.91221E+09  1.05479E+10  1.48363E+11  2.64955E+09  7.47012E+09  8.80233E+09  1.49835E+10  5.53618E+09  8.57568E+09  1.01393E+10  7.09976E+10  2.02034E+09  6.77690E+09  7.97950E+09  8.67839E+09
 0.150  29.000   2.476  1.97245E+11  1.27447E+10  1.15496E+10  1.38867E+10  1.72951E+11  3.61535E+09  9.95386E+09  1.19452E+10  1.85744E+10  6.52614E+09  1.10778E+10  1.33056E+10  6.88770E+10  3.05860E+09  9.64024E+09  1.15754E+10  1.55446E+10
 0.160  32.500   3.159  2.29787E+11  1.36572E+10  1.45108E+10  1.76347E+10  2.01619E+11  2.88288E+09  1.27335E+10  1.54610E+10  2.15873E+10  6.06571E+09  1.40092E+10  1.70098E+10  7.03962E+10  2.78334E+09  1.26535E+10  1.53658E+10  2.08828E+10
 0.170  35.250   3.328  2.47600E+11  1.39789E+10  1.68808E+10  2.07757E+10  2.16740E+11  3.11682E+09  1.50320E+10  1.84960E+10  2.60869E+10  6.79932E+09  1.63596E+10  2.01202E+10  7.74458E+10  2.90236E+09  1.48252E+10  1.82465E+10  2.43738E+10
 0.180  39.500   3.178  2.91717E+11  1.57906E+10  1.97559E+10  2.44824E+10  2.56171E+11  3.43567E+09  1.78553E+10  2.21149E+10  2.93082E+10  5.96261E+09  1.90643E+10  2.36097E+10  7.49443E+10  2.93104E+09  1.68494E+10  2.08898E+10  2.28740E+10
 0.190  43.250   4.051  3.27050E+11  1.74695E+10  2.19517E+10  2.74775E+10  2.87629E+11  3.16417E+09  2.00546E+10  2.50979E+10  3.28142E+10  5.78122E+09  2.11592E+10  2.64679E+10  7.64073E+10  2.85894E+09  1.98124E+10  2.48004E+10  3.04892E+10
 0.200  47.250   3.406  3.63847E+11  1.84956E+10  2.44849E+10  3.08164E+10  3.20866E+11  4.07688E+09  2.27193E+10  2.85766E+10  3.93733E+10  6.29812E+09  2.36764E+10  2.97784E+10  8.32332E+10  3.13044E+09  2.13605E+10  2.68867E+10  2.73586E+10
 0.210  51.000   3.708  3.94569E+11  1.96166E+10  2.68997E+10  3.41155E+10  3.48052E+11  4.28956E+09  2.51834E+10  3.19226E+10  4.39672E+10  6.71895E+09  2.59846E+10  3.29382E+10  8.59563E+10  3.26438E+09  2.38114E+10  3.02001E+10  3.06627E+10
 0.220  54.250   4.354  4.14547E+11  1.91564E+10  2.92516E+10  3.72974E+10  3.66138E+11  3.68868E+09  2.75532E+10  3.51156E+10  4.60277E+10  5.62439E+09  2.82890E+10  3.60498E+10  8.09120E+10  2.97825E+09  2.67672E+10  3.41276E+10  3.62420E+10
 0.230  57.500   4.143  4.28821E+11  1.83598E+10  3.15650E+10  4.04557E+10  3.78896E+11  4.22702E+09  2.99473E+10  3.83608E+10  4.95278E+10  5.89622E+09  3.06212E+10  3.92233E+10  8.08969E+10  3.31787E+09  2.83215E+10  3.63049E+10  3.49537E+10
 0.240  60.750   2.945  4.47983E+11  1.72495E+10  3.44886E+10  4.43204E+10  3.96245E+11  3.57847E+09  3.30239E+10  4.24052E+10  5.48945E+10  4.66927E+09  3.35852E+10  4.31323E+10  8.48289E+10  2.39641E+09  2.68565E+10  3.45248E+10  2.44956E+10
 0.250  65.000   2.828  4.84698E+11  1.88323E+10  3.65262E+10  4.72895E+10  4.29339E+11  2.40267E+09  3.51246E+10  4.54459E+10  5.90585E+10  3.16258E+09  3.55181E+10  4.59612E+10  8.69185E+10  1.36172E+09  2.80124E+10  3.62411E+10  2.35785E+10
 0.260  71.750   3.585  5.85772E+11  2.49312E+10  3.88495E+10  5.06500E+10  5.21991E+11  2.71091E+09  3.62117E+10  4.72267E+10  6.52952E+10  3.35926E+09  3.64918E+10  4.75960E+10  8.66874E+10  1.84234E+09  3.23555E+10  4.21903E+10  3.18142E+10
 0.270  79.750   3.781  7.20763E+11  3.64222E+10  4.61254E+10  6.01523E+10  6.38215E+11  3.41967E+09  3.74945E+10  4.91549E+10  7.10255E+10  4.00423E+09  3.76728E+10  4.93900E+10  8.60985E+10  2.01029E+09  3.41950E+10  4.48231E+10  3.40148E+10
 0.280  85.500   2.651  7.97364E+11  4.14844E+10  4.91383E+10  6.42201E+10  7.06741E+11  5.89826E+09  3.97891E+10  5.22124E+10  8.17407E+10  6.47144E+09  3.99195E+10  5.23850E+10  9.45539E+10  3.25163E+09  3.03701E+10  3.98225E+10  2.35821E+10
 0.290  91.250   1.613  8.76877E+11  4.48523E+10  5.58234E+10  7.26536E+10  7.76202E+11  5.87249E+09  4.48885E+10  5.85978E+10  8.82532E+10  6.47246E+09  4.49711E+10  5.87055E+10  9.59561E+10  2.00589E+09  2.68726E+10  3.48170E+10  1.38080E+10
