  20
 0.100  8.08236E-02 -1.11378E-02 -1.09185E-01  3.90841E+00 -4.74026E+00  4.21332E+01  8.15025E-01  1.55384E-01  5.58202E-01  1.10868E+01   1.214   0.638  1.80987E+08  1.97825E+08  2.97053E+07  0.00000E+00  1.40421E+08  3.32407E-01  5.92683E+01   7.874   7.727
 0.110  6.30375E-02  1.38183E-02  1.18215E-01 -1.05110E+01  3.60469E+00  1.33168E+01 -5.88612E-01 -5.79779E-02  8.06334E-01  1.80497E+01   1.370   0.801  6.37228E+08  6.41722E+08  2.73062E+07  3.64328E+06  1.90220E+08  3.48209E-01  6.34008E+01   8.119   7.902
 0.120 -1.01585E-01  1.27144E-01  6.42712E-02  1.14396E+01 -8.13150E+00  1.80276E+01  8.26946E-01  3.76791E-01  4.17359E-01  5.02014E+01   1.660   0.578  1.49096E+09  1.59429E+09  1.88162E+08  4.12304E+07  4.23008E+08  1.57379E+00  8.11082E+01   8.371   8.242
 0.130 -6.44390E-02  6.05227E-02 -4.36978E-02 -1.21801E+01  1.19890E+01 -5.36981E+00  6.60078E-01  7.45171E-01 -9.49629E-02  1.00862E+02   1.652   0.500  1.92155E+09  3.08414E+09  1.55106E+09  6.52350E+07  4.98663E+08  1.49496E+01  6.99837E+01   8.494   8.494
 0.140  4.38149E-02 -3.33884E-02  1.62700E-02 -6.17811E+00  7.48615E+00  1.74125E+01  5.44326E-01  7.91544E-01 -2.77792E-01  1.31613E+02   1.648   0.500  1.97894E+09  4.59263E+09  3.98974E+09  1.33706E+08  5.97099E+08  3.04098E+01  9.26934E+01   8.690   8.540
 0.150  1.32197E-01 -5.07225E-02  8.37572E-02  8.70966E+00 -1.99533E+01 -3.26924E+01  6.46095E-01  6.56455E-01 -3.89395E-01  2.60106E+02   2.476   0.500  2.63757E+09  4.66057E+09  5.76343E+09  3.01732E+08  8.72453E+08  2.41077E+01  1.39262E+02   8.591   8.594
 0.160  1.90833E-02 -7.09741E-02 -3.82982E-02  9.14464E+00 -1.26416E+01 -1.76600E+00  7.00701E-01  5.75893E-01 -4.21148E-01  3.64348E+02   3.159   0.500  2.39573E+09  4.68573E+09  8.06033E+09  4.74559E+08  1.13293E+09  2.56394E+01  1.84553E+02   8.618   8.603
 0.170 -8.42558E-02 -6.06338E-02 -1.62072E-01 -8.69103E+00  2.55880E+01  1.41012E+01  6.19286E-01  6.14582E-01 -4.88645E-01  4.19630E+02   3.328   0.516  2.48319E+09  4.35019E+09  9.62013E+09  6.41028E+08  1.36937E+09  2.03118E+01  2.43702E+02   8.616   8.611
 0.180 -1.12808E-01 -8.67561E-03 -7.84834E-02 -2.50806E+01  2.02361E+00 -9.69277E-01  5.43456E-01  7.55734E-01 -3.65407E-01  4.29654E+02   3.178   0.550  2.40274E+09  4.40151E+09  1.10138E+10  7.37077E+08  1.35665E+09  2.31623E+01  2.93870E+02   8.633   8.621
 0.190 -1.35837E-01  2.45844E-02 -4.60275E-02 -2.06352E+01  1.73692E+01  3.23877E+01  5.68572E-01  7.88293E-01 -2.35203E-01  5.04105E+02   4.051   0.834  2.41361E+09  4.11502E+09  1.34376E+10  1.40261E+09  2.15644E+09  1.90413E+01  3.54241E+02   8.624   8.606
 0.200 -7.87634E-02  4.97162E-02  2.61442E-03  1.41554E+01 -7.48455E+00  8.61215E+00  6.64578E-01  7.07922E-01 -2.39127E-01  4.15745E+02   3.406   0.500  2.71464E+09  4.69586E+09  1.35162E+10  9.80458E+08  1.59958E+09  2.52794E+01  4.04748E+02   8.604   8.626
 0.210  3.02376E-02  6.24128E-02 -3.79723E-03 -8.56169E+00  1.09122E+01  9.30408E+00  7.23701E-01  6.09935E-01 -3.22855E-01  5.58295E+02   3.708   0.868  2.78221E+09  4.49807E+09  1.60174E+10  1.50747E+09  2.29852E+09  1.81801E+01  4.62034E+02   8.595   8.613
 0.220  1.62411E-02  7.08665E-02  2.39061E-01  1.62839E+01 -3.41797E+01 -1.17177E+01  6.76578E-01  6.86276E-01 -2.66958E-01  6.33680E+02   4.354   0.766  2.49101E+09  4.17960E+09  1.75917E+10  1.67073E+09  2.45349E+09  1.87277E+01  5.18329E+02   8.629   8.612
 0.230 -1.74188E-01  3.86673E-02 -1.55750E-01  2.36520E+00  9.62347E-01 -1.15789E-01  6.79807E-01  6.86068E-01 -2.59177E-01  6.36743E+02   4.143   0.534  2.64120E+09  4.52274E+09  1.75842E+10  1.36215E+09  1.96697E+09  2.13343E+01  5.73743E+02   8.636   8.629
 0.240  6.93301E-02 -3.48067E-02  1.03987E-01  1.63282E+01 -1.29492E+01  3.23983E+00  6.44081E-01  7.04397E-01 -2.98302E-01  4.22517E+02   2.945   0.500  2.12125E+09  4.25150E+09  1.67522E+10  9.81083E+08  1.58595E+09  2.52760E+01  6.19849E+02   8.712   8.650
 0.250  2.59359E-02  4.81058E-03  9.22842E-02  1.93355E+01 -1.57575E+01  1.85575E+00  6.54563E-01  7.14401E-01 -2.47343E-01  4.17000E+02   2.828   0.500  1.25533E+09  2.79348E+09  1.75409E+10  1.01982E+09  1.52542E+09  1.41087E+01  6.80185E+02   8.849   8.669
 0.260 -6.10433E-03  6.40969E-02  1.94409E-01  1.38213E+01 -2.88408E+00  6.23357E+00  6.52610E-01  6.96933E-01 -2.97295E-01  5.53957E+02   3.585   0.500  1.59328E+09  2.40766E+09  1.93174E+10  1.52281E+09  1.85149E+09  9.68671E+00  7.68617E+02   8.710   8.665
 0.270 -1.02432E-01 -2.76380E-03 -8.23697E-02 -7.38452E+00  1.28140E+01  2.00105E+00  7.12630E-01  6.50018E-01 -2.63883E-01  5.06551E+02   3.781   0.549  1.65145E+09  2.51465E+09  1.95176E+10  1.70777E+09  2.03356E+09  1.05253E+01  8.59246E+02   8.644   8.660
 0.280 -1.60851E-02 -2.11477E-02 -1.74021E-02  9.61220E+00 -9.04159E+00  8.85087E+00  5.85178E-01  7.44702E-01 -3.20912E-01  2.92693E+02   2.651   0.553  2.72898E+09  4.06695E+09  1.57850E+10  1.10433E+09  1.74624E+09  1.80764E+01  9.18312E+02   8.538   8.670
 0.290  8.62568E-04 -5.56610E-03 -8.68797E-03 -2.28314E+00  1.44784E+00 -1.58347E+00  5.08078E-01  7.79841E-01 -3.65656E-01  1.37051E+02   1.613   0.500  1.76097E+09  4.57085E+09  1.29230E+10  5.05068E+08  1.20359E+09  2.78479E+01  8.21036E+02   8.875   8.700
