  20
 0.100       194369  0.40881E-02 -0.30661E-02  0.10220E-02 -0.61615E+00 -0.16443E+02 -0.28629E+02  0.81503E+00  0.15538E+00  0.55820E+00   1.214   0.638
 0.110        34023 -0.39356E-02  0.39356E-02 -0.65594E-03  0.65410E+02 -0.15068E+03  0.12132E+03 -0.58861E+00 -0.57978E-01  0.80633E+00   1.370   0.801
 0.120       348926 -0.18402E-02 -0.16357E-02 -0.17380E-02 -0.14509E+02 -0.22840E+02  0.46660E+02  0.82695E+00  0.37679E+00  0.41736E+00   1.660   0.578
 0.130       340072  0.22178E-03 -0.44356E-03  0.55446E-03 -0.61542E+02  0.46486E+02  0.32530E+02  0.66008E+00  0.74517E+00 -0.94963E-01   1.652   0.500
 0.140       264594 -0.31028E-02 -0.11934E-02  0.19094E-02  0.25239E+03  0.27917E+03 -0.16515E+03  0.54433E+00  0.79154E+00 -0.27779E+00   1.648   0.500
 0.150       570187 -0.76657E-03 -0.76657E-03 -0.10221E-02  0.21350E+03  0.61707E+02 -0.15489E+03  0.64609E+00  0.65646E+00 -0.38939E+00   2.476   0.500
 0.160       408150  0.00000E+00  0.54518E-03  0.29985E-02 -0.63976E+02 -0.24089E+03  0.21961E+03  0.70070E+00  0.57589E+00 -0.42115E+00   3.159   0.500
 0.170       907781 -0.17383E-02 -0.17383E-02  0.18832E-02  0.54447E+02 -0.10349E+02  0.72003E+01  0.61929E+00  0.61458E+00 -0.48865E+00   3.328   0.516
 0.180       292249 -0.12267E-02  0.61333E-03 -0.27600E-02 -0.31190E+02 -0.85646E+02 -0.18683E+03  0.54346E+00  0.75573E+00 -0.36541E+00   3.178   0.550
 0.190       778644  0.00000E+00 -0.64738E-03 -0.48554E-03  0.17234E+02 -0.37914E+03  0.16073E+03  0.56857E+00  0.78829E+00 -0.23520E+00   4.051   0.834
 0.200       609374  0.20441E-02  0.34068E-03  0.34068E-03  0.16762E+03  0.66465E+02  0.14303E+03  0.66458E+00  0.70792E+00 -0.23913E+00   3.406   0.500
 0.210      3947856  0.71592E-03  0.21477E-02 -0.53694E-03 -0.25026E+03 -0.25878E+02  0.28512E+03  0.72370E+00  0.60994E+00 -0.32285E+00   3.708   0.868
 0.220      2740575 -0.11240E-02  0.18734E-02 -0.37468E-03  0.17823E+03 -0.23444E+02  0.15850E+03  0.67658E+00  0.68628E+00 -0.26696E+00   4.354   0.766
 0.230       519921  0.00000E+00  0.15678E-02 -0.17637E-02  0.19992E+03  0.19793E+03  0.82900E+02  0.67981E+00  0.68607E+00 -0.25918E+00   4.143   0.534
 0.240      1948096  0.12267E-02 -0.81780E-03  0.10223E-02 -0.22589E+03 -0.18282E+03  0.33403E+03  0.64408E+00  0.70440E+00 -0.29830E+00   2.945   0.500
 0.250       399809  0.12788E-02 -0.17051E-02  0.17051E-02  0.12429E+03  0.21708E+03  0.33541E+03  0.65456E+00  0.71440E+00 -0.24734E+00   2.828   0.500
 0.260      5837139 -0.31013E-02  0.88609E-03  0.66457E-03 -0.54396E+02  0.18546E+03 -0.52534E+02  0.65261E+00  0.69693E+00 -0.29729E+00   3.585   0.500
 0.270      1109261 -0.45981E-03  0.18392E-02  0.91962E-03 -0.26839E+02  0.67749E+02 -0.46606E+03  0.71263E+00  0.65002E+00 -0.26388E+00   3.781   0.549
 0.280      2445092 -0.19092E-02  0.95461E-03 -0.95461E-03  0.11213E+03  0.34693E+03 -0.45717E+03  0.58518E+00  0.74470E+00 -0.32091E+00   2.651   0.553
 0.290       740372 -0.14833E-02  0.00000E+00  0.98885E-03  0.99250E+01  0.12665E+03 -0.15407E+03  0.50808E+00  0.77984E+00 -0.36566E+00   1.613   0.500
