  38
 0.130   1.000   0.635  1.25380E+06  1.50465E+06  1.23293E+06  2.64462E+02  0.00000E+00  0.00000E+00  0.00000E+00  1.25380E+06  1.50465E+06  1.23293E+06
 0.140   1.070   0.500  1.74008E+06  2.09840E+06  1.71037E+06  2.94519E+02  4.22804E+05  5.23142E+05  4.14286E+05  1.31728E+06  1.57526E+06  1.29608E+06
 0.150   1.226   0.983  8.75238E+05  1.08833E+06  8.56453E+05  4.05326E+02  2.03764E+05  2.57377E+05  1.98395E+05  6.71474E+05  8.30951E+05  6.58058E+05
 0.160   1.470   0.963  2.14150E+06  2.67870E+06  2.08849E+06  4.79693E+02  6.84467E+05  8.59943E+05  6.68820E+05  1.45703E+06  1.81875E+06  1.41967E+06
 0.170   1.369   0.898  3.54576E+06  4.29472E+06  3.49456E+06  3.24935E+02  1.35219E+06  1.67585E+06  1.32949E+06  2.19357E+06  2.61888E+06  2.16508E+06
 0.180   1.493   0.900  1.49737E+06  1.80202E+06  1.47366E+06  3.65163E+02  1.58732E+05  2.04066E+05  1.54184E+05  1.33864E+06  1.59795E+06  1.31948E+06
 0.190   2.119   1.502  9.83971E+06  1.19197E+07  9.71778E+06  3.30132E+02  2.76706E+06  3.49923E+06  2.70895E+06  7.07264E+06  8.42051E+06  7.00883E+06
 0.200   2.047   1.232  5.75349E+06  7.06212E+06  5.65621E+06  4.47496E+02  1.33837E+06  1.71956E+06  1.29678E+06  4.41512E+06  5.34256E+06  4.35943E+06
 0.210   2.981   1.189  1.56789E+07  1.96563E+07  1.53422E+07  5.99520E+02  6.69116E+06  8.63688E+06  6.50265E+06  8.98769E+06  1.10194E+07  8.83952E+06
 0.220   2.783   1.495  1.06978E+07  1.32270E+07  1.05325E+07  4.83728E+02  2.48011E+06  3.21755E+06  2.41337E+06  8.21769E+06  1.00094E+07  8.11917E+06
 0.230   4.661   2.241  1.17279E+08  1.42533E+08  1.16173E+08  3.49098E+02  6.78157E+07  8.52389E+07  6.69516E+07  4.94637E+07  5.72937E+07  4.92211E+07
 0.240   4.897   3.520  5.58060E+07  6.76841E+07  5.53712E+07  3.07478E+02  1.96473E+07  2.45012E+07  1.93941E+07  3.61587E+07  4.31829E+07  3.59771E+07
 0.250   3.178   1.471  6.55451E+07  7.51721E+07  6.52534E+07  1.90444E+02  7.72468E+06  9.75934E+06  7.59721E+06  5.78204E+07  6.54128E+07  5.76562E+07
 0.260   4.095   2.128  8.60928E+07  1.06554E+08  8.52505E+07  4.32543E+02  3.52377E+07  4.52751E+07  3.47015E+07  5.08550E+07  6.12790E+07  5.05490E+07
 0.270   4.382   2.286  8.14791E+07  1.02471E+08  8.05572E+07  5.20576E+02  3.04971E+07  3.95491E+07  2.99806E+07  5.09820E+07  6.29222E+07  5.05766E+07
 0.280   3.502   2.299  1.27644E+08  1.58644E+08  1.26409E+08  4.76177E+02  4.24624E+07  5.55514E+07  4.17198E+07  8.51821E+07  1.03092E+08  8.46890E+07
 0.290   2.823   1.023  3.09404E+08  3.62305E+08  3.08169E+08  2.23440E+02  2.92125E+07  3.86231E+07  2.85982E+07  2.80192E+08  3.23682E+08  2.79571E+08
 0.300   3.437   1.009  4.69117E+08  5.64021E+08  4.67046E+08  2.70120E+02  3.81242E+07  5.05571E+07  3.72967E+07  4.30993E+08  5.13464E+08  4.29749E+08
 0.310   4.648   1.685  5.28062E+08  6.54978E+08  5.24741E+08  3.92195E+02  5.52403E+07  7.36067E+07  5.39658E+07  4.72822E+08  5.81372E+08  4.70776E+08
 0.320   4.285   0.929  5.35602E+08  6.71271E+08  5.31896E+08  4.49103E+02  4.25107E+07  5.70885E+07  4.13859E+07  4.93092E+08  6.14183E+08  4.90510E+08
 0.330   4.843   2.591  3.63868E+08  4.71029E+08  3.59336E+08  7.53443E+02  7.34104E+07  9.90624E+07  7.13855E+07  2.90457E+08  3.71966E+08  2.87951E+08
 0.340   5.131   3.033  4.98716E+08  6.43889E+08  4.92785E+08  7.52471E+02  7.93530E+07  1.07581E+08  7.69913E+07  4.19362E+08  5.36308E+08  4.15793E+08
 0.350   5.534   2.208  6.99782E+08  8.95679E+08  6.92513E+08  7.00572E+02  7.53341E+07  1.02571E+08  7.30180E+07  6.24447E+08  7.93108E+08  6.19495E+08
 0.360   5.455   1.576  6.80109E+08  8.78112E+08  6.72485E+08  7.80144E+02  6.90824E+07  9.43421E+07  6.68655E+07  6.11027E+08  7.83770E+08  6.05620E+08
 0.370   6.621   2.266  8.67010E+08  1.11571E+09  8.57531E+08  7.82362E+02  8.41729E+07  1.15234E+08  8.13295E+07  7.82837E+08  1.00047E+09  7.76202E+08
 0.380   7.309   3.809  5.28556E+08  7.03575E+08  5.17967E+08  1.31254E+03  2.22404E+08  3.00431E+08  2.16379E+08  3.06152E+08  4.03145E+08  3.01588E+08
 0.390  12.762   5.791  2.48040E+08  3.31751E+08  2.42205E+08  1.54043E+03  7.25796E+07  1.00299E+08  6.96984E+07  1.75460E+08  2.31452E+08  1.72507E+08
 0.400   7.129   4.597  2.92265E+08  3.92380E+08  2.85691E+08  1.56087E+03  5.61498E+07  7.78326E+07  5.38310E+07  2.36115E+08  3.14547E+08  2.31860E+08
 0.410   7.865   3.088  8.44470E+08  1.08903E+09  8.33357E+08  9.57397E+02  5.75729E+08  7.63373E+08  5.66449E+08  2.68741E+08  3.25661E+08  2.66908E+08
 0.420   9.677   3.855  1.41032E+09  1.80797E+09  1.39333E+09  9.03413E+02  7.70128E+08  1.03306E+09  7.56026E+08  6.40193E+08  7.74913E+08  6.37300E+08
 0.430  11.070   3.359  1.90041E+09  2.44922E+09  1.88022E+09  8.56997E+02  9.26490E+08  1.24649E+09  9.10492E+08  9.73920E+08  1.20273E+09  9.69733E+08
 0.440  10.632   3.764  1.86584E+09  2.43934E+09  1.84329E+09  9.90180E+02  9.47608E+08  1.27606E+09  9.30420E+08  9.18227E+08  1.16328E+09  9.12874E+08
 0.450  11.444   4.946  2.15300E+09  2.78553E+09  2.12693E+09  1.00092E+03  9.18230E+08  1.24968E+09  8.98665E+08  1.23477E+09  1.53585E+09  1.22827E+09
 0.460   9.489   4.237  2.11064E+09  2.76871E+09  2.08342E+09  1.10088E+03  8.33237E+08  1.14538E+09  8.13833E+08  1.27740E+09  1.62333E+09  1.26959E+09
 0.470   9.882   4.984  2.31166E+09  3.01463E+09  2.28130E+09  1.12690E+03  8.26831E+08  1.13924E+09  8.05428E+08  1.48483E+09  1.87539E+09  1.47587E+09
 0.480  11.469   6.259  2.48128E+09  3.22952E+09  2.44825E+09  1.14757E+03  7.71956E+08  1.06751E+09  7.49772E+08  1.70932E+09  2.16201E+09  1.69848E+09
 0.490   9.046   3.011  2.33385E+09  3.03969E+09  2.30225E+09  1.19359E+03  6.36749E+08  8.87947E+08  6.16327E+08  1.69710E+09  2.15174E+09  1.68593E+09
 0.500   9.260   3.535  2.82815E+09  3.67404E+09  2.79288E+09  1.13804E+03  6.21183E+08  8.66891E+08  6.00289E+08  2.20697E+09  2.80715E+09  2.19260E+09
