  38
 0.130 -1.04254E-01  1.76133E-01  1.27864E-01  6.92435E+00 -5.66574E+01  2.19921E+01  7.17825E-01 -1.54779E-01  6.78801E-01  1.30429E+01   1.000   0.635  2.65216E+07  2.58797E+07  1.25380E+06  0.00000E+00  3.60820E+07  3.82396E-03  2.64462E+02   7.076   7.129
 0.140  6.68483E-02  1.70812E-02  6.88218E-02 -9.98225E+00 -4.01376E+01  2.44067E+01  4.76874E-01 -2.78670E-01 -8.33627E-01  1.08158E+01   1.070   0.500  2.74665E+07  2.68648E+07  1.74008E+06  4.22804E+05  3.85762E+07  6.25350E-03  2.94519E+02   7.135   7.244
 0.150  1.89675E-01  4.31129E-02 -4.41507E-02 -3.72999E+01 -2.43982E+01  1.66360E+01  5.49623E-01  2.34495E-01 -8.01827E-01  1.52411E+01   1.226   0.983  4.55275E+07  4.33528E+07  8.75238E+05  2.03764E+05  3.73291E+07  2.67102E-04  4.05326E+02   7.132   7.233
 0.160  1.02692E-01 -1.48317E-01  2.66839E-01 -3.58812E+01 -1.67459E+01  2.04644E+01 -9.36206E-01  1.69938E-01 -3.07635E-01  8.48451E+00   1.470   0.963  7.46873E+07  7.12761E+07  2.14150E+06  6.84467E+05  8.05610E+07  7.31370E-04  4.79693E+02   7.151   7.211
 0.170  1.59554E-02 -7.47431E-02 -2.92919E-02 -7.49941E+00  3.35373E+01 -4.65905E+00 -4.23122E-01  1.28949E-01  8.96850E-01  6.63443E+00   1.369   0.898  8.93180E+07  8.55310E+07  3.54576E+06  1.35219E+06  7.75680E+07  1.11811E-02  3.24935E+02   7.486   7.300
 0.180  1.16604E-01 -3.08213E-01  1.00872E-01 -1.67000E+01  1.35955E+00  2.09033E+01 -4.65451E-01 -7.58497E-01  4.56111E-01  1.41805E+01   1.493   0.900  6.42841E+07  6.11830E+07  1.49737E+06  1.58732E+05  4.10703E+07  5.66763E-03  3.65163E+02   7.474   7.374
 0.190  2.69819E-01  6.74272E-03  3.97275E-01 -3.66289E+01 -4.37583E+01  1.96852E+01  4.34698E-01 -8.25112E-01 -3.60870E-01  3.66455E+01   2.119   1.502  8.42489E+07  7.87696E+07  9.83971E+06  2.76706E+06  1.52559E+08  3.11485E-02  3.30132E+02   7.510   7.400
 0.200 -2.01536E-01 -3.11605E-01  1.78561E-01 -3.36753E+01 -5.59033E+00  1.71819E+01 -1.79391E-02 -2.67627E-02  9.99481E-01  3.01197E+01   2.047   1.232  1.18542E+08  1.10393E+08  5.75349E+06  1.33837E+06  1.20966E+08  1.94243E-02  4.47496E+02   7.411   7.420
 0.210  1.03388E-01 -4.14727E-01  4.01511E-02 -4.34918E+01 -5.66699E+00  1.87537E+01 -3.81676E-01 -3.02472E-01 -8.73404E-01  8.11282E+01   2.981   1.189  3.37403E+08  3.17183E+08  1.56789E+07  6.69116E+06  3.49430E+08  4.16925E-02  5.99520E+02   7.505   7.322
 0.220 -1.88373E-01  2.99572E-01  4.02500E-01 -3.27682E+01 -8.73466E+00  2.98805E+00  1.11187E-01 -9.88228E-01  1.05081E-01  2.46980E+01   2.783   1.495  2.49215E+08  2.26846E+08  1.06978E+07  2.48011E+06  2.05934E+08  2.61577E-02  4.83728E+02   7.699   7.531
 0.230 -1.93791E+00  1.91147E+00 -1.66169E-01  4.38112E+01  1.88637E+01 -4.49357E+01 -4.68560E-01 -4.73908E-01 -7.45562E-01  1.78964E+02   4.661   2.241  4.39982E+08  4.04751E+08  1.17279E+08  6.78157E+07  1.82838E+09  4.87856E-01  3.49098E+02   7.885   7.601
 0.240 -6.89419E-01 -3.65527E-01  4.08840E-01  5.06531E+01 -6.50833E+01  2.96082E+01  6.40594E-01  2.56333E-01  7.23832E-01  3.64818E+01   4.897   3.520  1.10749E+09  9.70357E+08  5.58060E+07  1.96473E+07  6.62279E+08  1.14720E-01  3.07478E+02   7.924   7.815
 0.250  1.13669E+00 -5.95418E-01 -2.98010E-01 -1.68760E+01 -2.12927E+01 -2.29126E+01  1.22320E-01  6.77736E-01 -7.25060E-01  1.16339E+02   3.178   1.471  7.56560E+08  7.53370E+08  6.55451E+07  7.72468E+06  2.48334E+08  6.95743E-01  1.90444E+02   7.978   7.920
 0.260 -4.57747E-01  4.96576E-01  1.14265E-01 -3.42334E+01  9.49378E+01  1.85198E+01  1.89938E-01  3.03238E-01 -9.33794E-01  8.08604E+01   4.095   2.128  8.76240E+08  8.40883E+08  8.60928E+07  3.52377E+07  5.88120E+08  2.02416E-01  4.32543E+02   8.101   7.881
 0.270 -6.61664E-02 -5.08425E-02 -2.89711E-02  3.78835E+01 -1.92868E+01 -8.63655E+00  9.45595E-01  1.83117E-01  2.68921E-01  4.45129E+01   4.382   2.286  9.29955E+08  8.53090E+08  8.14791E+07  3.04971E+07  5.21028E+08  1.43500E-01  5.20576E+02   8.111   7.935
 0.280 -4.97221E-02 -1.24750E-01 -1.14962E-01  1.34718E+00 -1.12718E+01  3.59617E+00  8.69378E-01  1.79249E-01 -4.60492E-01  1.51760E+01   3.502   2.299  7.90493E+08  7.57083E+08  1.27644E+08  4.24624E+07  4.54849E+08  3.78852E-01  4.76177E+02   8.239   8.036
 0.290  2.76409E-02  9.14458E-02  7.03883E-02  2.43644E+00  1.90978E+01  1.03650E+01  9.48773E-01 -2.04223E-01  2.41088E-01  3.18855E+01   2.823   1.023  5.32998E+08  7.04665E+08  3.09404E+08  2.92125E+07  3.12101E+08  2.63096E+00  2.23440E+02   8.459   8.442
 0.300 -1.51116E-01 -7.03712E-02 -1.15412E-01  2.42732E+01  3.16171E+01  5.14123E+00  8.52971E-01 -1.95385E-01 -4.84009E-01  6.51147E+01   3.437   1.009  4.54026E+08  5.96503E+08  4.69117E+08  3.81242E+07  4.04468E+08  1.86267E+00  2.70120E+02   8.481   8.575
 0.310  4.89757E-03  4.01832E-01 -1.25431E-01  9.68965E-01 -4.60318E+00 -4.82742E+00  8.70715E-01 -3.83665E-01 -3.07662E-01  7.89906E+01   4.648   1.685  4.99807E+08  5.37003E+08  5.28062E+08  5.52403E+07  6.54049E+08  1.00076E+00  3.92195E+02   8.431   8.593
 0.320  4.89748E-02  7.26605E-02 -1.27501E-01 -6.98485E+00 -8.45532E+00 -1.98262E+01  8.01080E-01 -5.44814E-01 -2.47889E-01  8.88852E+01   4.285   0.929  4.83205E+08  5.23155E+08  5.35602E+08  4.25107E+07  4.53270E+08  8.41270E-01  4.49103E+02   8.394   8.636
 0.330  7.74342E-02  2.56514E-01 -1.23903E-01  1.61909E+00 -2.56676E+00 -3.55524E+00  2.81941E-01 -2.07259E-01 -9.36778E-01  1.47301E+02   4.843   2.591  5.22227E+08  4.81328E+08  3.63868E+08  7.34104E+07  9.07205E+08  1.81855E-01  7.53443E+02   8.277   8.550
 0.340 -3.88960E-01 -3.03423E-01 -6.42313E-01 -1.53568E+00  1.78710E+00 -4.69514E+00  1.63227E-01 -3.15146E-01 -9.34901E-01  1.21382E+02   5.131   3.033  7.14153E+08  6.86426E+08  4.98716E+08  7.93530E+07  1.10083E+09  5.03405E-01  7.52471E+02   8.222   8.553
 0.350 -2.56975E-01  2.86127E-02 -1.72003E-01  6.87596E+00  6.04725E+00 -3.32206E+00  1.63021E-01  5.48754E-04 -9.86623E-01  1.96084E+02   5.534   2.208  7.29444E+08  7.65220E+08  6.99782E+08  7.53341E+07  9.68644E+08  1.12516E+00  7.00572E+02   8.203   8.562
 0.360  3.09158E-03  6.33746E-02 -5.51372E-02  7.72067E+00 -1.86994E+00  4.81683E-01  2.42319E-01 -4.31521E-02 -9.69237E-01  2.58926E+02   5.455   1.576  9.93019E+08  9.94690E+08  6.80109E+08  6.90824E+07  8.13591E+08  8.40360E-01  7.80144E+02   8.105   8.545
 0.370 -1.94479E-01  1.37576E-01 -1.81369E-01 -1.30949E+01 -6.43977E+00 -3.29472E+00  3.04968E-01 -4.04449E-01 -8.62215E-01  2.76900E+02   6.621   2.266  8.85864E+08  9.09364E+08  8.67010E+08  8.41729E+07  1.21673E+09  1.04292E+00  7.82362E+02   8.152   8.481
 0.380  7.23563E-02  7.07531E-01  7.49105E-01  1.12419E+02  6.91147E+01  8.89746E+01  1.90288E-01  3.19766E-01 -9.28192E-01  3.92193E+02   7.309   3.809  2.51594E+09  2.33906E+09  5.28556E+08  2.22404E+08  3.39379E+09  5.17985E-01  1.31254E+03   8.123   8.274
 0.390  1.39772E+00  6.68170E-01  3.71905E+00 -1.24171E+01  4.06497E+01 -8.22535E+00 -9.85678E-01 -3.72156E-02  1.64480E-01  4.73826E+02  12.762   5.791  1.43169E+09  1.19093E+09  2.48040E+08  7.25796E+07  2.68611E+09  1.95134E-01  1.54043E+03   8.183   8.284
 0.400 -2.21168E-01  6.74140E-01 -1.34215E+00 -1.13684E+01  3.99079E+01 -4.31106E+01 -9.03455E-01 -2.47324E-01 -3.50144E-01  2.61977E+02   7.129   4.597  1.43860E+09  1.33138E+09  2.92265E+08  5.61498E+07  1.03973E+09  3.83221E-01  1.56087E+03   8.155   8.421
 0.410  4.22797E-01  1.96000E-01  4.56337E-01  1.53875E+01 -5.89441E+00 -3.32751E+01  6.64988E-02 -1.46510E-01 -9.86971E-01  3.19443E+02   7.865   3.088  2.37001E+09  2.31242E+09  8.44470E+08  5.75729E+08  2.04620E+09  2.15296E+00  9.57397E+02   8.352   8.548
 0.420 -1.07682E+00 -1.71953E+00 -3.61056E-01 -3.69396E+01  2.47749E+01 -2.53037E+01  3.04794E-01 -2.81941E-01 -9.09730E-01  8.87397E+02   9.677   3.855  3.10028E+09  3.07830E+09  1.41032E+09  7.70128E+08  3.34232E+09  2.79353E+00  9.03413E+02   8.298   8.481
 0.430 -6.29137E-01 -1.17577E+00  4.65680E-01 -6.37553E+01  2.52977E-01  6.49441E+00  7.45357E-02 -3.37145E-01 -9.38497E-01  9.36479E+02  11.070   3.359  2.89694E+09  2.83045E+09  1.90041E+09  9.26490E+08  3.02149E+09  2.33567E+00  8.56997E+02   8.286   8.584
 0.440  3.94690E-01 -5.29009E-02  3.78447E-01 -1.91125E+01 -2.19361E+01  1.95214E+01  1.32216E-01 -4.92508E-01 -8.60206E-01  9.80234E+02  10.632   3.764  3.18903E+09  3.08831E+09  1.86584E+09  9.47608E+08  3.25012E+09  1.03238E+00  9.90180E+02   8.280   8.526
 0.450  3.55639E-01 -1.51865E+00  1.07706E+00 -1.03057E+01 -2.46782E+01  1.35161E+01  1.06758E-01 -5.58886E-01 -8.22344E-01  1.02870E+03  11.444   4.946  4.87499E+09  4.81247E+09  2.15300E+09  9.18230E+08  4.16082E+09  4.12302E+00  1.00092E+03   8.265   8.457
 0.460 -6.13721E-01 -3.16411E-01  1.41214E-01 -1.10076E+01  1.80062E+01 -1.69582E+01  6.25187E-03 -7.17816E-01 -6.96205E-01  8.11336E+02   9.489   4.237  2.83897E+09  2.75811E+09  2.11064E+09  8.33237E+08  3.05849E+09  1.36908E+00  1.10088E+03   8.334   8.492
 0.470  8.44450E-01  9.32854E-02  2.04275E-01  8.29780E+00 -3.27929E+01  3.46857E+01  2.63080E-02 -6.72466E-01 -7.39661E-01  9.27552E+02   9.882   4.984  4.41910E+09  4.36461E+09  2.31166E+09  8.26831E+08  3.71769E+09  3.70242E+00  1.12690E+03   8.341   8.420
 0.480  1.56888E-02 -2.74550E-01  3.23845E-01  1.97107E+00 -1.08254E+00 -2.88666E-02 -4.81186E-02 -6.36513E-01 -7.69764E-01  8.96815E+02  11.469   6.259  4.22635E+09  4.14195E+09  2.48128E+09  7.71956E+08  4.43834E+09  3.25293E+00  1.14757E+03   8.384   8.397
 0.490  6.37856E-01 -6.33611E-02 -2.37389E-01  1.78606E+01 -1.93558E+01 -2.85768E+00 -8.72139E-02 -7.34002E-01 -6.73524E-01  8.34353E+02   9.046   3.011  3.59626E+09  3.66272E+09  2.33385E+09  6.36749E+08  2.97835E+09  3.72322E+00  1.19359E+03   8.423   8.439
 0.500 -3.55786E-01  1.66129E-01 -1.22642E-01  1.29900E+01  1.11020E+01 -1.15158E+01 -9.66756E-02 -7.66601E-01 -6.34805E-01  8.18318E+02   9.260   3.535  3.55645E+09  3.65950E+09  2.82815E+09  6.21183E+08  3.21928E+09  4.20672E+00  1.13804E+03   8.468   8.439
