  38
 0.130        24682  0.15507E-02 -0.14178E-01 -0.28910E-01  0.20215E+02 -0.38031E+01 -0.86865E+01  0.71783E+00 -0.15478E+00  0.67880E+00   1.000   0.635
 0.140         5803  0.23854E-02 -0.11808E-01  0.88858E-02  0.35460E+02  0.72346E+01  0.16415E+02  0.47687E+00 -0.27867E+00 -0.83363E+00   1.070   0.500
 0.150        23246  0.22991E-01 -0.17882E-02  0.19607E-01 -0.39396E+01 -0.28878E+02  0.28296E+02  0.54962E+00  0.23450E+00 -0.80183E+00   1.226   0.983
 0.160         4641  0.22894E-01 -0.12401E-01  0.10765E-01 -0.18471E+02 -0.22353E+02 -0.30850E+02 -0.93621E+00  0.16994E+00 -0.30764E+00   1.470   0.963
 0.170        24088  0.21723E-01  0.37653E-02 -0.18464E-01  0.37035E+02  0.34533E+02 -0.70717E+01 -0.42312E+00  0.12895E+00  0.89685E+00   1.369   0.898
 0.180         4374  0.33723E-02  0.45986E-02 -0.25293E-02  0.32544E+02 -0.52837E+02  0.36352E+02 -0.46545E+00 -0.75850E+00  0.45611E+00   1.493   0.900
 0.190        24572  0.26378E-01  0.67969E-02 -0.90625E-02 -0.38510E+02  0.30099E+01 -0.20990E+02  0.43470E+00 -0.82511E+00 -0.36087E+00   2.119   1.502
 0.200        71285 -0.13456E-01  0.54507E-02 -0.86871E-02 -0.20829E-01 -0.46077E+01  0.40344E+02 -0.17939E-01 -0.26763E-01  0.99948E+00   2.047   1.232
 0.210        14186  0.50085E-02 -0.76917E-02 -0.74234E-02 -0.91823E+01 -0.11760E+02  0.40347E+02 -0.38168E+00 -0.30247E+00 -0.87340E+00   2.981   1.189
 0.220        11445 -0.41227E-02 -0.69336E-02  0.26235E-02  0.72624E+01  0.22625E+02  0.43837E+02  0.11119E+00 -0.98823E+00  0.10508E+00   2.783   1.495
 0.230       169497 -0.19589E-02  0.11753E-02  0.48971E-03 -0.89014E+01 -0.17969E+01 -0.13644E+02 -0.46856E+00 -0.47391E+00 -0.74556E+00   4.661   2.241
 0.240       167376 -0.12879E-01  0.91994E-02  0.12470E-01 -0.14343E+02  0.45401E+01  0.48074E+01  0.64059E+00  0.25633E+00  0.72383E+00   4.897   3.520
 0.250       175549  0.46841E-02  0.00000E+00 -0.11285E-01  0.35121E+01  0.14665E+01 -0.24235E+02  0.12232E+00  0.67774E+00 -0.72506E+00   3.178   1.471
 0.260       269477 -0.57594E-02 -0.13955E-01  0.55378E-03  0.16724E+02 -0.59539E+01 -0.17464E+02  0.18994E+00  0.30324E+00 -0.93379E+00   4.095   2.128
 0.270       270427 -0.32198E-02 -0.87395E-02  0.21849E-02 -0.26580E+02  0.14951E+02  0.53818E+01  0.94559E+00  0.18312E+00  0.26892E+00   4.382   2.286
 0.280        22315 -0.71532E-03  0.45304E-02 -0.11803E-01  0.28003E+02  0.41974E+02  0.13200E+01  0.86938E+00  0.17925E+00 -0.46049E+00   3.502   2.299
 0.290       383183 -0.24709E-03  0.17296E-02  0.86481E-03 -0.22663E+02  0.14768E+03 -0.44237E+02  0.94877E+00 -0.20422E+00  0.24109E+00   2.823   1.023
 0.300       395431  0.22999E-02  0.51108E-03 -0.15332E-02  0.37111E+02 -0.14787E+03  0.35670E+02  0.85297E+00 -0.19538E+00 -0.48401E+00   3.437   1.009
 0.310       406952  0.13206E-02 -0.26413E-03 -0.11886E-02  0.18414E+02  0.11997E+03 -0.27863E+02  0.87072E+00 -0.38366E+00 -0.30766E+00   4.648   1.685
 0.320       356484 -0.54504E-03  0.00000E+00  0.32702E-02  0.17529E+03  0.24344E+03 -0.99723E+02  0.80108E+00 -0.54481E+00 -0.24789E+00   4.285   0.929
 0.330       417654  0.84310E-03 -0.53397E-02  0.00000E+00 -0.29867E+02 -0.18363E+02  0.75186E+01  0.28194E+00 -0.20726E+00 -0.93678E+00   4.843   2.591
 0.340       472557 -0.31854E-02  0.23167E-02 -0.15927E-02 -0.39382E+02 -0.63706E+02  0.96173E+02  0.16323E+00 -0.31515E+00 -0.93490E+00   5.131   3.033
 0.350       518741  0.00000E+00  0.14907E-02 -0.29814E-03 -0.42414E+02  0.68888E+01  0.18139E+02  0.16302E+00  0.54875E-03 -0.98662E+00   5.534   2.208
 0.360       724947 -0.91987E-03  0.33729E-02 -0.22997E-02 -0.15780E+03  0.94200E+02 -0.18459E+03  0.24232E+00 -0.43152E-01 -0.96924E+00   5.455   1.576
 0.370       176686  0.18906E-02 -0.15755E-02  0.26783E-02 -0.16606E+03  0.22716E+03  0.16836E+03  0.30497E+00 -0.40445E+00 -0.86222E+00   6.621   2.266
 0.380       372398  0.97098E-03  0.64732E-03 -0.64732E-03  0.23198E+03  0.25313E+02 -0.84636E+02  0.19029E+00  0.31977E+00 -0.92819E+00   7.309   3.809
 0.390      1017666 -0.99672E-03  0.23257E-02 -0.49836E-03 -0.63987E+02  0.32226E+02  0.20530E+03 -0.98568E+00 -0.37216E-01  0.16448E+00  12.762   5.791
 0.400       633199 -0.15675E-01  0.14994E-01  0.78376E-02  0.12640E+02  0.37452E+01  0.29971E+02 -0.90345E+00 -0.24732E+00 -0.35014E+00   7.129   4.597
 0.410      1174525  0.10477E-02 -0.10477E-02 -0.52385E-03  0.35958E+03  0.11690E+03 -0.58207E+02  0.66499E-01 -0.14651E+00 -0.98697E+00   7.865   3.088
 0.420       623389  0.14308E-02 -0.35770E-03  0.71540E-03 -0.55166E+02 -0.14949E+03 -0.33273E+03  0.30479E+00 -0.28194E+00 -0.90973E+00   9.677   3.855
 0.430       828643  0.00000E+00  0.73266E-03  0.14653E-02  0.68168E+01  0.29730E+03 -0.16865E+03  0.74536E-01 -0.33715E+00 -0.93850E+00  11.070   3.359
 0.440      1208107  0.11245E-02 -0.74967E-03  0.26239E-02 -0.46753E+02 -0.87582E+00  0.42565E+02  0.13222E+00 -0.49251E+00 -0.86021E+00  10.632   3.764
 0.450       531753 -0.22995E-02  0.38326E-03  0.57489E-03  0.83142E+02  0.15639E+03 -0.46262E+01  0.10676E+00 -0.55889E+00 -0.82234E+00  11.444   4.946
 0.460      1320932  0.00000E+00  0.39184E-03  0.31347E-02 -0.23326E+03  0.77234E+02  0.10072E+03  0.62519E-02 -0.71782E+00 -0.69620E+00   9.489   4.237
 0.470       614500  0.80091E-03  0.24027E-02 -0.10011E-02 -0.39341E+02  0.44664E+03 -0.62797E+02  0.26308E-01 -0.67247E+00 -0.73966E+00   9.882   4.984
 0.480      1135316 -0.81769E-03 -0.81769E-03 -0.16354E-02 -0.15386E+03  0.31397E+03  0.59071E+02 -0.48119E-01 -0.63651E+00 -0.76976E+00  11.469   6.259
 0.490      1320984  0.41726E-03 -0.41726E-03 -0.16690E-02  0.30481E+03  0.32829E+02 -0.14892E+03 -0.87214E-01 -0.73400E+00 -0.67352E+00   9.046   3.011
 0.500       958663  0.12778E-02 -0.85185E-03  0.42593E-03  0.17642E+03 -0.97544E+02  0.18788E+03 -0.96676E-01 -0.76660E+00 -0.63481E+00   9.260   3.535
