  41
 0.100  6.75000E+00  8.10523E+09  7.18563E+01
 0.110  8.75000E+00  1.33636E+10  8.10385E+01
 0.120  1.12500E+01  2.21454E+10  9.20025E+01
 0.130  1.47500E+01  3.84596E+10  1.05886E+02
 0.140  1.80000E+01  5.76518E+10  1.17356E+02
 0.150  2.12500E+01  7.70644E+10  1.24877E+02
 0.160  2.40000E+01  9.14972E+10  1.28036E+02
 0.170  2.67500E+01  1.07137E+11  1.31233E+02
 0.180  3.35000E+01  1.78696E+11  1.51450E+02
 0.190  3.75000E+01  2.12317E+11  1.56031E+02
 0.200  4.15000E+01  2.47485E+11  1.60134E+02
 0.210  4.62500E+01  2.92952E+11  1.65035E+02
 0.220  5.35000E+01  3.99631E+11  1.79220E+02
 0.230  5.80000E+01  4.40988E+11  1.80815E+02
 0.240  6.12500E+01  4.62048E+11  1.80104E+02
 0.250  6.52500E+01  4.92761E+11  1.80203E+02
 0.260  6.87500E+01  5.18347E+11  1.80056E+02
 0.270  7.22500E+01  5.36067E+11  1.78618E+02
 0.280  7.52500E+01  5.45627E+11  1.76575E+02
 0.290  7.82500E+01  5.54934E+11  1.74628E+02
 0.300  8.15000E+01  5.67539E+11  1.73043E+02
 0.310  8.50000E+01  5.86657E+11  1.72273E+02
 0.320  8.87500E+01  6.05021E+11  1.71212E+02
 0.330  9.22500E+01  6.24582E+11  1.70626E+02
 0.340  9.62500E+01  6.51622E+11  1.70621E+02
 0.350  1.00500E+02  6.81004E+11  1.70697E+02
 0.360  1.05750E+02  7.33271E+11  1.72674E+02
 0.370  1.10250E+02  7.65886E+11  1.72833E+02
 0.380  1.14250E+02  7.89243E+11  1.72350E+02
 0.390  1.17750E+02  7.97672E+11  1.70673E+02
 0.400  1.20500E+02  7.97858E+11  1.68734E+02
 0.410  1.22750E+02  7.89974E+11  1.66353E+02
 0.420  1.25000E+02  7.75861E+11  1.63370E+02
 0.430  1.28000E+02  7.74933E+11  1.61347E+02
 0.440  1.30750E+02  7.78365E+11  1.59995E+02
 0.450  1.33750E+02  7.86043E+11  1.58968E+02
 0.460  1.37000E+02  7.97166E+11  1.58179E+02
 0.470  1.41250E+02  8.21793E+11  1.58169E+02
 0.480  1.44750E+02  8.37593E+11  1.57740E+02
 0.490  1.48250E+02  8.49551E+11  1.56975E+02
 0.500  1.51500E+02  8.57645E+11  1.56020E+02
