  41
 0.100  1.01250E+00  4.38789E+07  2.93017E+07  3.31566E+07  4.05341E+07  2.21162E+07  3.92496E+08  3.05675E-01
 0.110  1.31250E+00  6.25490E+06  4.14907E+07  4.93546E+07  5.47729E+06  8.45737E+06  6.63693E+08  4.21198E-02
 0.120  1.68750E+00  1.09875E+08  6.76922E+07  8.15189E+07  1.03830E+08  9.57203E+06  1.39697E+09  1.46608E-01
 0.130  2.21250E+00  4.40870E+08  4.37204E+08  5.06271E+08  4.14744E+08  2.83800E+08  4.91630E+09  3.59750E+00
 0.140  2.70000E+00  1.15601E+09  8.30008E+08  9.65471E+08  1.10145E+09  4.01903E+08  6.08398E+09  5.64825E+00
 0.150  3.18750E+00  8.37823E+08  1.49483E+09  1.77311E+09  7.77009E+08  5.81324E+08  9.46937E+09  5.49667E+00
 0.160  3.60000E+00  1.41341E+09  1.96639E+09  2.36799E+09  1.32134E+09  4.60984E+08  9.43503E+09  5.48607E+00
 0.170  4.01250E+00  1.33542E+09  2.49256E+09  3.04110E+09  1.23059E+09  4.60467E+08  1.12237E+10  5.36775E+00
 0.180  5.02500E+00  2.90560E+09  3.23037E+09  3.97201E+09  2.70875E+09  5.19867E+08  1.68303E+10  6.80550E+00
 0.190  5.62500E+00  4.70289E+09  5.49598E+09  6.62447E+09  4.31001E+09  2.08018E+09  2.58557E+10  2.71513E+01
 0.200  6.22500E+00  3.17233E+09  7.90275E+09  9.59893E+09  2.89461E+09  2.17961E+09  2.61222E+10  2.37850E+01
 0.210  6.93750E+00  5.74959E+09  1.12169E+10  1.37996E+10  5.36437E+09  1.95704E+09  4.15140E+10  2.39783E+01
 0.220  8.02500E+00  5.77033E+09  1.37356E+10  1.70260E+10  5.24972E+09  2.32602E+09  4.28557E+10  2.51692E+01
 0.230  8.70000E+00  9.51775E+09  2.11297E+10  2.63759E+10  8.71789E+09  3.32199E+09  6.96051E+10  3.93928E+01
 0.240  9.18750E+00  4.78238E+09  1.99561E+10  2.49737E+10  4.20483E+09  3.21457E+09  5.47840E+10  3.84890E+01
 0.250  9.78750E+00  4.36002E+09  2.96697E+10  3.75016E+10  3.81437E+09  3.05528E+09  7.64375E+10  3.56231E+01
 0.260  1.03125E+01  6.69369E+09  3.23177E+10  4.13215E+10  5.93250E+09  2.09851E+09  7.99759E+10  2.20799E+01
 0.270  1.08375E+01  7.19360E+09  3.43579E+10  4.43536E+10  6.36828E+09  1.69747E+09  8.69815E+10  1.87059E+01
 0.280  1.12875E+01  7.30751E+09  3.65463E+10  4.74512E+10  6.32758E+09  1.93798E+09  9.15969E+10  1.98205E+01
 0.290  1.17375E+01  6.95073E+09  3.78471E+10  4.95552E+10  6.12515E+09  1.20834E+09  9.45679E+10  1.30803E+01
 0.300  1.22250E+01  6.03101E+09  3.92594E+10  5.17286E+10  5.26626E+09  1.25470E+09  9.95231E+10  1.33793E+01
 0.310  1.27500E+01  7.28386E+09  4.01059E+10  5.32101E+10  6.55415E+09  8.55951E+08  1.01885E+11  1.01320E+01
 0.320  1.33125E+01  6.19927E+09  4.11202E+10  5.48517E+10  5.46342E+09  7.73429E+08  1.07325E+11  8.16986E+00
 0.330  1.38375E+01  6.76955E+09  4.21308E+10  5.64387E+10  5.91185E+09  8.18228E+08  1.12785E+11  9.50107E+00
 0.340  1.44375E+01  9.24885E+09  4.31098E+10  5.79650E+10  8.24132E+09  8.18782E+08  1.19869E+11  9.72096E+00
 0.350  1.50750E+01  8.27318E+09  4.40552E+10  5.94119E+10  7.16807E+09  8.59849E+08  1.25168E+11  8.91455E+00
 0.360  1.58625E+01  9.19941E+09  4.51225E+10  6.10301E+10  8.13347E+09  8.09518E+08  1.32705E+11  9.75771E+00
 0.370  1.65375E+01  1.11268E+10  4.67247E+10  6.32343E+10  9.78685E+09  1.17515E+09  1.40376E+11  1.36086E+01
 0.380  1.71375E+01  1.19864E+10  4.78297E+10  6.49051E+10  1.06810E+10  8.31296E+08  1.47801E+11  9.51522E+00
 0.390  1.76625E+01  1.49127E+10  4.96437E+10  6.73592E+10  1.34137E+10  1.35805E+09  1.52916E+11  1.74167E+01
 0.400  1.80750E+01  1.31595E+10  5.08839E+10  6.91937E+10  1.16964E+10  9.76701E+08  1.56101E+11  1.04963E+01
 0.410  1.84125E+01  1.36931E+10  5.21222E+10  7.10244E+10  1.22984E+10  8.55766E+08  1.59910E+11  9.75760E+00
 0.420  1.87500E+01  1.51867E+10  5.32786E+10  7.27284E+10  1.37188E+10  1.01597E+09  1.63349E+11  1.10957E+01
 0.430  1.92000E+01  1.60243E+10  5.47590E+10  7.48455E+10  1.44560E+10  9.96349E+08  1.66582E+11  1.13894E+01
 0.440  1.96125E+01  1.86123E+10  5.63415E+10  7.70467E+10  1.68769E+10  1.20617E+09  1.73607E+11  1.40649E+01
 0.450  2.00625E+01  1.68040E+10  5.86701E+10  8.01648E+10  1.47767E+10  1.67749E+09  1.77814E+11  1.83420E+01
 0.460  2.05500E+01  1.54906E+10  6.03990E+10  8.26550E+10  1.38676E+10  1.24862E+09  1.80843E+11  1.37556E+01
 0.470  2.11875E+01  1.52945E+10  6.23739E+10  8.54224E+10  1.35578E+10  1.32632E+09  1.87719E+11  1.54556E+01
 0.480  2.17125E+01  1.50799E+10  6.42988E+10  8.81322E+10  1.33593E+10  1.36403E+09  1.93932E+11  1.37775E+01
 0.490  2.22375E+01  1.45032E+10  6.65752E+10  9.12807E+10  1.27459E+10  1.52928E+09  1.98392E+11  1.64416E+01
 0.500  2.27250E+01  1.31800E+10  6.85630E+10  9.41110E+10  1.15104E+10  1.36127E+09  2.04841E+11  1.44659E+01
