  41
 0.100   1.000  3.01428E-01  3.33995E-01  2.44047E-01
 0.110   1.185  3.84272E-02  1.57005E-02  1.01224E-01
 0.120   1.525  1.11140E-01  1.22506E-01  7.97778E-02
 0.130   1.283  3.20378E+00  3.11825E+00  2.75384E+00
 0.140   1.698  4.79075E+00  5.39746E+00  3.76069E+00
 0.150   2.374  4.80394E+00  4.27841E+00  5.99167E+00
 0.160   3.128  5.04816E+00  5.10653E+00  4.80270E+00
 0.170   3.573  4.83267E+00  4.68268E+00  4.83589E+00
 0.180   3.943  6.31114E+00  6.80808E+00  5.33781E+00
 0.190   3.951  2.37044E+01  2.36902E+01  2.06201E+01
 0.200   1.715  2.05803E+01  2.06700E+01  1.95791E+01
 0.210   5.375  2.04847E+01  2.13921E+01  1.93957E+01
 0.220   4.612  2.23894E+01  2.23513E+01  2.37526E+01
 0.230   4.890  2.58571E+01  2.49859E+01  2.55648E+01
 0.240   2.517  3.44142E+01  3.49560E+01  2.98753E+01
 0.250   1.000  3.16309E+01  3.25392E+01  2.87883E+01
 0.260   6.400  2.08960E+01  2.04407E+01  2.23087E+01
 0.270   5.539  1.64825E+01  1.60908E+01  1.72830E+01
 0.280   5.771  1.72159E+01  1.65922E+01  1.92276E+01
 0.290   7.057  1.17538E+01  1.09909E+01  1.26428E+01
 0.300   7.749  1.18697E+01  1.12065E+01  1.25949E+01
 0.310   8.695  9.46655E+00  9.49515E+00  8.97528E+00
 0.320   9.476  6.50829E+00  6.17557E+00  7.09433E+00
 0.330   9.484  8.09170E+00  8.37460E+00  7.56982E+00
 0.340  10.569  9.15619E+00  9.39120E+00  8.65780E+00
 0.350  11.432  8.38727E+00  7.90127E+00  8.82352E+00
 0.360  10.065  8.73359E+00  8.81535E+00  7.98836E+00
 0.370  12.536  1.29848E+01  1.28164E+01  1.30170E+01
 0.380  13.447  8.14761E+00  8.37158E+00  7.69094E+00
 0.390  14.962  1.53292E+01  1.56360E+01  1.38240E+01
 0.400  13.476  8.63991E+00  8.77484E+00  8.22215E+00
 0.410  14.727  7.56326E+00  7.67821E+00  7.59889E+00
 0.420  15.063  9.31491E+00  9.09877E+00  9.41088E+00
 0.430  16.861  1.02062E+01  9.60612E+00  1.00530E+01
 0.440  16.644  1.23652E+01  1.25997E+01  1.19439E+01
 0.450  15.068  1.44408E+01  1.33140E+01  1.45483E+01
 0.460  12.174  1.09132E+01  1.09458E+01  1.09826E+01
 0.470  12.969  1.24216E+01  1.24281E+01  1.22125E+01
 0.480  12.247  1.19077E+01  1.15903E+01  1.20770E+01
 0.490  10.392  1.37314E+01  1.35235E+01  1.41352E+01
 0.500  10.181  1.36385E+01  1.35711E+01  1.46511E+01
