  43
 0.140 -5.37203E-01 -1.32123E-01 -3.93679E-01  6.01368E+01 -4.16192E+01  1.95098E+01   1.547  1.91096E+08  1.95225E+08  3.26443E+07  0.00000E+00  1.12602E+09  2.91734E-01  1.39219E+02   7.318   7.065
 0.150  3.89813E-01 -1.46979E-01 -4.98721E-02 -3.19859E+01  2.35163E+00 -1.20049E+01   1.799  4.91517E+07  8.41598E+07  7.46901E+07  7.59147E+06  1.50430E+09  2.19961E-01  1.42308E+02   7.539   7.326
 0.160 -3.03922E-01 -4.75247E-01  1.68095E-01 -7.04717E+00  1.90831E+01  4.62250E+01   1.476  7.36337E+07  7.38503E+07  4.29937E+07  1.00816E+07  7.53482E+08  3.56261E-02  2.34325E+02   7.470   7.339
 0.170  7.16965E-02  7.45065E-02 -4.90897E-02 -1.15303E+01 -7.01852E+00 -1.80141E+01   1.842  2.25426E+08  2.31914E+08  8.86241E+07  3.45053E+07  1.45816E+09  2.85371E-01  2.73736E+02   7.529   7.366
 0.180 -1.47160E-01  7.61343E-02 -2.43474E-03 -2.97768E+00  3.64389E+01 -1.97399E+01   1.942  1.46932E+08  1.64811E+08  1.43651E+08  3.73383E+07  1.59792E+09  3.56495E-01  2.98176E+02   7.593   7.445
 0.190 -1.07708E-01 -3.43831E-01  5.11103E-01 -1.88330E+01  5.90331E+01  1.96991E-01   2.349  2.08381E+08  2.00808E+08  1.60233E+08  4.85146E+07  1.97628E+09  9.52853E-02  4.07574E+02   7.368   7.435
 0.200  1.26230E-01 -1.81171E-01  6.80414E-01 -2.69074E+01  5.93609E+01  1.72847E+00   2.136  1.31185E+08  1.25131E+08  1.56526E+08  4.46536E+07  1.87410E+09  8.73408E-02  5.03293E+02   7.496   7.440
 0.210  3.11210E-01 -2.84219E-01  9.78998E-02  1.61003E+01 -7.78213E+00 -3.62482E+00   2.654  3.57796E+08  3.42738E+08  1.97933E+08  6.09761E+07  2.69576E+09  2.58061E-01  5.81907E+02   7.505   7.429
 0.220 -2.90129E-01 -4.19201E-02 -2.01857E-01  4.81576E+00  8.26494E+01 -4.70509E+00   2.607  1.39817E+08  1.45600E+08  2.26534E+08  6.31628E+07  2.59167E+09  2.20197E-01  6.07760E+02   7.628   7.457
 0.230 -3.75835E-01  9.06737E-02  1.64951E-01 -1.92794E+00  2.29426E+01  1.25507E+00   3.753  3.23723E+08  2.81558E+08  2.87744E+08  1.03432E+08  4.50402E+09  1.58833E-01  7.07571E+02   7.556   7.444
 0.240 -2.42739E-01  3.05301E-01 -9.69939E-02  1.23403E+01  4.48915E+01  2.73465E+01   3.438  4.72161E+08  4.43711E+08  3.05447E+08  9.90316E+07  4.22717E+09  3.52323E-01  7.67752E+02   7.559   7.462
 0.250 -1.98688E+00  2.88730E-01 -2.70071E-01  9.08792E+00  5.16267E+01  1.85344E+01   4.937  6.38513E+08  5.70675E+08  3.92134E+08  1.32501E+08  8.08395E+09  4.27622E-01  8.01628E+02   7.612   7.472
 0.260  1.51782E+00  7.56963E-01  5.52472E-02 -6.19491E+00 -1.78071E+01  3.21738E+01   5.558  7.57341E+08  6.40076E+08  3.96216E+08  1.29721E+08  7.23137E+09  1.43166E-01  9.05303E+02   7.565   7.485
 0.270  1.19832E-01  3.04861E-01 -5.85723E-03  1.29589E+01 -6.12483E+01  3.11283E+01   5.813  1.31266E+09  1.18826E+09  5.74861E+08  2.74763E+08  1.08579E+10  3.63543E-01  9.73954E+02   7.504   7.446
 0.280 -3.57044E-01  5.61323E-02  4.58496E-01  2.29106E+01 -1.41559E+01 -4.71409E+00   4.545  1.44809E+09  1.56871E+09  7.95543E+08  2.08743E+08  7.83196E+09  2.34274E+00  6.90857E+02   7.748   7.584
 0.290  3.11947E-01 -1.96279E-02  2.26944E-01 -5.26931E+00  2.11856E+00 -4.90042E+00   4.417  6.98785E+08  7.10741E+08  9.43943E+08  2.30519E+08  7.41585E+09  9.98978E-01  7.12235E+02   7.892   7.646
 0.300 -5.93700E-01 -3.09269E-01 -3.60787E-01  6.71802E-01 -6.25737E+00  1.82614E+00   5.637  1.85265E+09  1.88704E+09  1.40202E+09  3.77803E+08  1.11505E+10  3.81419E+00  6.64406E+02   7.958   7.715
 0.310  4.11922E-02 -1.33327E+00 -3.00307E-01 -1.41684E+01  1.96787E+01  2.53789E+01   6.365  1.40361E+09  1.34694E+09  1.50528E+09  3.19680E+08  1.20192E+10  8.24866E-01  7.43387E+02   7.993   7.802
 0.320  4.54861E-01  1.28008E-01 -2.01413E-01  1.37110E+01 -8.58544E+00  1.36126E+01   5.302  3.00317E+09  3.43345E+09  2.23654E+09  3.64784E+08  1.16831E+10  7.82440E+00  6.27437E+02   8.074   7.905
 0.330  7.90348E-01  1.74435E+00  5.72376E-01  2.94418E+01  2.95642E+01 -1.23389E+01   8.121  3.76808E+09  4.90531E+09  4.77779E+09  7.06143E+08  2.86290E+10  1.50771E+01  4.92805E+02   8.283   8.214
 0.340 -4.64992E-01  1.15981E+00  3.73256E-01  1.32041E+01  4.52554E+01  9.53756E+00   9.244  3.97073E+09  3.90495E+09  5.72727E+09  1.08867E+09  3.03131E+10  3.88416E+00  6.08215E+02   8.164   8.331
 0.350 -1.33586E+00  6.90403E-01  7.22737E-01  1.54507E+01  3.35039E+01  4.63257E+01  10.409  5.05675E+09  4.83790E+09  6.69570E+09  1.51311E+09  3.85862E+10  5.08819E+00  7.15392E+02   8.086   8.341
 0.360 -1.07041E-01 -6.29299E-01 -2.00086E-01 -4.51780E+01  2.59900E+01  1.32046E+01   9.667  3.18187E+09  2.97165E+09  6.68703E+09  1.27499E+09  3.15752E+10  2.73257E+00  8.02033E+02   8.188   8.366
 0.370 -6.84779E-01 -4.46449E-01 -3.37107E-02 -6.27585E+01  1.88993E+01 -7.74394E+00  11.764  4.38091E+09  3.92824E+09  7.22682E+09  1.60174E+09  3.91590E+10  1.56471E+00  9.43138E+02   8.107   8.351
 0.380 -1.47568E+00  9.42640E-01  6.48569E-02 -3.55454E+01  1.81754E+01 -8.10362E+00  11.740  6.62399E+09  6.13835E+09  7.48694E+09  1.68288E+09  4.07438E+10  2.52353E+00  1.06412E+03   8.024   8.346
 0.390  7.43637E-01 -9.15001E-02 -4.32002E-01 -4.68640E+01 -8.37051E+01  1.83607E+00  10.668  8.63597E+09  8.27057E+09  8.15963E+09  1.63225E+09  3.94212E+10  9.10113E+00  1.10456E+03   8.054   8.330
 0.400 -4.17594E-01 -2.93135E+00  1.48309E-01 -2.06569E+01 -2.04432E+01  2.77166E+00  10.920  5.72720E+09  5.64977E+09  8.85730E+09  1.73784E+09  4.16204E+10  4.83914E+00  1.16633E+03   8.131   8.326
 0.410  1.51957E+00  1.28252E+00 -8.17209E-01  3.08247E+01  2.02721E+01 -1.37806E-01  10.719  6.80799E+09  6.60493E+09  9.37372E+09  1.72029E+09  3.95878E+10  6.43971E+00  1.23667E+03   8.142   8.322
 0.420  1.67497E-01  1.85213E-01  3.13357E-01  1.43879E+00  7.29370E+00  3.29739E+00  12.915  6.79978E+09  6.46262E+09  1.08059E+10  2.08547E+09  4.95169E+10  7.03642E+00  1.28152E+03   8.185   8.310
 0.430 -1.01676E+00  2.45370E-02  4.76482E-01 -2.13133E+01  3.35724E+01 -7.29998E+00  12.802  8.38153E+09  7.92414E+09  1.13678E+10  2.14697E+09  5.03618E+10  4.21099E+00  1.37506E+03   8.155   8.325
 0.440 -2.68630E-01  1.07246E+00  4.12126E-01  4.36833E+00 -1.55845E+01  1.16605E+00  12.938  8.67890E+09  8.15751E+09  1.21686E+10  2.25706E+09  5.26786E+10  5.55368E+00  1.45001E+03   8.178   8.325
 0.450  3.80182E-01 -5.08897E-01  1.48542E-01 -2.21050E+01  1.16098E-01 -1.23939E+01  12.733  7.59116E+09  7.11596E+09  1.22620E+10  2.17283E+09  5.16805E+10  3.12973E+00  1.57368E+03   8.195   8.332
 0.460  7.48914E-01 -4.85483E-02  3.48127E-01  7.11095E+00  7.78269E+00 -1.01571E+01  13.622  1.19375E+10  1.13577E+10  1.35490E+10  2.40405E+09  5.60904E+10  9.03731E+00  1.61059E+03   8.187   8.321
 0.470  1.70754E+00  4.39487E-01 -7.42974E-02 -7.63888E+00 -2.41403E+01 -1.04478E+01  12.390  7.51359E+09  7.25054E+09  1.37410E+10  2.21283E+09  5.08637E+10  6.35817E+00  1.70272E+03   8.267   8.334
 0.480  7.88552E-02  3.36907E-01 -2.23437E-01 -5.97318E+00 -1.73941E+01  1.41834E+00  12.298  8.18600E+09  7.91356E+09  1.44403E+10  2.21241E+09  4.97544E+10  5.99323E+00  1.76380E+03   8.285   8.340
 0.490 -6.31582E-01  3.90439E-01  1.86813E-01  1.92812E+01  1.05567E+01  1.00544E+01  12.026  9.23910E+09  9.06518E+09  1.56070E+10  2.27475E+09  5.10577E+10  7.95324E+00  1.79498E+03   8.311   8.342
 0.500  4.92927E-01  1.24201E+00 -5.14313E-02  2.80319E+01 -3.20174E+01  2.67767E+00  11.992  9.68910E+09  9.62386E+09  1.65348E+10  2.25071E+09  5.07931E+10  9.91845E+00  1.84040E+03   8.325   8.348
 0.510 -3.46264E-01 -5.05497E-01 -7.73279E-02  4.97641E+00  1.11491E+01 -1.44470E+00  10.623  7.85961E+09  7.74912E+09  1.68969E+10  2.02348E+09  4.41513E+10  7.03233E+00  1.89914E+03   8.362   8.361
 0.520  1.07174E+00 -2.25767E-01 -2.48899E-01 -1.80563E+01 -1.50814E+01 -8.97376E+00   9.997  6.90557E+09  7.26325E+09  1.81062E+10  2.00556E+09  4.22331E+10  1.17050E+01  1.90712E+03   8.431   8.371
 0.530  3.69796E-01 -3.06402E-01  1.83351E-02 -1.19748E+01  4.07037E+01  1.18394E+01   9.533  5.67471E+09  5.76618E+09  1.83151E+10  1.82316E+09  3.77475E+10  7.62193E+00  1.97105E+03   8.452   8.388
 0.540  6.49010E-01  6.39965E-01  4.85906E-02 -2.13650E+01 -1.71464E+01  4.80925E+00  10.682  5.24807E+09  5.31860E+09  2.00198E+10  2.17833E+09  4.37928E+10  7.12762E+00  2.04243E+03   8.498   8.386
 0.550  2.95237E-01 -2.27002E-01  1.73871E-01 -3.16963E+01 -3.24279E+01 -1.40670E+01   8.093  3.49604E+09  3.84455E+09  1.90235E+10  1.59746E+09  3.17255E+10  8.72894E+00  2.11688E+03   8.515   8.415
 0.560  5.69343E-01 -3.38513E-02 -1.97893E-01 -9.53735E+00 -3.61270E+01  6.68227E-01   7.653  2.74268E+09  3.08091E+09  1.93779E+10  1.45312E+09  2.94541E+10  6.74018E+00  2.18068E+03   8.546   8.434
