  47
 0.100       182600         2866        77031
 0.110       287074         3787       126824
 0.120       467449         6196       209082
 0.130       712606        12055       325933
 0.140       950936        14496       441953
 0.150      1057320        21725       497471
 0.160      1322638        25463       626497
 0.170      2166606        65600      1053316
 0.180      2959966        92543      1448134
 0.190      4365628       116672      2131848
 0.200      6711227       212540      3260477
 0.210     10229467       282742      5025277
 0.220     13957634       373843      6724336
 0.230     15981852       549058      7768649
 0.240     17895238       674034      8792951
 0.250     20409427       910944     10000841
 0.260     22286682      1119588     10899662
 0.270     24444860      1328201     11981289
 0.280     26082296      1527820     12825630
 0.290     27826574      1696882     13581431
 0.300     29831494      1949306     14769689
 0.310     31341507      2163103     15673007
 0.320     33097703      2354147     16588686
 0.330     35288972      2596131     17735490
 0.340     36638743      2760056     18520723
 0.350     38723517      2923680     19353185
 0.360     40757502      3063119     20138753
 0.370     42131576      3218047     20693319
 0.380     42564166      3440435     21120781
 0.390     43422313      3667580     21544773
 0.400     44582494      3949123     21979760
 0.410     45511895      4212491     22347298
 0.420     47003747      4442024     22727111
 0.430     47342640      4643672     23017173
 0.440     47347907      4862605     23293166
 0.450     47830447      5082736     23616636
 0.460     48425408      5288515     23874953
 0.470     48571532      5460614     24078008
 0.480     48721115      5642184     24305483
 0.490     49060968      5795622     24490118
 0.500     49939393      5895770     24683217
 0.510     50770788      6025542     24912608
 0.520     51026634      6122834     25091098
 0.530     50960416      6216749     25268261
 0.540     51852307      6288419     25455421
 0.550     52318736      6352068     25713685
 0.560     52868675      6399404     25879943
