  39
 0.120   6.750   1.000  5.04009E+09  4.49959E+08  2.53361E+07  2.96882E+07  4.56479E+09  1.16547E+07  6.76187E+06  7.97318E+06  1.80244E+08  7.45544E+08  2.93841E+07  3.44487E+07  5.94971E+09  2.16945E+07  1.00621E+07  1.17721E+07  3.64229E+08
 0.130   8.500   1.054  7.90906E+09  6.68026E+08  5.25710E+07  6.20376E+07  7.18847E+09  1.29193E+07  1.06472E+07  1.26723E+07  2.66292E+08  8.32627E+08  5.38118E+07  6.35377E+07  7.85740E+09  1.81632E+07  1.28010E+07  1.52143E+07  3.86676E+08
 0.140  10.250   1.307  1.09913E+10  9.33681E+08  7.72344E+07  9.27526E+07  9.98042E+09  4.89571E+07  1.89285E+07  2.30051E+07  4.56679E+08  9.05847E+08  7.69703E+07  9.24254E+07  9.83110E+09  7.04466E+07  2.64716E+07  3.20097E+07  6.78076E+08
 0.150  12.250   1.546  1.53519E+10  1.39553E+09  1.30359E+08  1.54900E+08  1.38260E+10  9.58174E+07  6.48518E+07  7.59217E+07  7.63292E+08  1.15028E+09  1.25747E+08  1.49140E+08  1.18914E+10  1.80363E+08  8.00348E+07  9.37873E+07  1.11971E+09
 0.160  14.250   1.953  1.96360E+10  1.78609E+09  1.78719E+08  2.16105E+08  1.76712E+10  4.84341E+07  8.17105E+07  9.86708E+07  9.34640E+08  1.20533E+09  1.69443E+08  2.04587E+08  1.28461E+10  1.39228E+08  1.06870E+08  1.28972E+08  1.64298E+09
 0.170  16.250   1.750  2.40807E+10  2.25062E+09  2.48464E+08  2.99900E+08  2.15816E+10  2.05394E+08  1.35928E+08  1.62861E+08  1.11231E+09  1.58753E+09  2.40526E+08  2.89823E+08  1.33807E+10  2.33168E+08  1.41930E+08  1.70039E+08  1.25123E+09
 0.180  17.750   2.214  2.62868E+10  2.46995E+09  3.19483E+08  3.90579E+08  2.34974E+10  1.52834E+08  1.86798E+08  2.27359E+08  1.28723E+09  1.44523E+09  3.10486E+08  3.79209E+08  1.41175E+10  2.45326E+08  2.14719E+08  2.61317E+08  1.92540E+09
 0.190  19.500   2.473  2.99340E+10  2.54866E+09  3.98706E+08  4.89862E+08  2.69866E+10  1.34107E+08  2.52203E+08  3.07795E+08  1.43305E+09  1.33438E+09  3.73664E+08  4.58223E+08  1.32403E+10  2.20865E+08  2.81009E+08  3.43415E+08  2.11337E+09
 0.200  21.750   2.383  3.61232E+10  3.10144E+09  4.57788E+08  5.70178E+08  3.25639E+10  3.46124E+08  2.95871E+08  3.67998E+08  1.80884E+09  1.23173E+09  4.00227E+08  4.99375E+08  1.36257E+10  3.92008E+08  3.07273E+08  3.82281E+08  2.10099E+09
 0.210  24.000   2.783  4.16287E+10  3.38600E+09  5.77670E+08  7.20369E+08  3.76650E+10  2.24195E+08  3.81459E+08  4.75469E+08  2.23551E+09  1.73660E+09  5.57946E+08  6.95118E+08  1.70454E+10  2.94544E+08  4.09625E+08  5.10128E+08  2.90568E+09
 0.220  26.000   2.114  4.60214E+10  3.54925E+09  7.10474E+08  8.83735E+08  4.17617E+10  4.68050E+08  4.52415E+08  5.64395E+08  2.62534E+09  1.62623E+09  6.28375E+08  7.80957E+08  1.51131E+10  3.76380E+08  4.15389E+08  5.17786E+08  1.88084E+09
 0.230  28.250   3.485  5.17081E+10  3.53199E+09  8.04219E+08  1.01485E+09  4.73719E+10  1.56844E+08  5.28172E+08  6.66692E+08  2.76318E+09  1.14547E+09  7.01859E+08  8.84643E+08  1.40581E+10  2.26337E+08  5.65770E+08  7.13898E+08  3.82769E+09
 0.240  29.750   3.170  5.35806E+10  3.63164E+09  8.47919E+08  1.08202E+09  4.91010E+10  2.77611E+08  5.61059E+08  7.17675E+08  3.19151E+09  1.56725E+09  7.82420E+08  9.97512E+08  1.50127E+10  2.97277E+08  5.75323E+08  7.35780E+08  3.53155E+09
 0.250  31.250   3.737  5.56387E+10  3.75157E+09  9.12103E+08  1.17130E+09  5.09751E+10  3.90161E+08  6.13918E+08  7.89948E+08  3.53645E+09  1.63464E+09  8.47585E+08  1.08802E+09  1.46906E+10  4.99793E+08  6.54789E+08  8.42150E+08  4.61401E+09
 0.260  33.250   3.264  5.90678E+10  3.98883E+09  1.00513E+09  1.29373E+09  5.40739E+10  4.20691E+08  6.83281E+08  8.81964E+08  4.01333E+09  1.68934E+09  9.28640E+08  1.19381E+09  1.60781E+10  4.11280E+08  6.78332E+08  8.75647E+08  3.90234E+09
 0.270  35.500   3.667  6.43368E+10  4.40103E+09  1.07533E+09  1.39401E+09  5.88604E+10  4.11484E+08  7.69030E+08  9.97994E+08  4.70064E+09  1.56763E+09  1.01074E+09  1.30864E+09  1.67126E+10  4.29577E+08  7.79806E+08  1.01193E+09  4.92079E+09
 0.280  38.250   3.910  7.22928E+10  5.22964E+09  1.18522E+09  1.53705E+09  6.58779E+10  4.23882E+08  8.77080E+08  1.13631E+09  5.13271E+09  1.60109E+09  1.11093E+09  1.43859E+09  1.60718E+10  4.34999E+08  8.83659E+08  1.14476E+09  5.29591E+09
 0.290  42.500   5.222  8.93508E+10  7.11987E+09  1.33860E+09  1.73723E+09  8.08923E+10  6.88800E+08  1.01497E+09  1.31770E+09  6.60184E+09  1.84607E+09  1.23435E+09  1.59855E+09  1.64007E+10  8.90183E+08  1.08850E+09  1.41072E+09  8.37028E+09
 0.300  45.250   5.128  9.76139E+10  8.28790E+09  1.43993E+09  1.87725E+09  8.78861E+10  8.64658E+08  1.12186E+09  1.45849E+09  6.81027E+09  1.89925E+09  1.32873E+09  1.72877E+09  1.71126E+10  9.78906E+08  1.16445E+09  1.51363E+09  7.95184E+09
 0.310  50.500   5.784  1.23375E+11  1.05623E+10  1.83816E+09  2.38075E+09  1.10975E+11  1.24382E+09  1.44528E+09  1.86060E+09  8.64979E+09  2.61290E+09  1.60982E+09  2.07759E+09  1.97491E+10  1.50836E+09  1.49037E+09  1.91968E+09  1.01972E+10
 0.320  54.000   4.611  1.38504E+11  1.16319E+10  2.04681E+09  2.65668E+09  1.24825E+11  1.40450E+09  1.64311E+09  2.12613E+09  9.86244E+09  2.55212E+09  1.78983E+09  2.31844E+09  1.97654E+10  1.22626E+09  1.58237E+09  2.04736E+09  8.18397E+09
 0.330  58.250   5.151  1.58510E+11  1.27780E+10  2.47341E+09  3.19412E+09  1.43259E+11  1.51597E+09  2.04449E+09  2.62597E+09  1.02795E+10  2.24247E+09  2.19100E+09  2.81927E+09  1.96076E+10  1.34871E+09  1.99339E+09  2.55936E+09  8.89920E+09
 0.340  65.000   5.868  2.00195E+11  1.50340E+10  3.24897E+09  4.22097E+09  1.81912E+11  1.61461E+09  2.47183E+09  3.17985E+09  1.24286E+10  2.54810E+09  2.55939E+09  3.29681E+09  2.04003E+10  1.42330E+09  2.43466E+09  3.13101E+09  1.10405E+10
 0.350  74.750   6.853  2.80952E+11  1.88614E+10  6.40330E+09  8.42881E+09  2.55688E+11  2.01094E+09  2.74626E+09  3.56761E+09  1.48002E+10  2.83361E+09  2.81921E+09  3.66475E+09  2.07583E+10  1.80755E+09  2.71979E+09  3.53264E+09  1.33907E+10
 0.360  82.500   5.744  3.51110E+11  2.12519E+10  8.56556E+09  1.13395E+10  3.21293E+11  2.62191E+09  3.18979E+09  4.13343E+09  1.77928E+10  3.26193E+09  3.22694E+09  4.18211E+09  2.20872E+10  1.61519E+09  3.06460E+09  3.97157E+09  1.17131E+10
 0.370  87.750   5.910  3.90727E+11  2.27484E+10  9.54669E+09  1.26208E+10  3.58432E+11  3.89190E+09  3.84199E+09  4.95246E+09  2.31611E+10  4.33751E+09  3.92973E+09  5.06984E+09  2.80360E+10  2.72359E+09  3.69275E+09  4.75647E+09  1.38548E+10
 0.380  91.250   9.279  4.05946E+11  2.19276E+10  1.12169E+10  1.47095E+10  3.72802E+11  3.26546E+09  7.81527E+09  1.01175E+10  3.67820E+10  3.79840E+09  8.94666E+09  1.16320E+10  4.37982E+10  3.39285E+09  8.15658E+09  1.05734E+10  3.80368E+10
 0.390  94.250  10.470  4.19722E+11  2.10047E+10  1.24207E+10  1.63570E+10  3.86297E+11  1.60244E+09  6.11975E+09  7.88840E+09  2.42998E+10  1.80581E+09  6.18632E+09  7.97780E+09  2.64489E+10  2.01237E+09  6.23701E+09  8.04533E+09  2.82550E+10
 0.400  97.750  11.666  4.35322E+11  2.09473E+10  1.27093E+10  1.69261E+10  4.01665E+11  1.59148E+09  6.40579E+09  8.40003E+09  2.74686E+10  1.64818E+09  6.42520E+09  8.42632E+09  2.83270E+10  2.09654E+09  6.59896E+09  8.66208E+09  3.51488E+10
 0.410 101.000   7.865  4.48412E+11  2.10990E+10  1.34748E+10  1.79719E+10  4.13838E+11  3.64863E+09  1.14009E+10  1.51503E+10  4.36908E+10  3.59314E+09  1.13716E+10  1.51106E+10  4.31015E+10  2.59702E+09  1.06314E+10  1.41116E+10  3.03333E+10
 0.420 103.250   9.677  4.50613E+11  2.05558E+10  1.43056E+10  1.91458E+10  4.15751E+11  3.80407E+09  1.25196E+10  1.67279E+10  4.38214E+10  3.60976E+09  1.24429E+10  1.66271E+10  4.22088E+10  3.36930E+09  1.23494E+10  1.65040E+10  4.05866E+10
 0.430 105.000  11.070  4.44009E+11  1.99645E+10  1.46928E+10  1.97997E+10  4.09352E+11  3.02962E+09  1.26167E+10  1.70005E+10  4.40062E+10  2.87650E+09  1.25232E+10  1.68748E+10  4.15725E+10  3.22989E+09  1.27067E+10  1.71206E+10  4.67610E+10
 0.440 106.500  10.632  4.35279E+11  1.94827E+10  1.47928E+10  2.00903E+10  4.01004E+11  3.50342E+09  1.28222E+10  1.74051E+10  4.46780E+10  3.13474E+09  1.26859E+10  1.72206E+10  4.15298E+10  3.49244E+09  1.28187E+10  1.74004E+10  4.45900E+10
 0.450 109.250  11.444  4.42014E+11  2.02258E+10  1.52449E+10  2.07511E+10  4.06543E+11  5.02195E+09  1.33434E+10  1.81479E+10  4.84573E+10  4.03480E+09  1.31375E+10  1.78736E+10  4.37003E+10  5.47829E+09  1.34478E+10  1.82890E+10  5.11512E+10
 0.460 112.750   9.489  4.58114E+11  2.28082E+10  1.55727E+10  2.13110E+10  4.19733E+11  3.77890E+09  1.35102E+10  1.84861E+10  4.98625E+10  3.15842E+09  1.32068E+10  1.80769E+10  4.32180E+10  2.93199E+09  1.30748E+10  1.78983E+10  4.05423E+10
 0.470 115.750   9.882  4.67144E+11  2.39097E+10  1.60057E+10  2.19470E+10  4.27229E+11  5.57663E+09  1.40144E+10  1.92107E+10  5.17492E+10  4.77101E+09  1.36431E+10  1.87068E+10  4.35907E+10  4.69385E+09  1.36094E+10  1.86611E+10  4.29620E+10
 0.480 118.750  11.469  4.75233E+11  2.41206E+10  1.65111E+10  2.26797E+10  4.34602E+11  4.68091E+09  1.45328E+10  1.99572E+10  5.35307E+10  3.71214E+09  1.40674E+10  1.93281E+10  4.37750E+10  4.49821E+09  1.44547E+10  1.98506E+10  5.14408E+10
 0.490 121.000   9.046  4.78260E+11  2.40794E+10  1.69038E+10  2.32761E+10  4.37277E+11  5.49424E+09  1.49969E+10  2.06386E+10  5.61148E+10  4.53501E+09  1.45120E+10  1.99757E+10  4.50589E+10  3.92080E+09  1.41824E+10  1.95281E+10  3.98975E+10
 0.500 123.750   9.260  4.83047E+11  2.37156E+10  1.75392E+10  2.41653E+10  4.41792E+11  5.42917E+09  1.56490E+10  2.15515E+10  5.79330E+10  4.21229E+09  1.50883E+10  2.07845E+10  4.53530E+10  3.83185E+09  1.48382E+10  2.04439E+10  4.13075E+10
