  39
 0.120  6.75000E+00  5.04009E+09  5.66632E+01
 0.130  8.50000E+00  7.90906E+09  6.32539E+01
 0.140  1.02500E+01  1.09913E+10  6.79043E+01
 0.150  1.22500E+01  1.53519E+10  7.34086E+01
 0.160  1.42500E+01  1.96360E+10  7.69757E+01
 0.170  1.62500E+01  2.40807E+10  7.98256E+01
 0.180  1.77500E+01  2.62868E+10  7.98002E+01
 0.190  1.95000E+01  2.99340E+10  8.12454E+01
 0.200  2.17500E+01  3.61232E+10  8.45079E+01
 0.210  2.40000E+01  4.16287E+10  8.63625E+01
 0.220  2.60000E+01  4.60214E+10  8.72424E+01
 0.230  2.82500E+01  5.17081E+10  8.87165E+01
 0.240  2.97500E+01  5.35806E+10  8.80024E+01
 0.250  3.12500E+01  5.56387E+10  8.74980E+01
 0.260  3.32500E+01  5.90678E+10  8.74005E+01
 0.270  3.55000E+01  6.43368E+10  8.82774E+01
 0.280  3.82500E+01  7.22928E+10  9.01501E+01
 0.290  4.25000E+01  8.93508E+10  9.50799E+01
 0.300  4.52500E+01  9.76139E+10  9.63121E+01
 0.310  5.05000E+01  1.23375E+11  1.02495E+02
 0.320  5.40000E+01  1.38504E+11  1.05019E+02
 0.330  5.82500E+01  1.58510E+11  1.08172E+02
 0.340  6.50000E+01  2.00195E+11  1.15081E+02
 0.350  7.47500E+01  2.80952E+11  1.27129E+02
 0.360  8.25000E+01  3.51110E+11  1.35279E+02
 0.370  8.77500E+01  3.90727E+11  1.38372E+02
 0.380  9.12500E+01  4.05946E+11  1.38310E+02
 0.390  9.42500E+01  4.19722E+11  1.38380E+02
 0.400  9.77500E+01  4.35322E+11  1.38382E+02
 0.410  1.01000E+02  4.48412E+11  1.38169E+02
 0.420  1.03250E+02  4.50613E+11  1.36991E+02
 0.430  1.05000E+02  4.44009E+11  1.34845E+02
 0.440  1.06500E+02  4.35279E+11  1.32569E+02
 0.450  1.09250E+02  4.42014E+11  1.31899E+02
 0.460  1.12750E+02  4.58114E+11  1.32179E+02
 0.470  1.15750E+02  4.67144E+11  1.31734E+02
 0.480  1.18750E+02  4.75233E+11  1.31181E+02
 0.490  1.21000E+02  4.78260E+11  1.30369E+02
 0.500  1.23750E+02  4.83047E+11  1.29556E+02
