  39
 0.120  7.27579E-02  2.50291E-02 -1.67518E-01 -1.94928E+00 -6.55023E+00  2.88098E+00   1.000  2.16945E+07  2.39466E+07  1.00621E+07  0.00000E+00  3.64229E+08  5.79736E-02  1.61002E+02   7.433   7.182
 0.130  2.09309E-01  3.96765E-02  1.84965E-01 -6.88451E-02  1.69115E+00 -1.01876E+01   1.054  1.81632E+07  2.11441E+07  1.28010E+07  1.29476E+06  3.86676E+08  5.91206E-02  1.98030E+02   7.635   7.320
 0.140 -3.04590E-03  2.06736E-01  2.17888E-01  9.71285E+00  1.85549E+01  9.08156E+00   1.307  7.04466E+07  7.24040E+07  2.64716E+07  1.08545E+07  6.78076E+08  3.95900E-02  2.39806E+02   7.403   7.335
 0.150 -3.17915E-02 -3.04884E-01  4.09300E-02 -1.18903E+01 -2.77769E+00 -2.23077E+01   1.546  1.80363E+08  2.11227E+08  8.00348E+07  2.44968E+07  1.11971E+09  5.71825E-01  1.67543E+02   7.698   7.547
 0.160 -3.47495E-01 -1.33238E-01 -2.72112E-01 -7.42253E+00 -3.43394E+01 -3.52883E+01   1.953  1.39228E+08  1.51255E+08  1.06870E+08  3.08951E+07  1.64298E+09  1.84117E-01  2.31649E+02   7.639   7.600
 0.170  9.42509E-02  2.01324E-01  2.13064E-01  2.49003E+01  1.77516E+01 -3.06614E+00   1.750  2.33168E+08  2.64943E+08  1.41930E+08  2.92432E+07  1.25123E+09  7.16433E-01  2.42040E+02   7.775   7.660
 0.180 -2.81646E-01  1.92115E-01  2.87646E-01 -7.23377E+00 -4.86068E+00 -2.63858E+01   2.214  2.45326E+08  2.66802E+08  2.14719E+08  4.85147E+07  1.92540E+09  4.30279E-01  2.82732E+02   7.826   7.711
 0.190  1.55959E-01 -9.40329E-02 -2.85714E-02 -1.30619E+01  8.41748E+00 -1.17376E+01   2.473  2.20865E+08  2.58116E+08  2.81009E+08  5.60779E+07  2.11337E+09  8.51440E-01  3.16840E+02   7.933   7.763
 0.200  1.94360E-01 -4.07658E-01 -2.77491E-01  1.91877E+01 -8.34733E+00  4.53667E+00   2.383  3.92008E+08  3.95163E+08  3.07273E+08  6.15103E+07  2.10099E+09  4.28322E-01  4.00273E+02   7.742   7.760
 0.210 -3.14362E-01  4.02472E-01  5.49130E-02  2.12587E+01  5.92400E+01  3.27297E+01   2.783  2.94544E+08  3.37350E+08  4.09625E+08  7.47607E+07  2.90568E+09  4.78231E-01  4.21280E+02   7.896   7.771
 0.220  1.92409E-01 -9.89123E-02 -1.72388E-01  6.06137E+00  2.62308E+01  5.45099E+00   2.114  3.76380E+08  4.24819E+08  4.15389E+08  5.50343E+07  1.88084E+09  9.93093E-01  4.73363E+02   7.839   7.817
 0.230 -2.41116E-01  4.25478E-01  4.72432E-01 -1.62951E+01  4.43209E+01  1.35229E+01   3.485  2.26337E+08  2.45912E+08  5.65770E+08  1.08674E+08  3.82769E+09  3.82478E-01  5.29275E+02   7.859   7.867
 0.240 -3.11070E-01  3.22062E-01  9.11272E-02  1.69275E+01 -3.98115E+00 -1.33456E+00   3.170  2.97277E+08  2.90726E+08  5.75323E+08  1.12402E+08  3.53155E+09  3.87999E-01  6.32007E+02   7.843   7.864
 0.250 -1.84966E-01 -5.58829E-01 -1.47411E-01  2.15352E+01  3.79492E+01  4.04340E+00   3.737  4.99793E+08  4.90777E+08  6.54789E+08  1.43339E+08  4.61401E+09  5.13847E-01  7.09112E+02   7.848   7.860
 0.260 -7.87951E-02  1.18787E-01  9.16018E-02  8.42320E+00  1.60449E+01  4.03100E+00   3.264  4.11280E+08  4.15466E+08  6.78332E+08  1.31010E+08  3.90234E+09  5.94382E-01  7.78223E+02   7.911   7.871
 0.270 -4.97865E-01  1.92533E-01  6.90093E-01  1.68671E+01  4.27572E+01 -2.30119E+00   3.667  4.29577E+08  4.22627E+08  7.79806E+08  1.70846E+08  4.92079E+09  3.16383E-01  8.43581E+02   7.888   7.875
 0.280  1.09631E-01  2.45540E-02  2.26212E-02 -1.54098E+01 -3.50097E+01 -8.86869E+00   3.910  4.34999E+08  4.57550E+08  8.83659E+08  1.84837E+08  5.29591E+09  8.37385E-01  8.79553E+02   8.024   7.913
 0.290 -6.98966E-01 -3.67588E-01 -3.06242E-01  5.51756E+00  2.03410E+00 -6.75863E+00   5.222  8.90183E+08  8.75596E+08  1.08850E+09  2.68939E+08  8.37028E+09  1.19995E+00  9.12839E+02   7.949   7.953
 0.300 -9.52127E-02 -1.02210E-01  7.63566E-02  2.83979E+01  2.13707E+01 -1.25010E+01   5.128  9.78906E+08  9.56468E+08  1.16445E+09  2.60927E+08  7.95184E+09  1.06566E+00  9.64781E+02   7.967   7.983
 0.310  2.07728E-02 -6.50163E-01 -4.38766E-01 -2.57934E+01 -3.40869E+00 -2.20223E+01   5.784  1.50836E+09  1.53855E+09  1.49037E+09  3.05727E+08  1.01972E+10  2.23194E+00  9.18294E+02   7.986   8.040
 0.320 -1.82985E-02 -1.30109E-02 -3.55777E-01  1.47799E+01  3.11153E+00  1.89113E+01   4.611  1.22626E+09  1.26290E+09  1.58237E+09  2.74187E+08  8.18397E+09  2.18398E+00  9.63082E+02   8.049   8.090
 0.330 -1.45457E-01 -4.52385E-01 -2.63751E-02 -2.29583E+01 -1.86266E+01  6.94221E+00   5.151  1.34871E+09  1.47611E+09  1.99339E+09  2.95012E+08  8.89920E+09  2.62052E+00  8.99454E+02   8.146   8.191
 0.340  1.68581E-01  5.85453E-02  2.11490E-01 -1.03549E+01 -2.17538E+01 -8.81538E+00   5.868  1.42330E+09  1.57841E+09  2.43466E+09  3.46376E+08  1.10405E+10  3.26544E+00  8.99726E+02   8.186   8.253
 0.350  6.36312E-02 -7.16994E-01 -3.87744E-01 -6.54672E+00  4.47937E+00  9.50366E+00   6.853  1.80755E+09  1.81000E+09  2.71979E+09  3.78977E+08  1.33907E+10  1.80742E+00  9.69317E+02   8.124   8.277
 0.360  4.06420E-01 -2.14872E-02  4.98604E-01 -1.07423E+01  2.82056E+00  2.29996E+01   5.744  1.61519E+09  1.80256E+09  3.06460E+09  3.56317E+08  1.17131E+10  4.12536E+00  9.74479E+02   8.196   8.283
 0.370  3.62318E-02 -1.69008E-02  4.51489E-02 -1.20150E+01  3.85737E+00  8.58494E+00   5.910  2.72359E+09  3.03388E+09  3.69275E+09  3.87165E+08  1.38548E+10  7.14405E+00  9.51790E+02   8.169   8.297
 0.380 -5.27015E-01 -2.62654E+00 -1.35816E-01 -4.85490E+01  1.38763E+01 -4.01684E+01   9.279  3.39285E+09  3.97741E+09  8.15658E+09  3.23763E+09  3.80368E+10  1.18414E+01  1.01106E+03   8.311   8.411
 0.390  6.85667E-01  1.33227E+00  2.84921E-01  3.32947E+00 -1.63483E+01  4.07861E-01  10.470  2.01237E+09  2.31038E+09  6.23701E+09  7.32088E+08  2.82550E+10  5.45238E+00  9.20926E+02   8.360   8.432
 0.400  1.05565E-01 -1.86912E+00 -9.42396E-01 -1.18489E+01  1.14653E+01 -9.04535E+00  11.666  2.09654E+09  1.99977E+09  6.59896E+09  8.96723E+08  3.51488E+10  1.67100E+00  1.06444E+03   8.249   8.465
 0.410  4.22797E-01  1.96000E-01  4.56337E-01  1.53875E+01 -5.89441E+00 -3.32751E+01   7.865  2.59702E+09  3.03029E+09  1.06314E+10  4.31059E+09  3.03333E+10  9.26451E+00  1.28120E+03   8.345   8.486
 0.420 -1.07682E+00 -1.71953E+00 -3.61056E-01 -3.69396E+01  2.47749E+01 -2.53037E+01   9.677  3.36930E+09  3.46030E+09  1.23494E+10  5.14070E+09  4.05866E+10  4.36474E+00  1.40155E+03   8.291   8.473
 0.430 -6.29137E-01 -1.17577E+00  4.65680E-01 -6.37553E+01  2.52977E-01  6.49441E+00  11.070  3.22989E+09  3.12513E+09  1.27067E+10  5.24656E+09  4.67610E+10  2.66275E+00  1.52849E+03   8.270   8.478
 0.440  3.94690E-01 -5.29009E-02  3.78447E-01 -1.91125E+01 -2.19361E+01  1.95214E+01  10.632  3.49244E+09  3.36895E+09  1.28187E+10  5.32570E+09  4.45900E+10  1.34799E+00  1.66085E+03   8.265   8.481
 0.450  3.55639E-01 -1.51865E+00  1.07706E+00 -1.03057E+01 -2.46782E+01  1.35161E+01  11.444  5.47829E+09  5.35702E+09  1.34478E+10  5.46319E+09  5.11512E+10  4.55056E+00  1.76649E+03   8.244   8.473
 0.460 -6.13721E-01 -3.16411E-01  1.41214E-01 -1.10076E+01  1.80062E+01 -1.69582E+01   9.489  2.93199E+09  2.84359E+09  1.30748E+10  5.05351E+09  4.05423E+10  1.56457E+00  1.89525E+03   8.329   8.486
 0.470  8.44450E-01  9.32854E-02  2.04275E-01  8.29780E+00 -3.27929E+01  3.46857E+01   9.882  4.69385E+09  4.62897E+09  1.36094E+10  5.18962E+09  4.29620E+10  3.94682E+00  1.99837E+03   8.326   8.481
 0.480  1.56888E-02 -2.74550E-01  3.23845E-01  1.97107E+00 -1.08254E+00 -2.88666E-02  11.469  4.49821E+09  4.40503E+09  1.44547E+10  5.46891E+09  5.14408E+10  3.47618E+00  2.08890E+03   8.370   8.471
 0.490  6.37856E-01 -6.33611E-02 -2.37389E-01  1.78606E+01 -1.93558E+01 -2.85768E+00   9.046  3.92080E+09  3.93723E+09  1.41824E+10  5.06744E+09  3.98975E+10  3.99512E+00  2.18837E+03   8.414   8.484
 0.500 -3.55786E-01  1.66129E-01 -1.22642E-01  1.29900E+01  1.11020E+01 -1.15158E+01   9.260  3.83185E+09  3.88282E+09  1.48382E+10  5.14210E+09  4.13075E+10  4.41940E+00  2.26567E+03   8.457   8.483
