  39
 0.120  2.16945E+07  1.00621E+07  1.17721E+07  1.97579E+07  4.18864E+06  3.64229E+08  5.79736E-02
 0.130  1.68194E+07  1.23515E+07  1.46826E+07  1.53110E+07  4.43426E+06  3.55084E+08  5.64458E-02
 0.140  4.70959E+07  1.84284E+07  2.24036E+07  4.61312E+07  2.00141E+06  4.39386E+08  1.88781E-02
 0.150  5.49917E+07  5.37700E+07  6.28920E+07  5.14733E+07  3.05143E+07  5.54117E+08  4.23490E-01
 0.160  1.32581E+07  5.64030E+07  6.81835E+07  1.20760E+07  1.05474E+07  4.92927E+08  8.47990E-02
 0.170  1.18450E+08  9.07634E+07  1.08714E+08  1.14349E+08  2.87295E+07  5.05730E+08  4.53031E-01
 0.180  5.40504E+07  1.12516E+08  1.36836E+08  5.07792E+07  2.12304E+07  4.86109E+08  1.90624E-01
 0.190  5.24818E+07  1.51450E+08  1.84259E+08  4.92070E+07  3.99725E+07  4.66988E+08  5.46363E-01
 0.200  9.50215E+07  1.61174E+08  2.00631E+08  9.16605E+07  9.21318E+06  5.10885E+08  1.60866E-01
 0.210  2.96793E+07  1.92628E+08  2.40535E+08  2.76935E+07  3.17582E+07  4.81869E+08  1.61519E-01
 0.220  1.61573E+08  2.56948E+08  3.18591E+08  1.55837E+08  4.83984E+07  5.51373E+08  7.73125E-01
 0.230  2.45521E+07  2.78986E+08  3.51211E+08  2.29928E+07  2.10680E+07  5.05065E+08  5.09503E-02
 0.240  4.42317E+07  2.76369E+08  3.54085E+08  4.23035E+07  3.60499E+06  5.25683E+08  6.28554E-02
 0.250  5.15507E+07  3.02807E+08  3.89501E+08  4.91126E+07  2.19089E+07  5.35410E+08  2.16222E-01
 0.260  7.97357E+07  3.31240E+08  4.28823E+08  7.51652E+07  1.82522E+07  5.66504E+08  2.53979E-01
 0.270  5.68958E+07  3.55568E+08  4.62193E+08  5.45691E+07  1.93253E+07  5.70162E+08  1.12812E-01
 0.280  7.63034E+07  4.30454E+08  5.56184E+08  7.31652E+07  5.13747E+07  6.05662E+08  5.73982E-01
 0.290  3.62591E+07  4.62807E+08  6.01625E+08  3.41334E+07  2.56155E+07  6.26946E+08  2.85472E-01
 0.300  7.52013E+07  5.06039E+08  6.60796E+08  7.16890E+07  2.99650E+07  6.43906E+08  3.45230E-01
 0.310  5.70248E+07  6.66202E+08  8.59120E+08  5.46717E+07  1.02020E+08  7.52734E+08  9.00083E-01
 0.320  1.93415E+08  7.59866E+08  9.83536E+08  1.87513E+08  7.40289E+07  8.25064E+08  1.07745E+00
 0.330  1.37335E+08  1.06437E+09  1.35699E+09  1.32433E+08  1.75560E+08  8.86503E+08  1.55623E+00
 0.340  1.31268E+08  1.34719E+09  1.71826E+09  1.26333E+08  2.19005E+08  1.00049E+09  2.18220E+00
 0.350  5.24438E+07  1.38270E+09  1.79192E+09  4.95548E+07  6.03931E+07  9.60081E+08  6.30390E-01
 0.360  1.81487E+08  1.50293E+09  1.95780E+09  1.74765E+08  1.10702E+08  1.02593E+09  1.55814E+00
 0.370  5.82595E+08  1.95126E+09  2.50818E+09  5.72623E+08  3.04077E+08  1.22321E+09  4.48851E+00
 0.380  5.81272E+08  3.16660E+09  4.00024E+09  5.72084E+08  5.84375E+08  1.56009E+09  6.80855E+00
 0.390  2.63017E+08  3.90146E+09  4.97310E+09  2.59941E+08  4.95673E+08  1.63067E+09  4.75010E+00
 0.400  8.86824E+07  4.01363E+09  5.21659E+09  8.65364E+07  1.21779E+08  1.61371E+09  1.18283E+00
 0.410  4.07181E+08  4.86400E+09  6.40019E+09  4.00565E+08  2.79078E+08  1.71947E+09  4.08341E+00
 0.420  1.54811E+08  5.28257E+09  6.99851E+09  1.51982E+08  1.94078E+08  1.81483E+09  1.72387E+00
 0.430  7.70870E+07  5.32778E+09  7.13833E+09  7.48295E+07  6.71798E+07  1.80992E+09  6.69249E-01
 0.440  5.42779E+07  5.13335E+09  6.93830E+09  5.21621E+07  4.03533E+07  1.71198E+09  4.32604E-01
 0.450  3.13015E+07  5.15067E+09  7.01387E+09  2.98016E+07  2.93097E+07  1.74491E+09  3.11982E-01
 0.460  2.80208E+07  5.06205E+09  6.93965E+09  2.65514E+07  1.69406E+07  1.68787E+09  1.77978E-01
 0.470  3.38293E+07  5.02133E+09  6.92382E+09  3.21711E+07  1.64602E+07  1.68887E+09  1.77398E-01
 0.480  3.77883E+07  5.02543E+09  6.96172E+09  3.60886E+07  1.81971E+07  1.73260E+09  2.10638E-01
 0.490  3.96523E+07  4.99223E+09  6.94296E+09  3.78234E+07  2.13153E+07  1.72620E+09  2.39309E-01
 0.500  6.16687E+07  4.88556E+09  6.81949E+09  5.94722E+07  2.42705E+07  1.66983E+09  2.66270E-01
