  39
 0.120   1.000  1.00621E+07  1.17721E+07  9.96272E+06  1.61002E+02  0.00000E+00  0.00000E+00  0.00000E+00  1.00621E+07  1.17721E+07  9.96272E+06
 0.130   1.054  1.28010E+07  1.52143E+07  1.26591E+07  1.98030E+02  1.29476E+06  1.58105E+06  1.27620E+06  1.15062E+07  1.36333E+07  1.13829E+07
 0.140   1.307  2.64716E+07  3.20097E+07  2.61525E+07  2.39806E+02  1.08545E+07  1.32488E+07  1.07259E+07  1.56171E+07  1.87609E+07  1.54267E+07
 0.150   1.546  8.00348E+07  9.37873E+07  7.94584E+07  1.67543E+02  2.44968E+07  3.00980E+07  2.42072E+07  5.55380E+07  6.36893E+07  5.52512E+07
 0.160   1.953  1.06870E+08  1.28972E+08  1.05884E+08  2.31649E+02  3.08951E+07  3.85642E+07  3.04161E+07  7.59754E+07  9.04075E+07  7.54683E+07
 0.170   1.750  1.41930E+08  1.70039E+08  1.40645E+08  2.42040E+02  2.92432E+07  3.68480E+07  2.87140E+07  1.12687E+08  1.33191E+08  1.11931E+08
 0.180   2.214  2.14719E+08  2.61317E+08  2.12604E+08  2.82732E+02  4.85147E+07  6.11904E+07  4.76392E+07  1.66205E+08  2.00127E+08  1.64965E+08
 0.190   2.473  2.81009E+08  3.43415E+08  2.78075E+08  3.16840E+02  5.60779E+07  7.13996E+07  5.49421E+07  2.24931E+08  2.72015E+08  2.23133E+08
 0.200   2.383  3.07273E+08  3.82281E+08  3.03394E+08  4.00273E+02  6.15103E+07  7.89301E+07  6.01286E+07  2.45763E+08  3.03351E+08  2.43265E+08
 0.210   2.783  4.09625E+08  5.10128E+08  4.04450E+08  4.21280E+02  7.47607E+07  9.62936E+07  7.29652E+07  3.34864E+08  4.13834E+08  3.31485E+08
 0.220   2.114  4.15389E+08  5.17786E+08  4.09718E+08  4.73363E+02  5.50343E+07  7.17333E+07  5.34382E+07  3.60354E+08  4.46053E+08  3.56280E+08
 0.230   3.485  5.65770E+08  7.13898E+08  5.57484E+08  5.29275E+02  1.08674E+08  1.40481E+08  1.05884E+08  4.57096E+08  5.73417E+08  4.51600E+08
 0.240   3.170  5.75323E+08  7.35780E+08  5.65651E+08  6.32007E+02  1.12402E+08  1.46191E+08  1.09401E+08  4.62921E+08  5.89588E+08  4.56250E+08
 0.250   3.737  6.54789E+08  8.42150E+08  6.42852E+08  7.09112E+02  1.43339E+08  1.87116E+08  1.39491E+08  5.11449E+08  6.55034E+08  5.03361E+08
 0.260   3.264  6.78332E+08  8.75647E+08  6.65233E+08  7.78223E+02  1.31010E+08  1.71947E+08  1.27196E+08  5.47322E+08  7.03701E+08  5.38037E+08
 0.270   3.667  7.79806E+08  1.01193E+09  7.64056E+08  8.43581E+02  1.70846E+08  2.24723E+08  1.65956E+08  6.08960E+08  7.87207E+08  5.98100E+08
 0.280   3.910  8.83659E+08  1.14476E+09  8.65657E+08  8.79553E+02  1.84837E+08  2.44278E+08  1.79244E+08  6.98822E+08  9.00484E+08  6.86413E+08
 0.290   5.222  1.08850E+09  1.41072E+09  1.06632E+09  9.12839E+02  2.68939E+08  3.55730E+08  2.61169E+08  8.19557E+08  1.05499E+09  8.05156E+08
 0.300   5.128  1.16445E+09  1.51363E+09  1.14025E+09  9.64781E+02  2.60927E+08  3.46842E+08  2.52912E+08  9.03521E+08  1.16679E+09  8.87342E+08
 0.310   5.784  1.49037E+09  1.91968E+09  1.46210E+09  9.18294E+02  3.05727E+08  4.08734E+08  2.95972E+08  1.18464E+09  1.51094E+09  1.16613E+09
 0.320   4.611  1.58237E+09  2.04736E+09  1.55208E+09  9.63082E+02  2.74187E+08  3.68903E+08  2.64632E+08  1.30818E+09  1.67846E+09  1.28745E+09
 0.330   5.151  1.99339E+09  2.55936E+09  1.95922E+09  8.99454E+02  2.95012E+08  3.97698E+08  2.84506E+08  1.69838E+09  2.16167E+09  1.67472E+09
 0.340   5.868  2.43466E+09  3.13101E+09  2.39461E+09  8.99726E+02  3.46376E+08  4.68256E+08  3.33918E+08  2.08829E+09  2.66275E+09  2.06070E+09
 0.350   6.853  2.71979E+09  3.53264E+09  2.67328E+09  9.69317E+02  3.78977E+08  5.14570E+08  3.64555E+08  2.34081E+09  3.01807E+09  2.30873E+09
 0.360   5.744  3.06460E+09  3.97157E+09  3.01394E+09  9.74479E+02  3.56317E+08  4.85427E+08  3.42096E+08  2.70828E+09  3.48615E+09  2.67185E+09
 0.370   5.910  3.69275E+09  4.75647E+09  3.63521E+09  9.51790E+02  3.87165E+08  5.27940E+08  3.71341E+08  3.30559E+09  4.22853E+09  3.26387E+09
 0.380   9.279  8.15658E+09  1.05734E+10  8.03064E+09  1.01106E+03  3.23763E+09  4.38177E+09  3.16080E+09  4.91895E+09  6.19166E+09  4.86984E+09
 0.390  10.470  6.23701E+09  8.04533E+09  6.14926E+09  9.20926E+02  7.32088E+08  1.00128E+09  7.01735E+08  5.50492E+09  7.04404E+09  5.44753E+09
 0.400  11.666  6.59896E+09  8.66208E+09  6.49524E+09  1.06444E+03  8.96723E+08  1.23064E+09  8.59835E+08  5.70224E+09  7.43145E+09  5.63540E+09
 0.410   7.865  1.06314E+10  1.41116E+10  1.04400E+10  1.28120E+03  4.31059E+09  5.89680E+09  4.19340E+09  6.32082E+09  8.21482E+09  6.24661E+09
 0.420   9.677  1.23494E+10  1.65040E+10  1.21099E+10  1.40155E+03  5.14070E+09  7.07149E+09  4.98830E+09  7.20868E+09  9.43250E+09  7.12159E+09
 0.430  11.070  1.27067E+10  1.71206E+10  1.24432E+10  1.52849E+03  5.24656E+09  7.24321E+09  5.08210E+09  7.46015E+09  9.87734E+09  7.36113E+09
 0.440  10.632  1.28187E+10  1.74004E+10  1.25358E+10  1.66085E+03  5.32570E+09  7.36948E+09  5.15322E+09  7.49304E+09  1.00309E+10  7.38254E+09
 0.450  11.444  1.34478E+10  1.82890E+10  1.31369E+10  1.76649E+03  5.46319E+09  7.59110E+09  5.27487E+09  7.98465E+09  1.06979E+10  7.86200E+09
 0.460   9.489  1.30748E+10  1.78983E+10  1.27578E+10  1.89525E+03  5.05351E+09  7.05705E+09  4.87009E+09  8.02126E+09  1.08412E+10  7.88776E+09
 0.470   9.882  1.36094E+10  1.86611E+10  1.32673E+10  1.99837E+03  5.18962E+09  7.26327E+09  4.99326E+09  8.41975E+09  1.13978E+10  8.27402E+09
 0.480  11.469  1.44547E+10  1.98506E+10  1.40803E+10  2.08890E+03  5.46891E+09  7.67011E+09  5.25362E+09  8.98575E+09  1.21805E+10  8.82667E+09
 0.490   9.046  1.41824E+10  1.95281E+10  1.38052E+10  2.18837E+03  5.06744E+09  7.13054E+09  4.85924E+09  9.11499E+09  1.23976E+10  8.94599E+09
 0.500   9.260  1.48382E+10  2.04439E+10  1.44364E+10  2.26567E+03  5.14210E+09  7.25097E+09  4.92234E+09  9.69609E+09  1.31930E+10  9.51402E+09
