  34
 0.170       843833         6839       362799
 0.180       962322         7642       421760
 0.190      1053459         9083       471689
 0.200      1272733        12683       579211
 0.210      1472453        15718       681258
 0.220      1566358        18543       743260
 0.230      1778138        19792       844440
 0.240      1974910        21654       927450
 0.250      2170743        28958       992976
 0.260      2236203        30521      1034167
 0.270      2303605        31616      1077475
 0.280      2361528        34973      1112044
 0.290      2421225        35644      1155020
 0.300      2521219        37183      1213731
 0.310      2638100        38982      1281716
 0.320      2853812        41752      1388940
 0.330      3055708        45079      1511683
 0.340      3351016        52415      1661175
 0.350      3527942        53663      1739969
 0.360      3715041        54722      1808121
 0.370      3849771        56151      1869031
 0.380      4050772        60090      1956519
 0.390      4378197        63552      2119043
 0.400      4503337        67611      2176660
 0.410      4612476        85092      2225160
 0.420      4664780        88966      2292973
 0.430      4869943        89309      2366098
 0.440      4968768        91577      2464622
 0.450      5067132        93679      2535189
 0.460      5165652        94686      2588217
 0.470      5286547        95850      2615928
 0.480      5452207        97941      2644595
 0.490      5477514        99092      2675743
 0.500      5493577       100895      2708133
