  36
 0.150  11.000   1.329  1.06896E+10  1.23038E+09  4.43105E+07  5.26287E+07  9.41491E+09  4.58883E+07  9.61660E+06  1.14104E+07  3.15593E+08  1.11221E+09  4.35239E+07  5.16680E+07  8.69826E+09  6.10862E+07  1.07804E+07  1.27822E+07  4.27081E+08
 0.160  13.000   1.671  1.51147E+10  1.58405E+09  1.46514E+08  1.68834E+08  1.33841E+10  1.10058E+08  4.58593E+07  5.18439E+07  5.13296E+08  1.22753E+09  1.44591E+08  1.66468E+08  1.19110E+10  1.92778E+08  5.79961E+07  6.55761E+07  9.27574E+08
 0.170  15.250   1.954  1.95791E+10  1.74850E+09  1.70241E+08  2.06093E+08  1.76604E+10  3.91503E+07  5.50700E+07  6.69637E+07  6.40664E+08  1.03462E+09  1.60897E+08  1.94789E+08  1.24326E+10  6.44768E+07  6.34001E+07  7.70204E+07  9.51102E+08
 0.180  16.750   2.310  2.20029E+10  1.94626E+09  1.95458E+08  2.39550E+08  1.98612E+10  6.12758E+07  7.40138E+07  9.07842E+07  1.09111E+09  1.24647E+09  1.86438E+08  2.28236E+08  1.13082E+10  1.27749E+08  9.71611E+07  1.19001E+08  1.89264E+09
 0.190  18.250   2.184  2.43447E+10  2.29032E+09  2.36189E+08  2.92020E+08  2.18182E+10  1.22572E+08  7.31124E+07  9.06704E+07  9.33061E+08  1.31668E+09  2.23405E+08  2.75960E+08  1.16660E+10  1.63484E+08  8.90888E+07  1.10398E+08  1.27917E+09
 0.200  19.750   1.767  2.65121E+10  2.46316E+09  2.74370E+08  3.41710E+08  2.37746E+10  1.18999E+08  1.22386E+08  1.50863E+08  1.20659E+09  1.26923E+09  2.56472E+08  3.18978E+08  1.13702E+10  1.01946E+08  1.08539E+08  1.33671E+08  1.01080E+09
 0.210  21.250   2.590  2.84157E+10  2.87119E+09  3.16889E+08  3.96681E+08  2.52276E+10  1.93946E+08  1.51908E+08  1.88611E+08  1.42848E+09  1.32962E+09  3.03562E+08  3.79483E+08  1.15807E+10  2.54849E+08  1.83762E+08  2.28448E+08  1.95259E+09
 0.220  22.000   2.671  2.79742E+10  2.94179E+09  3.86351E+08  4.83379E+08  2.46460E+10  2.35827E+08  1.94047E+08  2.41613E+08  1.54404E+09  1.43266E+09  3.71478E+08  4.64095E+08  1.10387E+10  3.11250E+08  2.35452E+08  2.93245E+08  2.07463E+09
 0.230  24.250   2.606  3.22653E+10  3.25651E+09  4.34337E+08  5.49985E+08  2.85745E+10  1.46867E+08  2.53714E+08  3.19240E+08  1.87626E+09  1.09596E+09  4.09041E+08  5.17270E+08  1.09946E+10  1.59346E+08  2.68208E+08  3.37612E+08  2.09750E+09
 0.240  28.000   2.925  4.42133E+10  4.45774E+09  5.08514E+08  6.54707E+08  3.92470E+10  1.70366E+08  2.85531E+08  3.65245E+08  2.24964E+09  1.02718E+09  4.19367E+08  5.38593E+08  1.26054E+10  1.85180E+08  2.94823E+08  3.77145E+08  2.39563E+09
 0.250  31.000   3.831  5.37729E+10  5.33755E+09  6.18743E+08  7.94563E+08  4.78166E+10  6.07806E+08  3.96428E+08  5.06216E+08  3.86302E+09  2.38551E+09  5.55270E+08  7.11336E+08  1.67470E+10  8.69522E+08  4.51254E+08  5.76336E+08  5.54191E+09
 0.260  33.250   4.544  5.87830E+10  5.67547E+09  7.97718E+08  1.01452E+09  5.23099E+10  1.17541E+08  3.98615E+08  5.09685E+08  3.04569E+09  1.86473E+09  6.39075E+08  8.16296E+08  1.64801E+10  2.96051E+08  4.81272E+08  6.15337E+08  5.08224E+09
 0.270  35.000   4.268  6.26368E+10  5.72606E+09  8.37814E+08  1.07992E+09  5.60729E+10  3.27785E+08  4.76561E+08  6.19941E+08  4.21278E+09  1.65468E+09  6.89865E+08  8.90638E+08  1.54125E+10  4.59205E+08  5.33469E+08  6.93519E+08  5.64592E+09
 0.280  37.000   5.178  6.54744E+10  5.80181E+09  8.76788E+08  1.14060E+09  5.87958E+10  1.61147E+08  4.52954E+08  5.91589E+08  3.40218E+09  1.77191E+09  7.23924E+08  9.41521E+08  1.45847E+10  4.39587E+08  5.49854E+08  7.17441E+08  5.76348E+09
 0.290  38.500   4.949  6.69744E+10  5.96745E+09  9.26119E+08  1.20752E+09  6.00808E+10  4.12747E+08  5.21888E+08  6.84742E+08  4.31363E+09  2.16091E+09  7.54258E+08  9.82559E+08  1.42500E+10  7.80588E+08  5.99476E+08  7.84195E+08  6.21500E+09
 0.300  40.000   3.729  6.77848E+10  6.13327E+09  1.00228E+09  1.30733E+09  6.06493E+10  4.85708E+08  5.59240E+08  7.35339E+08  5.06570E+09  2.18917E+09  8.49585E+08  1.10659E+09  1.55681E+10  4.43278E+08  5.34944E+08  7.03482E+08  4.53020E+09
 0.310  41.500   4.644  6.92754E+10  6.26187E+09  1.12016E+09  1.46060E+09  6.18934E+10  4.07900E+08  6.19038E+08  8.14325E+08  4.86858E+09  1.52829E+09  9.60800E+08  1.25179E+09  1.55278E+10  4.68946E+08  6.62795E+08  8.71622E+08  5.80555E+09
 0.320  43.000   4.931  7.02922E+10  6.16235E+09  1.17615E+09  1.54472E+09  6.29537E+10  5.24900E+08  6.95202E+08  9.14895E+08  5.56012E+09  1.53471E+09  1.01245E+09  1.32775E+09  1.54049E+10  6.45986E+08  7.50186E+08  9.87091E+08  6.71084E+09
 0.330  44.500   5.360  7.09093E+10  5.87438E+09  1.23907E+09  1.63547E+09  6.37958E+10  5.25503E+08  7.24798E+08  9.57782E+08  5.55181E+09  1.84966E+09  1.03772E+09  1.36659E+09  1.55740E+10  7.76638E+08  8.10317E+08  1.06919E+09  7.20460E+09
 0.340  46.000   6.015  7.18088E+10  5.78779E+09  1.29297E+09  1.71611E+09  6.47281E+10  3.99877E+08  7.82908E+08  1.04122E+09  5.87804E+09  1.64900E+09  1.09888E+09  1.45576E+09  1.51703E+10  6.63542E+08  8.99904E+08  1.19531E+09  8.35797E+09
 0.350  48.000   6.400  7.53374E+10  6.00416E+09  1.33258E+09  1.77852E+09  6.80007E+10  3.69021E+08  8.34076E+08  1.11437E+09  6.15664E+09  1.64288E+09  1.15974E+09  1.54594E+09  1.52485E+10  6.57912E+08  9.74656E+08  1.30079E+09  8.92922E+09
 0.360  50.500   6.278  8.13284E+10  6.59786E+09  1.38557E+09  1.85468E+09  7.33450E+10  6.03745E+08  8.87318E+08  1.18759E+09  6.84660E+09  1.60472E+09  1.18529E+09  1.58500E+09  1.56430E+10  8.24768E+08  9.87694E+08  1.32170E+09  9.06257E+09
 0.370  57.750   7.619  1.12283E+11  9.61630E+09  1.78499E+09  2.39717E+09  1.00882E+11  6.64560E+08  9.86481E+08  1.32706E+09  8.04138E+09  1.76533E+09  1.23603E+09  1.65939E+09  1.56604E+10  1.18792E+09  1.12146E+09  1.50568E+09  1.13406E+10
 0.380  62.500   8.628  1.31072E+11  1.07875E+10  1.89750E+09  2.55020E+09  1.18387E+11  5.33443E+08  1.06124E+09  1.43112E+09  8.93828E+09  1.44298E+09  1.29905E+09  1.74606E+09  1.59744E+10  1.08901E+09  1.22970E+09  1.65452E+09  1.33739E+10
 0.390  65.250   7.652  1.40356E+11  1.11059E+10  1.97244E+09  2.65760E+09  1.27278E+11  1.23311E+09  1.17572E+09  1.59111E+09  1.26054E+10  2.87479E+09  1.56942E+09  2.11946E+09  2.42518E+10  1.75015E+09  1.31315E+09  1.77453E+09  1.62434E+10
 0.400  67.500   9.104  1.44765E+11  1.06950E+10  2.58004E+09  3.38744E+09  1.31490E+11  6.50390E+08  1.42907E+09  1.88743E+09  1.14301E+10  1.22275E+09  1.76663E+09  2.32754E+09  2.02663E+10  1.04379E+09  1.69424E+09  2.23318E+09  1.78146E+10
 0.410  69.750   6.891  1.48161E+11  9.77398E+09  2.55260E+09  3.41599E+09  1.35834E+11  2.14094E+08  1.30022E+09  1.74232E+09  8.91483E+09  5.73875E+08  1.51767E+09  2.03127E+09  1.50001E+10  2.07683E+08  1.29016E+09  1.72921E+09  8.76602E+09
 0.420  71.750   6.926  1.51265E+11  9.01566E+09  2.54802E+09  3.44289E+09  1.39701E+11  1.01037E+09  1.68131E+09  2.27648E+09  1.30881E+10  1.44706E+09  1.91291E+09  2.58673E+09  1.89313E+10  9.70718E+08  1.64856E+09  2.23247E+09  1.25285E+10
 0.430  73.750   6.647  1.53170E+11  8.31480E+09  2.81203E+09  3.77246E+09  1.42043E+11  1.56618E+09  1.90289E+09  2.53929E+09  1.39662E+10  2.02286E+09  2.23909E+09  2.99204E+09  2.06165E+10  1.42723E+09  1.79287E+09  2.39113E+09  1.21356E+10
 0.440  75.000   7.118  1.52012E+11  7.70192E+09  2.94919E+09  3.97110E+09  1.41361E+11  1.52698E+09  2.11303E+09  2.82899E+09  1.43377E+10  1.92146E+09  2.30920E+09  3.09744E+09  1.98248E+10  1.46408E+09  2.06241E+09  2.75978E+09  1.33960E+10
 0.450  76.250   6.030  1.49663E+11  6.91452E+09  3.18018E+09  4.28005E+09  1.39569E+11  1.07532E+09  2.34212E+09  3.12774E+09  1.45659E+10  1.39879E+09  2.55303E+09  3.41634E+09  1.99474E+10  8.16662E+08  2.14080E+09  2.85208E+09  1.08852E+10
 0.460  77.250   5.754  1.46820E+11  6.06850E+09  3.24147E+09  4.39581E+09  1.37510E+11  1.04730E+09  2.42919E+09  3.27294E+09  1.47265E+10  1.25630E+09  2.64304E+09  3.56805E+09  1.99644E+10  8.07100E+08  2.17357E+09  2.92113E+09  1.02389E+10
 0.470  78.500   5.509  1.44977E+11  5.47487E+09  3.31372E+09  4.51619E+09  1.36189E+11  1.04266E+09  2.53425E+09  3.43375E+09  1.54387E+10  1.23393E+09  2.71509E+09  3.68465E+09  2.02748E+10  7.47739E+08  2.22497E+09  3.00581E+09  9.91648E+09
 0.480  79.750   4.826  1.43717E+11  5.11646E+09  3.35010E+09  4.59115E+09  1.35250E+11  9.52040E+08  2.56863E+09  3.50168E+09  1.53835E+10  1.09246E+09  2.74648E+09  3.74923E+09  1.99438E+10  5.99460E+08  2.08639E+09  2.83388E+09  8.12693E+09
 0.490  81.250   5.896  1.44051E+11  4.83964E+09  3.40038E+09  4.67807E+09  1.35811E+11  9.76700E+08  2.64957E+09  3.62746E+09  1.59860E+10  1.16053E+09  2.81458E+09  3.85799E+09  2.01775E+10  7.54715E+08  2.36241E+09  3.22685E+09  1.08053E+10
 0.500  83.000   5.640  1.45999E+11  4.72898E+09  3.46207E+09  4.77830E+09  1.37808E+11  7.57796E+08  2.70721E+09  3.71876E+09  1.60704E+10  8.85470E+08  2.84892E+09  3.91752E+09  1.98044E+10  5.28963E+08  2.36848E+09  3.24470E+09  9.96570E+09
