  36
 0.150 -1.99560E-01  2.53196E-02 -2.92140E-01 -4.38873E+00 -2.80323E+01  3.63427E+01 -7.60201E-01  3.95732E-01  5.15258E-01  2.36377E+01   1.329   0.787  6.16293E+07  6.05393E+07  1.90156E+06  0.00000E+00  4.26499E+07  2.23965E-02  1.33334E+02   7.188   7.104
 0.160  1.04204E-01 -2.68009E-02  1.15706E-01 -1.05173E+00  6.41141E+00  1.11083E+01  2.24966E-01 -9.64749E-01  1.36562E-01  3.15143E+01   1.671   1.143  1.88515E+08  1.81119E+08  9.54081E+06  6.66761E+05  1.17890E+08  1.25343E-01  6.07520E+01   7.704   7.506
 0.170  1.86507E-01  1.04257E-01  1.85753E-01 -1.31897E+01 -2.48190E+01  2.93036E+01 -4.76817E-01 -6.02675E-01  6.39866E-01  1.65440E+01   1.954   1.670  7.27728E+07  6.83893E+07  7.43501E+06  8.40341E+05  7.69029E+07  8.43075E-04  1.91175E+02   7.392   7.467
 0.180 -9.45903E-01  2.84562E-01  8.48143E-02  1.97183E+01 -1.05519E+00 -3.58866E+00 -2.82399E-01  7.42735E-01  6.07120E-01  3.24539E+01   2.310   1.603  1.36240E+08  1.27482E+08  1.28415E+07  1.96809E+06  1.96289E+08  5.95687E-02  2.10691E+02   7.631   7.455
 0.190  2.84109E-01  4.36154E-02  1.70146E-01 -5.48871E+00 -3.64131E+01  4.12089E+01  7.64225E-01  3.58837E-01  5.35907E-01  1.56000E+01   2.184   1.347  1.56189E+08  1.47161E+08  3.63396E+06  1.20084E+06  7.74849E+07  3.68078E-03  3.48425E+02   7.593   7.516
 0.200  9.59204E-02 -2.07835E-01 -2.98067E-01 -6.44879E+00 -5.24039E+00  3.38623E+01 -7.23536E-01 -2.05782E-01  6.58901E-01  2.07251E+01   1.767   1.494  1.08723E+08  1.04014E+08  1.23996E+07  4.01798E+06  6.69263E+07  2.46939E-02  2.27224E+02   7.671   7.581
 0.210  2.63332E-01 -3.54190E-01  7.31317E-03 -8.26675E+00  1.16177E+01  3.30652E+01 -8.13437E-01 -5.69237E-01  1.19541E-01  3.61328E+01   2.590   1.815  2.57576E+08  2.37036E+08  2.55979E+07  7.30025E+06  2.31124E+08  6.92585E-02  4.21568E+02   7.664   7.553
 0.220  3.51235E-01  1.96578E-01  1.32464E-01 -3.01909E+00 -9.92563E+00  3.65273E+01  6.78478E-01 -6.58993E-01 -3.24646E-01  3.85303E+01   2.671   1.417  2.93749E+08  2.72247E+08  1.85050E+07  5.80328E+06  1.71597E+08  7.26139E-02  3.74010E+02   7.684   7.599
 0.230 -5.73835E-02  8.11284E-02  4.61075E-02  1.42522E+01  1.48942E+01 -4.81477E-01 -5.23710E-01 -4.14858E-01 -7.44057E-01  2.66814E+01   2.606   1.510  1.57775E+08  1.48286E+08  1.82615E+07  3.56769E+06  1.74341E+08  2.61815E-02  3.71624E+02   7.806   7.657
 0.240 -1.39423E-01  5.78536E-02  6.46470E-01  2.58992E+01  5.86831E+00  3.36553E+00 -2.51177E-01  8.16208E-01 -5.20302E-01  2.58887E+01   2.925   2.124  1.92854E+08  1.65354E+08  2.05985E+07  4.72182E+06  1.81990E+08  1.07825E-02  5.70301E+02   7.756   7.645
 0.250  2.89470E-01  3.70117E-01  1.16773E-01  3.05355E+01 -4.39359E+01  3.39174E+01  7.87109E-01  5.72924E-01 -2.28512E-01  1.13548E+02   3.831   2.886  8.30676E+08  7.62648E+08  5.27950E+07  2.32646E+07  8.12926E+08  1.78652E-01  6.81422E+02   7.648   7.537
 0.260 -9.80939E-02  3.85478E-01 -1.31474E+00 -1.77372E+00  4.08255E+01  1.24589E+01  9.39366E-01  3.12446E-01 -1.41309E-01  1.24146E+02   4.544   3.264  3.35272E+08  2.87392E+08  6.36851E+07  1.87545E+07  6.08323E+08  1.49164E-01  6.77208E+02   7.877   7.660
 0.270 -2.45258E-01 -7.59551E-02  6.53425E-01 -1.61988E-01 -1.81911E+01 -5.46060E-01  7.64527E-01 -1.67358E-01 -6.22487E-01  1.49427E+02   4.268   2.229  4.13865E+08  3.73448E+08  6.21377E+07  2.25873E+07  6.85641E+08  5.03564E-02  8.07541E+02   7.775   7.663
 0.280  1.10946E+00 -2.04835E-01  2.35860E-01 -1.57938E+01 -2.86351E+01 -4.89040E+00  7.88947E-01  1.45486E-01 -5.96990E-01  2.05161E+02   5.178   3.142  4.75406E+08  4.10887E+08  7.76987E+07  2.75376E+07  6.84893E+08  4.89627E-02  8.33340E+02   7.792   7.679
 0.290 -7.09750E-01 -4.96907E-01 -6.16856E-01 -1.68136E+01  7.38275E+00  2.01232E+01  6.62515E-01  2.73297E-01 -6.97411E-01  2.37405E+02   4.949   2.283  7.47471E+08  6.88245E+08  8.04654E+07  2.45209E+07  6.35426E+08  3.20658E-01  7.76075E+02   7.782   7.687
 0.300 -5.37471E-01  1.70720E-02 -1.67934E-01 -2.45528E+01  1.29946E+01  2.23261E+01  3.42628E-01  4.88414E-01 -8.02532E-01  1.18117E+02   3.729   2.042  4.26749E+08  3.96948E+08  5.71828E+07  1.29729E+07  3.94741E+08  1.67600E-01  8.64462E+02   7.840   7.730
 0.310  1.88021E-01  3.35717E-01  1.41752E-01 -7.74939E+00 -1.70453E+01 -4.44024E+00  6.46931E-01  1.56404E-01 -7.46336E-01  8.99916E+01   4.644   2.756  4.34307E+08  3.76048E+08  7.93812E+07  3.09138E+07  6.20960E+08  7.22527E-02  1.02274E+03   7.950   7.727
 0.320 -4.62626E-02  8.85233E-01  6.30257E-02  1.92874E+01 -3.35611E+00  3.06604E+01  7.13558E-01  1.70289E-01 -6.79586E-01  1.50105E+02   4.931   1.808  5.78409E+08  5.41569E+08  8.25184E+07  3.28653E+07  6.82815E+08  1.97538E-01  1.08057E+03   7.934   7.736
 0.330  1.62881E-01  6.05146E-01  3.18042E-01  6.87047E+00 -1.53517E+01  1.91189E+01  5.44713E-01  3.89737E-01 -7.42558E-01  2.41996E+02   5.360   1.977  6.98523E+08  6.64997E+08  1.07952E+08  2.45600E+07  6.39666E+08  3.24487E-01  9.19628E+02   7.924   7.791
 0.340  2.71231E-01  7.57183E-01  1.04532E+00  4.71114E+01 -2.84981E+01  1.67602E+01  6.54413E-01  2.13323E-01 -7.25422E-01  3.04011E+02   6.015   2.707  5.85931E+08  5.33854E+08  1.23348E+08  3.64100E+07  8.46098E+08  1.91485E-01  1.04066E+03   7.935   7.784
 0.350  9.94834E-01  9.52410E-02  9.95112E-01  1.97536E+01 -8.87267E+00  1.08353E+01  5.91836E-01  4.63911E-01 -6.59179E-01  2.21837E+02   6.400   2.952  6.22281E+08  5.49730E+08  1.27497E+08  4.75872E+07  9.24996E+08  3.28745E-02  1.21331E+03   7.945   7.777
 0.360  7.67662E-01  2.63745E-01  1.02942E+00  5.89209E+00 -1.00692E+01 -7.05440E-01  5.72391E-01  1.56567E-01 -8.04895E-01  2.03764E+02   6.278   2.567  7.43754E+08  6.83636E+08  1.40894E+08  4.92990E+07  1.02293E+09  1.84798E-01  1.30561E+03   7.927   7.799
 0.370  5.17200E-03 -2.20006E-01  1.45528E-01  1.72477E+01 -2.04551E+01  2.44332E+00  6.08320E-01  1.66086E-01 -7.76120E-01  3.03082E+02   7.619   1.937  9.94673E+08  9.39350E+08  1.67509E+08  6.09350E+07  1.05461E+09  2.60014E-01  1.31374E+03   7.901   7.786
 0.380  1.68636E+00  9.22668E-01  1.34476E+00  2.67554E+01 -1.87137E+01  9.95121E+00  5.37208E-01  2.35018E-01 -8.10046E-01  3.96810E+02   8.628   4.079  9.92434E+08  8.65602E+08  1.96401E+08  7.69627E+07  1.53398E+09  1.78014E-01  1.39627E+03   7.955   7.779
 0.390 -6.08888E-01  2.44486E+00 -8.59659E-01  2.41187E+01 -5.10467E+01  9.63506E+01  8.81097E-01  3.94255E-01 -2.61211E-01  2.92845E+02   7.652   5.526  1.88908E+09  1.75589E+09  1.08466E+08  4.17537E+07  1.55618E+09  5.79443E-02  1.85084E+03   7.807   7.775
 0.400  2.34688E-01 -9.17524E-01 -2.40028E-01 -4.78022E+01  6.40279E+01 -1.79799E+01  7.80240E-01  2.32633E-01 -5.80610E-01  5.94083E+01   9.104   5.119  9.67022E+08  8.82920E+08  2.81089E+08  7.44251E+07  2.19385E+09  5.22086E-01  1.19475E+03   8.095   7.904
 0.410 -3.98466E-01  1.30721E-01  1.03276E+00  1.68600E+00  4.34407E+01  9.86905E+00 -9.91259E-01  2.23176E-02 -1.30027E-01  1.36766E+02   6.891   5.958  2.80501E+08  2.31154E+08  6.75507E+07  1.97770E+07  7.01770E+08  0.00000E+00  2.01283E+03   7.956   7.836
 0.420 -9.94145E-02  1.11009E+00  4.61645E-01 -1.03040E+01  5.37481E+01 -1.65613E+01 -9.56156E-01 -2.17546E-01 -1.96060E-01  1.16619E+02   6.926   3.943  9.24785E+08  8.53798E+08  1.06131E+08  2.50497E+07  8.11180E+08  1.74663E-01  1.72794E+03   7.919   7.868
 0.430 -2.28998E-01  2.59407E-02 -6.10146E-02  9.07854E+00 -1.17930E+01 -1.88727E+01 -3.96425E-01 -9.04706E-01  1.56055E-01  1.27403E+02   6.647   3.627  1.29529E+09  1.20966E+09  1.58648E+08  2.97112E+07  8.98974E+08  7.12061E-01  1.41960E+03   8.078   7.925
 0.440 -4.22281E-01  6.06297E-01 -1.15059E-01  2.98622E+00 -1.09929E+00  2.84290E+00  5.05397E-01 -8.44233E-01 -1.78447E-01  1.22631E+02   7.118   3.904  1.30388E+09  1.20137E+09  1.10720E+08  2.40660E+07  7.97961E+08  1.92111E-01  1.80568E+03   8.117   7.924
 0.450 -1.59918E-01  5.75874E-02 -3.11978E-02  4.11060E+00  9.48801E+00 -5.15609E-01  6.82959E-01 -6.08906E-01 -4.03486E-01  1.26116E+02   6.030   3.109  7.71273E+08  7.16763E+08  1.68869E+08  3.32296E+07  7.53399E+08  2.98173E-01  1.53542E+03   8.233   7.997
 0.460 -2.53575E-01 -2.31650E-01 -2.70231E-01  8.12855E+00  1.55409E+01  1.19989E+00  7.50251E-01 -5.64250E-01 -3.44596E-01  1.66156E+02   5.754   2.305  7.20373E+08  6.76903E+08  1.53698E+08  2.78590E+07  6.51804E+08  2.45093E-01  1.67359E+03   8.206   8.024
 0.470  2.52155E-01 -9.02214E-01 -2.85544E-01 -1.98420E+01  2.02384E+01 -2.57393E+01  9.34384E-01 -1.11255E-01 -3.38452E-01  2.26682E+02   5.509   2.679  6.75051E+08  6.44113E+08  2.25850E+08  4.06137E+07  7.56808E+08  3.52740E-01  1.55751E+03   8.229   8.052
 0.480  2.81388E-02  6.88773E-01  2.00887E-01 -2.91829E+00 -1.58155E+01  9.69061E+00  9.64993E-01 -1.59921E-01 -2.07879E-01  2.16033E+02   4.826   2.140  5.53250E+08  5.30581E+08  1.80161E+08  3.13261E+07  5.78809E+08  3.88980E-01  1.73689E+03   8.241   8.061
 0.490 -9.51108E-02  4.06000E-02  1.40603E-01 -4.22175E+00  9.32233E+00 -7.05803E+00  9.87948E-01 -1.54766E-01  2.54407E-03  1.53589E+02   5.896   2.298  6.48925E+08  6.26245E+08  1.99077E+08  2.87913E+07  6.86140E+08  4.15903E-01  1.61883E+03   8.241   8.099
 0.500 -1.24251E-01  9.87004E-02 -3.00380E-01  2.13077E+00 -1.14436E+01 -6.66588E+00  5.31677E-01 -5.98599E-01  5.99164E-01  1.04257E+02   5.640   2.345  4.66392E+08  4.24478E+08  1.17065E+08  1.43447E+07  4.97666E+08  5.02075E-02  1.97916E+03   8.280   8.100
