  41
 0.160 -2.97130E-02  5.89706E-02  2.69091E-01  3.17259E+01  7.01643E+00  2.82163E+01 -2.58354E-01 -3.61769E-01 -8.95755E-01  2.08563E+01   1.911   1.288  2.36909E+08  2.31053E+08  6.38622E+06  0.00000E+00  7.69029E+07  4.76806E-02  1.84176E+02   7.732   7.591
 0.170  2.51030E-01 -7.40393E-02  4.79297E-01 -3.99693E+00  2.24222E+01  9.84284E+01  6.28928E-01 -3.80061E-01 -6.78235E-01  5.04835E+01   2.169   1.396  7.44443E+08  7.24034E+08  2.89023E+07  1.77683E+07  2.76684E+08  1.23729E-01  2.92403E+02   7.820   7.659
 0.180  5.24664E-02  4.19603E-03 -2.90173E-01  6.00843E-01  1.25699E+00  3.96716E+01  9.23553E-01  4.32483E-02 -3.81024E-01  5.15999E+01   2.982   1.449  6.22787E+08  6.84354E+08  1.49723E+08  2.63367E+07  6.04831E+08  7.76714E-01  1.35796E+02   8.117   7.905
 0.190 -2.54676E-02  6.49727E-02  9.56710E-02  2.81752E+00  7.34294E+00  1.70778E+01  8.54075E-01  4.28217E-01 -2.95274E-01  4.09511E+01   2.673   0.803  7.97884E+08  1.00643E+09  3.05645E+08  4.06201E+07  4.39303E+08  4.11827E+00  9.20740E+01   8.360   8.162
 0.200 -3.92965E-03 -3.43675E-01 -2.39433E-01  6.24162E+00  9.60733E+00  4.70069E+00  9.12765E-01  3.42014E-01 -2.23351E-01  8.37574E+01   3.056   1.021  1.02981E+09  1.15274E+09  3.94998E+08  3.35547E+07  5.67585E+08  2.30066E+00  1.32694E+02   8.341   8.446
 0.210  5.61267E-02 -1.00846E-01 -8.44153E-02  1.96602E+00  1.73383E+00  6.50723E+00  8.02491E-01  5.04798E-01 -3.18100E-01  4.99784E+01   2.293   0.583  7.06139E+08  1.14733E+09  7.59950E+08  2.74339E+07  2.96804E+08  6.75515E+00  1.18328E+02   8.561   8.498
 0.220  3.70661E-01 -2.18604E-01 -1.68193E-01  1.73001E+00 -2.14094E+01  5.51847E+00 -3.22878E-02 -7.27074E-01  6.85800E-01  1.02550E+02   3.769   1.134  9.76326E+08  1.01750E+09  2.73440E+08  7.27564E+07  8.91076E+08  1.23998E+00  3.85492E+02   8.403   8.071
 0.230 -2.05382E-02 -1.52668E-01 -1.01060E-01 -2.26608E-01 -5.13605E+00  4.11641E+00 -6.59885E-01 -3.41253E-01  6.69401E-01  3.79391E+01   1.954   0.531  6.62516E+08  7.20854E+08  3.30950E+08  4.44864E+07  3.78529E+08  1.17558E+00  3.56682E+02   8.528   8.490
 0.240 -3.59754E-02 -4.82019E-03 -9.56355E-03  3.49138E-01  7.21124E-01 -3.11037E+00 -3.90730E-01  4.35465E-01  8.10987E-01  3.94182E+01   1.000   0.500  3.54205E+08  7.92615E+08  1.34446E+09  1.42916E+07  1.12320E+08  4.28457E+00  2.34751E+02   8.789   8.703
 0.250  4.03124E-02 -2.34791E-01 -1.28410E-01 -5.49052E-01 -6.43003E+00  6.97957E+00 -9.97554E-01  4.24175E-02 -5.55554E-02  1.13899E+02   4.257   0.811  5.00517E+08  6.14323E+08  6.20901E+08  1.04611E+08  7.07008E+08  1.89023E+00  4.16778E+02   8.566   8.458
 0.260  5.64926E-02 -2.89689E-01 -5.89154E-02  2.49721E+01  9.04532E+01  2.68987E+01 -9.14743E-01 -2.48543E-01  3.18546E-01  8.89412E+01   2.563   0.918  1.50840E+09  1.61691E+09  1.02207E+09  1.49908E+08  9.19925E+08  2.46163E+00  4.64095E+02   8.292   8.562
 0.270  7.83245E-02  6.25645E-02 -1.12479E-01  5.95531E+00  3.47537E+00 -6.91706E+00 -9.10101E-01  6.53716E-02 -4.09198E-01  1.14616E+02   3.441   0.667  8.69101E+08  1.01500E+09  8.66238E+08  1.20316E+08  7.80918E+08  2.08715E+00  4.77839E+02   8.655   8.464
 0.280 -4.03216E-02  1.28011E-01  1.18457E-01  7.34706E+00  4.31668E+01 -1.91714E+01 -8.92336E-01  1.97965E-01 -4.05643E-01  3.48963E+02   4.699   1.264  1.30586E+09  1.45384E+09  1.36331E+09  2.10200E+08  1.32290E+09  2.49117E+00  5.08699E+02   8.420   8.520
 0.290  1.33881E-01 -2.33618E-01 -1.09046E-01  6.76643E+00  3.58413E+00  7.50837E-01 -8.72278E-01  1.25453E-01 -4.72644E-01  4.86368E+02   6.631   1.916  1.52737E+09  1.63502E+09  1.84995E+09  2.73722E+08  1.89464E+09  2.83272E+00  5.52058E+02   8.378   8.528
 0.300 -1.69224E-01 -4.65910E-01 -1.97475E-01  3.52261E+00  2.97800E+01 -3.17962E+01 -9.40715E-01  1.34879E-01 -3.11227E-01  4.97792E+02   6.173   1.374  1.47152E+09  1.53708E+09  1.98541E+09  2.35662E+08  1.59634E+09  1.56897E+00  6.47113E+02   8.329   8.593
 0.310 -1.11548E-01 -4.20492E-02  3.71763E-01  1.21146E-01  1.19384E+01 -2.32012E+01 -9.41929E-01 -4.96544E-02 -3.32121E-01  4.94501E+02   6.789   1.523  1.75133E+09  1.96288E+09  2.85429E+09  2.68024E+08  1.78830E+09  3.83313E+00  6.85783E+02   8.353   8.614
 0.320 -8.07658E-03  4.44060E-01 -5.02109E-01  5.32500E+00  1.22479E+01 -2.92430E+01 -9.72150E-01 -1.68328E-01 -1.63063E-01  4.68738E+02   6.173   1.690  1.43942E+09  1.60914E+09  2.84982E+09  2.63306E+08  1.75239E+09  2.97776E+00  7.51059E+02   8.392   8.592
 0.330 -7.28550E-02  9.44925E-02  7.33183E-01 -1.07250E+01  2.93336E+01 -1.95682E+01 -9.89624E-01 -1.41632E-01  2.41760E-02  5.48946E+02   7.282   1.838  1.56147E+09  1.59662E+09  2.52939E+09  3.19668E+08  1.96131E+09  1.77001E+00  8.18227E+02   8.393   8.533
 0.340 -7.49883E-02 -2.36534E-01 -3.14410E-01 -6.00108E+00  1.05698E+01 -2.64923E+01 -9.66581E-01 -1.34775E-01  2.18076E-01  4.78271E+02   7.483   1.213  1.70533E+09  1.84013E+09  2.24577E+09  2.56604E+08  1.62618E+09  3.45395E+00  9.09969E+02   8.386   8.543
 0.350 -3.06931E-01  1.40222E-01 -4.44511E-01  1.08130E+01 -3.19767E+00  1.05378E+01 -8.12394E-01 -2.53635E-01  5.25058E-01  4.26860E+02   6.738   1.765  1.73964E+09  1.82950E+09  1.77855E+09  2.45548E+08  1.87460E+09  2.13065E+00  1.01430E+03   8.387   8.479
 0.360 -3.01862E-01  2.39928E-01  2.21094E-01 -1.59770E+01  6.95710E+00 -1.83621E+01 -7.27089E-01 -2.42487E-01  6.42294E-01  5.73417E+02   7.925   1.848  1.87076E+09  2.00456E+09  2.29249E+09  3.08652E+08  2.32272E+09  3.34662E+00  9.84289E+02   8.383   8.468
 0.370  1.29193E-01  7.21414E-02  1.36917E-01 -2.12041E+01  2.46468E+01 -3.51576E+01 -6.82447E-01 -2.59899E-01  6.83168E-01  5.78545E+02   5.998   1.633  1.88361E+09  1.97283E+09  2.66569E+09  2.81243E+08  1.74632E+09  2.53640E+00  1.07589E+03   8.363   8.487
 0.380  7.51252E-01 -2.49096E-01  3.92138E-01  6.75543E+00  2.41704E+01  9.22718E+00 -5.90329E-01 -1.69093E-01  7.89252E-01  5.89694E+02   6.806   1.475  1.94363E+09  2.11025E+09  3.52426E+09  3.26854E+08  1.88026E+09  3.05493E+00  1.15570E+03   8.384   8.529
 0.390 -4.58504E-01 -2.59646E-01 -4.51094E-01 -7.08617E+00 -2.67314E+01 -1.43879E+01 -5.85491E-01 -1.50251E-01  7.96634E-01  6.37519E+02   6.537   1.135  1.69369E+09  1.90206E+09  4.19430E+09  3.07445E+08  1.56125E+09  3.09059E+00  1.25461E+03   8.431   8.581
 0.400  2.75424E-01  4.35859E-02  1.91283E-01  1.50928E+00  2.17409E+01  1.12325E+00 -4.11478E-01 -1.23305E-01  9.03040E-01  6.63609E+02   6.784   1.859  2.05512E+09  2.20887E+09  5.26590E+09  4.16565E+08  2.05601E+09  3.37172E+00  1.31780E+03   8.402   8.577
 0.410  6.24081E-01 -3.33044E-01  6.78470E-02  6.39514E+00  4.80444E+00 -4.11438E+00 -2.72675E-01 -1.08944E-01  9.55918E-01  7.14943E+02   6.256   1.097  1.90566E+09  2.14646E+09  5.25968E+09  3.25785E+08  1.48884E+09  3.89849E+00  1.38008E+03   8.439   8.589
 0.420 -1.19346E-01 -4.15659E-01 -1.30595E-01 -1.63811E+01 -1.55053E+01 -7.14208E+00 -8.55219E-02 -1.70823E-01  9.81583E-01  7.34044E+02   6.672   1.405  2.35306E+09  2.52013E+09  5.75316E+09  3.80783E+08  1.77957E+09  3.35392E+00  1.45126E+03   8.400   8.577
 0.430  8.40185E-01 -4.25419E-01 -1.33362E-01 -9.56012E+00  1.48468E+01  9.57861E-02  3.97834E-02 -1.21112E-01  9.91841E-01  7.79037E+02   7.245   1.352  2.68890E+09  2.94388E+09  6.38363E+09  4.27835E+08  1.88965E+09  3.99141E+00  1.47024E+03   8.401   8.564
 0.440  7.67569E-01 -5.99202E-01 -2.07251E-01 -6.79297E+00  4.91831E+00 -3.21362E+00  1.21376E-01 -4.81138E-02  9.91440E-01  8.00215E+02   7.911   1.142  2.41843E+09  2.76775E+09  6.84501E+09  4.46892E+08  1.81624E+09  5.09357E+00  1.48222E+03   8.459   8.557
 0.450 -1.04467E+00 -5.05352E-01  1.64111E-01  1.28111E+01 -9.00143E+00  4.77632E+00  3.27338E-01 -1.21560E-01  9.37055E-01  6.54393E+02   7.641   2.570  2.72740E+09  3.05486E+09  7.69782E+09  5.63624E+08  2.77707E+09  5.64223E+00  1.53054E+03   8.424   8.545
 0.460 -2.63302E-02 -4.12363E-01 -5.36021E-02  4.12158E+00 -2.13491E+01  3.05483E+00  3.59608E-01  1.38200E-02  9.33001E-01  6.46843E+02   6.244   1.713  2.25606E+09  2.65909E+09  8.17919E+09  5.14467E+08  2.00970E+09  6.19646E+00  1.56344E+03   8.484   8.550
 0.470  1.91584E-01 -2.81600E-01 -1.28413E-01 -1.80579E+01 -1.05411E+00  1.45811E+01  3.83315E-01 -1.03726E-02  9.23559E-01  7.29373E+02   6.276   1.407  2.48226E+09  2.88238E+09  8.25523E+09  4.47464E+08  1.82730E+09  7.09536E+00  1.61749E+03   8.471   8.556
 0.480  1.77452E-01 -2.99075E-01 -4.88921E-02 -1.23679E+01  6.65746E+00  4.87588E+00  4.61540E-01  9.93527E-02  8.81539E-01  7.16498E+02   6.607   0.941  2.00867E+09  2.43099E+09  8.32535E+09  4.13208E+08  1.52451E+09  6.42921E+00  1.64711E+03   8.523   8.563
 0.490  2.85161E-01 -6.00485E-01  1.24728E-01 -1.28209E+01 -1.70318E+01  1.66084E+01  5.01891E-01  1.45614E-01  8.52586E-01  7.67558E+02   7.838   1.498  1.85250E+09  2.11875E+09  9.79591E+09  6.65249E+08  2.19527E+09  4.07630E+00  1.67004E+03   8.533   8.542
 0.500  7.01835E-01 -2.53926E-01 -2.97321E-01 -2.70064E+01  1.68842E+01  1.74938E+01  5.38757E-01  2.02686E-01  8.17716E-01  7.92500E+02   6.949   0.961  1.59478E+09  1.79423E+09  8.65695E+09  4.90118E+08  1.57722E+09  3.23258E+00  1.80164E+03   8.533   8.560
 0.510  2.74971E-02 -3.31678E-01  7.41186E-02 -1.93799E+01 -1.40703E+01  1.62018E+01  5.76359E-01  2.91734E-01  7.63349E-01  7.87106E+02   7.530   0.968  1.36348E+09  1.48189E+09  9.16824E+09  5.59652E+08  1.63450E+09  1.99706E+00  1.91481E+03   8.574   8.559
 0.520  3.53822E-01  3.19726E-01 -4.54266E-01 -3.45173E+01  1.02560E+01  2.15401E+01  5.92803E-01  3.58824E-01  7.20992E-01  8.34619E+02   7.667   0.952  1.34820E+09  1.45902E+09  9.21158E+09  5.80790E+08  1.64339E+09  1.87479E+00  2.03326E+03   8.590   8.563
 0.530 -9.75679E-02  1.82063E-01 -9.76212E-02 -1.81028E+01 -1.05145E+01  2.17383E+01  6.48931E-01  4.17414E-01  6.36124E-01  7.44102E+02   7.290   0.733  1.00195E+09  1.08271E+09  8.53969E+09  4.81204E+08  1.37245E+09  1.43213E+00  2.18666E+03   8.608   8.576
 0.540 -1.59815E-02  2.86979E-01 -2.81950E-01 -2.08515E+01 -9.21417E-01  2.43453E+01  6.88192E-01  4.52079E-01  5.67465E-01  7.71097E+02   7.929   0.986  9.81030E+08  1.03347E+09  9.71267E+09  6.22879E+08  1.70367E+09  1.15891E+00  2.27697E+03   8.619   8.561
 0.550  7.48284E-02  1.75801E-01 -3.60276E-01 -1.17688E+01 -5.32192E-01  1.57390E+01  7.13080E-01  4.79933E-01  5.11059E-01  7.70669E+02   7.905   0.733  8.83669E+08  9.34003E+08  8.73727E+09  5.01472E+08  1.37635E+09  1.04189E+00  2.41772E+03   8.629   8.576
 0.560 -1.77263E-01  6.64205E-01 -5.42875E-01 -1.65592E+01 -2.90155E+00  3.00263E+01  7.39751E-01  5.12858E-01  4.35599E-01  7.34978E+02   8.176   0.609  8.09053E+08  8.50085E+08  8.14661E+09  4.37781E+08  1.22471E+09  9.33187E-01  2.57275E+03   8.638   8.587
