  41
 0.160   1.911  4.98980E+07  5.89835E+07  4.94550E+07  2.17748E+02  0.00000E+00  0.00000E+00  0.00000E+00  4.98980E+07  5.89835E+07  4.94550E+07
 0.170   2.169  1.89195E+08  2.22247E+08  1.87779E+08  1.99904E+02  6.54488E+07  8.14742E+07  6.45606E+07  1.23746E+08  1.40772E+08  1.23218E+08
 0.180   2.982  5.58410E+08  6.59526E+08  5.55044E+08  1.83382E+02  1.68995E+08  2.11217E+08  1.66525E+08  3.89416E+08  4.48309E+08  3.88519E+08
 0.190   2.673  9.35893E+08  1.07984E+09  9.32213E+08  1.36535E+02  1.64944E+08  2.06873E+08  1.62647E+08  7.70949E+08  8.72967E+08  7.69566E+08
 0.200   3.056  1.87029E+09  2.25784E+09  1.85840E+09  2.32702E+02  4.44857E+08  5.60725E+08  4.38564E+08  1.42544E+09  1.69711E+09  1.41983E+09
 0.210   2.293  2.59693E+09  3.12902E+09  2.58123E+09  2.38287E+02  3.84198E+08  4.89372E+08  3.77960E+08  2.21273E+09  2.63965E+09  2.20327E+09
 0.220   3.769  3.71928E+09  4.57939E+09  3.68910E+09  3.23471E+02  6.95093E+08  8.92738E+08  6.82475E+08  3.02419E+09  3.68665E+09  3.00663E+09
 0.230   1.954  3.80596E+09  4.71001E+09  3.77433E+09  3.53522E+02  3.92864E+08  5.09588E+08  3.84597E+08  3.41310E+09  4.20042E+09  3.38973E+09
 0.240   1.000  3.75598E+09  4.67875E+09  3.72482E+09  3.77975E+02  1.73548E+08  2.26330E+08  1.69573E+08  3.58243E+09  4.45242E+09  3.55524E+09
 0.250   4.257  5.90363E+09  7.50005E+09  5.83202E+09  5.31695E+02  1.05877E+09  1.37961E+09  1.03553E+09  4.84486E+09  6.12044E+09  4.79649E+09
 0.260   2.563  6.44279E+09  8.18359E+09  6.36113E+09  5.74645E+02  1.00775E+09  1.31744E+09  9.84913E+08  5.43504E+09  6.86615E+09  5.37621E+09
 0.270   3.441  7.86988E+09  1.00142E+10  7.76817E+09  6.07550E+02  1.07933E+09  1.42347E+09  1.05151E+09  6.79055E+09  8.59072E+09  6.71666E+09
 0.280   4.699  8.72341E+09  1.12407E+10  8.59710E+09  7.03280E+02  1.41514E+09  1.86900E+09  1.37845E+09  7.30826E+09  9.37173E+09  7.21865E+09
 0.290   6.631  9.37166E+09  1.22095E+10  9.21873E+09  8.15913E+02  1.68115E+09  2.23406E+09  1.63476E+09  7.69051E+09  9.97539E+09  7.58398E+09
 0.300   6.173  9.47900E+09  1.24700E+10  9.30739E+09  9.33930E+02  1.63935E+09  2.19282E+09  1.58995E+09  7.83965E+09  1.02771E+10  7.71743E+09
 0.310   6.789  1.00363E+10  1.32608E+10  9.84083E+09  1.03333E+03  1.76472E+09  2.37266E+09  1.70812E+09  8.27159E+09  1.08881E+10  8.13271E+09
 0.320   6.173  1.01980E+10  1.35475E+10  9.98577E+09  1.13514E+03  1.66702E+09  2.25173E+09  1.60939E+09  8.53100E+09  1.12958E+10  8.37638E+09
 0.330   7.282  1.06690E+10  1.42537E+10  1.04312E+10  1.24532E+03  1.86637E+09  2.52389E+09  1.80044E+09  8.80260E+09  1.17299E+10  8.63072E+09
 0.340   7.483  1.11367E+10  1.49080E+10  1.08755E+10  1.33727E+03  1.90901E+09  2.59291E+09  1.83764E+09  9.22769E+09  1.23150E+10  9.03789E+09
 0.350   6.738  1.13123E+10  1.52027E+10  1.10324E+10  1.44185E+03  1.77375E+09  2.42070E+09  1.70167E+09  9.53858E+09  1.27820E+10  9.33072E+09
 0.360   7.925  1.20988E+10  1.62859E+10  1.17882E+10  1.52230E+03  2.01567E+09  2.75453E+09  1.93261E+09  1.00831E+10  1.35314E+10  9.85563E+09
 0.370   5.998  1.19204E+10  1.61170E+10  1.15986E+10  1.63319E+03  1.69254E+09  2.32301E+09  1.61618E+09  1.02279E+10  1.37939E+10  9.98238E+09
 0.380   6.806  1.25808E+10  1.70403E+10  1.22281E+10  1.72216E+03  1.85549E+09  2.55157E+09  1.76987E+09  1.07253E+10  1.44887E+10  1.04582E+10
 0.390   6.537  1.28752E+10  1.74820E+10  1.25003E+10  1.81780E+03  1.82169E+09  2.51114E+09  1.73360E+09  1.10535E+10  1.49709E+10  1.07667E+10
 0.400   6.784  1.33073E+10  1.81140E+10  1.29031E+10  1.92063E+03  1.87761E+09  2.59201E+09  1.78369E+09  1.14297E+10  1.55220E+10  1.11194E+10
 0.410   6.256  1.35797E+10  1.85132E+10  1.31557E+10  2.01015E+03  1.79294E+09  2.48017E+09  1.69924E+09  1.17868E+10  1.60330E+10  1.14564E+10
 0.420   6.672  1.40389E+10  1.91918E+10  1.35803E+10  2.11984E+03  1.88941E+09  2.61700E+09  1.78799E+09  1.21495E+10  1.65748E+10  1.17923E+10
 0.430   7.245  1.47276E+10  2.01410E+10  1.42388E+10  2.19233E+03  2.02155E+09  2.80177E+09  1.91185E+09  1.27060E+10  1.73392E+10  1.23269E+10
 0.440   7.911  1.55279E+10  2.12313E+10  1.50087E+10  2.24984E+03  2.15624E+09  2.99141E+09  2.03808E+09  1.33716E+10  1.82398E+10  1.29706E+10
 0.450   7.641  1.60221E+10  2.19195E+10  1.54783E+10  2.32456E+03  2.12138E+09  2.94937E+09  2.00006E+09  1.39007E+10  1.89701E+10  1.34782E+10
 0.460   6.244  1.63294E+10  2.23334E+10  1.57725E+10  2.37569E+03  1.92126E+09  2.67149E+09  1.80695E+09  1.44082E+10  1.96619E+10  1.39656E+10
 0.470   6.276  1.68821E+10  2.31103E+10  1.62944E+10  2.44815E+03  1.92865E+09  2.68538E+09  1.81074E+09  1.49535E+10  2.04249E+10  1.44837E+10
 0.480   6.607  1.78672E+10  2.44700E+10  1.72380E+10  2.50252E+03  2.07972E+09  2.89624E+09  1.95195E+09  1.57875E+10  2.15738E+10  1.52860E+10
 0.490   7.838  1.89559E+10  2.60267E+10  1.82817E+10  2.56804E+03  2.37117E+09  3.30047E+09  2.22877E+09  1.65848E+10  2.27262E+10  1.60530E+10
 0.500   6.949  1.88039E+10  2.59239E+10  1.81102E+10  2.69821E+03  2.19811E+09  3.06564E+09  2.05978E+09  1.66058E+10  2.28583E+10  1.60504E+10
 0.510   7.530  1.94346E+10  2.68919E+10  1.86996E+10  2.81123E+03  2.35389E+09  3.28579E+09  2.20583E+09  1.70808E+10  2.36061E+10  1.64938E+10
 0.520   7.667  1.97988E+10  2.74747E+10  1.90277E+10  2.92721E+03  2.43754E+09  3.40628E+09  2.28302E+09  1.73613E+10  2.40684E+10  1.67447E+10
 0.530   7.290  1.97747E+10  2.75321E+10  1.89723E+10  3.07449E+03  2.35679E+09  3.30013E+09  2.20110E+09  1.74179E+10  2.42319E+10  1.67712E+10
 0.540   7.929  2.00154E+10  2.79455E+10  1.91746E+10  3.21091E+03  2.42204E+09  3.39628E+09  2.25880E+09  1.75933E+10  2.45493E+10  1.69158E+10
 0.550   7.905  2.01389E+10  2.81951E+10  1.92623E+10  3.35734E+03  2.45216E+09  3.44372E+09  2.28337E+09  1.76868E+10  2.47514E+10  1.69789E+10
 0.560   8.176  2.03300E+10  2.85362E+10  1.94139E+10  3.50951E+03  2.52528E+09  3.55140E+09  2.34887E+09  1.78047E+10  2.49848E+10  1.70650E+10
