  41
 0.120   0.601   0.454  1.06063E-04  1.41437E-04  6.20262E-05
 0.130   0.823   0.495  5.60920E-03  5.71506E-03  4.51454E-03
 0.140   1.147   0.907  4.53870E-03  2.33658E-03  7.47895E-03
 0.150   1.295   1.188  0.00000E+00  0.00000E+00  0.00000E+00
 0.160   1.258   0.558  4.98280E-02  6.20613E-02  3.07119E-02
 0.170   1.716   1.217  5.32674E-04  3.74764E-04  1.68091E-03
 0.180   2.119   1.574  3.42958E-03  4.26303E-03  3.28050E-03
 0.190   2.013   1.347  4.47795E-02  4.22540E-02  4.00525E-02
 0.200   2.622   1.186  1.82817E-02  2.16184E-02  1.09700E-02
 0.210   3.052   1.418  3.10486E-02  3.40255E-02  2.27196E-02
 0.220   3.289   1.988  2.01790E-01  2.28668E-01  1.42553E-01
 0.230   3.440   2.090  2.50432E-01  2.86905E-01  1.92592E-01
 0.240   4.221   1.515  6.48390E-01  7.58034E-01  4.31017E-01
 0.250   4.690   3.579  1.96458E-02  2.12929E-02  1.80895E-02
 0.260   2.650   2.075  1.29710E-01  1.50252E-01  8.45273E-02
 0.270   4.279   1.679  1.60739E-01  1.87128E-01  1.04803E-01
 0.280   5.097   2.724  1.68838E-01  1.75822E-01  1.44869E-01
 0.290   4.685   2.821  3.77336E-01  3.91126E-01  3.51010E-01
 0.300   1.151   0.211  5.10563E+00  5.76853E+00  3.94774E+00
 0.310   0.892   0.061  2.48263E+00  2.16321E+00  2.83461E+00
 0.320   5.752   1.729  2.54791E-01  2.85610E-01  1.87023E-01
 0.330   4.206   0.996  9.70962E-01  1.03759E+00  7.94350E-01
 0.340   4.614   1.611  8.48177E-01  7.94197E-01  9.61552E-01
 0.350   3.401   0.962  1.70324E+00  1.86023E+00  1.21650E+00
 0.360   6.600   1.763  4.57197E-01  5.03257E-01  3.89379E-01
 0.370   6.974   1.059  1.23624E+00  1.43255E+00  8.72989E-01
 0.380   5.517   2.110  1.09094E+00  1.28046E+00  7.27048E-01
 0.390   8.887   6.648  2.23310E-01  1.97629E-01  2.43357E-01
 0.400  11.237   5.829  8.01600E-02  5.36394E-02  1.09551E-01
 0.410   8.118   3.864  7.02136E-01  6.81954E-01  5.55521E-01
 0.420  11.893   5.136  3.94907E+00  4.00057E+00  3.30388E+00
 0.430  10.989   5.399  2.62019E+00  2.57072E+00  2.85066E+00
 0.440  11.021   3.150  3.04097E+00  3.04346E+00  2.88588E+00
 0.450  11.317   3.425  3.47826E+00  3.60306E+00  3.16105E+00
 0.460  11.519   5.600  6.17627E+00  5.46361E+00  7.27385E+00
 0.470  14.275   6.075  2.24159E+00  2.11985E+00  2.50378E+00
 0.480  14.087   5.738  4.66708E+00  4.58850E+00  4.27948E+00
 0.490  10.285   3.777  1.02666E+01  1.03155E+01  9.03587E+00
 0.500  12.457   5.530  6.41401E+00  6.09440E+00  6.82734E+00
 0.510  10.260   2.060  5.64597E+00  5.57349E+00  5.62940E+00
 0.520  11.813   3.579  4.22860E+00  3.94347E+00  4.78043E+00
