  41
 0.120   0.601   0.454  1.69583E+05  2.08937E+05  1.64303E+05  3.94361E+02  0.00000E+00  0.00000E+00  0.00000E+00  1.69583E+05  2.08937E+05  1.64303E+05
 0.130   0.823   0.495  7.70042E+05  8.93001E+05  7.64299E+05  1.41689E+02  2.60503E+05  3.15485E+05  2.57608E+05  5.09539E+05  5.77516E+05  5.06691E+05
 0.140   1.147   0.907  1.58301E+06  1.87528E+06  1.56791E+06  1.80573E+02  3.77466E+05  4.53390E+05  3.75277E+05  1.20554E+06  1.42189E+06  1.19263E+06
 0.150   1.295   1.188  1.20819E+06  1.48517E+06  1.19270E+06  2.78581E+02  2.76821E+05  3.40052E+05  2.73983E+05  9.31364E+05  1.14512E+06  9.18714E+05
 0.160   1.258   0.558  3.92284E+06  4.43344E+06  3.90465E+06  1.19641E+02  3.66940E+05  4.58937E+05  3.60555E+05  3.55590E+06  3.97450E+06  3.54410E+06
 0.170   1.716   1.217  2.35720E+06  2.92951E+06  2.32181E+06  3.72648E+02  7.53752E+05  9.38266E+05  7.41259E+05  1.60345E+06  1.99124E+06  1.58055E+06
 0.180   2.119   1.574  4.54225E+06  5.62586E+06  4.48484E+06  3.50722E+02  2.11101E+06  2.64420E+06  2.08108E+06  2.43124E+06  2.98165E+06  2.40376E+06
 0.190   2.013   1.347  5.73638E+06  6.71913E+06  5.69887E+06  1.96995E+02  5.70501E+05  7.27545E+05  5.59844E+05  5.16588E+06  5.99158E+06  5.13903E+06
 0.200   2.622   1.186  2.34484E+07  2.94242E+07  2.30773E+07  4.63963E+02  1.75180E+07  2.21876E+07  1.72040E+07  5.93045E+06  7.23660E+06  5.87339E+06
 0.210   3.052   1.418  1.82644E+07  2.29720E+07  1.79756E+07  5.00105E+02  1.24184E+07  1.59128E+07  1.21850E+07  5.84604E+06  7.05918E+06  5.79058E+06
 0.220   3.289   1.988  3.14617E+07  3.80015E+07  3.11016E+07  3.83058E+02  1.10548E+07  1.42975E+07  1.08092E+07  2.04069E+07  2.37041E+07  2.02925E+07
 0.230   3.440   2.090  4.56495E+07  5.50618E+07  4.51799E+07  3.75151E+02  1.78664E+07  2.31086E+07  1.75036E+07  2.77831E+07  3.19533E+07  2.76764E+07
 0.240   4.221   1.515  5.00231E+07  5.67771E+07  4.98244E+07  1.57447E+02  5.77468E+06  7.54520E+06  5.61604E+06  4.42484E+07  4.92319E+07  4.42083E+07
 0.250   4.690   3.579  5.67812E+07  7.09096E+07  5.62249E+07  4.17171E+02  1.62287E+07  2.10280E+07  1.58720E+07  4.05525E+07  4.98816E+07  4.03528E+07
 0.260   2.650   2.075  2.71360E+07  3.36456E+07  2.67426E+07  5.74300E+02  7.15264E+06  9.46757E+06  6.91884E+06  1.99834E+07  2.41781E+07  1.98238E+07
 0.270   4.279   1.679  6.13710E+07  7.72575E+07  6.06210E+07  5.52818E+02  1.34311E+07  1.77495E+07  1.30362E+07  4.79398E+07  5.95079E+07  4.75848E+07
 0.280   5.097   2.724  9.31725E+07  1.18122E+08  9.18411E+07  6.49575E+02  2.48170E+07  3.27969E+07  2.41127E+07  6.83555E+07  8.53251E+07  6.77285E+07
 0.290   4.685   2.821  1.63757E+08  2.07513E+08  1.61674E+08  6.33415E+02  3.46069E+07  4.60481E+07  3.36191E+07  1.29151E+08  1.61465E+08  1.28055E+08
 0.300   1.151   0.211  4.62156E+08  5.23520E+08  4.61473E+08  1.03632E+02  4.83396E+06  6.46546E+06  4.64110E+06  4.57322E+08  5.17055E+08  4.56832E+08
 0.310   0.892   0.061  6.26642E+08  7.42861E+08  6.25554E+08  1.48943E+02  2.45261E+06  3.19727E+06  2.37177E+06  6.24190E+08  7.39664E+08  6.23182E+08
 0.320   5.752   1.729  3.00820E+08  3.86245E+08  2.97196E+08  6.85128E+02  1.23977E+08  1.60499E+08  1.22097E+08  1.76843E+08  2.25746E+08  1.75099E+08
 0.330   4.206   0.996  3.39330E+08  4.27999E+08  3.35808E+08  6.19515E+02  9.82790E+07  1.28778E+08  9.66496E+07  2.41051E+08  2.99221E+08  2.39158E+08
 0.340   4.614   1.611  4.72361E+08  5.96604E+08  4.67601E+08  6.26300E+02  1.18547E+08  1.56874E+08  1.16308E+08  3.53814E+08  4.39730E+08  3.51292E+08
 0.350   3.401   0.962  3.20328E+08  4.00046E+08  3.17146E+08  6.36077E+02  4.06546E+07  5.45113E+07  3.96021E+07  2.79673E+08  3.45534E+08  2.77544E+08
 0.360   6.600   1.763  4.68659E+08  6.08203E+08  4.62452E+08  8.49859E+02  1.08306E+08  1.45270E+08  1.05695E+08  3.60353E+08  4.62933E+08  3.56757E+08
 0.370   6.974   1.059  4.82420E+08  6.19950E+08  4.76047E+08  8.49440E+02  9.62230E+07  1.29792E+08  9.38053E+07  3.86197E+08  4.90158E+08  3.82242E+08
 0.380   5.517   2.110  4.98616E+08  6.47290E+08  4.91150E+08  9.63350E+02  1.04731E+08  1.41689E+08  1.01877E+08  3.93885E+08  5.05601E+08  3.89273E+08
 0.390   8.887   6.648  4.06565E+08  5.36157E+08  3.98645E+08  1.15773E+03  7.88763E+07  1.07686E+08  7.61407E+07  3.27689E+08  4.28470E+08  3.22504E+08
 0.400  11.237   5.829  5.25150E+08  6.97509E+08  5.14420E+08  1.23108E+03  1.09869E+08  1.50444E+08  1.06114E+08  4.15281E+08  5.47064E+08  4.08306E+08
 0.410   8.118   3.864  5.66405E+08  7.53093E+08  5.54324E+08  1.34435E+03  1.37154E+08  1.88415E+08  1.32567E+08  4.29252E+08  5.64678E+08  4.21757E+08
 0.420  11.893   5.136  7.63005E+08  9.58756E+08  7.50560E+08  9.85338E+02  1.25048E+08  1.71084E+08  1.20419E+08  6.37956E+08  7.87672E+08  6.30141E+08
 0.430  10.989   5.399  1.20654E+09  1.51986E+09  1.18995E+09  8.44135E+02  1.33895E+08  1.83963E+08  1.28847E+08  1.07264E+09  1.33590E+09  1.06110E+09
 0.440  11.021   3.150  1.61207E+09  2.03852E+09  1.59261E+09  7.86608E+02  1.42927E+08  1.95872E+08  1.37556E+08  1.46915E+09  1.84264E+09  1.45505E+09
 0.450  11.317   3.425  1.88293E+09  2.39344E+09  1.86120E+09  7.97393E+02  1.89188E+08  2.56731E+08  1.82994E+08  1.69374E+09  2.13671E+09  1.67821E+09
 0.460  11.519   5.600  2.82980E+09  3.54907E+09  2.80390E+09  6.69814E+02  2.05240E+08  2.79511E+08  1.98196E+08  2.62456E+09  3.26956E+09  2.60570E+09
 0.470  14.275   6.075  2.67579E+09  3.42082E+09  2.65015E+09  7.58026E+02  2.55942E+08  3.46780E+08  2.48179E+08  2.41985E+09  3.07404E+09  2.40198E+09
 0.480  14.087   5.738  3.24337E+09  4.16668E+09  3.21313E+09  7.83736E+02  2.66996E+08  3.63877E+08  2.58665E+08  2.97638E+09  3.80280E+09  2.95447E+09
 0.490  10.285   3.777  3.96909E+09  5.03992E+09  3.93502E+09  7.38983E+02  1.84882E+08  2.54527E+08  1.77288E+08  3.78421E+09  4.78539E+09  3.75773E+09
 0.500  12.457   5.530  5.07911E+09  6.50067E+09  5.03535E+09  7.65039E+02  2.76126E+08  3.76653E+08  2.66798E+08  4.80298E+09  6.12402E+09  4.76855E+09
 0.510  10.260   2.060  4.82757E+09  6.22646E+09  4.78203E+09  8.35606E+02  1.66145E+08  2.30112E+08  1.58417E+08  4.66143E+09  5.99634E+09  4.62362E+09
 0.520  11.813   3.579  5.82406E+09  7.57853E+09  5.76858E+09  8.91228E+02  2.44591E+08  3.35779E+08  2.35285E+08  5.57947E+09  7.24275E+09  5.53330E+09
