  41
 0.120  3.14711E+07  2.67689E+06  3.17393E+06  3.11649E+07  8.05553E+05  2.39937E+08  1.26490E-02
 0.130  4.32368E+07  9.03286E+06  1.03942E+07  4.01708E+07  6.24563E+06  3.07279E+08  7.70423E-02
 0.140  8.07048E+05  8.90437E+06  1.06315E+07  5.00544E+05  3.62304E+06  2.22312E+08  1.06224E-02
 0.150  1.47035E+06  8.82319E+06  1.08567E+07  1.13692E+06  2.70567E+04  2.10257E+08  0.00000E+00
 0.160  7.24210E+07  1.25197E+07  1.50935E+07  7.07924E+07  3.42441E+06  2.61220E+08  5.90811E-02
 0.170  2.36109E+07  1.53028E+07  1.87289E+07  2.24259E+07  3.74424E+06  2.44510E+08  1.86022E-02
 0.180  3.92480E+07  1.67010E+07  2.06395E+07  3.77323E+07  2.56537E+06  2.64546E+08  2.25121E-02
 0.190  1.51828E+07  3.12595E+07  3.75062E+07  1.44016E+07  1.54576E+07  2.36030E+08  1.52205E-01
 0.200  2.09973E+07  7.19238E+07  8.99821E+07  1.99043E+07  8.33014E+05  5.89118E+08  6.99184E-03
 0.210  8.08796E+06  5.94396E+07  7.57084E+07  7.05772E+06  7.12339E+05  5.54283E+08  2.50125E-03
 0.220  4.23149E+07  5.85731E+07  7.43050E+07  3.98047E+07  6.65241E+06  5.27180E+08  1.07609E-01
 0.230  1.67046E+07  8.21552E+07  1.03186E+08  1.39252E+07  1.63436E+07  5.99926E+08  1.68068E-01
 0.240  1.41896E+05  1.69326E+08  2.04257E+08  4.05711E+02  9.06243E+07  5.07975E+08  5.02254E-01
 0.250  2.05784E+07  1.13465E+08  1.39930E+08  1.89465E+07  8.76380E+05  1.95375E+08  1.36965E-02
 0.260  1.53516E+08  2.43483E+08  2.98587E+08  1.47453E+08  7.99977E+07  6.23038E+08  1.17038E+00
 0.270  1.79463E+08  2.94309E+08  3.65800E+08  1.74883E+08  4.31758E+07  6.68681E+08  6.92057E-01
 0.280  9.52398E+07  3.25361E+08  4.09177E+08  9.06665E+07  2.24675E+07  6.00175E+08  2.85730E-01
 0.290  2.78772E+08  6.66253E+08  8.15333E+08  2.72794E+08  2.38910E+08  7.82581E+08  2.82623E+00
 0.300  5.64799E+08  1.64790E+09  1.97970E+09  5.57940E+08  7.19099E+08  1.25663E+09  9.10795E+00
 0.310  2.15086E+08  2.14101E+09  2.63388E+09  2.12893E+08  4.19062E+08  1.19628E+09  4.06925E+00
 0.320  1.54358E+08  2.26529E+09  2.84668E+09  1.50096E+08  2.15145E+08  1.12129E+09  2.22627E+00
 0.330  9.89225E+07  2.25064E+09  2.88259E+09  9.50585E+07  8.89712E+07  1.10125E+09  9.15138E-01
 0.340  5.48435E+07  2.22309E+09  2.89056E+09  5.19989E+07  5.40564E+07  1.10807E+09  5.63143E-01
 0.350  2.47337E+08  2.26052E+09  2.91940E+09  2.39173E+08  2.82430E+08  1.02983E+09  4.13140E+00
 0.360  1.13670E+08  2.31211E+09  3.02304E+09  1.09585E+08  8.69570E+07  9.65568E+08  9.20575E-01
 0.370  2.34237E+08  2.36605E+09  3.10485E+09  2.28655E+08  1.27682E+08  1.00207E+09  1.68430E+00
 0.380  2.25001E+08  2.39172E+09  3.14556E+09  2.18399E+08  1.39817E+08  1.01404E+09  2.00277E+00
 0.390  8.51664E+07  2.46097E+09  3.24854E+09  8.28358E+07  8.85291E+07  9.42954E+08  8.78303E-01
 0.400  1.06999E+08  2.48186E+09  3.30231E+09  1.02944E+08  4.19591E+07  9.72967E+08  4.55907E-01
 0.410  1.42795E+08  2.65560E+09  3.51063E+09  1.38825E+08  2.08997E+08  1.02426E+09  2.17369E+00
 0.420  5.52262E+08  3.90791E+09  5.04685E+09  5.44228E+08  8.43530E+08  1.50921E+09  9.63627E+00
 0.430  1.86527E+08  4.27016E+09  5.55306E+09  1.82602E+08  2.77503E+08  1.24774E+09  2.61082E+00
 0.440  1.27457E+08  4.32721E+09  5.68889E+09  1.22531E+08  1.58371E+08  1.27800E+09  1.65655E+00
 0.450  1.47440E+08  4.03980E+09  5.36559E+09  1.42870E+08  5.93378E+07  1.16967E+09  7.11039E-01
 0.460  1.70692E+08  4.13164E+09  5.51792E+09  1.64879E+08  1.02379E+08  1.24691E+09  1.24169E+00
 0.470  7.28588E+07  3.90106E+09  5.24042E+09  6.95081E+07  6.40260E+07  1.14348E+09  5.86100E-01
 0.480  3.71315E+07  3.52098E+09  4.76512E+09  3.50981E+07  1.87901E+07  1.04372E+09  1.98605E-01
 0.490  2.60244E+08  3.56255E+09  4.81274E+09  2.51045E+08  1.57325E+08  1.13924E+09  2.32093E+00
 0.500  2.65076E+08  4.40327E+09  5.86189E+09  2.56303E+08  4.27004E+08  1.19295E+09  4.68715E+00
 0.510  1.09233E+08  4.24707E+09  5.70627E+09  1.04741E+08  8.12495E+07  1.17948E+09  8.90313E-01
 0.520  7.24914E+07  4.33386E+09  5.86410E+09  6.94288E+07  3.95075E+07  1.18713E+09  4.43281E-01
