  41
 0.120   0.601  9.10995E-03  1.16906E-02  6.51430E-03
 0.130   0.823  6.21610E-02  6.54029E-02  5.73027E-02
 0.140   1.147  1.33788E-02  5.05189E-03  4.52255E-02
 0.150   1.295  0.00000E+00  0.00000E+00  4.90741E-04
 0.160   1.258  8.85800E-02  1.04552E-01  5.60413E-02
 0.170   1.716  2.73030E-02  2.39085E-02  5.88716E-02
 0.180   2.119  6.58772E-02  7.40498E-02  5.92655E-02
 0.190   2.013  3.75420E-01  2.93013E-01  4.36404E-01
 0.200   2.622  4.72131E-02  4.54396E-02  4.17118E-02
 0.210   3.052  7.34859E-02  7.64524E-02  6.86099E-02
 0.220   3.289  3.56208E-01  3.93213E-01  2.75549E-01
 0.230   3.440  1.31987E+00  1.54642E+00  9.63379E-01
 0.240   4.221  1.99166E+00  1.43650E+00  3.29175E+00
 0.250   4.690  2.12560E-01  2.28498E-01  2.25169E-01
 0.260   2.650  1.44955E+00  1.52642E+00  1.16535E+00
 0.270   4.279  1.33668E+00  1.39593E+00  1.20240E+00
 0.280   5.097  9.30946E-01  9.65070E-01  8.74477E-01
 0.290   4.685  3.92592E+00  3.88536E+00  3.75271E+00
 0.300   1.151  9.40260E+00  9.67814E+00  8.36674E+00
 0.310   0.892  4.05937E+00  3.52169E+00  4.83573E+00
 0.320   5.752  2.43926E+00  2.28466E+00  2.59672E+00
 0.330   4.206  1.77090E+00  1.77625E+00  1.68945E+00
 0.340   4.614  1.38607E+00  1.34258E+00  1.50630E+00
 0.350   3.401  4.72053E+00  4.68304E+00  4.20007E+00
 0.360   6.600  1.11739E+00  1.12443E+00  1.19321E+00
 0.370   6.974  2.23822E+00  2.40678E+00  1.83200E+00
 0.380   5.517  2.81149E+00  2.83985E+00  2.48431E+00
 0.390   8.887  9.13268E-01  8.38974E-01  1.06631E+00
 0.400  11.237  6.54089E-01  6.91989E-01  6.31700E-01
 0.410   8.118  2.53491E+00  2.35076E+00  2.69663E+00
 0.420  11.893  1.14226E+01  1.09844E+01  1.13542E+01
 0.430  10.989  4.33354E+00  4.04080E+00  5.20042E+00
 0.440  11.021  3.85479E+00  3.70898E+00  3.84270E+00
 0.450  11.317  3.99356E+00  4.11995E+00  3.62515E+00
 0.460  11.519  6.57044E+00  5.79028E+00  7.79560E+00
 0.470  14.275  2.79382E+00  2.60491E+00  3.26775E+00
 0.480  14.087  5.30881E+00  5.20757E+00  4.82953E+00
 0.490  10.285  1.33038E+01  1.33609E+01  1.15764E+01
 0.500  12.457  8.20172E+00  7.72917E+00  9.04603E+00
 0.510  10.260  6.36642E+00  6.31909E+00  6.35102E+00
 0.520  11.813  4.56053E+00  4.27606E+00  5.09568E+00
