  41
 0.110   0.863   0.500  2.87844E+06  3.29700E+06  2.84789E+06  1.48480E+02  0.00000E+00  0.00000E+00  0.00000E+00  2.87844E+06  3.29700E+06  2.84789E+06
 0.120   1.000   0.500  4.01861E+06  4.62403E+06  3.99049E+06  1.22421E+02  2.66979E+05  3.28085E+05  2.61707E+05  3.75163E+06  4.29594E+06  3.72878E+06
 0.130   1.000   0.681  1.89743E+06  2.27973E+06  1.86926E+06  2.49274E+02  2.56479E+05  3.14225E+05  2.52420E+05  1.64095E+06  1.96551E+06  1.61684E+06
 0.140   1.162   0.652  5.27646E+06  6.32927E+06  5.19365E+06  2.82058E+02  8.13022E+05  1.01646E+06  7.95791E+05  4.46344E+06  5.31281E+06  4.39786E+06
 0.150   1.593   0.904  1.16994E+07  1.43344E+07  1.15067E+07  3.33675E+02  6.76710E+06  8.44147E+06  6.64228E+06  4.93232E+06  5.89290E+06  4.86444E+06
 0.160   1.766   1.244  1.01475E+07  1.25084E+07  9.95080E+06  3.89627E+02  2.36671E+06  2.99760E+06  2.29560E+06  7.78077E+06  9.51081E+06  7.65520E+06
 0.170   2.081   1.459  1.16031E+07  1.31316E+07  1.15347E+07  1.40789E+02  5.18860E+05  6.58612E+05  5.05181E+05  1.10842E+07  1.24730E+07  1.10295E+07
 0.180   2.024   1.338  1.30365E+07  1.61708E+07  1.28137E+07  4.16165E+02  2.37594E+06  3.04067E+06  2.30504E+06  1.06606E+07  1.31302E+07  1.05087E+07
 0.190   2.507   1.642  2.09006E+07  2.51452E+07  2.06186E+07  3.49989E+02  3.98077E+06  5.09002E+06  3.86892E+06  1.69198E+07  2.00551E+07  1.67497E+07
 0.200   2.558   1.644  1.58323E+07  1.94715E+07  1.55943E+07  4.23948E+02  2.77925E+06  3.57521E+06  2.70211E+06  1.30531E+07  1.58963E+07  1.28922E+07
 0.210   2.828   1.988  4.70766E+07  5.63143E+07  4.65101E+07  3.55677E+02  1.12151E+07  1.43362E+07  1.09310E+07  3.58615E+07  4.19781E+07  3.55791E+07
 0.220   3.789   2.344  6.70124E+07  8.47301E+07  6.57871E+07  5.76469E+02  2.77661E+07  3.56981E+07  2.70589E+07  3.92463E+07  4.90321E+07  3.87283E+07
 0.230   2.585   1.489  3.85249E+07  4.55440E+07  3.81879E+07  3.03866E+02  4.69273E+06  5.97184E+06  4.59523E+06  3.38322E+07  3.95722E+07  3.35927E+07
 0.240   4.315   2.067  9.72683E+07  1.20788E+08  9.62646E+07  4.07173E+02  2.85785E+07  3.64945E+07  2.80961E+07  6.86898E+07  8.42931E+07  6.81685E+07
 0.250   5.815   3.142  2.13469E+08  2.65099E+08  2.11106E+08  4.59955E+02  9.48914E+07  1.21274E+08  9.35219E+07  1.18578E+08  1.43825E+08  1.17584E+08
 0.260   4.958   3.326  2.80838E+08  3.36700E+08  2.78567E+08  3.57820E+02  7.19256E+07  9.37230E+07  7.06056E+07  2.08913E+08  2.42977E+08  2.07961E+08
 0.270   6.005   2.315  3.16897E+08  3.90270E+08  3.13382E+08  4.91070E+02  1.05525E+08  1.37194E+08  1.03443E+08  2.11373E+08  2.53077E+08  2.09939E+08
 0.280   7.355   2.408  7.69174E+08  9.36825E+08  7.62609E+08  4.12747E+02  2.27568E+08  2.95953E+08  2.23670E+08  5.41605E+08  6.40872E+08  5.38939E+08
 0.290   8.473   4.398  5.87989E+08  7.22007E+08  5.82499E+08  4.61899E+02  1.61996E+08  2.11084E+08  1.58844E+08  4.25993E+08  5.10924E+08  4.23655E+08
 0.300   8.590   4.468  6.23324E+08  7.57498E+08  6.18587E+08  3.99052E+02  1.28571E+08  1.66058E+08  1.26194E+08  4.94753E+08  5.91440E+08  4.92393E+08
 0.310   7.112   2.238  7.35270E+08  9.00479E+08  7.29191E+08  4.56607E+02  1.13211E+08  1.49794E+08  1.10433E+08  6.22059E+08  7.50684E+08  6.18758E+08
 0.320   9.157   3.734  1.60666E+09  1.96610E+09  1.59653E+09  3.90798E+02  3.00840E+08  3.89378E+08  2.96292E+08  1.30582E+09  1.57672E+09  1.30024E+09
 0.330   9.740   4.748  2.09294E+09  2.57876E+09  2.08011E+09  4.03239E+02  3.37874E+08  4.38447E+08  3.32810E+08  1.75506E+09  2.14031E+09  1.74730E+09
 0.340   9.535   2.399  3.32661E+09  4.07613E+09  3.31095E+09  3.42694E+02  1.03503E+09  1.29945E+09  1.02834E+09  2.29159E+09  2.77668E+09  2.28261E+09
 0.350  10.261   2.892  4.27553E+09  5.31898E+09  4.25206E+09  4.14632E+02  1.16427E+09  1.49105E+09  1.15497E+09  3.11126E+09  3.82793E+09  3.09709E+09
 0.360  11.258   2.519  6.04946E+09  7.62505E+09  6.00832E+09  5.12776E+02  1.35866E+09  1.76927E+09  1.34473E+09  4.69080E+09  5.85578E+09  4.66359E+09
 0.370  11.699   3.137  7.95936E+09  1.00831E+10  7.90410E+09  5.44068E+02  1.89589E+09  2.46045E+09  1.87754E+09  6.06346E+09  7.62261E+09  6.02656E+09
 0.380  11.676   2.583  9.50152E+09  1.20494E+10  9.43479E+09  5.67641E+02  2.23610E+09  2.92291E+09  2.21375E+09  7.26542E+09  9.12649E+09  7.22103E+09
 0.390  11.930   2.405  1.05930E+10  1.34102E+10  1.05186E+10  5.83301E+02  2.38043E+09  3.12196E+09  2.35521E+09  8.21256E+09  1.02882E+10  8.16342E+09
 0.400  13.277   4.836  1.52965E+10  1.94482E+10  1.51828E+10  6.30514E+02  3.32104E+09  4.41462E+09  3.27909E+09  1.19754E+10  1.50336E+10  1.19037E+10
 0.410  12.244   2.841  1.31108E+10  1.69492E+10  1.29942E+10  7.54188E+02  2.53458E+09  3.38178E+09  2.49856E+09  1.05762E+10  1.35675E+10  1.04956E+10
 0.420  14.431   4.271  1.50298E+10  1.95826E+10  1.48868E+10  8.33945E+02  3.56956E+09  4.75689E+09  3.52215E+09  1.14603E+10  1.48257E+10  1.13646E+10
 0.430  10.730   2.366  1.19240E+10  1.56143E+10  1.17999E+10  9.14916E+02  2.24375E+09  3.02234E+09  2.20841E+09  9.68030E+09  1.25919E+10  9.59153E+09
 0.440  11.164   3.001  1.56808E+10  2.06900E+10  1.55051E+10  1.00622E+03  2.96249E+09  4.01808E+09  2.91081E+09  1.27183E+10  1.66719E+10  1.25943E+10
 0.450  12.464   3.812  1.23136E+10  1.61468E+10  1.21653E+10  1.07719E+03  2.85919E+09  3.90595E+09  2.80281E+09  9.45441E+09  1.22408E+10  9.36245E+09
 0.460  13.804   3.567  1.24779E+10  1.63488E+10  1.23323E+10  1.06778E+03  2.38928E+09  3.24701E+09  2.34275E+09  1.00887E+10  1.31018E+10  9.98958E+09
 0.470  14.945   5.221  1.58640E+10  2.09715E+10  1.56676E+10  1.15274E+03  3.71805E+09  5.04989E+09  3.64773E+09  1.21460E+10  1.59216E+10  1.20199E+10
 0.480  13.065   3.640  1.81713E+10  2.42136E+10  1.79114E+10  1.32728E+03  5.19056E+09  7.12737E+09  5.07686E+09  1.29808E+10  1.70863E+10  1.28346E+10
 0.490  15.830   3.892  1.98184E+10  2.64483E+10  1.95290E+10  1.37804E+03  5.25930E+09  7.25681E+09  5.13574E+09  1.45591E+10  1.91915E+10  1.43933E+10
 0.500  14.488   4.228  2.22865E+10  2.98595E+10  2.19589E+10  1.42455E+03  5.60323E+09  7.73058E+09  5.47034E+09  1.66832E+10  2.21290E+10  1.64886E+10
 0.510  15.645   2.554  2.13434E+10  2.85354E+10  2.10361E+10  1.42627E+03  5.31353E+09  7.34608E+09  5.18774E+09  1.60299E+10  2.11893E+10  1.58484E+10
