  41
 0.110         5846 -0.41295E-02 -0.90099E-02  0.22525E-02 -0.39201E+02 -0.11503E+00 -0.52761E+02  0.44808E+00  0.87618E+00  0.17759E+00   0.863   0.500
 0.120          747 -0.65471E-02  0.11048E-01  0.13094E-01  0.15077E+02 -0.21137E+02  0.23951E+02  0.42990E+00  0.88408E+00 -0.18330E+00   1.000   0.500
 0.130        10010 -0.17739E-02 -0.15522E-01 -0.18183E-01 -0.28300E+02 -0.19086E+02  0.24412E+02  0.63823E+00  0.79731E-01 -0.76570E+00   1.000   0.681
 0.140          860  0.13859E-01  0.14337E-02  0.31063E-02  0.72116E+01 -0.23467E+02 -0.16580E+02  0.13325E+00 -0.98011E+00 -0.14706E+00   1.162   0.652
 0.150        32540 -0.30740E-02  0.10247E-02  0.92221E-02 -0.10576E+03  0.13457E+03 -0.58303E+02  0.51284E+00 -0.70744E+00 -0.48633E+00   1.593   0.904
 0.160        68485  0.32711E-02  0.49066E-02  0.81777E-02 -0.30263E+02  0.89496E+00 -0.24527E+02  0.91560E+00  0.15029E+00 -0.37294E+00   1.766   1.244
 0.170        70373 -0.11024E-01  0.23788E-01 -0.75426E-02  0.33626E+02 -0.16881E+02 -0.29476E+01  0.35402E+00 -0.93446E+00 -0.38064E-01   2.081   1.459
 0.180        10043 -0.11655E-01 -0.30672E-02 -0.70546E-02 -0.27634E+02  0.23198E+02 -0.81877E+00  0.10506E+00 -0.99395E+00  0.31989E-01   2.024   1.338
 0.190       132021  0.00000E+00 -0.12974E-02 -0.97301E-03 -0.24277E+02 -0.40403E+02  0.62305E+02  0.81776E+00 -0.44216E+00 -0.36845E+00   2.507   1.642
 0.200        20483 -0.27298E-02 -0.61421E-02 -0.40947E-02 -0.25896E+02 -0.30511E+02  0.56425E+01  0.66548E+00 -0.66764E+00 -0.33376E+00   2.558   1.644
 0.210        41353  0.14348E-02 -0.78913E-02 -0.10761E-02  0.64589E+01 -0.46787E+02  0.32958E+02 -0.27380E+00  0.95256E+00 -0.13289E+00   2.828   1.988
 0.220       193467  0.59987E-02  0.22495E-02 -0.17246E-01 -0.61732E+00 -0.26974E+01  0.78013E+01 -0.13036E+00  0.76149E+00  0.63493E+00   3.789   2.344
 0.230       195689  0.54941E-02 -0.13343E-01 -0.58866E-02 -0.65749E+01  0.28013E+02 -0.26519E+02 -0.51407E+00 -0.50371E+00  0.69427E+00   2.585   1.489
 0.240       194469  0.73575E-02 -0.49050E-02 -0.85838E-02 -0.10476E+02  0.75256E+01 -0.18566E+00 -0.69999E+00  0.33155E+00  0.63252E+00   4.315   2.067
 0.250       253046  0.68205E-02  0.17051E-02  0.76730E-02  0.32652E+02 -0.75729E+01  0.31539E+02 -0.49024E+00  0.49054E+00  0.72044E+00   5.815   3.142
 0.260       259158  0.00000E+00  0.44323E-02 -0.26594E-02  0.15056E+02  0.28609E+02  0.16332E+02  0.50979E-01  0.69629E+00  0.71595E+00   4.958   3.326
 0.270       305375  0.45996E-02 -0.27597E-02 -0.36797E-02 -0.19262E+01 -0.29222E+02  0.15320E+02 -0.44652E+00  0.52249E+00  0.72637E+00   6.005   2.315
 0.280       193412  0.00000E+00  0.19098E-02  0.00000E+00  0.40418E+02  0.24721E+01  0.62571E+01 -0.19931E+00  0.88356E+00  0.42380E+00   7.355   2.408
 0.290       119217 -0.19787E-02  0.29680E-02  0.34626E-02 -0.72233E+02  0.49962E+02  0.23496E+02 -0.22310E+00  0.64247E+00  0.73312E+00   8.473   4.398
 0.300       331736 -0.40919E-02  0.00000E+00  0.51148E-03 -0.25403E+02 -0.14770E+02  0.49632E+02 -0.38393E+00  0.55918E+00  0.73479E+00   8.590   4.468
 0.310       414134 -0.42286E-02 -0.10572E-02  0.52858E-03  0.32874E+01  0.11211E+03 -0.47437E+02 -0.35274E+00  0.55710E+00  0.75181E+00   7.112   2.238
 0.320       263875  0.10918E-02  0.21836E-02 -0.16377E-02 -0.21227E+02 -0.23669E+01  0.96930E+02 -0.25179E+00  0.51071E+00  0.82206E+00   9.157   3.734
 0.330       641424 -0.22493E-02  0.00000E+00  0.16869E-02 -0.91742E+02 -0.36532E+02 -0.25414E+02 -0.83195E-01  0.45802E+00  0.88504E+00   9.740   4.748
 0.340       487894 -0.11586E-02 -0.23172E-02 -0.57931E-03  0.62712E+02  0.37674E+02 -0.35054E+02 -0.20112E+00  0.35824E+00  0.91171E+00   9.535   2.399
 0.350      1383393  0.23845E-02  0.00000E+00 -0.59613E-03 -0.14403E+02 -0.11881E+02  0.29476E+01 -0.12013E+00  0.36672E+00  0.92254E+00  10.261   2.892
 0.360      1304157  0.12283E-02 -0.24565E-02  0.61413E-03  0.12987E+03 -0.43652E+02  0.15010E+03 -0.97806E-01  0.42586E+00  0.89949E+00  11.258   2.519
 0.370      1551187  0.00000E+00 -0.12617E-02  0.12617E-02  0.19214E+03  0.63855E+02 -0.38075E+02 -0.52453E-01  0.43325E+00  0.89975E+00  11.699   3.137
 0.380       951779  0.25915E-02  0.12957E-02  0.19436E-02  0.79567E+02  0.47237E+02 -0.36002E+02 -0.59072E-01  0.49112E+00  0.86909E+00  11.676   2.583
 0.390      1922222  0.13298E-02  0.13298E-02  0.33246E-02 -0.42659E+02  0.13886E+03  0.22458E+02 -0.85541E-01  0.48706E+00  0.86917E+00  11.930   2.405
 0.400       896700  0.00000E+00  0.13636E-02  0.13636E-02 -0.25020E+01  0.18082E+02 -0.29946E+01 -0.90310E-03  0.45496E+00  0.89051E+00  13.277   4.836
 0.410      2094376 -0.13967E-02 -0.13967E-02 -0.13967E-02  0.40525E+02  0.31302E+03 -0.27725E+03 -0.39812E-01  0.28804E+00  0.95679E+00  12.244   2.841
 0.420      1819434  0.00000E+00  0.00000E+00 -0.35822E-02  0.44510E+02 -0.85437E+02  0.16520E+03 -0.64776E-01  0.26573E+00  0.96187E+00  14.431   4.271
 0.430      1887342 -0.14658E-02 -0.14658E-02  0.21987E-02 -0.99259E+02  0.14590E+03  0.10768E+03 -0.64703E-01  0.34835E+00  0.93513E+00  10.730   2.366
 0.440      2510852  0.15007E-02  0.00000E+00 -0.75033E-03  0.36962E+03 -0.22882E+01 -0.43486E+02 -0.18181E-01  0.23118E+00  0.97274E+00  11.164   3.001
 0.450      1825990  0.15330E-02 -0.15330E-02  0.00000E+00  0.18896E+03  0.76358E+01  0.38399E+03 -0.87987E-01 -0.12227E+00  0.98859E+00  12.464   3.812
 0.460       686319 -0.15698E-02  0.00000E+00  0.78491E-03  0.11410E+03  0.27519E+03  0.10862E+02 -0.11001E+00 -0.58492E-01  0.99221E+00  13.804   3.567
 0.470      2687729 -0.16010E-02  0.00000E+00  0.00000E+00 -0.28932E+03 -0.13156E+03 -0.26754E+03 -0.36297E-01  0.37707E-02  0.99933E+00  14.945   5.221
 0.480       865539 -0.16356E-02 -0.16356E-02  0.00000E+00 -0.24748E+03 -0.88769E+02  0.10215E+03  0.62316E-01 -0.11791E+00  0.99107E+00  13.065   3.640
 0.490      2726549  0.00000E+00  0.00000E+00  0.00000E+00 -0.11349E+03  0.26027E+03  0.39193E+03 -0.10440E+00 -0.17033E+00  0.97984E+00  15.830   3.892
 0.500      1583573  0.17058E-02  0.00000E+00  0.85289E-03 -0.36543E+03 -0.13209E+03  0.19870E+02  0.60642E-01 -0.84966E-01  0.99454E+00  14.488   4.228
 0.510      1917375  0.00000E+00  0.00000E+00 -0.17372E-02  0.23511E+03 -0.15826E+03  0.66038E+02 -0.43580E-01 -0.23187E-01  0.99878E+00  15.645   2.554
