  41
 0.110  5.75000E+00  4.06310E+09  5.51225E+01
 0.120  6.75000E+00  4.92481E+09  5.60115E+01
 0.130  7.75000E+00  5.82174E+09  5.68342E+01
 0.140  9.75000E+00  9.04522E+09  6.31599E+01
 0.150  1.20000E+01  1.37028E+10  7.00725E+01
 0.160  1.37500E+01  1.73359E+10  7.36302E+01
 0.170  1.55000E+01  2.07855E+10  7.59362E+01
 0.180  1.70000E+01  2.30715E+10  7.63920E+01
 0.190  1.95000E+01  2.95930E+10  8.07814E+01
 0.200  2.45000E+01  5.16583E+10  9.52185E+01
 0.210  2.75000E+01  6.35299E+10  9.96683E+01
 0.220  2.95000E+01  6.88467E+10  1.00176E+02
 0.230  3.27500E+01  8.22107E+10  1.03895E+02
 0.240  3.60000E+01  9.66720E+10  1.07457E+02
 0.250  4.22500E+01  1.37210E+11  1.18172E+02
 0.260  4.80000E+01  1.73258E+11  1.24583E+02
 0.270  5.35000E+01  2.21037E+11  1.33288E+02
 0.280  5.87500E+01  2.65209E+11  1.39324E+02
 0.290  6.27500E+01  2.88800E+11  1.40678E+02
 0.300  6.60000E+01  3.08382E+11  1.41745E+02
 0.310  6.87500E+01  3.14631E+11  1.40281E+02
 0.320  7.07500E+01  3.15028E+11  1.38371E+02
 0.330  7.25000E+01  3.14106E+11  1.36491E+02
 0.340  7.52500E+01  3.20645E+11  1.35361E+02
 0.350  7.77500E+01  3.25979E+11  1.34270E+02
 0.360  8.12500E+01  3.40563E+11  1.34252E+02
 0.370  8.77500E+01  3.88318E+11  1.37945E+02
 0.380  9.42500E+01  4.39396E+11  1.41586E+02
 0.390  1.00250E+02  4.87075E+11  1.44541E+02
 0.400  1.08500E+02  5.60624E+11  1.49058E+02
 0.410  1.14750E+02  6.16866E+11  1.52038E+02
 0.420  1.24000E+02  7.10479E+11  1.56964E+02
 0.430  1.30000E+02  7.63541E+11  1.58920E+02
 0.440  1.35250E+02  8.06030E+11  1.60082E+02
 0.450  1.39750E+02  8.38372E+11  1.60612E+02
 0.460  1.44000E+02  8.59389E+11  1.60195E+02
 0.470  1.47250E+02  8.68325E+11  1.59238E+02
 0.480  1.50500E+02  8.75682E+11  1.58175E+02
 0.490  1.53500E+02  8.83107E+11  1.57285E+02
 0.500  1.56500E+02  8.81214E+11  1.55603E+02
 0.510  1.58250E+02  8.68169E+11  1.53591E+02
