  33
 0.100   0.750   0.500  4.53283E+06  4.95219E+06  4.51794E+06  5.21881E+01  0.00000E+00  0.00000E+00  0.00000E+00  4.53283E+06  4.95219E+06  4.51794E+06
 0.110   0.900   0.500  9.50016E+06  1.07853E+07  9.45427E+06  8.50198E+01  9.39092E+05  1.14405E+06  9.21015E+05  8.56107E+06  9.64127E+06  8.53325E+06
 0.120   1.000   0.500  1.10768E+07  1.26713E+07  1.10076E+07  1.13997E+02  1.16489E+06  1.43438E+06  1.13967E+06  9.91194E+06  1.12370E+07  9.86793E+06
 0.130   1.000   0.500  1.35359E+07  1.53401E+07  1.34535E+07  1.18986E+02  1.37660E+06  1.70149E+06  1.34931E+06  1.21593E+07  1.36386E+07  1.21042E+07
 0.140   1.275   0.861  9.65091E+06  1.17175E+07  9.53098E+06  2.51697E+02  1.50207E+06  1.86772E+06  1.46913E+06  8.14884E+06  9.84976E+06  8.06185E+06
 0.150   1.246   0.524  1.29643E+07  1.55564E+07  1.28205E+07  2.43402E+02  1.29431E+06  1.61621E+06  1.26393E+06  1.16699E+07  1.39402E+07  1.15565E+07
 0.160   1.749   0.947  4.66575E+07  5.40107E+07  4.63567E+07  1.59227E+02  3.64187E+06  4.58149E+06  3.55623E+06  4.30156E+07  4.94292E+07  4.28004E+07
 0.170   1.920   0.693  5.43515E+07  6.51451E+07  5.38731E+07  2.34282E+02  3.73169E+06  4.74534E+06  3.62111E+06  5.06198E+07  6.03997E+07  5.02520E+07
 0.180   2.592   0.990  9.80117E+07  1.16192E+08  9.72900E+07  2.12582E+02  6.46028E+06  8.15515E+06  6.29555E+06  9.15514E+07  1.08037E+08  9.09944E+07
 0.190   2.221   0.746  2.09647E+08  2.44406E+08  2.08506E+08  1.77124E+02  1.11345E+07  1.39282E+07  1.09278E+07  1.98512E+08  2.30477E+08  1.97578E+08
 0.200   2.708   1.114  3.09171E+08  3.74709E+08  3.07125E+08  2.39877E+02  2.93752E+07  3.64655E+07  2.90303E+07  2.79795E+08  3.38244E+08  2.78095E+08
 0.210   2.706   1.285  3.60606E+08  4.40655E+08  3.57774E+08  2.94651E+02  4.10376E+07  5.18176E+07  4.04895E+07  3.19569E+08  3.88837E+08  3.17284E+08
 0.220   3.367   1.094  3.35513E+08  4.07394E+08  3.32791E+08  3.11386E+02  4.67957E+07  5.92458E+07  4.61470E+07  2.88718E+08  3.48148E+08  2.86644E+08
 0.230   3.496   1.073  5.16453E+08  6.34597E+08  5.12247E+08  3.37158E+02  5.32393E+07  6.82033E+07  5.23619E+07  4.63213E+08  5.66393E+08  4.59885E+08
 0.240   3.034   1.312  6.72829E+08  8.29470E+08  6.66698E+08  3.86856E+02  6.04860E+07  7.80164E+07  5.93838E+07  6.12343E+08  7.51453E+08  6.07314E+08
 0.250   3.428   1.962  8.46193E+08  1.04411E+09  8.39264E+08  3.72435E+02  7.59201E+07  9.80320E+07  7.45455E+07  7.70273E+08  9.46081E+08  7.64718E+08
 0.260   2.418   0.682  1.15948E+09  1.40626E+09  1.15136E+09  3.30795E+02  4.13571E+07  5.39074E+07  4.03632E+07  1.11812E+09  1.35235E+09  1.11100E+09
 0.270   2.380   0.729  1.71925E+09  2.09295E+09  1.70841E+09  3.22537E+02  6.42292E+07  8.30219E+07  6.29449E+07  1.65502E+09  2.00992E+09  1.64547E+09
 0.280   2.283   0.500  1.56302E+09  1.94727E+09  1.55131E+09  4.02133E+02  6.19662E+07  7.99016E+07  6.08397E+07  1.50105E+09  1.86737E+09  1.49047E+09
 0.290   2.501   0.528  1.91192E+09  2.42058E+09  1.89465E+09  5.01080E+02  9.71897E+07  1.25558E+08  9.55380E+07  1.81473E+09  2.29502E+09  1.79911E+09
 0.300   2.599   0.734  2.00686E+09  2.56835E+09  1.98606E+09  5.88908E+02  1.30668E+08  1.69556E+08  1.28533E+08  1.87619E+09  2.39879E+09  1.85753E+09
 0.310   2.484   0.794  2.54518E+09  3.28428E+09  2.51573E+09  6.75984E+02  1.74768E+08  2.28870E+08  1.71800E+08  2.37042E+09  3.05541E+09  2.34393E+09
 0.320   2.805   0.807  2.28700E+09  2.96299E+09  2.25829E+09  7.46586E+02  1.54914E+08  2.05226E+08  1.51816E+08  2.13208E+09  2.75776E+09  2.10647E+09
 0.330   4.548   1.296  3.15166E+09  4.09822E+09  3.10877E+09  8.27294E+02  2.70334E+08  3.60593E+08  2.64730E+08  2.88132E+09  3.73762E+09  2.84404E+09
 0.340   4.311   1.104  3.02943E+09  3.96332E+09  2.98542E+09  9.05090E+02  2.33690E+08  3.14025E+08  2.28289E+08  2.79574E+09  3.64930E+09  2.75713E+09
 0.350   3.390   1.042  2.50446E+09  3.28310E+09  2.46615E+09  9.70026E+02  1.65313E+08  2.23120E+08  1.61127E+08  2.33915E+09  3.05998E+09  2.30502E+09
 0.360   4.925   2.083  3.38055E+09  4.40826E+09  3.32887E+09  9.85483E+02  2.86518E+08  3.86509E+08  2.79250E+08  3.09403E+09  4.02175E+09  3.04962E+09
 0.370   7.111   4.332  4.42903E+08  5.84810E+08  4.33082E+08  1.27049E+03  2.38318E+08  3.13479E+08  2.34433E+08  2.04584E+08  2.71331E+08  1.98649E+08
 0.380   6.021   2.886  1.16136E+09  1.49341E+09  1.14846E+09  7.70562E+02  9.15335E+08  1.19713E+09  9.05091E+08  2.46025E+08  2.96284E+08  2.43373E+08
 0.390   7.752   2.661  2.64291E+09  3.37186E+09  2.61614E+09  7.39034E+02  1.59578E+09  2.11580E+09  1.57522E+09  1.04714E+09  1.25606E+09  1.04093E+09
 0.400  10.260   2.363  2.86829E+09  3.60916E+09  2.83773E+09  7.41810E+02  8.80784E+08  1.17823E+09  8.67113E+08  1.98751E+09  2.43094E+09  1.97062E+09
 0.410   8.864   2.040  3.48478E+09  4.33031E+09  3.45408E+09  6.44059E+02  6.65490E+08  8.92740E+08  6.53960E+08  2.81929E+09  3.43757E+09  2.80012E+09
 0.420   8.245   2.592  4.68710E+09  5.99015E+09  4.63766E+09  8.03814E+02  1.00514E+09  1.35720E+09  9.87139E+08  3.68197E+09  4.63294E+09  3.65052E+09
