  33
 0.100 -4.37187E-02 -2.51891E-02 -4.32903E-02  6.38510E+00  2.55807E+00  2.84019E-01  2.85242E-01 -5.94406E-01  7.51876E-01  5.92029E+00   0.750   0.500  5.70566E+07  5.89566E+07  4.53283E+06  0.00000E+00  3.95738E+07  5.69054E-02  5.21881E+01   7.883   7.742
 0.110  6.88088E-02 -1.24499E-01 -6.63622E-02  9.37110E+00 -3.15353E+00 -2.89284E+00  5.68281E-01 -3.33155E-01  7.52373E-01  1.33301E+01   0.900   0.500  3.77710E+07  4.29494E+07  9.50016E+06  9.39092E+05  6.06078E+07  8.70667E-02  8.50198E+01   7.986   7.841
 0.120  6.82959E-02 -1.56409E-02 -6.24712E-02  2.33069E+01  4.44750E+00  8.06627E+00  3.19767E-01 -9.41478E-01 -1.06618E-01  1.74476E+01   1.000   0.500  1.09134E+08  1.10929E+08  1.10768E+07  1.16489E+06  5.03818E+07  9.77945E-02  1.13997E+02   7.854   7.866
 0.130 -2.47690E-02 -5.43102E-02 -3.91343E-02  1.43863E+01  1.56988E+01 -3.83431E+00  8.30406E-01 -5.57035E-01 -1.17428E-02  1.59447E+01   1.000   0.500  9.12414E+07  9.71315E+07  1.35359E+07  1.37660E+06  5.94439E+07  1.24622E-01  1.18986E+02   8.047   7.980
 0.140  1.61811E-02  6.91798E-02 -9.02972E-02 -3.01394E+00  4.58616E+00 -2.07035E+00  9.45021E-01 -6.21272E-02 -3.21053E-01  1.51009E+01   1.275   0.861  6.61961E+07  6.48168E+07  9.65091E+06  1.50207E+06  5.70329E+07  1.30114E-02  2.51697E+02   8.089   8.069
 0.150 -2.26905E-02 -1.03676E-01  6.31101E-02  5.45629E+00  1.68174E+00 -7.32084E+00  7.04855E-01  3.43848E-01  6.20441E-01  1.08527E+01   1.246   0.524  8.82782E+07  8.98140E+07  1.29643E+07  1.29431E+06  6.00258E+07  6.16149E-02  2.43402E+02   8.363   8.164
 0.160  6.86417E-02 -8.04046E-02 -2.34216E-02 -2.15359E+00  8.50713E-02 -4.45213E+00  3.04732E-02 -9.13787E-01  4.05048E-01  3.91599E+01   1.749   0.947  1.72532E+08  1.91906E+08  4.66575E+07  3.64187E+06  1.56549E+08  4.81093E-01  1.59227E+02   8.276   8.147
 0.170 -2.13591E-01  1.79043E-02 -9.40942E-03 -2.80836E+00 -5.40843E+00 -6.03163E+00  1.54977E-01 -9.59684E-01  2.34495E-01  3.44850E+01   1.920   0.693  2.29836E+08  2.34941E+08  5.43515E+07  3.73169E+06  1.75921E+08  1.62529E-01  2.34282E+02   8.153   8.204
 0.180  9.93177E-03  3.62599E-02 -2.00833E-01 -3.32368E-01  1.09246E+01 -9.84731E+00  6.76203E-02 -9.94832E-01  7.57420E-02  1.22898E+02   2.592   0.990  2.83310E+08  3.14162E+08  9.80117E+07  6.46028E+06  2.48251E+08  5.26819E-01  2.12582E+02   8.147   8.141
 0.190 -2.48387E-01 -1.22015E-01 -1.17460E-01  1.50151E+01  1.85539E+00 -2.40508E+01  3.04474E-01 -9.41332E-01  1.45566E-01  9.50335E+01   2.221   0.746  4.64746E+08  5.63024E+08  2.09647E+08  1.11345E+07  2.07181E+08  1.88058E+00  1.77124E+02   8.202   8.223
 0.200 -4.00422E-01 -2.16306E-01  3.45667E-02 -1.76399E-01  4.22150E+00 -7.89344E+00  3.08037E-01 -9.44782E-01  1.11801E-01  1.07664E+02   2.708   1.114  3.41369E+08  3.91026E+08  3.09171E+08  2.93752E+07  2.75271E+08  4.33742E-01  2.39877E+02   8.273   8.284
 0.210  3.18883E-01  8.52985E-02  8.08827E-02 -1.38768E+01 -2.57727E+00  2.27285E+01  2.37155E-01 -9.37127E-01  2.56028E-01  9.45389E+01   2.706   1.285  3.92862E+08  4.41432E+08  3.60606E+08  4.10376E+07  3.18503E+08  9.82177E-01  2.94651E+02   8.314   8.282
 0.220 -5.86012E-01  5.04210E-02 -2.26622E-01  3.12041E+01 -1.24872E+01 -7.63794E+00 -1.31103E-01 -9.74417E-01  1.82547E-01  2.01847E+02   3.367   1.094  7.97393E+08  8.64739E+08  3.35513E+08  4.67957E+07  3.86676E+08  1.48112E+00  3.11386E+02   8.195   8.195
 0.230 -2.54990E-01 -1.17546E-01 -4.54678E-02 -6.92369E+00 -1.38984E+01  1.17447E+00  3.24551E-02 -9.22821E-01  3.83860E-01  1.54755E+02   3.496   1.073  7.86065E+08  8.59675E+08  5.16453E+08  5.32393E+07  4.37806E+08  1.05715E+00  3.37158E+02   8.228   8.291
 0.240 -9.09154E-02  1.05855E-01 -2.26903E-01  3.84626E+01  2.79369E+00 -1.59688E+01 -1.09745E-01 -9.90703E-01  8.03944E-02  1.35877E+02   3.034   1.312  8.89936E+08  1.00521E+09  6.72829E+08  6.04860E+07  4.25668E+08  2.00957E+00  3.86856E+02   8.282   8.285
 0.250  7.29354E-03 -7.23910E-02  9.41169E-03 -8.02193E-01 -3.54765E+00  2.03307E+01 -5.04960E-01 -8.11439E-01  2.94247E-01  1.07201E+02   3.428   1.962  9.71159E+08  1.09612E+09  8.46193E+08  7.59201E+07  6.56294E+08  1.41749E+00  3.72435E+02   8.380   8.334
 0.260  3.89451E-03  1.86301E-02  1.08555E-01 -1.56239E+01  6.64994E+00  6.84077E+00 -6.19109E-01 -7.83357E-01  5.52798E-02  9.79848E+01   2.418   0.682  6.86787E+08  1.08649E+09  1.15948E+09  4.13571E+07  3.54502E+08  5.14602E+00  3.30795E+02   8.513   8.450
 0.270 -1.25817E-01  4.35991E-02 -5.68721E-04  7.16824E+00  2.95936E+00  7.51311E+00 -3.93779E-01 -8.99618E-01  1.88749E-01  1.09538E+02   2.380   0.729  4.90917E+08  1.00469E+09  1.71925E+09  6.42292E+07  3.76700E+08  5.85315E+00  3.22537E+02   8.680   8.513
 0.280  6.28929E-02 -1.21573E-02  2.87295E-02 -1.04567E+01 -2.09983E+00  2.04566E+01 -6.19750E-02 -9.71141E-01  2.30312E-01  1.30508E+02   2.283   0.500  5.01687E+08  6.68912E+08  1.56302E+09  6.19662E+07  3.02457E+08  1.97580E+00  4.02133E+02   8.615   8.565
 0.290 -2.87097E-02  3.50906E-02  1.43484E-01 -1.33996E+01 -3.42155E-01  1.59807E+01 -3.07458E-02 -9.57367E-01  2.87235E-01  1.40730E+02   2.501   0.528  3.91963E+08  5.28758E+08  1.91192E+09  9.71897E+07  3.52091E+08  1.51682E+00  5.01080E+02   8.638   8.577
 0.300 -6.58630E-02 -1.12177E-02 -3.03175E-02  1.21142E+01  1.01179E+01  4.64673E+00  5.04223E-02 -9.97991E-01  3.83627E-02  1.31231E+02   2.599   0.734  4.35898E+08  5.56656E+08  2.00686E+09  1.30668E+08  4.13862E+08  1.38102E+00  5.88908E+02   8.625   8.582
 0.310  5.67088E-02 -3.18517E-02 -1.60664E-01  2.23128E+01  4.45491E+00  8.53353E+00 -9.20556E-02 -9.18615E-01  3.84281E-01  1.48236E+02   2.484   0.794  4.89035E+08  6.29958E+08  2.54518E+09  1.74768E+08  4.39552E+08  1.67647E+00  6.75984E+02   8.568   8.580
 0.320  1.48939E-01 -2.41906E-02 -1.11152E-01  2.32202E+01  1.52266E+01  1.85734E+00  2.77892E-01 -9.07731E-01  3.14327E-01  1.83416E+02   2.805   0.807  5.58948E+08  6.93295E+08  2.28700E+09  1.54914E+08  4.63246E+08  1.60058E+00  7.46586E+02   8.513   8.580
 0.330  5.65068E-02 -5.81171E-03  4.49598E-02 -5.07921E+00  4.15524E-01  1.87071E+01  6.01659E-02 -8.94616E-01  4.42766E-01  2.08876E+02   4.548   1.296  7.13442E+08  9.34822E+08  3.15166E+09  2.70334E+08  8.16501E+08  3.07822E+00  8.27294E+02   8.514   8.561
 0.340 -1.62181E-02 -1.28847E-01 -4.67223E-01  1.28279E+01  4.67481E+00  1.60575E+00  2.30720E-01 -8.73656E-01  4.28362E-01  2.45051E+02   4.311   1.104  7.92939E+08  9.25614E+08  3.02943E+09  2.33690E+08  7.15987E+08  2.09943E+00  9.05090E+02   8.490   8.568
 0.350 -3.94534E-01 -5.65982E-02 -1.74197E-01 -1.80919E+01 -5.56525E+00 -2.91389E+01  2.75239E-01 -9.56304E-01  9.86181E-02  2.44556E+02   3.390   1.042  8.96906E+08  1.01613E+09  2.50446E+09  1.65313E+08  5.68998E+08  1.94740E+00  9.70026E+02   8.442   8.577
 0.360 -2.07197E-01 -9.63210E-03 -2.24109E-01 -1.67841E+01 -4.28535E-01  6.81474E+00  3.81005E-01 -7.44108E-01  5.48761E-01  9.26742E+01   4.925   2.083  8.19543E+08  1.14530E+09  3.38055E+09  2.86518E+08  1.02526E+09  4.22979E+00  9.85483E+02   8.531   8.560
 0.370 -6.54370E-01 -1.54913E+00 -3.01499E-01 -2.96274E+01  1.87616E+01 -6.93273E+01  7.58676E-01 -3.33504E-01 -5.59630E-01  4.38492E+02   7.111   4.332  1.61220E+09  1.47557E+09  4.42903E+08  2.38318E+08  2.12435E+09  2.59215E-01  1.27049E+03   8.459   8.416
 0.380 -1.82821E-01  6.34653E-01  1.76620E-01  3.31167E+01 -5.60577E+01  2.91541E+01  3.58803E-01  2.77494E-01 -8.91211E-01  3.34260E+02   6.021   2.886  2.02828E+09  1.99764E+09  1.16136E+09  9.15335E+08  2.11969E+09  1.18823E+00  7.70562E+02   8.469   8.542
 0.390  2.02341E-01 -5.62376E-01  2.56151E-01 -2.12224E+01 -6.40377E+01  6.37049E+00  3.58415E-01 -1.18864E-01 -9.25965E-01  5.34443E+02   7.752   2.661  3.06022E+09  3.30095E+09  2.64291E+09  1.59578E+09  3.37899E+09  4.61420E+00  7.39034E+02   8.427   8.537
 0.400 -1.79842E+00  3.63296E-01 -1.36078E-01 -5.83296E+00 -4.71214E+01  1.24940E+01 -1.37131E-01 -2.53444E-01 -9.57581E-01  5.83327E+02  10.260   2.363  4.63064E+09  5.04072E+09  2.86829E+09  8.80784E+08  3.33251E+09  9.13368E+00  7.41810E+02   8.421   8.570
 0.410 -7.23497E-01 -1.17316E+00  6.11693E-02 -2.70419E+01 -5.02930E+01  2.44710E+01 -3.93781E-01 -1.87909E-01 -8.99793E-01  7.84083E+02   8.864   2.040  4.09953E+09  4.91142E+09  3.48478E+09  6.65490E+08  2.65502E+09  1.29829E+01  6.44059E+02   8.471   8.541
 0.420 -2.75274E-01  1.00305E-01 -2.01163E-01  1.05927E+01 -3.81632E+01  1.74968E+01 -4.61311E-01 -3.65150E-01 -8.08615E-01  7.79200E+02   8.245   2.592  3.49214E+09  3.83654E+09  4.68710E+09  1.00514E+09  2.83393E+09  5.68717E+00  8.03814E+02   8.528   8.610
