  33
 0.100  7.50000E-01  5.74964E+07  2.57304E+07  2.84797E+07  5.54627E+07  2.12438E+07  3.36959E+08  3.46426E-01
 0.110  9.00000E-01  3.96324E+07  5.49908E+07  6.38183E+07  3.79890E+07  3.18334E+07  5.42062E+08  3.20729E-01
 0.120  1.08750E+00  1.18428E+08  8.00572E+07  9.44163E+07  1.13696E+08  2.28544E+07  6.81651E+08  3.36873E-01
 0.130  1.27500E+00  1.11566E+08  1.35933E+08  1.61280E+08  1.07443E+08  5.11181E+07  9.99571E+08  4.61247E-01
 0.140  1.46250E+00  8.25963E+07  1.66384E+08  2.01620E+08  7.86838E+07  3.67446E+07  1.15371E+09  2.29630E-01
 0.150  1.87500E+00  1.51948E+08  2.53469E+08  3.05710E+08  1.44368E+08  7.65410E+07  1.62427E+09  9.39798E-01
 0.160  2.21250E+00  2.67713E+08  3.68093E+08  4.44757E+08  2.50194E+08  1.05027E+08  2.57188E+09  1.29197E+00
 0.170  2.51250E+00  3.46790E+08  4.31340E+08  5.28135E+08  3.22604E+08  6.88223E+07  2.66309E+09  8.13128E-01
 0.180  2.73750E+00  3.74025E+08  5.47433E+08  6.73642E+08  3.45273E+08  9.95597E+07  3.27116E+09  1.04121E+00
 0.190  3.03750E+00  7.13592E+08  7.79242E+08  9.53878E+08  6.58907E+08  1.86027E+08  3.83542E+09  2.73645E+00
 0.200  3.30000E+00  5.14558E+08  9.27271E+08  1.15294E+09  4.76320E+08  1.17603E+08  4.22550E+09  8.82576E-01
 0.210  3.67500E+00  6.44612E+08  1.12701E+09  1.40564E+09  5.82963E+08  1.71658E+08  5.20454E+09  1.98359E+00
 0.220  4.12500E+00  1.18555E+09  1.36361E+09  1.70771E+09  1.09087E+09  1.79938E+08  6.31335E+09  2.29928E+00
 0.230  4.65000E+00  1.26637E+09  1.62307E+09  2.04502E+09  1.14785E+09  1.90250E+08  7.55744E+09  1.80642E+00
 0.240  5.02500E+00  1.77940E+09  1.94956E+09  2.45444E+09  1.59362E+09  2.72803E+08  8.77874E+09  3.33948E+00
 0.250  5.36250E+00  1.77355E+09  2.44535E+09  3.08362E+09  1.58918E+09  3.13529E+08  1.08490E+10  2.58351E+00
 0.260  5.66250E+00  1.73232E+09  3.33438E+09  4.17954E+09  1.54085E+09  6.46135E+08  1.18759E+10  7.00992E+00
 0.270  5.88750E+00  1.21201E+09  4.04106E+09  5.07968E+09  1.02160E+09  6.48401E+08  1.20102E+10  6.91844E+00
 0.280  6.11250E+00  9.92931E+08  4.32114E+09  5.52199E+09  8.50503E+08  2.57213E+08  1.19279E+10  2.71978E+00
 0.290  6.30000E+00  8.35643E+08  4.59324E+09  5.93427E+09  6.93325E+08  1.86151E+08  1.25798E+10  1.86389E+00
 0.300  6.75000E+00  8.76799E+08  4.83419E+09  6.29806E+09  7.39063E+08  1.82989E+08  1.41535E+10  1.75690E+00
 0.310  8.21250E+00  1.35795E+09  5.11605E+09  6.70765E+09  1.07382E+09  1.89717E+08  1.74293E+10  2.03129E+00
 0.320  9.03750E+00  1.38726E+09  5.36576E+09  7.07224E+09  1.07923E+09  1.89234E+08  2.00110E+10  1.87943E+00
 0.330  1.03875E+01  1.69042E+09  5.73557E+09  7.57407E+09  1.29793E+09  2.92592E+08  2.42241E+10  3.20581E+00
 0.340  1.13625E+01  1.96201E+09  5.96533E+09  7.92296E+09  1.56165E+09  1.91885E+08  2.79966E+10  2.29523E+00
 0.350  1.19625E+01  2.39095E+09  6.23652E+09  8.31444E+09  1.88211E+09  1.87091E+08  3.12787E+10  2.32206E+00
 0.360  1.25250E+01  2.69349E+09  7.04893E+09  9.34973E+09  2.10050E+09  4.90347E+08  3.75822E+10  4.88341E+00
 0.370  1.30125E+01  4.59207E+09  1.11436E+10  1.46050E+10  3.90213E+09  8.00538E+08  4.58861E+10  8.98878E+00
 0.380  1.37625E+01  6.97028E+09  1.37442E+10  1.81376E+10  6.07250E+09  6.91691E+08  5.77148E+10  7.73466E+00
 0.390  1.43625E+01  6.85054E+09  1.33039E+10  1.75621E+10  6.00206E+09  8.21872E+08  5.55759E+10  8.65552E+00
 0.400  1.55625E+01  8.46403E+09  1.72427E+10  2.27767E+10  7.44181E+09  1.12302E+09  6.41118E+10  1.41605E+01
 0.410  1.61625E+01  7.70914E+09  1.84501E+10  2.43601E+10  6.78998E+09  1.36494E+09  6.42690E+10  1.66843E+01
 0.420  1.67250E+01  7.39698E+09  2.00078E+10  2.65976E+10  6.58529E+09  8.14827E+08  7.21057E+10  7.88939E+00
