  15
 0.100       137937 -0.34108E-02  0.51162E-03  0.98912E-02 -0.16777E+02  0.24011E+02 -0.15109E+02  0.28396E+00 -0.94137E+00  0.18217E+00   0.750   0.500
 0.110       146155 -0.35622E-02 -0.79681E-02 -0.10312E-01  0.30966E+02  0.36602E+02 -0.12665E+02 -0.37958E+00  0.44461E+00 -0.81132E+00   0.900   0.599
 0.120       105600  0.14526E-01 -0.92066E-03 -0.96158E-02 -0.12547E+02 -0.98613E+01 -0.17700E+02  0.56443E-01  0.98569E+00  0.15881E+00   1.000   0.693
 0.130          495  0.22150E-02  0.25473E-02  0.12626E-01  0.11459E+02 -0.10815E+02 -0.35582E+02 -0.75656E+00  0.37960E+00  0.53246E+00   1.194   0.602
 0.140       643385 -0.23876E-03 -0.56109E-02  0.40590E-02 -0.19516E+01  0.10543E+02 -0.21616E+02  0.24435E-01  0.63754E+00  0.77003E+00   1.477   0.500
 0.150       725429  0.28105E-02 -0.14052E-02 -0.25550E-03  0.39472E+02 -0.19141E+02 -0.79463E+02  0.24532E-01 -0.55539E+00 -0.83123E+00   1.714   0.628
 0.160       696881  0.81806E-03 -0.12271E-02 -0.10907E-02 -0.30056E+02 -0.29863E+02 -0.99943E+02 -0.45670E+00 -0.20531E+00  0.86561E+00   2.070   0.767
 0.170      1405902  0.26089E-02  0.72470E-03 -0.28988E-03  0.10661E+03  0.10925E+02  0.70150E+02 -0.80853E+00 -0.52597E+00  0.26387E+00   1.572   0.500
 0.180       978176 -0.30682E-02  0.76706E-03  0.24546E-02 -0.38439E+02  0.51105E+01  0.28459E+02 -0.51834E+00 -0.72119E+00 -0.45957E+00   1.456   0.500
 0.190       795123  0.64827E-03 -0.11345E-02 -0.97240E-03 -0.12553E+03  0.33234E+03 -0.27545E+02 -0.91432E+00  0.31378E+00 -0.25605E+00   1.000   0.500
 0.200      1877044  0.10224E-02  0.22152E-02 -0.10224E-02  0.20009E+03  0.13407E+03 -0.20365E+02 -0.90777E+00  0.36473E-01 -0.41788E+00   1.201   0.500
 0.210       190529 -0.71576E-03 -0.17894E-03 -0.17894E-02 -0.27442E+02  0.23779E+03  0.26587E+02 -0.35893E+00  0.31147E+00 -0.87986E+00   1.722   0.706
 0.220       318821  0.14986E-02  0.56199E-03  0.74932E-03 -0.21760E+03  0.99585E+02 -0.16249E+03 -0.24986E-01  0.63434E+00 -0.77265E+00   1.670   0.600
 0.230      2907959 -0.78447E-03 -0.11767E-02  0.39223E-03  0.23774E+03 -0.65594E+02 -0.15102E+03 -0.37605E-01  0.82578E+00 -0.56274E+00   1.901   0.500
 0.240      1523388 -0.40874E-03  0.14306E-02 -0.24524E-02  0.29812E+03  0.22576E+03 -0.25188E+02  0.88148E-01  0.85247E+00 -0.51529E+00   2.438   0.752
