  15
 0.100   0.750  1.91498E+07  2.23619E+07  1.89520E+07  1.33839E+02  0.00000E+00  0.00000E+00  0.00000E+00  1.91498E+07  2.23619E+07  1.89520E+07
 0.110   0.900  3.41057E+07  4.00395E+07  3.37374E+07  1.56693E+02  5.81070E+06  7.01445E+06  5.72646E+06  2.82950E+07  3.30250E+07  2.80110E+07
 0.120   1.000  3.71523E+07  4.48011E+07  3.65754E+07  2.37960E+02  9.95317E+06  1.21575E+07  9.78711E+06  2.71992E+07  3.26437E+07  2.67883E+07
 0.130   1.194  6.51809E+07  7.82879E+07  6.42309E+07  2.45085E+02  1.97094E+07  2.42607E+07  1.93532E+07  4.54716E+07  5.40272E+07  4.48777E+07
 0.140   1.477  1.58507E+08  1.85593E+08  1.57109E+08  1.73334E+02  2.74595E+07  3.39687E+07  2.69456E+07  1.31047E+08  1.51624E+08  1.30164E+08
 0.150   1.714  3.95721E+08  4.58797E+08  3.93214E+08  1.46067E+02  5.11727E+07  6.35365E+07  5.02493E+07  3.44548E+08  3.95261E+08  3.42964E+08
 0.160   2.070  7.09015E+08  8.39468E+08  7.04396E+08  1.72887E+02  9.67717E+07  1.19625E+08  9.53256E+07  6.12244E+08  7.19843E+08  6.09070E+08
 0.170   1.572  1.04487E+09  1.24567E+09  1.03763E+09  1.98791E+02  9.65322E+07  1.21145E+08  9.47742E+07  9.48333E+08  1.12452E+09  9.42860E+08
 0.180   1.456  1.43725E+09  1.73413E+09  1.42636E+09  2.32881E+02  8.90337E+07  1.13070E+08  8.70171E+07  1.34822E+09  1.62106E+09  1.33935E+09
 0.190   1.000  3.03957E+09  3.69826E+09  3.01227E+09  2.83548E+02  9.79759E+08  1.22808E+09  9.65398E+08  2.05981E+09  2.47018E+09  2.04687E+09
 0.200   1.201  3.81904E+09  4.70888E+09  3.78016E+09  3.38073E+02  1.04560E+09  1.33126E+09  1.02693E+09  2.77344E+09  3.37762E+09  2.75323E+09
 0.210   1.722  4.82229E+09  6.01033E+09  4.76524E+09  4.06960E+02  1.34055E+09  1.72192E+09  1.31351E+09  3.48174E+09  4.28841E+09  3.45173E+09
 0.220   1.670  6.76766E+09  8.35783E+09  6.69387E+09  3.96195E+02  1.49231E+09  1.92768E+09  1.45979E+09  5.27534E+09  6.43016E+09  5.23408E+09
 0.230   1.901  8.68566E+09  1.08132E+10  8.58753E+09  4.33331E+02  1.82142E+09  2.35851E+09  1.78040E+09  6.86424E+09  8.45466E+09  6.80713E+09
 0.240   2.438  1.02552E+10  1.29055E+10  1.01288E+10  4.93947E+02  2.16056E+09  2.81024E+09  2.10974E+09  8.09464E+09  1.00952E+10  8.01910E+09
