  15
 0.100   0.750  9.39416E-02  8.54108E-02  1.07376E-01
 0.110   0.900  1.58693E-01  1.62298E-01  1.42214E-01
 0.120   1.000  5.90267E-02  7.01977E-02  4.97475E-02
 0.130   1.194  2.29484E-01  2.43384E-01  2.00702E-01
 0.140   1.477  1.05044E+00  1.04379E+00  9.83336E-01
 0.150   1.714  3.15279E+00  3.63388E+00  2.41875E+00
 0.160   2.070  2.62091E+00  2.78277E+00  2.85047E+00
 0.170   1.572  4.27957E+00  4.44843E+00  4.04116E+00
 0.180   1.456  3.99357E+00  3.65735E+00  4.62833E+00
 0.190   1.000  7.94708E+00  7.76990E+00  8.48921E+00
 0.200   1.201  5.79324E+00  5.49507E+00  6.98219E+00
 0.210   1.722  7.10881E+00  6.89998E+00  6.92832E+00
 0.220   1.670  1.66617E+01  1.71063E+01  1.74310E+01
 0.230   1.901  1.47725E+01  1.44919E+01  1.57245E+01
 0.240   2.438  1.13678E+01  1.09359E+01  1.26396E+01
