  45
 0.120   0.825   0.500  6.70330E+05  8.18132E+05  6.58349E+05  2.74255E+02  0.00000E+00  0.00000E+00  0.00000E+00  6.70330E+05  8.18132E+05  6.58349E+05
 0.130   1.000   0.559  1.57492E+06  1.94072E+06  1.54327E+06  3.30654E+02  4.87685E+05  6.01837E+05  4.78389E+05  1.08724E+06  1.33889E+06  1.06488E+06
 0.140   1.065   0.896  3.89691E+05  4.79055E+05  3.80470E+05  3.93420E+02  1.22268E+05  1.52926E+05  1.18986E+05  2.67424E+05  3.26129E+05  2.61484E+05
 0.150   1.439   0.666  6.62077E+06  8.00743E+06  6.51555E+06  3.12263E+02  3.65805E+06  4.56291E+06  3.58856E+06  2.96272E+06  3.44452E+06  2.92699E+06
 0.160   1.698   0.818  1.04844E+07  1.22255E+07  1.03995E+07  1.85011E+02  2.58072E+06  3.17721E+06  2.54388E+06  7.90363E+06  9.04829E+06  7.85559E+06
 0.170   1.769   1.168  4.30489E+06  5.05197E+06  4.26729E+06  2.10480E+02  5.47302E+05  6.93189E+05  5.34941E+05  3.75758E+06  4.35878E+06  3.73234E+06
 0.180   1.618   0.932  1.05433E+07  1.26837E+07  1.04139E+07  3.11757E+02  4.12943E+06  5.18947E+06  4.05648E+06  6.41386E+06  7.49423E+06  6.35743E+06
 0.190   2.182   1.004  1.39487E+07  1.67410E+07  1.38024E+07  2.86118E+02  2.58156E+06  3.29722E+06  2.51214E+06  1.13672E+07  1.34438E+07  1.12903E+07
 0.200   2.471   1.359  3.90621E+07  4.89084E+07  3.84984E+07  4.30976E+02  2.02004E+07  2.56193E+07  1.98252E+07  1.88617E+07  2.32891E+07  1.86731E+07
 0.210   2.865   1.277  5.64056E+07  6.89444E+07  5.57761E+07  3.66036E+02  1.98354E+07  2.52839E+07  1.94695E+07  3.65702E+07  4.36604E+07  3.63066E+07
 0.220   3.787   1.494  6.34703E+07  7.79703E+07  6.26968E+07  4.19938E+02  2.52441E+07  3.24674E+07  2.47522E+07  3.82262E+07  4.55029E+07  3.79446E+07
 0.230   3.432   1.633  2.47740E+08  2.95550E+08  2.45555E+08  3.29636E+02  9.94877E+07  1.27813E+08  9.77357E+07  1.48252E+08  1.67737E+08  1.47820E+08
 0.240   3.477   2.291  4.11459E+07  4.87317E+07  4.07910E+07  3.20589E+02  7.06922E+06  9.25004E+06  6.87611E+06  3.40767E+07  3.94817E+07  3.39149E+07
 0.250   3.727   2.365  1.74778E+08  2.07349E+08  1.73312E+08  3.35654E+02  2.52597E+07  3.33230E+07  2.44700E+07  1.49518E+08  1.74026E+08  1.48842E+08
 0.260   1.944   0.500  2.68980E+08  3.11917E+08  2.67907E+08  1.93420E+02  1.64198E+07  2.15604E+07  1.59966E+07  2.52561E+08  2.90356E+08  2.51910E+08
 0.270   2.290   0.500  7.83786E+08  9.14337E+08  7.81833E+08  1.49617E+02  2.38807E+07  3.12935E+07  2.33086E+07  7.59905E+08  8.83044E+08  7.58524E+08
 0.280   2.332   0.500  1.20063E+09  1.44012E+09  1.19688E+09  2.02433E+02  2.54411E+07  3.33640E+07  2.47936E+07  1.17519E+09  1.40676E+09  1.17209E+09
 0.290   1.815   0.500  1.65574E+09  2.01144E+09  1.64935E+09  2.54365E+02  2.69847E+07  3.55560E+07  2.62385E+07  1.62875E+09  1.97588E+09  1.62311E+09
 0.300   4.028   1.044  6.25241E+08  7.90240E+08  6.19336E+08  5.26461E+02  1.05329E+08  1.38427E+08  1.02897E+08  5.19913E+08  6.51813E+08  5.16440E+08
 0.310   2.956   0.699  1.56774E+09  1.97524E+09  1.55706E+09  4.45191E+02  6.39605E+07  8.44267E+07  6.24667E+07  1.50378E+09  1.89081E+09  1.49459E+09
 0.320   4.154   1.500  1.74884E+09  2.22019E+09  1.73447E+09  5.32514E+02  1.23923E+08  1.63149E+08  1.21115E+08  1.62492E+09  2.05704E+09  1.61336E+09
 0.330   4.507   1.190  2.31053E+09  2.95883E+09  2.28971E+09  6.02442E+02  1.12076E+08  1.49355E+08  1.09162E+08  2.19845E+09  2.80947E+09  2.18055E+09
 0.340   4.750   1.117  2.58578E+09  3.32699E+09  2.56046E+09  6.66123E+02  1.29994E+08  1.74154E+08  1.26397E+08  2.45579E+09  3.15283E+09  2.43407E+09
 0.350   4.816   1.164  2.15103E+09  2.79327E+09  2.12723E+09  7.63140E+02  1.28523E+08  1.72522E+08  1.24958E+08  2.02251E+09  2.62075E+09  2.00227E+09
 0.360   5.509   0.975  2.32469E+09  3.02376E+09  2.29832E+09  8.07362E+02  1.31153E+08  1.76126E+08  1.27525E+08  2.19354E+09  2.84764E+09  2.17080E+09
 0.370   5.509   0.840  2.43071E+09  3.19625E+09  2.40009E+09  9.22924E+02  1.34081E+08  1.80482E+08  1.30320E+08  2.29662E+09  3.01576E+09  2.26977E+09
 0.380   5.318   1.282  2.35106E+09  3.10853E+09  2.31884E+09  1.02296E+03  1.54675E+08  2.08598E+08  1.50208E+08  2.19638E+09  2.89994E+09  2.16863E+09
 0.390   4.957   1.307  2.34562E+09  3.11365E+09  2.31068E+09  1.13492E+03  1.51609E+08  2.04321E+08  1.47152E+08  2.19401E+09  2.90933E+09  2.16353E+09
 0.400   5.132   1.467  3.34573E+09  4.42977E+09  3.29790E+09  1.13402E+03  1.84036E+08  2.49194E+08  1.78652E+08  3.16169E+09  4.18057E+09  3.11925E+09
 0.410   5.844   1.608  3.50913E+09  4.68782E+09  3.45437E+09  1.25748E+03  2.12284E+08  2.89672E+08  2.05523E+08  3.29684E+09  4.39815E+09  3.24884E+09
 0.420  10.542   3.046  1.87012E+09  2.48638E+09  1.83833E+09  1.34543E+03  1.66240E+08  2.29243E+08  1.59530E+08  1.70388E+09  2.25714E+09  1.67880E+09
 0.430   4.097   1.444  4.34518E+09  5.52707E+09  4.29393E+09  9.95295E+02  1.48710E+08  2.05693E+08  1.42491E+08  4.19647E+09  5.32137E+09  4.15144E+09
 0.440   4.014   0.745  5.75999E+09  7.18564E+09  5.71415E+09  7.10709E+02  1.14635E+08  1.58216E+08  1.09773E+08  5.64536E+09  7.02743E+09  5.60437E+09
 0.450   6.383   1.216  4.19060E+09  5.35992E+09  4.15055E+09  8.59308E+02  2.26463E+08  3.08460E+08  2.19373E+08  3.96414E+09  5.05146E+09  3.93118E+09
 0.460   5.452   0.960  3.87482E+09  5.01830E+09  3.83348E+09  9.81027E+02  2.19528E+08  3.00649E+08  2.12385E+08  3.65530E+09  4.71765E+09  3.62109E+09
 0.470   6.644   1.331  5.67672E+09  7.41878E+09  5.61631E+09  1.01461E+03  3.96831E+08  5.37575E+08  3.86189E+08  5.27989E+09  6.88121E+09  5.23012E+09
 0.480   6.318   1.505  7.12720E+09  9.38968E+09  7.04638E+09  1.10462E+03  5.03886E+08  6.88717E+08  4.89830E+08  6.62331E+09  8.70096E+09  6.55655E+09
 0.490   6.534   1.682  7.86318E+09  1.03865E+10  7.77119E+09  1.15891E+03  5.81798E+08  7.99576E+08  5.64847E+08  7.28139E+09  9.58694E+09  7.20635E+09
 0.500   2.552   0.500  7.15867E+09  9.49555E+09  7.06815E+09  1.28812E+03  2.53056E+08  3.54274E+08  2.43591E+08  6.90561E+09  9.14128E+09  6.82456E+09
 0.510   2.073   0.500  8.97909E+09  1.19976E+10  8.86226E+09  1.35784E+03  3.67068E+08  4.98337E+08  3.56834E+08  8.61202E+09  1.14992E+10  8.50542E+09
 0.520   8.912   2.239  1.77603E+09  2.42631E+09  1.73746E+09  1.97932E+03  3.84860E+08  5.27695E+08  3.72454E+08  1.39117E+09  1.89861E+09  1.36501E+09
 0.530  11.624   5.258  2.99848E+09  4.04579E+09  2.94211E+09  1.78019E+03  6.62559E+08  9.07017E+08  6.44017E+08  2.33592E+09  3.13877E+09  2.29809E+09
 0.540   7.535   2.026  5.55401E+09  7.44540E+09  5.46771E+09  1.58220E+03  7.06933E+08  9.73190E+08  6.87634E+08  4.84708E+09  6.47221E+09  4.78007E+09
 0.550   5.598   1.184  1.25444E+10  1.66223E+10  1.23794E+10  1.41943E+03  8.22551E+08  1.13742E+09  8.00269E+08  1.17218E+10  1.54848E+10  1.15791E+10
 0.560   4.922   0.999  1.51568E+10  2.00361E+10  1.49683E+10  1.36989E+03  8.64653E+08  1.18958E+09  8.42273E+08  1.42921E+10  1.88466E+10  1.41260E+10
