  45
 0.120   0.825   0.500  5.27957E-04  9.33233E-05  1.10773E-03
 0.130   1.000   0.559  5.91032E-04  6.87519E-04  4.68187E-04
 0.140   1.065   0.896  1.04514E-03  9.72798E-04  7.27848E-04
 0.150   1.439   0.666  2.70511E-02  2.79929E-02  2.03258E-02
 0.160   1.698   0.818  8.19872E-02  8.41960E-02  6.70146E-02
 0.170   1.769   1.168  2.97825E-02  3.23299E-02  2.57202E-02
 0.180   1.618   0.932  4.90820E-02  6.29977E-02  3.18462E-02
 0.190   2.182   1.004  4.68933E-02  3.79177E-02  6.84203E-02
 0.200   2.471   1.359  1.98448E-02  2.11132E-02  1.84067E-02
 0.210   2.865   1.277  2.56112E-01  2.91871E-01  1.70241E-01
 0.220   3.787   1.494  2.90827E-01  3.21547E-01  2.04941E-01
 0.230   3.432   1.633  1.80435E+00  2.12215E+00  1.23562E+00
 0.240   3.477   2.291  3.55537E-01  3.76678E-01  2.64978E-01
 0.250   3.727   2.365  1.57899E+00  1.88257E+00  9.74221E-01
 0.260   1.944   0.500  2.69246E+00  2.83012E+00  2.08512E+00
 0.270   2.290   0.500  5.33706E+00  5.13935E+00  5.23525E+00
 0.280   2.332   0.500  3.83658E+00  3.94659E+00  3.99649E+00
 0.290   1.815   0.500  5.31422E+00  4.91266E+00  5.55667E+00
 0.300   4.028   1.044  8.04479E-01  7.61909E-01  8.09288E-01
 0.310   2.956   0.699  2.18653E+00  2.23255E+00  2.03791E+00
 0.320   4.154   1.500  2.50505E+00  2.52971E+00  2.38543E+00
 0.330   4.507   1.190  2.67366E+00  2.62257E+00  2.65943E+00
 0.340   4.750   1.117  2.48753E+00  2.51222E+00  2.70454E+00
 0.350   4.816   1.164  1.49744E+00  1.51399E+00  1.52260E+00
 0.360   5.509   0.975  1.82602E+00  1.77038E+00  2.09538E+00
 0.370   5.509   0.840  1.40314E+00  1.38366E+00  1.37988E+00
 0.380   5.318   1.282  1.44798E+00  1.53098E+00  1.27066E+00
 0.390   4.957   1.307  2.05675E+00  2.04036E+00  1.92791E+00
 0.400   5.132   1.467  2.18290E+00  2.09989E+00  2.51503E+00
 0.410   5.844   1.608  1.65807E+00  1.63916E+00  1.69693E+00
 0.420  10.542   3.046  2.67086E+00  2.83798E+00  2.02274E+00
 0.430   4.097   1.444  1.89131E+01  1.99497E+01  1.53252E+01
 0.440   4.014   0.745  1.47029E+01  1.37179E+01  1.74648E+01
 0.450   6.383   1.216  5.17938E+00  5.19181E+00  5.29018E+00
 0.460   5.452   0.960  5.35215E+00  5.68654E+00  4.62508E+00
 0.470   6.644   1.331  5.41074E+00  5.50791E+00  4.91235E+00
 0.480   6.318   1.505  6.24571E+00  6.44555E+00  5.70087E+00
 0.490   6.534   1.682  6.52145E+00  6.39440E+00  6.80314E+00
 0.500   2.552   0.500  1.13235E+01  1.17996E+01  9.71530E+00
 0.510   2.073   0.500  4.92558E+00  4.72329E+00  5.51147E+00
 0.520   8.912   2.239  6.40615E-01  7.19273E-01  4.84756E-01
 0.530  11.624   5.258  2.85974E+00  2.83837E+00  2.77062E+00
 0.540   7.535   2.026  6.12816E+00  6.25769E+00  6.04479E+00
 0.550   5.598   1.184  2.40854E+01  2.45178E+01  2.09244E+01
 0.560   4.922   0.999  1.69050E+01  1.52240E+01  1.93054E+01
