  45
 0.120   5.500   0.825  2.60288E+09  1.39218E+08  1.98178E+07  2.39126E+07  2.44385E+09  2.43783E+06  7.16690E+06  8.73331E+06  1.08412E+08  4.47161E+08  3.11253E+07  3.69940E+07  4.39486E+09  4.68915E+06  1.01607E+07  1.23616E+07  2.11088E+08
 0.130   7.250   1.000  4.69753E+09  3.70673E+08  3.45910E+07  4.19556E+07  4.29226E+09  1.32147E+07  1.03502E+07  1.27263E+07  2.14497E+08  5.23390E+08  3.47128E+07  4.21046E+07  5.16297E+09  2.41159E+07  1.36201E+07  1.67215E+07  3.64395E+08
 0.140   8.500   1.065  6.36546E+09  5.49978E+08  4.18600E+07  5.11265E+07  5.77362E+09  1.41235E+07  1.06071E+07  1.31429E+07  2.46172E+08  6.54013E+08  4.19221E+07  5.12022E+07  6.44978E+09  2.30213E+07  1.28767E+07  1.59387E+07  3.59906E+08
 0.150  10.750   1.439  1.03202E+10  1.09373E+09  6.13681E+07  7.48604E+07  9.16508E+09  4.05582E+07  2.21877E+07  2.69070E+07  4.17604E+08  9.96338E+08  5.84626E+07  7.13138E+07  8.48542E+09  6.76505E+07  3.08811E+07  3.77037E+07  6.66353E+08
 0.160  12.500   1.698  1.29884E+10  1.61613E+09  8.68810E+07  1.04958E+08  1.12854E+10  7.38966E+07  4.17213E+07  5.05166E+07  6.06660E+08  1.33456E+09  8.51006E+07  1.02737E+08  9.24780E+09  1.68861E+08  5.45956E+07  6.59342E+07  9.51268E+08
 0.170  15.250   1.769  1.93384E+10  2.21407E+09  2.43477E+08  2.92705E+08  1.68809E+10  8.72257E+07  7.28546E+07  8.78454E+07  7.50822E+08  1.34187E+09  1.50266E+08  1.80514E+08  9.43337E+09  1.03647E+08  8.19769E+07  9.88136E+07  9.29153E+08
 0.180  17.250   1.618  2.38006E+10  2.18855E+09  2.94764E+08  3.61609E+08  2.13173E+10  2.69752E+08  1.07045E+08  1.30064E+08  1.22413E+09  1.39527E+09  2.87944E+08  3.52897E+08  1.34996E+10  2.54832E+08  1.02469E+08  1.24422E+08  1.10798E+09
 0.190  18.750   2.182  2.56814E+10  2.10553E+09  4.05303E+08  4.97467E+08  2.31706E+10  4.81719E+07  1.53704E+08  1.86103E+08  9.99073E+08  1.22835E+09  3.96663E+08  4.86418E+08  1.40899E+10  5.82869E+07  1.69974E+08  2.05867E+08  1.31666E+09
 0.200  20.250   2.471  2.79310E+10  2.15018E+09  4.08005E+08  5.12947E+08  2.53728E+10  8.38143E+07  2.10892E+08  2.63926E+08  1.52126E+09  1.03871E+09  3.90450E+08  4.90423E+08  1.25458E+10  1.48146E+08  2.52663E+08  3.16178E+08  2.07721E+09
 0.210  22.750   2.865  3.36561E+10  2.62544E+09  4.93625E+08  6.20145E+08  3.05370E+10  2.23987E+08  2.72877E+08  3.41661E+08  1.89730E+09  1.32054E+09  4.50752E+08  5.66315E+08  1.22928E+10  3.28862E+08  3.12418E+08  3.90798E+08  2.66051E+09
 0.220  27.750   3.787  5.43335E+10  4.41938E+09  1.03965E+09  1.30683E+09  4.88745E+10  2.95059E+08  3.58239E+08  4.50924E+08  2.78813E+09  1.57845E+09  5.41749E+08  6.83973E+08  1.48058E+10  5.22581E+08  4.23867E+08  5.32988E+08  4.34938E+09
 0.230  33.750   3.432  8.25392E+10  6.22480E+09  1.68584E+09  2.10860E+09  7.46286E+10  1.04292E+09  9.67972E+08  1.20047E+09  7.56866E+09  2.46830E+09  1.31128E+09  1.62856E+09  2.55669E+10  1.06771E+09  9.87942E+08  1.22453E+09  7.75938E+09
 0.240  37.000   3.477  9.99467E+10  7.10121E+09  2.15457E+09  2.70731E+09  9.06909E+10  6.76950E+08  1.09052E+09  1.35459E+09  5.69747E+09  2.23565E+09  1.52802E+09  1.90636E+09  2.46301E+10  6.29490E+08  1.05771E+09  1.31380E+09  5.21052E+09
 0.250  39.750   3.727  1.08932E+11  7.16566E+09  2.61078E+09  3.27823E+09  9.91555E+10  9.22596E+08  1.59330E+09  1.97802E+09  7.32531E+09  3.02604E+09  2.05377E+09  2.56402E+09  2.48223E+10  8.37810E+08  1.54256E+09  1.91347E+09  6.67043E+09
 0.260  42.500   1.944  1.15867E+11  7.13988E+09  3.13643E+09  3.95042E+09  1.05591E+11  9.65629E+08  2.07290E+09  2.57300E+09  7.79513E+09  2.22657E+09  2.45489E+09  3.06696E+09  2.30702E+10  5.78657E+08  1.51881E+09  1.86507E+09  2.56540E+09
 0.270  43.750   2.290  1.13849E+11  6.61485E+09  3.89581E+09  4.90241E+09  1.03338E+11  9.67115E+08  2.97678E+09  3.69718E+09  8.97436E+09  1.51411E+09  3.27933E+09  4.09399E+09  2.42399E+10  7.11984E+08  2.49276E+09  3.07183E+09  3.76683E+09
 0.280  45.750   2.332  1.14144E+11  6.29382E+09  4.40228E+09  5.59344E+09  1.03448E+11  9.84159E+08  3.51905E+09  4.42591E+09  9.91790E+09  1.64933E+09  4.06475E+09  5.14682E+09  2.65008E+10  7.01109E+08  3.03239E+09  3.78871E+09  4.08384E+09
 0.290  47.500   1.815  1.16814E+11  5.64701E+09  5.26941E+09  6.70800E+09  1.05898E+11  7.10811E+08  4.37709E+09  5.52051E+09  1.12336E+10  1.20961E+09  4.82027E+09  6.10900E+09  2.72055E+10  3.99234E+08  3.66482E+09  4.58824E+09  3.29502E+09
 0.300  49.750   4.028  1.19042E+11  5.24313E+09  5.77330E+09  7.42741E+09  1.08026E+11  8.72768E+08  5.08027E+09  6.50194E+09  1.37379E+10  1.41553E+09  5.48268E+09  7.03791E+09  2.93405E+10  7.21676E+08  4.90143E+09  6.26491E+09  1.06306E+10
 0.310  51.750   2.956  1.23301E+11  5.72228E+09  6.14767E+09  7.98281E+09  1.11431E+11  9.81427E+08  5.37285E+09  6.94293E+09  1.34123E+10  1.47649E+09  5.75978E+09  7.46097E+09  2.94364E+10  6.20950E+08  4.89502E+09  6.31023E+09  6.62213E+09
 0.320  53.750   4.154  1.27372E+11  6.18401E+09  6.43422E+09  8.41869E+09  1.14754E+11  1.36780E+09  5.72098E+09  7.45756E+09  1.45587E+10  1.85929E+09  6.08399E+09  7.94571E+09  3.00037E+10  9.72559E+08  5.50006E+09  7.16436E+09  1.05774E+10
 0.330  55.250   4.507  1.30616E+11  6.41127E+09  6.73968E+09  8.87072E+09  1.17465E+11  1.31050E+09  6.03942E+09  7.92570E+09  1.51011E+10  2.03485E+09  6.37156E+09  8.37255E+09  2.93496E+10  1.11373E+09  5.86361E+09  7.68967E+09  1.17993E+10
 0.340  57.500   4.750  1.35135E+11  6.60154E+09  7.07693E+09  9.36039E+09  1.21457E+11  1.22743E+09  6.38659E+09  8.42408E+09  1.58759E+10  1.87667E+09  6.69133E+09  8.83604E+09  2.93607E+10  1.01239E+09  6.23084E+09  8.21520E+09  1.26694E+10
 0.350  59.500   4.816  1.38035E+11  6.66352E+09  7.21531E+09  9.61226E+09  1.24156E+11  1.41761E+09  6.60800E+09  8.78713E+09  1.64812E+10  1.92237E+09  6.88699E+09  9.16442E+09  2.87981E+10  1.16967E+09  6.44029E+09  8.56150E+09  1.28992E+10
 0.360  63.500   5.509  1.55263E+11  6.70099E+09  7.53089E+09  1.00737E+10  1.41031E+11  1.19985E+09  6.90996E+09  9.22553E+09  1.76631E+10  1.65348E+09  7.15505E+09  9.55880E+09  2.89674E+10  1.07668E+09  6.79234E+09  9.06640E+09  1.49814E+10
 0.370  72.250   5.509  2.09946E+11  1.00346E+10  9.23866E+09  1.24296E+10  1.90673E+11  1.31089E+09  7.15247E+09  9.61241E+09  2.11239E+10  1.59642E+09  7.31842E+09  9.83982E+09  2.99207E+10  1.12817E+09  6.95098E+09  9.33858E+09  1.54477E+10
 0.380  76.750   5.318  2.33201E+11  1.21767E+10  9.52109E+09  1.28568E+10  2.11503E+11  1.70225E+09  7.33720E+09  9.90631E+09  2.27778E+10  1.84380E+09  7.46222E+09  1.00776E+10  3.04828E+10  1.29156E+09  7.05772E+09  9.52832E+09  1.48615E+10
 0.390  82.750   4.957  2.75140E+11  1.58596E+10  9.84746E+09  1.33383E+10  2.49433E+11  2.30223E+09  7.64339E+09  1.03468E+10  2.75413E+10  2.52028E+09  7.73863E+09  1.04775E+10  3.46713E+10  1.68834E+09  7.23381E+09  9.78894E+09  1.45793E+10
 0.400  91.250   5.132  3.49216E+11  2.17124E+10  1.23267E+10  1.66322E+10  3.15177E+11  1.39375E+09  8.15224E+09  1.10267E+10  2.96508E+10  1.52443E+09  8.19436E+09  1.10847E+10  3.29815E+10  8.05379E+08  7.72940E+09  1.04507E+10  1.47590E+10
 0.410  96.250   5.844  3.82431E+11  2.35832E+10  1.27874E+10  1.73152E+10  3.46061E+11  1.36346E+09  8.35353E+09  1.13579E+10  3.10063E+10  1.39861E+09  8.37110E+09  1.13820E+10  3.23995E+10  8.97518E+08  8.03840E+09  1.09260E+10  1.72405E+10
 0.420 102.000  10.542  4.20457E+11  2.59682E+10  1.33421E+10  1.80877E+10  3.81147E+11  3.47799E+09  1.03784E+10  1.41256E+10  4.29247E+10  3.41860E+09  1.03646E+10  1.41066E+10  4.19911E+10  3.57797E+09  1.03998E+10  1.41554E+10  4.44962E+10
 0.430 108.750   4.097  4.84913E+11  2.80293E+10  1.71919E+10  2.27960E+10  4.39692E+11  7.06057E+09  1.27996E+10  1.68135E+10  5.49395E+10  6.76434E+09  1.25937E+10  1.65373E+10  4.95206E+10  3.76419E+09  1.05674E+10  1.38821E+10  1.51414E+10
 0.440 116.000   4.014  5.50158E+11  2.85793E+10  2.29748E+10  3.03480E+10  4.98604E+11  3.87797E+09  1.78918E+10  2.34403E+10  5.10033E+10  3.37901E+09  1.74532E+10  2.28436E+10  4.35682E+10  1.63082E+09  1.50818E+10  1.96527E+10  1.54041E+10
 0.450 120.750   6.383  5.86358E+11  3.03407E+10  2.43578E+10  3.24859E+10  5.31660E+11  4.06709E+09  1.90849E+10  2.52835E+10  5.55944E+10  3.55641E+09  1.87670E+10  2.48454E+10  4.58471E+10  2.33719E+09  1.76190E+10  2.32731E+10  2.78074E+10
 0.460 125.500   5.452  6.18838E+11  3.30505E+10  2.54062E+10  3.41164E+10  5.60381E+11  3.92159E+09  2.01837E+10  2.69455E+10  5.74853E+10  3.49783E+09  1.95984E+10  2.61374E+10  4.51393E+10  2.25798E+09  1.81089E+10  2.41102E+10  2.32839E+10
 0.470 129.750   6.644  6.46042E+11  3.69189E+10  2.62248E+10  3.54328E+10  5.82899E+11  4.00886E+09  2.09520E+10  2.81770E+10  5.95605E+10  3.45004E+09  2.03769E+10  2.73803E+10  4.57092E+10  2.41957E+09  1.93969E+10  2.60345E+10  2.92507E+10
 0.480 134.250   6.318  6.75059E+11  4.09366E+10  2.69948E+10  3.66554E+10  6.07128E+11  4.67526E+09  2.17640E+10  2.94397E+10  6.25668E+10  3.96331E+09  2.12138E+10  2.86729E+10  4.68889E+10  2.80635E+09  2.00354E+10  2.70473E+10  2.85970E+10
 0.490 138.250   6.534  6.99349E+11  4.44198E+10  2.81916E+10  3.83438E+10  6.26738E+11  4.59579E+09  2.27442E+10  3.08432E+10  6.42181E+10  3.64743E+09  2.21121E+10  2.99598E+10  4.66604E+10  2.58804E+09  2.09654E+10  2.83896E+10  2.96444E+10
 0.500 142.250   2.552  7.25860E+11  4.81944E+10  3.03037E+10  4.11436E+10  6.47362E+11  3.62686E+09  2.44321E+10  3.30761E+10  6.58566E+10  2.87343E+09  2.37822E+10  3.21670E+10  4.71552E+10  1.64896E+09  1.85021E+10  2.50265E+10  1.05801E+10
 0.510 146.250   2.073  7.48244E+11  5.25193E+10  3.17427E+10  4.32833E+10  6.63982E+11  2.81144E+09  2.56170E+10  3.48648E+10  6.75580E+10  1.96920E+09  2.48759E+10  3.38264E+10  4.71010E+10  5.97716E+08  1.83482E+10  2.49310E+10  8.35673E+09
 0.520 149.250   8.912  7.57192E+11  5.32616E+10  3.22316E+10  4.42000E+10  6.71698E+11  4.37683E+09  2.59915E+10  3.56095E+10  6.99830E+10  3.01164E+09  2.52418E+10  3.45572E+10  4.82885E+10  2.59840E+09  2.49921E+10  3.42074E+10  4.31051E+10
 0.530 151.750  11.624  7.59980E+11  5.22803E+10  3.31643E+10  4.56056E+10  6.74536E+11  6.76933E+09  2.65915E+10  3.65901E+10  7.26279E+10  4.74741E+09  2.56914E+10  3.53376E+10  4.92039E+10  5.45001E+09  2.60753E+10  3.58679E+10  5.68868E+10
 0.540 154.250   7.535  7.60787E+11  5.08799E+10  3.44742E+10  4.74378E+10  6.75433E+11  8.59849E+09  2.76687E+10  3.80621E+10  7.50517E+10  6.62132E+09  2.67641E+10  3.67984E+10  4.98844E+10  4.97674E+09  2.60292E+10  3.57874E+10  3.76733E+10
 0.550 156.500   5.598  7.57357E+11  4.74111E+10  3.77262E+10  5.15110E+10  6.72220E+11  1.00282E+10  3.08941E+10  4.20799E+10  8.05272E+10  7.70506E+09  2.99895E+10  4.08170E+10  5.35731E+10  5.08597E+09  2.80086E+10  3.81295E+10  2.94373E+10
 0.560 158.500   4.922  7.53128E+11  4.30804E+10  4.07642E+10  5.56056E+10  6.69284E+11  7.32546E+09  3.38736E+10  4.60360E+10  8.22108E+10  5.35663E+09  3.29577E+10  4.47533E+10  5.37474E+10  3.01372E+09  2.99876E+10  4.07325E+10  2.56374E+10
