  45
 0.120          989 -0.22716E-01  0.13097E-01  0.90045E-02  0.41092E+02  0.94168E+01  0.36257E+01  0.10580E+00 -0.52373E+00 -0.84529E+00   0.825   0.500
 0.130        17977 -0.20839E-01  0.29264E-01 -0.13745E-01  0.21456E+02  0.12041E+01 -0.28042E+02 -0.42550E-01 -0.43305E+00  0.90036E+00   1.000   0.559
 0.140        22197  0.17893E-01 -0.57256E-02 -0.66799E-02  0.21225E+02 -0.11273E+02 -0.47923E+02 -0.96324E+00  0.21856E+00 -0.15620E+00   1.065   0.896
 0.150         5253 -0.76670E-02  0.15334E-01 -0.13801E-01  0.17098E+02 -0.20873E+02 -0.13894E+02 -0.15035E+00  0.60322E+00  0.78328E+00   1.439   0.666
 0.160        40454 -0.76403E-02 -0.60031E-02  0.10915E-01 -0.82552E+01 -0.47742E+02  0.95194E+01 -0.54854E+00 -0.60539E-01  0.83393E+00   1.698   0.818
 0.170         1672 -0.13928E-01 -0.20892E-01  0.22633E-01 -0.10847E+02  0.79582E+01  0.34900E+02 -0.32070E+00 -0.82681E+00  0.46210E+00   1.769   1.168
 0.180        85119  0.64562E-02  0.18446E-02  0.49190E-02 -0.81120E+01  0.41723E+02 -0.13741E+02 -0.98900E+00  0.60168E-01 -0.13512E+00   1.618   0.932
 0.190       219347 -0.87422E-02  0.10361E-01  0.32378E-02 -0.10989E+02 -0.17844E+02 -0.11675E+01 -0.84773E+00  0.29449E+00  0.44117E+00   2.182   1.004
 0.200       221558  0.57989E-02  0.20467E-02 -0.34111E-02 -0.14449E+02 -0.40104E+01 -0.10347E+02 -0.26819E+00  0.95514E+00  0.12562E+00   2.471   1.359
 0.210       221507 -0.93130E-02  0.50147E-02  0.35819E-02 -0.12176E+02 -0.15667E+02  0.15721E+02 -0.43576E+00  0.89993E+00  0.15317E-01   2.865   1.277
 0.220        43156  0.63726E-02 -0.74972E-03  0.14245E-01  0.52731E+01 -0.79282E+01 -0.37662E+01 -0.60652E+00  0.76657E+00  0.21098E+00   3.787   1.494
 0.230       221515  0.62700E-02  0.12540E-01 -0.86213E-02 -0.10645E+02  0.30827E+02 -0.16172E+01 -0.58336E+00  0.79599E+00 -0.16150E+00   3.432   1.633
 0.240       615758  0.36840E-02  0.49120E-02  0.40934E-02  0.31220E+01  0.18312E+02  0.58769E+01 -0.90981E+00  0.14090E+00  0.39038E+00   3.477   2.291
 0.250       627272 -0.38391E-02  0.34125E-02  0.85313E-03 -0.93750E+02  0.13270E+02  0.76377E+02 -0.38742E+00 -0.88888E+00 -0.24454E+00   3.727   2.365
 0.260       700243  0.88631E-03 -0.88631E-03  0.17726E-02  0.28541E+02 -0.46212E+02  0.31812E+02  0.29434E-02  0.91319E+00 -0.40752E+00   1.944   0.500
 0.270       663271 -0.92035E-03  0.18407E-02  0.92035E-03  0.89977E+02  0.78459E+02  0.13792E+03  0.89201E+00  0.45201E+00  0.74289E-03   2.290   0.500
 0.280       669669 -0.95370E-03  0.95370E-03  0.19074E-02 -0.13022E+03 -0.79908E+02 -0.10355E+03  0.91036E+00  0.39697E+00  0.11686E+00   2.332   0.500
 0.290      1079112 -0.98822E-03  0.29647E-02  0.00000E+00 -0.69286E+02 -0.28609E+02  0.59477E+02  0.99309E+00 -0.39501E-02  0.11727E+00   1.815   0.500
 0.300       914110  0.10222E-02 -0.10222E-02 -0.10222E-02 -0.66290E+02 -0.21645E+03  0.96420E+02  0.20208E+00  0.96109E+00  0.18835E+00   4.028   1.044
 0.310       703994 -0.21137E-02 -0.31706E-02  0.00000E+00  0.13353E+03 -0.10654E+03  0.14231E+03  0.52862E+00  0.78729E+00  0.31739E+00   2.956   0.699
 0.320       696523 -0.10903E-02 -0.21806E-02  0.10903E-02  0.22471E+02 -0.22164E+03  0.65475E+02  0.48205E+00  0.83498E+00  0.26540E+00   4.154   1.500
 0.330       805757  0.22482E-02  0.11241E-02  0.11241E-02  0.64332E+02  0.16850E+03  0.19566E+03  0.61278E+00  0.67256E+00  0.41492E+00   4.507   1.190
 0.340       465035  0.00000E+00 -0.34745E-02  0.34745E-02  0.57882E+02 -0.17327E+03  0.66788E+02  0.49737E+00  0.81241E+00  0.30431E+00   4.750   1.117
 0.350       231174  0.11932E-02 -0.11932E-02  0.23864E-02  0.10978E+03  0.22085E+02 -0.19299E+03  0.73051E+00  0.62966E+00  0.26436E+00   4.816   1.164
 0.360      1068761  0.00000E+00  0.36798E-02 -0.12266E-02 -0.55671E+02  0.16742E+01  0.22665E+03  0.67515E+00  0.67645E+00  0.29427E+00   5.509   0.975
 0.370       730180  0.12611E-02 -0.25221E-02  0.00000E+00  0.57650E+02 -0.76108E+02 -0.15796E+03  0.61401E+00  0.72270E+00  0.31734E+00   5.509   0.840
 0.380      1011446 -0.19422E-02  0.12948E-02 -0.25896E-02  0.32344E+03  0.14009E+03  0.15218E+03  0.68109E+00  0.62931E+00  0.37429E+00   5.318   1.282
 0.390       688358  0.19926E-02  0.26569E-02  0.26569E-02  0.23159E+03 -0.87527E+02  0.27668E+03  0.82990E+00  0.43896E+00  0.34435E+00   4.957   1.307
 0.400      1320225 -0.13635E-02  0.13635E-02 -0.13635E-02 -0.25708E+03 -0.51139E+02 -0.70066E+02  0.74468E+00  0.57572E+00  0.33764E+00   5.132   1.467
 0.410       618533 -0.13977E-02  0.00000E+00  0.13977E-02  0.21511E+03  0.94246E+02 -0.78783E+02  0.90132E+00  0.41019E+00  0.13919E+00   5.844   1.608
 0.420      1707757  0.35819E-02 -0.42982E-02  0.00000E+00  0.12246E+03 -0.34270E+01  0.50258E+02  0.95187E+00 -0.13523E+00 -0.27507E+00  10.542   3.046
 0.430      1277048 -0.29323E-02  0.29323E-02  0.00000E+00 -0.31070E+01 -0.15557E+03  0.23968E+03  0.85103E+00  0.51693E+00  0.92350E-01   4.097   1.444
 0.440       746309 -0.29988E-02  0.00000E+00  0.00000E+00 -0.34479E+03  0.19879E+02 -0.21156E+03  0.55650E+00  0.78440E+00  0.27393E+00   4.014   0.745
 0.450       740288  0.00000E+00 -0.15340E-02  0.00000E+00 -0.56834E+03  0.73831E+02  0.62971E+01  0.27022E+00  0.92377E+00  0.27135E+00   6.383   1.216
 0.460       514406 -0.15684E-02 -0.15684E-02  0.15684E-02  0.16240E+03 -0.22508E+03  0.19591E+03  0.20508E+00  0.91624E+00  0.34416E+00   5.452   0.960
 0.470       975713  0.00000E+00  0.00000E+00 -0.16030E-02 -0.13446E+03 -0.18304E+03 -0.19092E+03  0.28228E+00  0.92899E+00  0.23934E+00   6.644   1.331
 0.480      2698066  0.00000E+00 -0.16376E-02  0.00000E+00 -0.16551E+03 -0.30414E+02  0.33721E+03  0.34514E+00  0.92770E+00  0.14230E+00   6.318   1.505
 0.490      1231144  0.00000E+00  0.16704E-02  0.00000E+00  0.31176E+02  0.12576E+03 -0.25136E+03  0.29112E+00  0.95600E+00  0.36266E-01   6.534   1.682
 0.500       647103  0.00000E+00  0.17045E-02 -0.17045E-02  0.11537E+03  0.16456E+03 -0.62628E+03  0.33012E+00  0.92739E+00 -0.17597E+00   2.552   0.500
 0.510       627427  0.00000E+00  0.17399E-02  0.17399E-02 -0.17599E+03 -0.24938E+02  0.13648E+03  0.38649E+00  0.91582E+00  0.10907E+00   2.073   0.500
 0.520      3119632  0.17726E-02 -0.17726E-02  0.00000E+00  0.10476E+03  0.19321E+03 -0.63361E+03 -0.77894E+00  0.62597E+00 -0.37612E-01   8.912   2.239
 0.530       224255  0.00000E+00  0.18075E-02  0.00000E+00  0.40248E+02  0.16421E+03  0.64218E+03 -0.67955E+00  0.72042E+00 -0.13859E+00  11.624   5.258
 0.540      1035323  0.18403E-02  0.18403E-02 -0.36806E-02 -0.44003E+02  0.68427E+02 -0.55489E+03 -0.53513E+00  0.83971E+00 -0.92311E-01   7.535   2.026
 0.550       576054 -0.18743E-02 -0.18743E-02 -0.18743E-02  0.10829E+03 -0.24780E+03 -0.25123E+03  0.53742E-02  0.99675E+00 -0.80322E-01   5.598   1.184
 0.560       666136 -0.19098E-02 -0.19098E-02 -0.19098E-02  0.30102E+03 -0.25900E+02 -0.32913E+03  0.69959E-01  0.99369E+00  0.87690E-01   4.922   0.999
