  45
 0.120  5.50000E+00  2.60288E+09  4.51108E+01
 0.130  7.25000E+00  4.69753E+09  5.27837E+01
 0.140  8.50000E+00  6.36546E+09  5.67466E+01
 0.150  1.07500E+01  1.03202E+10  6.42501E+01
 0.160  1.25000E+01  1.29884E+10  6.68431E+01
 0.170  1.52500E+01  1.93384E+10  7.38431E+01
 0.180  1.72500E+01  2.38006E+10  7.70254E+01
 0.190  1.87500E+01  2.56814E+10  7.67437E+01
 0.200  2.02500E+01  2.79310E+10  7.70131E+01
 0.210  2.27500E+01  3.36561E+10  7.97582E+01
 0.220  2.77500E+01  5.43335E+10  9.17565E+01
 0.230  3.37500E+01  8.25392E+10  1.02548E+02
 0.240  3.70000E+01  9.99467E+10  1.07775E+02
 0.250  3.97500E+01  1.08932E+11  1.08553E+02
 0.260  4.25000E+01  1.15867E+11  1.08273E+02
 0.270  4.37500E+01  1.13849E+11  1.05781E+02
 0.280  4.57500E+01  1.14144E+11  1.03578E+02
 0.290  4.75000E+01  1.16814E+11  1.02834E+02
 0.300  4.97500E+01  1.19042E+11  1.01435E+02
 0.310  5.17500E+01  1.23301E+11  1.01219E+02
 0.320  5.37500E+01  1.27372E+11  1.00944E+02
 0.330  5.52500E+01  1.30616E+11  1.00825E+02
 0.340  5.75000E+01  1.35135E+11  1.00527E+02
 0.350  5.95000E+01  1.38035E+11  9.98780E+01
 0.360  6.35000E+01  1.55263E+11  1.02537E+02
 0.370  7.22500E+01  2.09946E+11  1.11781E+02
 0.380  7.67500E+01  2.33201E+11  1.14304E+02
 0.390  8.27500E+01  2.75140E+11  1.19571E+02
 0.400  9.12500E+01  3.49216E+11  1.28282E+02
 0.410  9.62500E+01  3.82431E+11  1.30710E+02
 0.420  1.02000E+02  4.20457E+11  1.33136E+02
 0.430  1.08750E+02  4.84913E+11  1.38469E+02
 0.440  1.16000E+02  5.50158E+11  1.42807E+02
 0.450  1.20750E+02  5.86358E+11  1.44501E+02
 0.460  1.25500E+02  6.18838E+11  1.45613E+02
 0.470  1.29750E+02  6.46042E+11  1.46322E+02
 0.480  1.34250E+02  6.75059E+11  1.47044E+02
 0.490  1.38250E+02  6.99349E+11  1.47485E+02
 0.500  1.42250E+02  7.25860E+11  1.48127E+02
 0.510  1.46250E+02  7.48244E+11  1.48323E+02
 0.520  1.49250E+02  7.57192E+11  1.47700E+02
 0.530  1.51750E+02  7.59980E+11  1.46748E+02
 0.540  1.54250E+02  7.60787E+11  1.45631E+02
 0.550  1.56500E+02  7.57357E+11  1.44254E+02
 0.560  1.58500E+02  7.53128E+11  1.42940E+02
