  45
 0.120   0.825  1.03485E-02  5.87210E-03  2.14786E-02
 0.130   1.000  1.41565E-02  1.72777E-02  9.37460E-03
 0.140   1.065  1.17229E-02  9.54437E-03  1.46830E-02
 0.150   1.439  1.00915E-01  9.73911E-02  7.90418E-02
 0.160   1.698  2.25439E-01  2.52072E-01  1.75467E-01
 0.170   1.769  2.85170E-01  2.40647E-01  3.41781E-01
 0.180   1.618  3.42776E-01  4.09197E-01  2.59455E-01
 0.190   2.182  3.06724E-01  1.75740E-01  7.16371E-01
 0.200   2.471  7.39015E-02  8.49056E-02  6.90596E-02
 0.210   2.865  5.71373E-01  6.02669E-01  5.00423E-01
 0.220   3.787  6.46137E-01  6.51490E-01  5.89128E-01
 0.230   3.432  3.16178E+00  3.36488E+00  2.57855E+00
 0.240   3.477  1.98922E+00  1.82850E+00  2.27023E+00
 0.250   3.727  4.63797E+00  4.80101E+00  3.72889E+00
 0.260   1.944  4.98859E+00  5.04503E+00  4.56105E+00
 0.270   2.290  6.53611E+00  6.16975E+00  6.96210E+00
 0.280   2.332  4.48465E+00  4.56381E+00  4.75960E+00
 0.290   1.815  7.02999E+00  6.43389E+00  7.42080E+00
 0.300   4.028  4.42902E+00  4.28580E+00  4.46238E+00
 0.310   2.956  3.03986E+00  3.08253E+00  3.07906E+00
 0.320   4.154  3.01849E+00  3.03985E+00  2.96382E+00
 0.330   4.507  3.14566E+00  3.11771E+00  3.08159E+00
 0.340   4.750  2.70953E+00  2.73635E+00  2.94052E+00
 0.350   4.816  1.75774E+00  1.74702E+00  1.84999E+00
 0.360   5.509  2.04996E+00  1.98236E+00  2.34125E+00
 0.370   5.509  1.54676E+00  1.51157E+00  1.56470E+00
 0.380   5.318  1.74961E+00  1.85087E+00  1.52348E+00
 0.390   4.957  2.51506E+00  2.48117E+00  2.39460E+00
 0.400   5.132  2.38514E+00  2.30166E+00  2.81986E+00
 0.410   5.844  1.74260E+00  1.71246E+00  1.80719E+00
 0.420  10.542  5.79177E+00  5.92662E+00  4.55638E+00
 0.430   4.097  2.95716E+01  3.12154E+01  2.39846E+01
 0.440   4.014  1.94446E+01  1.82914E+01  2.27519E+01
 0.450   6.383  9.19166E+00  8.99427E+00  9.46496E+00
 0.460   5.452  8.38556E+00  8.52927E+00  8.03571E+00
 0.470   6.644  7.25920E+00  7.41242E+00  6.55336E+00
 0.480   6.318  7.37931E+00  7.63241E+00  6.69211E+00
 0.490   6.534  7.67339E+00  7.41764E+00  8.25854E+00
 0.500   2.552  1.43062E+01  1.44195E+01  1.37708E+01
 0.510   2.073  5.53629E+00  5.24680E+00  6.28869E+00
 0.520   8.912  3.53532E+00  3.49983E+00  3.69357E+00
 0.530  11.624  5.09013E+00  5.00534E+00  5.09735E+00
 0.540   7.535  9.02144E+00  9.04322E+00  9.09337E+00
 0.550   5.598  2.69611E+01  2.71957E+01  2.41722E+01
 0.560   4.922  1.81753E+01  1.64511E+01  2.05825E+01
