  45
 0.120   0.825  1.01607E+07  1.23616E+07  9.98391E+06  2.66215E+02  0.00000E+00  0.00000E+00  0.00000E+00  1.01607E+07  1.23616E+07  9.98391E+06
 0.130   1.000  1.36201E+07  1.67215E+07  1.33453E+07  3.26872E+02  3.44559E+06  4.24142E+06  3.38195E+06  1.01745E+07  1.24800E+07  9.96339E+06
 0.140   1.065  1.28767E+07  1.59387E+07  1.25787E+07  3.92934E+02  2.90872E+06  3.62626E+06  2.84124E+06  9.96800E+06  1.23125E+07  9.73741E+06
 0.150   1.439  3.08811E+07  3.77037E+07  3.02965E+07  3.57048E+02  1.28472E+07  1.60502E+07  1.25839E+07  1.80339E+07  2.16535E+07  1.77126E+07
 0.160   1.698  5.45956E+07  6.59342E+07  5.37368E+07  3.26767E+02  2.08544E+07  2.62019E+07  2.04009E+07  3.37412E+07  3.97323E+07  3.33360E+07
 0.170   1.769  8.19769E+07  9.88136E+07  8.09498E+07  2.91987E+02  2.07624E+07  2.63158E+07  2.02586E+07  6.12145E+07  7.24978E+07  6.06912E+07
 0.180   1.618  1.02469E+08  1.24422E+08  1.01087E+08  3.37174E+02  2.80346E+07  3.55433E+07  2.73706E+07  7.44348E+07  8.88789E+07  7.37167E+07
 0.190   2.182  1.69974E+08  2.05867E+08  1.68267E+08  2.85068E+02  2.79292E+07  3.56357E+07  2.72311E+07  1.42045E+08  1.70231E+08  1.41036E+08
 0.200   2.471  2.52663E+08  3.16178E+08  2.49160E+08  4.19044E+02  1.02996E+08  1.30630E+08  1.01044E+08  1.49667E+08  1.85548E+08  1.48116E+08
 0.210   2.865  3.12418E+08  3.90798E+08  3.07858E+08  4.63299E+02  1.18322E+08  1.51828E+08  1.15771E+08  1.94097E+08  2.38970E+08  1.92088E+08
 0.220   3.787  4.23867E+08  5.32988E+08  4.17280E+08  5.16642E+02  1.70266E+08  2.19724E+08  1.66358E+08  2.53601E+08  3.13264E+08  2.50922E+08
 0.230   3.432  9.87942E+08  1.22453E+09  9.75301E+08  4.63969E+02  4.82768E+08  6.21976E+08  4.73649E+08  5.05175E+08  6.02552E+08  5.01652E+08
 0.240   3.477  1.05771E+09  1.31380E+09  1.04502E+09  4.60879E+02  3.43600E+08  4.48178E+08  3.35539E+08  7.14110E+08  8.65626E+08  7.09481E+08
 0.250   3.727  1.54256E+09  1.91347E+09  1.52526E+09  4.61157E+02  4.70081E+08  6.13238E+08  4.59456E+08  1.07248E+09  1.30024E+09  1.06580E+09
 0.260   1.944  1.51881E+09  1.86507E+09  1.50463E+09  4.09961E+02  2.36184E+08  3.11505E+08  2.29488E+08  1.28262E+09  1.55357E+09  1.27514E+09
 0.270   2.290  2.49276E+09  3.07183E+09  2.47135E+09  4.07837E+02  3.42355E+08  4.51662E+08  3.32856E+08  2.15041E+09  2.62016E+09  2.13850E+09
 0.280   2.332  3.03239E+09  3.78871E+09  3.00454E+09  4.61256E+02  3.75523E+08  4.97431E+08  3.64580E+08  2.65687E+09  3.29127E+09  2.63996E+09
 0.290   1.815  3.66482E+09  4.58824E+09  3.63166E+09  4.80333E+02  3.30964E+08  4.41642E+08  3.20112E+08  3.33385E+09  4.14660E+09  3.31155E+09
 0.300   4.028  4.90143E+09  6.26491E+09  4.84133E+09  6.44879E+02  8.80403E+08  1.17477E+09  8.53701E+08  4.02103E+09  5.09014E+09  3.98763E+09
 0.310   2.956  4.89502E+09  6.31023E+09  4.83362E+09  6.97723E+02  6.11578E+08  8.20606E+08  5.91142E+08  4.28344E+09  5.48963E+09  4.24248E+09
 0.320   4.154  5.50006E+09  7.16436E+09  5.41907E+09  8.26479E+02  8.72692E+08  1.17418E+09  8.42936E+08  4.62737E+09  5.99018E+09  4.57613E+09
 0.330   4.507  5.86361E+09  7.68967E+09  5.76874E+09  9.27938E+02  9.39409E+08  1.26970E+09  9.05325E+08  4.92420E+09  6.41997E+09  4.86342E+09
 0.340   4.750  6.23084E+09  8.21520E+09  6.12292E+09  1.02028E+03  9.68725E+08  1.31524E+09  9.31277E+08  5.26212E+09  6.89995E+09  5.19164E+09
 0.350   4.816  6.44029E+09  8.56150E+09  6.31847E+09  1.14268E+03  1.00669E+09  1.37173E+09  9.65515E+08  5.43361E+09  7.18977E+09  5.35296E+09
 0.360   5.509  6.79234E+09  9.06640E+09  6.65585E+09  1.24270E+03  1.07949E+09  1.47475E+09  1.03341E+09  5.71285E+09  7.59165E+09  5.62244E+09
 0.370   5.509  6.95098E+09  9.33858E+09  6.80155E+09  1.36456E+03  1.09728E+09  1.50350E+09  1.04822E+09  5.85370E+09  7.83508E+09  5.75334E+09
 0.380   5.318  7.05772E+09  9.52832E+09  6.89795E+09  1.47744E+03  1.06890E+09  1.46858E+09  1.01892E+09  5.98881E+09  8.05974E+09  5.87904E+09
 0.390   4.957  7.23381E+09  9.78894E+09  7.06409E+09  1.57219E+03  1.05164E+09  1.44658E+09  1.00071E+09  6.18217E+09  8.34236E+09  6.06338E+09
 0.400   5.132  7.72940E+09  1.04507E+10  7.54683E+09  1.62530E+03  1.05882E+09  1.46048E+09  1.00518E+09  6.67058E+09  8.99027E+09  6.54164E+09
 0.410   5.844  8.03840E+09  1.09260E+10  7.83786E+09  1.74682E+03  1.15332E+09  1.59423E+09  1.09310E+09  6.88508E+09  9.33174E+09  6.74476E+09
 0.420  10.542  1.03998E+10  1.41554E+10  1.01211E+10  1.88144E+03  3.05746E+09  4.22272E+09  2.93072E+09  7.34231E+09  9.93263E+09  7.19037E+09
 0.430   4.097  1.05674E+10  1.38821E+10  1.03504E+10  1.52108E+03  1.10987E+09  1.53523E+09  1.05083E+09  9.45754E+09  1.23468E+10  9.29954E+09
 0.440   4.014  1.50818E+10  1.96527E+10  1.48247E+10  1.31535E+03  2.13630E+09  2.92962E+09  2.05297E+09  1.29455E+10  1.67231E+10  1.27718E+10
 0.450   6.383  1.76190E+10  2.32731E+10  1.73060E+10  1.39987E+03  3.18374E+09  4.36637E+09  3.06545E+09  1.44353E+10  1.89067E+10  1.42406E+10
 0.460   5.452  1.81089E+10  2.41102E+10  1.77815E+10  1.47237E+03  2.81113E+09  3.88203E+09  2.69791E+09  1.52978E+10  2.02282E+10  1.50836E+10
 0.470   6.644  1.93969E+10  2.60345E+10  1.90248E+10  1.58630E+03  3.32838E+09  4.60672E+09  3.19476E+09  1.60685E+10  2.14278E+10  1.58301E+10
 0.480   6.318  2.00354E+10  2.70473E+10  1.96338E+10  1.68719E+03  3.31452E+09  4.60496E+09  3.17616E+09  1.67209E+10  2.24423E+10  1.64576E+10
 0.490   6.534  2.09654E+10  2.83896E+10  2.05341E+10  1.76603E+03  3.35873E+09  4.68134E+09  3.21304E+09  1.76067E+10  2.37082E+10  1.73211E+10
 0.500   2.552  1.85021E+10  2.50265E+10  1.81294E+10  1.79420E+03  1.51988E+09  2.12901E+09  1.43901E+09  1.69822E+10  2.28975E+10  1.66904E+10
 0.510   2.073  1.83482E+10  2.49310E+10  1.79726E+10  1.86749E+03  1.27566E+09  1.78510E+09  1.20473E+09  1.70726E+10  2.31459E+10  1.67679E+10
 0.520   8.912  2.49921E+10  3.42074E+10  2.44300E+10  2.02451E+03  4.56951E+09  6.37219E+09  4.37302E+09  2.04226E+10  2.78352E+10  2.00570E+10
 0.530  11.624  2.60753E+10  3.58679E+10  2.54470E+10  2.17598E+03  5.15706E+09  7.22609E+09  4.92711E+09  2.09183E+10  2.86418E+10  2.05199E+10
 0.540   7.535  2.60292E+10  3.57874E+10  2.54033E+10  2.20695E+03  4.21774E+09  5.92114E+09  4.02053E+09  2.18115E+10  2.98662E+10  2.13828E+10
 0.550   5.598  2.80086E+10  3.81295E+10  2.73692E+10  2.12824E+03  3.67102E+09  5.16456E+09  3.49047E+09  2.43375E+10  3.29650E+10  2.38787E+10
 0.560   4.922  2.99876E+10  4.07325E+10  2.93239E+10  2.09749E+03  3.40618E+09  4.79061E+09  3.23331E+09  2.65814E+10  3.59418E+10  2.60906E+10
