  25
 0.100   0.900   0.500  3.68448E+06  3.96174E+06  3.68135E+06  2.20583E+01  0.00000E+00  0.00000E+00  0.00000E+00  3.68448E+06  3.96174E+06  3.68135E+06
 0.110   1.000   0.521  4.85266E+06  5.53308E+06  4.82871E+06  8.88389E+01  5.70974E+05  6.89432E+05  5.63135E+05  4.28168E+06  4.84365E+06  4.26557E+06
 0.120   1.102   0.746  7.01262E+06  8.14710E+06  6.95980E+06  1.36481E+02  1.72166E+06  2.08651E+06  1.70159E+06  5.29096E+06  6.06059E+06  5.25821E+06
 0.130   1.668   1.018  1.03786E+07  1.24172E+07  1.02605E+07  2.10305E+02  3.49864E+06  4.31484E+06  3.43678E+06  6.88001E+06  8.10236E+06  6.82374E+06
 0.140   2.176   1.299  5.35611E+07  6.04505E+07  5.33458E+07  9.37396E+01  6.09959E+06  7.51800E+06  6.00556E+06  4.74615E+07  5.29325E+07  4.73403E+07
 0.150   2.634   1.650  1.02347E+08  1.17605E+08  1.01936E+08  1.07368E+02  8.21309E+06  1.01486E+07  8.07649E+06  9.41339E+07  1.07457E+08  9.38594E+07
 0.160   2.546   0.953  1.64312E+08  1.95265E+08  1.62723E+08  2.27563E+02  6.04650E+07  7.52651E+07  5.93565E+07  1.03847E+08  1.20000E+08  1.03366E+08
 0.170   3.294   1.798  5.86000E+08  6.73646E+08  5.83845E+08  1.16097E+02  4.89789E+07  6.11542E+07  4.81612E+07  5.37021E+08  6.12492E+08  5.35683E+08
 0.180   2.506   0.684  1.22722E+09  1.40632E+09  1.22353E+09  1.08781E+02  4.64346E+07  5.79373E+07  4.56890E+07  1.18078E+09  1.34838E+09  1.17784E+09
 0.190   1.958   0.500  2.07784E+09  2.42586E+09  2.07033E+09  1.38906E+02  6.74182E+07  8.40906E+07  6.64718E+07  2.01042E+09  2.34177E+09  2.00386E+09
 0.200   2.513   0.805  1.59910E+09  1.90278E+09  1.59139E+09  1.88059E+02  9.67903E+07  1.21532E+08  9.55408E+07  1.50231E+09  1.78125E+09  1.49585E+09
 0.210   1.730   0.500  3.54598E+09  4.26968E+09  3.52755E+09  2.17777E+02  6.51324E+07  8.30066E+07  6.39980E+07  3.48085E+09  4.18668E+09  3.46355E+09
 0.220   3.513   0.689  4.34518E+09  5.36149E+09  4.31432E+09  3.01503E+02  2.37596E+08  2.98012E+08  2.34900E+08  4.10759E+09  5.06348E+09  4.07942E+09
 0.230   4.000   1.237  4.59044E+09  5.77019E+09  4.54688E+09  4.04454E+02  3.23343E+08  4.13847E+08  3.18562E+08  4.26709E+09  5.35634E+09  4.22832E+09
 0.240   4.714   1.074  4.78310E+09  6.05948E+09  4.72929E+09  4.86943E+02  3.07159E+08  3.98729E+08  3.01450E+08  4.47594E+09  5.66075E+09  4.42784E+09
 0.250   5.040   0.920  5.09982E+09  6.45672E+09  5.03878E+09  5.32028E+02  3.08244E+08  4.02495E+08  3.01932E+08  4.79158E+09  6.05423E+09  4.73685E+09
 0.260   5.175   1.238  5.54221E+09  7.08534E+09  5.46802E+09  6.10874E+02  3.80896E+08  4.97352E+08  3.72809E+08  5.16131E+09  6.58799E+09  5.09521E+09
 0.270   6.498   1.355  6.68997E+09  8.55591E+09  6.59951E+09  6.41169E+02  5.69374E+08  7.38922E+08  5.58675E+08  6.12060E+09  7.81699E+09  6.04084E+09
 0.280   6.608   1.093  6.84520E+09  8.83015E+09  6.74429E+09  7.25603E+02  5.35707E+08  7.02013E+08  5.24416E+08  6.30949E+09  8.12814E+09  6.21988E+09
 0.290   7.754   1.389  7.33352E+09  9.55610E+09  7.21588E+09  8.19113E+02  6.87766E+08  9.04830E+08  6.72884E+08  6.64575E+09  8.65127E+09  6.54300E+09
 0.300   8.056   1.507  7.61999E+09  9.98062E+09  7.48944E+09  9.04850E+02  7.34555E+08  9.74463E+08  7.17132E+08  6.88543E+09  9.00616E+09  6.77231E+09
 0.310   8.550   2.080  7.65584E+09  1.00807E+10  7.51685E+09  9.86103E+02  8.31349E+08  1.10738E+09  8.10464E+08  6.82449E+09  8.97327E+09  6.70639E+09
 0.320   8.816   2.109  7.43087E+09  9.82686E+09  7.28836E+09  1.06604E+03  8.32244E+08  1.11179E+09  8.10048E+08  6.59863E+09  8.71507E+09  6.47831E+09
 0.330   9.316   1.674  7.28420E+09  9.65403E+09  7.13567E+09  1.13816E+03  8.46609E+08  1.13029E+09  8.24205E+08  6.43759E+09  8.52373E+09  6.31146E+09
 0.340  10.055   2.815  7.71078E+09  1.02563E+10  7.54445E+09  1.21542E+03  9.75041E+08  1.31128E+09  9.47052E+08  6.73574E+09  8.94506E+09  6.59740E+09
