  25
 0.100   6.000   0.900  5.88947E+09  6.67332E+08  6.04143E+07  6.80605E+07  5.16172E+09  4.46456E+07  1.97069E+07  2.16919E+07  2.49165E+08  1.15533E+09  6.44982E+07  7.26285E+07  6.97106E+09  8.19941E+07  2.64533E+07  2.91938E+07  4.78544E+08
 0.110   7.500   1.000  8.51918E+09  8.39711E+08  1.06157E+08  1.24290E+08  7.57331E+09  1.81000E+07  3.15218E+07  3.69432E+07  3.61735E+08  1.19440E+09  1.09333E+08  1.27957E+08  9.17680E+09  3.05431E+07  4.37963E+07  5.12974E+07  5.80222E+08
 0.120   9.000   1.102  1.16996E+10  1.11123E+09  1.35266E+08  1.61457E+08  1.04531E+10  9.34417E+07  5.24967E+07  6.27108E+07  6.23537E+08  1.28963E+09  1.36571E+08  1.63020E+08  1.15461E+10  1.21122E+08  6.29100E+07  7.50754E+07  8.78772E+08
 0.130  13.000   1.668  2.86998E+10  3.42514E+09  2.99215E+08  3.54507E+08  2.49754E+10  6.64851E+07  1.04437E+08  1.24746E+08  9.79203E+08  2.49200E+09  2.84929E+08  3.37466E+08  1.99232E+10  1.08180E+08  1.20596E+08  1.44274E+08  1.46240E+09
 0.140  17.750   2.176  5.72516E+10  6.00110E+09  9.93880E+08  1.16202E+09  5.02566E+10  3.04910E+08  3.50824E+08  4.05485E+08  2.17307E+09  3.64190E+09  9.57118E+08  1.11762E+09  3.35188E+10  4.30388E+08  3.81499E+08  4.41110E+08  2.99140E+09
 0.150  21.000   2.634  7.58056E+10  7.74120E+09  1.51352E+09  1.80363E+09  6.65509E+10  3.72486E+08  5.89513E+08  7.00973E+08  3.50511E+09  3.68889E+09  1.39718E+09  1.66198E+09  3.44887E+10  5.80139E+08  6.70142E+08  7.95638E+08  4.83674E+09
 0.160  25.000   2.546  1.05144E+11  1.04651E+10  2.36703E+09  2.82642E+09  9.23117E+10  1.06011E+09  1.25859E+09  1.49117E+09  5.75982E+09  5.28871E+09  2.08192E+09  2.47372E+09  3.59590E+10  1.07748E+09  1.26733E+09  1.50162E+09  5.88536E+09
 0.170  28.250   3.294  1.28296E+11  1.18353E+10  3.67510E+09  4.40389E+09  1.12786E+11  1.24526E+09  1.95084E+09  2.33850E+09  7.85050E+09  5.98951E+09  3.35016E+09  4.00563E+09  4.39636E+10  1.74978E+09  2.16581E+09  2.58930E+09  9.65651E+09
 0.180  31.750   2.506  1.51639E+11  1.19626E+10  5.44064E+09  6.54267E+09  1.34236E+11  1.91447E+09  3.70898E+09  4.41042E+09  9.07654E+09  4.95385E+09  4.88080E+09  5.84603E+09  3.89633E+10  1.63869E+09  3.38186E+09  4.01762E+09  6.78209E+09
 0.190  35.250   1.958  1.76847E+11  1.15361E+10  7.33077E+09  8.93352E+09  1.57981E+11  1.98783E+09  5.45158E+09  6.58432E+09  1.27330E+10  4.22073E+09  6.53734E+09  7.93693E+09  4.43725E+10  1.54360E+09  4.56446E+09  5.48860E+09  6.19763E+09
 0.200  37.750   2.513  1.85997E+11  1.03451E+10  9.29624E+09  1.14241E+10  1.66356E+11  2.20694E+09  7.36232E+09  8.99536E+09  1.41102E+10  4.51728E+09  8.64101E+09  1.05981E+10  4.92065E+10  1.48096E+09  6.67051E+09  8.13465E+09  8.60198E+09
 0.210  40.250   1.730  1.94745E+11  9.10970E+09  1.10275E+10  1.36947E+10  1.74608E+11  1.32901E+09  9.09706E+09  1.12424E+10  1.63762E+10  2.78261E+09  1.01603E+10  1.25895E+10  4.77373E+10  9.55332E+08  7.54219E+09  9.28764E+09  5.92011E+09
 0.220  43.000   3.513  2.05797E+11  9.08899E+09  1.16642E+10  1.47283E+10  1.85044E+11  8.67438E+08  9.78834E+09  1.23166E+10  1.70906E+10  1.80673E+09  1.08406E+10  1.36684E+10  4.67708E+10  7.17350E+08  9.46125E+09  1.18971E+10  1.32998E+10
 0.230  45.750   4.000  2.15306E+11  1.02486E+10  1.19552E+10  1.53000E+10  1.93102E+11  7.92002E+08  1.01343E+10  1.29376E+10  1.84527E+10  2.13333E+09  1.10449E+10  1.41177E+10  4.63347E+10  6.77616E+08  9.94030E+09  1.26862E+10  1.56823E+10
 0.240  49.000   4.714  2.33048E+11  1.14519E+10  1.24548E+10  1.60551E+10  2.09141E+11  1.82654E+09  1.06830E+10  1.37532E+10  2.14961E+10  3.94125E+09  1.16401E+10  1.49937E+10  5.00019E+10  1.73194E+09  1.06193E+10  1.36709E+10  2.04721E+10
 0.250  52.500   5.040  2.54965E+11  1.30735E+10  1.35605E+10  1.75273E+10  2.28331E+11  2.44767E+09  1.17253E+10  1.51473E+10  2.46947E+10  4.23645E+09  1.26694E+10  1.63650E+10  5.20971E+10  2.32809E+09  1.16359E+10  1.50352E+10  2.34702E+10
 0.260  55.250   5.175  2.65270E+11  1.36026E+10  1.42218E+10  1.85022E+10  2.37446E+11  2.87597E+09  1.23149E+10  1.60176E+10  2.73887E+10  4.43145E+09  1.32626E+10  1.72430E+10  5.42655E+10  2.69617E+09  1.21481E+10  1.58061E+10  2.52533E+10
 0.270  57.250   6.498  2.64276E+11  1.33150E+10  1.52594E+10  1.99038E+10  2.35702E+11  1.78254E+09  1.33096E+10  1.73540E+10  2.77102E+10  3.52954E+09  1.43186E+10  1.86625E+10  5.35791E+10  2.20085E+09  1.36137E+10  1.77433E+10  3.23625E+10
 0.280  59.750   6.608  2.70347E+11  1.35739E+10  1.58168E+10  2.07637E+10  2.40957E+11  1.88123E+09  1.38289E+10  1.81575E+10  2.88535E+10  3.41793E+09  1.47842E+10  1.93993E+10  5.20398E+10  2.38071E+09  1.41020E+10  1.85049E+10  3.26161E+10
 0.290  62.500   7.754  2.78756E+11  1.40981E+10  1.60731E+10  2.12636E+10  2.48584E+11  1.64708E+09  1.41886E+10  1.87719E+10  3.07854E+10  3.07994E+09  1.50473E+10  1.98988E+10  5.20359E+10  2.20075E+09  1.46905E+10  1.94267E+10  3.97498E+10
 0.300  65.000   8.056  2.82753E+11  1.41442E+10  1.64975E+10  2.19220E+10  2.52112E+11  1.92091E+09  1.46531E+10  1.94812E+10  3.25958E+10  3.74092E+09  1.54986E+10  2.05874E+10  5.29809E+10  2.74107E+09  1.51573E+10  2.01390E+10  4.19194E+10
 0.310  67.500   8.550  2.89109E+11  1.42006E+10  1.69150E+10  2.25588E+10  2.57994E+11  1.92848E+09  1.49546E+10  1.99881E+10  3.43980E+10  4.26993E+09  1.58107E+10  2.11000E+10  5.36830E+10  3.34067E+09  1.55329E+10  2.07388E+10  4.52402E+10
 0.320  70.250   8.816  2.98067E+11  1.43347E+10  1.74700E+10  2.33662E+10  2.66262E+11  1.66777E+09  1.52585E+10  2.04839E+10  3.64284E+10  3.07661E+09  1.61157E+10  2.15982E+10  5.40686E+10  2.53141E+09  1.58613E+10  2.12677E+10  4.72876E+10
 0.330  73.250   9.316  3.09661E+11  1.44458E+10  1.78025E+10  2.38982E+10  2.77412E+11  2.42599E+09  1.57432E+10  2.11841E+10  3.90737E+10  4.65924E+09  1.65639E+10  2.22495E+10  5.51665E+10  4.16255E+09  1.64096E+10  2.20493E+10  5.11821E+10
 0.340  76.250  10.055  3.20098E+11  1.42298E+10  1.83704E+10  2.47014E+10  2.87498E+11  1.68201E+09  1.59014E+10  2.14845E+10  3.93482E+10  3.32136E+09  1.67296E+10  2.25555E+10  5.34405E+10  3.37655E+09  1.67461E+10  2.25767E+10  5.37541E+10
