  25
 0.100  3.95542E-02  1.29483E-01  2.55308E-03 -1.23726E+00 -1.06587E+01  4.19729E+00   0.900  8.19941E+07  9.91430E+07  2.64533E+07  0.00000E+00  4.78544E+08  3.93998E-01  5.73329E+01   7.759   7.511
 0.110  4.39074E-02 -2.75319E-02  1.74722E-02 -7.08558E-01  1.84034E+01  7.04504E+00   1.000  3.05431E+07  5.07336E+07  4.37963E+07  7.81949E+06  5.80222E+08  1.25721E-01  1.19624E+02   7.716   7.579
 0.120  1.45998E-01 -2.02532E-01 -6.02161E-02 -4.48908E+00  3.56019E+00 -3.14454E+00   1.102  1.21122E+08  1.27420E+08  6.29100E+07  1.94024E+07  8.78772E+08  1.49068E-01  1.83017E+02   7.638   7.559
 0.130  2.22963E-01 -1.90795E-01 -3.61647E-01 -1.65893E+01  1.49610E+01  1.19089E+01   1.668  1.08180E+08  1.47136E+08  1.20596E+08  3.43835E+07  1.46240E+09  3.52944E-01  1.98183E+02   7.762   7.704
 0.140  6.07619E-02  6.85864E-02 -2.17171E-02  1.19633E+01  5.96435E+00 -9.56516E+00   2.176  4.30388E+08  6.38233E+08  3.81499E+08  6.10554E+07  2.99140E+09  3.55739E+00  1.37023E+02   8.127   7.888
 0.150  3.14890E-01  1.64035E-01 -3.25837E-01 -1.41582E+01 -7.87138E+00  3.69198E+01   2.634  5.80139E+08  7.61526E+08  6.70142E+08  1.46795E+08  4.83674E+09  2.34708E+00  1.77894E+02   8.158   8.118
 0.160  6.92187E-02 -1.18371E-02  1.33061E-01 -1.00054E+01  6.13545E+00 -4.65982E+01   2.546  1.07748E+09  1.52334E+09  1.26733E+09  3.28501E+08  5.88536E+09  6.96397E+00  2.01821E+02   8.228   8.162
 0.170 -4.58174E-01  2.80657E-01  3.72418E-01  9.08489E+00 -1.41211E+01 -3.07616E+00   3.294  1.74978E+09  2.36328E+09  2.16581E+09  4.96881E+08  9.65651E+09  8.86969E+00  2.19596E+02   8.258   8.249
 0.180  3.10889E-02  3.63785E-02 -8.17399E-02  1.99277E+01  1.08553E+00 -3.30088E+01   2.506  1.63869E+09  2.90285E+09  3.38186E+09  4.96211E+08  6.78209E+09  1.76490E+01  2.08062E+02   8.410   8.341
 0.190  4.76828E-02 -3.60201E-02 -4.50080E-02  3.10738E+00  1.73612E+00 -6.47324E-01   1.958  1.54360E+09  2.84659E+09  4.56446E+09  5.01062E+08  6.19763E+09  1.68207E+01  2.37664E+02   8.556   8.448
 0.200  6.68555E-03  2.25361E-02 -1.90717E-02 -3.63415E+00 -3.22373E+00 -1.39033E+00   2.513  1.48096E+09  2.84524E+09  6.67051E+09  7.93212E+08  8.60198E+09  1.63402E+01  2.83695E+02   8.621   8.520
 0.210  1.06148E-02 -4.55473E-02 -2.00334E-02  7.05177E+00 -3.23544E+00 -1.58389E+00   1.730  9.55332E+08  2.24661E+09  7.54219E+09  5.53528E+08  5.92011E+09  1.38817E+01  3.28316E+02   8.726   8.596
 0.220 -5.68818E-02  1.13153E-01 -5.51095E-02  5.38289E-01 -9.94107E-01 -6.31718E+00   3.513  7.17350E+08  1.31700E+09  9.46125E+09  1.42697E+09  1.32998E+10  5.81368E+00  4.36289E+02   8.743   8.583
 0.230 -9.06085E-02  1.89047E-01 -5.83577E-02 -5.74820E+00  9.05039E-01 -5.11611E+00   4.000  6.77616E+08  9.73212E+08  9.94030E+09  1.57814E+09  1.56823E+10  3.69899E+00  5.45783E+02   8.643   8.597
 0.240  4.44606E-02  2.72817E-01 -8.95903E-02 -2.10206E-01  1.37664E+01  3.05357E+01   4.714  1.73194E+09  2.07812E+09  1.06193E+10  1.79926E+09  2.04721E+10  6.09850E+00  6.50334E+02   8.337   8.592
 0.250  2.25244E-01 -4.28618E-01 -4.62532E-01  1.17540E+00 -2.03830E+01 -6.30704E+00   5.040  2.32809E+09  2.88197E+09  1.16359E+10  2.07068E+09  2.34702E+10  9.79336E+00  7.34632E+02   8.336   8.576
 0.260 -1.12675E-02  2.90738E-01 -4.86382E-01  2.63430E+00  2.64358E+01 -4.71669E+01   5.175  2.69617E+09  3.00251E+09  1.21481E+10  2.09008E+09  2.52533E+10  5.94195E+00  8.26967E+02   8.326   8.574
 0.270 -4.08717E-01  7.13634E-01  2.23811E-01  6.26895E+00 -4.55688E+00 -1.66203E+01   6.498  2.20085E+09  2.79371E+09  1.36137E+10  2.49149E+09  3.23625E+10  7.09910E+00  8.89495E+02   8.439   8.554
 0.280  1.27639E-02  2.69875E-01 -2.08886E-01 -1.00911E+01  1.70406E+01  2.69610E+00   6.608  2.38071E+09  2.63547E+09  1.41020E+10  2.50396E+09  3.26161E+10  5.53869E+00  9.86827E+02   8.433   8.556
 0.290 -6.48573E-02  3.96454E-01  1.07916E-01 -5.50807E+00  1.09618E+01  6.15311E+00   7.754  2.20075E+09  2.24727E+09  1.46905E+10  2.80419E+09  3.97498E+10  2.82964E+00  1.10331E+03   8.450   8.551
 0.300  7.04433E-03 -2.21421E-01 -6.66284E-01 -1.71366E+00 -1.51230E+01  2.08217E+01   8.056  2.74107E+09  2.86687E+09  1.51573E+10  2.87253E+09  4.19194E+10  4.56876E+00  1.21312E+03   8.403   8.551
 0.310 -1.03243E-01  3.15455E-01 -3.17764E-01 -4.21441E+00  9.26507E+00 -5.42630E+00   8.550  3.34067E+09  3.30365E+09  1.55329E+10  2.96596E+09  4.52402E+10  3.24620E+00  1.32495E+03   8.327   8.549
 0.320 -1.14415E-01 -6.29656E-01 -4.26883E-01  6.37914E-01  3.90835E+00  3.36390E+01   8.816  2.53141E+09  2.47984E+09  1.58613E+10  3.03296E+09  4.72876E+10  2.73316E+00  1.43805E+03   8.391   8.548
 0.330  4.00819E-02  8.44831E-01  2.94790E-01  2.82799E+00  2.71788E+01 -2.17328E+01   9.316  4.16255E+09  4.17079E+09  1.64096E+10  3.22982E+09  5.11821E+10  3.60491E+00  1.54255E+03   8.296   8.543
 0.340  2.76260E-01  9.88678E-01  1.06493E+00  5.71156E+00  3.36552E+01 -9.58164E+00  10.055  3.37655E+09  3.25242E+09  1.67461E+10  3.24564E+09  5.37541E+10  2.04934E+00  1.65924E+03   8.340   8.541
