  25
 0.100  9.89980E+07  2.86973E+07  3.16862E+07  9.30093E+07  2.39753E+07  5.72158E+08  4.24431E-01
 0.110  3.05431E+07  4.37963E+07  5.12974E+07  2.81717E+07  2.25620E+07  5.80222E+08  1.25721E-01
 0.120  1.07174E+08  5.81491E+07  6.94262E+07  1.04438E+08  8.61626E+06  7.49242E+08  1.32412E-01
 0.130  2.92726E+07  8.57998E+07  1.02262E+08  2.74041E+07  3.71484E+07  6.29024E+08  2.93959E-01
 0.140  1.85988E+08  2.63365E+08  3.02955E+08  1.79209E+08  1.70499E+08  8.56906E+08  2.66559E+00
 0.150  1.09365E+08  3.76495E+08  4.47894E+08  1.06172E+08  1.14469E+08  1.01479E+09  1.09820E+00
 0.160  4.73592E+08  8.47071E+08  9.99800E+08  4.63616E+08  3.49455E+08  1.90087E+09  5.13538E+00
 0.170  3.06668E+08  1.07927E+09  1.29395E+09  3.01267E+08  3.35115E+08  1.60316E+09  3.53759E+00
 0.180  8.97627E+08  2.06305E+09  2.44939E+09  8.84333E+08  7.75575E+08  1.99208E+09  1.11288E+01
 0.190  1.33607E+09  3.52198E+09  4.21103E+09  1.32762E+09  1.19975E+09  2.66292E+09  1.56325E+01
 0.200  9.30824E+08  5.10560E+09  6.18545E+09  9.19318E+08  1.26862E+09  2.87010E+09  1.45244E+01
 0.210  7.82142E+08  6.29709E+09  7.74513E+09  7.72261E+08  1.03234E+09  3.05209E+09  1.08563E+01
 0.220  2.76545E+08  6.71952E+09  8.42108E+09  2.72159E+08  5.04595E+08  2.96521E+09  4.43728E+00
 0.230  2.05983E+08  6.81015E+09  8.66918E+09  2.01553E+08  2.55862E+08  2.93420E+09  2.61769E+00
 0.240  1.51965E+08  6.96858E+09  8.97890E+09  1.48358E+08  1.81647E+08  2.98076E+09  1.92620E+00
 0.250  1.26197E+08  6.96793E+09  9.06928E+09  1.22890E+08  1.18615E+08  3.00969E+09  1.24702E+00
 0.260  1.13884E+08  6.81204E+09  8.94398E+09  1.11051E+08  8.56066E+07  2.96363E+09  9.15379E-01
 0.270  1.74261E+08  6.98143E+09  9.21018E+09  1.70012E+08  1.71690E+08  2.95590E+09  2.05976E+00
 0.280  9.12681E+07  6.92568E+09  9.20405E+09  8.95122E+07  7.16512E+07  2.92023E+09  7.57761E-01
 0.290  7.14007E+07  6.89870E+09  9.22521E+09  6.97482E+07  5.06450E+07  2.88831E+09  5.10273E-01
 0.300  9.25301E+07  7.15133E+09  9.60364E+09  9.06906E+07  9.45377E+07  3.03862E+09  1.01328E+00
 0.310  6.32405E+07  6.69725E+09  9.03792E+09  6.16550E+07  4.20672E+07  2.72610E+09  4.54579E-01
 0.320  5.11953E+07  6.64271E+09  9.00340E+09  4.96926E+07  3.04102E+07  2.79960E+09  3.46729E-01
 0.330  3.25193E+07  6.12204E+09  8.31490E+09  3.10199E+07  2.31468E+07  2.57670E+09  2.39948E-01
 0.340  2.51791E+07  6.00902E+09  8.17832E+09  2.39346E+07  1.46641E+07  2.46663E+09  1.48733E-01
