  25
 0.100  9.00000E-01  8.19941E+07  2.64533E+07  2.91938E+07  7.69545E+07  2.21885E+07  4.78544E+08  3.93998E-01
 0.110  1.12500E+00  3.71905E+07  4.94578E+07  5.78978E+07  3.43071E+07  2.58011E+07  6.99193E+08  1.52731E-01
 0.120  1.35000E+00  1.57121E+08  7.38083E+07  8.79438E+07  1.51810E+08  1.26080E+07  1.19179E+09  1.95351E-01
 0.130  1.95000E+00  1.41646E+08  1.29919E+08  1.55516E+08  1.34514E+08  4.57799E+07  1.85290E+09  3.72882E-01
 0.140  2.66250E+00  6.05885E+08  4.14780E+08  4.79307E+08  5.60142E+08  2.62480E+08  4.01126E+09  3.88544E+00
 0.150  3.15000E+00  7.97052E+08  7.51588E+08  8.91308E+08  7.45527E+08  2.50503E+08  6.19106E+09  2.72509E+00
 0.160  3.75000E+00  1.53629E+09  1.44011E+09  1.70858E+09  1.43650E+09  5.55297E+08  9.17057E+09  7.63071E+00
 0.170  4.23750E+00  2.60716E+09  2.45342E+09  2.92497E+09  2.44150E+09  8.61779E+08  1.32739E+10  1.12278E+01
 0.180  4.76250E+00  2.81322E+09  4.28040E+09  5.10481E+09  2.59683E+09  1.55827E+09  1.52772E+10  1.98228E+01
 0.190  5.28750E+00  2.56951E+09  5.95318E+09  7.20894E+09  2.39726E+09  1.44787E+09  2.09361E+10  1.79618E+01
 0.200  5.66250E+00  3.03193E+09  7.93228E+09  9.70838E+09  2.78517E+09  1.58862E+09  2.34724E+10  1.86017E+01
 0.210  6.03750E+00  1.84827E+09  9.68107E+09  1.19796E+10  1.66099E+09  1.51773E+09  2.69858E+10  1.57074E+01
 0.220  6.45000E+00  1.22715E+09  1.03594E+10  1.30495E+10  1.08503E+09  6.58401E+08  2.82760E+10  6.06098E+00
 0.230  6.86250E+00  1.34146E+09  1.06663E+10  1.36273E+10  1.14535E+09  3.69236E+08  2.99461E+10  3.81623E+00
 0.240  7.35000E+00  2.75656E+09  1.12838E+10  1.45324E+10  2.41213E+09  5.21142E+08  3.53838E+10  6.73777E+00
 0.250  7.87500E+00  3.68098E+09  1.24120E+10  1.60300E+10  3.23483E+09  8.51827E+08  4.00328E+10  1.11358E+01
 0.260  8.28750E+00  3.86737E+09  1.30519E+10  1.69674E+10  3.48115E+09  5.52434E+08  4.43724E+10  6.82761E+00
 0.270  8.58750E+00  3.12715E+09  1.41256E+10  1.84079E+10  2.75431E+09  8.59460E+08  4.52689E+10  7.53844E+00
 0.280  8.96250E+00  3.19100E+09  1.46516E+10  1.92234E+10  2.78887E+09  5.00439E+08  4.63624E+10  5.85626E+00
 0.290  9.37500E+00  2.84233E+09  1.49718E+10  1.97984E+10  2.49649E+09  2.82692E+08  4.87446E+10  2.95343E+00
 0.300  9.75000E+00  3.63105E+09  1.54674E+10  2.05460E+10  3.20884E+09  4.26269E+08  5.15977E+10  4.91204E+00
 0.310  1.01250E+01  4.34884E+09  1.58300E+10  2.11251E+10  3.88401E+09  3.25230E+08  5.43895E+10  3.84404E+00
 0.320  1.05375E+01  3.36788E+09  1.62091E+10  2.17188E+10  2.89273E+09  2.94887E+08  5.70758E+10  3.09140E+00
 0.330  1.09875E+01  5.21975E+09  1.67393E+10  2.24781E+10  4.80076E+09  3.29922E+08  6.08139E+10  3.79805E+00
 0.340  1.14375E+01  4.53315E+09  1.70926E+10  2.30197E+10  4.01408E+09  3.04415E+08  6.15996E+10  2.59544E+00
