  25
 0.100  3.95542E-02  1.29483E-01  2.55308E-03 -1.23726E+00 -1.06587E+01  4.19729E+00  7.67952E-01 -5.94786E-01  2.37654E-01  1.24392E+01   0.900   0.500  7.95738E+07  7.85038E+07  3.68448E+06  0.00000E+00  3.30890E+07  6.57099E-02  2.20583E+01   7.742   7.477
 0.110  4.39074E-02 -2.75319E-02  1.74722E-02 -7.08558E-01  1.84034E+01  7.04504E+00 -3.88372E-01  6.24753E-01  6.77386E-01  1.87806E+01   1.000   0.521  3.14673E+07  3.26072E+07  4.85266E+06  5.70974E+05  3.90750E+07  3.71471E-02  8.88389E+01   7.705   7.620
 0.120  1.45998E-01 -2.02532E-01 -6.02161E-02 -4.48908E+00  3.56019E+00 -3.14454E+00 -5.33207E-01  2.08496E-01  8.19890E-01  1.28618E+01   1.102   0.746  1.19774E+08  1.19068E+08  7.01262E+06  1.72166E+06  7.01687E+07  4.25715E-02  1.36481E+02   7.644   7.580
 0.130  2.22963E-01 -1.90795E-01 -3.61647E-01 -1.65893E+01  1.49610E+01  1.19089E+01 -9.07771E-01  1.17018E-01 -4.02813E-01  1.52984E+01   1.668   1.018  1.02435E+08  1.00935E+08  1.03786E+07  3.49864E+06  1.64198E+08  3.40851E-02  2.10305E+02   7.759   7.671
 0.140  6.07619E-02  6.85864E-02 -2.17171E-02  1.19633E+01  5.96435E+00 -9.56516E+00 -5.38030E-01  6.53125E-01  5.32870E-01  4.69445E+01   2.176   1.299  3.98128E+08  4.09651E+08  5.35611E+07  6.09959E+06  2.86245E+08  6.31721E-01  9.37396E+01   8.146   8.006
 0.150  3.14890E-01  1.64035E-01 -3.25837E-01 -1.41582E+01 -7.87138E+00  3.69198E+01 -6.51262E-01  6.79146E-01  3.38554E-01  9.18814E+01   2.634   1.650  5.68819E+08  6.05635E+08  1.02347E+08  8.21309E+06  4.58840E+08  8.23614E-01  1.07368E+02   8.167   8.354
 0.160  6.92187E-02 -1.18371E-02  1.33061E-01 -1.00054E+01  6.13545E+00 -4.65982E+01 -7.86654E-01 -3.61494E-01 -5.00498E-01  5.01618E+01   2.546   0.953  9.48955E+08  9.67768E+08  1.64312E+08  6.04650E+07  7.91975E+08  7.94481E-01  2.27563E+02   8.254   8.128
 0.170 -4.58174E-01  2.80657E-01  3.72418E-01  9.08489E+00 -1.41211E+01 -3.07616E+00 -9.01929E-01 -3.67288E-01 -2.27207E-01  1.75980E+02   3.294   1.798  1.66026E+09  1.96180E+09  5.86000E+08  4.89789E+07  1.10574E+09  5.33775E+00  1.16097E+02   8.274   8.438
 0.180  3.10889E-02  3.63785E-02 -8.17399E-02  1.99277E+01  1.08553E+00 -3.30088E+01 -9.13700E-01 -2.55133E-01 -3.16320E-01  1.01515E+02   2.506   0.684  1.46148E+09  2.19763E+09  1.22722E+09  4.64346E+07  5.59271E+08  1.12346E+01  1.08781E+02   8.428   8.458
 0.190  4.76828E-02 -3.60201E-02 -4.50080E-02  3.10738E+00  1.73612E+00 -6.47324E-01 -6.94172E-01 -5.08203E-01 -5.09759E-01  4.79631E+01   1.958   0.500  1.45320E+09  2.44269E+09  2.07784E+09  6.74182E+07  5.23605E+08  1.40212E+01  1.38906E+02   8.570   8.549
 0.200  6.68555E-03  2.25361E-02 -1.90717E-02 -3.63415E+00 -3.22373E+00 -1.39033E+00 -9.66576E-01  1.51778E-02  2.55932E-01  6.67816E+01   2.513   0.805  1.22733E+09  1.76098E+09  1.59910E+09  9.67903E+07  5.87206E+08  7.34654E+00  1.88059E+02   8.682   8.613
 0.210  1.06148E-02 -4.55473E-02 -2.00334E-02  7.05177E+00 -3.23544E+00 -1.58389E+00 -9.22837E-01 -2.70221E-01  2.74504E-01  1.07848E+02   1.730   0.500  9.19027E+08  1.94190E+09  3.54598E+09  6.51324E+07  4.06463E+08  1.18786E+01  2.17777E+02   8.736   8.685
 0.220 -5.68818E-02  1.13153E-01 -5.51095E-02  5.38289E-01 -9.94107E-01 -6.31718E+00 -9.03318E-01 -3.92571E-01  1.72929E-01  1.54610E+02   3.513   0.689  5.57284E+08  1.09619E+09  4.34518E+09  2.37596E+08  7.12828E+08  5.05614E+00  3.01503E+02   8.827   8.697
 0.230 -9.06085E-02  1.89047E-01 -5.83577E-02 -5.74820E+00  9.05039E-01 -5.11611E+00 -9.37578E-01 -3.47136E-01  2.10592E-02  1.88216E+02   4.000   1.237  5.66754E+08  8.41845E+08  4.59044E+09  3.23343E+08  1.14440E+09  3.32346E+00  4.04454E+02   8.700   8.699
 0.240  4.44606E-02  2.72817E-01 -8.95903E-02 -2.10206E-01  1.37664E+01  3.05357E+01 -9.64807E-01 -2.62453E-01  1.62919E-02  4.16382E+02   4.714   1.074  1.49359E+09  1.83658E+09  4.78310E+09  3.07159E+08  1.42166E+09  5.57357E+00  4.86943E+02   8.371   8.695
 0.250  2.25244E-01 -4.28618E-01 -4.62532E-01  1.17540E+00 -2.03830E+01 -6.30704E+00 -9.56431E-01 -2.16453E-01 -1.95930E-01  4.82708E+02   5.040   0.920  1.97530E+09  2.53372E+09  5.09982E+09  3.08244E+08  1.41718E+09  8.97130E+00  5.32028E+02   8.357   8.663
 0.260 -1.12675E-02  2.90738E-01 -4.86382E-01  2.63430E+00  2.64358E+01 -4.71669E+01 -8.85371E-01 -2.44647E-01 -3.95304E-01  5.13343E+02   5.175   1.238  2.33032E+09  2.63216E+09  5.54221E+09  3.80896E+08  1.73643E+09  5.27807E+00  6.10874E+02   8.345   8.652
 0.270 -4.08717E-01  7.13634E-01  2.23811E-01  6.26895E+00 -4.55688E+00 -1.66203E+01 -9.08159E-01 -1.94783E-01 -3.70548E-01  5.22916E+02   6.498   1.355  1.82692E+09  2.41635E+09  6.68997E+09  5.69374E+08  2.12410E+09  6.38393E+00  6.41169E+02   8.457   8.615
 0.280  1.27639E-02  2.69875E-01 -2.08886E-01 -1.00911E+01  1.70406E+01  2.69610E+00 -9.52112E-01 -1.06645E-01 -2.86549E-01  6.99529E+02   6.608   1.093  1.93187E+09  2.27332E+09  6.84520E+09  5.35707E+08  1.96522E+09  5.30910E+00  7.25603E+02   8.448   8.614
 0.290 -6.48573E-02  3.96454E-01  1.07916E-01 -5.50807E+00  1.09618E+01  6.15311E+00 -9.66557E-01 -7.40895E-02 -2.45517E-01  7.06106E+02   7.754   1.389  1.83800E+09  1.96699E+09  7.33352E+09  6.87766E+08  2.61179E+09  2.67911E+00  8.19113E+02   8.473   8.601
 0.300  7.04433E-03 -2.21421E-01 -6.66284E-01 -1.71366E+00 -1.51230E+01  2.08217E+01 -9.78754E-01  2.00549E-02 -2.04057E-01  8.49843E+02   8.056   1.507  2.30932E+09  2.51660E+09  7.61999E+09  7.34555E+08  2.86536E+09  4.23696E+00  9.04850E+02   8.426   8.592
 0.310 -1.03243E-01  3.15455E-01 -3.17764E-01 -4.21441E+00  9.26507E+00 -5.42630E+00 -9.87879E-01  1.12545E-01 -1.06908E-01  1.02832E+03   8.550   2.080  2.88842E+09  2.95046E+09  7.65584E+09  8.31349E+08  3.57927E+09  3.10794E+00  9.86103E+02   8.355   8.579
 0.320 -1.14415E-01 -6.29656E-01 -4.26883E-01  6.37914E-01  3.90835E+00  3.36390E+01 -9.96025E-01  8.07354E-02 -3.76241E-02  8.66026E+02   8.816   2.109  2.12563E+09  2.17815E+09  7.43087E+09  8.32244E+08  3.63871E+09  2.61637E+00  1.06604E+03   8.411   8.565
 0.330  4.00819E-02  8.44831E-01  2.94790E-01  2.82799E+00  2.71788E+01 -2.17328E+01 -9.77066E-01  2.10147E-01  3.43658E-02  1.20534E+03   9.316   1.674  3.56339E+09  3.67492E+09  7.28420E+09  8.46609E+08  3.34532E+09  3.44214E+00  1.13816E+03   8.301   8.547
 0.340  2.76260E-01  9.88678E-01  1.06493E+00  5.71156E+00  3.36552E+01 -9.58164E+00 -9.83026E-01  1.79125E-01  3.96750E-02  1.23465E+03  10.055   2.815  3.06081E+09  3.03166E+09  7.71078E+09  9.75041E+08  4.59605E+09  2.04073E+00  1.21542E+03   8.346   8.526
