  25
 0.100   0.900  2.64533E+07  2.91938E+07  2.63533E+07  5.73329E+01  0.00000E+00  0.00000E+00  0.00000E+00  2.64533E+07  2.91938E+07  2.63533E+07
 0.110   1.000  4.37963E+07  5.12974E+07  4.34934E+07  1.19624E+02  7.81949E+06  9.35795E+06  7.73774E+06  3.59768E+07  4.19395E+07  3.57556E+07
 0.120   1.102  6.29100E+07  7.50754E+07  6.22540E+07  1.83017E+02  1.94024E+07  2.35826E+07  1.91503E+07  4.35076E+07  5.14928E+07  4.31037E+07
 0.130   1.668  1.20596E+08  1.44274E+08  1.19335E+08  1.98183E+02  3.43835E+07  4.23041E+07  3.38206E+07  8.62121E+07  1.01970E+08  8.55145E+07
 0.140   2.176  3.81499E+08  4.41110E+08  3.79073E+08  1.37023E+02  6.10554E+07  7.56808E+07  5.99065E+07  3.20444E+08  3.65429E+08  3.19167E+08
 0.150   2.634  6.70142E+08  7.95638E+08  6.65208E+08  1.77894E+02  1.46795E+08  1.80817E+08  1.44596E+08  5.23347E+08  6.14821E+08  5.20612E+08
 0.160   2.546  1.26733E+09  1.50162E+09  1.25703E+09  2.01821E+02  3.28501E+08  4.08348E+08  3.22824E+08  9.38834E+08  1.09327E+09  9.34209E+08
 0.170   3.294  2.16581E+09  2.58930E+09  2.14841E+09  2.19596E+02  4.96881E+08  6.22949E+08  4.87967E+08  1.66893E+09  1.96636E+09  1.66044E+09
 0.180   2.506  3.38186E+09  4.01762E+09  3.35856E+09  2.08062E+02  4.96211E+08  6.23358E+08  4.87167E+08  2.88565E+09  3.39426E+09  2.87140E+09
 0.190   1.958  4.56446E+09  5.48860E+09  4.53117E+09  2.37664E+02  5.01062E+08  6.35404E+08  4.90849E+08  4.06340E+09  4.85320E+09  4.04032E+09
 0.200   2.513  6.67051E+09  8.13465E+09  6.61584E+09  2.83695E+02  7.93212E+08  1.01091E+09  7.77256E+08  5.87729E+09  7.12373E+09  5.83859E+09
 0.210   1.730  7.54219E+09  9.28764E+09  7.47453E+09  3.28316E+02  5.53528E+08  7.13107E+08  5.39831E+08  6.98866E+09  8.57453E+09  6.93470E+09
 0.220   3.513  9.46125E+09  1.18971E+10  9.35052E+09  4.36289E+02  1.42697E+09  1.83464E+09  1.39652E+09  8.03428E+09  1.00625E+10  7.95399E+09
 0.230   4.000  9.94030E+09  1.26862E+10  9.79836E+09  5.45783E+02  1.57814E+09  2.05069E+09  1.53999E+09  8.36216E+09  1.06355E+10  8.25838E+09
 0.240   4.714  1.06193E+10  1.36709E+10  1.04427E+10  6.50334E+02  1.79926E+09  2.35766E+09  1.75047E+09  8.82008E+09  1.13132E+10  8.69224E+09
 0.250   5.040  1.16359E+10  1.50352E+10  1.14227E+10  7.34632E+02  2.07068E+09  2.72982E+09  2.00922E+09  9.56519E+09  1.23054E+10  9.41348E+09
 0.260   5.175  1.21481E+10  1.58061E+10  1.19048E+10  8.26967E+02  2.09008E+09  2.76765E+09  2.02250E+09  1.00580E+10  1.30385E+10  9.88231E+09
 0.270   6.498  1.36137E+10  1.77433E+10  1.33297E+10  8.89495E+02  2.49149E+09  3.30429E+09  2.40884E+09  1.11223E+10  1.44391E+10  1.09209E+10
 0.280   6.608  1.41020E+10  1.85049E+10  1.37867E+10  9.86827E+02  2.50396E+09  3.33782E+09  2.41474E+09  1.15981E+10  1.51671E+10  1.13720E+10
 0.290   7.754  1.46905E+10  1.94267E+10  1.43338E+10  1.10331E+03  2.80419E+09  3.75108E+09  2.69911E+09  1.18864E+10  1.56756E+10  1.16347E+10
 0.300   8.056  1.51573E+10  2.01390E+10  1.47646E+10  1.21312E+03  2.87253E+09  3.86062E+09  2.75742E+09  1.22848E+10  1.62783E+10  1.20072E+10
 0.310   8.550  1.55329E+10  2.07388E+10  1.51034E+10  1.32495E+03  2.96596E+09  3.99808E+09  2.84089E+09  1.25669E+10  1.67407E+10  1.22625E+10
 0.320   8.816  1.58613E+10  2.12677E+10  1.53951E+10  1.43805E+03  3.03296E+09  4.09750E+09  2.89943E+09  1.28283E+10  1.71702E+10  1.24957E+10
 0.330   9.316  1.64096E+10  2.20493E+10  1.58921E+10  1.54255E+03  3.22982E+09  4.36726E+09  3.08417E+09  1.31798E+10  1.76820E+10  1.28080E+10
 0.340  10.055  1.67461E+10  2.25767E+10  1.61810E+10  1.65924E+03  3.24564E+09  4.40814E+09  3.09052E+09  1.35004E+10  1.81686E+10  1.30905E+10
