  41
 0.100   6.000   0.900  6.28152E+09  4.47920E+08  4.61752E+07  5.36579E+07  5.78742E+09  4.87928E+07  1.96868E+07  2.28062E+07  4.60253E+08  7.95291E+08  4.68365E+07  5.44207E+07  7.22804E+09  7.37139E+07  2.84018E+07  3.28723E+07  7.97213E+08
 0.110   7.250   1.000  7.98734E+09  5.28644E+08  7.87607E+07  9.25169E+07  7.37994E+09  2.55541E+07  3.39929E+07  3.98259E+07  3.53171E+08  8.68101E+08  8.06818E+07  9.48056E+07  8.75845E+09  5.38678E+07  4.23492E+07  4.94663E+07  5.96517E+08
 0.120   9.000   1.116  1.16944E+10  8.55588E+08  1.12716E+08  1.33992E+08  1.07261E+10  7.09517E+07  4.29418E+07  5.11383E+07  6.30188E+08  9.90936E+08  1.13444E+08  1.34856E+08  1.17518E+10  9.04249E+07  4.94822E+07  5.88772E+07  8.70541E+08
 0.130  11.250   1.285  1.73810E+10  1.27513E+09  2.06410E+08  2.44875E+08  1.58994E+10  1.34224E+08  8.29362E+07  9.78158E+07  9.76459E+08  1.13251E+09  2.06089E+08  2.44482E+08  1.48856E+10  1.53837E+08  9.62839E+07  1.13411E+08  1.19919E+09
 0.140  12.750   1.441  2.09423E+10  1.40789E+09  2.75973E+08  3.31812E+08  1.92584E+10  7.71497E+07  1.34226E+08  1.60288E+08  1.08545E+09  1.01997E+09  2.67922E+08  3.22021E+08  1.54658E+10  8.64266E+07  1.47242E+08  1.75867E+08  1.29488E+09
 0.150  15.750   1.872  3.26055E+10  2.67392E+09  3.92765E+08  4.80093E+08  2.95388E+10  1.06396E+08  1.59420E+08  1.94918E+08  1.33179E+09  1.43784E+09  3.12528E+08  3.81997E+08  1.72023E+10  1.41370E+08  1.78317E+08  2.17848E+08  1.71980E+09
 0.160  18.250   2.322  4.18572E+10  3.70568E+09  6.21201E+08  7.46342E+08  3.75304E+10  2.86733E+08  2.77894E+08  3.35351E+08  2.43545E+09  2.29562E+09  5.94976E+08  7.13310E+08  2.27040E+10  3.63371E+08  3.18148E+08  3.84411E+08  3.59756E+09
 0.170  21.500   2.913  5.58651E+10  4.73595E+09  7.56791E+08  9.31331E+08  5.03724E+10  7.12802E+07  3.01381E+08  3.73373E+08  2.70100E+09  2.36843E+09  6.76187E+08  8.30220E+08  2.37366E+10  1.87807E+08  3.74084E+08  4.62535E+08  4.41872E+09
 0.180  23.500   3.206  6.30600E+10  5.55090E+09  9.66515E+08  1.18220E+09  5.65426E+10  4.88294E+08  4.78346E+08  5.88509E+08  3.55948E+09  3.41366E+09  8.92075E+08  1.08725E+09  2.44058E+10  9.63425E+08  5.93943E+08  7.26303E+08  5.55023E+09
 0.190  25.750   3.471  6.91683E+10  6.00589E+09  1.30006E+09  1.59907E+09  6.18624E+10  1.67566E+08  6.56387E+08  8.12379E+08  4.17462E+09  2.39933E+09  1.18806E+09  1.45772E+09  2.22866E+10  3.21742E+08  7.69229E+08  9.50313E+08  6.14009E+09
 0.200  28.000   3.396  7.72483E+10  6.95007E+09  1.33193E+09  1.67369E+09  6.89663E+10  3.46451E+08  7.20848E+08  9.06721E+08  4.49628E+09  2.05084E+09  1.20828E+09  1.51501E+09  2.19635E+10  4.70182E+08  8.08816E+08  1.01643E+09  5.78925E+09
 0.210  32.000   4.266  9.99333E+10  9.58991E+09  1.75939E+09  2.21971E+09  8.85840E+10  5.18511E+08  8.86652E+08  1.12318E+09  6.46433E+09  3.40071E+09  1.38555E+09  1.74642E+09  2.67283E+10  1.09057E+09  1.05550E+09  1.33335E+09  9.32986E+09
 0.220  35.250   4.374  1.14554E+11  1.06172E+10  2.43457E+09  3.02075E+09  1.01502E+11  7.74623E+08  1.22984E+09  1.54048E+09  7.98443E+09  4.83360E+09  2.20226E+09  2.73165E+09  3.45593E+10  1.08015E+09  1.41599E+09  1.76909E+09  1.08369E+10
 0.230  37.750   4.047  1.23923E+11  1.06592E+10  2.87778E+09  3.61044E+09  1.10386E+11  5.81808E+08  1.37476E+09  1.73361E+09  7.37461E+09  3.12828E+09  2.23417E+09  2.79859E+09  2.83305E+10  6.53724E+08  1.44267E+09  1.81850E+09  8.14472E+09
 0.240  40.500   4.650  1.34550E+11  1.13661E+10  3.05618E+09  3.88920E+09  1.20128E+11  6.81308E+08  1.85841E+09  2.37239E+09  9.68020E+09  2.61940E+09  2.70215E+09  3.43851E+09  2.84073E+10  7.83983E+08  1.99009E+09  2.54049E+09  1.14090E+10
 0.250  42.250   4.256  1.35848E+11  1.15605E+10  3.56660E+09  4.52388E+09  1.20721E+11  1.07192E+09  2.25941E+09  2.85337E+09  1.03540E+10  3.06771E+09  3.21499E+09  4.07036E+09  3.00456E+10  1.08063E+09  2.26819E+09  2.86455E+09  1.04585E+10
 0.260  44.250   5.858  1.38512E+11  1.16954E+10  3.89911E+09  4.99157E+09  1.22917E+11  4.81206E+08  2.49067E+09  3.18892E+09  1.08939E+10  2.42198E+09  3.48775E+09  4.46540E+09  3.10881E+10  8.39191E+08  2.84049E+09  3.64089E+09  1.58750E+10
 0.270  46.500   5.617  1.42888E+11  1.19862E+10  4.17857E+09  5.38843E+09  1.26723E+11  9.27747E+08  2.78878E+09  3.59719E+09  1.20654E+10  2.91473E+09  3.78211E+09  4.87479E+09  3.09195E+10  1.23491E+09  3.06661E+09  3.95475E+09  1.54294E+10
 0.280  50.000   7.074  1.60141E+11  1.31258E+10  4.59007E+09  5.94485E+09  1.42425E+11  4.33597E+08  2.96053E+09  3.84848E+09  1.28692E+10  2.98262E+09  4.02019E+09  5.20404E+09  3.07015E+10  1.13140E+09  3.48340E+09  4.52550E+09  2.03270E+10
 0.290  53.750   7.282  1.80036E+11  1.44180E+10  5.00836E+09  6.52529E+09  1.60609E+11  4.69671E+08  3.33277E+09  4.35702E+09  1.47958E+10  2.28304E+09  4.30168E+09  5.60507E+09  3.15487E+10  1.15805E+09  3.85237E+09  5.02831E+09  2.18960E+10
 0.300  61.000   7.865  2.33309E+11  1.91334E+10  5.95260E+09  7.80916E+09  2.08223E+11  1.00809E+09  3.58526E+09  4.72441E+09  1.76251E+10  2.68401E+09  4.37140E+09  5.74698E+09  3.27057E+10  1.63933E+09  3.99411E+09  5.26039E+09  2.44741E+10
 0.310  67.000   9.192  2.81432E+11  2.43366E+10  6.60342E+09  8.65519E+09  2.50492E+11  1.92072E+09  4.02889E+09  5.33142E+09  2.27058E+10  4.04326E+09  4.81576E+09  6.33879E+09  3.72341E+10  3.43602E+09  4.66298E+09  6.14629E+09  3.36626E+10
 0.320  71.750   5.345  3.14091E+11  2.56958E+10  7.99503E+09  1.03115E+10  2.80400E+11  6.61488E+09  5.84587E+09  7.51787E+09  3.44569E+10  9.34981E+09  6.90563E+09  8.88625E+09  5.59332E+10  4.77042E+09  5.09400E+09  6.55092E+09  2.29443E+10
 0.330  75.500   9.163  3.32500E+11  2.48920E+10  1.01393E+10  1.30336E+10  2.97469E+11  3.06326E+09  7.12225E+09  9.14469E+09  2.92661E+10  5.04437E+09  7.99835E+09  1.02591E+10  4.26473E+10  4.32157E+09  7.75037E+09  9.94171E+09  3.79854E+10
 0.340  79.000   8.480  3.44932E+11  2.41798E+10  1.11940E+10  1.44765E+10  3.09559E+11  5.92317E+09  8.59026E+09  1.10568E+10  3.28049E+10  7.96244E+09  9.33236E+09  1.20191E+10  4.41646E+10  6.62555E+09  8.82709E+09  1.13631E+10  3.59575E+10
 0.350  82.000   7.233  3.52262E+11  2.22375E+10  1.34931E+10  1.73576E+10  3.16532E+11  6.52056E+09  1.11368E+10  1.42409E+10  3.73916E+10  8.20366E+09  1.17787E+10  1.50758E+10  4.75386E+10  5.32363E+09  1.05979E+10  1.35508E+10  3.20110E+10
 0.360  84.000   9.985  3.49277E+11  2.01057E+10  1.47056E+10  1.91239E+10  3.14466E+11  3.62592E+09  1.19557E+10  1.55128E+10  3.78057E+10  4.93623E+09  1.27025E+10  1.64718E+10  4.65360E+10  4.92334E+09  1.26970E+10  1.64647E+10  4.64512E+10
 0.370  85.750   9.780  3.44234E+11  1.86930E+10  1.56611E+10  2.05272E+10  3.09880E+11  4.57976E+09  1.29178E+10  1.69083E+10  3.88735E+10  5.84682E+09  1.35492E+10  1.77268E+10  4.65869E+10  5.68693E+09  1.34689E+10  1.76223E+10  4.53884E+10
 0.380  87.500  10.372  3.40206E+11  1.77427E+10  1.66223E+10  2.19183E+10  3.05841E+11  3.78590E+09  1.36231E+10  1.79655E+10  3.91712E+10  4.92409E+09  1.43132E+10  1.88530E+10  4.57731E+10  5.30818E+09  1.44904E+10  1.90802E+10  4.77239E+10
 0.390  89.500   8.956  3.37655E+11  1.67688E+10  1.74459E+10  2.31387E+10  3.03440E+11  4.33447E+09  1.44694E+10  1.91897E+10  4.05106E+10  4.93467E+09  1.50378E+10  1.99309E+10  4.60377E+10  4.33813E+09  1.44731E+10  1.91945E+10  4.05366E+10
 0.400  91.750  10.574  3.34558E+11  1.59111E+10  1.81716E+10  2.42509E+10  3.00476E+11  3.93406E+09  1.50775E+10  2.01254E+10  4.20083E+10  4.44755E+09  1.56011E+10  2.08103E+10  4.64023E+10  4.90961E+09  1.59218E+10  2.12295E+10  4.94403E+10
 0.410  93.500  11.074  3.31554E+11  1.52507E+10  1.86097E+10  2.50040E+10  2.97693E+11  3.77263E+09  1.56320E+10  2.09986E+10  4.38190E+10  4.20114E+09  1.60526E+10  2.15561E+10  4.74863E+10  4.84896E+09  1.66661E+10  2.23714E+10  5.38330E+10
 0.420  96.250  10.585  3.32641E+11  1.46859E+10  1.92171E+10  2.59141E+10  2.98738E+11  4.65555E+09  1.64107E+10  2.21228E+10  4.56865E+10  5.04950E+09  1.66450E+10  2.24345E+10  4.77360E+10  5.54524E+09  1.69757E+10  2.28754E+10  5.09825E+10
 0.430  98.500  10.960  3.34938E+11  1.42288E+10  1.98486E+10  2.68676E+10  3.00861E+11  3.67368E+09  1.69748E+10  2.29799E+10  4.59773E+10  3.78606E+09  1.70801E+10  2.31196E+10  4.67772E+10  4.57242E+09  1.76698E+10  2.39025E+10  5.19679E+10
 0.440 101.000  10.853  3.35839E+11  1.40605E+10  2.02378E+10  2.75303E+10  3.01540E+11  4.20759E+09  1.75874E+10  2.39138E+10  4.75749E+10  4.14103E+09  1.75234E+10  2.38280E+10  4.70332E+10  4.68426E+09  1.80234E+10  2.44975E+10  5.16018E+10
 0.450 103.000  11.485  3.35545E+11  1.35011E+10  2.07592E+10  2.83284E+10  3.01284E+11  3.82667E+09  1.81506E+10  2.47647E+10  4.97538E+10  3.58428E+09  1.79321E+10  2.44718E+10  4.80890E+10  4.64248E+09  1.88675E+10  2.57280E+10  5.62623E+10
 0.460 105.000  11.119  3.36595E+11  1.30790E+10  2.10517E+10  2.88598E+10  3.02464E+11  3.90728E+09  1.84215E+10  2.52498E+10  4.96153E+10  3.49317E+09  1.80159E+10  2.47022E+10  4.68910E+10  4.33318E+09  1.88513E+10  2.58306E+10  5.30037E+10
 0.470 107.250  12.295  3.38880E+11  1.27036E+10  2.14293E+10  2.94719E+10  3.04747E+11  3.07040E+09  1.89296E+10  2.60397E+10  5.13668E+10  2.67206E+09  1.83394E+10  2.52453E+10  4.73931E+10  3.91553E+09  1.98026E+10  2.72189E+10  5.98916E+10
 0.480 110.000  12.408  3.41488E+11  1.24318E+10  2.16659E+10  2.99131E+10  3.07390E+11  3.01805E+09  1.92722E+10  2.66110E+10  5.27507E+10  2.64386E+09  1.84774E+10  2.55320E+10  4.73757E+10  3.69169E+09  2.00546E+10  2.76755E+10  6.02528E+10
 0.490 112.000  12.650  3.43618E+11  1.20899E+10  2.19126E+10  3.03605E+10  3.09616E+11  2.68375E+09  1.93606E+10  2.68439E+10  5.29765E+10  1.98319E+09  1.82988E+10  2.54009E+10  4.65425E+10  3.49951E+09  2.02504E+10  2.80529E+10  6.07632E+10
 0.500 114.500  12.485  3.45498E+11  1.19455E+10  2.20602E+10  3.06722E+10  3.11492E+11  3.01048E+09  1.97525E+10  2.74736E+10  5.42118E+10  2.28380E+09  1.86294E+10  2.59375E+10  4.63877E+10  3.47104E+09  2.03094E+10  2.82356E+10  5.97179E+10
