  41
 0.100 -4.57641E-02  1.20438E-01  8.23222E-02  1.50461E+01  2.89002E+01  1.62607E+01   0.900  7.37139E+07  8.32931E+07  2.84018E+07  0.00000E+00  7.97213E+08  1.66031E-01  1.38084E+02   7.465   7.294
 0.110  1.94354E-01  8.84166E-03 -1.01512E-01  3.44401E+01  4.45916E+01  7.58786E+00   1.000  5.38678E+07  7.70723E+07  4.23492E+07  2.90546E+06  5.96517E+08  1.93699E-01  1.34194E+02   7.452   7.570
 0.120 -4.97971E-02  1.70401E-01 -1.11831E-01  3.19627E+01  3.73613E+01  1.77612E+01   1.116  9.04249E+07  9.76197E+07  4.94822E+07  5.68466E+06  8.70541E+08  1.49197E-01  2.01851E+02   7.403   7.535
 0.130 -1.59123E-01 -5.94211E-02 -8.46995E-02  7.62871E+00 -7.03103E+00  7.50276E+00   1.285  1.53837E+08  1.86381E+08  9.62839E+07  1.37789E+07  1.19919E+09  5.44275E-01  1.95300E+02   7.693   7.561
 0.140 -1.29969E-02  1.57882E-01  1.78502E-01 -1.53853E+00  1.99582E+01  2.24744E+01   1.441  8.64266E+07  1.31234E+08  1.47242E+08  2.26946E+07  1.29488E+09  4.38702E-01  2.14609E+02   7.905   7.684
 0.150  5.08926E-01 -1.81955E-01 -3.55693E-01  6.77778E+00  7.58990E+00 -2.40824E+01   1.872  1.41370E+08  1.51975E+08  1.78317E+08  3.41122E+07  1.71980E+09  2.14805E-01  2.92008E+02   7.781   7.682
 0.160 -4.39203E-02 -3.49808E-02 -2.72868E-02  3.64213E+01 -4.36846E+01  9.20063E+00   2.322  3.63371E+08  4.24675E+08  3.18148E+08  7.91831E+07  3.59756E+09  1.36264E+00  2.97581E+02   7.894   7.734
 0.170  2.36828E-01 -1.71170E-01 -6.80062E-02 -1.44697E+00 -2.70112E-01 -2.10124E+01   2.913  1.87807E+08  2.02224E+08  3.74084E+08  1.18567E+08  4.41872E+09  2.18080E-01  3.65108E+02   7.829   7.777
 0.180 -3.96243E-01 -3.56938E-01  1.83520E-01  4.11090E+01 -4.18011E+01  4.68484E+00   3.206  9.63425E+08  1.02192E+09  5.93943E+08  2.11849E+08  5.55023E+09  1.98910E+00  3.60054E+02   7.925   7.790
 0.190 -4.35464E-01 -3.59263E-01  1.14805E-01  1.47202E+01 -2.05913E+01 -1.23433E+01   3.471  3.21742E+08  4.40759E+08  7.69229E+08  2.32745E+08  6.14009E+09  1.02014E+00  3.87347E+02   8.144   7.913
 0.200  3.44131E-01 -4.34514E-01 -1.69783E-01  4.57551E+01  2.39386E+00 -2.01739E+01   3.396  4.70182E+08  4.61137E+08  8.08816E+08  2.68311E+08  5.78925E+09  5.01581E-01  4.74553E+02   8.019   7.927
 0.210 -3.00032E-01  4.75060E-01 -2.80838E-01 -5.12300E+00 -2.45266E+01 -4.07617E+00   4.266  1.09057E+09  1.08836E+09  1.05550E+09  3.93748E+08  9.32986E+09  1.18447E+00  5.38790E+02   7.990   7.919
 0.220 -1.00475E+00  2.66703E-01 -3.19966E-01 -2.16421E+01  4.67473E+00 -1.44045E+00   4.374  1.08015E+09  1.23582E+09  1.41599E+09  4.31848E+08  1.08369E+10  3.41587E+00  5.14000E+02   8.164   7.967
 0.230  5.38040E-01 -6.54003E-01  3.97091E-01  4.57150E+01 -8.99794E+00 -1.66231E+00   4.047  6.53724E+08  7.43762E+08  1.44267E+09  3.55196E+08  8.14472E+09  1.67690E+00  5.67928E+02   8.230   8.055
 0.240  2.11792E-01 -3.00344E-01  2.11934E-01  2.01220E+01 -3.85260E+00 -6.15509E-01   4.650  7.83983E+08  7.91332E+08  1.99009E+09  8.17253E+08  1.14090E+10  1.05176E+00  6.52140E+02   8.179   8.074
 0.250 -1.99603E-01 -4.27355E-01  2.96321E-01  5.54735E+01 -1.81136E+01  4.83495E+00   4.256  1.08063E+09  1.37365E+09  2.26819E+09  7.09603E+08  1.04585E+10  5.00332E+00  6.32378E+02   8.313   8.186
 0.260  5.01151E-01 -4.77897E-01  3.22765E-01  1.76995E+01 -8.00876E+00  9.42490E+00   5.858  8.39191E+08  8.90889E+08  2.84049E+09  1.01927E+09  1.58750E+10  1.72971E+00  7.12907E+02   8.343   8.231
 0.270 -2.45692E-01 -3.13187E-01  1.97434E-03  2.18917E+00 -1.45217E+01  9.25414E-01   5.617  1.23491E+09  1.31508E+09  3.06661E+09  1.03250E+09  1.54294E+10  2.37831E+00  7.88545E+02   8.276   8.279
 0.280 -5.73230E-01 -5.66977E-02 -6.71697E-02  4.51448E+00 -9.50065E+00  3.76040E+00   7.074  1.13140E+09  1.15138E+09  3.48340E+09  1.24236E+09  2.03270E+10  1.95884E+00  8.79440E+02   8.291   8.298
 0.290 -1.28768E+00 -1.16148E+00 -2.09751E-01  3.53258E+00 -4.60921E+01  4.80779E-02   7.282  1.15805E+09  1.15058E+09  3.85237E+09  1.37959E+09  2.18960E+10  1.85927E+00  9.50478E+02   8.285   8.324
 0.300  5.74074E-01 -3.07290E-01  8.42341E-01  1.99552E+01  3.19656E+00 -2.41098E+01   7.865  1.63933E+09  1.52459E+09  3.99411E+09  1.43496E+09  2.44741E+10  9.12763E-01  1.06685E+03   8.162   8.339
 0.310  6.91468E-02  3.54995E-01 -1.23942E+00 -2.91071E+01 -2.60634E+01 -4.91880E+00   9.192  3.43602E+09  3.18064E+09  4.66298E+09  1.81061E+09  3.36626E+10  2.42345E+00  1.12551E+03   8.103   8.315
 0.320  1.33696E+00  1.63529E-01 -2.56919E-01  1.97913E+01  1.50766E+01 -3.22077E+01   5.345  4.77042E+09  5.46263E+09  5.09400E+09  1.37791E+09  2.29443E+10  1.59354E+01  1.03655E+03   8.156   8.325
 0.330  3.55212E-01  6.58135E-01 -4.10191E-01  3.80897E+00 -1.55309E+01 -4.18264E+01   9.163  4.32157E+09  4.62923E+09  7.75037E+09  2.21875E+09  3.79854E+10  7.21923E+00  9.28323E+02   8.290   8.326
 0.340  1.72601E-01 -6.12995E-01 -5.38054E-01  2.22237E+01  5.79291E+00  1.01258E+01   8.480  6.62555E+09  7.00639E+09  8.82709E+09  2.34946E+09  3.59575E+10  1.20123E+01  9.39203E+02   8.261   8.361
 0.350  2.55022E-01  2.45971E-01  2.78496E-01 -6.67153E+00  1.04998E+01  5.05330E+00   7.233  5.32363E+09  6.45150E+09  1.05979E+10  2.12335E+09  3.20110E+10  1.92935E+01  8.85251E+02   8.418   8.386
 0.360 -5.83844E-01 -4.74182E-01 -7.09832E-01 -8.22310E+00 -1.52648E+01  3.41967E+01   9.985  4.92334E+09  5.13225E+09  1.26970E+10  2.92714E+09  4.64512E+10  6.65122E+00  9.54292E+02   8.438   8.385
 0.370 -8.33827E-01 -1.04995E+00 -8.49677E-01 -1.81091E+01 -2.52359E+01  2.37304E+01   9.780  5.68693E+09  5.94758E+09  1.34689E+10  2.97942E+09  4.53884E+10  7.92501E+00  1.04401E+03   8.433   8.398
 0.380 -1.37612E+00 -1.14545E+00 -5.90788E-01 -6.34860E+00 -8.53574E+00  3.20131E+01  10.372  5.30818E+09  5.41708E+09  1.44904E+10  3.12599E+09  4.77239E+10  6.96972E+00  1.12355E+03   8.451   8.404
 0.390 -3.95418E-01 -1.46248E-01 -6.46729E-01 -2.05791E+01 -9.43309E+00  7.45401E+00   8.956  4.33813E+09  4.54017E+09  1.44731E+10  2.85195E+09  4.05366E+10  5.91480E+00  1.22402E+03   8.497   8.423
 0.400 -2.17388E-02  4.51923E-02  3.17229E-01 -8.56414E+00 -8.68695E+00  4.89098E+00  10.574  4.90961E+09  5.03451E+09  1.59218E+10  3.32888E+09  4.94403E+10  5.13111E+00  1.31833E+03   8.496   8.420
 0.410 -6.20931E-01 -3.88475E-01  8.16348E-01  2.02243E+00 -2.42364E-01  8.77807E+00  11.074  4.84896E+09  4.79660E+09  1.66661E+10  3.56101E+09  5.38330E+10  3.43763E+00  1.43147E+03   8.509   8.422
 0.420 -1.35327E-01 -2.14641E-01  4.05156E-01 -1.26793E+00 -5.97666E+00 -1.02182E+00  10.585  5.54524E+09  5.60788E+09  1.69757E+10  3.42842E+09  5.09825E+10  5.93852E+00  1.53630E+03   8.497   8.431
 0.430  5.12326E-02  5.95992E-02  8.74225E-01  1.28967E+01  1.18597E+01  1.44978E+00  10.960  4.57242E+09  4.55431E+09  1.76698E+10  3.51262E+09  5.19679E+10  4.87771E+00  1.63205E+03   8.535   8.437
 0.440 -4.89065E-01 -5.62525E-01 -3.32304E-01 -6.59265E+00 -6.37017E+00  1.07969E+01  10.853  4.68426E+09  4.67000E+09  1.80234E+10  3.51474E+09  5.16018E+10  3.92396E+00  1.74975E+03   8.538   8.443
 0.450 -2.08042E-01  5.26489E-02 -1.99983E-01  3.30868E+00 -6.49759E+00 -6.12870E-01  11.485  4.64248E+09  4.61183E+09  1.88675E+10  3.72567E+09  5.62623E+10  3.89772E+00  1.85341E+03   8.551   8.444
 0.460 -8.64170E-01 -6.67137E-01 -5.34778E-01 -1.40613E+01 -1.97035E+01  1.95423E+01  11.119  4.33318E+09  4.24917E+09  1.88513E+10  3.59313E+09  5.30037E+10  2.95908E+00  1.98001E+03   8.559   8.451
 0.470 -5.18076E-01 -4.34880E-01 -6.04374E-02 -8.70348E+00 -2.91957E+00 -1.54374E+00  12.295  3.91553E+09  3.84250E+09  1.98026E+10  3.93657E+09  5.98916E+10  2.66537E+00  2.09067E+03   8.583   8.449
 0.480  9.63153E-01  6.79058E-01 -7.43184E-01 -2.34139E+01 -2.30905E+01 -1.79247E+01  12.408  3.69169E+09  3.60981E+09  2.00546E+10  3.99566E+09  6.02528E+10  2.78360E+00  2.23012E+03   8.587   8.452
 0.490  6.28881E-02  2.54674E-01 -6.96814E-01 -2.34092E+01 -2.17431E+01 -1.98703E+00  12.650  3.49951E+09  3.37358E+09  2.02504E+10  3.97433E+09  6.07632E+10  1.81163E+00  2.36066E+03   8.591   8.456
 0.500  8.10594E-02 -1.23789E-01  1.12869E+00  4.01587E+00  3.68405E+00 -1.01616E+01  12.485  3.47104E+09  3.34390E+09  2.03094E+10  3.93392E+09  5.97179E+10  1.66421E+00  2.49832E+03   8.584   8.458
