  41
 0.100         4366  0.18750E-01  0.87784E-02  0.14659E-01  0.36434E+01  0.41398E+02 -0.22602E+02 -0.11049E+00  0.93544E+00 -0.33576E+00   0.900   0.686
 0.110        28382  0.59999E-02 -0.81561E-02 -0.43124E-02 -0.11369E+02 -0.25081E+02  0.59033E+01  0.54393E+00 -0.34404E+00  0.76536E+00   1.000   0.587
 0.120        28388 -0.16164E-01 -0.81844E-02 -0.36830E-02 -0.37175E+02  0.12225E+02 -0.33804E+01  0.25014E+00 -0.57796E+00 -0.77678E+00   1.116   0.647
 0.130         1724 -0.11300E-01 -0.14402E-02  0.59823E-02 -0.10030E+01  0.18814E+02 -0.13325E+02 -0.96545E-01  0.80802E+00 -0.58119E+00   1.285   0.849
 0.140        29523  0.64418E-02  0.26244E-02  0.32209E-02 -0.14080E+02 -0.22910E+02 -0.21035E+02 -0.37118E+00 -0.60958E+00  0.70046E+00   1.441   0.500
 0.150        68055 -0.35790E-02  0.15339E-01 -0.29399E-02  0.90976E+00 -0.78140E+01 -0.53822E+01  0.39324E+00  0.18471E+00  0.90069E+00   1.872   1.106
 0.160       113998  0.73671E-02  0.81857E-03 -0.40929E-02 -0.52680E+02 -0.16820E+02 -0.86072E+01 -0.14347E+00 -0.40833E+00  0.90149E+00   2.322   1.229
 0.170       106032 -0.43459E-02 -0.75329E-02 -0.11299E-01  0.49772E+01  0.77041E+00 -0.94456E+01 -0.53093E+00 -0.14906E+00  0.83421E+00   2.913   2.119
 0.180       110668  0.61337E-03 -0.11041E-01 -0.11347E-01 -0.25818E+02 -0.71323E+01  0.20266E+02  0.37407E-01  0.11915E+00  0.99217E+00   3.206   1.479
 0.190       176273 -0.97177E-03 -0.25914E-02 -0.16196E-03 -0.17162E+02 -0.63442E+02  0.27699E+02  0.10269E+00  0.35760E+00  0.92821E+00   3.471   2.415
 0.200       197817 -0.17042E-02 -0.27268E-02 -0.49423E-02  0.25756E+02 -0.49439E+01 -0.59948E+01 -0.17923E-01  0.30257E+00  0.95296E+00   3.396   1.685
 0.210       168571  0.35772E-03  0.17886E-02  0.78698E-02 -0.13110E+02  0.11908E+02 -0.16061E+02 -0.38256E+00  0.23749E+00  0.89288E+00   4.266   2.430
 0.220       162871 -0.30002E-02 -0.75004E-03  0.20626E-02 -0.32595E+01  0.43031E+02  0.95598E+01 -0.20179E+00  0.40784E+00  0.89048E+00   4.374   1.997
 0.230       202475  0.15677E-02  0.19596E-02 -0.97978E-03  0.99456E+02 -0.16743E+02 -0.17664E+02 -0.12099E-01  0.58487E+00  0.81104E+00   4.047   2.107
 0.240       204416 -0.81838E-03 -0.12276E-02  0.40919E-03 -0.93367E+02  0.66674E+02 -0.60601E+02 -0.97634E-03  0.45459E+00  0.89070E+00   4.650   1.439
 0.250       164891  0.17040E-02  0.85199E-03  0.21300E-02 -0.29354E+02  0.57764E+02 -0.73454E+02 -0.35426E-01  0.51792E+00  0.85469E+00   4.256   1.232
 0.260       174970 -0.13286E-02 -0.44287E-03  0.00000E+00  0.11256E+03  0.16938E+03 -0.41895E+02 -0.98357E-01  0.17983E+00  0.97877E+00   5.858   1.686
 0.270       178750 -0.13809E-02  0.13809E-02 -0.23015E-03 -0.59135E+02 -0.22641E+02 -0.29747E+02 -0.16436E+00  0.10901E+00  0.98036E+00   5.617   1.501
 0.280       307897 -0.95370E-03 -0.47685E-03 -0.33380E-02 -0.85035E+02 -0.11789E+03 -0.15750E+03 -0.19185E+00  0.12659E+00  0.97323E+00   7.074   2.330
 0.290       204492 -0.98778E-03  0.00000E+00 -0.12347E-02  0.16929E+02 -0.73649E+02  0.14815E+02 -0.20969E+00  0.13464E+00  0.96845E+00   7.282   2.212
 0.300       170229  0.51103E-03  0.00000E+00 -0.51103E-03  0.20108E+03  0.15161E+03  0.43173E+02 -0.34881E+00  0.36239E+00  0.86430E+00   7.865   3.217
 0.310       486906  0.00000E+00 -0.52824E-03  0.79236E-03  0.11905E+03  0.68907E+02 -0.49197E+01 -0.31185E+00  0.64412E+00  0.69847E+00   9.192   5.268
 0.320       218891 -0.54534E-03  0.16360E-02 -0.81801E-03 -0.23235E+02  0.16282E+03  0.22307E+02 -0.30435E-01  0.85503E+00  0.51769E+00   5.345   1.936
 0.330       325332 -0.22496E-02  0.56240E-03 -0.11248E-02  0.13141E+03 -0.75455E+02  0.89654E+02 -0.72034E+00  0.65985E+00  0.21379E+00   9.163   4.974
 0.340       291872 -0.11583E-02  0.57917E-03 -0.14479E-02 -0.13522E+03 -0.28753E+03 -0.11590E+03 -0.81343E+00  0.52873E+00  0.24243E+00   8.480   3.281
 0.350       547612  0.11923E-02 -0.11923E-02  0.00000E+00  0.28692E+02 -0.45914E+02 -0.40028E+03 -0.86614E+00  0.47353E+00  0.15989E+00   7.233   2.294
 0.360       179637  0.00000E+00 -0.61310E-03  0.18393E-02 -0.74094E+02  0.32137E+03 -0.61079E+02 -0.79970E+00  0.59581E+00  0.74114E-01   9.985   3.032
 0.370       201312  0.63072E-03 -0.18922E-02 -0.12614E-02  0.11993E+03 -0.23471E+03 -0.45447E+02 -0.74518E+00  0.66161E+00  0.83500E-01   9.780   2.355
 0.380      1345682 -0.19423E-02  0.19423E-02 -0.64743E-03 -0.22223E+02 -0.10612E+03  0.18260E+03 -0.65395E+00  0.74977E+00  0.10097E+00  10.372   3.282
 0.390       164910 -0.26569E-02  0.66423E-03  0.66423E-03  0.19632E+02 -0.14795E+03  0.17829E+03 -0.73812E+00  0.65448E+00  0.16383E+00   8.956   2.072
 0.400       460192 -0.68197E-03  0.68197E-03  0.20459E-02 -0.91454E+02  0.19908E+03  0.12849E+03 -0.66236E+00  0.74506E+00  0.78471E-01  10.574   2.578
 0.410       312715  0.27958E-02  0.69895E-03 -0.20968E-02  0.18051E+03 -0.10371E+03  0.14430E+03 -0.69154E+00  0.70941E+00  0.13610E+00  11.074   2.974
 0.420      1495606  0.00000E+00 -0.71594E-03  0.00000E+00 -0.16369E+02 -0.22892E+03  0.12150E+02 -0.73070E+00  0.67764E+00  0.83007E-01  10.585   2.741
 0.430       724055  0.00000E+00  0.73307E-03 -0.73307E-03  0.16249E+03 -0.88561E+02  0.45333E+02 -0.75685E+00  0.65293E+00  0.29476E-01  10.960   3.596
 0.440      1388517 -0.75009E-03 -0.15002E-02  0.00000E+00 -0.20288E+02  0.82085E+02 -0.12167E+03 -0.72334E+00  0.68990E+00  0.28670E-01  10.853   2.050
 0.450       299131 -0.15338E-02 -0.76691E-03  0.76691E-03  0.23190E+02  0.15631E+03  0.11907E+03 -0.68377E+00  0.72928E+00  0.24659E-01  11.485   2.477
 0.460       115517  0.23517E-02 -0.78390E-03  0.78390E-03 -0.17918E+02 -0.12766E+03  0.42315E+03 -0.70289E+00  0.70985E+00  0.45218E-01  11.119   1.845
 0.470      1744070  0.32022E-02  0.80054E-03  0.00000E+00  0.13816E+01 -0.48499E+02  0.59322E+02 -0.69366E+00  0.72017E+00  0.13903E-01  12.295   2.305
 0.480      1522129  0.00000E+00 -0.81777E-03  0.24533E-02  0.64471E+02 -0.88821E+02 -0.57862E+02 -0.69250E+00  0.72119E+00  0.18186E-01  12.408   1.924
 0.490       323548  0.00000E+00  0.33404E-02  0.83509E-03  0.13105E+03  0.97630E+02 -0.22527E+03 -0.66717E+00  0.74343E+00  0.46861E-01  12.650   2.172
 0.500      1459851  0.00000E+00  0.00000E+00  0.85169E-03 -0.17339E+03 -0.88984E+02 -0.78138E+02 -0.68047E+00  0.73258E+00  0.17269E-01  12.485   1.902
