  26
 0.130      1648492        23983       774630
 0.140      2603207        45826      1196420
 0.150      3207501        64388      1498225
 0.160      4219216        92981      1986236
 0.170      4774354       126406      2230854
 0.180      5509843       155738      2549482
 0.190      6259106       183932      2940581
 0.200      6923174       229914      3234239
 0.210      7527935       309146      3557205
 0.220      8159699       337793      3839080
 0.230      8859531       362566      4167950
 0.240      9451062       419340      4472997
 0.250     10121489       506186      4866102
 0.260     10479406       578536      5108235
 0.270     10856181       648250      5303764
 0.280     11223770       702560      5490196
 0.290     11681624       748711      5662723
 0.300     11926160       802479      5809647
 0.310     12125323       852003      5964753
 0.320     12425821       883966      6145924
 0.330     12854378       918764      6302442
 0.340     13333590       954508      6511233
 0.350     13982585      1012439      6737311
 0.360     14503263      1100130      7014164
 0.370     15033855      1162855      7250792
 0.380     15513376      1232074      7466499
