  37
 0.200      1561725        18868       746038
 0.210      2142120        30383      1019336
 0.220      2545937        36650      1210419
 0.230      2783692        50027      1344931
 0.240      3020928        54571      1471281
 0.250      3313598        61576      1608248
 0.260      3431633        68823      1708474
 0.270      3652012        75708      1795710
 0.280      3869872        81461      1923153
 0.290      4178229        97484      2058930
 0.300      4339319       105467      2151013
 0.310      4595224       117467      2282710
 0.320      4863874       127335      2413253
 0.330      5064837       135783      2537635
 0.340      5305655       143525      2698507
 0.350      5561469       150656      2837465
 0.360      6093567       159067      3058897
 0.370      6435556       168532      3229500
 0.380      6760216       178545      3429059
 0.390      7131627       183964      3627324
 0.400      7664357       196626      3842399
 0.410      8183648       205798      4122274
 0.420      8498366       214906      4254642
 0.430      8776823       223642      4392280
 0.440      9207928       230144      4536713
 0.450      9510705       235787      4725285
 0.460      9788661       246118      4890106
 0.470     10084882       257725      5069038
 0.480     10488129       271507      5246515
 0.490     10793262       283057      5376058
 0.500     10941571       290611      5480919
 0.510     11077338       311639      5542939
 0.520     11101804       334599      5600274
 0.530     11159025       366271      5656710
 0.540     11336457       383885      5707666
 0.550     11477361       400112      5747948
 0.560     11545071       409859      5791392
