  37
 0.140   0.938   0.500  1.26460E+06  1.48871E+06  1.25261E+06  1.99258E+02  0.00000E+00  0.00000E+00  0.00000E+00  1.26460E+06  1.48871E+06  1.25261E+06
 0.150   1.417   1.061  1.29248E+06  1.53108E+06  1.27714E+06  2.44393E+02  2.27081E+05  2.86861E+05  2.21419E+05  1.06540E+06  1.24422E+06  1.05572E+06
 0.160   1.648   1.005  1.00106E+07  1.12686E+07  9.98047E+06  8.81236E+01  3.09400E+05  3.87183E+05  3.03684E+05  9.70117E+06  1.08815E+07  9.67679E+06
 0.170   1.666   1.023  1.85020E+07  2.18303E+07  1.84049E+07  1.61786E+02  2.34236E+06  2.92374E+06  2.30813E+06  1.61596E+07  1.89066E+07  1.60968E+07
 0.180   1.768   1.236  2.65182E+07  3.11079E+07  2.64059E+07  1.49317E+02  1.12026E+06  1.40026E+06  1.10478E+06  2.53979E+07  2.97077E+07  2.53011E+07
 0.190   2.334   1.334  4.19092E+07  4.96090E+07  4.17005E+07  1.78445E+02  3.13091E+06  3.94430E+06  3.08070E+06  3.87783E+07  4.56647E+07  3.86198E+07
 0.200   2.109   1.098  1.26522E+08  1.50396E+08  1.25946E+08  1.82711E+02  5.58994E+06  6.97523E+06  5.52076E+06  1.20932E+08  1.43421E+08  1.20425E+08
 0.210   2.349   0.789  1.77404E+08  2.13259E+08  1.76250E+08  2.51742E+02  2.12002E+07  2.72817E+07  2.08155E+07  1.56204E+08  1.85978E+08  1.55435E+08
 0.220   2.196   0.778  1.84712E+08  2.24897E+08  1.83284E+08  3.06456E+02  2.54371E+07  3.29877E+07  2.49148E+07  1.59275E+08  1.91910E+08  1.58369E+08
 0.230   1.474   0.500  2.01510E+08  2.44755E+08  2.00061E+08  3.04798E+02  1.01784E+07  1.31936E+07  9.94294E+06  1.91332E+08  2.31561E+08  1.90118E+08
 0.240   1.459   0.500  3.75609E+08  4.60054E+08  3.72860E+08  3.31920E+02  1.68338E+07  2.16312E+07  1.65155E+07  3.58775E+08  4.38423E+08  3.56345E+08
 0.250   3.291   2.012  1.15538E+08  1.44567E+08  1.14015E+08  5.47763E+02  3.25922E+07  4.25538E+07  3.19202E+07  8.29455E+07  1.02013E+08  8.20947E+07
 0.260   4.084   1.248  2.22555E+08  2.79931E+08  2.20160E+08  4.97259E+02  9.89353E+06  1.30091E+07  9.61795E+06  2.12661E+08  2.66922E+08  2.10542E+08
 0.270   4.531   1.656  2.57982E+08  3.22818E+08  2.55094E+08  5.26939E+02  3.13131E+07  4.07260E+07  3.06451E+07  2.26669E+08  2.82092E+08  2.24449E+08
 0.280   4.383   2.147  2.88022E+08  3.58767E+08  2.85025E+08  5.12054E+02  2.23809E+07  2.91396E+07  2.18538E+07  2.65641E+08  3.29628E+08  2.63171E+08
 0.290   4.179   1.322  4.36114E+08  5.47347E+08  4.31272E+08  5.72772E+02  2.42003E+07  3.16356E+07  2.36350E+07  4.11914E+08  5.15712E+08  4.07637E+08
 0.300   4.721   1.904  6.80795E+08  8.53179E+08  6.73977E+08  5.46164E+02  4.87114E+07  6.33572E+07  4.77773E+07  6.32084E+08  7.89822E+08  6.26200E+08
 0.310   5.263   0.837  7.50311E+08  9.58183E+08  7.41696E+08  6.50796E+02  3.77738E+07  4.95802E+07  3.69595E+07  7.12537E+08  9.08602E+08  7.04737E+08
 0.320   5.608   0.872  8.11783E+08  1.04970E+09  8.01413E+08  7.47656E+02  4.54592E+07  6.00028E+07  4.44471E+07  7.66324E+08  9.89698E+08  7.56966E+08
 0.330   5.787   1.177  9.14771E+08  1.19247E+09  9.02071E+08  8.32675E+02  6.26706E+07  8.32262E+07  6.12459E+07  8.52100E+08  1.10924E+09  8.40825E+08
 0.340   5.949   0.750  8.96279E+08  1.17307E+09  8.82883E+08  9.13387E+02  4.78781E+07  6.37438E+07  4.67359E+07  8.48401E+08  1.10933E+09  8.36147E+08
 0.350   5.990   0.681  9.05719E+08  1.19522E+09  8.90947E+08  1.01685E+03  4.80970E+07  6.41420E+07  4.69126E+07  8.57622E+08  1.13108E+09  8.44034E+08
 0.360   6.609   0.638  9.25861E+08  1.22480E+09  9.10097E+08  1.08586E+03  5.65511E+07  7.52924E+07  5.52876E+07  8.69310E+08  1.14951E+09  8.54810E+08
 0.370   6.546   0.757  9.64531E+08  1.28554E+09  9.46940E+08  1.19084E+03  5.78332E+07  7.79419E+07  5.63194E+07  9.06698E+08  1.20760E+09  8.90620E+08
 0.380   7.263   0.633  9.47294E+08  1.27093E+09  9.28530E+08  1.30947E+03  6.33768E+07  8.51443E+07  6.18520E+07  8.83917E+08  1.18579E+09  8.66678E+08
 0.390   8.271   0.707  1.02161E+09  1.37590E+09  1.00022E+09  1.40822E+03  8.06599E+07  1.08642E+08  7.87769E+07  9.40947E+08  1.26726E+09  9.21448E+08
 0.400   9.172   2.148  1.20875E+09  1.63865E+09  1.18150E+09  1.54846E+03  1.39534E+08  1.89951E+08  1.36072E+08  1.06922E+09  1.44870E+09  1.04543E+09
 0.410   8.998   2.353  1.39202E+09  1.83592E+09  1.36475E+09  1.36917E+03  1.47053E+08  2.01089E+08  1.42790E+08  1.24497E+09  1.63483E+09  1.22196E+09
 0.420   8.297   2.194  1.15751E+09  1.56195E+09  1.13108E+09  1.61718E+03  1.05694E+08  1.44757E+08  1.02130E+08  1.05182E+09  1.41719E+09  1.02895E+09
 0.430   3.306   1.090  7.67274E+08  1.01216E+09  7.49982E+08  1.54865E+03  3.40421E+07  4.71199E+07  3.24106E+07  7.33232E+08  9.65040E+08  7.17572E+08
 0.440   2.457   1.145  5.63411E+08  6.97958E+08  5.52649E+08  1.16445E+03  2.30169E+07  3.19902E+07  2.16554E+07  5.40394E+08  6.65968E+08  5.30994E+08
 0.450   3.635   0.500  8.30899E+08  1.04745E+09  8.18464E+08  9.95353E+02  2.28312E+07  3.15394E+07  2.15428E+07  8.08068E+08  1.01591E+09  7.96921E+08
 0.460   5.852   1.897  1.03004E+09  1.34662E+09  1.01086E+09  1.33154E+03  7.23533E+07  9.99595E+07  6.90628E+07  9.57686E+08  1.24666E+09  9.41800E+08
 0.470   5.837   1.234  1.07339E+09  1.42297E+09  1.05191E+09  1.49398E+03  8.79883E+07  1.20644E+08  8.46244E+07  9.85397E+08  1.30232E+09  9.67283E+08
 0.480   5.619   1.442  1.24719E+09  1.66416E+09  1.22207E+09  1.55617E+03  9.88217E+07  1.36045E+08  9.51389E+07  1.14837E+09  1.52811E+09  1.12694E+09
 0.490   6.378   1.146  1.35524E+09  1.81625E+09  1.32729E+09  1.62920E+03  1.02283E+08  1.41755E+08  9.82824E+07  1.25295E+09  1.67449E+09  1.22900E+09
 0.500   8.744   0.950  1.38888E+09  1.87429E+09  1.35909E+09  1.73629E+03  1.16760E+08  1.61592E+08  1.12275E+08  1.27212E+09  1.71270E+09  1.24681E+09
