  37
 0.140  6.25000E+00  2.52735E+09  4.16991E+01
 0.150  1.10000E+01  1.09254E+10  6.53516E+01
 0.160  1.32500E+01  1.55432E+10  7.10226E+01
 0.170  1.55000E+01  2.03589E+10  7.51529E+01
 0.180  1.70000E+01  2.30823E+10  7.64098E+01
 0.190  1.87500E+01  2.59418E+10  7.71319E+01
 0.200  2.02500E+01  2.86554E+10  7.80055E+01
 0.210  2.17500E+01  3.03450E+10  7.74548E+01
 0.220  2.27500E+01  3.02829E+10  7.56558E+01
 0.230  2.42500E+01  3.27882E+10  7.62496E+01
 0.240  2.80000E+01  4.47104E+10  8.28628E+01
 0.250  3.12500E+01  5.45982E+10  8.66759E+01
 0.260  3.32500E+01  5.95806E+10  8.77790E+01
 0.270  3.52500E+01  6.30471E+10  8.76975E+01
 0.280  3.70000E+01  6.57441E+10  8.74102E+01
 0.290  3.85000E+01  6.69829E+10  8.64940E+01
 0.300  4.02500E+01  6.88349E+10  8.57542E+01
 0.310  4.15000E+01  6.91699E+10  8.46581E+01
 0.320  4.30000E+01  6.97748E+10  8.35313E+01
 0.330  4.45000E+01  7.05036E+10  8.25391E+01
 0.340  4.60000E+01  7.13979E+10  8.16955E+01
 0.350  4.75000E+01  7.26336E+10  8.10879E+01
 0.360  4.92500E+01  7.48092E+10  8.08181E+01
 0.370  5.12500E+01  7.86782E+10  8.12483E+01
 0.380  5.72500E+01  1.01549E+11  8.73341E+01
 0.390  6.37500E+01  1.30761E+11  9.39145E+01
 0.400  6.72500E+01  1.42049E+11  9.53032E+01
 0.410  6.97500E+01  1.47932E+11  9.54979E+01
 0.420  7.17500E+01  1.51567E+11  9.53072E+01
 0.430  7.40000E+01  1.54982E+11  9.48985E+01
 0.440  7.60000E+01  1.57831E+11  9.44983E+01
 0.450  7.77500E+01  1.58552E+11  9.36418E+01
 0.460  7.90000E+01  1.57001E+11  9.24425E+01
 0.470  8.05000E+01  1.55723E+11  9.12039E+01
 0.480  8.15000E+01  1.53758E+11  9.00688E+01
 0.490  8.30000E+01  1.52848E+11  8.89867E+01
 0.500  8.45000E+01  1.53297E+11  8.83227E+01
