  37
 0.140         3592 -0.12766E-01  0.65622E-02  0.35674E-01 -0.24306E+02 -0.20472E+02  0.21746E+02 -0.52870E+00 -0.18427E+00  0.82856E+00   0.938   0.500
 0.150        26876  0.24653E-01  0.12773E-03 -0.38001E-01  0.46741E+01  0.16364E+01 -0.14807E+02  0.15649E+00 -0.23425E+00  0.95950E+00   1.417   1.061
 0.160        36838 -0.81799E-03 -0.95432E-03 -0.54533E-03 -0.45693E+01  0.13951E+02 -0.10238E+02 -0.24430E+00 -0.96319E+00 -0.11218E+00   1.648   1.005
 0.170        42489  0.20269E-02 -0.16649E-02 -0.94105E-03 -0.30574E+02 -0.53946E+01  0.58550E+01 -0.58703E+00 -0.73574E+00  0.33775E+00   1.666   1.023
 0.180        46458  0.18405E-02 -0.17638E-02 -0.29907E-02 -0.92008E+02  0.49268E+02  0.39120E+02  0.37602E+00  0.53767E-01  0.92505E+00   1.768   1.236
 0.190        59040  0.11327E-02 -0.15372E-02  0.31553E-02 -0.16587E+03 -0.31849E+02  0.37475E+02 -0.51179E+00  0.48492E+00  0.70917E+00   2.334   1.334
 0.200        57882  0.10228E-02 -0.85236E-04 -0.18752E-02  0.11603E+03 -0.31798E+02 -0.86249E+02 -0.45958E+00  0.44222E+00  0.77021E+00   2.109   1.098
 0.210       146570 -0.14311E-02  0.89444E-03  0.35777E-03 -0.47181E+01  0.25277E+02 -0.93652E+02 -0.48987E+00 -0.77024E+00  0.40835E+00   2.349   0.789
 0.220       150778 -0.20620E-02 -0.35617E-02  0.74983E-03  0.90891E+02 -0.10033E+03  0.20401E+03 -0.37370E+00 -0.91813E+00  0.13181E+00   2.196   0.778
 0.230       144171  0.25460E-02  0.88131E-03  0.24481E-02 -0.17871E+02 -0.57844E+02 -0.68125E+02 -0.28685E+00 -0.93096E+00 -0.22588E+00   1.474   0.500
 0.240       109441 -0.14311E-02 -0.35777E-02 -0.20444E-03 -0.70569E+02  0.71322E+02  0.11023E+02 -0.28715E+00 -0.85111E+00 -0.43950E+00   1.459   0.500
 0.250       238638 -0.21288E-03 -0.10644E-02 -0.13837E-02 -0.24048E+02  0.43210E+02 -0.31785E+02  0.76160E+00  0.31721E+00 -0.56510E+00   3.291   2.012
 0.260       154434 -0.22143E-02  0.99644E-03 -0.13286E-02  0.58527E+02  0.16070E+01  0.16151E+03  0.63711E+00 -0.68368E-01 -0.76774E+00   4.084   1.248
 0.270       146569  0.41383E-02 -0.10346E-02  0.34486E-03 -0.11115E+03 -0.41431E+02  0.55681E+02  0.54040E+00  0.13260E+00 -0.83089E+00   4.531   1.656
 0.280        74185 -0.23843E-03 -0.71530E-03 -0.21459E-02 -0.10008E+02 -0.27099E+02 -0.35307E+02  0.31747E+00  0.30469E+00 -0.89799E+00   4.383   2.147
 0.290        66082  0.98858E-03  0.61786E-03 -0.22243E-02  0.94906E+02  0.25709E+03  0.18175E+02  0.39996E+00  0.28682E+00 -0.87050E+00   4.179   1.322
 0.300       104592  0.51105E-03 -0.25553E-02 -0.19165E-02  0.49948E+02  0.10657E+03 -0.23032E+03  0.52645E+00  0.28919E+00 -0.79951E+00   4.721   1.904
 0.310       120531  0.15840E-02 -0.33000E-02  0.17160E-02 -0.39368E+02  0.68149E+02 -0.42149E+02  0.56482E+00  0.17573E+00 -0.80629E+00   5.263   0.837
 0.320       303513  0.10900E-02 -0.10900E-02  0.40876E-03  0.76356E+02 -0.15421E+02 -0.74192E+02  0.59431E+00  0.15611E+00 -0.78894E+00   5.608   0.872
 0.330        74195  0.00000E+00 -0.70254E-03 -0.56203E-03  0.10967E+03  0.16375E+03 -0.13775E+03  0.63099E+00  0.95360E-01 -0.76991E+00   5.787   1.177
 0.340        60313  0.00000E+00  0.14484E-02 -0.57937E-03 -0.91252E+02  0.11251E+03  0.32825E+02  0.61722E+00  0.83544E-01 -0.78235E+00   5.949   0.750
 0.350       663087  0.20868E-02  0.44717E-03  0.59623E-03 -0.39174E+02  0.82825E+02  0.26829E+02  0.62138E+00  0.48257E-01 -0.78202E+00   5.990   0.681
 0.360       734020 -0.15333E-02  0.19933E-02  0.27599E-02  0.11282E+03  0.10457E+03 -0.28267E+02  0.62478E+00  0.43658E-01 -0.77958E+00   6.609   0.638
 0.370       303524  0.18910E-02  0.37819E-02  0.25213E-02 -0.85807E+02 -0.75465E+02 -0.94963E+02  0.62097E+00  0.19934E-01 -0.78358E+00   6.546   0.757
 0.380       465690  0.32367E-02 -0.48551E-03 -0.97102E-03 -0.10583E+03  0.88039E+02  0.13384E+03  0.60940E+00  0.18606E-01 -0.79264E+00   7.263   0.633
 0.390        84279  0.66420E-03  0.13284E-02 -0.26568E-02 -0.64499E+02  0.15559E+02 -0.12152E+03  0.62132E+00  0.27445E-01 -0.78308E+00   8.271   0.707
 0.400       827007 -0.68157E-03  0.23855E-02 -0.20447E-02  0.81174E+02  0.10764E+03  0.57755E+01  0.72872E+00  0.38741E-01 -0.68372E+00   9.172   2.148
 0.410       711016  0.20951E-02  0.13967E-02 -0.69836E-03  0.15244E+03 -0.19945E+03  0.10848E+03  0.63789E+00 -0.18580E+00 -0.74738E+00   8.998   2.353
 0.420        57942  0.00000E+00  0.17883E-02 -0.14306E-02  0.20193E+03 -0.18922E+03  0.19434E+02  0.67929E+00 -0.91589E-01 -0.72813E+00   8.297   2.194
 0.430       927661 -0.25647E-02  0.21983E-02  0.00000E+00  0.41283E+02  0.48953E+02  0.15463E+02  0.88649E+00 -0.58881E-01 -0.45899E+00   3.306   1.090
 0.440       760510 -0.11240E-02 -0.74932E-03  0.14986E-02  0.76899E+01  0.19258E+02  0.19367E+03  0.86300E+00 -0.10514E+00  0.49415E+00   2.457   1.145
 0.450       289935  0.11498E-02 -0.76656E-03 -0.11498E-02  0.85859E+02 -0.99142E+02 -0.20610E+02  0.88045E+00  0.31421E+00  0.35506E+00   3.635   0.500
 0.460       925993 -0.27424E-02  0.00000E+00 -0.39177E-03 -0.14619E+03 -0.35252E+02 -0.21767E+03  0.84508E+00  0.53089E+00 -0.63223E-01   5.852   1.897
 0.470       924031 -0.24026E-02  0.80086E-03 -0.40043E-03  0.82267E+02 -0.53199E+02  0.10015E+03  0.76524E+00  0.55913E+00 -0.31902E+00   5.837   1.234
 0.480        99644  0.40874E-03  0.40874E-03 -0.32699E-02 -0.13003E+03  0.15828E+03 -0.19460E+03  0.71837E+00  0.59997E+00 -0.35210E+00   5.619   1.442
 0.490       934440 -0.83471E-03  0.41735E-03  0.00000E+00  0.26725E+03  0.71267E+01  0.91592E+02  0.68825E+00  0.60577E+00 -0.39920E+00   6.378   1.146
 0.500       190105 -0.21288E-02  0.17030E-02 -0.85150E-03  0.31726E+02  0.74798E+02 -0.12916E+03  0.66601E+00  0.56981E+00 -0.48141E+00   8.744   0.950
