  13
 0.100   0.750   0.500  1.91058E-03  2.28870E-03  1.56731E-03
 0.110   0.900   0.500  1.30237E-03  1.61033E-03  1.32851E-03
 0.120   1.000   0.808  1.53946E-03  2.01851E-03  9.95615E-04
 0.130   1.022   0.708  1.93830E-02  2.57249E-02  1.13352E-02
 0.140   1.592   0.921  3.29424E-02  3.50458E-02  3.67985E-02
 0.150   1.911   0.959  1.30236E-01  1.59655E-01  8.31222E-02
 0.160   2.157   1.425  1.63576E-01  1.58160E-01  1.43453E-01
 0.170   2.556   1.336  3.48477E-01  3.90822E-01  2.41663E-01
 0.180   2.722   1.465  9.67286E-01  1.15937E+00  6.03106E-01
 0.190   2.553   1.477  9.96638E-01  1.01608E+00  7.90772E-01
 0.200   3.191   1.218  1.66221E+00  1.68482E+00  1.63270E+00
 0.210   2.486   0.941  6.16257E+00  7.15282E+00  4.62877E+00
 0.220   1.000   0.500  1.26399E+01  1.27878E+01  1.21858E+01
