  13
 0.100   5.000   0.750  3.33247E+09  2.11989E+08  2.01685E+07  2.36203E+07  3.10031E+09  6.00050E+06  5.01676E+06  5.94139E+06  1.91218E+08  4.97045E+08  2.05127E+07  2.40299E+07  4.34738E+09  1.22444E+07  7.63812E+06  9.01633E+06  3.68386E+08
 0.110   6.000   0.900  4.41620E+09  2.57158E+08  2.60684E+07  3.09587E+07  4.13297E+09  1.36623E+07  5.97001E+06  7.20722E+06  2.36113E+08  5.28361E+08  2.75909E+07  3.27628E+07  5.40765E+09  2.50079E+07  9.38040E+06  1.13038E+07  4.33067E+08
 0.120   7.250   1.000  6.22005E+09  3.82901E+08  3.75850E+07  4.49158E+07  5.79956E+09  4.11596E+06  7.24210E+06  8.86662E+06  3.00129E+08  6.39644E+08  3.93785E+07  4.70524E+07  7.46332E+09  1.54493E+07  1.05828E+07  1.29450E+07  5.00326E+08
 0.130   9.500   1.022  1.04893E+10  8.70863E+08  6.97593E+07  8.18020E+07  9.54868E+09  1.08795E+08  1.91662E+07  2.18507E+07  5.24436E+08  9.17163E+08  6.99292E+07  8.20142E+07  9.78055E+09  1.15598E+08  2.06032E+07  2.35828E+07  6.14641E+08
 0.140  12.250   1.592  1.83777E+10  1.67852E+09  1.51879E+08  1.78838E+08  1.65473E+10  3.94333E+07  3.69061E+07  4.35381E+07  8.62227E+08  1.32621E+09  1.42598E+08  1.67978E+08  1.45968E+10  7.12823E+07  4.83530E+07  5.71248E+07  1.28075E+09
 0.150  15.000   1.911  2.71918E+10  2.63426E+09  3.34966E+08  3.90961E+08  2.42226E+10  1.90097E+08  1.19085E+08  1.37904E+08  1.38126E+09  1.77135E+09  3.19390E+08  3.71866E+08  1.88698E+10  2.81387E+08  1.47950E+08  1.71677E+08  2.03631E+09
 0.160  18.000   2.157  3.90896E+10  3.28600E+09  6.00313E+08  7.20337E+08  3.52033E+10  2.09940E+08  2.61866E+08  3.11470E+08  1.94652E+09  1.75680E+09  4.85903E+08  5.79319E+08  1.96570E+10  2.76662E+08  2.89423E+08  3.44640E+08  2.53314E+09
 0.170  22.250   2.556  6.07846E+10  5.28147E+09  9.33915E+08  1.13350E+09  5.45692E+10  2.96067E+08  4.38904E+08  5.24709E+08  3.16898E+09  2.49395E+09  8.49522E+08  1.02856E+09  2.71719E+10  3.65047E+08  4.66595E+08  5.58743E+08  3.97534E+09
 0.180  24.500   2.722  6.93638E+10  5.65771E+09  1.49942E+09  1.79208E+09  6.22067E+10  7.28237E+08  8.31400E+08  9.78500E+08  3.90268E+09  3.29054E+09  1.41892E+09  1.69140E+09  3.04560E+10  8.54499E+08  8.70786E+08  1.02499E+09  4.56778E+09
 0.190  27.250   2.553  8.12614E+10  6.03696E+09  2.00813E+09  2.44235E+09  7.32163E+10  7.12953E+08  1.40730E+09  1.69344E+09  5.34271E+09  2.61962E+09  1.85640E+09  2.25112E+09  2.76526E+10  6.70370E+08  1.37168E+09  1.65008E+09  4.87240E+09
 0.200  33.250   3.191  1.28362E+11  1.07998E+10  2.84638E+09  3.49666E+09  1.14716E+11  7.98824E+08  1.91460E+09  2.34245E+09  7.81342E+09  2.48909E+09  2.27729E+09  2.79967E+09  2.93854E+10  7.59488E+08  1.89355E+09  2.31627E+09  7.39615E+09
 0.210  41.250   2.486  2.04518E+11  1.76751E+10  6.39059E+09  7.70182E+09  1.80452E+11  3.57155E+09  3.24425E+09  3.92389E+09  1.82947E+10  7.73211E+09  6.11205E+09  7.34963E+09  6.46718E+10  2.36745E+09  2.79625E+09  3.37983E+09  8.67939E+09
 0.220  44.500   1.000  2.25241E+11  1.62199E+10  9.84404E+09  1.19243E+10  1.99177E+11  2.51245E+09  5.58304E+09  6.71684E+09  1.69270E+10  5.13725E+09  6.30793E+09  7.61258E+09  4.73167E+10  1.40635E+09  4.01818E+09  4.80561E+09  2.54794E+09
