  13
 0.100 -6.53843E-02 -2.66131E-03  3.07247E-02 -2.02977E+01 -1.64078E+01  1.46479E+01 -7.01998E-01 -1.46465E-01 -6.96956E-01  6.96339E+00   0.750   0.500  1.28972E+07  1.23018E+07  4.29587E+05  0.00000E+00  2.60223E+07  1.91058E-03  1.62943E+02   7.223   7.196
 0.110  4.24520E-02  3.01657E-02 -1.24593E-01 -3.87730E+01 -5.79394E+01  3.40243E+01 -7.13840E-01  6.71699E-01 -1.98123E-01  1.61192E+01   0.900   0.500  2.31775E+07  2.27537E+07  7.43171E+05  9.46973E+04  3.89087E+07  1.30237E-03  2.34435E+02   6.921   7.179
 0.120 -2.05305E-01  1.06709E-01 -2.08227E-01 -4.11641E+01 -3.77039E+01  2.24323E+01 -4.96454E-01  6.58680E-01  5.65397E-01  3.13472E+01   1.000   0.808  1.70656E+07  1.65810E+07  1.40250E+06  4.17703E+05  6.12729E+07  1.53946E-03  3.42277E+02   6.959   7.175
 0.130 -1.60934E-01  5.85295E-02 -6.62449E-02 -2.63182E+01  1.17957E+01  1.25711E+01  1.35182E-01  9.82992E-01 -1.24310E-01  1.69866E+01   1.022   0.708  1.13916E+08  1.11799E+08  1.14705E+06  5.31049E+04  2.35281E+07  1.93830E-02  2.06739E+01   7.336   7.240
 0.140  1.98041E-01  2.29497E-01 -1.01459E-01 -1.24167E+01 -3.18351E+00 -1.40618E+01 -4.91178E-01  2.13988E-01  8.44366E-01  2.34962E+01   1.592   0.921  7.41259E+07  7.21488E+07  6.62082E+06  1.54833E+06  1.40504E+08  3.29424E-02  1.94285E+02   7.721   7.411
 0.150 -5.49325E-02  2.32242E-01 -1.85657E-01 -6.30481E+00 -1.74555E+01  2.78057E+01 -8.85892E-01  1.31949E-01  4.44730E-01  2.36663E+01   1.911   0.959  2.56601E+08  2.47320E+08  1.24974E+07  2.70436E+06  1.89722E+08  1.30236E-01  1.29609E+02   7.880   7.611
 0.160 -2.70938E-01  5.47549E-02 -3.25312E-01 -1.34643E+00 -3.01416E+01 -3.04388E+01 -7.68095E-01 -4.71195E-01  4.33596E-01  4.75569E+01   2.157   1.425  2.67816E+08  2.66305E+08  1.69135E+07  1.21327E+06  1.61371E+08  1.63576E-01  9.92053E+01   7.862   7.982
 0.170 -1.78321E-02  9.20385E-03 -9.14942E-02  5.31313E+00 -3.76606E+00 -1.17923E+01 -2.06172E-01 -1.47430E-01  9.67346E-01  2.47953E+01   2.556   1.336  3.40738E+08  3.37783E+08  4.26001E+07  6.16282E+06  3.02124E+08  3.48477E-01  1.63396E+02   8.154   8.010
 0.180 -2.79596E-02  1.95484E-01  1.80169E-01  8.16459E+00 -1.59490E+01  4.93280E+00  7.36379E-01  3.13247E-01 -5.99685E-01  4.37888E+01   2.722   1.465  7.64345E+08  7.70638E+08  9.77547E+07  1.37083E+07  4.02472E+08  9.67286E-01  1.54445E+02   8.199   7.994
 0.190 -1.58694E-01  4.70050E-02  1.67177E-01  1.36933E+01  7.90432E+00 -4.47453E+00 -2.85265E-01 -2.17093E-01 -9.33539E-01  4.65896E+01   2.553   1.477  5.93984E+08  6.32079E+08  1.40831E+08  1.79480E+07  3.31223E+08  9.96638E-01  1.64186E+02   8.383   8.220
 0.200 -1.97616E-01  5.02690E-02 -3.72559E-02  1.25027E+01  9.55884E+00 -9.60205E+00 -2.61408E-01 -7.96276E-02 -9.61938E-01  8.94788E+01   3.191   1.218  6.75766E+08  7.86979E+08  3.50351E+08  2.13453E+07  4.37972E+08  1.66221E+00  1.68185E+02   8.413   8.483
 0.210 -2.83849E-02  2.27790E-01  7.37342E-02  2.69660E+01  4.82915E+01  6.59176E+01  4.16341E-01  3.65833E-01 -8.32362E-01  1.04532E+02   2.486   0.941  2.07636E+09  2.43614E+09  8.63490E+08  6.17029E+07  1.05054E+09  6.16257E+00  1.75915E+02   8.228   8.483
 0.220 -1.09043E-02  9.28021E-03 -5.17769E-03 -3.37038E-01  2.98528E+00 -1.12457E+01 -9.18282E-02 -7.42117E-01 -6.63951E-01  2.95619E+01   1.000   0.500  1.31584E+09  2.40936E+09  1.78398E+09  1.23155E+07  1.83070E+08  1.26399E+01  1.31277E+02   8.669   8.585
