  13
 0.100  5.00000E+00  3.33247E+09  5.35343E+01
 0.110  6.00000E+00  4.41620E+09  5.62578E+01
 0.120  7.25000E+00  6.22005E+09  6.07382E+01
 0.130  9.50000E+00  1.04893E+10  6.89042E+01
 0.140  1.22500E+01  1.83777E+10  8.03177E+01
 0.150  1.50000E+01  2.71918E+10  8.82892E+01
 0.160  1.80000E+01  3.90896E+10  9.66337E+01
 0.170  2.22500E+01  6.07846E+10  1.08384E+02
 0.180  2.45000E+01  6.93638E+10  1.10336E+02
 0.190  2.72500E+01  8.12614E+10  1.13238E+02
 0.200  3.32500E+01  1.28362E+11  1.28842E+02
 0.210  4.12500E+01  2.04518E+11  1.46012E+02
 0.220  4.45000E+01  2.25241E+11  1.47529E+02
