  13
 0.100 -6.53843E-02 -2.66131E-03  3.07247E-02 -2.02977E+01 -1.64078E+01  1.46479E+01   0.750  1.22444E+07  1.37652E+07  7.63812E+06  0.00000E+00  3.68386E+08  2.29492E-02  1.72324E+02   7.218   7.181
 0.110  4.24520E-02  3.01657E-02 -1.24593E-01 -3.87730E+01 -5.79394E+01  3.40243E+01   0.900  2.50079E+07  2.56116E+07  9.38040E+06  2.71580E+06  4.33067E+08  1.00866E-02  2.40597E+02   6.905   7.151
 0.120 -2.05305E-01  1.06709E-01 -2.08227E-01 -4.11641E+01 -3.77039E+01  2.24323E+01   1.000  1.54493E+07  1.57616E+07  1.05828E+07  4.20730E+06  5.00326E+08  6.21923E-03  3.07909E+02   6.925   7.164
 0.130 -1.60934E-01  5.85295E-02 -6.62449E-02 -2.63182E+01  1.17957E+01  1.25711E+01   1.022  1.15598E+08  1.23340E+08  2.06032E+07  6.13309E+06  6.14641E+08  1.90416E-01  1.80745E+02   7.339   7.190
 0.140  1.98041E-01  2.29497E-01 -1.01459E-01 -1.24167E+01 -3.18351E+00 -1.40618E+01   1.592  7.12823E+07  8.84078E+07  4.83530E+07  1.45409E+07  1.28075E+09  2.80090E-01  2.18645E+02   7.729   7.381
 0.150 -5.49325E-02  2.32242E-01 -1.85657E-01 -6.30481E+00 -1.74555E+01  2.78057E+01   1.911  2.81387E+08  3.38688E+08  1.47950E+08  3.59664E+07  2.03631E+09  1.20868E+00  1.64114E+02   7.904   7.646
 0.160 -2.70938E-01  5.47549E-02 -3.25312E-01 -1.34643E+00 -3.01416E+01 -3.04388E+01   2.157  2.76662E+08  3.66129E+08  2.89423E+08  8.48462E+07  2.53314E+09  8.15674E-01  1.83413E+02   7.866   7.815
 0.170 -1.78321E-02  9.20385E-03 -9.14942E-02  5.31313E+00 -3.76606E+00 -1.17923E+01   2.556  3.65047E+08  4.86938E+08  4.66595E+08  1.10539E+08  3.97534E+09  1.89877E+00  2.16591E+02   8.145   7.908
 0.180 -2.79596E-02  1.95484E-01  1.80169E-01  8.16459E+00 -1.59490E+01  4.93280E+00   2.722  8.54499E+08  1.18798E+09  8.70786E+08  1.27614E+08  4.56778E+09  5.95577E+00  1.94864E+02   8.180   8.073
 0.190 -1.58694E-01  4.70050E-02  1.67177E-01  1.36933E+01  7.90432E+00 -4.47453E+00   2.553  6.70370E+08  1.02121E+09  1.37168E+09  2.43596E+08  4.87240E+09  4.45949E+00  2.39556E+02   8.361   8.226
 0.200 -1.97616E-01  5.02690E-02 -3.72559E-02  1.25027E+01  9.55884E+00 -9.60205E+00   3.191  7.59488E+08  1.08085E+09  1.89355E+09  3.60860E+08  7.39615E+09  4.07462E+00  2.99480E+02   8.387   8.328
 0.210 -2.83849E-02  2.27790E-01  7.37342E-02  2.69660E+01  4.82915E+01  6.59176E+01   2.486  2.36745E+09  3.13008E+09  2.79625E+09  4.22508E+08  8.67939E+09  1.22331E+01  2.97860E+02   8.209   8.367
 0.220 -1.09043E-02  9.28021E-03 -5.17769E-03 -3.37038E-01  2.98528E+00 -1.12457E+01   1.000  1.40635E+09  3.05450E+09  4.01818E+09  1.59884E+08  2.54794E+09  1.87612E+01  2.39002E+02   8.652   8.512
