  13
 0.100  7.50000E-01  1.22444E+07  7.63812E+06  9.01633E+06  1.15360E+07  2.22921E+06  3.68386E+08  2.29492E-02
 0.110  9.00000E-01  2.50079E+07  9.38040E+06  1.13038E+07  2.44078E+07  1.20381E+06  4.33067E+08  1.00866E-02
 0.120  1.08750E+00  1.92212E+07  1.19640E+07  1.46295E+07  1.86131E+07  8.20373E+05  5.63677E+08  6.89116E-03
 0.130  1.42500E+00  1.74876E+08  3.03376E+07  3.50184E+07  1.68315E+08  1.48564E+07  1.18738E+09  2.50777E-01
 0.140  1.83750E+00  9.72558E+07  5.57698E+07  6.58622E+07  9.02598E+07  2.60251E+07  1.58528E+09  3.06147E-01
 0.150  2.25000E+00  3.55162E+08  1.70706E+08  1.98181E+08  3.29471E+08  8.78598E+07  2.66175E+09  1.35718E+00
 0.160  2.70000E+00  3.87749E+08  3.28251E+08  3.91071E+08  3.64587E+08  1.13281E+08  3.52082E+09  9.31488E-01
 0.170  3.33750E+00  5.33724E+08  5.18516E+08  6.22483E+08  4.87914E+08  1.54990E+08  6.10509E+09  1.93505E+00
 0.180  3.67500E+00  1.28247E+09  9.77848E+08  1.15254E+09  1.18653E+09  4.35920E+08  7.14906E+09  6.60254E+00
 0.190  4.08750E+00  1.11083E+09  1.62391E+09  1.95953E+09  1.01690E+09  4.28485E+08  9.36669E+09  4.79074E+00
 0.200  4.98750E+00  1.31003E+09  2.10457E+09  2.58028E+09  1.18354E+09  3.88072E+08  1.30795E+10  4.25990E+00
 0.210  6.18750E+00  5.17133E+09  3.90751E+09  4.72450E+09  4.79524E+09  1.22227E+09  3.43332E+10  1.76820E+01
 0.220  6.67500E+00  3.50308E+09  5.90965E+09  7.12100E+09  3.17055E+09  2.17101E+09  2.82235E+10  2.35982E+01
