  13
 0.100   0.750  2.29492E-02  2.28555E-02  2.50405E-02
 0.110   0.900  1.00866E-02  1.25363E-02  1.22969E-02
 0.120   1.000  6.21923E-03  5.11351E-03  8.74810E-03
 0.130   1.022  1.90416E-01  2.38506E-01  1.19617E-01
 0.140   1.592  2.80090E-01  2.86202E-01  2.55250E-01
 0.150   1.911  1.20868E+00  1.39213E+00  8.53984E-01
 0.160   2.157  8.15674E-01  6.51739E-01  1.17753E+00
 0.170   2.556  1.89877E+00  1.82923E+00  1.70230E+00
 0.180   2.722  5.95577E+00  6.61420E+00  4.35641E+00
 0.190   2.553  4.45949E+00  4.66259E+00  4.31180E+00
 0.200   3.191  4.07462E+00  4.05648E+00  4.11881E+00
 0.210   2.486  1.22331E+01  1.40973E+01  9.35206E+00
 0.220   1.000  1.87612E+01  1.89941E+01  1.84136E+01
