  43
 0.140   1.547   1.101  7.21669E+06  8.08008E+06  7.18695E+06  9.55415E+01  0.00000E+00  0.00000E+00  0.00000E+00  7.21669E+06  8.08008E+06  7.18695E+06
 0.150   1.799   1.312  4.33622E+06  5.02257E+06  4.31914E+06  1.12252E+02  3.61758E+05  4.37869E+05  3.58423E+05  3.97446E+06  4.58470E+06  3.96072E+06
 0.160   1.476   0.842  6.28391E+06  7.49734E+06  6.24534E+06  1.77932E+02  1.30997E+06  1.59196E+06  1.29895E+06  4.97394E+06  5.90539E+06  4.94639E+06
 0.170   1.842   0.798  1.16468E+07  1.38159E+07  1.15582E+07  2.14627E+02  2.51881E+06  3.14154E+06  2.48474E+06  9.12801E+06  1.06744E+07  9.07351E+06
 0.180   1.942   1.098  9.99611E+06  1.21537E+07  9.91365E+06  2.58596E+02  4.32373E+06  5.41956E+06  4.27238E+06  5.67238E+06  6.73415E+06  5.64127E+06
 0.190   2.349   1.340  1.25507E+07  1.54846E+07  1.23942E+07  3.76737E+02  5.37828E+06  6.85181E+06  5.28635E+06  7.17239E+06  8.63283E+06  7.10788E+06
 0.200   2.136   1.144  1.72705E+07  2.11811E+07  1.70666E+07  3.77393E+02  5.04179E+06  6.45924E+06  4.94861E+06  1.22287E+07  1.47219E+07  1.21180E+07
 0.210   2.654   1.696  2.15258E+07  2.65488E+07  2.12353E+07  4.41004E+02  6.31766E+06  8.09007E+06  6.20277E+06  1.52081E+07  1.84587E+07  1.50325E+07
 0.220   2.607   1.767  2.44925E+07  3.12753E+07  2.39951E+07  6.55155E+02  6.53795E+06  8.48521E+06  6.37419E+06  1.79546E+07  2.27901E+07  1.76209E+07
 0.230   3.753   1.930  2.83586E+07  3.56368E+07  2.78927E+07  5.71697E+02  1.10819E+07  1.42510E+07  1.08537E+07  1.72766E+07  2.13858E+07  1.70390E+07
 0.240   3.438   2.077  3.30020E+07  4.22752E+07  3.23050E+07  7.45828E+02  9.71465E+06  1.27057E+07  9.44871E+06  2.32873E+07  2.95696E+07  2.28562E+07
 0.250   4.937   2.737  6.66326E+07  8.18899E+07  6.56840E+07  5.34139E+02  1.43140E+07  1.87070E+07  1.39336E+07  5.23187E+07  6.31829E+07  5.17504E+07
 0.260   5.558   2.879  6.53034E+07  8.26364E+07  6.42813E+07  6.27308E+02  1.66891E+07  2.18715E+07  1.62506E+07  4.86142E+07  6.07650E+07  4.80306E+07
 0.270   5.813   2.054  7.26588E+07  9.25769E+07  7.13502E+07  7.40980E+02  2.05837E+07  2.72181E+07  1.99758E+07  5.20752E+07  6.53588E+07  5.13744E+07
 0.280   4.545   3.263  7.41319E+07  9.12930E+07  7.29807E+07  6.45313E+02  1.86528E+07  2.47761E+07  1.80834E+07  5.54791E+07  6.65170E+07  5.48973E+07
 0.290   4.417   2.917  6.94617E+07  8.83003E+07  6.82817E+07  7.47473E+02  1.76733E+07  2.34282E+07  1.71198E+07  5.17885E+07  6.48721E+07  5.11619E+07
 0.300   5.637   3.544  1.20384E+08  1.49950E+08  1.18926E+08  5.72774E+02  3.47809E+07  4.44944E+07  3.40695E+07  8.56033E+07  1.05456E+08  8.48566E+07
 0.310   6.365   5.031  8.49920E+07  1.06935E+08  8.38836E+07  6.31723E+02  1.12863E+07  1.51839E+07  1.08262E+07  7.37057E+07  9.17513E+07  7.30574E+07
 0.320   5.302   2.247  3.00025E+08  3.57939E+08  2.97609E+08  4.20024E+02  3.07429E+07  4.12715E+07  2.96899E+07  2.69282E+08  3.16667E+08  2.67919E+08
 0.330   8.121   2.870  5.88513E+08  7.22481E+08  5.82086E+08  5.62393E+02  1.32895E+08  1.78528E+08  1.28328E+08  4.55618E+08  5.43953E+08  4.53759E+08
 0.340   9.244   3.581  1.47051E+09  1.80769E+09  1.46137E+09  3.82623E+02  1.87786E+08  2.47050E+08  1.82643E+08  1.28273E+09  1.56064E+09  1.27873E+09
 0.350  10.409   5.136  1.28173E+09  1.59444E+09  1.27228E+09  4.79194E+02  1.79791E+08  2.39862E+08  1.74820E+08  1.10193E+09  1.35458E+09  1.09746E+09
 0.360   9.667   6.573  1.98586E+09  2.51505E+09  1.97045E+09  5.44438E+02  3.02371E+08  4.03894E+08  2.94707E+08  1.68349E+09  2.11116E+09  1.67574E+09
 0.370  11.764   5.840  1.81343E+09  2.33049E+09  1.79631E+09  6.66952E+02  3.46358E+08  4.60766E+08  3.37957E+08  1.46707E+09  1.86973E+09  1.45836E+09
 0.380  11.740   4.655  1.55296E+09  2.01013E+09  1.53650E+09  7.69693E+02  2.75927E+08  3.70496E+08  2.68676E+08  1.27703E+09  1.63963E+09  1.26782E+09
 0.390  10.668   4.337  2.06143E+09  2.63338E+09  2.04095E+09  7.37187E+02  2.87451E+08  3.87188E+08  2.79701E+08  1.77398E+09  2.24619E+09  1.76125E+09
 0.400  10.920   4.751  1.88660E+09  2.44474E+09  1.86489E+09  8.43119E+02  2.51695E+08  3.38871E+08  2.44647E+08  1.63490E+09  2.10586E+09  1.62024E+09
 0.410  10.719   4.741  2.21951E+09  2.88007E+09  2.19356E+09  8.67304E+02  2.78309E+08  3.72866E+08  2.70805E+08  1.94120E+09  2.50720E+09  1.92276E+09
 0.420  12.915   4.989  2.66124E+09  3.42934E+09  2.63098E+09  8.51828E+02  3.22841E+08  4.37455E+08  3.13891E+08  2.33839E+09  2.99189E+09  2.31709E+09
 0.430  12.802   4.531  2.69267E+09  3.49054E+09  2.66016E+09  9.07056E+02  3.02918E+08  4.10534E+08  2.94034E+08  2.38975E+09  3.08000E+09  2.36612E+09
 0.440  12.938   5.341  4.01873E+09  5.22078E+09  3.97039E+09  9.34297E+02  5.13105E+08  6.96534E+08  4.99654E+08  3.50562E+09  4.52425E+09  3.47073E+09
 0.450  12.733   4.081  4.09729E+09  5.37569E+09  4.04331E+09  1.03166E+03  4.63495E+08  6.35719E+08  4.49570E+08  3.63379E+09  4.73997E+09  3.59374E+09
 0.460  13.622   4.391  5.09054E+09  6.62687E+09  5.02847E+09  9.94487E+02  6.23918E+08  8.52193E+08  6.07737E+08  4.46662E+09  5.77467E+09  4.42073E+09
 0.470  12.390   5.915  5.26165E+09  6.88400E+09  5.19425E+09  1.05614E+03  5.33062E+08  7.36881E+08  5.16338E+08  4.72858E+09  6.14712E+09  4.67791E+09
 0.480  12.298   3.370  5.33034E+09  6.98960E+09  5.26219E+09  1.07704E+03  5.12472E+08  7.02512E+08  4.97654E+08  4.81787E+09  6.28709E+09  4.76453E+09
 0.490  12.026   4.372  6.24643E+09  8.15417E+09  6.17113E+09  1.05151E+03  5.65315E+08  7.80349E+08  5.48387E+08  5.68111E+09  7.37383E+09  5.62274E+09
 0.500  11.992   3.409  6.94231E+09  9.06076E+09  6.85855E+09  1.07036E+03  5.03450E+08  6.98338E+08  4.86433E+08  6.43886E+09  8.36243E+09  6.37212E+09
 0.510  10.623   4.562  7.59294E+09  9.97003E+09  7.50076E+09  1.11139E+03  5.15932E+08  7.17204E+08  4.98159E+08  7.07700E+09  9.25282E+09  7.00260E+09
 0.520   9.997   3.439  8.30280E+09  1.08605E+10  8.20327E+09  1.10807E+03  4.78591E+08  6.65150E+08  4.61279E+08  7.82421E+09  1.01954E+10  7.74199E+09
 0.530   9.533   3.536  8.60027E+09  1.13162E+10  8.49365E+09  1.15543E+03  4.50653E+08  6.24105E+08  4.34629E+08  8.14961E+09  1.06921E+10  8.05902E+09
 0.540  10.682   3.725  9.44373E+09  1.25020E+10  9.32244E+09  1.22672E+03  6.19827E+08  8.54794E+08  6.00188E+08  8.82390E+09  1.16472E+10  8.72225E+09
 0.550   8.093   2.071  8.28293E+09  1.09675E+10  8.17301E+09  1.25395E+03  3.13187E+08  4.36023E+08  3.00354E+08  7.96974E+09  1.05314E+10  7.87265E+09
 0.560   7.653   2.034  8.52238E+09  1.13419E+10  8.40243E+09  1.32964E+03  2.86323E+08  3.98108E+08  2.73811E+08  8.23605E+09  1.09438E+10  8.12862E+09
