  43
 0.140   1.547   1.101  8.64333E-02  1.12330E-01  5.19601E-02
 0.150   1.799   1.312  2.37471E-02  2.73026E-02  2.47684E-02
 0.160   1.476   0.842  1.48562E-02  1.93661E-02  8.98449E-03
 0.170   1.842   0.798  7.39104E-02  8.98524E-02  4.81505E-02
 0.180   1.942   1.098  3.20984E-02  3.51638E-02  2.45629E-02
 0.190   2.349   1.340  3.65235E-02  4.70003E-02  2.16508E-02
 0.200   2.136   1.144  7.10237E-02  8.98768E-02  4.89617E-02
 0.210   2.654   1.696  9.20934E-02  1.09531E-01  5.77686E-02
 0.220   2.607   1.767  2.07471E-02  1.66922E-02  2.36304E-02
 0.230   3.753   1.930  7.49926E-02  8.21727E-02  4.76851E-02
 0.240   3.438   2.077  3.93853E-02  4.13363E-02  3.58004E-02
 0.250   4.937   2.737  3.09125E-01  3.05429E-01  2.89959E-01
 0.260   5.558   2.879  4.99587E-02  5.53104E-02  5.09349E-02
 0.270   5.813   2.054  1.10942E-01  1.35126E-01  1.07741E-01
 0.280   4.545   3.263  4.32859E-01  4.40671E-01  3.57871E-01
 0.290   4.417   2.917  4.67652E-02  3.99923E-02  6.51821E-02
 0.300   5.637   3.544  2.66743E-01  2.82459E-01  2.02795E-01
 0.310   6.365   5.031  6.66693E-02  6.58288E-02  1.07206E-01
 0.320   5.302   2.247  2.52615E+00  2.87363E+00  1.80537E+00
 0.330   8.121   2.870  2.40472E+00  2.30863E+00  2.43650E+00
 0.340   9.244   3.581  2.34710E+00  2.42047E+00  2.52127E+00
 0.350  10.409   5.136  3.29832E+00  3.54962E+00  2.90192E+00
 0.360   9.667   6.573  2.28301E+00  2.24462E+00  2.19797E+00
 0.370  11.764   5.840  1.03620E+00  1.07681E+00  1.15021E+00
 0.380  11.740   4.655  1.77352E+00  1.98656E+00  1.47080E+00
 0.390  10.668   4.337  5.79017E+00  6.28752E+00  4.55343E+00
 0.400  10.920   4.751  2.08137E+00  1.89609E+00  2.44690E+00
 0.410  10.719   4.741  2.81269E+00  2.97197E+00  2.46454E+00
 0.420  12.915   4.989  4.52820E+00  4.33133E+00  4.46787E+00
 0.430  12.802   4.531  3.21917E+00  3.34430E+00  2.95155E+00
 0.440  12.938   5.341  4.85238E+00  4.60037E+00  5.07356E+00
 0.450  12.733   4.081  2.80202E+00  2.82813E+00  2.77694E+00
 0.460  13.622   4.391  8.22636E+00  8.94874E+00  6.99473E+00
 0.470  12.390   5.915  5.45468E+00  5.44147E+00  5.47629E+00
 0.480  12.298   3.370  5.30623E+00  5.43566E+00  5.16650E+00
 0.490  12.026   4.372  7.31374E+00  6.55954E+00  8.12159E+00
 0.500  11.992   3.409  9.45010E+00  9.37232E+00  8.91405E+00
 0.510  10.623   4.562  6.18439E+00  5.97654E+00  6.36364E+00
 0.520   9.997   3.439  1.04277E+01  1.01425E+01  1.08180E+01
 0.530   9.533   3.536  7.00357E+00  7.12711E+00  6.60444E+00
 0.540  10.682   3.725  6.59379E+00  6.48440E+00  6.43042E+00
 0.550   8.093   2.071  6.54520E+00  6.96295E+00  5.99116E+00
 0.560   7.653   2.034  5.59866E+00  5.40207E+00  5.60643E+00
