  43
 0.140  1.72500E+00  2.39799E+08  3.64015E+07  4.18582E+07  2.25443E+08  1.86153E+07  1.42358E+09  3.34070E-01
 0.150  1.98750E+00  6.71334E+07  8.18861E+07  9.65709E+07  5.92403E+07  4.47015E+07  1.77550E+09  2.54710E-01
 0.160  2.21250E+00  1.09745E+08  7.76013E+07  9.43530E+07  1.04676E+08  4.76403E+06  1.54687E+09  4.66735E-02
 0.170  2.36250E+00  2.90080E+08  1.21260E+08  1.48051E+08  2.70827E+08  2.27396E+07  2.20740E+09  3.23986E-01
 0.180  2.51250E+00  1.98954E+08  1.72687E+08  2.11394E+08  1.72536E+08  3.97977E+07  2.42523E+09  4.13406E-01
 0.190  2.70000E+00  2.66119E+08  1.78036E+08  2.22824E+08  2.46985E+08  6.67955E+06  2.46713E+09  1.16567E-01
 0.200  2.85000E+00  1.88835E+08  1.90874E+08  2.42103E+08  1.64710E+08  9.74487E+06  2.94509E+09  1.03140E-01
 0.210  3.11250E+00  4.70687E+08  2.18756E+08  2.77904E+08  4.28195E+08  1.83314E+07  3.41341E+09  2.95083E-01
 0.220  3.45000E+00  2.24169E+08  2.66847E+08  3.39047E+08  1.87823E+08  2.91922E+07  3.91573E+09  2.34559E-01
 0.230  4.08750E+00  3.86424E+08  2.99184E+08  3.84124E+08  3.19819E+08  1.35311E+07  5.03959E+09  1.91417E-01
 0.240  4.76250E+00  6.67083E+08  3.39649E+08  4.36782E+08  5.54267E+08  2.59779E+07  6.47772E+09  3.67600E-01
 0.250  5.32500E+00  7.79796E+08  4.03005E+08  5.17324E+08  6.47944E+08  4.16659E+07  9.01078E+09  4.87099E-01
 0.260  6.30000E+00  9.74101E+08  4.10943E+08  5.33425E+08  7.94959E+08  1.74500E+07  8.55185E+09  1.90926E-01
 0.270  7.12500E+00  1.86102E+09  6.00046E+08  7.82035E+08  1.61493E+09  2.87065E+07  1.32714E+10  3.72836E-01
 0.280  7.65000E+00  2.45834E+09  9.62652E+08  1.20479E+09  2.12295E+09  3.01037E+08  1.52623E+10  2.68006E+00
 0.290  8.13750E+00  1.60770E+09  1.13812E+09  1.44545E+09  1.31393E+09  1.02962E+08  1.56125E+10  1.01711E+00
 0.300  8.62500E+00  2.99454E+09  1.65367E+09  2.07403E+09  2.52913E+09  2.69761E+08  1.89491E+10  3.89660E+00
 0.310  9.41250E+00  2.82194E+09  1.62029E+09  2.07351E+09  2.45365E+09  1.17023E+08  2.01581E+10  8.58989E-01
 0.320  1.03500E+01  5.18584E+09  2.53587E+09  3.17901E+09  4.57354E+09  6.72396E+08  2.43589E+10  7.94885E+00
 0.330  1.13625E+01  6.09835E+09  5.26864E+09  6.50125E+09  5.18760E+09  1.68780E+09  4.61654E+10  1.68189E+01
 0.340  1.20000E+01  5.53556E+09  5.92292E+09  7.50205E+09  4.77516E+09  4.23618E+08  4.20202E+10  3.95206E+00
 0.350  1.25250E+01  7.11419E+09  6.97386E+09  8.96600E+09  6.15249E+09  4.61827E+08  4.87746E+10  5.41539E+00
 0.360  1.30125E+01  5.04006E+09  7.31381E+09  9.52400E+09  4.26123E+09  2.62720E+08  4.71463E+10  3.03792E+00
 0.370  1.34250E+01  5.67709E+09  7.42908E+09  9.77912E+09  4.90036E+09  1.58406E+08  4.62462E+10  1.60729E+00
 0.380  1.37250E+01  8.38627E+09  7.81439E+09  1.03658E+10  7.49859E+09  2.09171E+08  4.95595E+10  2.69238E+00
 0.390  1.39875E+01  1.21491E+10  8.72583E+09  1.15174E+10  1.05442E+10  7.54067E+08  5.48379E+10  1.02376E+01
 0.400  1.42875E+01  8.34823E+09  9.58355E+09  1.26873E+10  7.34044E+09  5.90193E+08  5.86829E+10  5.13885E+00
 0.410  1.45125E+01  9.70477E+09  1.01645E+10  1.34876E+10  8.54266E+09  5.55292E+08  5.75195E+10  6.52876E+00
 0.420  1.48125E+01  9.46478E+09  1.12213E+10  1.49032E+10  8.20875E+09  6.63614E+08  5.92891E+10  7.41371E+00
 0.430  1.52250E+01  1.17684E+10  1.18675E+10  1.58385E+10  1.06805E+10  4.31021E+08  6.18540E+10  5.11850E+00
 0.440  1.56000E+01  1.14059E+10  1.27097E+10  1.70079E+10  1.00125E+10  5.42063E+08  6.61767E+10  5.83572E+00
 0.450  1.59750E+01  1.09828E+10  1.30222E+10  1.75380E+10  9.86574E+09  3.02198E+08  6.77555E+10  3.23190E+00
 0.460  1.64250E+01  1.47552E+10  1.40120E+10  1.88403E+10  1.30670E+10  6.87660E+08  7.00719E+10  9.17082E+00
 0.470  1.69125E+01  1.14870E+10  1.49302E+10  2.01085E+10  1.00091E+10  6.10779E+08  7.33043E+10  6.60221E+00
 0.480  1.74000E+01  1.17940E+10  1.55897E+10  2.10555E+10  1.05082E+10  5.14989E+08  7.43113E+10  6.14385E+00
 0.490  1.78875E+01  1.33003E+10  1.69502E+10  2.28793E+10  1.16921E+10  7.64748E+08  8.07457E+10  8.01209E+00
 0.500  1.83375E+01  1.38307E+10  1.79475E+10  2.42348E+10  1.21987E+10  8.66537E+08  8.37824E+10  1.03035E+01
 0.510  1.87875E+01  1.33617E+10  1.90404E+10  2.57631E+10  1.17117E+10  6.88505E+08  8.60296E+10  7.45855E+00
 0.520  1.91625E+01  1.20752E+10  2.06028E+10  2.78316E+10  1.03641E+10  1.08720E+09  8.93644E+10  1.18151E+01
 0.530  1.96125E+01  1.00209E+10  2.14428E+10  2.90741E+10  8.62601E+09  6.69658E+08  8.84449E+10  7.81135E+00
 0.540  2.01000E+01  8.66276E+09  2.22892E+10  3.03258E+10  7.34238E+09  6.17615E+08  9.04717E+10  7.13121E+00
 0.550  2.07750E+01  7.14603E+09  2.32928E+10  3.17618E+10  5.93278E+09  7.41321E+08  9.51430E+10  8.82227E+00
 0.560  2.17875E+01  5.84600E+09  2.41188E+10  3.29724E+10  4.78599E+09  6.18769E+08  9.89076E+10  6.82455E+00
