  43
 0.140  7.27597E+07  1.78116E+07  2.07625E+07  6.83960E+07  7.17522E+06  4.62415E+08  1.29080E-01
 0.150  7.07440E+06  3.88614E+07  4.59275E+07  6.02350E+06  2.30351E+07  5.21859E+08  8.31053E-02
 0.160  3.97056E+07  2.16577E+07  2.64061E+07  3.89528E+07  1.18776E+06  3.79277E+08  1.50857E-02
 0.170  6.92123E+07  2.99506E+07  3.61804E+07  6.52806E+07  8.15696E+06  4.97832E+08  1.40761E-01
 0.180  3.80094E+07  6.03885E+07  7.31965E+07  3.39777E+07  1.96305E+07  4.95587E+08  1.79190E-01
 0.190  2.93049E+07  5.46309E+07  6.81844E+07  2.75306E+07  1.26407E+06  4.43460E+08  2.26433E-02
 0.200  9.99803E+06  5.72224E+07  7.25155E+07  8.17547E+06  1.29176E+06  4.72059E+08  4.50570E-03
 0.210  3.85385E+07  6.08436E+07  7.74548E+07  3.55202E+07  3.06076E+06  4.82867E+08  5.35099E-02
 0.220  3.39841E+07  7.05769E+07  8.96819E+07  3.19159E+07  6.53472E+06  4.74803E+08  6.20293E-02
 0.230  3.40949E+07  7.05210E+07  9.10704E+07  3.21474E+07  1.74672E+06  5.07227E+08  2.11325E-02
 0.240  2.97639E+07  8.39089E+07  1.07947E+08  2.69768E+07  7.46230E+06  5.29175E+08  1.02706E-01
 0.250  1.81612E+07  8.17619E+07  1.05429E+08  1.64578E+07  5.67226E+06  5.10552E+08  4.08647E-02
 0.260  1.10282E+07  7.66831E+07  1.00073E+08  1.04704E+07  1.32222E+06  4.30241E+08  5.58463E-03
 0.270  6.89638E+07  9.16690E+07  1.20211E+08  6.59335E+07  2.65543E+06  5.61100E+08  4.21121E-02
 0.280  3.01124E+07  1.37760E+08  1.68648E+08  2.79101E+07  7.10648E+07  4.72142E+08  1.85744E-01
 0.290  9.26724E+07  1.64492E+08  2.08621E+08  8.74856E+07  2.40963E+07  6.07990E+08  3.45662E-01
 0.300  1.97954E+08  3.20624E+08  3.92963E+08  1.89374E+08  1.13818E+08  7.28873E+08  1.84874E+00
 0.310  4.11007E+07  3.84386E+08  4.79280E+08  3.83516E+07  6.19694E+07  6.33680E+08  3.72629E-01
 0.320  4.97500E+08  8.80382E+08  1.08294E+09  4.87912E+08  3.09837E+08  1.09360E+09  2.87717E+00
 0.330  6.13166E+08  2.59551E+09  3.11827E+09  6.04758E+08  1.14073E+09  1.46215E+09  1.06211E+01
 0.340  2.31536E+08  2.84587E+09  3.53679E+09  2.26760E+08  2.52577E+08  1.39797E+09  1.99129E+00
 0.350  1.72973E+08  2.98563E+09  3.78567E+09  1.67377E+08  1.95869E+08  1.42848E+09  2.24462E+00
 0.360  8.15503E+07  2.78801E+09  3.60535E+09  7.87255E+07  5.63824E+07  1.25198E+09  5.45308E-01
 0.370  6.68667E+07  2.87351E+09  3.76866E+09  6.35268E+07  4.14004E+07  1.32880E+09  4.45379E-01
 0.380  6.39529E+07  2.67546E+09  3.54601E+09  6.07754E+07  3.20798E+07  1.21349E+09  3.82240E-01
 0.390  6.70497E+07  2.50870E+09  3.35154E+09  6.30703E+07  2.32297E+07  1.14032E+09  2.99605E-01
 0.400  9.87346E+07  2.73088E+09  3.63267E+09  9.43017E+07  1.66080E+08  1.15895E+09  1.35958E+00
 0.410  1.66867E+08  2.84449E+09  3.80375E+09  1.59506E+08  7.13214E+07  1.29671E+09  1.02043E+00
 0.420  3.46274E+08  3.19116E+09  4.23680E+09  3.38073E+08  2.40899E+08  1.36363E+09  3.06090E+00
 0.430  1.13978E+08  3.29217E+09  4.37482E+09  1.09346E+08  1.25187E+08  1.32431E+09  1.18944E+00
 0.440  6.68984E+07  3.28551E+09  4.39714E+09  6.34937E+07  5.51476E+07  1.27360E+09  5.12374E-01
 0.450  7.04271E+07  3.15251E+09  4.24397E+09  6.74952E+07  3.29086E+07  1.23785E+09  3.60424E-01
 0.460  1.42896E+08  3.26253E+09  4.40079E+09  1.37703E+08  6.02744E+07  1.28972E+09  8.20351E-01
 0.470  1.55052E+08  3.37144E+09  4.54044E+09  1.48516E+08  1.24717E+08  1.30910E+09  1.75175E+00
 0.480  1.42825E+08  3.23274E+09  4.37277E+09  1.38154E+08  4.80393E+07  1.20226E+09  5.53565E-01
 0.490  4.91244E+07  2.75858E+09  3.74418E+09  4.62081E+07  2.72698E+07  9.94833E+08  3.01635E-01
 0.500  8.74280E+07  3.20310E+09  4.35611E+09  8.30642E+07  4.60720E+07  1.23045E+09  6.28185E-01
 0.510  3.85862E+07  2.82014E+09  3.84413E+09  3.57241E+07  2.41625E+07  1.00946E+09  2.41654E-01
 0.520  1.77954E+08  2.98519E+09  4.06743E+09  1.71716E+08  5.74487E+07  1.09244E+09  7.20182E-01
 0.530  3.22979E+07  3.11521E+09  4.24894E+09  3.00089E+07  3.57760E+07  1.14698E+09  2.79967E-01
 0.540  7.74556E+07  2.89620E+09  3.95626E+09  7.37872E+07  3.83279E+07  1.07897E+09  4.49283E-01
 0.550  2.13478E+08  3.15805E+09  4.27085E+09  2.06479E+08  2.10838E+08  1.07115E+09  3.56357E+00
 0.560  2.01789E+08  3.60071E+09  4.83578E+09  1.95109E+08  2.32348E+08  1.12029E+09  2.61322E+00
