  43
 0.140   1.547  2.91734E-01  3.79278E-01  1.75712E-01
 0.150   1.799  2.19961E-01  1.46893E-01  4.54256E-01
 0.160   1.476  3.56261E-02  4.41881E-02  3.18360E-02
 0.170   1.842  2.85371E-01  3.33514E-01  2.06142E-01
 0.180   1.942  3.56495E-01  3.42578E-01  3.91568E-01
 0.190   2.349  9.52853E-02  1.23254E-01  6.15045E-02
 0.200   2.136  8.73408E-02  1.05745E-01  8.28348E-02
 0.210   2.654  2.58061E-01  3.07005E-01  1.70010E-01
 0.220   2.607  2.20197E-01  1.93862E-01  2.78107E-01
 0.230   3.753  1.58833E-01  1.67137E-01  1.30636E-01
 0.240   3.438  3.52323E-01  3.95897E-01  2.70180E-01
 0.250   4.937  4.27622E-01  4.28101E-01  4.27980E-01
 0.260   5.558  1.43166E-01  1.37479E-01  1.65686E-01
 0.270   5.813  3.63543E-01  4.22583E-01  3.11697E-01
 0.280   4.545  2.34274E+00  2.19196E+00  2.90619E+00
 0.290   4.417  9.98978E-01  9.61548E-01  1.11644E+00
 0.300   5.637  3.81419E+00  4.04626E+00  2.87196E+00
 0.310   6.365  8.24866E-01  6.88958E-01  1.30923E+00
 0.320   5.302  7.82440E+00  8.18038E+00  7.17815E+00
 0.330   8.121  1.50771E+01  1.39570E+01  1.70050E+01
 0.340   9.244  3.88416E+00  3.84502E+00  4.57049E+00
 0.350  10.409  5.08819E+00  5.26218E+00  4.86334E+00
 0.360   9.667  2.73257E+00  2.67114E+00  2.71305E+00
 0.370  11.764  1.56471E+00  1.61349E+00  1.66455E+00
 0.380  11.740  2.52353E+00  2.70657E+00  2.22897E+00
 0.390  10.668  9.10113E+00  9.73504E+00  7.45901E+00
 0.400  10.920  4.83914E+00  4.35166E+00  5.83025E+00
 0.410  10.719  6.43971E+00  6.55750E+00  5.98508E+00
 0.420  12.915  7.03642E+00  6.72038E+00  7.21675E+00
 0.430  12.802  4.21099E+00  4.24207E+00  4.15351E+00
 0.440  12.938  5.55368E+00  5.24823E+00  5.80417E+00
 0.450  12.733  3.12973E+00  3.14782E+00  3.15378E+00
 0.460  13.622  9.03731E+00  9.83379E+00  7.67521E+00
 0.470  12.390  6.35817E+00  6.30453E+00  6.38336E+00
 0.480  12.298  5.99323E+00  6.13576E+00  5.85162E+00
 0.490  12.026  7.95324E+00  7.20852E+00  8.79753E+00
 0.500  11.992  9.91845E+00  9.78303E+00  9.44198E+00
 0.510  10.623  7.03233E+00  6.83634E+00  7.10451E+00
 0.520   9.997  1.17050E+01  1.13492E+01  1.21909E+01
 0.530   9.533  7.62193E+00  7.77647E+00  7.18217E+00
 0.540  10.682  7.12762E+00  6.96331E+00  7.03761E+00
 0.550   8.093  8.72894E+00  8.94688E+00  7.89349E+00
 0.560   7.653  6.74018E+00  6.50082E+00  6.83362E+00
